barcode,is_cell,contig_id,high_confidence,length,chain,v_gene,d_gene,j_gene,c_gene,full_length,productive,cdr3,cdr3_nt,reads,umis,raw_clonotype_id,raw_consensus_id
AAACCTGAGCTAACTC-1,True,AAACCTGAGCTAACTC-1_contig_1,True,564,TRB,TRBV12-2+TRBV13-2,None,TRBJ1-5,TRBC1,True,True,CASGTGDNQAPLF,TGTGCCAGCGGTACAGGAGACAACCAGGCTCCGCTTTTT,4746,4,clonotype39,clonotype39_consensus_1
AAACCTGAGCTAACTC-1,True,AAACCTGAGCTAACTC-1_contig_2,True,432,TRB,None,None,TRBJ2-1,None,False,False,None,None,15720,8,clonotype39,None
AAACCTGCAGGATTGG-1,True,AAACCTGCAGGATTGG-1_contig_1,True,553,TRA,TRAV19,None,TRAJ39,TRAC,True,True,CAAGGNNAGAKLTF,TGCGCAGCAGGTGGGAATAATGCAGGTGCCAAGCTCACATTC,5420,4,clonotype1,clonotype1_consensus_2
AAACCTGCAGGATTGG-1,True,AAACCTGCAGGATTGG-1_contig_2,True,566,TRB,TRBV12-2+TRBV13-2,None,TRBJ1-2,TRBC1,True,True,CASGGGTGNSDYTF,TGTGCCAGCGGTGGGGGGACAGGGAACTCCGACTACACCTTC,8528,9,clonotype1,clonotype1_consensus_1
AAACCTGCAGGATTGG-1,True,AAACCTGCAGGATTGG-1_contig_3,True,533,TRA,TRAV7-5,None,TRAJ45,TRAC,True,False,CSDTEGADRLTF,TGCAGTGATACAGAAGGTGCAGATAGACTCACCTTT,2398,2,clonotype1,None
AAACCTGCAGGATTGG-1,True,AAACCTGCAGGATTGG-1_contig_4,True,353,TRB,None,None,TRBJ2-3,None,False,False,None,None,582,1,clonotype1,None
AAACCTGCAGGATTGG-1,True,AAACCTGCAGGATTGG-1_contig_5,True,623,TRB,None,None,TRBJ2-7,None,False,False,None,None,4754,4,clonotype1,None
AAACCTGGTCCCGACA-1,True,AAACCTGGTCCCGACA-1_contig_1,True,526,TRA,TRAV19,None,TRAJ39,TRAC,True,True,CAAGGNNAGAKLTF,TGCGCAGCAGGTGGGAATAATGCAGGTGCCAAGCTCACATTC,3074,2,clonotype1,clonotype1_consensus_2
AAACCTGGTCCCGACA-1,True,AAACCTGGTCCCGACA-1_contig_2,True,539,TRB,TRBV13-2,None,TRBJ1-2,TRBC1,True,True,CASGGGTGNSDYTF,TGTGCCAGCGGTGGGGGGACAGGGAACTCCGACTACACCTTC,7058,5,clonotype1,clonotype1_consensus_1
AAACCTGGTCCCGACA-1,True,AAACCTGGTCCCGACA-1_contig_3,True,507,TRA,TRAV7-5,None,TRAJ45,TRAC,True,False,CSDTEGADRLTF,TGCAGTGATACAGAAGGTGCAGATAGACTCACCTTT,2890,1,clonotype1,None
AAACCTGGTCTGCGGT-1,True,AAACCTGGTCTGCGGT-1_contig_1,True,549,TRB,TRBV16,None,TRBJ2-5,None,True,True,CASSLGGGQDTQYF,TGTGCAAGCAGCCTGGGGGGAGGCCAAGACACCCAGTACTTT,3078,2,clonotype210,clonotype210_consensus_2
AAACCTGGTCTGCGGT-1,True,AAACCTGGTCTGCGGT-1_contig_2,True,568,TRB,TRBV13-2,None,TRBJ2-7,None,True,True,CASGEGQNYEQYF,TGTGCCAGCGGTGAGGGACAGAATTATGAACAGTACTTC,2162,3,clonotype210,clonotype210_consensus_1
AAACCTGGTGACTACT-1,True,AAACCTGGTGACTACT-1_contig_1,True,573,TRA,TRAV19,None,TRAJ39,TRAC,True,True,CAAGGNNAGAKLTF,TGCGCAGCAGGTGGGAATAATGCAGGTGCCAAGCTCACATTC,21942,13,clonotype1,clonotype1_consensus_2
AAACCTGGTGACTACT-1,True,AAACCTGGTGACTACT-1_contig_2,True,579,TRB,TRBV12-2+TRBV13-2,None,TRBJ1-2,TRBC1,True,True,CASGGGTGNSDYTF,TGTGCCAGCGGTGGGGGGACAGGGAACTCCGACTACACCTTC,31238,29,clonotype1,clonotype1_consensus_1
AAACCTGGTGACTACT-1,True,AAACCTGGTGACTACT-1_contig_3,True,304,TRB,None,None,TRBJ2-5,None,False,False,None,None,7446,6,clonotype1,None
AAACCTGGTGACTACT-1,True,AAACCTGGTGACTACT-1_contig_4,True,520,TRA,TRAV7-5,None,TRAJ45,TRAC,True,False,CSDTEGADRLTF,TGCAGTGATACAGAAGGTGCAGATAGACTCACCTTT,368,1,clonotype1,None
AAACCTGGTGACTACT-1,True,AAACCTGGTGACTACT-1_contig_5,True,443,TRA,None,None,TRAJ37,TRAC,False,False,None,None,2674,2,clonotype1,None
AAACCTGTCGTGGGAA-1,True,AAACCTGTCGTGGGAA-1_contig_1,True,522,TRB,TRBV5,None,TRBJ2-2,None,True,True,CASRPGTGGAGQLYF,TGTGCCAGCAGGCCCGGGACTGGGGGGGCCGGGCAGCTCTACTTT,5470,5,clonotype211,clonotype211_consensus_1
AAACCTGTCGTGGGAA-1,True,AAACCTGTCGTGGGAA-1_contig_2,True,540,TRB,TRBV13-2,None,TRBJ2-1,None,True,False,CQRCPGQNYAEQFF,TGCCAGCGGTGTCCGGGACAAAACTATGCTGAGCAGTTCTTC,1300,2,clonotype211,None
AAACGGGAGAATTCCC-1,True,AAACGGGAGAATTCCC-1_contig_1,True,536,TRA,TRAV7D-2,None,TRAJ31,TRAC,True,True,CAASIEDSNNRIFF,TGTGCAGCAAGCATAGAGGATAGCAATAACAGAATCTTCTTT,15644,11,clonotype110,clonotype110_consensus_1
AAACGGGAGAATTCCC-1,True,AAACGGGAGAATTCCC-1_contig_2,True,509,TRB,TRBV13-1,None,TRBJ2-2,None,True,True,CASSDPGQLYF,TGTGCCAGCAGTGACCCCGGGCAGCTCTACTTT,49606,41,clonotype110,clonotype110_consensus_3
AAACGGGAGAATTCCC-1,True,AAACGGGAGAATTCCC-1_contig_3,True,579,TRA,TRAV16N,None,TRAJ22,TRAC,True,True,CAMREGDSSGSWQLIF,TGTGCTATGAGAGAGGGCGACTCTTCTGGCAGCTGGCAACTCATCTTT,9964,9,clonotype110,clonotype110_consensus_2
AAACGGGGTACAGTGG-1,True,AAACGGGGTACAGTGG-1_contig_1,True,579,TRB,TRBV12-2+TRBV13-2,None,TRBJ2-3,None,True,True,CASGDAPPGEGTLYF,TGTGCCAGCGGTGATGCACCTCCAGGGGAGGGAACGCTGTATTTT,15484,13,clonotype212,clonotype212_consensus_3
AAACGGGGTACAGTGG-1,True,AAACGGGGTACAGTGG-1_contig_2,True,588,TRA,TRAV7-4,None,TRAJ26,TRAC,True,True,CAASDYAQGLTF,TGTGCAGCTAGTGACTATGCCCAGGGATTAACCTTC,5028,4,clonotype212,clonotype212_consensus_1
AAACGGGGTACAGTGG-1,True,AAACGGGGTACAGTGG-1_contig_3,True,502,TRA,TRAV13-2,None,TRAJ43,TRAC,True,True,CATLNNNNAPRF,TGTGCTACTCTCAATAACAACAATGCCCCACGATTT,5116,5,clonotype212,clonotype212_consensus_2
AAACGGGGTTCCATGA-1,True,AAACGGGGTTCCATGA-1_contig_1,True,562,TRA,TRAV6-6,None,TRAJ24,TRAC,True,True,CAPLTTASLGKLQF,TGTGCTCCGTTGACAACTGCCAGTTTGGGGAAACTGCAGTTT,4546,5,clonotype2,clonotype2_consensus_2
AAACGGGGTTCCATGA-1,True,AAACGGGGTTCCATGA-1_contig_2,True,505,TRB,TRBV13-1,None,TRBJ2-4,None,True,True,CASSEGTNTLYF,TGTGCCAGCAGTGAAGGAACAAACACCTTGTACTTT,13020,10,clonotype2,clonotype2_consensus_1
AAACGGGGTTCCATGA-1,True,AAACGGGGTTCCATGA-1_contig_3,True,597,TRA,TRAV10D,None,TRAJ30,None,True,False,None,None,810,1,clonotype2,None
AAACGGGTCCACGAAT-1,True,AAACGGGTCCACGAAT-1_contig_1,True,512,TRB,TRBV13-1,None,TRBJ2-4,None,True,True,CASSEGTNTLYF,TGTGCCAGCAGTGAAGGAACAAACACCTTGTACTTT,4682,5,clonotype6,clonotype6_consensus_1
AAAGATGAGTCGTACT-1,True,AAAGATGAGTCGTACT-1_contig_1,True,537,TRA,TRAV3-3,None,TRAJ49,TRAC,True,True,CAVSGSTGYQNFYF,TGCGCAGTCAGTGGGAGCACGGGTTACCAGAACTTCTATTTT,14422,10,clonotype5,clonotype5_consensus_1
AAAGATGAGTCGTACT-1,True,AAAGATGAGTCGTACT-1_contig_2,True,560,TRB,TRBV12-2+TRBV13-2,None,TRBJ2-7,None,True,True,CASGVQGWEQYF,TGTGCCAGCGGTGTACAGGGGTGGGAACAGTACTTC,5066,4,clonotype5,clonotype5_consensus_2
AAAGATGAGTCGTACT-1,True,AAAGATGAGTCGTACT-1_contig_3,True,452,TRA,TRAV6D-5,None,TRAJ38,None,True,False,CTTVFWDNVGDNSKLIW,TGTACTACTGTGTTCTGGGATAATGTTGGTGACAACAGTAAGCTGATTTGG,1186,1,clonotype5,None
AAAGATGAGTCGTACT-1,True,AAAGATGAGTCGTACT-1_contig_4,True,313,TRB,None,None,TRBJ1-2,TRBC1,False,False,None,None,5914,3,clonotype5,None
AAAGATGGTGTGGCTC-1,True,AAAGATGGTGTGGCTC-1_contig_1,True,617,TRA,TRAV12D-3,None,TRAJ5,TRAC,True,True,CALGTQVVGQLTF,TGTGCTCTGGGGACACAGGTTGTGGGGCAGCTCACTTTC,2322,2,clonotype213,clonotype213_consensus_1
AAAGATGGTGTGGCTC-1,True,AAAGATGGTGTGGCTC-1_contig_2,True,565,TRB,TRBV12-2+TRBV13-2,None,TRBJ2-5,None,True,True,CASGAGMEDTQYF,TGTGCCAGCGGTGCAGGGATGGAAGACACCCAGTACTTT,7556,6,clonotype213,clonotype213_consensus_2
AAAGATGGTTACGCGC-1,True,AAAGATGGTTACGCGC-1_contig_1,True,558,TRA,TRAV19,None,TRAJ39,TRAC,True,True,CAAGGNNAGAKLTF,TGCGCAGCAGGTGGGAATAATGCAGGTGCCAAGCTCACATTC,6706,5,clonotype1,clonotype1_consensus_2
AAAGATGGTTACGCGC-1,True,AAAGATGGTTACGCGC-1_contig_2,True,570,TRB,TRBV12-2+TRBV13-2,None,TRBJ1-2,TRBC1,True,True,CASGGGTGNSDYTF,TGTGCCAGCGGTGGGGGGACAGGGAACTCCGACTACACCTTC,12116,12,clonotype1,clonotype1_consensus_1
AAAGATGGTTACGCGC-1,True,AAAGATGGTTACGCGC-1_contig_3,True,507,TRA,TRAV7-5,None,TRAJ45,TRAC,True,False,CSDTEGADRLTF,TGCAGTGATACAGAAGGTGCAGATAGACTCACCTTT,1736,1,clonotype1,None
AAAGATGGTTATCACG-1,True,AAAGATGGTTATCACG-1_contig_1,True,561,TRA,TRAV4-3,None,TRAJ42,TRAC,True,True,CAADNSGGSNAKLTF,TGTGCTGCTGATAATTCTGGAGGAAGCAATGCAAAGCTAACCTTC,2348,1,clonotype87,clonotype87_consensus_2
AAAGATGGTTATCACG-1,True,AAAGATGGTTATCACG-1_contig_2,True,505,TRB,TRBV13-1,None,TRBJ2-1,None,True,True,CASGGAYAEQFF,TGTGCCAGCGGGGGGGCGTATGCTGAGCAGTTCTTC,3332,2,clonotype87,clonotype87_consensus_1
AAAGATGTCTACTTAC-1,True,AAAGATGTCTACTTAC-1_contig_1,True,549,TRB,TRBV16,None,TRBJ2-5,None,True,True,CASSLGGYQDTQYF,TGTGCAAGCAGCTTAGGGGGCTACCAAGACACCCAGTACTTT,2354,4,clonotype35,clonotype35_consensus_3
AAAGATGTCTACTTAC-1,True,AAAGATGTCTACTTAC-1_contig_2,True,555,TRA,TRAV4-3,None,TRAJ27,TRAC,True,True,CAAANTNTGKLTF,TGTGCTGCTGCTAACACCAATACAGGCAAATTAACCTTT,1088,2,clonotype35,clonotype35_consensus_2
AAAGATGTCTACTTAC-1,True,AAAGATGTCTACTTAC-1_contig_3,True,568,TRA,TRAV12-1,None,TRAJ48,TRAC,True,True,CALSDAGDYGNEKITF,TGTGCTCTGAGTGATGCAGGAGACTATGGAAATGAGAAAATAACTTTT,8210,5,clonotype35,clonotype35_consensus_1
AAAGCAAGTCGAGATG-1,True,AAAGCAAGTCGAGATG-1_contig_1,True,512,TRB,TRBV13-1,None,TRBJ2-4,None,True,True,CASSEGTNTLYF,TGTGCCAGCAGTGAAGGAACAAACACCTTGTACTTT,26208,20,clonotype9,clonotype9_consensus_1
AAAGCAAGTCGAGATG-1,True,AAAGCAAGTCGAGATG-1_contig_2,True,671,TRA,TRAV9D-2,None,TRAJ26,TRAC,True,True,CVLSRGNNYAQGLTF,TGTGTTCTGAGCAGGGGCAATAACTATGCCCAGGGATTAACCTTC,14618,7,clonotype9,clonotype9_consensus_2
AAAGCAAGTTCGCTAA-1,True,AAAGCAAGTTCGCTAA-1_contig_1,True,558,TRA,TRAV19,None,TRAJ39,TRAC,True,True,CAAGGNNAGAKLTF,TGCGCAGCAGGTGGGAATAATGCAGGTGCCAAGCTCACATTC,1310,1,clonotype1,clonotype1_consensus_2
AAAGCAAGTTCGCTAA-1,True,AAAGCAAGTTCGCTAA-1_contig_2,True,592,TRB,TRBV12-2+TRBV13-2,None,TRBJ1-2,TRBC1,True,True,CASGGGTGNSDYTF,TGTGCCAGCGGTGGGGGGACAGGGAACTCCGACTACACCTTC,14194,11,clonotype1,clonotype1_consensus_1
AAAGCAAGTTCGCTAA-1,True,AAAGCAAGTTCGCTAA-1_contig_3,True,519,TRA,TRAV7-5,None,TRAJ45,TRAC,True,False,CSDTEGADRLTF,TGCAGTGATACAGAAGGTGCAGATAGACTCACCTTT,2522,1,clonotype1,None
AAAGCAATCTACCAGA-1,True,AAAGCAATCTACCAGA-1_contig_1,True,522,TRB,TRBV31,None,TRBJ2-2,None,True,True,CAWSLGRGRDTGQLYF,TGTGCCTGGAGTCTAGGCAGGGGGAGGGACACCGGGCAGCTCTACTTT,11466,7,clonotype214,clonotype214_consensus_1
AAAGCAATCTACCAGA-1,True,AAAGCAATCTACCAGA-1_contig_2,True,524,TRA,TRAV6N-7,None,TRAJ22,TRAC,True,True,CALGEGSWQLIF,TGTGCTCTGGGTGAAGGCAGCTGGCAACTCATCTTT,22424,14,clonotype214,clonotype214_consensus_2
AAAGCAATCTACCAGA-1,True,AAAGCAATCTACCAGA-1_contig_3,True,428,TRB,None,None,TRBJ2-7,None,False,False,None,None,590,2,clonotype214,None
AAAGCAATCTACCAGA-1,True,AAAGCAATCTACCAGA-1_contig_4,True,577,TRA,TRAV5-1,None,TRAJ9,TRAC,True,False,None,None,1490,1,clonotype214,None
AAAGCAATCTCTAAGG-1,True,AAAGCAATCTCTAAGG-1_contig_1,True,549,TRA,TRAV6-6,None,TRAJ24,TRAC,True,True,CAPLTTASLGKLQF,TGTGCTCCGTTGACAACTGCCAGTTTGGGGAAACTGCAGTTT,5980,3,clonotype2,clonotype2_consensus_2
AAAGCAATCTCTAAGG-1,True,AAAGCAATCTCTAAGG-1_contig_2,True,505,TRB,TRBV13-1,None,TRBJ2-4,None,True,True,CASSEGTNTLYF,TGTGCCAGCAGTGAAGGAACAAACACCTTGTACTTT,35762,28,clonotype2,clonotype2_consensus_1
AAAGCAATCTCTAAGG-1,True,AAAGCAATCTCTAAGG-1_contig_3,True,434,TRA,TRAV9D-2,None,TRAJ26,TRAC,True,False,CVLSRGNNYAQGLTF,TGTGTTCTGAGCAGGGGCAATAACTATGCCCAGGGATTAACCTTC,9368,4,clonotype2,None
AAAGTAGCACGCGAAA-1,True,AAAGTAGCACGCGAAA-1_contig_1,True,587,TRB,TRBV12-2+TRBV13-2,None,TRBJ1-2,TRBC1,True,True,CASGGGTGNSDYTF,TGTGCCAGCGGTGGGGGGACAGGGAACTCCGACTACACCTTC,6852,7,clonotype7,clonotype7_consensus_1
AAAGTAGCACGCGAAA-1,True,AAAGTAGCACGCGAAA-1_contig_2,True,536,TRA,TRAV13D-4,None,TRAJ6,TRAC,True,False,None,None,3630,4,clonotype7,None
AAAGTAGGTTATTCTC-1,True,AAAGTAGGTTATTCTC-1_contig_1,True,502,TRB,TRBV13-1,None,TRBJ2-2,None,True,True,CASSDPGQLYF,TGTGCCAGCAGTGACCCCGGGCAGCTCTACTTT,5658,4,clonotype215,clonotype215_consensus_1
AAAGTAGGTTATTCTC-1,True,AAAGTAGGTTATTCTC-1_contig_2,True,481,TRB,TRBV12-1,None,TRBJ2-3,None,True,False,CTSVPALSDNSAETLYF,TGTACTTCTGTGCCAGCTCTCTCCGACAATAGTGCAGAAACGCTGTATTTT,1558,1,clonotype215,None
AAAGTAGGTTATTCTC-1,True,AAAGTAGGTTATTCTC-1_contig_3,True,341,TRB,TRBV31,None,TRBJ2-5,None,True,False,None,None,2546,1,clonotype215,None
AAAGTAGTCAAAGTAG-1,True,AAAGTAGTCAAAGTAG-1_contig_1,True,512,TRB,TRBV13-1,None,TRBJ2-4,None,True,True,CASSEGTNTLYF,TGTGCCAGCAGTGAAGGAACAAACACCTTGTACTTT,18068,15,clonotype6,clonotype6_consensus_1
AAAGTAGTCAAAGTAG-1,True,AAAGTAGTCAAAGTAG-1_contig_2,True,404,TRA,TRAV9D-2,None,TRAJ26,TRAC,True,False,CVLSRGNNYAQGLTF,TGTGTTCTGAGCAGGGGCAATAACTATGCCCAGGGATTAACCTTC,6294,4,clonotype6,None
AAATGCCAGAATTGTG-1,True,AAATGCCAGAATTGTG-1_contig_1,True,549,TRB,TRBV16,None,TRBJ2-5,None,True,True,CASSFGGGEDTQYF,TGTGCAAGCAGCTTTGGGGGGGGGGAAGACACCCAGTACTTT,10938,12,clonotype74,clonotype74_consensus_1
AAATGCCAGTAGCGGT-1,True,AAATGCCAGTAGCGGT-1_contig_1,True,549,TRB,TRBV16,None,TRBJ2-5,None,True,True,CASSLGGGQDTQYF,TGTGCAAGCAGCTTAGGGGGGGGCCAAGACACCCAGTACTTT,6292,4,clonotype15,clonotype15_consensus_1
AAATGCCAGTAGCGGT-1,True,AAATGCCAGTAGCGGT-1_contig_2,True,593,TRA,TRAV4D-3,None,TRAJ27,TRAC,True,True,CAADGPNTGKLTF,TGTGCTGCGGACGGACCCAATACAGGCAAATTAACCTTT,7854,5,clonotype15,clonotype15_consensus_2
AAATGCCCATCGGACC-1,True,AAATGCCCATCGGACC-1_contig_1,True,573,TRA,TRAV19,None,TRAJ39,TRAC,True,True,CAAGGNNAGAKLTF,TGCGCAGCAGGTGGGAATAATGCAGGTGCCAAGCTCACATTC,924,2,clonotype19,clonotype19_consensus_1
AAATGCCCATCGGACC-1,True,AAATGCCCATCGGACC-1_contig_2,True,390,TRB,None,None,TRBJ2-3,None,False,False,None,None,2248,1,clonotype19,None
AAATGCCGTAGCGTCC-1,True,AAATGCCGTAGCGTCC-1_contig_1,True,541,TRA,TRAV8D-1,None,TRAJ30,TRAC,True,True,CATDTNAYKVIF,TGTGCTACTGACACAAATGCTTACAAAGTCATCTTT,322,2,clonotype31,clonotype31_consensus_1
AAATGCCGTAGCGTCC-1,True,AAATGCCGTAGCGTCC-1_contig_2,True,557,TRB,TRBV12-2+TRBV13-2,None,TRBJ1-5,TRBC1,True,True,CASGTGDNQAPLF,TGTGCCAGCGGTACAGGAGACAACCAGGCTCCGCTTTTT,4160,4,clonotype31,clonotype31_consensus_2
AAATGCCGTAGCGTCC-1,True,AAATGCCGTAGCGTCC-1_contig_3,True,368,TRB,None,None,TRBJ1-3,TRBC1,False,False,None,None,2354,1,clonotype31,None
AAATGCCGTAGCGTCC-1,True,AAATGCCGTAGCGTCC-1_contig_4,True,495,TRA,TRAV6N-7,None,TRAJ48,TRAC,True,False,CTTVLWVINYGNEKITF,TGTACTACTGTGCTCTGGGTGATCAACTATGGAAATGAGAAAATAACTTTT,1704,1,clonotype31,None
AAATGCCGTAGCGTCC-1,True,AAATGCCGTAGCGTCC-1_contig_5,True,429,TRB,None,None,TRBJ2-1,None,False,False,None,None,6726,4,clonotype31,None
AAATGCCTCAAAGTAG-1,True,AAATGCCTCAAAGTAG-1_contig_1,True,522,TRA,TRAV6-6,None,TRAJ24,TRAC,True,True,CAPLTTASLGKLQF,TGTGCTCCGTTGACAACTGCCAGTTTGGGGAAACTGCAGTTT,7900,7,clonotype2,clonotype2_consensus_2
AAATGCCTCAAAGTAG-1,True,AAATGCCTCAAAGTAG-1_contig_2,True,512,TRB,TRBV13-1,None,TRBJ2-4,None,True,True,CASSEGTNTLYF,TGTGCCAGCAGTGAAGGAACAAACACCTTGTACTTT,2572,2,clonotype2,clonotype2_consensus_1
AAATGCCTCAAAGTAG-1,True,AAATGCCTCAAAGTAG-1_contig_3,True,483,TRB,None,None,TRBJ2-7,None,False,False,None,None,3736,2,clonotype2,None
AAATGCCTCAAAGTAG-1,True,AAATGCCTCAAAGTAG-1_contig_4,True,375,TRA,TRAV9D-2,None,TRAJ26,TRAC,True,False,CVLSRGNNYAQGLTF,TGTGTTCTGAGCAGGGGCAATAACTATGCCCAGGGATTAACCTTC,1630,2,clonotype2,None
AAATGCCTCGCATGAT-1,True,AAATGCCTCGCATGAT-1_contig_1,True,521,TRA,TRAV8-1,None,TRAJ30,TRAC,True,True,CASDTNAYKVIF,TGTGCTTCTGACACAAATGCTTACAAAGTCATCTTT,5150,2,clonotype23,clonotype23_consensus_2
AAATGCCTCGCATGAT-1,True,AAATGCCTCGCATGAT-1_contig_2,True,558,TRB,TRBV12-2+TRBV13-2,None,TRBJ1-5,TRBC1,True,True,CASGTGDNQAPLF,TGTGCCAGCGGGACAGGGGACAACCAGGCTCCGCTTTTT,1816,2,clonotype23,clonotype23_consensus_1
AAATGCCTCGCATGAT-1,True,AAATGCCTCGCATGAT-1_contig_3,True,382,TRB,None,None,TRBJ2-1,None,False,False,None,None,3770,3,clonotype23,None
AAATGCCTCGTCTGCT-1,True,AAATGCCTCGTCTGCT-1_contig_1,True,555,TRA,TRAV3-3,None,TRAJ49,TRAC,True,True,CAVSGSTGYQNFYF,TGCGCAGTCAGTGGGAGCACGGGTTACCAGAACTTCTATTTT,3668,2,clonotype5,clonotype5_consensus_1
AAATGCCTCGTCTGCT-1,True,AAATGCCTCGTCTGCT-1_contig_2,True,562,TRB,TRBV12-2+TRBV13-2,None,TRBJ2-7,None,True,True,CASGVQGWEQYF,TGTGCCAGCGGTGTACAGGGGTGGGAACAGTACTTC,7756,8,clonotype5,clonotype5_consensus_2
AAATGCCTCGTCTGCT-1,True,AAATGCCTCGTCTGCT-1_contig_3,True,304,TRB,None,None,TRBJ2-5,None,False,False,None,None,3822,2,clonotype5,None
AACACGTAGAATCTCC-1,True,AACACGTAGAATCTCC-1_contig_1,True,558,TRA,TRAV19,None,TRAJ39,TRAC,True,True,CAAGGNNAGAKLTF,TGCGCAGCAGGTGGGAATAATGCAGGTGCCAAGCTCACATTC,12860,11,clonotype1,clonotype1_consensus_2
AACACGTAGAATCTCC-1,True,AACACGTAGAATCTCC-1_contig_2,True,583,TRB,TRBV12-2+TRBV13-2,None,TRBJ1-2,TRBC1,True,True,CASGGGTGNSDYTF,TGTGCCAGCGGTGGGGGGACAGGGAACTCCGACTACACCTTC,38728,43,clonotype1,clonotype1_consensus_1
AACACGTAGAATCTCC-1,True,AACACGTAGAATCTCC-1_contig_3,True,353,TRB,None,None,TRBJ2-1,None,False,False,None,None,9466,14,clonotype1,None
AACACGTAGAATCTCC-1,True,AACACGTAGAATCTCC-1_contig_4,True,459,TRB,None,None,TRBJ2-7,None,False,False,None,None,10610,10,clonotype1,None
AACACGTAGAATCTCC-1,True,AACACGTAGAATCTCC-1_contig_5,True,402,TRA,TRAV7-5,None,TRAJ45,TRAC,True,False,CSDTEGADRLTF,TGCAGTGATACAGAAGGTGCAGATAGACTCACCTTT,1612,1,clonotype1,None
AACACGTCAGTATAAG-1,True,AACACGTCAGTATAAG-1_contig_1,True,565,TRB,TRBV12-2+TRBV13-2,None,TRBJ1-5,TRBC1,True,True,CASGTGDNQAPLF,TGTGCCAGCGGTACAGGGGACAACCAGGCTCCGCTTTTT,11616,11,clonotype88,clonotype88_consensus_1
AACACGTCAGTATAAG-1,True,AACACGTCAGTATAAG-1_contig_2,True,567,TRA,TRAV3-3,None,TRAJ37,TRAC,True,False,None,None,1392,2,clonotype88,None
AACCATGAGGCCCTTG-1,True,AACCATGAGGCCCTTG-1_contig_1,True,568,TRB,TRBV12-2+TRBV13-2,None,TRBJ1-2,TRBC1,True,True,CASGGGTGNSDYTF,TGTGCCAGCGGTGGGGGGACAGGGAACTCCGACTACACCTTC,5036,4,clonotype7,clonotype7_consensus_1
AACCATGCAAGCCTAT-1,True,AACCATGCAAGCCTAT-1_contig_1,True,549,TRB,TRBV16,None,TRBJ2-5,None,True,True,CASSFGGGEDTQYF,TGTGCAAGCAGCTTTGGGGGGGGGGAAGACACCCAGTACTTT,14184,14,clonotype40,clonotype40_consensus_2
AACCATGCAAGCCTAT-1,True,AACCATGCAAGCCTAT-1_contig_2,True,558,TRA,TRAV16,None,TRAJ49,TRAC,True,True,CAMRESNTGYQNFYF,TGTGCTATGAGAGAGTCGAACACGGGTTACCAGAACTTCTATTTT,3624,2,clonotype40,clonotype40_consensus_1
AACCATGCAAGCCTAT-1,True,AACCATGCAAGCCTAT-1_contig_3,True,302,TRB,None,None,TRBJ2-2,None,False,False,None,None,6784,5,clonotype40,None
AACCATGCAAGCCTAT-1,True,AACCATGCAAGCCTAT-1_contig_4,True,519,TRA,TRAV7D-3,None,TRAJ52,TRAC,True,False,CSGTGANTGKLTF,TGCAGTGGTACTGGAGCTAACACTGGAAAGCTCACGTTT,5884,3,clonotype40,None
AACCATGCAGCCTGTG-1,True,AACCATGCAGCCTGTG-1_contig_1,True,518,TRA,TRAV6-6,None,TRAJ24,TRAC,True,True,CAPLTTASLGKLQF,TGTGCTCCGTTGACAACTGCCAGTTTGGGGAAACTGCAGTTT,11700,8,clonotype3,clonotype3_consensus_2
AACCATGCAGCCTGTG-1,True,AACCATGCAGCCTGTG-1_contig_2,True,505,TRB,TRBV13-1,None,TRBJ2-4,None,True,True,CASSEGTNTLYF,TGTGCCAGCAGTGAAGGAACAAACACCTTGTACTTT,12288,9,clonotype3,clonotype3_consensus_1
AACCATGCAGCCTGTG-1,True,AACCATGCAGCCTGTG-1_contig_3,True,736,TRA,TRAV9D-2,None,TRAJ26,TRAC,True,True,CVLSRGNNYAQGLTF,TGTGTTCTGAGCAGGGGCAATAACTATGCCCAGGGATTAACCTTC,15442,10,clonotype3,clonotype3_consensus_3
AACCATGCAGCCTGTG-1,True,AACCATGCAGCCTGTG-1_contig_4,True,573,TRB,TRBV12-2+TRBV13-2,None,TRBJ2-5,None,True,False,CASGDW,TGTGCCAGCGGTGACTGG,1840,2,clonotype3,None
AACCATGGTCGCGTGT-1,True,AACCATGGTCGCGTGT-1_contig_1,True,558,TRA,TRAV19,None,TRAJ39,TRAC,True,True,CAAGGNNAGAKLTF,TGCGCAGCAGGTGGGAATAATGCAGGTGCCAAGCTCACATTC,5002,3,clonotype1,clonotype1_consensus_2
AACCATGGTCGCGTGT-1,True,AACCATGGTCGCGTGT-1_contig_2,True,567,TRB,TRBV12-2+TRBV13-2,None,TRBJ1-2,TRBC1,True,True,CASGGGTGNSDYTF,TGTGCCAGCGGTGGGGGGACAGGGAACTCCGACTACACCTTC,7656,5,clonotype1,clonotype1_consensus_1
AACCATGGTCGCGTGT-1,True,AACCATGGTCGCGTGT-1_contig_3,True,314,TRB,None,None,TRBJ2-7,None,False,False,None,None,2676,1,clonotype1,None
AACCATGGTTGATTGC-1,True,AACCATGGTTGATTGC-1_contig_1,True,555,TRA,TRAV3-3,None,TRAJ49,TRAC,True,True,CAVSGATGYQNFYF,TGCGCAGTCAGTGGGGCCACGGGTTACCAGAACTTCTATTTT,3818,3,clonotype10,clonotype10_consensus_3
AACCATGGTTGATTGC-1,True,AACCATGGTTGATTGC-1_contig_2,True,507,TRA,TRAV21-DV12,None,TRAJ42,TRAC,True,True,CILRVHGGSNAKLTF,TGTATCCTGAGAGTCCATGGAGGAAGCAATGCAAAGCTAACCTTC,6854,4,clonotype10,clonotype10_consensus_1
AACCATGGTTGATTGC-1,True,AACCATGGTTGATTGC-1_contig_3,True,586,TRB,TRBV12-2+TRBV13-2,None,TRBJ2-7,None,True,True,CASGVQGEQYF,TGTGCCAGCGGTGTTCAGGGAGAACAGTACTTC,13554,15,clonotype10,clonotype10_consensus_2
AACCATGTCAACACAC-1,True,AACCATGTCAACACAC-1_contig_1,True,651,TRA,TRAV14N-3,None,TRAJ6,TRAC,True,True,CAARTSGGNYKPTF,TGTGCAGCAAGAACCTCAGGAGGAAACTACAAACCTACGTTT,11562,7,clonotype4,clonotype4_consensus_2
AACCATGTCAACACAC-1,True,AACCATGTCAACACAC-1_contig_2,True,549,TRA,TRAV8N-2,None,TRAJ13,TRAC,True,True,CATEDSGTYQRF,TGTGCTACTGAGGATTCTGGGACTTACCAGAGGTTT,23484,13,clonotype4,clonotype4_consensus_1
AACCATGTCAACACAC-1,True,AACCATGTCAACACAC-1_contig_3,True,600,TRB,TRBV12-2+TRBV13-2,None,TRBJ2-7,None,True,True,CASGTGGDYEQYF,TGTGCCAGCGGGACTGGGGGGGACTATGAACAGTACTTC,24128,39,clonotype4,clonotype4_consensus_3
AACCATGTCCATGAGT-1,True,AACCATGTCCATGAGT-1_contig_1,True,718,TRB,TRBV19,None,TRBJ2-3,None,True,True,CASSIQSSAETLYF,TGTGCCAGCAGTATCCAGTCTAGTGCAGAAACGCTGTATTTT,11470,8,clonotype216,clonotype216_consensus_1
AACCATGTCCATGAGT-1,True,AACCATGTCCATGAGT-1_contig_2,True,666,TRA,TRAV9-2,None,TRAJ57,TRAC,True,True,CVLSEAQGGSAKLIF,TGTGTTTTGAGCGAGGCTCAAGGAGGGTCTGCGAAGCTCATCTTT,4076,5,clonotype216,clonotype216_consensus_2
AACCATGTCCTACAGA-1,True,AACCATGTCCTACAGA-1_contig_1,True,558,TRA,TRAV19,None,TRAJ39,TRAC,True,True,CAAGGNNAGAKLTF,TGCGCAGCAGGTGGGAATAATGCAGGTGCCAAGCTCACATTC,5098,3,clonotype1,clonotype1_consensus_2
AACCATGTCCTACAGA-1,True,AACCATGTCCTACAGA-1_contig_2,True,569,TRB,TRBV12-2+TRBV13-2,None,TRBJ1-2,TRBC1,True,True,CASGGGTGNSDYTF,TGTGCCAGCGGTGGGGGGACAGGGAACTCCGACTACACCTTC,4720,4,clonotype1,clonotype1_consensus_1
AACCGCGAGCAGATCG-1,True,AACCGCGAGCAGATCG-1_contig_1,True,549,TRB,TRBV16,None,TRBJ2-5,None,True,True,CASSLGGGQDTQYF,TGTGCAAGCAGCTTAGGGGGGGGGCAAGACACCCAGTACTTT,2978,5,clonotype11,clonotype11_consensus_2
AACCGCGAGCAGATCG-1,True,AACCGCGAGCAGATCG-1_contig_2,True,561,TRA,TRAV4D-3,None,TRAJ27,TRAC,True,True,CAADGPNTGKLTF,TGTGCTGCTGACGGGCCCAATACAGGCAAATTAACCTTT,3274,2,clonotype11,clonotype11_consensus_1
AACCGCGAGCTAGTTC-1,True,AACCGCGAGCTAGTTC-1_contig_1,True,522,TRA,TRAV6-6,None,TRAJ24,TRAC,True,True,CAPLTTASLGKLQF,TGTGCTCCGTTGACAACTGCCAGTTTGGGGAAACTGCAGTTT,13558,9,clonotype3,clonotype3_consensus_2
AACCGCGAGCTAGTTC-1,True,AACCGCGAGCTAGTTC-1_contig_2,True,505,TRB,TRBV13-1,None,TRBJ2-4,None,True,True,CASSEGTNTLYF,TGTGCCAGCAGTGAAGGAACAAACACCTTGTACTTT,9720,8,clonotype3,clonotype3_consensus_1
AACCGCGAGCTAGTTC-1,True,AACCGCGAGCTAGTTC-1_contig_3,True,705,TRA,TRAV9D-2,None,TRAJ26,TRAC,True,True,CVLSRGNNYAQGLTF,TGTGTTCTGAGCAGGGGCAATAACTATGCCCAGGGATTAACCTTC,6904,5,clonotype3,clonotype3_consensus_3
AACCGCGAGCTAGTTC-1,True,AACCGCGAGCTAGTTC-1_contig_4,True,427,TRA,None,None,TRAJ15,TRAC,False,False,None,None,2466,1,clonotype3,None
AACCGCGAGGATATAC-1,True,AACCGCGAGGATATAC-1_contig_1,True,549,TRB,TRBV16,None,TRBJ2-5,None,True,True,CASSLGGPQDTQYF,TGTGCAAGCAGCTTAGGGGGTCCCCAAGACACCCAGTACTTT,2400,4,clonotype111,clonotype111_consensus_1
AACCGCGAGGATATAC-1,True,AACCGCGAGGATATAC-1_contig_2,True,695,TRA,TRAV9-2,None,TRAJ30,TRAC,True,True,CVLDDTNAYKVIF,TGTGTTTTGGATGACACAAATGCTTACAAAGTCATCTTT,1030,1,clonotype111,clonotype111_consensus_2
AACCGCGAGGATATAC-1,True,AACCGCGAGGATATAC-1_contig_3,True,562,TRA,TRAV4D-4,None,TRAJ15,TRAC,True,False,None,None,1396,1,clonotype111,None
AACCGCGAGGATATAC-1,True,AACCGCGAGGATATAC-1_contig_4,True,714,TRB,None,None,TRBJ1-1,TRBC1,False,False,None,None,3132,2,clonotype111,None
AACCGCGCAGTGACAG-1,True,AACCGCGCAGTGACAG-1_contig_1,True,596,TRB,TRBV12-2+TRBV13-2,None,TRBJ2-1,None,True,True,CASGAGAEQFF,TGTGCCAGCGGGGCGGGGGCTGAGCAGTTCTTC,10570,8,clonotype217,clonotype217_consensus_1
AACCGCGCAGTGACAG-1,True,AACCGCGCAGTGACAG-1_contig_2,True,721,TRA,TRAV9N-4,None,TRAJ15,TRAC,True,True,CVLDYQGGRALIF,TGTGTTCTGGACTACCAGGGAGGCAGAGCTCTGATATTT,2332,2,clonotype217,clonotype217_consensus_2
AACCGCGCAGTGAGTG-1,True,AACCGCGCAGTGAGTG-1_contig_1,True,558,TRA,TRAV19,None,TRAJ39,TRAC,True,True,CAAGGNNAGAKLTF,TGCGCAGCAGGTGGGAATAATGCAGGTGCCAAGCTCACATTC,9330,6,clonotype19,clonotype19_consensus_1
AACCGCGGTACAGACG-1,True,AACCGCGGTACAGACG-1_contig_1,True,584,TRB,TRBV26,None,TRBJ1-1,TRBC1,True,True,CASSRGNTEVFF,TGTGCCAGCAGCCGCGGAAACACAGAAGTCTTCTTT,7248,5,clonotype27,clonotype27_consensus_2
AACCGCGGTACAGACG-1,True,AACCGCGGTACAGACG-1_contig_2,True,599,TRA,TRAV3-4,None,TRAJ49,TRAC,True,True,CAVRGGYQNFYF,TGCGCAGTCAGGGGGGGTTACCAGAACTTCTATTTT,6096,5,clonotype27,clonotype27_consensus_1
AACCGCGGTACAGACG-1,True,AACCGCGGTACAGACG-1_contig_3,True,580,TRA,TRAV12-3,None,TRAJ40,TRAC,True,False,CPVLLCSECHVNTGNYKYVF,TGCCCTGTACTACTGTGCTCTGAGTGTCACGTTAATACAGGAAACTACAAATACGTCTTT,2428,1,clonotype27,None
AACCGCGGTCTGGTCG-1,True,AACCGCGGTCTGGTCG-1_contig_1,True,549,TRB,TRBV16,None,TRBJ2-5,None,True,True,CASSLGGGQDTQYF,TGTGCAAGCAGCTTAGGGGGGGGCCAAGACACCCAGTACTTT,1708,3,clonotype15,clonotype15_consensus_1
AACCGCGGTCTGGTCG-1,True,AACCGCGGTCTGGTCG-1_contig_2,True,562,TRA,TRAV4D-3,None,TRAJ27,TRAC,True,True,CAADGPNTGKLTF,TGTGCTGCGGACGGACCCAATACAGGCAAATTAACCTTT,6014,6,clonotype15,clonotype15_consensus_2
AACCGCGTCCGAGCCA-1,True,AACCGCGTCCGAGCCA-1_contig_1,True,578,TRA,TRAV8-1,None,TRAJ30,TRAC,True,True,CATDTNAYKVIF,TGTGCTACTGACACAAATGCTTACAAAGTCATCTTT,6964,4,clonotype112,clonotype112_consensus_1
AACCGCGTCCGAGCCA-1,True,AACCGCGTCCGAGCCA-1_contig_2,True,597,TRB,TRBV12-2+TRBV13-2,None,TRBJ1-5,TRBC1,True,True,CASGTGDNQAPLF,TGTGCCAGCGGAACAGGGGACAACCAGGCTCCGCTTTTT,15872,16,clonotype112,clonotype112_consensus_2
AACCGCGTCCGAGCCA-1,True,AACCGCGTCCGAGCCA-1_contig_3,True,646,TRB,None,None,TRBJ1-2,TRBC1,False,False,None,None,4142,4,clonotype112,None
AACCGCGTCGCCCTTA-1,True,AACCGCGTCGCCCTTA-1_contig_1,True,505,TRB,TRBV13-1,None,TRBJ2-3,None,True,True,CASGDSAETLYF,TGTGCCAGCGGGGACAGTGCAGAAACGCTGTATTTT,6798,10,clonotype24,clonotype24_consensus_1
AACCGCGTCGCCCTTA-1,True,AACCGCGTCGCCCTTA-1_contig_2,True,575,TRA,TRAV3D-3,None,TRAJ28,TRAC,True,False,CTSAQSVRGTGSNRLTF,TGTACTTCTGCGCAGTCAGTGAGGGGCACTGGGAGTAACAGGCTCACTTTT,3428,3,clonotype24,None
AACCGCGTCGCCCTTA-1,True,AACCGCGTCGCCCTTA-1_contig_3,True,380,TRB,None,None,TRBJ1-6,TRBC1,False,False,None,None,6194,7,clonotype24,None
AACGTTGAGCCACGCT-1,True,AACGTTGAGCCACGCT-1_contig_1,True,577,TRA,TRAV3D-3,None,TRAJ32,TRAC,True,True,CAVRPYGSSGNKLIF,TGCGCAGTCAGGCCTTATGGGAGCAGTGGCAACAAGCTCATCTTT,4526,5,clonotype59,clonotype59_consensus_1
AACGTTGAGCCACGCT-1,True,AACGTTGAGCCACGCT-1_contig_2,True,505,TRB,TRBV13-1,None,TRBJ2-1,None,True,True,CASSNNYAEQFF,TGTGCCAGCAGTAACAACTATGCTGAGCAGTTCTTC,17200,12,clonotype59,clonotype59_consensus_2
AACGTTGAGCCACGCT-1,True,AACGTTGAGCCACGCT-1_contig_3,True,448,TRB,TRBV10,None,TRBJ2-4,None,True,False,CASS*,TGTGCCAGCAGCTAA,1432,2,clonotype59,None
AACGTTGAGCGTAGTG-1,True,AACGTTGAGCGTAGTG-1_contig_1,True,519,TRA,TRAV7-3,None,TRAJ38,TRAC,True,True,CAVSAANVGDNSKLIW,TGTGCAGTGAGCGCGGCGAATGTTGGTGACAACAGTAAGCTGATTTGG,2090,2,clonotype21,clonotype21_consensus_3
AACGTTGAGCGTAGTG-1,True,AACGTTGAGCGTAGTG-1_contig_2,True,512,TRB,TRBV13-1,None,TRBJ2-7,None,True,True,CASSGGHLEQYF,TGTGCCAGCAGTGGGGGACACCTTGAACAGTACTTC,7828,11,clonotype21,clonotype21_consensus_2
AACGTTGAGCGTAGTG-1,True,AACGTTGAGCGTAGTG-1_contig_3,True,522,TRA,TRAV7N-6,None,TRAJ34,TRAC,True,True,CAISSNTNKVVF,TGTGCAATTTCTTCCAATACCAACAAAGTCGTCTTT,3650,2,clonotype21,clonotype21_consensus_1
AACGTTGGTACTCAAC-1,True,AACGTTGGTACTCAAC-1_contig_1,True,556,TRA,TRAV19,None,TRAJ39,TRAC,True,True,CAAGGNNAGAKLTF,TGCGCAGCAGGTGGGAATAATGCAGGTGCCAAGCTCACATTC,19034,12,clonotype1,clonotype1_consensus_2
AACGTTGGTACTCAAC-1,True,AACGTTGGTACTCAAC-1_contig_2,True,564,TRB,TRBV12-2+TRBV13-2,None,TRBJ1-2,TRBC1,True,True,CASGGGTGNSDYTF,TGTGCCAGCGGTGGGGGGACAGGGAACTCCGACTACACCTTC,18856,14,clonotype1,clonotype1_consensus_1
AACGTTGGTATAGGTA-1,True,AACGTTGGTATAGGTA-1_contig_1,True,542,TRA,TRAV8-1,None,TRAJ30,TRAC,True,True,CATDTNAYKVIF,TGTGCTACTGACACAAATGCTTACAAAGTCATCTTT,2396,2,clonotype45,clonotype45_consensus_1
AACGTTGGTATAGGTA-1,True,AACGTTGGTATAGGTA-1_contig_2,True,565,TRB,TRBV12-2+TRBV13-2,None,TRBJ1-5,TRBC1,True,True,CASGTGDNQAPLF,TGTGCCAGCGGGACAGGAGACAACCAGGCTCCGCTTTTT,6222,5,clonotype45,clonotype45_consensus_2
AACGTTGGTCCGTGAC-1,True,AACGTTGGTCCGTGAC-1_contig_1,True,558,TRA,TRAV19,None,TRAJ39,TRAC,True,True,CAAGGNNAGAKLTF,TGCGCAGCAGGTGGGAATAATGCAGGTGCCAAGCTCACATTC,8112,6,clonotype1,clonotype1_consensus_2
AACGTTGGTCCGTGAC-1,True,AACGTTGGTCCGTGAC-1_contig_2,True,586,TRB,TRBV12-2+TRBV13-2,None,TRBJ1-2,TRBC1,True,True,CASGGGTGNSDYTF,TGTGCCAGCGGTGGGGGGACAGGGAACTCCGACTACACCTTC,8986,8,clonotype1,clonotype1_consensus_1
AACGTTGGTCCGTGAC-1,True,AACGTTGGTCCGTGAC-1_contig_3,True,430,TRA,TRAV7-5,None,TRAJ45,None,True,False,CSDTEGADRLTF,TGCAGTGATACAGAAGGTGCAGATAGACTCACCTTT,956,1,clonotype1,None
AACGTTGGTCCGTGAC-1,True,AACGTTGGTCCGTGAC-1_contig_4,True,335,TRB,None,None,TRBJ2-1,None,False,False,None,None,7450,5,clonotype1,None
AACGTTGGTGACTCAT-1,True,AACGTTGGTGACTCAT-1_contig_1,True,519,TRA,TRAV6-6,None,TRAJ24,TRAC,True,True,CAPLTTASLGKLQF,TGTGCTCCGTTGACAACTGCCAGTTTGGGGAAACTGCAGTTT,5446,5,clonotype3,clonotype3_consensus_2
AACGTTGGTGACTCAT-1,True,AACGTTGGTGACTCAT-1_contig_2,True,512,TRB,TRBV13-1,None,TRBJ2-4,None,True,True,CASSEGTNTLYF,TGTGCCAGCAGTGAAGGAACAAACACCTTGTACTTT,27294,21,clonotype3,clonotype3_consensus_1
AACGTTGGTGACTCAT-1,True,AACGTTGGTGACTCAT-1_contig_3,True,732,TRA,TRAV9D-2,None,TRAJ26,TRAC,True,True,CVLSRGNNYAQGLTF,TGTGTTCTGAGCAGGGGCAATAACTATGCCCAGGGATTAACCTTC,8670,5,clonotype3,clonotype3_consensus_3
AACGTTGGTGACTCAT-1,True,AACGTTGGTGACTCAT-1_contig_4,True,384,TRB,None,None,TRBJ2-7,None,False,False,None,None,3858,2,clonotype3,None
AACTCAGTCACCAGGC-1,True,AACTCAGTCACCAGGC-1_contig_1,True,549,TRB,TRBV16,None,TRBJ2-5,None,True,True,CASSLGGGQDTQYF,TGTGCAAGCAGCTTAGGGGGGGGGCAAGACACCCAGTACTTT,9810,13,clonotype11,clonotype11_consensus_2
AACTCAGTCACCAGGC-1,True,AACTCAGTCACCAGGC-1_contig_2,True,558,TRA,TRAV4D-3,None,TRAJ27,TRAC,True,True,CAADGPNTGKLTF,TGTGCTGCTGACGGGCCCAATACAGGCAAATTAACCTTT,17614,13,clonotype11,clonotype11_consensus_1
AACTCAGTCACCAGGC-1,True,AACTCAGTCACCAGGC-1_contig_3,True,595,TRA,TRAV7-4,None,TRAJ31,TRAC,True,False,None,None,4222,3,clonotype11,None
AACTCAGTCGAATGGG-1,True,AACTCAGTCGAATGGG-1_contig_1,True,511,TRA,TRAV6N-6,None,TRAJ2,TRAC,True,True,CALYTGGLSGKLTF,TGCGCTCTGTATACTGGAGGACTAAGTGGTAAATTAACATTC,6584,6,clonotype218,clonotype218_consensus_1
AACTCAGTCGAATGGG-1,True,AACTCAGTCGAATGGG-1_contig_2,True,357,TRB,None,None,TRBJ2-7,None,False,False,None,None,384,1,clonotype218,None
AACTCAGTCGAATGGG-1,True,AACTCAGTCGAATGGG-1_contig_3,True,486,TRB,TRBV31,None,TRBJ2-1,None,True,False,CLEGRGGTEQFF,TGCCTGGAAGGGAGGGGGGGCACTGAGCAGTTCTTC,1120,1,clonotype218,None
AACTCCCAGATACACA-1,True,AACTCCCAGATACACA-1_contig_1,True,556,TRB,TRBV12-2+TRBV13-2,None,TRBJ2-1,None,True,True,CASGTGDYAEQFF,TGTGCCAGCGGGACTGGGGACTATGCTGAGCAGTTCTTC,1988,5,clonotype219,clonotype219_consensus_1
AACTCCCAGATGTAAC-1,True,AACTCCCAGATGTAAC-1_contig_1,True,521,TRA,TRAV6-6,None,TRAJ24,TRAC,True,True,CAPLTTASLGKLQF,TGTGCTCCGTTGACAACTGCCAGTTTGGGGAAACTGCAGTTT,12744,8,clonotype3,clonotype3_consensus_2
AACTCCCAGATGTAAC-1,True,AACTCCCAGATGTAAC-1_contig_2,True,505,TRB,TRBV13-1,None,TRBJ2-4,None,True,True,CASSEGTNTLYF,TGTGCCAGCAGTGAAGGAACAAACACCTTGTACTTT,44148,35,clonotype3,clonotype3_consensus_1
AACTCCCAGATGTAAC-1,True,AACTCCCAGATGTAAC-1_contig_3,True,684,TRA,TRAV9D-2,None,TRAJ26,TRAC,True,True,CVLSRGNNYAQGLTF,TGTGTTCTGAGCAGGGGCAATAACTATGCCCAGGGATTAACCTTC,6110,7,clonotype3,clonotype3_consensus_3
AACTCCCAGCCACGTC-1,True,AACTCCCAGCCACGTC-1_contig_1,True,567,TRB,TRBV12-2,None,TRBJ2-5,None,True,True,CASSLQGVQDTQYF,TGTGCCAGCTCTCTCCAGGGGGTCCAAGACACCCAGTACTTT,11702,8,clonotype75,clonotype75_consensus_1
AACTCCCAGCCACGTC-1,True,AACTCCCAGCCACGTC-1_contig_2,True,320,TRB,None,None,TRBJ2-2,None,False,False,None,None,1830,1,clonotype75,None
AACTCCCAGCCACGTC-1,True,AACTCCCAGCCACGTC-1_contig_3,True,361,TRB,None,None,TRBJ2-1,None,False,False,None,None,3506,3,clonotype75,None
AACTCCCAGCCAGAAC-1,True,AACTCCCAGCCAGAAC-1_contig_1,True,512,TRA,TRAV19,None,TRAJ39,TRAC,True,True,CAAGGNNAGAKLTF,TGCGCAGCAGGTGGGAATAATGCAGGTGCCAAGCTCACATTC,4988,2,clonotype1,clonotype1_consensus_2
AACTCCCAGCCAGAAC-1,True,AACTCCCAGCCAGAAC-1_contig_2,True,599,TRB,TRBV13-2,None,TRBJ1-2,TRBC1,True,True,CASGGGTGNSDYTF,TGTGCCAGCGGTGGGGGGACAGGGAACTCCGACTACACCTTC,2384,2,clonotype1,clonotype1_consensus_1
AACTCCCAGCCAGAAC-1,True,AACTCCCAGCCAGAAC-1_contig_3,True,358,TRB,None,None,TRBJ2-2,None,False,False,None,None,834,1,clonotype1,None
AACTCCCAGCCAGAAC-1,True,AACTCCCAGCCAGAAC-1_contig_4,True,573,TRB,None,None,TRBJ2-7,None,False,False,None,None,3380,2,clonotype1,None
AACTCCCAGGCCCGTT-1,True,AACTCCCAGGCCCGTT-1_contig_1,True,572,TRA,TRAV19,None,TRAJ39,TRAC,True,True,CAAGGNNAGAKLTF,TGCGCAGCAGGTGGGAATAATGCAGGTGCCAAGCTCACATTC,2894,2,clonotype1,clonotype1_consensus_2
AACTCCCAGGCCCGTT-1,True,AACTCCCAGGCCCGTT-1_contig_2,True,601,TRB,TRBV12-2+TRBV13-2,None,TRBJ1-2,TRBC1,True,True,CASGGGTGNSDYTF,TGTGCCAGCGGTGGGGGGACAGGGAACTCCGACTACACCTTC,11358,9,clonotype1,clonotype1_consensus_1
AACTCCCAGTACACCT-1,True,AACTCCCAGTACACCT-1_contig_1,True,549,TRA,TRAV8N-2,None,TRAJ13,TRAC,True,True,CATEDSGTYQRF,TGTGCTACTGAGGATTCTGGGACTTACCAGAGGTTT,3324,2,clonotype36,clonotype36_consensus_1
AACTCCCAGTACACCT-1,True,AACTCCCAGTACACCT-1_contig_2,True,564,TRB,TRBV12-2+TRBV13-2,None,TRBJ2-7,None,True,True,CASGTGGDYEQYF,TGTGCCAGCGGGACTGGGGGGGACTATGAACAGTACTTC,3536,2,clonotype36,clonotype36_consensus_2
AACTCCCCAGCTGTGC-1,True,AACTCCCCAGCTGTGC-1_contig_1,True,513,TRB,TRBV26,None,TRBJ1-1,TRBC1,True,True,CASSRGNTEVFF,TGTGCCAGCAGCCGCGGAAACACAGAAGTCTTCTTT,7248,4,clonotype220,clonotype220_consensus_2
AACTCCCCAGCTGTGC-1,True,AACTCCCCAGCTGTGC-1_contig_2,True,512,TRB,TRBV13-1,None,TRBJ2-1,None,True,True,CASGGAYAEQFF,TGTGCCAGCGGGGGGGCGTATGCTGAGCAGTTCTTC,10698,7,clonotype220,clonotype220_consensus_3
AACTCCCCAGCTGTGC-1,True,AACTCCCCAGCTGTGC-1_contig_3,True,564,TRA,TRAV3-4,None,TRAJ49,TRAC,True,True,CAVRGGYQNFYF,TGCGCAGTCAGGGGGGGTTACCAGAACTTCTATTTT,660,1,clonotype220,clonotype220_consensus_1
AACTCCCCAGCTGTGC-1,True,AACTCCCCAGCTGTGC-1_contig_4,True,566,TRA,TRAV12-2,None,TRAJ34,TRAC,True,True,CALSGNTNKVVF,TGTGCTTTGAGTGGCAATACCAACAAAGTCGTCTTT,4172,3,clonotype220,clonotype220_consensus_4
AACTCCCCAGCTGTGC-1,True,AACTCCCCAGCTGTGC-1_contig_5,True,433,TRA,TRAV4-3,None,TRAJ27,None,False,False,CAAANTNTGKLTF,TGTGCTGCTGCTAACACCAATACAGGCAAATTAACCTTT,140,2,clonotype220,None
AACTCCCTCACAACGT-1,True,AACTCCCTCACAACGT-1_contig_1,True,577,TRA,TRAV14N-3,None,TRAJ6,TRAC,True,True,CAARTSGGNYKPTF,TGTGCAGCAAGAACCTCAGGAGGAAACTACAAACCTACGTTT,3130,4,clonotype47,clonotype47_consensus_1
AACTCCCTCACAACGT-1,True,AACTCCCTCACAACGT-1_contig_2,True,563,TRB,TRBV12-2+TRBV13-2,None,TRBJ2-7,None,True,True,CASGTGGDYEQYF,TGTGCCAGCGGGACTGGGGGGGACTATGAACAGTACTTC,10816,14,clonotype47,clonotype47_consensus_2
AACTCCCTCACAACGT-1,True,AACTCCCTCACAACGT-1_contig_3,True,359,TRB,TRBV15,None,TRBJ1-4,TRBC1,True,False,CVPAVRTGGTERLFF,TGTGTGCCAGCAGTAAGGACAGGGGGCACCGAAAGATTATTTTTC,3948,2,clonotype47,None
AACTCCCTCTCCGGTT-1,True,AACTCCCTCTCCGGTT-1_contig_1,True,572,TRB,TRBV12-2+TRBV13-2,None,TRBJ2-1,None,True,True,CASGDPFQFF,TGTGCCAGCGGTGATCCTTTCCAGTTCTTC,5026,5,clonotype25,clonotype25_consensus_3
AACTCCCTCTCCGGTT-1,True,AACTCCCTCTCCGGTT-1_contig_2,True,507,TRB,TRBV5,None,TRBJ2-2,None,True,True,CASSTGQLYF,TGTGCCAGCAGCACCGGGCAGCTCTACTTT,16148,10,clonotype25,clonotype25_consensus_1
AACTCCCTCTCCGGTT-1,True,AACTCCCTCTCCGGTT-1_contig_3,True,719,TRA,TRAV9N-4,None,TRAJ22,TRAC,True,True,CALPSSGSWQLIF,TGTGCTCTCCCATCTTCTGGCAGCTGGCAACTCATCTTT,3152,2,clonotype25,clonotype25_consensus_2
AACTCCCTCTTAGAGC-1,True,AACTCCCTCTTAGAGC-1_contig_1,True,573,TRA,TRAV8-1,None,TRAJ30,TRAC,True,True,CASDTNAYKVIF,TGTGCTTCTGACACAAATGCTTACAAAGTCATCTTT,2020,1,clonotype23,clonotype23_consensus_2
AACTCCCTCTTAGAGC-1,True,AACTCCCTCTTAGAGC-1_contig_2,True,603,TRB,TRBV12-2+TRBV13-2,None,TRBJ1-5,TRBC1,True,True,CASGTGDNQAPLF,TGTGCCAGCGGGACAGGGGACAACCAGGCTCCGCTTTTT,11836,10,clonotype23,clonotype23_consensus_1
AACTCCCTCTTAGAGC-1,True,AACTCCCTCTTAGAGC-1_contig_3,True,535,TRA,TRAV4-4-DV10,None,TRAJ50,TRAC,True,False,None,None,1894,1,clonotype23,None
AACTGGTAGACACTAA-1,True,AACTGGTAGACACTAA-1_contig_1,True,539,TRA,TRAV19,None,TRAJ39,TRAC,True,True,CAAGGNNAGAKLTF,TGCGCAGCAGGTGGGAATAATGCAGGTGCCAAGCTCACATTC,1858,2,clonotype1,clonotype1_consensus_2
AACTGGTAGACACTAA-1,True,AACTGGTAGACACTAA-1_contig_2,True,616,TRB,TRBV12-2+TRBV13-2,None,TRBJ1-2,TRBC1,True,True,CASGGGTGNSDYTF,TGTGCCAGCGGTGGGGGGACAGGGAACTCCGACTACACCTTC,3440,4,clonotype1,clonotype1_consensus_1
AACTGGTAGACACTAA-1,True,AACTGGTAGACACTAA-1_contig_3,True,387,TRB,None,None,TRBJ2-1,None,False,False,None,None,2250,1,clonotype1,None
AACTGGTAGCCACTAT-1,True,AACTGGTAGCCACTAT-1_contig_1,True,556,TRB,TRBV12-2+TRBV13-2,None,TRBJ1-2,TRBC1,True,True,CASGGGTGNSDYTF,TGTGCCAGCGGTGGGGGGACAGGGAACTCCGACTACACCTTC,1806,4,clonotype7,clonotype7_consensus_1
AACTGGTCAAAGGCGT-1,True,AACTGGTCAAAGGCGT-1_contig_1,True,517,TRA,TRAV6-6,None,TRAJ24,TRAC,True,True,CAPLTTASLGKLQF,TGTGCTCCGTTGACAACTGCCAGTTTGGGGAAACTGCAGTTT,8518,6,clonotype2,clonotype2_consensus_2
AACTGGTCAAAGGCGT-1,True,AACTGGTCAAAGGCGT-1_contig_2,True,505,TRB,TRBV13-1,None,TRBJ2-4,None,True,True,CASSEGTNTLYF,TGTGCCAGCAGTGAAGGAACAAACACCTTGTACTTT,28504,26,clonotype2,clonotype2_consensus_1
AACTGGTCAAAGGCGT-1,True,AACTGGTCAAAGGCGT-1_contig_3,True,434,TRA,TRAV9D-2,None,TRAJ26,TRAC,True,False,CVLSRGNNYAQGLTF,TGTGTTCTGAGCAGGGGCAATAACTATGCCCAGGGATTAACCTTC,8782,4,clonotype2,None
AACTGGTCACATGACT-1,True,AACTGGTCACATGACT-1_contig_1,True,573,TRA,TRAV8-1,None,TRAJ30,TRAC,True,True,CATDTNAYKVIF,TGTGCTACTGACACAAATGCTTACAAAGTCATCTTT,7170,6,clonotype45,clonotype45_consensus_1
AACTGGTCACATGACT-1,True,AACTGGTCACATGACT-1_contig_2,True,568,TRB,TRBV12-2+TRBV13-2,None,TRBJ1-5,TRBC1,True,True,CASGTGDNQAPLF,TGTGCCAGCGGGACAGGAGACAACCAGGCTCCGCTTTTT,1760,3,clonotype45,clonotype45_consensus_2
AACTGGTGTCTCCACT-1,True,AACTGGTGTCTCCACT-1_contig_1,True,558,TRA,TRAV19,None,TRAJ39,TRAC,True,True,CAAGGNNAGAKLTF,TGCGCAGCAGGTGGGAATAATGCAGGTGCCAAGCTCACATTC,8550,6,clonotype1,clonotype1_consensus_2
AACTGGTGTCTCCACT-1,True,AACTGGTGTCTCCACT-1_contig_2,True,588,TRB,TRBV12-2+TRBV13-2,None,TRBJ1-2,TRBC1,True,True,CASGGGTGNSDYTF,TGTGCCAGCGGTGGGGGGACAGGGAACTCCGACTACACCTTC,9962,10,clonotype1,clonotype1_consensus_1
AACTGGTGTCTCCACT-1,True,AACTGGTGTCTCCACT-1_contig_3,True,385,TRB,None,None,TRBJ2-7,None,False,False,None,None,2284,3,clonotype1,None
AACTGGTTCTAACGGT-1,True,AACTGGTTCTAACGGT-1_contig_1,True,554,TRA,TRAV3D-3,None,TRAJ7,TRAC,True,True,CAVSDDYSNNRLTL,TGCGCAGTCAGTGACGACTACAGCAACAACAGACTTACTTTG,3492,2,clonotype221,clonotype221_consensus_1
AACTGGTTCTAACGGT-1,True,AACTGGTTCTAACGGT-1_contig_2,True,561,TRB,TRBV12-2+TRBV13-2,None,TRBJ2-7,None,True,True,CASGDGQGRYF,TGTGCCAGCGGTGACGGACAGGGGAGGTACTTC,5046,4,clonotype221,clonotype221_consensus_2
AACTTTCAGATGAGAG-1,True,AACTTTCAGATGAGAG-1_contig_1,True,558,TRB,TRBV12-2+TRBV13-2,None,TRBJ1-2,TRBC1,True,True,CASGGGTGNSDYTF,TGTGCCAGCGGTGGGGGGACAGGGAACTCCGACTACACCTTC,2362,2,clonotype7,clonotype7_consensus_1
AACTTTCAGATGAGAG-1,True,AACTTTCAGATGAGAG-1_contig_2,True,306,TRB,None,None,TRBJ2-5,None,False,False,None,None,1668,1,clonotype7,None
AACTTTCAGTGAAGTT-1,True,AACTTTCAGTGAAGTT-1_contig_1,True,517,TRA,TRAV6-6,None,TRAJ17,TRAC,True,True,CALGEDSAGNKLTF,TGTGCTCTGGGTGAGGACAGTGCAGGGAACAAGCTAACTTTT,4526,3,clonotype222,clonotype222_consensus_2
AACTTTCAGTGAAGTT-1,True,AACTTTCAGTGAAGTT-1_contig_2,True,603,TRB,TRBV12-2+TRBV13-2,None,TRBJ1-5,TRBC1,True,True,CASGTGDNQAPLF,TGTGCCAGCGGGACAGGGGACAACCAGGCTCCGCTTTTT,5698,7,clonotype222,clonotype222_consensus_1
AACTTTCCAAGCTGGA-1,True,AACTTTCCAAGCTGGA-1_contig_1,True,597,TRA,TRAV14N-3,None,TRAJ6,TRAC,True,True,CAARTSGGNYKPTF,TGTGCAGCAAGAACCTCAGGAGGAAACTACAAACCTACGTTT,11960,8,clonotype4,clonotype4_consensus_2
AACTTTCCAAGCTGGA-1,True,AACTTTCCAAGCTGGA-1_contig_2,True,549,TRA,TRAV8N-2,None,TRAJ13,TRAC,True,True,CATEDSGTYQRF,TGTGCTACTGAGGATTCTGGGACTTACCAGAGGTTT,22318,14,clonotype4,clonotype4_consensus_1
AACTTTCCAAGCTGGA-1,True,AACTTTCCAAGCTGGA-1_contig_3,True,597,TRB,TRBV12-2+TRBV13-2,None,TRBJ2-7,None,True,True,CASGTGGDYEQYF,TGTGCCAGCGGGACTGGGGGGGACTATGAACAGTACTTC,39670,44,clonotype4,clonotype4_consensus_3
AACTTTCCAGACGCCT-1,True,AACTTTCCAGACGCCT-1_contig_1,True,512,TRB,TRBV13-1,None,TRBJ2-4,None,True,True,CASSEGTNTLYF,TGTGCCAGCAGTGAAGGAACAAACACCTTGTACTTT,21120,16,clonotype9,clonotype9_consensus_1
AACTTTCCAGACGCCT-1,True,AACTTTCCAGACGCCT-1_contig_2,True,722,TRA,TRAV9D-2,None,TRAJ26,TRAC,True,True,CVLSRGNNYAQGLTF,TGTGTTCTGAGCAGGGGCAATAACTATGCCCAGGGATTAACCTTC,2572,2,clonotype9,clonotype9_consensus_2
AACTTTCTCTCAACTT-1,True,AACTTTCTCTCAACTT-1_contig_1,True,593,TRA,TRAV19,None,TRAJ39,TRAC,True,True,CAAGGNNAGAKLTF,TGCGCAGCAGGTGGGAATAATGCAGGTGCCAAGCTCACATTC,8422,5,clonotype19,clonotype19_consensus_1
AACTTTCTCTCAACTT-1,True,AACTTTCTCTCAACTT-1_contig_2,True,381,TRA,TRAV7-5,None,TRAJ45,TRAC,True,False,CSDTEGADRLTF,TGCAGTGATACAGAAGGTGCAGATAGACTCACCTTT,1566,2,clonotype19,None
AACTTTCTCTCAACTT-1,True,AACTTTCTCTCAACTT-1_contig_3,True,360,TRB,None,None,TRBJ2-1,None,False,False,None,None,7586,4,clonotype19,None
AAGCCGCAGAAGGGTA-1,True,AAGCCGCAGAAGGGTA-1_contig_1,True,549,TRB,TRBV16,None,TRBJ2-5,None,True,True,CASSLGGGQDTQYF,TGTGCAAGCAGCTTAGGGGGGGGCCAAGACACCCAGTACTTT,1206,1,clonotype223,clonotype223_consensus_1
AAGCCGCAGAAGGGTA-1,True,AAGCCGCAGAAGGGTA-1_contig_2,True,549,TRB,TRBV16,None,TRBJ2-5,None,True,True,CASSFGGAPDTQYF,TGTGCAAGCAGCTTTGGGGGGGCGCCAGACACCCAGTACTTT,10542,17,clonotype223,clonotype223_consensus_2
AAGCCGCAGAAGGGTA-1,True,AAGCCGCAGAAGGGTA-1_contig_3,True,600,TRA,TRAV14-2,None,TRAJ49,TRAC,True,True,CAAQGYQNFYF,TGTGCAGCACAGGGTTACCAGAACTTCTATTTT,20870,13,clonotype223,clonotype223_consensus_3
AAGCCGCAGAAGGGTA-1,True,AAGCCGCAGAAGGGTA-1_contig_4,True,562,TRA,TRAV4D-4,None,TRAJ45,TRAC,True,True,CAAYTEGADRLTF,TGTGCTGCCTATACAGAAGGTGCAGATAGACTCACCTTT,22448,13,clonotype223,clonotype223_consensus_4
AAGCCGCAGAAGGGTA-1,True,AAGCCGCAGAAGGGTA-1_contig_5,True,385,TRB,None,None,TRBJ2-7,None,False,False,None,None,2070,2,clonotype223,None
AAGCCGCAGAAGGGTA-1,True,AAGCCGCAGAAGGGTA-1_contig_6,True,411,TRB,None,None,TRBJ2-1,None,False,False,None,None,11804,10,clonotype223,None
AAGCCGCAGAAGGGTA-1,True,AAGCCGCAGAAGGGTA-1_contig_7,True,348,TRB,None,None,TRBJ2-3,None,False,False,None,None,1942,1,clonotype223,None
AAGCCGCAGCGTTTAC-1,True,AAGCCGCAGCGTTTAC-1_contig_1,True,562,TRA,TRAV7D-5,None,TRAJ16,TRAC,True,True,CAVSSPATSSGQKLVF,TGTGCAGTGAGCAGCCCCGCAACTTCAAGTGGCCAGAAGCTGGTTTTT,7098,4,clonotype30,clonotype30_consensus_2
AAGCCGCAGCGTTTAC-1,True,AAGCCGCAGCGTTTAC-1_contig_2,True,645,TRB,TRBV12-2,None,TRBJ1-2,TRBC1,True,True,CASSLSTGGVNSDYTF,TGTGCCAGCTCTCTATCGACAGGGGGCGTGAACTCCGACTACACCTTC,6426,7,clonotype30,clonotype30_consensus_1
AAGCCGCAGGACAGAA-1,True,AAGCCGCAGGACAGAA-1_contig_1,True,549,TRB,TRBV16,None,TRBJ2-5,None,True,True,CASSLGGYQDTQYF,TGTGCAAGCAGCTTAGGGGGCTACCAAGACACCCAGTACTTT,4800,7,clonotype28,clonotype28_consensus_2
AAGCCGCAGGACAGAA-1,True,AAGCCGCAGGACAGAA-1_contig_2,True,528,TRA,TRAV4-3,None,TRAJ27,TRAC,True,True,CAAANTNTGKLTF,TGTGCTGCTGCTAACACCAATACAGGCAAATTAACCTTT,2456,3,clonotype28,clonotype28_consensus_1
AAGGAGCCACGACGAA-1,True,AAGGAGCCACGACGAA-1_contig_1,True,562,TRA,TRAV14D-1,None,TRAJ27,TRAC,True,True,CAQNPPSNTGKLTF,TGTGCACAAAATCCCCCATCCAATACAGGCAAATTAACCTTT,2060,2,clonotype53,clonotype53_consensus_2
AAGGAGCCACGACGAA-1,True,AAGGAGCCACGACGAA-1_contig_2,True,551,TRB,TRBV13-3,None,TRBJ1-3,TRBC1,True,True,CASSEHPLSGNTLYF,TGTGCCAGCAGTGAGCACCCCCTTTCTGGAAATACGCTCTATTTT,5036,6,clonotype53,clonotype53_consensus_1
AAGGAGCGTACAAGTA-1,True,AAGGAGCGTACAAGTA-1_contig_1,True,562,TRB,TRBV12-2+TRBV13-2,None,TRBJ2-1,None,True,True,CASGGNAEQFF,TGTGCCAGCGGTGGAAATGCTGAGCAGTTCTTC,46672,42,clonotype224,clonotype224_consensus_1
AAGGAGCGTACAAGTA-1,True,AAGGAGCGTACAAGTA-1_contig_2,True,704,TRA,TRAV9-2,None,TRAJ26,TRAC,True,True,CVLTSYAQGLTF,TGTGTTTTGACGAGCTATGCCCAGGGATTAACCTTC,20842,13,clonotype224,clonotype224_consensus_2
AAGGAGCGTACAAGTA-1,True,AAGGAGCGTACAAGTA-1_contig_3,True,560,TRB,TRBV12-2+TRBV13-2,None,TRBJ2-7,None,True,True,CASGTGGDYEQYF,TGTGCCAGCGGGACTGGGGGGGACTATGAACAGTACTTC,1560,6,clonotype224,clonotype224_consensus_3
AAGGAGCGTACAAGTA-1,True,AAGGAGCGTACAAGTA-1_contig_4,True,554,TRA,TRAV13N-4,None,TRAJ30,TRAC,True,False,None,None,5348,4,clonotype224,None
AAGGAGCGTACCGTTA-1,True,AAGGAGCGTACCGTTA-1_contig_1,True,528,TRA,TRAV6-6,None,TRAJ24,TRAC,True,True,CAPLTTASLGKLQF,TGTGCTCCGTTGACAACTGCCAGTTTGGGGAAACTGCAGTTT,1790,1,clonotype2,clonotype2_consensus_2
AAGGAGCGTACCGTTA-1,True,AAGGAGCGTACCGTTA-1_contig_2,True,505,TRB,TRBV13-1,None,TRBJ2-4,None,True,True,CASSEGTNTLYF,TGTGCCAGCAGTGAAGGAACAAACACCTTGTACTTT,21168,17,clonotype2,clonotype2_consensus_1
AAGGAGCGTTATCCGA-1,True,AAGGAGCGTTATCCGA-1_contig_1,True,557,TRB,TRBV12-2+TRBV13-2,None,TRBJ2-7,None,True,True,CASGAPYEQYF,TGTGCCAGCGGTGCCCCCTATGAACAGTACTTC,4876,8,clonotype60,clonotype60_consensus_2
AAGGAGCGTTATCCGA-1,True,AAGGAGCGTTATCCGA-1_contig_2,True,604,TRA,TRAV4D-3,None,TRAJ17,TRAC,True,True,CAAPNSAGNKLTF,TGTGCTGCGCCTAACAGTGCAGGGAACAAGCTAACTTTT,5972,4,clonotype60,clonotype60_consensus_1
AAGGCAGAGACCTTTG-1,True,AAGGCAGAGACCTTTG-1_contig_1,True,566,TRA,TRAV3-3,None,TRAJ49,TRAC,True,True,CAVSGSTGYQNFYF,TGCGCAGTCAGTGGGAGCACGGGTTACCAGAACTTCTATTTT,5068,3,clonotype5,clonotype5_consensus_1
AAGGCAGAGACCTTTG-1,True,AAGGCAGAGACCTTTG-1_contig_2,True,580,TRB,TRBV12-2+TRBV13-2,None,TRBJ2-7,None,True,True,CASGVQGWEQYF,TGTGCCAGCGGTGTACAGGGGTGGGAACAGTACTTC,15986,12,clonotype5,clonotype5_consensus_2
AAGGCAGAGACCTTTG-1,True,AAGGCAGAGACCTTTG-1_contig_3,True,575,TRB,None,None,TRBJ1-1,TRBC1,False,False,None,None,2940,2,clonotype5,None
AAGGCAGAGCTAAACA-1,True,AAGGCAGAGCTAAACA-1_contig_1,True,512,TRB,TRBV13-1,None,TRBJ2-4,None,True,True,CASSEGTNTLYF,TGTGCCAGCAGTGAAGGAACAAACACCTTGTACTTT,5288,7,clonotype9,clonotype9_consensus_1
AAGGCAGAGCTAAACA-1,True,AAGGCAGAGCTAAACA-1_contig_2,True,691,TRA,TRAV9D-2,None,TRAJ26,TRAC,True,True,CVLSRGNNYAQGLTF,TGTGTTCTGAGCAGGGGCAATAACTATGCCCAGGGATTAACCTTC,3624,4,clonotype9,clonotype9_consensus_2
AAGGCAGAGGGTCTCC-1,True,AAGGCAGAGGGTCTCC-1_contig_1,True,505,TRB,TRBV13-1,None,TRBJ2-4,None,True,True,CASSEGTNTLYF,TGTGCCAGCAGTGAAGGAACAAACACCTTGTACTTT,1682,3,clonotype6,clonotype6_consensus_1
AAGGCAGAGTGGGCTA-1,True,AAGGCAGAGTGGGCTA-1_contig_1,True,654,TRA,TRAV14N-3,None,TRAJ6,TRAC,True,True,CAARTSGGNYKPTF,TGTGCAGCAAGAACCTCAGGAGGAAACTACAAACCTACGTTT,5552,3,clonotype4,clonotype4_consensus_2
AAGGCAGAGTGGGCTA-1,True,AAGGCAGAGTGGGCTA-1_contig_2,True,549,TRA,TRAV8N-2,None,TRAJ13,TRAC,True,True,CATEDSGTYQRF,TGTGCTACTGAGGATTCTGGGACTTACCAGAGGTTT,2548,2,clonotype4,clonotype4_consensus_1
AAGGCAGAGTGGGCTA-1,True,AAGGCAGAGTGGGCTA-1_contig_3,True,577,TRB,TRBV12-2+TRBV13-2,None,TRBJ2-7,None,True,True,CASGTGGDYEQYF,TGTGCCAGCGGGACTGGGGGGGACTATGAACAGTACTTC,5270,7,clonotype4,clonotype4_consensus_3
AAGGCAGCAAAGCAAT-1,True,AAGGCAGCAAAGCAAT-1_contig_1,True,552,TRA,TRAV7D-2,None,TRAJ6,TRAC,True,True,CAAPTSGGNYKPTF,TGTGCAGCCCCAACCTCAGGAGGAAACTACAAACCTACGTTT,14442,11,clonotype225,clonotype225_consensus_3
AAGGCAGCAAAGCAAT-1,True,AAGGCAGCAAAGCAAT-1_contig_2,True,547,TRA,TRAV8D-1,None,TRAJ5,TRAC,True,True,CATDGDTGLGQLTF,TGTGCTACTGATGGGGACACAGGTCTGGGGCAGCTCACTTTC,7692,6,clonotype225,clonotype225_consensus_4
AAGGCAGCAAAGCAAT-1,True,AAGGCAGCAAAGCAAT-1_contig_3,True,589,TRB,TRBV12-2+TRBV13-2,None,TRBJ2-7,None,True,True,CASGEGQNYEQYF,TGTGCCAGCGGTGAGGGACAGAATTATGAACAGTACTTC,3858,5,clonotype225,clonotype225_consensus_1
AAGGCAGCAAAGCAAT-1,True,AAGGCAGCAAAGCAAT-1_contig_4,True,589,TRB,TRBV12-2+TRBV13-2,None,TRBJ1-5,TRBC1,True,True,CASGDGDIQAPLF,TGTGCCAGCGGTGATGGGGACATCCAGGCTCCGCTTTTT,27164,25,clonotype225,clonotype225_consensus_2
AAGGCAGCAAAGCAAT-1,True,AAGGCAGCAAAGCAAT-1_contig_5,True,480,TRB,TRBV31,None,TRBJ2-7,None,True,False,None,None,4016,3,clonotype225,None
AAGGCAGCAAAGCAAT-1,True,AAGGCAGCAAAGCAAT-1_contig_6,True,377,TRB,None,None,TRBJ1-3,TRBC1,False,False,None,None,14254,22,clonotype225,None
AAGGCAGCATCCGGGT-1,True,AAGGCAGCATCCGGGT-1_contig_1,True,520,TRA,TRAV6-6,None,TRAJ24,TRAC,True,True,CAPLTTASLGKLQF,TGTGCTCCGTTGACAACTGCCAGTTTGGGGAAACTGCAGTTT,8258,4,clonotype3,clonotype3_consensus_2
AAGGCAGCATCCGGGT-1,True,AAGGCAGCATCCGGGT-1_contig_2,True,512,TRB,TRBV13-1,None,TRBJ2-4,None,True,True,CASSEGTNTLYF,TGTGCCAGCAGTGAAGGAACAAACACCTTGTACTTT,14808,13,clonotype3,clonotype3_consensus_1
AAGGCAGCATCCGGGT-1,True,AAGGCAGCATCCGGGT-1_contig_3,True,704,TRA,TRAV9D-2,None,TRAJ26,TRAC,True,True,CVLSRGNNYAQGLTF,TGTGTTCTGAGCAGGGGCAATAACTATGCCCAGGGATTAACCTTC,1982,3,clonotype3,clonotype3_consensus_3
AAGGCAGGTCAAAGAT-1,True,AAGGCAGGTCAAAGAT-1_contig_1,True,560,TRB,TRBV12-2+TRBV13-2,None,TRBJ2-7,None,True,True,CASGAPYEQYF,TGTGCCAGCGGTGCCCCCTATGAACAGTACTTC,43840,39,clonotype60,clonotype60_consensus_2
AAGGCAGGTCAAAGAT-1,True,AAGGCAGGTCAAAGAT-1_contig_2,True,565,TRA,TRAV4D-3,None,TRAJ17,TRAC,True,True,CAAPNSAGNKLTF,TGTGCTGCGCCTAACAGTGCAGGGAACAAGCTAACTTTT,28166,18,clonotype60,clonotype60_consensus_1
AAGGCAGGTTAAGACA-1,True,AAGGCAGGTTAAGACA-1_contig_1,True,551,TRA,TRAV7D-5,None,TRAJ16,TRAC,True,True,CAVSSPATSSGQKLVF,TGTGCAGTGAGCAGCCCCGCAACTTCAAGTGGCCAGAAGCTGGTTTTT,25870,18,clonotype30,clonotype30_consensus_2
AAGGCAGGTTAAGACA-1,True,AAGGCAGGTTAAGACA-1_contig_2,True,582,TRB,TRBV12-2,None,TRBJ1-2,TRBC1,True,True,CASSLSTGGVNSDYTF,TGTGCCAGCTCTCTATCGACAGGGGGCGTGAACTCCGACTACACCTTC,10108,10,clonotype30,clonotype30_consensus_1
AAGGCAGGTTAAGACA-1,True,AAGGCAGGTTAAGACA-1_contig_3,True,415,TRA,TRAV6-3,None,TRAJ6,TRAC,True,False,None,None,2670,1,clonotype30,None
AAGGCAGGTTAAGACA-1,True,AAGGCAGGTTAAGACA-1_contig_4,True,429,TRB,None,None,TRBJ2-4,None,False,False,None,None,36650,31,clonotype30,None
AAGGCAGGTTTGTTGG-1,True,AAGGCAGGTTTGTTGG-1_contig_1,True,547,TRA,TRAV8D-1,None,TRAJ5,TRAC,True,True,CATDGDTGLGQLTF,TGTGCTACTGATGGGGACACAGGTCTGGGGCAGCTCACTTTC,2772,2,clonotype89,clonotype89_consensus_2
AAGGCAGGTTTGTTGG-1,True,AAGGCAGGTTTGTTGG-1_contig_2,True,623,TRB,TRBV12-2+TRBV13-2,None,TRBJ1-5,TRBC1,True,True,CASGDGDIQAPLF,TGTGCCAGCGGTGATGGGGACATCCAGGCTCCGCTTTTT,32218,25,clonotype89,clonotype89_consensus_1
AAGGCAGGTTTGTTGG-1,True,AAGGCAGGTTTGTTGG-1_contig_3,True,542,TRA,TRAV14D-3-DV8,None,None,TRAC,False,False,None,None,1540,1,clonotype89,None
AAGGCAGTCCGTACAA-1,True,AAGGCAGTCCGTACAA-1_contig_1,True,593,TRA,TRAV19,None,TRAJ39,TRAC,True,True,CAAGGNNAGAKLTF,TGCGCAGCAGGTGGGAATAATGCAGGTGCCAAGCTCACATTC,5040,4,clonotype1,clonotype1_consensus_2
AAGGCAGTCCGTACAA-1,True,AAGGCAGTCCGTACAA-1_contig_2,True,568,TRB,TRBV12-2+TRBV13-2,None,TRBJ1-2,TRBC1,True,True,CASGGGTGNSDYTF,TGTGCCAGCGGTGGGGGGACAGGGAACTCCGACTACACCTTC,15114,14,clonotype1,clonotype1_consensus_1
AAGGCAGTCTACCAGA-1,True,AAGGCAGTCTACCAGA-1_contig_1,True,549,TRA,TRAV6-6,None,TRAJ24,TRAC,True,True,CAPLTTASLGKLQF,TGTGCTCCGTTGACAACTGCCAGTTTGGGGAAACTGCAGTTT,3130,2,clonotype3,clonotype3_consensus_2
AAGGCAGTCTACCAGA-1,True,AAGGCAGTCTACCAGA-1_contig_2,True,505,TRB,TRBV13-1,None,TRBJ2-4,None,True,True,CASSEGTNTLYF,TGTGCCAGCAGTGAAGGAACAAACACCTTGTACTTT,5308,4,clonotype3,clonotype3_consensus_1
AAGGCAGTCTACCAGA-1,True,AAGGCAGTCTACCAGA-1_contig_3,True,704,TRA,TRAV9D-2,None,TRAJ26,TRAC,True,True,CVLSRGNNYAQGLTF,TGTGTTCTGAGCAGGGGCAATAACTATGCCCAGGGATTAACCTTC,4248,3,clonotype3,clonotype3_consensus_3
AAGGTTCAGGCAAAGA-1,True,AAGGTTCAGGCAAAGA-1_contig_1,True,555,TRA,TRAV3-3,None,TRAJ49,TRAC,True,True,CAVSGSTGYQNFYF,TGCGCAGTCAGTGGGAGCACGGGTTACCAGAACTTCTATTTT,5150,5,clonotype5,clonotype5_consensus_1
AAGGTTCAGGCAAAGA-1,True,AAGGTTCAGGCAAAGA-1_contig_2,True,562,TRB,TRBV12-2+TRBV13-2,None,TRBJ2-7,None,True,True,CASGVQGWEQYF,TGTGCCAGCGGTGTACAGGGGTGGGAACAGTACTTC,14772,12,clonotype5,clonotype5_consensus_2
AAGGTTCAGGCAAAGA-1,True,AAGGTTCAGGCAAAGA-1_contig_3,True,356,TRA,None,None,TRAJ24,TRAC,False,False,None,None,2820,1,clonotype5,None
AAGGTTCCATGTTGAC-1,True,AAGGTTCCATGTTGAC-1_contig_1,True,549,TRB,TRBV16,None,TRBJ2-7,None,True,True,CASSLGGGLDEQYF,TGTGCAAGCAGCTTAGGGGGGGGGCTCGATGAACAGTACTTC,16642,12,clonotype26,clonotype26_consensus_1
AAGGTTCCATGTTGAC-1,True,AAGGTTCCATGTTGAC-1_contig_2,True,553,Multi,TRDV1,None,TRAJ45,TRAC,True,False,CGGTEGADRLTF,TGTGGAGGGACAGAAGGTGCAGATAGACTCACCTTT,9066,5,clonotype26,None
AAGGTTCCATGTTGAC-1,True,AAGGTTCCATGTTGAC-1_contig_3,True,423,TRB,TRBV13-2,None,TRBJ1-5,TRBC1,True,False,None,None,1204,1,clonotype26,None
AAGGTTCGTACTCGCG-1,True,AAGGTTCGTACTCGCG-1_contig_1,True,555,TRA,TRAV3-3,None,TRAJ49,TRAC,True,True,CAVSGSTGYQNFYF,TGCGCAGTCAGTGGGAGCACGGGTTACCAGAACTTCTATTTT,8314,6,clonotype5,clonotype5_consensus_1
AAGGTTCGTACTCGCG-1,True,AAGGTTCGTACTCGCG-1_contig_2,True,565,TRB,TRBV12-2+TRBV13-2,None,TRBJ2-7,None,True,True,CASGVQGWEQYF,TGTGCCAGCGGTGTACAGGGGTGGGAACAGTACTTC,5508,7,clonotype5,clonotype5_consensus_2
AAGGTTCGTACTCGCG-1,True,AAGGTTCGTACTCGCG-1_contig_3,True,545,TRA,TRAV6D-5,None,TRAJ38,TRAC,True,False,CTTVFWDNVGDNSKLIW,TGTACTACTGTGTTCTGGGATAATGTTGGTGACAACAGTAAGCTGATTTGG,5610,3,clonotype5,None
AAGGTTCGTTCTGGTA-1,True,AAGGTTCGTTCTGGTA-1_contig_1,True,519,TRA,TRAV6-6,None,TRAJ24,TRAC,True,True,CAPLTTASLGKLQF,TGTGCTCCGTTGACAACTGCCAGTTTGGGGAAACTGCAGTTT,4230,4,clonotype76,clonotype76_consensus_1
AAGGTTCGTTCTGGTA-1,True,AAGGTTCGTTCTGGTA-1_contig_2,True,512,TRA,TRAV9D-2,None,TRAJ25,TRAC,True,False,CVLSRGNNYAQGLTF,TGTGTTCTGAGCAGGGGCAATAACTATGCCCAGGGATTAACCTTC,1554,1,clonotype76,None
AAGGTTCGTTCTGGTA-1,True,AAGGTTCGTTCTGGTA-1_contig_3,True,406,TRA,TRAV9D-2,None,TRAJ26,TRAC,True,False,CVLSRGNNYAQGLTF,TGTGTTCTGAGCAGGGGCAATAACTATGCCCAGGGATTAACCTTC,5276,3,clonotype76,None
AAGGTTCGTTGCGCAC-1,True,AAGGTTCGTTGCGCAC-1_contig_1,True,564,TRB,TRBV12-2+TRBV13-2,None,TRBJ1-5,TRBC1,True,True,CASGTGDNQAPLF,TGTGCCAGCGGGACAGGGGACAACCAGGCTCCGCTTTTT,3160,3,clonotype16,clonotype16_consensus_1
AAGGTTCTCGCGTTTC-1,True,AAGGTTCTCGCGTTTC-1_contig_1,True,556,TRA,TRAV19,None,TRAJ39,TRAC,True,True,CAAGGNNAGAKLTF,TGCGCAGCAGGTGGGAATAATGCAGGTGCCAAGCTCACATTC,2776,2,clonotype19,clonotype19_consensus_1
AAGGTTCTCGCGTTTC-1,True,AAGGTTCTCGCGTTTC-1_contig_2,True,505,TRA,TRAV7-5,None,TRAJ45,TRAC,True,False,CSDTEGADRLTF,TGCAGTGATACAGAAGGTGCAGATAGACTCACCTTT,2124,1,clonotype19,None
AAGTCTGAGAAACCAT-1,True,AAGTCTGAGAAACCAT-1_contig_1,True,541,TRA,TRAV8D-1,None,TRAJ30,TRAC,True,True,CATDTNAYKVIF,TGTGCTACTGACACAAATGCTTACAAAGTCATCTTT,2970,4,clonotype13,clonotype13_consensus_1
AAGTCTGAGAAACCAT-1,True,AAGTCTGAGAAACCAT-1_contig_2,True,567,TRB,TRBV12-2+TRBV13-2,None,TRBJ1-5,TRBC1,True,True,CASGTGDNQAPLF,TGTGCCAGCGGGACAGGGGACAACCAGGCTCCGCTTTTT,5206,4,clonotype13,clonotype13_consensus_2
AAGTCTGCAAATCCGT-1,True,AAGTCTGCAAATCCGT-1_contig_1,True,540,TRA,TRAV3D-3,None,TRAJ32,TRAC,True,True,CAVRNYGSSGNKLIF,TGCGCAGTCAGGAATTATGGGAGCAGTGGCAACAAGCTCATCTTT,6276,5,clonotype226,clonotype226_consensus_1
AAGTCTGCAAATCCGT-1,True,AAGTCTGCAAATCCGT-1_contig_2,True,523,TRB,TRBV13-3,None,TRBJ1-1,TRBC1,True,True,CASRGTGGNTEVFF,TGTGCCAGCAGGGGGACAGGGGGGAACACAGAAGTCTTCTTT,33798,22,clonotype226,clonotype226_consensus_2
AAGTCTGCAAATCCGT-1,True,AAGTCTGCAAATCCGT-1_contig_3,True,487,TRB,TRBV3,None,TRBJ1-4,TRBC1,True,False,CQQLRGQNNERLFF,TGCCAGCAGCTTAGGGGACAAAACAACGAAAGATTATTTTTC,1470,1,clonotype226,None
AAGTCTGCACGAAACG-1,True,AAGTCTGCACGAAACG-1_contig_1,True,507,TRA,TRAV21-DV12,None,TRAJ42,TRAC,True,True,CILRVHGGSNAKLTF,TGTATCCTGAGAGTCCATGGAGGAAGCAATGCAAAGCTAACCTTC,5644,2,clonotype148,clonotype148_consensus_1
AAGTCTGCACGAAACG-1,True,AAGTCTGCACGAAACG-1_contig_2,True,440,TRA,TRAV3-3,None,TRAJ49,TRAC,True,False,CAVSGATGYQNFYF,TGCGCAGTCAGTGGGGCCACGGGTTACCAGAACTTCTATTTT,3434,3,clonotype148,None
AAGTCTGGTCTCCACT-1,True,AAGTCTGGTCTCCACT-1_contig_1,True,527,TRA,TRAV14N-3,None,TRAJ6,TRAC,True,True,CAARTSGGNYKPTF,TGTGCAGCAAGAACCTCAGGAGGAAACTACAAACCTACGTTT,7786,5,clonotype4,clonotype4_consensus_2
AAGTCTGGTCTCCACT-1,True,AAGTCTGGTCTCCACT-1_contig_2,True,549,TRA,TRAV8N-2,None,TRAJ13,TRAC,True,True,CATEDSGTYQRF,TGTGCTACTGAGGATTCTGGGACTTACCAGAGGTTT,4718,4,clonotype4,clonotype4_consensus_1
AAGTCTGGTCTCCACT-1,True,AAGTCTGGTCTCCACT-1_contig_3,True,600,TRB,TRBV12-2+TRBV13-2,None,TRBJ2-7,None,True,True,CASGTGGDYEQYF,TGTGCCAGCGGGACTGGGGGGGACTATGAACAGTACTTC,25442,24,clonotype4,clonotype4_consensus_3
AAGTCTGGTGTGCCTG-1,True,AAGTCTGGTGTGCCTG-1_contig_1,True,519,TRA,TRAV19,None,TRAJ39,TRAC,True,True,CAAGGNNAGAKLTF,TGCGCAGCAGGTGGGAATAATGCAGGTGCCAAGCTCACATTC,14440,9,clonotype1,clonotype1_consensus_2
AAGTCTGGTGTGCCTG-1,True,AAGTCTGGTGTGCCTG-1_contig_2,True,571,TRB,TRBV12-2+TRBV13-2,None,TRBJ1-2,TRBC1,True,True,CASGGGTGNSDYTF,TGTGCCAGCGGTGGGGGGACAGGGAACTCCGACTACACCTTC,23590,21,clonotype1,clonotype1_consensus_1
AAGTCTGGTGTGCCTG-1,True,AAGTCTGGTGTGCCTG-1_contig_3,True,426,TRB,None,None,TRBJ2-7,None,False,False,None,None,14280,9,clonotype1,None
AAGTCTGGTGTGCCTG-1,True,AAGTCTGGTGTGCCTG-1_contig_4,True,355,TRB,None,None,TRBJ2-1,None,False,False,None,None,6680,3,clonotype1,None
AAGTCTGTCTGGCGTG-1,True,AAGTCTGTCTGGCGTG-1_contig_1,True,525,TRB,TRBV5,None,TRBJ2-7,None,True,True,CASSQDRGHNSYEQYF,TGTGCCAGCAGCCAAGATAGAGGACACAACTCCTATGAACAGTACTTC,8470,8,clonotype227,clonotype227_consensus_1
AAGTCTGTCTGGCGTG-1,True,AAGTCTGTCTGGCGTG-1_contig_2,True,519,TRA,TRAV7D-2,None,TRAJ16,TRAC,True,True,CAAPTSSGQKLVF,TGTGCAGCCCCAACTTCAAGTGGCCAGAAGCTGGTTTTT,12832,10,clonotype227,clonotype227_consensus_2
AAGTCTGTCTGGCGTG-1,True,AAGTCTGTCTGGCGTG-1_contig_3,True,554,TRA,TRAV13N-1,None,TRAJ22,TRAC,True,False,None,None,1980,2,clonotype227,None
AATCCAGAGTCAAGGC-1,True,AATCCAGAGTCAAGGC-1_contig_1,True,557,TRA,TRAV10N,None,TRAJ23,TRAC,True,True,CAASNRYNQGKLIF,TGTGCAGCAAGCAACCGGTATAACCAGGGGAAGCTTATCTTT,1650,1,clonotype149,clonotype149_consensus_1
AATCCAGAGTCAAGGC-1,True,AATCCAGAGTCAAGGC-1_contig_2,True,558,TRB,TRBV12-2+TRBV13-2,None,TRBJ2-5,None,True,True,CASGTGDTQYF,TGTGCCAGCGGCACCGGGGACACCCAGTACTTT,4120,3,clonotype149,clonotype149_consensus_2
AATCCAGCAAACGTGG-1,True,AATCCAGCAAACGTGG-1_contig_1,True,558,TRA,TRAV19,None,TRAJ39,TRAC,True,True,CAAGGNNAGAKLTF,TGCGCAGCAGGTGGGAATAATGCAGGTGCCAAGCTCACATTC,26312,25,clonotype1,clonotype1_consensus_2
AATCCAGCAAACGTGG-1,True,AATCCAGCAAACGTGG-1_contig_2,True,566,TRB,TRBV12-2+TRBV13-2,None,TRBJ1-2,TRBC1,True,True,CASGGGTGNSDYTF,TGTGCCAGCGGTGGGGGGACAGGGAACTCCGACTACACCTTC,39964,55,clonotype1,clonotype1_consensus_1
AATCCAGCAAACGTGG-1,True,AATCCAGCAAACGTGG-1_contig_3,True,431,TRB,None,None,TRBJ2-5,None,False,False,None,None,10072,9,clonotype1,None
AATCCAGGTCCGAATT-1,True,AATCCAGGTCCGAATT-1_contig_1,True,558,TRA,TRAV19,None,TRAJ39,TRAC,True,True,CAAGGNNAGAKLTF,TGCGCAGCAGGTGGGAATAATGCAGGTGCCAAGCTCACATTC,4398,3,clonotype1,clonotype1_consensus_2
AATCCAGGTCCGAATT-1,True,AATCCAGGTCCGAATT-1_contig_2,True,563,TRB,TRBV12-2+TRBV13-2,None,TRBJ1-2,TRBC1,True,True,CASGGGTGNSDYTF,TGTGCCAGCGGTGGGGGGACAGGGAACTCCGACTACACCTTC,7376,7,clonotype1,clonotype1_consensus_1
AATCCAGGTCCGAATT-1,True,AATCCAGGTCCGAATT-1_contig_3,True,397,TRB,None,None,TRBJ2-1,None,False,False,None,None,5404,3,clonotype1,None
AATCCAGGTCCGAATT-1,True,AATCCAGGTCCGAATT-1_contig_4,True,321,TRB,None,None,TRBJ1-4,TRBC1,False,False,None,None,2482,1,clonotype1,None
AATCCAGTCCATGAAC-1,True,AATCCAGTCCATGAAC-1_contig_1,True,506,TRA,TRAV13N-1,None,TRAJ57,TRAC,True,True,CAMANQGGSAKLIF,TGTGCTATGGCGAATCAAGGAGGGTCTGCGAAGCTCATCTTT,2176,2,clonotype228,clonotype228_consensus_1
AATCCAGTCCATGAAC-1,True,AATCCAGTCCATGAAC-1_contig_2,True,525,TRB,TRBV17,None,TRBJ2-5,None,True,True,CASSRKGVQDTQYF,TGTGCTAGCAGTAGGAAAGGGGTCCAAGACACCCAGTACTTT,12870,9,clonotype228,clonotype228_consensus_3
AATCCAGTCCATGAAC-1,True,AATCCAGTCCATGAAC-1_contig_3,True,641,TRB,TRBV12-2+TRBV13-2,None,TRBJ1-5,TRBC1,True,True,CASGTGDNQAPLF,TGTGCCAGCGGTACAGGAGACAACCAGGCTCCGCTTTTT,10670,10,clonotype228,clonotype228_consensus_2
AATCCAGTCCATGAAC-1,True,AATCCAGTCCATGAAC-1_contig_4,True,451,TRB,None,None,TRBJ1-3,TRBC1,False,False,None,None,5590,3,clonotype228,None
AATCGGTCAAGGACAC-1,True,AATCGGTCAAGGACAC-1_contig_1,True,549,TRB,TRBV16,None,TRBJ2-5,None,True,True,CASSLGGGQDTQYF,TGTGCAAGCAGCTTAGGGGGGGGCCAAGACACCCAGTACTTT,6438,5,clonotype61,clonotype61_consensus_1
AATCGGTCAGTCCTTC-1,True,AATCGGTCAGTCCTTC-1_contig_1,True,507,TRB,TRBV31,None,TRBJ2-4,None,True,True,CAWDNQNTLYF,TGTGCCTGGGACAATCAAAACACCTTGTACTTT,17232,11,clonotype113,clonotype113_consensus_3
AATCGGTCAGTCCTTC-1,True,AATCGGTCAGTCCTTC-1_contig_2,True,559,TRB,TRBV12-2+TRBV13-2,None,TRBJ2-4,None,True,True,CASGTGDTLYF,TGTGCCAGCGGTACGGGCGACACCTTGTACTTT,18772,17,clonotype113,clonotype113_consensus_2
AATCGGTCAGTCCTTC-1,True,AATCGGTCAGTCCTTC-1_contig_3,True,522,TRA,TRAV6-6,None,TRAJ22,TRAC,True,True,CALGEGPSGSWQLIF,TGTGCTCTGGGTGAGGGGCCTTCTGGCAGCTGGCAACTCATCTTT,10134,7,clonotype113,clonotype113_consensus_1
AATCGGTCAGTCCTTC-1,True,AATCGGTCAGTCCTTC-1_contig_4,True,315,TRA,TRAV9D-3,None,TRAJ22,TRAC,True,False,CEHDPSGSWQLIF,TGTGAGCATGACCCTTCTGGCAGCTGGCAACTCATCTTT,5058,2,clonotype113,None
AATCGGTGTACGCTGC-1,True,AATCGGTGTACGCTGC-1_contig_1,True,564,TRA,TRAV6-6,None,TRAJ17,TRAC,True,True,CALGENSAGNKLTF,TGTGCTCTGGGTGAAAACAGTGCAGGGAACAAGCTAACTTTT,6078,4,clonotype229,clonotype229_consensus_1
AATCGGTGTACGCTGC-1,True,AATCGGTGTACGCTGC-1_contig_2,True,508,TRB,TRBV13-1,None,TRBJ1-1,TRBC1,True,True,CASSDAGRGEVFF,TGTGCCAGCAGTGATGCTGGCAGGGGAGAGGTCTTCTTT,17188,12,clonotype229,clonotype229_consensus_2
AATCGGTGTACGCTGC-1,True,AATCGGTGTACGCTGC-1_contig_3,True,329,TRB,None,None,TRBJ2-1,None,False,False,None,None,2226,2,clonotype229,None
AATCGGTGTACGCTGC-1,True,AATCGGTGTACGCTGC-1_contig_4,True,530,TRB,TRBV10,None,TRBJ2-4,None,True,False,CQQNWGGISQNTLYF,TGCCAGCAAAACTGGGGGGGCATAAGTCAAAACACCTTGTACTTT,1640,1,clonotype229,None
AATCGGTGTGGGTATG-1,True,AATCGGTGTGGGTATG-1_contig_1,True,558,TRA,TRAV19,None,TRAJ39,TRAC,True,True,CAAGGNNAGAKLTF,TGCGCAGCAGGTGGGAATAATGCAGGTGCCAAGCTCACATTC,2738,2,clonotype19,clonotype19_consensus_1
AATCGGTTCCGGGTGT-1,True,AATCGGTTCCGGGTGT-1_contig_1,True,524,TRA,TRAV14N-3,None,TRAJ6,TRAC,True,True,CAARTSGGNYKPTF,TGTGCAGCAAGAACCTCAGGAGGAAACTACAAACCTACGTTT,3800,3,clonotype4,clonotype4_consensus_2
AATCGGTTCCGGGTGT-1,True,AATCGGTTCCGGGTGT-1_contig_2,True,549,TRA,TRAV8N-2,None,TRAJ13,TRAC,True,True,CATEDSGTYQRF,TGTGCTACTGAGGATTCTGGGACTTACCAGAGGTTT,9038,5,clonotype4,clonotype4_consensus_1
AATCGGTTCCGGGTGT-1,True,AATCGGTTCCGGGTGT-1_contig_3,True,566,TRB,TRBV12-2+TRBV13-2,None,TRBJ2-7,None,True,True,CASGTGGDYEQYF,TGTGCCAGCGGGACTGGGGGGGACTATGAACAGTACTTC,11570,15,clonotype4,clonotype4_consensus_3
AATCGGTTCGCTTAGA-1,True,AATCGGTTCGCTTAGA-1_contig_1,True,519,TRA,TRAV6-6,None,TRAJ24,TRAC,True,True,CAPLTTASLGKLQF,TGTGCTCCGTTGACAACTGCCAGTTTGGGGAAACTGCAGTTT,8488,5,clonotype3,clonotype3_consensus_2
AATCGGTTCGCTTAGA-1,True,AATCGGTTCGCTTAGA-1_contig_2,True,505,TRB,TRBV13-1,None,TRBJ2-4,None,True,True,CASSEGTNTLYF,TGTGCCAGCAGTGAAGGAACAAACACCTTGTACTTT,10398,7,clonotype3,clonotype3_consensus_1
AATCGGTTCGCTTAGA-1,True,AATCGGTTCGCTTAGA-1_contig_3,True,741,TRA,TRAV9D-2,None,TRAJ26,TRAC,True,True,CVLSRGNNYAQGLTF,TGTGTTCTGAGCAGGGGCAATAACTATGCCCAGGGATTAACCTTC,10156,6,clonotype3,clonotype3_consensus_3
AATCGGTTCGCTTAGA-1,True,AATCGGTTCGCTTAGA-1_contig_4,True,367,TRB,None,None,TRBJ2-7,None,False,False,None,None,3928,2,clonotype3,None
ACACCAAAGCCTTGAT-1,True,ACACCAAAGCCTTGAT-1_contig_1,True,517,TRA,TRAV6-6,None,TRAJ24,TRAC,True,True,CAPLTTASLGKLQF,TGTGCTCCGTTGACAACTGCCAGTTTGGGGAAACTGCAGTTT,2068,1,clonotype3,clonotype3_consensus_2
ACACCAAAGCCTTGAT-1,True,ACACCAAAGCCTTGAT-1_contig_2,True,505,TRB,TRBV13-1,None,TRBJ2-4,None,True,True,CASSEGTNTLYF,TGTGCCAGCAGTGAAGGAACAAACACCTTGTACTTT,15886,13,clonotype3,clonotype3_consensus_1
ACACCAAAGCCTTGAT-1,True,ACACCAAAGCCTTGAT-1_contig_3,True,703,TRA,TRAV9D-2,None,TRAJ26,TRAC,True,True,CVLSRGNNYAQGLTF,TGTGTTCTGAGCAGGGGCAATAACTATGCCCAGGGATTAACCTTC,1364,1,clonotype3,clonotype3_consensus_3
ACACCAAGTCTCACCT-1,True,ACACCAAGTCTCACCT-1_contig_1,True,512,TRB,TRBV13-1,None,TRBJ2-4,None,True,True,CASSEGTNTLYF,TGTGCCAGCAGTGAAGGAACAAACACCTTGTACTTT,9192,9,clonotype9,clonotype9_consensus_1
ACACCAAGTCTCACCT-1,True,ACACCAAGTCTCACCT-1_contig_2,True,710,TRA,TRAV9D-2,None,TRAJ26,TRAC,True,True,CVLSRGNNYAQGLTF,TGTGTTCTGAGCAGGGGCAATAACTATGCCCAGGGATTAACCTTC,4720,4,clonotype9,clonotype9_consensus_2
ACACCAAGTCTCACCT-1,True,ACACCAAGTCTCACCT-1_contig_3,True,422,TRB,None,None,TRBJ2-7,None,False,False,None,None,2652,2,clonotype9,None
ACACCAATCCAGAGGA-1,True,ACACCAATCCAGAGGA-1_contig_1,True,558,TRA,TRAV6-6,None,TRAJ24,TRAC,True,True,CAPLTTASLGKLQF,TGTGCTCCGTTGACAACTGCCAGTTTGGGGAAACTGCAGTTT,5468,5,clonotype2,clonotype2_consensus_2
ACACCAATCCAGAGGA-1,True,ACACCAATCCAGAGGA-1_contig_2,True,505,TRB,TRBV13-1,None,TRBJ2-4,None,True,True,CASSEGTNTLYF,TGTGCCAGCAGTGAAGGAACAAACACCTTGTACTTT,30416,22,clonotype2,clonotype2_consensus_1
ACACCAATCCAGAGGA-1,True,ACACCAATCCAGAGGA-1_contig_3,True,797,TRA,TRAV9D-2,None,TRAJ26,TRAC,True,False,CVLSRGNNYAQGLTF,TGTGTTCTGAGCAGGGGCAATAACTATGCCCAGGGATTAACCTTC,9252,5,clonotype2,None
ACACCAATCCAGAGGA-1,True,ACACCAATCCAGAGGA-1_contig_4,True,582,TRB,TRBV12-2+TRBV13-2,None,TRBJ2-5,None,True,False,CASGDW,TGTGCCAGCGGTGACTGG,4172,4,clonotype2,None
ACACCAATCGGCGGTT-1,True,ACACCAATCGGCGGTT-1_contig_1,True,569,TRA,TRAV8D-2,None,TRAJ15,TRAC,True,True,CATDDRQGGRALIF,TGTGCTACAGATGATCGCCAGGGAGGCAGAGCTCTGATATTT,2874,2,clonotype230,clonotype230_consensus_1
ACACCAATCGGCGGTT-1,True,ACACCAATCGGCGGTT-1_contig_2,True,499,TRB,TRBV13-1,None,TRBJ2-1,None,True,True,CASRGDEQFF,TGTGCCAGCAGGGGGGACGAGCAGTTCTTC,6328,7,clonotype230,clonotype230_consensus_2
ACACCAATCGGCGGTT-1,True,ACACCAATCGGCGGTT-1_contig_3,True,355,TRB,None,None,TRBJ2-1,None,False,False,None,None,3088,5,clonotype230,None
ACACCAATCTCCCTGA-1,True,ACACCAATCTCCCTGA-1_contig_1,True,522,TRA,TRAV6-6,None,TRAJ24,TRAC,True,True,CAPLTTASLGKLQF,TGTGCTCCGTTGACAACTGCCAGTTTGGGGAAACTGCAGTTT,8828,5,clonotype3,clonotype3_consensus_2
ACACCAATCTCCCTGA-1,True,ACACCAATCTCCCTGA-1_contig_2,True,512,TRB,TRBV13-1,None,TRBJ2-4,None,True,True,CASSEGTNTLYF,TGTGCCAGCAGTGAAGGAACAAACACCTTGTACTTT,35664,30,clonotype3,clonotype3_consensus_1
ACACCAATCTCCCTGA-1,True,ACACCAATCTCCCTGA-1_contig_3,True,671,TRA,TRAV9D-2,None,TRAJ26,TRAC,True,True,CVLSRGNNYAQGLTF,TGTGTTCTGAGCAGGGGCAATAACTATGCCCAGGGATTAACCTTC,18460,11,clonotype3,clonotype3_consensus_3
ACACCAATCTCCCTGA-1,True,ACACCAATCTCCCTGA-1_contig_4,True,581,TRB,TRBV12-2+TRBV13-2,None,TRBJ2-5,None,True,False,CASGDW,TGTGCCAGCGGTGACTGG,1008,1,clonotype3,None
ACACCCTAGTGTTGAA-1,True,ACACCCTAGTGTTGAA-1_contig_1,True,517,TRA,TRAV13N-1,None,TRAJ57,TRAC,True,True,CAMANQGGSAKLIF,TGTGCTATGGCGAATCAAGGAGGGTCTGCGAAGCTCATCTTT,2514,1,clonotype114,clonotype114_consensus_1
ACACCCTAGTGTTGAA-1,True,ACACCCTAGTGTTGAA-1_contig_2,True,525,TRB,TRBV17,None,TRBJ2-5,None,True,True,CASSRKGVQDTQYF,TGTGCTAGCAGTAGGAAAGGGGTCCAAGACACCCAGTACTTT,5120,4,clonotype114,clonotype114_consensus_2
ACACCCTAGTGTTGAA-1,True,ACACCCTAGTGTTGAA-1_contig_3,True,575,TRA,TRAV16,None,TRAJ50,TRAC,True,True,CAMREGLRASSSFSKLVF,TGTGCTATGAGAGAGGGCTTAAGAGCATCCTCCTCCTTCAGCAAGCTGGTGTTT,404,1,clonotype114,clonotype114_consensus_3
ACACCCTCATAGACTC-1,True,ACACCCTCATAGACTC-1_contig_1,True,549,TRB,TRBV16,None,TRBJ2-5,None,True,True,CASSFGGAPDTQYF,TGTGCAAGCAGCTTTGGGGGGGCGCCAGACACCCAGTACTTT,14774,12,clonotype17,clonotype17_consensus_2
ACACCCTCATAGACTC-1,True,ACACCCTCATAGACTC-1_contig_2,True,522,TRA,TRAV14-2,None,TRAJ49,TRAC,True,True,CAAQGYQNFYF,TGTGCAGCACAGGGTTACCAGAACTTCTATTTT,16950,10,clonotype17,clonotype17_consensus_3
ACACCCTCATAGACTC-1,True,ACACCCTCATAGACTC-1_contig_3,True,560,TRA,TRAV4D-4,None,TRAJ45,TRAC,True,True,CAAYTEGADRLTF,TGTGCTGCCTATACAGAAGGTGCAGATAGACTCACCTTT,8606,7,clonotype17,clonotype17_consensus_1
ACACCGGAGACCTAGG-1,True,ACACCGGAGACCTAGG-1_contig_1,True,639,TRA,TRAV14-1,None,TRAJ45,TRAC,True,True,CAASLYTEGADRLTF,TGTGCAGCAAGTCTTTATACAGAAGGTGCAGATAGACTCACCTTT,3412,2,clonotype62,clonotype62_consensus_2
ACACCGGAGACCTAGG-1,True,ACACCGGAGACCTAGG-1_contig_2,True,518,TRB,TRBV26,None,TRBJ2-1,None,True,True,CASSLHKFYAEQFF,TGTGCCAGCAGTCTGCACAAATTCTATGCTGAGCAGTTCTTC,5626,5,clonotype62,clonotype62_consensus_1
ACACCGGAGTTAGCGG-1,True,ACACCGGAGTTAGCGG-1_contig_1,True,572,TRB,TRBV12-2+TRBV13-2,None,TRBJ1-2,TRBC1,True,True,CASGGGTGNSDYTF,TGTGCCAGCGGTGGGGGGACAGGGAACTCCGACTACACCTTC,2468,2,clonotype7,clonotype7_consensus_1
ACACCGGGTGATAAAC-1,True,ACACCGGGTGATAAAC-1_contig_1,True,551,TRA,TRAV8-1,None,TRAJ43,TRAC,True,True,CATDEVHNNNAPRF,TGTGCTACTGATGAGGTACATAACAACAATGCCCCACGATTT,2560,2,clonotype150,clonotype150_consensus_2
ACACCGGGTGATAAAC-1,True,ACACCGGGTGATAAAC-1_contig_2,True,569,TRB,TRBV12-2+TRBV13-2,None,TRBJ2-2,None,True,True,CASGTGDTGQLYF,TGTGCCAGCGGGACAGGGGACACCGGGCAGCTCTACTTT,2688,4,clonotype150,clonotype150_consensus_1
ACACCGGGTGATGTCT-1,True,ACACCGGGTGATGTCT-1_contig_1,True,576,TRB,TRBV12-2+TRBV13-2,None,TRBJ1-4,TRBC1,True,True,CASGDAPERLFF,TGTGCCAGCGGTGATGCTCCCGAAAGATTATTTTTC,7450,7,clonotype41,clonotype41_consensus_1
ACACCGGGTGATGTCT-1,True,ACACCGGGTGATGTCT-1_contig_2,True,574,Multi,TRDV1,None,TRAJ43,TRAC,True,False,CGGLNNAPRF,TGTGGAGGCCTCAACAATGCCCCACGATTT,4168,4,clonotype41,None
ACACTGAAGAAGGTGA-1,True,ACACTGAAGAAGGTGA-1_contig_1,True,549,TRB,TRBV16,None,TRBJ2-5,None,True,True,CASSLGGGQDTQYF,TGTGCAAGCAGCTTAGGGGGGGGCCAAGACACCCAGTACTTT,5276,6,clonotype8,clonotype8_consensus_1
ACACTGAAGAAGGTGA-1,True,ACACTGAAGAAGGTGA-1_contig_2,True,591,TRA,TRAV4D-3,None,TRAJ27,TRAC,True,True,CAADGPNTGKLTF,TGTGCTGCGGACGGACCCAATACAGGCAAATTAACCTTT,30938,19,clonotype8,clonotype8_consensus_2
ACACTGAAGAAGGTGA-1,True,ACACTGAAGAAGGTGA-1_contig_3,True,525,TRA,TRAV7N-6,None,TRAJ30,TRAC,True,True,CAVVDTNAYKVIF,TGTGCAGTGGTTGACACAAATGCTTACAAAGTCATCTTT,7000,4,clonotype8,clonotype8_consensus_3
ACACTGAAGAAGGTGA-1,True,ACACTGAAGAAGGTGA-1_contig_4,True,373,TRB,None,None,TRBJ1-6,TRBC1,False,False,None,None,1768,2,clonotype8,None
ACACTGAAGAAGGTGA-1,True,ACACTGAAGAAGGTGA-1_contig_5,True,371,TRB,None,None,TRBJ2-7,None,False,False,None,None,1974,1,clonotype8,None
ACACTGAAGATGCCTT-1,True,ACACTGAAGATGCCTT-1_contig_1,True,523,TRA,TRAV8D-1,None,TRAJ30,TRAC,True,True,CALDTNAYKVIF,TGTGCCCTCGACACAAATGCTTACAAAGTCATCTTT,5540,5,clonotype48,clonotype48_consensus_2
ACACTGAAGATGCCTT-1,True,ACACTGAAGATGCCTT-1_contig_2,True,565,TRB,TRBV12-2+TRBV13-2,None,TRBJ2-1,None,True,True,CASGTGDYAEQFF,TGTGCCAGCGGGACTGGGGACTATGCTGAGCAGTTCTTC,23008,17,clonotype48,clonotype48_consensus_1
ACACTGATCGCCAGCA-1,True,ACACTGATCGCCAGCA-1_contig_1,True,519,TRA,TRAV8-1,None,TRAJ30,TRAC,True,True,CATDTNAYKVIF,TGTGCTACTGACACAAATGCTTACAAAGTCATCTTT,5390,3,clonotype13,clonotype13_consensus_1
ACACTGATCGCCAGCA-1,True,ACACTGATCGCCAGCA-1_contig_2,True,555,TRB,TRBV12-2+TRBV13-2,None,TRBJ1-5,TRBC1,True,True,CASGTGDNQAPLF,TGTGCCAGCGGGACAGGGGACAACCAGGCTCCGCTTTTT,6488,6,clonotype13,clonotype13_consensus_2
ACACTGATCGCCAGCA-1,True,ACACTGATCGCCAGCA-1_contig_3,True,511,TRB,TRBV10,None,TRBJ2-1,None,True,False,None,None,2142,3,clonotype13,None
ACACTGATCTTAGCCC-1,True,ACACTGATCTTAGCCC-1_contig_1,True,543,TRA,TRAV8-1,None,TRAJ34,TRAC,True,True,CATDVSNTNKVVF,TGTGCTACTGATGTTTCCAATACCAACAAAGTCGTCTTT,3264,2,clonotype90,clonotype90_consensus_2
ACACTGATCTTAGCCC-1,True,ACACTGATCTTAGCCC-1_contig_2,True,591,TRB,TRBV12-2+TRBV13-2,None,TRBJ1-5,TRBC1,True,True,CASGTGDNQAPLF,TGTGCCAGCGGGACAGGGGACAACCAGGCTCCGCTTTTT,6130,4,clonotype90,clonotype90_consensus_1
ACAGCCGCAATGGAAT-1,True,ACAGCCGCAATGGAAT-1_contig_1,True,540,TRA,TRAV3D-3,None,TRAJ22,TRAC,True,True,CAVSAGSSGSWQLIF,TGCGCAGTCAGTGCAGGGTCTTCTGGCAGCTGGCAACTCATCTTT,5686,3,clonotype231,clonotype231_consensus_1
ACAGCCGCAGTGGGAT-1,True,ACAGCCGCAGTGGGAT-1_contig_1,True,511,TRA,TRAV6N-6,None,TRAJ47,TRAC,True,True,CALSGMDYANKMIF,TGCGCTCTGAGTGGCATGGACTATGCAAACAAGATGATCTTT,1538,2,clonotype232,clonotype232_consensus_2
ACAGCCGCAGTGGGAT-1,True,ACAGCCGCAGTGGGAT-1_contig_2,True,664,TRA,TRAV9-4,None,TRAJ43,TRAC,True,True,CAVSGNNNNAPRF,TGTGCTGTGAGCGGTAATAACAACAATGCCCCACGATTT,2834,2,clonotype232,clonotype232_consensus_3
ACAGCCGCAGTGGGAT-1,True,ACAGCCGCAGTGGGAT-1_contig_3,True,580,TRB,TRBV12-2+TRBV13-2,None,TRBJ2-5,None,True,True,CASGDTGLGGGQDTQYF,TGTGCCAGCGGTGATACAGGACTGGGGGGGGGGCAAGACACCCAGTACTTT,1552,3,clonotype232,clonotype232_consensus_1
ACAGCCGCAGTGGGAT-1,True,ACAGCCGCAGTGGGAT-1_contig_4,True,670,TRB,TRBV19,None,TRBJ2-5,None,True,False,CASRR,TGTGCCAGCAGACGG,230,1,clonotype232,None
ACAGCTAAGGAATGGA-1,True,ACAGCTAAGGAATGGA-1_contig_1,True,556,TRA,TRAV8-1,None,TRAJ30,TRAC,True,True,CASDTNAYKVIF,TGTGCTTCTGACACAAATGCTTACAAAGTCATCTTT,1374,1,clonotype23,clonotype23_consensus_2
ACAGCTAAGGAATGGA-1,True,ACAGCTAAGGAATGGA-1_contig_2,True,622,TRB,TRBV12-2+TRBV13-2,None,TRBJ1-5,TRBC1,True,True,CASGTGDNQAPLF,TGTGCCAGCGGGACAGGGGACAACCAGGCTCCGCTTTTT,4328,4,clonotype23,clonotype23_consensus_1
ACAGCTAAGGAATGGA-1,True,ACAGCTAAGGAATGGA-1_contig_3,True,337,TRB,None,None,TRBJ2-1,None,False,False,None,None,7780,4,clonotype23,None
ACAGCTAAGGAATGGA-1,True,ACAGCTAAGGAATGGA-1_contig_4,True,520,TRA,TRAV4-4-DV10,None,TRAJ50,TRAC,True,False,None,None,524,3,clonotype23,None
ACAGCTAAGTTATCGC-1,True,ACAGCTAAGTTATCGC-1_contig_1,True,502,TRB,TRBV26,None,TRBJ1-1,None,True,True,CASSRGNTEVFF,TGTGCCAGCAGCCGCGGAAACACAGAAGTCTTCTTT,1176,2,clonotype233,clonotype233_consensus_1
ACAGCTAAGTTATCGC-1,True,ACAGCTAAGTTATCGC-1_contig_2,True,507,TRA,TRAV13-2,None,TRAJ43,TRAC,True,True,CATLNNNNAPRF,TGTGCTACTCTCAATAACAACAATGCCCCACGATTT,1936,1,clonotype233,clonotype233_consensus_2
ACAGCTAAGTTATCGC-1,True,ACAGCTAAGTTATCGC-1_contig_3,True,558,TRB,TRBV13-2,None,TRBJ2-1,None,True,True,CASGTGDYAEQFF,TGTGCCAGCGGTACAGGGGACTATGCTGAGCAGTTCTTC,1772,1,clonotype233,clonotype233_consensus_3
ACAGCTACAACTTGAC-1,True,ACAGCTACAACTTGAC-1_contig_1,True,541,TRA,TRAV14N-3,None,TRAJ6,TRAC,True,True,CAARTSGGNYKPTF,TGTGCAGCAAGAACCTCAGGAGGAAACTACAAACCTACGTTT,4238,2,clonotype4,clonotype4_consensus_2
ACAGCTACAACTTGAC-1,True,ACAGCTACAACTTGAC-1_contig_2,True,549,TRA,TRAV8N-2,None,TRAJ13,TRAC,True,True,CATEDSGTYQRF,TGTGCTACTGAGGATTCTGGGACTTACCAGAGGTTT,11272,9,clonotype4,clonotype4_consensus_1
ACAGCTACAACTTGAC-1,True,ACAGCTACAACTTGAC-1_contig_3,True,564,TRB,TRBV12-2+TRBV13-2,None,TRBJ2-7,None,True,True,CASGTGGDYEQYF,TGTGCCAGCGGGACTGGGGGGGACTATGAACAGTACTTC,9360,10,clonotype4,clonotype4_consensus_3
ACAGCTAGTAGCTTGT-1,True,ACAGCTAGTAGCTTGT-1_contig_1,True,558,TRA,TRAV19,None,TRAJ39,TRAC,True,True,CAAGGNNAGAKLTF,TGCGCAGCAGGTGGGAATAATGCAGGTGCCAAGCTCACATTC,6336,4,clonotype1,clonotype1_consensus_2
ACAGCTAGTAGCTTGT-1,True,ACAGCTAGTAGCTTGT-1_contig_2,True,579,TRB,TRBV12-2+TRBV13-2,None,TRBJ1-2,TRBC1,True,True,CASGGGTGNSDYTF,TGTGCCAGCGGTGGGGGGACAGGGAACTCCGACTACACCTTC,9744,10,clonotype1,clonotype1_consensus_1
ACAGCTAGTCTTCGTC-1,True,ACAGCTAGTCTTCGTC-1_contig_1,True,579,TRA,TRAV14N-3,None,TRAJ6,TRAC,True,True,CAARTSGGNYKPTF,TGTGCAGCAAGAACCTCAGGAGGAAACTACAAACCTACGTTT,16228,9,clonotype4,clonotype4_consensus_2
ACAGCTAGTCTTCGTC-1,True,ACAGCTAGTCTTCGTC-1_contig_2,True,549,TRA,TRAV8N-2,None,TRAJ13,TRAC,True,True,CATEDSGTYQRF,TGTGCTACTGAGGATTCTGGGACTTACCAGAGGTTT,7562,5,clonotype4,clonotype4_consensus_1
ACAGCTAGTCTTCGTC-1,True,ACAGCTAGTCTTCGTC-1_contig_3,True,584,TRB,TRBV12-2+TRBV13-2,None,TRBJ2-7,None,True,True,CASGTGGDYEQYF,TGTGCCAGCGGGACTGGGGGGGACTATGAACAGTACTTC,13840,15,clonotype4,clonotype4_consensus_3
ACAGCTATCAACACCA-1,True,ACAGCTATCAACACCA-1_contig_1,True,538,TRA,TRAV8D-1,None,TRAJ31,TRAC,True,True,CATDSNNRIFF,TGTGCTACTGATAGCAATAACAGAATCTTCTTT,7860,6,clonotype234,clonotype234_consensus_1
ACAGCTATCAACACCA-1,True,ACAGCTATCAACACCA-1_contig_2,True,574,TRA,TRAV3D-3,None,TRAJ30,TRAC,True,True,CAVRADTNAYKVIF,TGCGCAGTCAGGGCTGACACAAATGCTTACAAAGTCATCTTT,10392,6,clonotype234,clonotype234_consensus_3
ACAGCTATCAACACCA-1,True,ACAGCTATCAACACCA-1_contig_3,True,612,TRB,TRBV12-2+TRBV13-2,None,TRBJ2-1,None,True,True,CASAGGDYAEQFF,TGTGCCAGCGCGGGGGGGGACTATGCTGAGCAGTTCTTC,10462,9,clonotype234,clonotype234_consensus_2
ACAGCTATCACAATGC-1,True,ACAGCTATCACAATGC-1_contig_1,True,602,TRA,TRAV14N-3,None,TRAJ6,TRAC,True,True,CAARTSGGNYKPTF,TGTGCAGCAAGAACCTCAGGAGGAAACTACAAACCTACGTTT,12582,7,clonotype4,clonotype4_consensus_2
ACAGCTATCACAATGC-1,True,ACAGCTATCACAATGC-1_contig_2,True,549,TRA,TRAV8N-2,None,TRAJ13,TRAC,True,True,CATEDSGTYQRF,TGTGCTACTGAGGATTCTGGGACTTACCAGAGGTTT,19918,10,clonotype4,clonotype4_consensus_1
ACAGCTATCACAATGC-1,True,ACAGCTATCACAATGC-1_contig_3,True,566,TRB,TRBV12-2+TRBV13-2,None,TRBJ2-7,None,True,True,CASGTGGDYEQYF,TGTGCCAGCGGGACTGGGGGGGACTATGAACAGTACTTC,14470,12,clonotype4,clonotype4_consensus_3
ACAGCTATCCGTAGTA-1,True,ACAGCTATCCGTAGTA-1_contig_1,True,556,TRA,TRAV19,None,TRAJ39,TRAC,True,True,CAAGGNNAGAKLTF,TGCGCAGCAGGTGGGAATAATGCAGGTGCCAAGCTCACATTC,672,1,clonotype1,clonotype1_consensus_2
ACAGCTATCCGTAGTA-1,True,ACAGCTATCCGTAGTA-1_contig_2,True,639,TRB,TRBV12-2+TRBV13-2,None,TRBJ1-2,TRBC1,True,True,CASGGGTGNSDYTF,TGTGCCAGCGGTGGGGGGACAGGGAACTCCGACTACACCTTC,4012,4,clonotype1,clonotype1_consensus_1
ACATACGCAACGATCT-1,True,ACATACGCAACGATCT-1_contig_1,True,558,TRA,TRAV19,None,TRAJ39,TRAC,True,True,CAAGGNNAGAKLTF,TGCGCAGCAGGTGGGAATAATGCAGGTGCCAAGCTCACATTC,6174,5,clonotype1,clonotype1_consensus_2
ACATACGCAACGATCT-1,True,ACATACGCAACGATCT-1_contig_2,True,570,TRB,TRBV12-2+TRBV13-2,None,TRBJ1-2,TRBC1,True,True,CASGGGTGNSDYTF,TGTGCCAGCGGTGGGGGGACAGGGAACTCCGACTACACCTTC,4418,5,clonotype1,clonotype1_consensus_1
ACATACGCAACGATCT-1,True,ACATACGCAACGATCT-1_contig_3,True,334,TRB,None,None,TRBJ2-1,None,False,False,None,None,4876,3,clonotype1,None
ACATACGCACGGACAA-1,True,ACATACGCACGGACAA-1_contig_1,True,541,TRA,TRAV8D-1,None,TRAJ30,TRAC,True,True,CATDTNAYKVIF,TGTGCTACTGACACAAATGCTTACAAAGTCATCTTT,8946,4,clonotype31,clonotype31_consensus_1
ACATACGCACGGACAA-1,True,ACATACGCACGGACAA-1_contig_2,True,567,TRB,TRBV12-2+TRBV13-2,None,TRBJ1-5,TRBC1,True,True,CASGTGDNQAPLF,TGTGCCAGCGGTACAGGAGACAACCAGGCTCCGCTTTTT,9390,6,clonotype31,clonotype31_consensus_2
ACATACGCACTTCGAA-1,True,ACATACGCACTTCGAA-1_contig_1,True,549,TRB,TRBV16,None,TRBJ2-5,None,True,True,CASSFGGGEDTQYF,TGTGCAAGCAGCTTTGGGGGGGGGGAAGACACCCAGTACTTT,14848,16,clonotype40,clonotype40_consensus_2
ACATACGCACTTCGAA-1,True,ACATACGCACTTCGAA-1_contig_2,True,558,TRA,TRAV16,None,TRAJ49,TRAC,True,True,CAMRESNTGYQNFYF,TGTGCTATGAGAGAGTCGAACACGGGTTACCAGAACTTCTATTTT,4874,5,clonotype40,clonotype40_consensus_1
ACATACGCACTTCGAA-1,True,ACATACGCACTTCGAA-1_contig_3,True,336,TRB,None,None,TRBJ2-7,None,False,False,None,None,2648,7,clonotype40,None
ACATCAGAGTACGTTC-1,True,ACATCAGAGTACGTTC-1_contig_1,True,546,TRA,TRAV16D-DV11,None,TRAJ9,TRAC,True,True,CAMRESNMGYKLTF,TGTGCTATGAGAGAGAGCAACATGGGCTACAAACTTACCTTC,6466,3,clonotype32,clonotype32_consensus_1
ACATCAGAGTACGTTC-1,True,ACATCAGAGTACGTTC-1_contig_2,True,557,TRB,TRBV20,None,TRBJ1-6,TRBC1,True,True,CADRSYNSPLYF,TGTGCCGACAGGTCCTATAATTCGCCCCTCTACTTT,7070,5,clonotype32,clonotype32_consensus_2
ACATCAGGTCCATGAT-1,True,ACATCAGGTCCATGAT-1_contig_1,True,549,TRB,TRBV16,None,TRBJ2-5,None,True,True,CASSFGGGQDTQYF,TGTGCAAGCAGCTTCGGGGGCGGCCAAGACACCCAGTACTTT,9638,6,clonotype235,clonotype235_consensus_3
ACATCAGGTCCATGAT-1,True,ACATCAGGTCCATGAT-1_contig_2,True,566,TRA,TRAV3-3,None,TRAJ49,TRAC,True,True,CAVSGATGYQNFYF,TGCGCAGTCAGTGGGGCCACGGGTTACCAGAACTTCTATTTT,8906,8,clonotype235,clonotype235_consensus_1
ACATCAGGTCCATGAT-1,True,ACATCAGGTCCATGAT-1_contig_3,True,567,TRB,TRBV12-2+TRBV13-2,None,TRBJ2-7,None,True,True,CASGVQGGEQYF,TGTGCCAGCGGTGTGCAGGGGGGAGAACAGTACTTC,42210,48,clonotype235,clonotype235_consensus_2
ACATCAGGTCCATGAT-1,True,ACATCAGGTCCATGAT-1_contig_4,True,542,Multi,TRDV2-2,None,TRAJ58,TRAC,True,False,CALMEPQGTGSKLSF,TGTGCTCTCATGGAGCCTCAAGGCACTGGGTCTAAGCTGTCATTT,8524,7,clonotype235,None
ACATCAGGTCCATGAT-1,True,ACATCAGGTCCATGAT-1_contig_5,True,610,TRA,TRAV5-4,None,TRAJ37,TRAC,True,False,None,None,4416,3,clonotype235,None
ACATCAGTCTTTAGTC-1,True,ACATCAGTCTTTAGTC-1_contig_1,True,513,TRA,TRAV6-6,None,TRAJ24,TRAC,True,True,CAPLTTASLGKLQF,TGTGCTCCGTTGACAACTGCCAGTTTGGGGAAACTGCAGTTT,3010,3,clonotype2,clonotype2_consensus_2
ACATCAGTCTTTAGTC-1,True,ACATCAGTCTTTAGTC-1_contig_2,True,505,TRB,TRBV13-1,None,TRBJ2-4,None,True,True,CASSEGTNTLYF,TGTGCCAGCAGTGAAGGAACAAACACCTTGTACTTT,7088,6,clonotype2,clonotype2_consensus_1
ACATCAGTCTTTAGTC-1,True,ACATCAGTCTTTAGTC-1_contig_3,True,356,TRA,TRAV9D-2,None,TRAJ26,None,True,False,CVLSRGNNYAQGLTF,TGTGTTCTGAGCAGGGGCAATAACTATGCCCAGGGATTAACCTTC,228,1,clonotype2,None
ACATCAGTCTTTAGTC-1,True,ACATCAGTCTTTAGTC-1_contig_4,True,460,TRB,None,None,TRBJ2-7,None,False,False,None,None,4160,2,clonotype2,None
ACATGGTAGATCCCAT-1,True,ACATGGTAGATCCCAT-1_contig_1,True,627,TRB,TRBV12-2+TRBV13-2,None,TRBJ1-5,TRBC1,True,True,CASGTGDNQAPLF,TGTGCCAGCGGTACAGGAGACAACCAGGCTCCGCTTTTT,2444,5,clonotype39,clonotype39_consensus_1
ACATGGTAGATCCCAT-1,True,ACATGGTAGATCCCAT-1_contig_2,True,476,TRA,None,None,TRAJ41,TRAC,False,False,None,None,4442,2,clonotype39,None
ACATGGTAGGATGTAT-1,True,ACATGGTAGGATGTAT-1_contig_1,True,656,TRA,TRAV8-1,None,TRAJ34,TRAC,True,True,CATDVSNTNKVVF,TGTGCTACTGATGTTTCCAATACCAACAAAGTCGTCTTT,15152,13,clonotype90,clonotype90_consensus_2
ACATGGTAGGATGTAT-1,True,ACATGGTAGGATGTAT-1_contig_2,True,590,TRB,TRBV12-2+TRBV13-2,None,TRBJ1-5,TRBC1,True,True,CASGTGDNQAPLF,TGTGCCAGCGGGACAGGGGACAACCAGGCTCCGCTTTTT,22270,22,clonotype90,clonotype90_consensus_1
ACATGGTAGGATGTAT-1,True,ACATGGTAGGATGTAT-1_contig_3,True,631,TRA,TRAV4-3,None,TRAJ32,TRAC,True,False,None,None,7482,4,clonotype90,None
ACATGGTAGGATGTAT-1,True,ACATGGTAGGATGTAT-1_contig_4,True,511,TRB,None,None,TRBJ2-7,None,False,False,None,None,4116,3,clonotype90,None
ACATGGTAGGATGTAT-1,True,ACATGGTAGGATGTAT-1_contig_5,True,306,TRB,None,None,TRBJ2-3,None,False,False,None,None,3822,2,clonotype90,None
ACATGGTAGGATGTAT-1,True,ACATGGTAGGATGTAT-1_contig_6,True,331,TRB,None,None,TRBJ2-1,None,False,False,None,None,10416,9,clonotype90,None
ACATGGTAGGCCCTTG-1,True,ACATGGTAGGCCCTTG-1_contig_1,True,525,TRA,TRAV14N-3,None,TRAJ6,TRAC,True,True,CAARTSGGNYKPTF,TGTGCAGCAAGAACCTCAGGAGGAAACTACAAACCTACGTTT,9264,6,clonotype4,clonotype4_consensus_2
ACATGGTAGGCCCTTG-1,True,ACATGGTAGGCCCTTG-1_contig_2,True,549,TRA,TRAV8N-2,None,TRAJ13,TRAC,True,True,CATEDSGTYQRF,TGTGCTACTGAGGATTCTGGGACTTACCAGAGGTTT,9988,7,clonotype4,clonotype4_consensus_1
ACATGGTAGGCCCTTG-1,True,ACATGGTAGGCCCTTG-1_contig_3,True,600,TRB,TRBV12-2+TRBV13-2,None,TRBJ2-7,None,True,True,CASGTGGDYEQYF,TGTGCCAGCGGGACTGGGGGGGACTATGAACAGTACTTC,25468,24,clonotype4,clonotype4_consensus_3
ACATGGTAGTCACGCC-1,True,ACATGGTAGTCACGCC-1_contig_1,True,555,TRA,TRAV3-3,None,TRAJ49,TRAC,True,True,CAVSGSTGYQNFYF,TGCGCAGTCAGTGGGAGCACGGGTTACCAGAACTTCTATTTT,11666,8,clonotype5,clonotype5_consensus_1
ACATGGTAGTCACGCC-1,True,ACATGGTAGTCACGCC-1_contig_2,True,612,TRB,TRBV12-2+TRBV13-2,None,TRBJ2-7,None,True,True,CASGVQGWEQYF,TGTGCCAGCGGTGTACAGGGGTGGGAACAGTACTTC,27524,21,clonotype5,clonotype5_consensus_2
ACATGGTAGTCACGCC-1,True,ACATGGTAGTCACGCC-1_contig_3,True,304,TRB,None,None,TRBJ2-5,None,False,False,None,None,6934,5,clonotype5,None
ACATGGTAGTCACGCC-1,True,ACATGGTAGTCACGCC-1_contig_4,True,641,TRB,None,None,TRBJ1-1,TRBC1,False,False,None,None,3468,2,clonotype5,None
ACATGGTAGTCACGCC-1,True,ACATGGTAGTCACGCC-1_contig_5,True,444,TRA,TRAV6D-5,None,TRAJ38,None,True,False,CTTVFWDNVGDNSKLIW,TGTACTACTGTGTTCTGGGATAATGTTGGTGACAACAGTAAGCTGATTTGG,2364,1,clonotype5,None
ACATGGTCAATGTTGC-1,True,ACATGGTCAATGTTGC-1_contig_1,True,540,TRA,TRAV6-6,None,TRAJ24,TRAC,True,True,CAPLTTASLGKLQF,TGTGCTCCGTTGACAACTGCCAGTTTGGGGAAACTGCAGTTT,1606,1,clonotype2,clonotype2_consensus_2
ACATGGTCAATGTTGC-1,True,ACATGGTCAATGTTGC-1_contig_2,True,505,TRB,TRBV13-1,None,TRBJ2-4,None,True,True,CASSEGTNTLYF,TGTGCCAGCAGTGAAGGAACAAACACCTTGTACTTT,5902,4,clonotype2,clonotype2_consensus_1
ACATGGTCAATGTTGC-1,True,ACATGGTCAATGTTGC-1_contig_3,True,393,TRA,TRAV9D-2,None,TRAJ26,TRAC,True,False,CVLSRGNNYAQGLTF,TGTGTTCTGAGCAGGGGCAATAACTATGCCCAGGGATTAACCTTC,352,1,clonotype2,None
ACATGGTCACGCATCG-1,True,ACATGGTCACGCATCG-1_contig_1,True,538,TRA,TRAV8-1,None,TRAJ12,TRAC,True,True,CATDGGGYKVVF,TGTGCTACTGATGGTGGAGGCTATAAAGTGGTCTTT,4194,3,clonotype91,clonotype91_consensus_1
ACATGGTCACGCATCG-1,True,ACATGGTCACGCATCG-1_contig_2,True,557,TRB,TRBV12-2+TRBV13-2,None,TRBJ1-5,TRBC1,True,True,CASGTGDNQAPLF,TGTGCCAGCGGGACCGGGGACAACCAGGCTCCGCTTTTT,5412,5,clonotype91,clonotype91_consensus_2
ACATGGTCACGCATCG-1,True,ACATGGTCACGCATCG-1_contig_3,True,434,TRB,None,None,TRBJ2-1,None,False,False,None,None,13752,8,clonotype91,None
ACATGGTCACTTGGAT-1,True,ACATGGTCACTTGGAT-1_contig_1,True,557,TRA,TRAV6-6,None,TRAJ24,TRAC,True,True,CAPLTTASLGKLQF,TGTGCTCCGTTGACAACTGCCAGTTTGGGGAAACTGCAGTTT,978,1,clonotype2,clonotype2_consensus_2
ACATGGTCACTTGGAT-1,True,ACATGGTCACTTGGAT-1_contig_2,True,512,TRB,TRBV13-1,None,TRBJ2-4,None,True,True,CASSEGTNTLYF,TGTGCCAGCAGTGAAGGAACAAACACCTTGTACTTT,18956,12,clonotype2,clonotype2_consensus_1
ACATGGTCACTTGGAT-1,True,ACATGGTCACTTGGAT-1_contig_3,True,479,TRB,None,None,TRBJ2-7,None,False,False,None,None,1348,1,clonotype2,None
ACATGGTCACTTGGAT-1,True,ACATGGTCACTTGGAT-1_contig_4,True,815,TRA,TRAV9D-2,None,TRAJ26,TRAC,True,False,CVLSRGNNYAQGLTF,TGTGTTCTGAGCAGGGGCAATAACTATGCCCAGGGATTAACCTTC,16456,8,clonotype2,None
ACATGGTGTCTTGATG-1,True,ACATGGTGTCTTGATG-1_contig_1,True,558,TRA,TRAV19,None,TRAJ39,TRAC,True,True,CAAGGNNAGAKLTF,TGCGCAGCAGGTGGGAATAATGCAGGTGCCAAGCTCACATTC,1628,1,clonotype1,clonotype1_consensus_2
ACATGGTGTCTTGATG-1,True,ACATGGTGTCTTGATG-1_contig_2,True,570,TRB,TRBV12-2+TRBV13-2,None,TRBJ1-2,TRBC1,True,True,CASGGGTGNSDYTF,TGTGCCAGCGGTGGGGGGACAGGGAACTCCGACTACACCTTC,3150,3,clonotype1,clonotype1_consensus_1
ACATGGTGTCTTGATG-1,True,ACATGGTGTCTTGATG-1_contig_3,True,656,TRB,None,None,TRBJ2-7,None,False,False,None,None,1300,2,clonotype1,None
ACATGGTGTGACTACT-1,True,ACATGGTGTGACTACT-1_contig_1,True,518,TRA,TRAV19,None,TRAJ39,TRAC,True,True,CAAGGNNAGAKLTF,TGCGCAGCAGGTGGGAATAATGCAGGTGCCAAGCTCACATTC,8556,5,clonotype1,clonotype1_consensus_2
ACATGGTGTGACTACT-1,True,ACATGGTGTGACTACT-1_contig_2,True,606,TRB,TRBV12-2+TRBV13-2,None,TRBJ1-2,TRBC1,True,True,CASGGGTGNSDYTF,TGTGCCAGCGGTGGGGGGACAGGGAACTCCGACTACACCTTC,20368,20,clonotype1,clonotype1_consensus_1
ACATGGTGTGACTACT-1,True,ACATGGTGTGACTACT-1_contig_3,True,332,TRB,None,None,TRBJ2-1,None,False,False,None,None,10950,10,clonotype1,None
ACATGGTTCAACACAC-1,True,ACATGGTTCAACACAC-1_contig_1,True,540,TRA,TRAV16D-DV11,None,TRAJ22,TRAC,True,True,CAMRASSGSWQLIF,TGTGCTATGAGGGCATCTTCTGGCAGCTGGCAACTCATCTTT,1670,1,clonotype236,clonotype236_consensus_3
ACATGGTTCAACACAC-1,True,ACATGGTTCAACACAC-1_contig_2,True,509,TRB,TRBV13-1,None,TRBJ2-7,None,True,True,CASSAPYEQYF,TGTGCCAGCAGTGCACCGTATGAACAGTACTTC,4966,4,clonotype236,clonotype236_consensus_2
ACATGGTTCAACACAC-1,True,ACATGGTTCAACACAC-1_contig_3,True,549,TRA,TRAV8N-2,None,TRAJ13,TRAC,True,True,CATEDSGTYQRF,TGTGCTACTGAGGATTCTGGGACTTACCAGAGGTTT,1612,1,clonotype236,clonotype236_consensus_1
ACCAGTACACAAGACG-1,True,ACCAGTACACAAGACG-1_contig_1,True,549,TRA,TRAV8N-2,None,TRAJ13,TRAC,True,True,CATEDSGTYQRF,TGTGCTACTGAGGATTCTGGGACTTACCAGAGGTTT,2496,1,clonotype36,clonotype36_consensus_1
ACCAGTACACAAGACG-1,True,ACCAGTACACAAGACG-1_contig_2,True,570,TRB,TRBV12-2+TRBV13-2,None,TRBJ2-7,None,True,True,CASGTGGDYEQYF,TGTGCCAGCGGGACTGGGGGGGACTATGAACAGTACTTC,1060,4,clonotype36,clonotype36_consensus_2
ACCAGTAGTCTAAACC-1,True,ACCAGTAGTCTAAACC-1_contig_1,True,517,TRA,TRAV6-6,None,TRAJ24,TRAC,True,True,CAPLTTASLGKLQF,TGTGCTCCGTTGACAACTGCCAGTTTGGGGAAACTGCAGTTT,7664,5,clonotype3,clonotype3_consensus_2
ACCAGTAGTCTAAACC-1,True,ACCAGTAGTCTAAACC-1_contig_2,True,505,TRB,TRBV13-1,None,TRBJ2-4,None,True,True,CASSEGTNTLYF,TGTGCCAGCAGTGAAGGAACAAACACCTTGTACTTT,59984,48,clonotype3,clonotype3_consensus_1
ACCAGTAGTCTAAACC-1,True,ACCAGTAGTCTAAACC-1_contig_3,True,704,TRA,TRAV9D-2,None,TRAJ26,TRAC,True,True,CVLSRGNNYAQGLTF,TGTGTTCTGAGCAGGGGCAATAACTATGCCCAGGGATTAACCTTC,5100,4,clonotype3,clonotype3_consensus_3
ACCAGTAGTCTAAACC-1,True,ACCAGTAGTCTAAACC-1_contig_4,True,451,TRB,TRBV13-2,None,TRBJ2-5,None,True,False,CASGDW,TGTGCCAGCGGTGACTGG,500,1,clonotype3,None
ACCAGTAGTCTAAACC-1,True,ACCAGTAGTCTAAACC-1_contig_5,True,396,TRA,None,None,TRAJ15,TRAC,False,False,None,None,3408,3,clonotype3,None
ACCAGTAGTGCGGTAA-1,True,ACCAGTAGTGCGGTAA-1_contig_1,True,582,TRA,TRAV14-1,None,TRAJ45,TRAC,True,True,CAASLYTEGADRLTF,TGTGCAGCAAGTCTTTATACAGAAGGTGCAGATAGACTCACCTTT,2468,1,clonotype62,clonotype62_consensus_2
ACCAGTAGTGCGGTAA-1,True,ACCAGTAGTGCGGTAA-1_contig_2,True,525,TRB,TRBV26,None,TRBJ2-1,None,True,True,CASSLHKFYAEQFF,TGTGCCAGCAGTCTGCACAAATTCTATGCTGAGCAGTTCTTC,7034,4,clonotype62,clonotype62_consensus_1
ACCAGTAGTGCGGTAA-1,True,ACCAGTAGTGCGGTAA-1_contig_3,True,513,TRA,TRAV7D-3,None,TRAJ31,TRAC,True,False,None,None,1924,1,clonotype62,None
ACCAGTAGTTGGTGGA-1,True,ACCAGTAGTTGGTGGA-1_contig_1,True,519,TRA,TRAV6-6,None,TRAJ24,TRAC,True,True,CAPLTTASLGKLQF,TGTGCTCCGTTGACAACTGCCAGTTTGGGGAAACTGCAGTTT,3200,2,clonotype2,clonotype2_consensus_2
ACCAGTAGTTGGTGGA-1,True,ACCAGTAGTTGGTGGA-1_contig_2,True,503,TRB,TRBV13-1,None,TRBJ2-4,None,True,True,CASSEGTNTLYF,TGTGCCAGCAGTGAAGGAACAAACACCTTGTACTTT,12928,9,clonotype2,clonotype2_consensus_1
ACCAGTAGTTGGTGGA-1,True,ACCAGTAGTTGGTGGA-1_contig_3,True,364,TRA,TRAV9D-2,None,TRAJ26,TRAC,True,False,CVLSRGNNYAQGLTF,TGTGTTCTGAGCAGGGGCAATAACTATGCCCAGGGATTAACCTTC,3164,1,clonotype2,None
ACCAGTATCGGATGTT-1,True,ACCAGTATCGGATGTT-1_contig_1,True,583,TRA,TRAV14-2,None,TRAJ50,TRAC,True,True,CAATSSSSFSKLVF,TGTGCAGCAACTTCATCCTCCTCCTTCAGCAAGCTGGTGTTT,8972,6,clonotype237,clonotype237_consensus_2
ACCAGTATCGGATGTT-1,True,ACCAGTATCGGATGTT-1_contig_2,True,523,TRA,TRAV8D-1,None,TRAJ30,TRAC,True,True,CATDTNAYKVIF,TGTGCTACTGACACAAATGCTTACAAAGTCATCTTT,2574,2,clonotype237,clonotype237_consensus_1
ACCAGTATCGGATGTT-1,True,ACCAGTATCGGATGTT-1_contig_3,True,585,TRB,TRBV12-2+TRBV13-2,None,TRBJ1-5,TRBC1,True,True,CASGTGDNQAPLF,TGTGCCAGCGGGACAGGGGACAACCAGGCTCCGCTTTTT,14354,12,clonotype237,clonotype237_consensus_3
ACCAGTATCGGATGTT-1,True,ACCAGTATCGGATGTT-1_contig_4,True,508,TRB,TRBV13-1,None,TRBJ1-4,TRBC1,True,True,CASGTGANERLFF,TGTGCCAGCGGGACAGGGGCCAACGAAAGATTATTTTTC,25802,20,clonotype237,clonotype237_consensus_4
ACCAGTATCGGATGTT-1,True,ACCAGTATCGGATGTT-1_contig_5,True,332,TRB,None,None,TRBJ2-7,None,False,False,None,None,5272,2,clonotype237,None
ACCAGTATCGGATGTT-1,True,ACCAGTATCGGATGTT-1_contig_6,True,391,TRA,None,None,TRAJ26,TRAC,False,False,None,None,3062,1,clonotype237,None
ACCCACTAGCTACCGC-1,True,ACCCACTAGCTACCGC-1_contig_1,True,517,TRA,TRAV6-6,None,TRAJ24,TRAC,True,True,CAPLTTASLGKLQF,TGTGCTCCGTTGACAACTGCCAGTTTGGGGAAACTGCAGTTT,1786,1,clonotype2,clonotype2_consensus_2
ACCCACTAGCTACCGC-1,True,ACCCACTAGCTACCGC-1_contig_2,True,509,TRB,TRBV13-1,None,TRBJ2-4,None,True,True,CASSEGTNTLYF,TGTGCCAGCAGTGAAGGAACAAACACCTTGTACTTT,1446,2,clonotype2,clonotype2_consensus_1
ACCCACTAGCTACCGC-1,True,ACCCACTAGCTACCGC-1_contig_3,True,342,TRA,TRAV9D-2,None,TRAJ26,TRAC,True,False,CVLSRGNNYAQGLTF,TGTGTTCTGAGCAGGGGCAATAACTATGCCCAGGGATTAACCTTC,3190,3,clonotype2,None
ACCCACTAGCTCCTTC-1,True,ACCCACTAGCTCCTTC-1_contig_1,True,555,TRA,TRAV3-3,None,TRAJ49,TRAC,True,True,CAVSGSTGYQNFYF,TGCGCAGTCAGTGGGAGCACGGGTTACCAGAACTTCTATTTT,15796,11,clonotype5,clonotype5_consensus_1
ACCCACTAGCTCCTTC-1,True,ACCCACTAGCTCCTTC-1_contig_2,True,564,TRB,TRBV12-2+TRBV13-2,None,TRBJ2-7,None,True,True,CASGVQGWEQYF,TGTGCCAGCGGTGTACAGGGGTGGGAACAGTACTTC,16756,15,clonotype5,clonotype5_consensus_2
ACCCACTAGCTCCTTC-1,True,ACCCACTAGCTCCTTC-1_contig_3,True,570,TRA,TRAV6D-5,None,TRAJ38,TRAC,True,False,CTTVFWDNVGDNSKLIW,TGTACTACTGTGTTCTGGGATAATGTTGGTGACAACAGTAAGCTGATTTGG,3416,2,clonotype5,None
ACCCACTAGCTCCTTC-1,True,ACCCACTAGCTCCTTC-1_contig_4,True,507,TRB,None,None,TRBJ1-1,TRBC1,False,False,None,None,5610,5,clonotype5,None
ACCCACTAGCTCCTTC-1,True,ACCCACTAGCTCCTTC-1_contig_5,True,358,TRB,None,None,TRBJ1-2,TRBC1,False,False,None,None,6230,2,clonotype5,None
ACCCACTAGGTGGGTT-1,True,ACCCACTAGGTGGGTT-1_contig_1,True,573,TRA,TRAV19,None,TRAJ39,TRAC,True,True,CAAGGNNAGAKLTF,TGCGCAGCAGGTGGGAATAATGCAGGTGCCAAGCTCACATTC,4866,8,clonotype1,clonotype1_consensus_2
ACCCACTAGGTGGGTT-1,True,ACCCACTAGGTGGGTT-1_contig_2,True,570,TRB,TRBV12-2+TRBV13-2,None,TRBJ1-2,TRBC1,True,True,CASGGGTGNSDYTF,TGTGCCAGCGGTGGGGGGACAGGGAACTCCGACTACACCTTC,22050,19,clonotype1,clonotype1_consensus_1
ACCCACTAGGTGGGTT-1,True,ACCCACTAGGTGGGTT-1_contig_3,True,516,TRA,TRAV7-5,None,TRAJ45,TRAC,True,False,CSDTEGADRLTF,TGCAGTGATACAGAAGGTGCAGATAGACTCACCTTT,3812,4,clonotype1,None
ACCCACTAGGTGGGTT-1,True,ACCCACTAGGTGGGTT-1_contig_4,True,385,TRB,None,None,TRBJ2-7,None,False,False,None,None,7350,10,clonotype1,None
ACCCACTAGTACTTGC-1,True,ACCCACTAGTACTTGC-1_contig_1,True,527,TRA,TRAV14N-3,None,TRAJ6,TRAC,True,True,CAARTSGGNYKPTF,TGTGCAGCAAGAACCTCAGGAGGAAACTACAAACCTACGTTT,5822,5,clonotype47,clonotype47_consensus_1
ACCCACTAGTACTTGC-1,True,ACCCACTAGTACTTGC-1_contig_2,True,564,TRB,TRBV12-2+TRBV13-2,None,TRBJ2-7,None,True,True,CASGTGGDYEQYF,TGTGCCAGCGGGACTGGGGGGGACTATGAACAGTACTTC,17682,18,clonotype47,clonotype47_consensus_2
ACCCACTAGTACTTGC-1,True,ACCCACTAGTACTTGC-1_contig_3,True,451,TRB,TRBV13-3,None,TRBJ2-1,None,True,False,CASKDTYYAEQFF,TGTGCCAGCAAGGACACCTACTATGCTGAGCAGTTCTTC,1348,1,clonotype47,None
ACCCACTAGTCTCAAC-1,True,ACCCACTAGTCTCAAC-1_contig_1,True,524,TRA,TRAV7D-5,None,TRAJ16,TRAC,True,True,CAVSSPATSSGQKLVF,TGTGCAGTGAGCAGCCCCGCAACTTCAAGTGGCCAGAAGCTGGTTTTT,30630,21,clonotype30,clonotype30_consensus_2
ACCCACTAGTCTCAAC-1,True,ACCCACTAGTCTCAAC-1_contig_2,True,588,TRB,TRBV12-2,None,TRBJ1-2,TRBC1,True,True,CASSLSTGGVNSDYTF,TGTGCCAGCTCTCTATCGACAGGGGGCGTGAACTCCGACTACACCTTC,16614,17,clonotype30,clonotype30_consensus_1
ACCCACTAGTCTCAAC-1,True,ACCCACTAGTCTCAAC-1_contig_3,True,435,TRB,None,None,TRBJ2-4,None,False,False,None,None,25696,21,clonotype30,None
ACCCACTCACCAGATT-1,True,ACCCACTCACCAGATT-1_contig_1,True,568,TRB,TRBV12-2+TRBV13-2,None,TRBJ1-2,TRBC1,True,True,CASGGGTGNSDYTF,TGTGCCAGCGGTGGGGGGACAGGGAACTCCGACTACACCTTC,7416,5,clonotype7,clonotype7_consensus_1
ACCCACTGTAAACCTC-1,True,ACCCACTGTAAACCTC-1_contig_1,True,517,TRA,TRAV6-6,None,TRAJ24,TRAC,True,True,CAPLTTASLGKLQF,TGTGCTCCGTTGACAACTGCCAGTTTGGGGAAACTGCAGTTT,5204,4,clonotype2,clonotype2_consensus_2
ACCCACTGTAAACCTC-1,True,ACCCACTGTAAACCTC-1_contig_2,True,505,TRB,TRBV13-1,None,TRBJ2-4,None,True,True,CASSEGTNTLYF,TGTGCCAGCAGTGAAGGAACAAACACCTTGTACTTT,39286,30,clonotype2,clonotype2_consensus_1
ACCCACTGTAAACCTC-1,True,ACCCACTGTAAACCTC-1_contig_3,True,797,TRA,TRAV9D-2,None,TRAJ26,TRAC,True,False,CVLSRGNNYAQGLTF,TGTGTTCTGAGCAGGGGCAATAACTATGCCCAGGGATTAACCTTC,2068,2,clonotype2,None
ACCCACTGTAGGCTGA-1,True,ACCCACTGTAGGCTGA-1_contig_1,True,554,TRA,TRAV16D-DV11,None,TRAJ26,TRAC,True,True,CAMREENNYAQGLTF,TGTGCTATGAGAGAGGAAAATAACTATGCCCAGGGATTAACCTTC,5146,3,clonotype12,clonotype12_consensus_2
ACCCACTGTAGGCTGA-1,True,ACCCACTGTAGGCTGA-1_contig_2,True,505,TRB,TRBV13-1,None,TRBJ2-3,None,True,True,CASGDSAETLYF,TGTGCCAGCGGGGACAGTGCAGAAACGCTGTATTTT,17516,12,clonotype12,clonotype12_consensus_1
ACCCACTGTAGGCTGA-1,True,ACCCACTGTAGGCTGA-1_contig_3,True,394,TRB,None,None,TRBJ2-7,None,False,False,None,None,3958,2,clonotype12,None
ACCCACTGTAGGCTGA-1,True,ACCCACTGTAGGCTGA-1_contig_4,True,567,TRA,TRAV3D-3,None,TRAJ28,TRAC,True,False,None,None,2348,2,clonotype12,None
ACCCACTGTAGGCTGA-1,True,ACCCACTGTAGGCTGA-1_contig_5,True,379,TRB,None,None,TRBJ1-6,TRBC1,False,False,None,None,2620,1,clonotype12,None
ACCCACTGTGCTCTTC-1,True,ACCCACTGTGCTCTTC-1_contig_1,True,555,TRA,TRAV7-3,None,TRAJ38,TRAC,True,True,CAVSAANVGDNSKLIW,TGTGCAGTGAGCGCGGCGAATGTTGGTGACAACAGTAAGCTGATTTGG,6518,3,clonotype49,clonotype49_consensus_2
ACCCACTGTGCTCTTC-1,True,ACCCACTGTGCTCTTC-1_contig_2,True,505,TRB,TRBV13-1,None,TRBJ2-7,None,True,True,CASSGGHLEQYF,TGTGCCAGCAGTGGGGGACACCTTGAACAGTACTTC,4402,5,clonotype49,clonotype49_consensus_1
ACCCACTTCATATCGG-1,True,ACCCACTTCATATCGG-1_contig_1,True,555,TRA,TRAV7-3,None,TRAJ38,TRAC,True,True,CAVSAANVGDNSKLIW,TGTGCAGTGAGCGCGGCGAATGTTGGTGACAACAGTAAGCTGATTTGG,12358,8,clonotype21,clonotype21_consensus_3
ACCCACTTCATATCGG-1,True,ACCCACTTCATATCGG-1_contig_2,True,512,TRB,TRBV13-1,None,TRBJ2-7,None,True,True,CASSGGHLEQYF,TGTGCCAGCAGTGGGGGACACCTTGAACAGTACTTC,12232,10,clonotype21,clonotype21_consensus_2
ACCCACTTCATATCGG-1,True,ACCCACTTCATATCGG-1_contig_3,True,522,TRA,TRAV7N-6,None,TRAJ34,TRAC,True,True,CAISSNTNKVVF,TGTGCAATTTCTTCCAATACCAACAAAGTCGTCTTT,7552,5,clonotype21,clonotype21_consensus_1
ACCCACTTCCCATTTA-1,True,ACCCACTTCCCATTTA-1_contig_1,True,549,TRB,TRBV16,None,TRBJ2-5,None,True,True,CASSLGGGQDTQYF,TGTGCAAGCAGCTTAGGGGGGGGGCAAGACACCCAGTACTTT,2938,4,clonotype77,clonotype77_consensus_1
ACCCACTTCGATCCCT-1,True,ACCCACTTCGATCCCT-1_contig_1,True,549,TRB,TRBV16,None,TRBJ2-7,None,True,True,CASSLGGGGDEQYF,TGTGCAAGCAGCTTAGGTGGGGGGGGCGATGAACAGTACTTC,21246,22,clonotype50,clonotype50_consensus_1
ACCCACTTCGATCCCT-1,True,ACCCACTTCGATCCCT-1_contig_2,True,594,TRA,TRAV7-4,None,TRAJ27,TRAC,True,True,CAASEDANTGKLTF,TGTGCAGCTAGTGAGGACGCCAATACAGGCAAATTAACCTTT,1582,1,clonotype50,clonotype50_consensus_2
ACCGTAAAGGTGTGGT-1,True,ACCGTAAAGGTGTGGT-1_contig_1,True,571,TRB,TRBV12-2+TRBV13-2,None,TRBJ1-2,TRBC1,True,True,CASGGGTGNSDYTF,TGTGCCAGCGGTGGGGGGACAGGGAACTCCGACTACACCTTC,5436,8,clonotype7,clonotype7_consensus_1
ACCGTAAAGGTGTGGT-1,True,ACCGTAAAGGTGTGGT-1_contig_2,True,383,TRA,TRAV7-5,None,TRAJ45,TRAC,True,False,CSDTEGADRLTF,TGCAGTGATACAGAAGGTGCAGATAGACTCACCTTT,1994,1,clonotype7,None
ACCGTAACACATGTGT-1,True,ACCGTAACACATGTGT-1_contig_1,True,556,TRA,TRAV19,None,TRAJ39,TRAC,True,True,CAAGGNNAGAKLTF,TGCGCAGCAGGTGGGAATAATGCAGGTGCCAAGCTCACATTC,4396,3,clonotype1,clonotype1_consensus_2
ACCGTAACACATGTGT-1,True,ACCGTAACACATGTGT-1_contig_2,True,562,TRB,TRBV12-2+TRBV13-2,None,TRBJ1-2,TRBC1,True,True,CASGGGTGNSDYTF,TGTGCCAGCGGTGGGGGGACAGGGAACTCCGACTACACCTTC,6348,6,clonotype1,clonotype1_consensus_1
ACCGTAACACGCTTTC-1,True,ACCGTAACACGCTTTC-1_contig_1,True,549,TRA,TRAV8N-2,None,TRAJ13,TRAC,True,True,CATEDSGTYQRF,TGTGCTACTGAGGATTCTGGGACTTACCAGAGGTTT,15370,10,clonotype36,clonotype36_consensus_1
ACCGTAACACGCTTTC-1,True,ACCGTAACACGCTTTC-1_contig_2,True,655,TRB,TRBV12-2+TRBV13-2,None,TRBJ2-7,None,True,True,CASGTGGDYEQYF,TGTGCCAGCGGGACTGGGGGGGACTATGAACAGTACTTC,39280,36,clonotype36,clonotype36_consensus_2
ACCGTAAGTCACCCAG-1,True,ACCGTAAGTCACCCAG-1_contig_1,True,535,TRA,TRAV19,None,TRAJ39,TRAC,True,True,CAAGGNNAGAKLTF,TGCGCAGCAGGTGGGAATAATGCAGGTGCCAAGCTCACATTC,9980,6,clonotype1,clonotype1_consensus_2
ACCGTAAGTCACCCAG-1,True,ACCGTAAGTCACCCAG-1_contig_2,True,568,TRB,TRBV12-2+TRBV13-2,None,TRBJ1-2,TRBC1,True,True,CASGGGTGNSDYTF,TGTGCCAGCGGTGGGGGGACAGGGAACTCCGACTACACCTTC,16730,14,clonotype1,clonotype1_consensus_1
ACCGTAAGTCACCCAG-1,True,ACCGTAAGTCACCCAG-1_contig_3,True,495,TRA,TRAV7-5,None,TRAJ45,TRAC,True,False,CSDTEGADRLTF,TGCAGTGATACAGAAGGTGCAGATAGACTCACCTTT,898,1,clonotype1,None
ACCGTAAGTCACCCAG-1,True,ACCGTAAGTCACCCAG-1_contig_4,True,324,TRB,None,None,TRBJ2-7,None,False,False,None,None,4154,2,clonotype1,None
ACCTTTAAGCGTGTCC-1,True,ACCTTTAAGCGTGTCC-1_contig_1,True,724,TRB,TRBV19,None,TRBJ2-3,None,True,True,CASSIRWGGGAETLYF,TGTGCCAGCAGTATACGCTGGGGGGGGGGTGCAGAAACGCTGTATTTT,21952,14,clonotype115,clonotype115_consensus_3
ACCTTTAAGCGTGTCC-1,True,ACCTTTAAGCGTGTCC-1_contig_2,True,517,TRA,TRAV1,None,TRAJ40,TRAC,True,True,CAVRDHTGNYKYVF,TGTGCTGTGAGGGACCATACAGGAAACTACAAATACGTCTTT,18518,11,clonotype115,clonotype115_consensus_1
ACCTTTAAGCGTGTCC-1,True,ACCTTTAAGCGTGTCC-1_contig_3,True,574,TRA,TRAV3D-3,None,TRAJ22,TRAC,True,True,CAVSESSGSWQLIF,TGCGCAGTCAGTGAATCTTCTGGCAGCTGGCAACTCATCTTT,13220,8,clonotype115,clonotype115_consensus_2
ACCTTTAAGCGTGTCC-1,True,ACCTTTAAGCGTGTCC-1_contig_4,True,468,TRB,None,None,TRBJ2-4,None,False,False,None,None,8498,6,clonotype115,None
ACCTTTAAGGGATACC-1,True,ACCTTTAAGGGATACC-1_contig_1,True,505,TRB,TRBV13-1,None,TRBJ2-4,None,True,True,CASSEGTNTLYF,TGTGCCAGCAGTGAAGGAACAAACACCTTGTACTTT,9088,10,clonotype9,clonotype9_consensus_1
ACCTTTAAGGGATACC-1,True,ACCTTTAAGGGATACC-1_contig_2,True,728,TRA,TRAV9D-2,None,TRAJ26,TRAC,True,True,CVLSRGNNYAQGLTF,TGTGTTCTGAGCAGGGGCAATAACTATGCCCAGGGATTAACCTTC,5696,5,clonotype9,clonotype9_consensus_2
ACCTTTAGTGTCCTCT-1,True,ACCTTTAGTGTCCTCT-1_contig_1,True,549,TRB,TRBV16,None,TRBJ2-5,None,True,True,CASSLGGGQDTQYF,TGTGCAAGCAGCTTAGGGGGGGGCCAAGACACCCAGTACTTT,5612,5,clonotype61,clonotype61_consensus_1
ACCTTTATCTTTCCTC-1,True,ACCTTTATCTTTCCTC-1_contig_1,True,558,TRA,TRAV14N-3,None,TRAJ6,TRAC,True,True,CAARTSGGNYKPTF,TGTGCAGCAAGAACCTCAGGAGGAAACTACAAACCTACGTTT,6266,4,clonotype4,clonotype4_consensus_2
ACCTTTATCTTTCCTC-1,True,ACCTTTATCTTTCCTC-1_contig_2,True,549,TRA,TRAV8N-2,None,TRAJ13,TRAC,True,True,CATEDSGTYQRF,TGTGCTACTGAGGATTCTGGGACTTACCAGAGGTTT,16688,10,clonotype4,clonotype4_consensus_1
ACCTTTATCTTTCCTC-1,True,ACCTTTATCTTTCCTC-1_contig_3,True,567,TRB,TRBV12-2+TRBV13-2,None,TRBJ2-7,None,True,True,CASGTGGDYEQYF,TGTGCCAGCGGGACTGGGGGGGACTATGAACAGTACTTC,7622,11,clonotype4,clonotype4_consensus_3
ACGAGCCCAAGCCGCT-1,True,ACGAGCCCAAGCCGCT-1_contig_1,True,549,TRB,TRBV16,None,TRBJ2-7,None,True,True,CASSFGGGADEQYF,TGTGCAAGCAGCTTTGGTGGGGGGGCGGATGAACAGTACTTC,4790,6,clonotype20,clonotype20_consensus_2
ACGAGCCCAAGCCGCT-1,True,ACGAGCCCAAGCCGCT-1_contig_2,True,514,TRA,TRAV13D-2,None,TRAJ11,TRAC,True,True,CAIDLDSGYNKLTF,TGTGCTATAGATCTTGACTCGGGATACAACAAACTCACTTTT,4370,4,clonotype20,clonotype20_consensus_1
ACGAGCCCAAGCCGCT-1,True,ACGAGCCCAAGCCGCT-1_contig_3,True,327,TRA,TRAV11,None,TRAJ11,TRAC,True,False,CVVDSGYNKLTF,TGTGTGGTGGACTCGGGATACAACAAACTCACTTTT,3238,1,clonotype20,None
ACGAGCCCAGTACACT-1,True,ACGAGCCCAGTACACT-1_contig_1,True,522,TRA,TRAV6-6,None,TRAJ24,TRAC,True,True,CAPLTTASLGKLQF,TGTGCTCCGTTGACAACTGCCAGTTTGGGGAAACTGCAGTTT,6524,7,clonotype2,clonotype2_consensus_2
ACGAGCCCAGTACACT-1,True,ACGAGCCCAGTACACT-1_contig_2,True,512,TRB,TRBV13-1,None,TRBJ2-4,None,True,True,CASSEGTNTLYF,TGTGCCAGCAGTGAAGGAACAAACACCTTGTACTTT,32254,28,clonotype2,clonotype2_consensus_1
ACGAGCCCAGTACACT-1,True,ACGAGCCCAGTACACT-1_contig_3,True,373,TRB,None,None,TRBJ2-7,None,False,False,None,None,1476,1,clonotype2,None
ACGAGCCCAGTACACT-1,True,ACGAGCCCAGTACACT-1_contig_4,True,571,TRB,TRBV12-2+TRBV13-2,None,TRBJ2-5,None,True,False,CASGDW,TGTGCCAGCGGTGACTGG,2498,2,clonotype2,None
ACGAGCCGTGAGTATA-1,True,ACGAGCCGTGAGTATA-1_contig_1,True,512,TRB,TRBV13-1,None,TRBJ2-3,None,True,True,CASGDSAETLYF,TGTGCCAGCGGGGACAGTGCAGAAACGCTGTATTTT,14508,11,clonotype24,clonotype24_consensus_1
ACGAGCCGTGAGTATA-1,True,ACGAGCCGTGAGTATA-1_contig_2,True,575,TRA,TRAV3D-3,None,TRAJ28,TRAC,True,False,CTSAQSVRGTGSNRLTF,TGTACTTCTGCGCAGTCAGTGAGGGGCACTGGGAGTAACAGGCTCACTTTT,5734,6,clonotype24,None
ACGAGCCGTGAGTATA-1,True,ACGAGCCGTGAGTATA-1_contig_3,True,377,TRB,None,None,TRBJ1-6,TRBC1,False,False,None,None,4200,3,clonotype24,None
ACGAGCCGTGATGCCC-1,True,ACGAGCCGTGATGCCC-1_contig_1,True,512,TRB,TRBV13-1,None,TRBJ2-4,None,True,True,CASSTGWNTLYF,TGTGCCAGCAGTACAGGGTGGAACACCTTGTACTTT,4738,4,clonotype151,clonotype151_consensus_1
ACGAGCCGTGATGCCC-1,True,ACGAGCCGTGATGCCC-1_contig_2,True,513,TRA,TRAV6-7-DV9,None,TRAJ47,TRAC,True,False,CALSDLDYANKMIF,TGTGCTCTGAGTGATCTGGACTATGCAAACAAGATGATCTTT,4314,4,clonotype151,None
ACGAGCCGTGATGCCC-1,True,ACGAGCCGTGATGCCC-1_contig_3,True,446,TRB,TRBV15,None,TRBJ1-3,None,True,False,CQQFTAGGNSGNTLYF,TGCCAGCAGTTTACGGCAGGGGGGAATTCTGGAAATACGCTCTATTTT,1434,1,clonotype151,None
ACGAGCCTCACTGGGC-1,True,ACGAGCCTCACTGGGC-1_contig_1,True,555,TRA,TRAV7-3,None,TRAJ38,TRAC,True,True,CAVSAANVGDNSKLIW,TGTGCAGTGAGCGCGGCGAATGTTGGTGACAACAGTAAGCTGATTTGG,1812,2,clonotype21,clonotype21_consensus_3
ACGAGCCTCACTGGGC-1,True,ACGAGCCTCACTGGGC-1_contig_2,True,505,TRB,TRBV13-1,None,TRBJ2-7,None,True,True,CASSGGHLEQYF,TGTGCCAGCAGTGGGGGACACCTTGAACAGTACTTC,14864,10,clonotype21,clonotype21_consensus_2
ACGAGCCTCACTGGGC-1,True,ACGAGCCTCACTGGGC-1_contig_3,True,522,TRA,TRAV7N-6,None,TRAJ34,TRAC,True,True,CAISSNTNKVVF,TGTGCAATTTCTTCCAATACCAACAAAGTCGTCTTT,5026,4,clonotype21,clonotype21_consensus_1
ACGAGCCTCATTCACT-1,True,ACGAGCCTCATTCACT-1_contig_1,True,549,TRB,TRBV16,None,TRBJ2-5,None,True,True,CASSSGGRGDTQYF,TGTGCAAGCAGCTCTGGGGGACGAGGAGACACCCAGTACTTT,26522,20,clonotype238,clonotype238_consensus_2
ACGAGCCTCATTCACT-1,True,ACGAGCCTCATTCACT-1_contig_2,True,693,TRA,TRAV9-2,None,TRAJ30,TRAC,True,True,CVLDDTNAYKVIF,TGTGTTTTGGATGACACAAATGCTTACAAAGTCATCTTT,12822,12,clonotype238,clonotype238_consensus_1
ACGAGGAAGTAGGTGC-1,True,ACGAGGAAGTAGGTGC-1_contig_1,True,549,TRB,TRBV16,None,TRBJ2-5,None,True,True,CASSLGGGQDTQYF,TGTGCAAGCAGCTTAGGGGGGGGCCAAGACACCCAGTACTTT,28676,49,clonotype8,clonotype8_consensus_1
ACGAGGAAGTAGGTGC-1,True,ACGAGGAAGTAGGTGC-1_contig_2,True,590,TRA,TRAV4D-3,None,TRAJ27,TRAC,True,True,CAADGPNTGKLTF,TGTGCTGCGGACGGACCCAATACAGGCAAATTAACCTTT,32478,33,clonotype8,clonotype8_consensus_2
ACGAGGAAGTAGGTGC-1,True,ACGAGGAAGTAGGTGC-1_contig_3,True,525,TRA,TRAV7N-6,None,TRAJ30,TRAC,True,True,CAVVDTNAYKVIF,TGTGCAGTGGTTGACACAAATGCTTACAAAGTCATCTTT,8262,7,clonotype8,clonotype8_consensus_3
ACGAGGAAGTTAGGTA-1,True,ACGAGGAAGTTAGGTA-1_contig_1,True,573,TRA,TRAV6-6,None,TRAJ24,TRAC,True,True,CAPLTTASLGKLQF,TGTGCTCCGTTGACAACTGCCAGTTTGGGGAAACTGCAGTTT,6150,5,clonotype3,clonotype3_consensus_2
ACGAGGAAGTTAGGTA-1,True,ACGAGGAAGTTAGGTA-1_contig_2,True,512,TRB,TRBV13-1,None,TRBJ2-4,None,True,True,CASSEGTNTLYF,TGTGCCAGCAGTGAAGGAACAAACACCTTGTACTTT,5698,5,clonotype3,clonotype3_consensus_1
ACGAGGAAGTTAGGTA-1,True,ACGAGGAAGTTAGGTA-1_contig_3,True,703,TRA,TRAV9D-2,None,TRAJ26,TRAC,True,True,CVLSRGNNYAQGLTF,TGTGTTCTGAGCAGGGGCAATAACTATGCCCAGGGATTAACCTTC,8916,6,clonotype3,clonotype3_consensus_3
ACGAGGAAGTTAGGTA-1,True,ACGAGGAAGTTAGGTA-1_contig_4,True,575,TRB,TRBV12-2+TRBV13-2,None,TRBJ2-5,None,True,False,CASGDW,TGTGCCAGCGGTGACTGG,1700,2,clonotype3,None
ACGAGGACAAGGACAC-1,True,ACGAGGACAAGGACAC-1_contig_1,True,549,TRA,TRAV8N-2,None,TRAJ13,TRAC,True,True,CATEDSGTYQRF,TGTGCTACTGAGGATTCTGGGACTTACCAGAGGTTT,2540,2,clonotype239,clonotype239_consensus_1
ACGAGGACAATCCAAC-1,True,ACGAGGACAATCCAAC-1_contig_1,True,509,TRB,TRBV5,None,TRBJ1-5,TRBC1,True,True,CASSHPGQNNQAPLF,TGTGCCAGCAGCCACCCGGGACAGAACAACCAGGCTCCGCTTTTT,12500,6,clonotype240,clonotype240_consensus_1
ACGAGGACAATCCAAC-1,True,ACGAGGACAATCCAAC-1_contig_2,True,570,TRA,TRAV4D-3,None,TRAJ27,TRAC,True,True,CAADGPNTGKLTF,TGTGCTGCGGACGGACCCAATACAGGCAAATTAACCTTT,2186,1,clonotype240,clonotype240_consensus_2
ACGAGGACAATCCAAC-1,True,ACGAGGACAATCCAAC-1_contig_3,True,513,TRA,TRAV12D-3,None,TRAJ26,TRAC,True,True,CALSESYAQGLTF,TGTGCTCTGAGTGAGAGCTATGCCCAGGGATTAACCTTC,2332,1,clonotype240,clonotype240_consensus_3
ACGAGGACAATCCAAC-1,True,ACGAGGACAATCCAAC-1_contig_4,True,500,TRB,TRBV10,None,TRBJ2-7,None,True,False,None,None,3002,2,clonotype240,None
ACGAGGACATCGATGT-1,True,ACGAGGACATCGATGT-1_contig_1,True,549,TRB,TRBV16,None,TRBJ2-5,None,True,True,CASSWGGGQDTQYF,TGTGCAAGCAGCTGGGGGGGCGGGCAAGACACCCAGTACTTT,6212,5,clonotype46,clonotype46_consensus_1
ACGAGGAGTATTAGCC-1,True,ACGAGGAGTATTAGCC-1_contig_1,True,570,TRB,TRBV12-2+TRBV13-2,None,TRBJ1-2,TRBC1,True,True,CASGGGTGNSDYTF,TGTGCCAGCGGTGGGGGGACAGGGAACTCCGACTACACCTTC,15696,14,clonotype7,clonotype7_consensus_1
ACGAGGAGTATTAGCC-1,True,ACGAGGAGTATTAGCC-1_contig_2,True,504,TRA,TRAV7-5,None,TRAJ45,TRAC,True,False,CSDTEGADRLTF,TGCAGTGATACAGAAGGTGCAGATAGACTCACCTTT,924,4,clonotype7,None
ACGAGGAGTATTAGCC-1,True,ACGAGGAGTATTAGCC-1_contig_3,True,680,TRB,None,None,TRBJ2-7,None,False,False,None,None,2720,2,clonotype7,None
ACGATACGTCACACGC-1,True,ACGATACGTCACACGC-1_contig_1,True,519,TRA,TRAV8-1,None,TRAJ30,TRAC,True,True,CATDTNAYKVIF,TGTGCTACTGACACAAATGCTTACAAAGTCATCTTT,10204,6,clonotype13,clonotype13_consensus_1
ACGATACGTCACACGC-1,True,ACGATACGTCACACGC-1_contig_2,True,565,TRB,TRBV12-2+TRBV13-2,None,TRBJ1-5,TRBC1,True,True,CASGTGDNQAPLF,TGTGCCAGCGGGACAGGGGACAACCAGGCTCCGCTTTTT,8682,6,clonotype13,clonotype13_consensus_2
ACGATACGTCACACGC-1,True,ACGATACGTCACACGC-1_contig_3,True,308,TRB,None,None,TRBJ2-1,None,False,False,None,None,27192,16,clonotype13,None
ACGATACGTCACACGC-1,True,ACGATACGTCACACGC-1_contig_4,True,434,TRB,None,None,TRBJ1-1,TRBC1,False,False,None,None,10336,6,clonotype13,None
ACGATACGTCACACGC-1,True,ACGATACGTCACACGC-1_contig_5,True,330,TRB,None,None,TRBJ1-2,TRBC1,False,False,None,None,4472,1,clonotype13,None
ACGATACGTCCAACTA-1,True,ACGATACGTCCAACTA-1_contig_1,True,618,TRA,TRAV14-1,None,TRAJ32,TRAC,True,True,CAASPLGSSGNKLIF,TGTGCAGCAAGTCCTCTTGGGAGCAGTGGCAACAAGCTCATCTTT,4406,3,clonotype63,clonotype63_consensus_1
ACGATACGTCCAACTA-1,True,ACGATACGTCCAACTA-1_contig_2,True,538,TRA,TRAV8-1,None,TRAJ30,TRAC,True,True,CATDTNAYKVIF,TGTGCTACTGACACAAATGCTTACAAAGTCATCTTT,4736,7,clonotype63,clonotype63_consensus_2
ACGATACGTCCAACTA-1,True,ACGATACGTCCAACTA-1_contig_3,True,557,TRB,TRBV13-2,None,TRBJ1-5,TRBC1,True,True,CASGTGDNQAPLF,TGTGCCAGCGGGACAGGGGACAACCAGGCTCCGCTTTTT,9506,9,clonotype63,clonotype63_consensus_3
ACGATACGTCCAACTA-1,True,ACGATACGTCCAACTA-1_contig_4,True,627,TRB,None,None,TRBJ2-5,None,False,False,None,None,5516,3,clonotype63,None
ACGATACTCTCGTATT-1,True,ACGATACTCTCGTATT-1_contig_1,True,549,TRB,TRBV16,None,TRBJ2-5,None,True,True,CASSLGGGADTQYF,TGTGCAAGCAGCTTGGGTGGGGGGGCGGACACCCAGTACTTT,10858,9,clonotype241,clonotype241_consensus_1
ACGATACTCTCGTATT-1,True,ACGATACTCTCGTATT-1_contig_2,True,517,TRA,TRAV6-6,None,TRAJ27,TRAC,True,True,CAPYNTNTGKLTF,TGTGCTCCCTATAACACCAATACAGGCAAATTAACCTTT,1176,2,clonotype241,clonotype241_consensus_2
ACGATACTCTCGTATT-1,True,ACGATACTCTCGTATT-1_contig_3,True,533,TRA,TRAV3D-3,None,TRAJ31,TRAC,True,False,None,None,3558,3,clonotype241,None
ACGATACTCTCGTATT-1,True,ACGATACTCTCGTATT-1_contig_4,True,322,TRB,None,None,TRBJ2-7,None,False,False,None,None,2572,2,clonotype241,None
ACGATACTCTTTACGT-1,True,ACGATACTCTTTACGT-1_contig_1,True,517,TRA,TRAV6-6,None,TRAJ24,TRAC,True,True,CAPLTTASLGKLQF,TGTGCTCCGTTGACAACTGCCAGTTTGGGGAAACTGCAGTTT,1826,1,clonotype2,clonotype2_consensus_2
ACGATACTCTTTACGT-1,True,ACGATACTCTTTACGT-1_contig_2,True,512,TRB,TRBV13-1,None,TRBJ2-4,None,True,True,CASSEGTNTLYF,TGTGCCAGCAGTGAAGGAACAAACACCTTGTACTTT,8348,7,clonotype2,clonotype2_consensus_1
ACGATACTCTTTACGT-1,True,ACGATACTCTTTACGT-1_contig_3,True,397,TRA,TRAV9D-2,None,TRAJ26,TRAC,True,False,CVLSRGNNYAQGLTF,TGTGTTCTGAGCAGGGGCAATAACTATGCCCAGGGATTAACCTTC,2730,1,clonotype2,None
ACGATGTAGCTGGAAC-1,True,ACGATGTAGCTGGAAC-1_contig_1,True,544,TRA,TRAV6-6,None,TRAJ24,TRAC,True,True,CAPLTTASLGKLQF,TGTGCTCCGTTGACAACTGCCAGTTTGGGGAAACTGCAGTTT,6632,4,clonotype3,clonotype3_consensus_2
ACGATGTAGCTGGAAC-1,True,ACGATGTAGCTGGAAC-1_contig_2,True,505,TRB,TRBV13-1,None,TRBJ2-4,None,True,True,CASSEGTNTLYF,TGTGCCAGCAGTGAAGGAACAAACACCTTGTACTTT,43194,33,clonotype3,clonotype3_consensus_1
ACGATGTAGCTGGAAC-1,True,ACGATGTAGCTGGAAC-1_contig_3,True,699,TRA,TRAV9D-2,None,TRAJ26,TRAC,True,True,CVLSRGNNYAQGLTF,TGTGTTCTGAGCAGGGGCAATAACTATGCCCAGGGATTAACCTTC,4406,4,clonotype3,clonotype3_consensus_3
ACGATGTAGCTGGAAC-1,True,ACGATGTAGCTGGAAC-1_contig_4,True,576,TRA,TRAV10D,None,TRAJ24,TRAC,True,False,None,None,2680,3,clonotype3,None
ACGATGTAGGAGTCTG-1,True,ACGATGTAGGAGTCTG-1_contig_1,True,518,TRA,TRAV19,None,TRAJ39,TRAC,True,True,CAAGGNNAGAKLTF,TGCGCAGCAGGTGGGAATAATGCAGGTGCCAAGCTCACATTC,8138,7,clonotype1,clonotype1_consensus_2
ACGATGTAGGAGTCTG-1,True,ACGATGTAGGAGTCTG-1_contig_2,True,569,TRB,TRBV12-2+TRBV13-2,None,TRBJ1-2,TRBC1,True,True,CASGGGTGNSDYTF,TGTGCCAGCGGTGGGGGGACAGGGAACTCCGACTACACCTTC,3174,3,clonotype1,clonotype1_consensus_1
ACGATGTAGGAGTCTG-1,True,ACGATGTAGGAGTCTG-1_contig_3,True,513,TRA,TRAV7-5,None,TRAJ45,TRAC,True,False,CSDTEGADRLTF,TGCAGTGATACAGAAGGTGCAGATAGACTCACCTTT,2088,1,clonotype1,None
ACGATGTAGGAGTCTG-1,True,ACGATGTAGGAGTCTG-1_contig_4,True,661,TRB,None,None,TRBJ2-7,None,False,False,None,None,3794,5,clonotype1,None
ACGATGTCAGGGAGAG-1,True,ACGATGTCAGGGAGAG-1_contig_1,True,514,TRA,TRAV6-6,None,TRAJ24,TRAC,True,True,CAPLTTASLGKLQF,TGTGCTCCGTTGACAACTGCCAGTTTGGGGAAACTGCAGTTT,1522,1,clonotype2,clonotype2_consensus_2
ACGATGTCAGGGAGAG-1,True,ACGATGTCAGGGAGAG-1_contig_2,True,512,TRB,TRBV13-1,None,TRBJ2-4,None,True,True,CASSEGTNTLYF,TGTGCCAGCAGTGAAGGAACAAACACCTTGTACTTT,21574,17,clonotype2,clonotype2_consensus_1
ACGATGTCAGGGAGAG-1,True,ACGATGTCAGGGAGAG-1_contig_3,True,482,TRA,TRAV10D,None,TRAJ30,None,True,False,None,None,52,1,clonotype2,None
ACGATGTCAGGGAGAG-1,True,ACGATGTCAGGGAGAG-1_contig_4,True,488,TRA,TRAV9D-2,None,TRAJ26,TRAC,True,False,CVLSRGNNYAQGLTF,TGTGTTCTGAGCAGGGGCAATAACTATGCCCAGGGATTAACCTTC,4270,3,clonotype2,None
ACGATGTGTCGAATCT-1,True,ACGATGTGTCGAATCT-1_contig_1,True,537,TRA,TRAV3-3,None,TRAJ49,TRAC,True,True,CAVSGATGYQNFYF,TGCGCAGTCAGTGGGGCCACGGGTTACCAGAACTTCTATTTT,11848,9,clonotype43,clonotype43_consensus_1
ACGATGTGTCGAATCT-1,True,ACGATGTGTCGAATCT-1_contig_2,True,575,TRB,TRBV12-2+TRBV13-2,None,TRBJ2-7,None,True,True,CASGVQGGEQYF,TGTGCCAGCGGTGTGCAGGGGGGAGAACAGTACTTC,10506,7,clonotype43,clonotype43_consensus_2
ACGATGTTCGGTGTTA-1,True,ACGATGTTCGGTGTTA-1_contig_1,True,558,TRA,TRAV19,None,TRAJ39,TRAC,True,True,CAAGGNNAGAKLTF,TGCGCAGCAGGTGGGAATAATGCAGGTGCCAAGCTCACATTC,4026,3,clonotype1,clonotype1_consensus_2
ACGATGTTCGGTGTTA-1,True,ACGATGTTCGGTGTTA-1_contig_2,True,604,TRB,TRBV12-2+TRBV13-2,None,TRBJ1-2,TRBC1,True,True,CASGGGTGNSDYTF,TGTGCCAGCGGTGGGGGGACAGGGAACTCCGACTACACCTTC,13838,12,clonotype1,clonotype1_consensus_1
ACGATGTTCGGTGTTA-1,True,ACGATGTTCGGTGTTA-1_contig_3,True,365,TRB,None,None,TRBJ2-7,None,False,False,None,None,2602,2,clonotype1,None
ACGCAGCCACAACGTT-1,True,ACGCAGCCACAACGTT-1_contig_1,True,549,TRB,TRBV16,None,TRBJ2-5,None,True,True,CASSLGGGQDTQYF,TGTGCAAGCAGCTTAGGGGGGGGCCAAGACACCCAGTACTTT,15404,18,clonotype8,clonotype8_consensus_1
ACGCAGCCACAACGTT-1,True,ACGCAGCCACAACGTT-1_contig_2,True,569,TRA,TRAV4D-3,None,TRAJ27,TRAC,True,True,CAADGPNTGKLTF,TGTGCTGCGGACGGACCCAATACAGGCAAATTAACCTTT,10848,7,clonotype8,clonotype8_consensus_2
ACGCAGCCACAACGTT-1,True,ACGCAGCCACAACGTT-1_contig_3,True,525,TRA,TRAV7N-6,None,TRAJ30,TRAC,True,True,CAVVDTNAYKVIF,TGTGCAGTGGTTGACACAAATGCTTACAAAGTCATCTTT,10308,5,clonotype8,clonotype8_consensus_3
ACGCAGCCACAACGTT-1,True,ACGCAGCCACAACGTT-1_contig_4,True,369,TRB,None,None,TRBJ1-6,TRBC1,False,False,None,None,5174,5,clonotype8,None
ACGCAGCCAGTAAGCG-1,True,ACGCAGCCAGTAAGCG-1_contig_1,True,549,TRB,TRBV16,None,TRBJ2-5,None,True,True,CASSLGGGQDTQYF,TGTGCAAGCAGCTTAGGGGGGGGCCAAGACACCCAGTACTTT,16280,21,clonotype8,clonotype8_consensus_1
ACGCAGCCAGTAAGCG-1,True,ACGCAGCCAGTAAGCG-1_contig_2,True,582,TRA,TRAV4D-3,None,TRAJ27,TRAC,True,True,CAADGPNTGKLTF,TGTGCTGCGGACGGACCCAATACAGGCAAATTAACCTTT,17838,13,clonotype8,clonotype8_consensus_2
ACGCAGCCAGTAAGCG-1,True,ACGCAGCCAGTAAGCG-1_contig_3,True,525,TRA,TRAV7N-6,None,TRAJ30,TRAC,True,True,CAVVDTNAYKVIF,TGTGCAGTGGTTGACACAAATGCTTACAAAGTCATCTTT,12676,7,clonotype8,clonotype8_consensus_3
ACGCAGCCAGTAAGCG-1,True,ACGCAGCCAGTAAGCG-1_contig_4,True,372,TRB,None,None,TRBJ1-6,TRBC1,False,False,None,None,196,1,clonotype8,None
ACGCAGCCATCGGAAG-1,True,ACGCAGCCATCGGAAG-1_contig_1,True,558,TRA,TRAV19,None,TRAJ39,TRAC,True,True,CAAGGNNAGAKLTF,TGCGCAGCAGGTGGGAATAATGCAGGTGCCAAGCTCACATTC,3500,2,clonotype1,clonotype1_consensus_2
ACGCAGCCATCGGAAG-1,True,ACGCAGCCATCGGAAG-1_contig_2,True,570,TRB,TRBV12-2+TRBV13-2,None,TRBJ1-2,TRBC1,True,True,CASGGGTGNSDYTF,TGTGCCAGCGGTGGGGGGACAGGGAACTCCGACTACACCTTC,14968,17,clonotype1,clonotype1_consensus_1
ACGCAGCCATCGGAAG-1,True,ACGCAGCCATCGGAAG-1_contig_3,True,451,TRA,None,None,TRAJ41,TRAC,False,False,None,None,3898,4,clonotype1,None
ACGCAGCTCCCTGACT-1,True,ACGCAGCTCCCTGACT-1_contig_1,True,594,TRA,TRAV14N-3,None,TRAJ6,TRAC,True,True,CAARTSGGNYKPTF,TGTGCAGCAAGAACCTCAGGAGGAAACTACAAACCTACGTTT,15348,8,clonotype4,clonotype4_consensus_2
ACGCAGCTCCCTGACT-1,True,ACGCAGCTCCCTGACT-1_contig_2,True,549,TRA,TRAV8N-2,None,TRAJ13,TRAC,True,True,CATEDSGTYQRF,TGTGCTACTGAGGATTCTGGGACTTACCAGAGGTTT,16312,9,clonotype4,clonotype4_consensus_1
ACGCAGCTCCCTGACT-1,True,ACGCAGCTCCCTGACT-1_contig_3,True,580,TRB,TRBV12-2+TRBV13-2,None,TRBJ2-7,None,True,True,CASGTGGDYEQYF,TGTGCCAGCGGGACTGGGGGGGACTATGAACAGTACTTC,31856,30,clonotype4,clonotype4_consensus_3
ACGCAGCTCCCTGACT-1,True,ACGCAGCTCCCTGACT-1_contig_4,True,397,TRB,None,None,TRBJ2-5,None,False,False,None,None,1992,4,clonotype4,None
ACGCAGCTCTGGCGAC-1,True,ACGCAGCTCTGGCGAC-1_contig_1,True,555,TRA,TRAV3-3,None,TRAJ49,TRAC,True,True,CAVSGSTGYQNFYF,TGCGCAGTCAGTGGGAGCACGGGTTACCAGAACTTCTATTTT,2238,2,clonotype5,clonotype5_consensus_1
ACGCAGCTCTGGCGAC-1,True,ACGCAGCTCTGGCGAC-1_contig_2,True,561,TRB,TRBV12-2+TRBV13-2,None,TRBJ2-7,None,True,True,CASGVQGWEQYF,TGTGCCAGCGGTGTACAGGGGTGGGAACAGTACTTC,9920,10,clonotype5,clonotype5_consensus_2
ACGCAGCTCTGGCGAC-1,True,ACGCAGCTCTGGCGAC-1_contig_3,True,498,TRB,None,None,TRBJ1-1,TRBC1,False,False,None,None,3634,3,clonotype5,None
ACGCAGCTCTGGCGAC-1,True,ACGCAGCTCTGGCGAC-1_contig_4,True,533,TRA,TRAV6D-5,None,TRAJ38,TRAC,True,False,CTTVFWDNVGDNSKLIW,TGTACTACTGTGTTCTGGGATAATGTTGGTGACAACAGTAAGCTGATTTGG,2120,2,clonotype5,None
ACGCCAGAGAAGAAGC-1,True,ACGCCAGAGAAGAAGC-1_contig_1,True,527,TRA,TRAV14N-3,None,TRAJ6,TRAC,True,True,CAARTSGGNYKPTF,TGTGCAGCAAGAACCTCAGGAGGAAACTACAAACCTACGTTT,4324,2,clonotype78,clonotype78_consensus_2
ACGCCAGAGAAGAAGC-1,True,ACGCCAGAGAAGAAGC-1_contig_2,True,549,TRA,TRAV8N-2,None,TRAJ13,TRAC,True,True,CATEDSGTYQRF,TGTGCTACTGAGGATTCTGGGACTTACCAGAGGTTT,4150,4,clonotype78,clonotype78_consensus_1
ACGCCAGAGAAGCCCA-1,True,ACGCCAGAGAAGCCCA-1_contig_1,True,558,TRA,TRAV19,None,TRAJ39,TRAC,True,True,CAAGGNNAGAKLTF,TGCGCAGCAGGTGGGAATAATGCAGGTGCCAAGCTCACATTC,37672,32,clonotype1,clonotype1_consensus_2
ACGCCAGAGAAGCCCA-1,True,ACGCCAGAGAAGCCCA-1_contig_2,True,605,TRB,TRBV12-2+TRBV13-2,None,TRBJ1-2,TRBC1,True,True,CASGGGTGNSDYTF,TGTGCCAGCGGTGGGGGGACAGGGAACTCCGACTACACCTTC,33902,38,clonotype1,clonotype1_consensus_1
ACGCCAGAGAAGCCCA-1,True,ACGCCAGAGAAGCCCA-1_contig_3,True,334,TRB,None,None,TRBJ2-1,None,False,False,None,None,2530,3,clonotype1,None
ACGCCAGAGAAGCCCA-1,True,ACGCCAGAGAAGCCCA-1_contig_4,True,350,TRB,None,None,TRBJ2-7,None,False,False,None,None,1120,1,clonotype1,None
ACGCCAGAGAAGCCCA-1,True,ACGCCAGAGAAGCCCA-1_contig_5,True,725,TRA,None,None,TRAJ22,None,False,False,None,None,1030,1,clonotype1,None
ACGCCAGCACCGAATT-1,True,ACGCCAGCACCGAATT-1_contig_1,True,535,TRA,TRAV6-6,None,TRAJ24,TRAC,True,True,CAPLTTASLGKLQF,TGTGCTCCGTTGACAACTGCCAGTTTGGGGAAACTGCAGTTT,7364,4,clonotype3,clonotype3_consensus_2
ACGCCAGCACCGAATT-1,True,ACGCCAGCACCGAATT-1_contig_2,True,505,TRB,TRBV13-1,None,TRBJ2-4,None,True,True,CASSEGTNTLYF,TGTGCCAGCAGTGAAGGAACAAACACCTTGTACTTT,45538,38,clonotype3,clonotype3_consensus_1
ACGCCAGCACCGAATT-1,True,ACGCCAGCACCGAATT-1_contig_3,True,690,TRA,TRAV9D-2,None,TRAJ26,TRAC,True,True,CVLSRGNNYAQGLTF,TGTGTTCTGAGCAGGGGCAATAACTATGCCCAGGGATTAACCTTC,6130,4,clonotype3,clonotype3_consensus_3
ACGCCAGCATTCTCAT-1,True,ACGCCAGCATTCTCAT-1_contig_1,True,558,TRA,TRAV19,None,TRAJ39,TRAC,True,True,CAAGGNNAGAKLTF,TGCGCAGCAGGTGGGAATAATGCAGGTGCCAAGCTCACATTC,1496,2,clonotype1,clonotype1_consensus_2
ACGCCAGCATTCTCAT-1,True,ACGCCAGCATTCTCAT-1_contig_2,True,568,TRB,TRBV12-2+TRBV13-2,None,TRBJ1-2,TRBC1,True,True,CASGGGTGNSDYTF,TGTGCCAGCGGTGGGGGGACAGGGAACTCCGACTACACCTTC,2864,2,clonotype1,clonotype1_consensus_1
ACGCCAGCATTCTCAT-1,True,ACGCCAGCATTCTCAT-1_contig_3,True,506,TRA,TRAV7-5,None,TRAJ45,TRAC,True,False,CSDTEGADRLTF,TGCAGTGATACAGAAGGTGCAGATAGACTCACCTTT,922,1,clonotype1,None
ACGCCAGCATTTCACT-1,True,ACGCCAGCATTTCACT-1_contig_1,True,505,TRB,TRBV13-1,None,TRBJ2-4,None,True,True,CASSEGTNTLYF,TGTGCCAGCAGTGAAGGAACAAACACCTTGTACTTT,2556,2,clonotype6,clonotype6_consensus_1
ACGCCAGCATTTCACT-1,True,ACGCCAGCATTTCACT-1_contig_2,True,340,TRA,TRAV9D-2,None,TRAJ26,TRAC,True,False,CVLSRGNNYAQGLTF,TGTGTTCTGAGCAGGGGCAATAACTATGCCCAGGGATTAACCTTC,1296,1,clonotype6,None
ACGCCAGGTACCGTAT-1,True,ACGCCAGGTACCGTAT-1_contig_1,True,541,TRA,TRAV8D-1,None,TRAJ30,TRAC,True,True,CATDTNAYKVIF,TGTGCTACTGACACAAATGCTTACAAAGTCATCTTT,3908,3,clonotype242,clonotype242_consensus_1
ACGCCAGGTACCGTAT-1,True,ACGCCAGGTACCGTAT-1_contig_2,True,605,TRB,TRBV12-2+TRBV13-2,None,TRBJ2-1,None,True,True,CASGAGDYAEQFF,TGTGCCAGCGGAGCTGGGGACTATGCTGAGCAGTTCTTC,2772,3,clonotype242,clonotype242_consensus_2
ACGCCAGGTACCGTAT-1,True,ACGCCAGGTACCGTAT-1_contig_3,True,553,TRA,TRAV3D-3,None,TRAJ26,TRAC,True,False,None,None,126,1,clonotype242,None
ACGCCAGGTAGGGTAC-1,True,ACGCCAGGTAGGGTAC-1_contig_1,True,556,TRA,TRAV19,None,TRAJ39,TRAC,True,True,CAAGGNNAGAKLTF,TGCGCAGCAGGTGGGAATAATGCAGGTGCCAAGCTCACATTC,1780,1,clonotype1,clonotype1_consensus_2
ACGCCAGGTAGGGTAC-1,True,ACGCCAGGTAGGGTAC-1_contig_2,True,569,TRB,TRBV12-2+TRBV13-2,None,TRBJ1-2,TRBC1,True,True,CASGGGTGNSDYTF,TGTGCCAGCGGTGGGGGGACAGGGAACTCCGACTACACCTTC,3788,3,clonotype1,clonotype1_consensus_1
ACGCCAGGTCACTTCC-1,True,ACGCCAGGTCACTTCC-1_contig_1,True,581,TRB,TRBV12-2+TRBV13-2,None,TRBJ2-3,None,True,True,CASGDAPPGEGTLYF,TGTGCCAGCGGTGATGCACCTCCAGGGGAGGGAACGCTGTATTTT,3186,4,clonotype37,clonotype37_consensus_2
ACGCCAGGTCACTTCC-1,True,ACGCCAGGTCACTTCC-1_contig_2,True,598,TRA,TRAV13N-3,None,TRAJ49,TRAC,True,True,CAMGGYQNFYF,TGTGCTATGGGGGGTTACCAGAACTTCTATTTT,6022,4,clonotype37,clonotype37_consensus_1
ACGCCAGGTCGCGAAA-1,True,ACGCCAGGTCGCGAAA-1_contig_1,True,566,TRA,TRAV3D-3,None,TRAJ26,TRAC,True,True,CAVSGNNYAQGLTF,TGCGCAGTCAGTGGAAATAACTATGCCCAGGGATTAACCTTC,8668,9,clonotype243,clonotype243_consensus_1
ACGCCAGGTCGCGAAA-1,True,ACGCCAGGTCGCGAAA-1_contig_2,True,563,TRB,TRBV12-2+TRBV13-2,None,TRBJ1-3,TRBC1,True,True,CASGGGPGNTLYF,TGTGCCAGCGGGGGGGGGCCTGGAAATACGCTCTATTTT,4148,5,clonotype243,clonotype243_consensus_2
ACGCCAGGTCGCGAAA-1,True,ACGCCAGGTCGCGAAA-1_contig_3,True,370,TRB,None,None,TRBJ2-1,None,False,False,None,None,12222,8,clonotype243,None
ACGCCAGGTGTAATGA-1,True,ACGCCAGGTGTAATGA-1_contig_1,True,556,TRA,TRAV19,None,TRAJ39,TRAC,True,True,CAAGGNNAGAKLTF,TGCGCAGCAGGTGGGAATAATGCAGGTGCCAAGCTCACATTC,20010,14,clonotype1,clonotype1_consensus_2
ACGCCAGGTGTAATGA-1,True,ACGCCAGGTGTAATGA-1_contig_2,True,570,TRB,TRBV12-2+TRBV13-2,None,TRBJ1-2,TRBC1,True,True,CASGGGTGNSDYTF,TGTGCCAGCGGTGGGGGGACAGGGAACTCCGACTACACCTTC,32068,29,clonotype1,clonotype1_consensus_1
ACGCCAGGTGTAATGA-1,True,ACGCCAGGTGTAATGA-1_contig_3,True,528,TRA,TRAV7-5,None,TRAJ45,TRAC,True,False,CSDTEGADRLTF,TGCAGTGATACAGAAGGTGCAGATAGACTCACCTTT,4638,6,clonotype1,None
ACGCCAGGTGTAATGA-1,True,ACGCCAGGTGTAATGA-1_contig_4,True,445,TRB,TRBV13-1,None,TRBJ2-4,None,True,False,CASEGQGAETLYF,TGTGCCAGCGAGGGACAGGGTGCAGAAACGCTGTATTTT,2434,3,clonotype1,None
ACGCCAGGTGTAATGA-1,True,ACGCCAGGTGTAATGA-1_contig_5,True,327,TRB,None,None,TRBJ2-1,None,False,False,None,None,12884,12,clonotype1,None
ACGCCAGGTTACGCGC-1,True,ACGCCAGGTTACGCGC-1_contig_1,True,499,TRB,TRBV13-1,None,TRBJ2-5,None,True,True,CATGTGDTQYF,TGTGCCACCGGGACTGGGGACACCCAGTACTTT,1566,1,clonotype92,clonotype92_consensus_1
ACGCCAGGTTACGCGC-1,True,ACGCCAGGTTACGCGC-1_contig_2,True,649,TRA,TRAV14N-3,None,TRAJ26,TRAC,True,True,CAASGNYAQGLTF,TGTGCAGCAAGTGGAAACTATGCCCAGGGATTAACCTTC,3152,2,clonotype92,clonotype92_consensus_2
ACGCCAGTCGCCAGCA-1,True,ACGCCAGTCGCCAGCA-1_contig_1,True,593,TRA,TRAV19,None,TRAJ39,TRAC,True,True,CAAGGNNAGAKLTF,TGCGCAGCAGGTGGGAATAATGCAGGTGCCAAGCTCACATTC,4060,5,clonotype1,clonotype1_consensus_2
ACGCCAGTCGCCAGCA-1,True,ACGCCAGTCGCCAGCA-1_contig_2,True,569,TRB,TRBV12-2+TRBV13-2,None,TRBJ1-2,TRBC1,True,True,CASGGGTGNSDYTF,TGTGCCAGCGGTGGGGGGACAGGGAACTCCGACTACACCTTC,6104,6,clonotype1,clonotype1_consensus_1
ACGCCAGTCGCCAGCA-1,True,ACGCCAGTCGCCAGCA-1_contig_3,True,510,TRA,TRAV7-5,None,TRAJ45,TRAC,True,False,CSDTEGADRLTF,TGCAGTGATACAGAAGGTGCAGATAGACTCACCTTT,3010,1,clonotype1,None
ACGCCAGTCGCCAGCA-1,True,ACGCCAGTCGCCAGCA-1_contig_4,True,620,TRB,None,None,TRBJ2-7,None,False,False,None,None,9894,9,clonotype1,None
ACGCCAGTCGTCTGCT-1,True,ACGCCAGTCGTCTGCT-1_contig_1,True,706,TRB,TRBV19,None,TRBJ2-7,None,True,True,CASRDYEQYF,TGTGCCAGCAGGGACTATGAACAGTACTTC,5092,5,clonotype244,clonotype244_consensus_2
ACGCCAGTCGTCTGCT-1,True,ACGCCAGTCGTCTGCT-1_contig_2,True,574,TRA,TRAV3D-3,None,TRAJ26,TRAC,True,True,CAVSGNNYAQGLTF,TGCGCAGTCAGTGGAAATAACTATGCCCAGGGATTAACCTTC,10584,8,clonotype244,clonotype244_consensus_1
ACGCCAGTCGTCTGCT-1,True,ACGCCAGTCGTCTGCT-1_contig_3,True,591,TRB,TRBV12-2+TRBV13-2,None,TRBJ1-3,TRBC1,True,True,CASGGGPGNTLYF,TGTGCCAGCGGTGGAGGTCCTGGAAATACGCTCTATTTT,6672,9,clonotype244,clonotype244_consensus_3
ACGCCAGTCTTAGAGC-1,True,ACGCCAGTCTTAGAGC-1_contig_1,True,509,TRB,TRBV13-1,None,TRBJ2-5,None,True,True,CATGTGDTQYF,TGTGCCACCGGGACTGGGGACACCCAGTACTTT,5188,4,clonotype245,clonotype245_consensus_1
ACGCCGACATTAACCG-1,True,ACGCCGACATTAACCG-1_contig_1,True,556,TRA,TRAV19,None,TRAJ39,TRAC,True,True,CAAGGNNAGAKLTF,TGCGCAGCAGGTGGGAATAATGCAGGTGCCAAGCTCACATTC,5642,3,clonotype1,clonotype1_consensus_2
ACGCCGACATTAACCG-1,True,ACGCCGACATTAACCG-1_contig_2,True,568,TRB,TRBV12-2+TRBV13-2,None,TRBJ1-2,TRBC1,True,True,CASGGGTGNSDYTF,TGTGCCAGCGGTGGGGGGACAGGGAACTCCGACTACACCTTC,12390,10,clonotype1,clonotype1_consensus_1
ACGCCGACATTAACCG-1,True,ACGCCGACATTAACCG-1_contig_3,True,332,TRB,None,None,TRBJ2-1,None,False,False,None,None,5954,3,clonotype1,None
ACGCCGACATTAACCG-1,True,ACGCCGACATTAACCG-1_contig_4,True,354,TRB,None,None,TRBJ2-7,None,False,False,None,None,3350,3,clonotype1,None
ACGCCGAGTCAATGTC-1,True,ACGCCGAGTCAATGTC-1_contig_1,True,549,TRB,TRBV16,None,TRBJ2-5,None,True,True,CASSLGGGQDTQYF,TGTGCAAGCAGCTTAGGGGGGGGGCAAGACACCCAGTACTTT,6114,7,clonotype11,clonotype11_consensus_2
ACGCCGAGTCAATGTC-1,True,ACGCCGAGTCAATGTC-1_contig_2,True,560,TRA,TRAV4D-3,None,TRAJ27,TRAC,True,True,CAADGPNTGKLTF,TGTGCTGCTGACGGGCCCAATACAGGCAAATTAACCTTT,1238,2,clonotype11,clonotype11_consensus_1
ACGCCGAGTCCGAATT-1,True,ACGCCGAGTCCGAATT-1_contig_1,True,507,TRB,TRBV5,None,TRBJ2-2,None,True,True,CASSTGQLYF,TGTGCCAGCAGCACCGGGCAGCTCTACTTT,5700,4,clonotype152,clonotype152_consensus_1
ACGCCGAGTCCGAATT-1,True,ACGCCGAGTCCGAATT-1_contig_2,True,590,TRA,TRAV9N-4,None,TRAJ22,TRAC,True,True,CALPSSGSWQLIF,TGTGCTCTCCCATCTTCTGGCAGCTGGCAACTCATCTTT,1568,2,clonotype152,clonotype152_consensus_2
ACGCCGAGTCCGAATT-1,True,ACGCCGAGTCCGAATT-1_contig_3,True,579,TRA,TRAV10N,None,TRAJ35,TRAC,True,False,CSKHQTGFASALTF,TGCAGCAAGCACCAGACAGGCTTTGCAAGTGCGCTGACATTT,2062,1,clonotype152,None
ACGCCGAGTTAAGGGC-1,True,ACGCCGAGTTAAGGGC-1_contig_1,True,520,TRA,TRAV19,None,TRAJ39,TRAC,True,True,CAAGGNNAGAKLTF,TGCGCAGCAGGTGGGAATAATGCAGGTGCCAAGCTCACATTC,9002,7,clonotype1,clonotype1_consensus_2
ACGCCGAGTTAAGGGC-1,True,ACGCCGAGTTAAGGGC-1_contig_2,True,569,TRB,TRBV12-2+TRBV13-2,None,TRBJ1-2,TRBC1,True,True,CASGGGTGNSDYTF,TGTGCCAGCGGTGGGGGGACAGGGAACTCCGACTACACCTTC,16524,16,clonotype1,clonotype1_consensus_1
ACGCCGAGTTAAGGGC-1,True,ACGCCGAGTTAAGGGC-1_contig_3,True,333,TRB,None,None,TRBJ2-7,None,False,False,None,None,6464,4,clonotype1,None
ACGCCGAGTTAAGGGC-1,True,ACGCCGAGTTAAGGGC-1_contig_4,True,369,TRA,TRAV7-5,None,TRAJ45,TRAC,True,False,CSDTEGADRLTF,TGCAGTGATACAGAAGGTGCAGATAGACTCACCTTT,3558,3,clonotype1,None
ACGCCGATCATACGGT-1,True,ACGCCGATCATACGGT-1_contig_1,True,567,TRA,TRAV14N-3,None,TRAJ6,TRAC,True,True,CAARTSGGNYKPTF,TGTGCAGCAAGAACCTCAGGAGGAAACTACAAACCTACGTTT,5488,3,clonotype4,clonotype4_consensus_2
ACGCCGATCATACGGT-1,True,ACGCCGATCATACGGT-1_contig_2,True,549,TRA,TRAV8N-2,None,TRAJ13,TRAC,True,True,CATEDSGTYQRF,TGTGCTACTGAGGATTCTGGGACTTACCAGAGGTTT,12376,8,clonotype4,clonotype4_consensus_1
ACGCCGATCATACGGT-1,True,ACGCCGATCATACGGT-1_contig_3,True,598,TRB,TRBV12-2+TRBV13-2,None,TRBJ2-7,None,True,True,CASGTGGDYEQYF,TGTGCCAGCGGGACTGGGGGGGACTATGAACAGTACTTC,23554,22,clonotype4,clonotype4_consensus_3
ACGCCGATCCCGACTT-1,True,ACGCCGATCCCGACTT-1_contig_1,True,541,TRA,TRAV8D-1,None,TRAJ30,TRAC,True,True,CATDTNAYKVIF,TGTGCTACTGACACAAATGCTTACAAAGTCATCTTT,7398,5,clonotype31,clonotype31_consensus_1
ACGCCGATCCCGACTT-1,True,ACGCCGATCCCGACTT-1_contig_2,True,570,TRB,TRBV12-2+TRBV13-2,None,TRBJ1-5,TRBC1,True,True,CASGTGDNQAPLF,TGTGCCAGCGGTACAGGAGACAACCAGGCTCCGCTTTTT,3926,4,clonotype31,clonotype31_consensus_2
ACGCCGATCCCGACTT-1,True,ACGCCGATCCCGACTT-1_contig_3,True,405,TRB,None,None,TRBJ1-3,TRBC1,False,False,None,None,2702,2,clonotype31,None
ACGCCGATCCCGACTT-1,True,ACGCCGATCCCGACTT-1_contig_4,True,427,TRB,None,None,TRBJ2-1,None,False,False,None,None,178,1,clonotype31,None
ACGGAGACATGCTGGC-1,True,ACGGAGACATGCTGGC-1_contig_1,True,566,TRA,TRAV3-3,None,TRAJ45,TRAC,True,True,CAVRNTEGADRLTF,TGCGCAGTCAGGAATACAGAAGGTGCAGATAGACTCACCTTT,846,2,clonotype246,clonotype246_consensus_2
ACGGAGACATGCTGGC-1,True,ACGGAGACATGCTGGC-1_contig_2,True,511,TRB,TRBV13-3,None,TRBJ1-2,TRBC1,True,True,CASGGQTNSDYTF,TGTGCCAGCGGGGGGCAAACAAACTCCGACTACACCTTC,186,1,clonotype246,clonotype246_consensus_1
ACGGAGAGTATGCTTG-1,True,ACGGAGAGTATGCTTG-1_contig_1,True,525,TRB,TRBV17,None,TRBJ2-5,None,True,True,CASSRKGVQDTQYF,TGTGCTAGCAGTAGAAAGGGGGTCCAAGACACCCAGTACTTT,8488,6,clonotype153,clonotype153_consensus_1
ACGGAGAGTATGCTTG-1,True,ACGGAGAGTATGCTTG-1_contig_2,True,312,TRB,None,None,TRBJ2-3,None,False,False,None,None,8930,5,clonotype153,None
ACGGAGAGTATGCTTG-1,True,ACGGAGAGTATGCTTG-1_contig_3,True,553,TRA,TRAV4-4-DV10,None,TRAJ57,TRAC,True,False,None,None,1334,1,clonotype153,None
ACGGAGAGTATGCTTG-1,True,ACGGAGAGTATGCTTG-1_contig_4,True,329,TRB,None,None,TRBJ2-7,None,False,False,None,None,1434,1,clonotype153,None
ACGGAGAGTTAGGGTG-1,True,ACGGAGAGTTAGGGTG-1_contig_1,True,521,TRA,TRAV8-1,None,TRAJ30,TRAC,True,True,CATDTNAYKVIF,TGTGCTACTGACACAAATGCTTACAAAGTCATCTTT,1050,1,clonotype14,clonotype14_consensus_1
ACGGAGAGTTAGGGTG-1,True,ACGGAGAGTTAGGGTG-1_contig_2,True,565,TRB,TRBV12-2+TRBV13-2,None,TRBJ1-5,TRBC1,True,True,CASGTGDNQAPLF,TGTGCCAGCGGTACAGGGGACAACCAGGCTCCGCTTTTT,9466,11,clonotype14,clonotype14_consensus_2
ACGGAGAGTTAGGGTG-1,True,ACGGAGAGTTAGGGTG-1_contig_3,True,392,TRB,None,None,TRBJ2-4,None,False,False,None,None,2560,4,clonotype14,None
ACGGAGATCGGTCTAA-1,True,ACGGAGATCGGTCTAA-1_contig_1,True,531,TRA,TRAV8-1,None,TRAJ30,TRAC,True,True,CATDTNAYKVIF,TGTGCTACTGACACAAATGCTTACAAAGTCATCTTT,5984,6,clonotype93,clonotype93_consensus_1
ACGGAGATCGGTCTAA-1,True,ACGGAGATCGGTCTAA-1_contig_2,True,587,TRB,TRBV13-2,None,TRBJ1-5,TRBC1,True,True,CASGTGDNQAPLF,TGTGCCAGCGGTACAGGGGATAACCAGGCTCCGCTTTTT,5348,4,clonotype93,clonotype93_consensus_2
ACGGAGATCGGTCTAA-1,True,ACGGAGATCGGTCTAA-1_contig_3,True,349,TRB,None,None,TRBJ2-1,None,False,False,None,None,15228,10,clonotype93,None
ACGGCCACACTCAGGC-1,True,ACGGCCACACTCAGGC-1_contig_1,True,535,TRA,TRAV19,None,TRAJ39,TRAC,True,True,CAAGGNNAGAKLTF,TGCGCAGCAGGTGGGAATAATGCAGGTGCCAAGCTCACATTC,2080,1,clonotype1,clonotype1_consensus_2
ACGGCCACACTCAGGC-1,True,ACGGCCACACTCAGGC-1_contig_2,True,938,TRB,TRBV12-2+TRBV13-2,None,TRBJ1-2,TRBC1,True,True,CASGGGTGNSDYTF,TGTGCCAGCGGTGGGGGGACAGGGAACTCCGACTACACCTTC,2596,3,clonotype1,clonotype1_consensus_1
ACGGCCACACTCAGGC-1,True,ACGGCCACACTCAGGC-1_contig_3,True,322,TRB,None,None,TRBJ2-7,None,False,False,None,None,6780,5,clonotype1,None
ACGGCCAGTACACCGC-1,True,ACGGCCAGTACACCGC-1_contig_1,True,525,TRB,TRBV17,None,TRBJ2-5,None,True,True,CASSRKGSQDTQYF,TGTGCTAGCAGTAGAAAGGGGAGCCAAGACACCCAGTACTTT,9054,5,clonotype94,clonotype94_consensus_1
ACGGCCATCTCGTATT-1,True,ACGGCCATCTCGTATT-1_contig_1,True,541,TRA,TRAV8-1,None,TRAJ30,TRAC,True,True,CATDTNAYKVIF,TGTGCTACTGACACAAATGCTTACAAAGTCATCTTT,6314,4,clonotype13,clonotype13_consensus_1
ACGGCCATCTCGTATT-1,True,ACGGCCATCTCGTATT-1_contig_2,True,563,TRB,TRBV12-2+TRBV13-2,None,TRBJ1-5,TRBC1,True,True,CASGTGDNQAPLF,TGTGCCAGCGGGACAGGGGACAACCAGGCTCCGCTTTTT,7952,8,clonotype13,clonotype13_consensus_2
ACGGCCATCTCGTATT-1,True,ACGGCCATCTCGTATT-1_contig_3,True,663,TRA,None,None,TRAJ26,TRAC,False,False,None,None,2336,4,clonotype13,None
ACGGCCATCTCGTATT-1,True,ACGGCCATCTCGTATT-1_contig_4,True,326,TRB,None,None,TRBJ2-7,None,False,False,None,None,1750,1,clonotype13,None
ACGGGCTAGCAACGGT-1,True,ACGGGCTAGCAACGGT-1_contig_1,True,558,TRA,TRAV19,None,TRAJ39,TRAC,True,True,CAAGGNNAGAKLTF,TGCGCAGCAGGTGGGAATAATGCAGGTGCCAAGCTCACATTC,2892,2,clonotype19,clonotype19_consensus_1
ACGGGCTAGCAACGGT-1,True,ACGGGCTAGCAACGGT-1_contig_2,True,365,TRA,TRAV7-5,None,TRAJ45,TRAC,True,False,CSDTEGADRLTF,TGCAGTGATACAGAAGGTGCAGATAGACTCACCTTT,2870,1,clonotype19,None
ACGGGCTAGTTCGCGC-1,True,ACGGGCTAGTTCGCGC-1_contig_1,True,567,TRB,TRBV12-2+TRBV13-2,None,TRBJ1-2,TRBC1,True,True,CASGGGTGNSDYTF,TGTGCCAGCGGTGGGGGGACAGGGAACTCCGACTACACCTTC,3728,3,clonotype7,clonotype7_consensus_1
ACGGGCTAGTTCGCGC-1,True,ACGGGCTAGTTCGCGC-1_contig_2,True,401,TRA,TRAV7-5,None,TRAJ45,TRAC,True,False,CSDTEGADRLTF,TGCAGTGATACAGAAGGTGCAGATAGACTCACCTTT,5152,4,clonotype7,None
ACGGGCTAGTTCGCGC-1,True,ACGGGCTAGTTCGCGC-1_contig_3,True,426,TRA,TRAV19,None,TRAJ39,None,False,False,CAAGGN,TGCGCAGCAGGTGGGAAT,82,1,clonotype7,None
ACGGGCTCAGGAATCG-1,True,ACGGGCTCAGGAATCG-1_contig_1,True,549,TRA,TRAV7D-2,None,TRAJ31,TRAC,True,True,CAASIEDSNNRIFF,TGTGCAGCAAGCATAGAGGATAGCAATAACAGAATCTTCTTT,14370,10,clonotype110,clonotype110_consensus_1
ACGGGCTCAGGAATCG-1,True,ACGGGCTCAGGAATCG-1_contig_2,True,502,TRB,TRBV13-1,None,TRBJ2-2,None,True,True,CASSDPGQLYF,TGTGCCAGCAGTGACCCCGGGCAGCTCTACTTT,26440,23,clonotype110,clonotype110_consensus_3
ACGGGCTCAGGAATCG-1,True,ACGGGCTCAGGAATCG-1_contig_3,True,569,TRA,TRAV16N,None,TRAJ22,TRAC,True,True,CAMREGDSSGSWQLIF,TGTGCTATGAGAGAGGGCGACTCTTCTGGCAGCTGGCAACTCATCTTT,13060,8,clonotype110,clonotype110_consensus_2
ACGGGCTCAGGAATCG-1,True,ACGGGCTCAGGAATCG-1_contig_4,True,581,TRB,TRBV12-1,None,TRBJ2-3,None,True,False,CTSVPALSDNSAETLYF,TGTACTTCTGTGCCAGCTCTCTCCGACAATAGTGCAGAAACGCTGTATTTT,2218,1,clonotype110,None
ACGGGCTCAGTAAGAT-1,True,ACGGGCTCAGTAAGAT-1_contig_1,True,645,TRA,TRAV14N-3,None,TRAJ6,TRAC,True,True,CAARTSGGNYKPTF,TGTGCAGCAAGAACCTCAGGAGGAAACTACAAACCTACGTTT,27278,19,clonotype4,clonotype4_consensus_2
ACGGGCTCAGTAAGAT-1,True,ACGGGCTCAGTAAGAT-1_contig_2,True,549,TRA,TRAV8N-2,None,TRAJ13,TRAC,True,True,CATEDSGTYQRF,TGTGCTACTGAGGATTCTGGGACTTACCAGAGGTTT,36448,33,clonotype4,clonotype4_consensus_1
ACGGGCTCAGTAAGAT-1,True,ACGGGCTCAGTAAGAT-1_contig_3,True,592,TRB,TRBV12-2+TRBV13-2,None,TRBJ2-7,None,True,True,CASGTGGDYEQYF,TGTGCCAGCGGGACTGGGGGGGACTATGAACAGTACTTC,11618,14,clonotype4,clonotype4_consensus_3
ACGGGCTGTAGTAGTA-1,True,ACGGGCTGTAGTAGTA-1_contig_1,True,558,TRA,TRAV4-3,None,TRAJ47,TRAC,True,True,CAAEGVDYANKMIF,TGTGCTGCTGAGGGTGTGGACTATGCAAACAAGATGATCTTT,24274,19,clonotype79,clonotype79_consensus_1
ACGGGCTGTAGTAGTA-1,True,ACGGGCTGTAGTAGTA-1_contig_2,True,527,TRB,TRBV15,None,TRBJ1-3,TRBC1,True,True,CASSLNRGSSGNTLYF,TGTGCCAGCAGTTTAAACAGGGGGAGTTCTGGAAATACGCTCTATTTT,44636,36,clonotype79,clonotype79_consensus_2
ACGGGCTGTAGTAGTA-1,True,ACGGGCTGTAGTAGTA-1_contig_3,True,636,TRA,TRAV14-3,None,TRAJ49,TRAC,True,False,CAARD,TGTGCAGCAAGGGAT,2350,2,clonotype79,None
ACGGGCTGTAGTAGTA-1,True,ACGGGCTGTAGTAGTA-1_contig_4,True,433,TRB,None,None,TRBJ2-7,None,False,False,None,None,5770,6,clonotype79,None
ACGGGCTGTGGAAAGA-1,True,ACGGGCTGTGGAAAGA-1_contig_1,True,532,TRA,TRAV13-4-DV7,None,TRAJ58,TRAC,True,True,CAPMQQGTGSKLSF,TGTGCTCCTATGCAGCAAGGCACTGGGTCTAAGCTGTCATTT,8228,5,clonotype18,clonotype18_consensus_2
ACGGGCTGTGGAAAGA-1,True,ACGGGCTGTGGAAAGA-1_contig_2,True,525,TRB,TRBV17,None,TRBJ2-5,None,True,True,CASSRKGVQDTQYF,TGTGCTAGCAGTAGAAAGGGGGTCCAAGACACCCAGTACTTT,47338,32,clonotype18,clonotype18_consensus_1
ACGGGCTGTGGAAAGA-1,True,ACGGGCTGTGGAAAGA-1_contig_3,True,471,TRB,None,None,TRBJ2-7,None,False,False,None,None,4448,4,clonotype18,None
ACGGGCTGTGGAAAGA-1,True,ACGGGCTGTGGAAAGA-1_contig_4,True,750,TRB,TRBV1,None,TRBJ1-3,TRBC1,True,False,None,None,8974,6,clonotype18,None
ACGGGTCAGAGCAATT-1,True,ACGGGTCAGAGCAATT-1_contig_1,True,561,TRA,TRAV4-3,None,TRAJ42,TRAC,True,True,CAADNSGGSNAKLTF,TGTGCTGCTGATAATTCTGGAGGAAGCAATGCAAAGCTAACCTTC,11816,13,clonotype29,clonotype29_consensus_2
ACGGGTCAGAGCAATT-1,True,ACGGGTCAGAGCAATT-1_contig_2,True,505,TRB,TRBV13-1,None,TRBJ2-1,None,True,True,CASGGAYAEQFF,TGTGCCAGCGGGGGGGCGTATGCTGAGCAGTTCTTC,40092,49,clonotype29,clonotype29_consensus_1
ACGGGTCAGAGCAATT-1,True,ACGGGTCAGAGCAATT-1_contig_3,True,566,TRA,TRAV12-2,None,TRAJ34,TRAC,True,True,CALSGNTNKVVF,TGTGCTTTGAGTGGCAATACCAACAAAGTCGTCTTT,20804,20,clonotype29,clonotype29_consensus_3
ACGGGTCAGGCCCTCA-1,True,ACGGGTCAGGCCCTCA-1_contig_1,True,549,TRB,TRBV16,None,TRBJ2-5,None,True,True,CASSLGGGQDTQYF,TGTGCAAGCAGCTTAGGGGGGGGCCAAGACACCCAGTACTTT,14100,17,clonotype54,clonotype54_consensus_1
ACGGGTCAGGCCCTCA-1,True,ACGGGTCAGGCCCTCA-1_contig_2,True,534,TRA,TRAV7N-6,None,TRAJ30,TRAC,True,True,CAVVDTNAYKVIF,TGTGCAGTGGTTGACACAAATGCTTACAAAGTCATCTTT,2828,2,clonotype54,clonotype54_consensus_2
ACGGGTCCAGTAGAGC-1,True,ACGGGTCCAGTAGAGC-1_contig_1,True,523,TRA,TRAV7-5,None,TRAJ23,TRAC,True,True,CAVSMNYNQGKLIF,TGTGCAGTGAGCATGAATTATAACCAGGGGAAGCTTATCTTT,6642,7,clonotype154,clonotype154_consensus_3
ACGGGTCCAGTAGAGC-1,True,ACGGGTCCAGTAGAGC-1_contig_2,True,690,TRA,TRAV9-2,None,TRAJ32,TRAC,True,True,CVLSAGSSGNKLIF,TGTGTTTTGAGCGCTGGGAGCAGTGGCAACAAGCTCATCTTT,2544,4,clonotype154,clonotype154_consensus_2
ACGGGTCCAGTAGAGC-1,True,ACGGGTCCAGTAGAGC-1_contig_3,True,519,TRB,TRBV2,None,TRBJ2-7,None,True,True,CASSQGWGAFSYEQYF,TGTGCCAGCAGCCAAGGGTGGGGGGCTTTCTCCTATGAACAGTACTTC,1090,1,clonotype154,clonotype154_consensus_1
ACGGGTCCAGTAGAGC-1,True,ACGGGTCCAGTAGAGC-1_contig_4,True,308,TRB,None,None,TRBJ2-1,None,False,False,None,None,2238,2,clonotype154,None
ACGGGTCCAGTAGAGC-1,True,ACGGGTCCAGTAGAGC-1_contig_5,True,401,TRB,None,None,TRBJ1-2,TRBC1,False,False,None,None,4464,2,clonotype154,None
ACGGGTCTCACTGGGC-1,True,ACGGGTCTCACTGGGC-1_contig_1,True,505,TRB,TRBV13-1,None,TRBJ2-4,None,True,True,CASSEGTNTLYF,TGTGCCAGCAGTGAAGGAACAAACACCTTGTACTTT,13450,10,clonotype6,clonotype6_consensus_1
ACGGGTCTCACTTCAT-1,True,ACGGGTCTCACTTCAT-1_contig_1,True,549,TRB,TRBV16,None,TRBJ2-5,None,True,True,CASSLGGYQDTQYF,TGTGCAAGCAGCTTAGGGGGCTACCAAGACACCCAGTACTTT,4192,3,clonotype28,clonotype28_consensus_2
ACGGGTCTCACTTCAT-1,True,ACGGGTCTCACTTCAT-1_contig_2,True,555,TRA,TRAV4-3,None,TRAJ27,TRAC,True,True,CAAANTNTGKLTF,TGTGCTGCTGCTAACACCAATACAGGCAAATTAACCTTT,3884,2,clonotype28,clonotype28_consensus_1
ACGTCAAAGGAACTGC-1,True,ACGTCAAAGGAACTGC-1_contig_1,True,535,TRA,TRAV19,None,TRAJ39,TRAC,True,True,CAAGGNNAGAKLTF,TGCGCAGCAGGTGGGAATAATGCAGGTGCCAAGCTCACATTC,5276,5,clonotype1,clonotype1_consensus_2
ACGTCAAAGGAACTGC-1,True,ACGTCAAAGGAACTGC-1_contig_2,True,571,TRB,TRBV12-2+TRBV13-2,None,TRBJ1-2,TRBC1,True,True,CASGGGTGNSDYTF,TGTGCCAGCGGTGGGGGGACAGGGAACTCCGACTACACCTTC,14836,14,clonotype1,clonotype1_consensus_1
ACGTCAACACGAAAGC-1,True,ACGTCAACACGAAAGC-1_contig_1,True,556,TRA,TRAV19,None,TRAJ39,TRAC,True,True,CAAGGNNAGAKLTF,TGCGCAGCAGGTGGGAATAATGCAGGTGCCAAGCTCACATTC,11420,9,clonotype1,clonotype1_consensus_2
ACGTCAACACGAAAGC-1,True,ACGTCAACACGAAAGC-1_contig_2,True,599,TRB,TRBV12-2+TRBV13-2,None,TRBJ1-2,TRBC1,True,True,CASGGGTGNSDYTF,TGTGCCAGCGGTGGGGGGACAGGGAACTCCGACTACACCTTC,6504,7,clonotype1,clonotype1_consensus_1
ACGTCAACACGAAAGC-1,True,ACGTCAACACGAAAGC-1_contig_3,True,371,TRB,None,None,TRBJ2-7,None,False,False,None,None,8906,8,clonotype1,None
ACGTCAACAGGTCGTC-1,True,ACGTCAACAGGTCGTC-1_contig_1,True,558,TRA,TRAV19,None,TRAJ39,TRAC,True,True,CAAGGNNAGAKLTF,TGCGCAGCAGGTGGGAATAATGCAGGTGCCAAGCTCACATTC,234,4,clonotype1,clonotype1_consensus_2
ACGTCAACAGGTCGTC-1,True,ACGTCAACAGGTCGTC-1_contig_2,True,570,TRB,TRBV12-2+TRBV13-2,None,TRBJ1-2,TRBC1,True,True,CASGGGTGNSDYTF,TGTGCCAGCGGTGGGGGGACAGGGAACTCCGACTACACCTTC,9910,9,clonotype1,clonotype1_consensus_1
ACGTCAACATCCGCGA-1,True,ACGTCAACATCCGCGA-1_contig_1,True,505,TRB,TRBV13-1,None,TRBJ2-4,None,True,True,CASSEGTNTLYF,TGTGCCAGCAGTGAAGGAACAAACACCTTGTACTTT,5910,4,clonotype9,clonotype9_consensus_1
ACGTCAACATCCGCGA-1,True,ACGTCAACATCCGCGA-1_contig_2,True,703,TRA,TRAV9D-2,None,TRAJ26,TRAC,True,True,CVLSRGNNYAQGLTF,TGTGTTCTGAGCAGGGGCAATAACTATGCCCAGGGATTAACCTTC,2714,1,clonotype9,clonotype9_consensus_2
ACGTCAACATTCACTT-1,True,ACGTCAACATTCACTT-1_contig_1,True,516,TRA,TRAV8-1,None,TRAJ48,TRAC,True,True,CATDGNEKITF,TGTGCTACTGATGGAAATGAGAAAATAACTTTT,2374,1,clonotype55,clonotype55_consensus_2
ACGTCAACATTCACTT-1,True,ACGTCAACATTCACTT-1_contig_2,True,565,TRB,TRBV12-2+TRBV13-2,None,TRBJ2-1,None,True,True,CASGAGDYAEQFF,TGTGCCAGCGGTGCTGGGGACTATGCTGAGCAGTTCTTC,10838,13,clonotype55,clonotype55_consensus_1
ACGTCAACATTCACTT-1,True,ACGTCAACATTCACTT-1_contig_3,True,475,TRA,TRAV4D-3,None,TRAJ34,TRAC,True,False,None,None,2284,1,clonotype55,None
ACGTCAAGTGTGGCTC-1,True,ACGTCAAGTGTGGCTC-1_contig_1,True,562,TRB,TRBV12-2+TRBV13-2,None,TRBJ2-7,None,True,True,CASGAPYEQYF,TGTGCCAGCGGTGCCCCGTATGAACAGTACTTC,5288,6,clonotype155,clonotype155_consensus_1
ACGTCAAGTGTGGCTC-1,True,ACGTCAAGTGTGGCTC-1_contig_2,True,528,TRA,TRAV4-3,None,TRAJ17,TRAC,True,True,CAAPNSAGNKLTF,TGTGCTGCCCCGAACAGTGCAGGGAACAAGCTAACTTTT,2058,2,clonotype155,clonotype155_consensus_2
ACGTCAAGTTAAGGGC-1,True,ACGTCAAGTTAAGGGC-1_contig_1,True,502,TRA,TRAV16D-DV11,None,TRAJ44,TRAC,True,True,CAMRELTGSGGKLTL,TGTGCTATGAGAGAGCTTACTGGCAGTGGTGGAAAACTCACTTTG,3242,2,clonotype95,clonotype95_consensus_1
ACGTCAAGTTAAGGGC-1,True,ACGTCAAGTTAAGGGC-1_contig_2,True,502,TRB,TRBV13-1,None,TRBJ2-7,None,True,True,CASSGPLEQYF,TGTGCCAGCAGTGGGCCCCTGGAACAGTACTTC,2860,3,clonotype95,clonotype95_consensus_2
ACGTCAAGTTAAGGGC-1,True,ACGTCAAGTTAAGGGC-1_contig_3,True,389,TRB,None,None,TRBJ2-1,None,False,False,None,None,6894,5,clonotype95,None
ACGTCAAGTTACAGAA-1,True,ACGTCAAGTTACAGAA-1_contig_1,True,527,TRA,TRAV19,None,TRAJ39,TRAC,True,True,CAAGGNNAGAKLTF,TGCGCAGCAGGTGGGAATAATGCAGGTGCCAAGCTCACATTC,1478,2,clonotype1,clonotype1_consensus_2
ACGTCAAGTTACAGAA-1,True,ACGTCAAGTTACAGAA-1_contig_2,True,585,TRB,TRBV12-2+TRBV13-2,None,TRBJ1-2,TRBC1,True,True,CASGGGTGNSDYTF,TGTGCCAGCGGTGGGGGGACAGGGAACTCCGACTACACCTTC,6156,5,clonotype1,clonotype1_consensus_1
ACTATCTAGGAGCGAG-1,True,ACTATCTAGGAGCGAG-1_contig_1,True,552,TRA,TRAV6-6,None,TRAJ22,TRAC,True,True,CALGEGPSGSWQLIF,TGTGCTCTGGGTGAGGGGCCTTCTGGCAGCTGGCAACTCATCTTT,2534,3,clonotype247,clonotype247_consensus_1
ACTATCTAGGAGCGAG-1,True,ACTATCTAGGAGCGAG-1_contig_2,True,724,TRA,TRAV9D-3,None,TRAJ22,TRAC,True,False,CEHDPSGSWQLIF,TGTGAGCATGACCCTTCTGGCAGCTGGCAACTCATCTTT,1442,1,clonotype247,None
ACTATCTCACCCATGG-1,True,ACTATCTCACCCATGG-1_contig_1,True,558,TRA,TRAV19,None,TRAJ39,TRAC,True,True,CAAGGNNAGAKLTF,TGCGCAGCAGGTGGGAATAATGCAGGTGCCAAGCTCACATTC,7450,6,clonotype96,clonotype96_consensus_2
ACTATCTCACCCATGG-1,True,ACTATCTCACCCATGG-1_contig_2,True,592,TRB,TRBV12-2+TRBV13-2,None,TRBJ1-2,TRBC1,True,True,CASGGQTNSDYTF,TGTGCCAGCGGTGGACAAACAAACTCCGACTACACCTTC,8098,8,clonotype96,clonotype96_consensus_1
ACTATCTCAGCTTAAC-1,True,ACTATCTCAGCTTAAC-1_contig_1,True,549,TRB,TRBV16,None,TRBJ2-5,None,True,True,CASSLGGNQDTQYF,TGTGCAAGCAGCTTGGGGGGTAACCAAGACACCCAGTACTTT,9554,10,clonotype248,clonotype248_consensus_4
ACTATCTCAGCTTAAC-1,True,ACTATCTCAGCTTAAC-1_contig_2,True,511,TRA,TRAV6N-6,None,TRAJ2,TRAC,True,True,CALYTGGLSGKLTF,TGCGCTCTGTATACTGGAGGACTAAGTGGTAAATTAACATTC,10828,11,clonotype248,clonotype248_consensus_3
ACTATCTCAGCTTAAC-1,True,ACTATCTCAGCTTAAC-1_contig_3,True,518,TRA,TRAV8-1,None,TRAJ30,TRAC,True,True,CATDTNAYKVIF,TGTGCTACCGACACAAATGCTTACAAAGTCATCTTT,8602,9,clonotype248,clonotype248_consensus_1
ACTATCTCAGCTTAAC-1,True,ACTATCTCAGCTTAAC-1_contig_4,True,565,TRB,TRBV12-2+TRBV13-2,None,TRBJ1-5,TRBC1,True,True,CASGTGDNQAPLF,TGTGCCAGCGGTACAGGAGACAACCAGGCTCCGCTTTTT,25194,31,clonotype248,clonotype248_consensus_2
ACTATCTCAGCTTAAC-1,True,ACTATCTCAGCTTAAC-1_contig_5,True,370,TRB,None,None,TRBJ2-7,None,False,False,None,None,3076,3,clonotype248,None
ACTATCTCAGCTTAAC-1,True,ACTATCTCAGCTTAAC-1_contig_6,True,371,TRB,None,None,TRBJ1-4,TRBC1,False,False,None,None,8342,9,clonotype248,None
ACTATCTCAGCTTAAC-1,True,ACTATCTCAGCTTAAC-1_contig_7,True,563,TRA,TRAV15D-1-DV6D-1,None,TRAJ16,TRAC,True,False,None,None,2038,2,clonotype248,None
ACTATCTCAGCTTAAC-1,True,ACTATCTCAGCTTAAC-1_contig_8,True,343,TRB,None,None,TRBJ2-1,None,False,False,None,None,6084,8,clonotype248,None
ACTATCTGTCGAATCT-1,True,ACTATCTGTCGAATCT-1_contig_1,True,606,TRB,TRBV12-2+TRBV13-2,None,TRBJ2-1,None,True,True,CASGDPFQFF,TGTGCCAGCGGTGATCCTTTCCAGTTCTTC,8066,6,clonotype25,clonotype25_consensus_3
ACTATCTGTCGAATCT-1,True,ACTATCTGTCGAATCT-1_contig_2,True,507,TRB,TRBV5,None,TRBJ2-2,None,True,True,CASSTGQLYF,TGTGCCAGCAGCACCGGGCAGCTCTACTTT,12568,8,clonotype25,clonotype25_consensus_1
ACTATCTGTCGAATCT-1,True,ACTATCTGTCGAATCT-1_contig_3,True,719,TRA,TRAV9N-4,None,TRAJ22,TRAC,True,True,CALPSSGSWQLIF,TGTGCTCTCCCATCTTCTGGCAGCTGGCAACTCATCTTT,2960,5,clonotype25,clonotype25_consensus_2
ACTATCTTCAACGGCC-1,True,ACTATCTTCAACGGCC-1_contig_1,True,549,TRB,TRBV16,None,TRBJ2-5,None,True,True,CASSLGGGQDTQYF,TGTGCAAGCAGCTTAGGGGGGGGCCAAGACACCCAGTACTTT,23420,27,clonotype8,clonotype8_consensus_1
ACTATCTTCAACGGCC-1,True,ACTATCTTCAACGGCC-1_contig_2,True,582,TRA,TRAV4D-3,None,TRAJ27,TRAC,True,True,CAADGPNTGKLTF,TGTGCTGCGGACGGACCCAATACAGGCAAATTAACCTTT,25804,18,clonotype8,clonotype8_consensus_2
ACTATCTTCAACGGCC-1,True,ACTATCTTCAACGGCC-1_contig_3,True,525,TRA,TRAV7N-6,None,TRAJ30,TRAC,True,True,CAVVDTNAYKVIF,TGTGCAGTGGTTGACACAAATGCTTACAAAGTCATCTTT,10402,7,clonotype8,clonotype8_consensus_3
ACTATCTTCAACGGCC-1,True,ACTATCTTCAACGGCC-1_contig_4,True,439,TRB,None,None,TRBJ1-6,TRBC1,False,False,None,None,6574,9,clonotype8,None
ACTATCTTCAGTACGT-1,True,ACTATCTTCAGTACGT-1_contig_1,True,558,TRA,TRAV19,None,TRAJ39,TRAC,True,True,CAAGGNNAGAKLTF,TGCGCAGCAGGTGGGAATAATGCAGGTGCCAAGCTCACATTC,19590,16,clonotype97,clonotype97_consensus_3
ACTATCTTCAGTACGT-1,True,ACTATCTTCAGTACGT-1_contig_2,True,512,TRB,TRBV13-1,None,TRBJ2-4,None,True,True,CASSEGTNTLYF,TGTGCCAGCAGTGAAGGAACAAACACCTTGTACTTT,23560,27,clonotype97,clonotype97_consensus_1
ACTATCTTCAGTACGT-1,True,ACTATCTTCAGTACGT-1_contig_3,True,577,TRB,TRBV12-2+TRBV13-2,None,TRBJ1-2,TRBC1,True,True,CASGGGTGNSDYTF,TGTGCCAGCGGTGGGGGGACAGGGAACTCCGACTACACCTTC,25062,28,clonotype97,clonotype97_consensus_2
ACTATCTTCAGTACGT-1,True,ACTATCTTCAGTACGT-1_contig_4,True,811,TRA,TRAV9D-2,None,TRAJ26,TRAC,True,False,CVLSRGNNYAQGLTF,TGTGTTCTGAGCAGGGGCAATAACTATGCCCAGGGATTAACCTTC,1098,1,clonotype97,None
ACTATCTTCAGTACGT-1,True,ACTATCTTCAGTACGT-1_contig_5,True,394,TRA,TRAV6-6,None,TRAJ24,TRAC,True,False,None,None,2456,4,clonotype97,None
ACTATCTTCAGTACGT-1,True,ACTATCTTCAGTACGT-1_contig_6,True,497,TRA,TRAV7-5,None,TRAJ45,TRAC,True,False,CSDTEGADRLTF,TGCAGTGATACAGAAGGTGCAGATAGACTCACCTTT,2224,2,clonotype97,None
ACTATCTTCGCCCTTA-1,True,ACTATCTTCGCCCTTA-1_contig_1,True,602,TRA,TRAV14N-3,None,TRAJ6,TRAC,True,True,CAARTSGGNYKPTF,TGTGCAGCAAGAACCTCAGGAGGAAACTACAAACCTACGTTT,21472,14,clonotype4,clonotype4_consensus_2
ACTATCTTCGCCCTTA-1,True,ACTATCTTCGCCCTTA-1_contig_2,True,549,TRA,TRAV8N-2,None,TRAJ13,TRAC,True,True,CATEDSGTYQRF,TGTGCTACTGAGGATTCTGGGACTTACCAGAGGTTT,28922,16,clonotype4,clonotype4_consensus_1
ACTATCTTCGCCCTTA-1,True,ACTATCTTCGCCCTTA-1_contig_3,True,565,TRB,TRBV12-2+TRBV13-2,None,TRBJ2-7,None,True,True,CASGTGGDYEQYF,TGTGCCAGCGGGACTGGGGGGGACTATGAACAGTACTTC,27302,27,clonotype4,clonotype4_consensus_3
ACTGAACCACGTTGGC-1,True,ACTGAACCACGTTGGC-1_contig_1,True,556,TRB,TRBV12-2+TRBV13-2,None,TRBJ2-1,None,True,True,CASGDPFQFF,TGTGCCAGCGGTGATCCTTTCCAGTTCTTC,28586,35,clonotype25,clonotype25_consensus_3
ACTGAACCACGTTGGC-1,True,ACTGAACCACGTTGGC-1_contig_2,True,507,TRB,TRBV5,None,TRBJ2-2,None,True,True,CASSTGQLYF,TGTGCCAGCAGCACCGGGCAGCTCTACTTT,35140,31,clonotype25,clonotype25_consensus_1
ACTGAACCACGTTGGC-1,True,ACTGAACCACGTTGGC-1_contig_3,True,660,TRA,TRAV9N-4,None,TRAJ22,TRAC,True,True,CALPSSGSWQLIF,TGTGCTCTCCCATCTTCTGGCAGCTGGCAACTCATCTTT,10488,12,clonotype25,clonotype25_consensus_2
ACTGAACCACGTTGGC-1,True,ACTGAACCACGTTGGC-1_contig_4,True,432,TRA,TRAV10N,None,TRAJ35,TRAC,True,False,CSKHQTGFASALTF,TGCAGCAAGCACCAGACAGGCTTTGCAAGTGCGCTGACATTT,1474,1,clonotype25,None
ACTGAACGTACTTAGC-1,True,ACTGAACGTACTTAGC-1_contig_1,True,555,TRA,TRAV3-3,None,TRAJ49,TRAC,True,True,CAVSGATGYQNFYF,TGCGCAGTCAGTGGGGCCACGGGTTACCAGAACTTCTATTTT,13850,11,clonotype64,clonotype64_consensus_1
ACTGAACGTACTTAGC-1,True,ACTGAACGTACTTAGC-1_contig_2,True,583,TRB,TRBV12-2+TRBV13-2,None,TRBJ2-5,None,True,True,CASGVQGDTQYF,TGTGCCAGCGGTGTTCAGGGGGACACCCAGTACTTT,21832,18,clonotype64,clonotype64_consensus_2
ACTGAACGTACTTAGC-1,True,ACTGAACGTACTTAGC-1_contig_3,True,552,TRA,TRAV8N-2,None,TRAJ43,TRAC,True,False,CATDANNNNAPRF,TGTGCTACTGATGCCAATAACAACAATGCCCCACGATTT,13294,9,clonotype64,None
ACTGAACGTACTTAGC-1,True,ACTGAACGTACTTAGC-1_contig_4,True,421,TRB,None,None,TRBJ2-7,None,False,False,None,None,9410,11,clonotype64,None
ACTGAACGTCGCCATG-1,True,ACTGAACGTCGCCATG-1_contig_1,True,549,TRB,TRBV16,None,TRBJ2-5,None,True,True,CASSFGGAPDTQYF,TGTGCAAGCAGCTTTGGGGGGGCGCCAGACACCCAGTACTTT,18662,19,clonotype17,clonotype17_consensus_2
ACTGAACGTCGCCATG-1,True,ACTGAACGTCGCCATG-1_contig_2,True,596,TRA,TRAV14-2,None,TRAJ49,TRAC,True,True,CAAQGYQNFYF,TGTGCAGCACAGGGTTACCAGAACTTCTATTTT,10412,6,clonotype17,clonotype17_consensus_3
ACTGAACGTCGCCATG-1,True,ACTGAACGTCGCCATG-1_contig_3,True,560,TRA,TRAV4D-4,None,TRAJ45,TRAC,True,True,CAAYTEGADRLTF,TGTGCTGCCTATACAGAAGGTGCAGATAGACTCACCTTT,11322,10,clonotype17,clonotype17_consensus_1
ACTGAACGTCGCCATG-1,True,ACTGAACGTCGCCATG-1_contig_4,True,343,TRB,None,None,TRBJ2-7,None,False,False,None,None,2946,1,clonotype17,None
ACTGAACGTCGCCATG-1,True,ACTGAACGTCGCCATG-1_contig_5,True,357,TRB,None,None,TRBJ2-1,None,False,False,None,None,4796,3,clonotype17,None
ACTGAACGTTACGACT-1,True,ACTGAACGTTACGACT-1_contig_1,True,554,TRA,TRAV7D-2,None,TRAJ31,TRAC,True,True,CAASIEDSNNRIFF,TGTGCAGCAAGCATAGAGGATAGCAATAACAGAATCTTCTTT,4046,5,clonotype116,clonotype116_consensus_1
ACTGAACGTTACGACT-1,True,ACTGAACGTTACGACT-1_contig_2,True,501,TRB,TRBV13-1,None,TRBJ2-2,None,True,True,CASSDPGQLYF,TGTGCCAGCAGTGACCCCGGGCAGCTCTACTTT,3832,3,clonotype116,clonotype116_consensus_2
ACTGAACGTTCTGTTT-1,True,ACTGAACGTTCTGTTT-1_contig_1,True,540,TRA,TRAV10,None,TRAJ43,TRAC,True,True,CAARGNNNNAPRF,TGTGCAGCAAGAGGTAATAACAACAATGCCCCACGATTT,2980,2,clonotype249,clonotype249_consensus_1
ACTGAACGTTCTGTTT-1,True,ACTGAACGTTCTGTTT-1_contig_2,True,517,TRB,TRBV13-1,None,TRBJ2-7,None,True,True,CASSAQDWGTSYEQYF,TGTGCCAGCAGTGCCCAGGACTGGGGGACCTCCTATGAACAGTACTTC,14854,12,clonotype249,clonotype249_consensus_2
ACTGAACTCACCGTAA-1,True,ACTGAACTCACCGTAA-1_contig_1,True,563,TRB,TRBV12-2+TRBV13-2,None,TRBJ1-5,TRBC1,True,True,CASGTGDNQAPLF,TGTGCCAGCGGGACAGGGGACAACCAGGCTCCGCTTTTT,1498,3,clonotype16,clonotype16_consensus_1
ACTGAGTAGATGTGTA-1,True,ACTGAGTAGATGTGTA-1_contig_1,True,567,TRB,TRBV12-2+TRBV13-2,None,TRBJ1-2,TRBC1,True,True,CASGGGTGNSDYTF,TGTGCCAGCGGTGGGGGGACAGGGAACTCCGACTACACCTTC,23174,18,clonotype7,clonotype7_consensus_1
ACTGAGTAGCTAACAA-1,True,ACTGAGTAGCTAACAA-1_contig_1,True,566,TRA,TRAV3-3,None,TRAJ49,TRAC,True,True,CAVSGSTGYQNFYF,TGCGCAGTCAGTGGGAGCACGGGTTACCAGAACTTCTATTTT,12050,9,clonotype5,clonotype5_consensus_1
ACTGAGTAGCTAACAA-1,True,ACTGAGTAGCTAACAA-1_contig_2,True,584,TRB,TRBV12-2+TRBV13-2,None,TRBJ2-7,None,True,True,CASGVQGWEQYF,TGTGCCAGCGGTGTACAGGGGTGGGAACAGTACTTC,17512,17,clonotype5,clonotype5_consensus_2
ACTGAGTAGCTAACAA-1,True,ACTGAGTAGCTAACAA-1_contig_3,True,354,TRB,None,None,TRBJ1-2,TRBC1,False,False,None,None,2484,3,clonotype5,None
ACTGAGTCACAACGTT-1,True,ACTGAGTCACAACGTT-1_contig_1,True,652,TRA,TRAV14N-3,None,TRAJ6,TRAC,True,True,CAARTSGGNYKPTF,TGTGCAGCAAGAACCTCAGGAGGAAACTACAAACCTACGTTT,25354,24,clonotype4,clonotype4_consensus_2
ACTGAGTCACAACGTT-1,True,ACTGAGTCACAACGTT-1_contig_2,True,549,TRA,TRAV8N-2,None,TRAJ13,TRAC,True,True,CATEDSGTYQRF,TGTGCTACTGAGGATTCTGGGACTTACCAGAGGTTT,28088,26,clonotype4,clonotype4_consensus_1
ACTGAGTCACAACGTT-1,True,ACTGAGTCACAACGTT-1_contig_3,True,579,TRB,TRBV12-2+TRBV13-2,None,TRBJ2-7,None,True,True,CASGTGGDYEQYF,TGTGCCAGCGGGACTGGGGGGGACTATGAACAGTACTTC,23268,41,clonotype4,clonotype4_consensus_3
ACTGAGTGTAGCAAAT-1,True,ACTGAGTGTAGCAAAT-1_contig_1,True,515,TRB,TRBV13-1,None,TRBJ2-3,None,True,True,CASEGQGAETLYF,TGTGCCAGCGAGGGACAGGGTGCAGAAACGCTGTATTTT,5968,4,clonotype156,clonotype156_consensus_1
ACTGAGTGTAGCAAAT-1,True,ACTGAGTGTAGCAAAT-1_contig_2,True,324,TRA,TRAV3-3,None,TRAJ31,TRAC,True,False,CAVSAGNNRIFF,TGCGCAGTCAGTGCAGGCAATAACAGAATCTTCTTT,160,3,clonotype156,None
ACTGAGTGTGTGGTTT-1,True,ACTGAGTGTGTGGTTT-1_contig_1,True,525,TRB,TRBV17,None,TRBJ2-5,None,True,True,CASSRKGSQDTQYF,TGTGCTAGCAGTAGAAAGGGGAGCCAAGACACCCAGTACTTT,14050,12,clonotype94,clonotype94_consensus_1
ACTGAGTGTGTGGTTT-1,True,ACTGAGTGTGTGGTTT-1_contig_2,True,583,TRA,TRAV12D-2,None,TRAJ26,TRAC,True,False,None,None,1584,1,clonotype94,None
ACTGAGTGTTACGACT-1,True,ACTGAGTGTTACGACT-1_contig_1,True,603,TRA,TRAV14D-3-DV8,None,TRAJ6,TRAC,True,True,CAARTSGGNYKPTF,TGTGCAGCAAGAACCTCAGGAGGAAACTACAAACCTACGTTT,15106,8,clonotype51,clonotype51_consensus_2
ACTGAGTGTTACGACT-1,True,ACTGAGTGTTACGACT-1_contig_2,True,608,TRB,TRBV12-2+TRBV13-2,None,TRBJ2-7,None,True,True,CASGAGGDYEQYF,TGTGCCAGCGGTGCTGGGGGGGACTATGAACAGTACTTC,24718,26,clonotype51,clonotype51_consensus_1
ACTGAGTGTTACGACT-1,True,ACTGAGTGTTACGACT-1_contig_3,True,563,TRA,TRAV7-1,None,TRAJ4,None,True,False,CSTLSGSFNKLTF,TGCAGTACCTTATCTGGTAGCTTCAATAAGTTGACCTTT,1300,1,clonotype51,None
ACTGAGTTCGCCAAAT-1,True,ACTGAGTTCGCCAAAT-1_contig_1,True,519,TRA,TRAV6-6,None,TRAJ24,TRAC,True,True,CAPLTTASLGKLQF,TGTGCTCCGTTGACAACTGCCAGTTTGGGGAAACTGCAGTTT,7588,6,clonotype3,clonotype3_consensus_2
ACTGAGTTCGCCAAAT-1,True,ACTGAGTTCGCCAAAT-1_contig_2,True,512,TRB,TRBV13-1,None,TRBJ2-4,None,True,True,CASSEGTNTLYF,TGTGCCAGCAGTGAAGGAACAAACACCTTGTACTTT,27748,21,clonotype3,clonotype3_consensus_1
ACTGAGTTCGCCAAAT-1,True,ACTGAGTTCGCCAAAT-1_contig_3,True,722,TRA,TRAV9D-2,None,TRAJ26,TRAC,True,True,CVLSRGNNYAQGLTF,TGTGTTCTGAGCAGGGGCAATAACTATGCCCAGGGATTAACCTTC,6350,5,clonotype3,clonotype3_consensus_3
ACTGAGTTCGGACAAG-1,True,ACTGAGTTCGGACAAG-1_contig_1,True,524,TRA,TRAV14N-3,None,TRAJ6,TRAC,True,True,CAARTSGGNYKPTF,TGTGCAGCAAGAACCTCAGGAGGAAACTACAAACCTACGTTT,3254,2,clonotype4,clonotype4_consensus_2
ACTGAGTTCGGACAAG-1,True,ACTGAGTTCGGACAAG-1_contig_2,True,549,TRA,TRAV8N-2,None,TRAJ13,TRAC,True,True,CATEDSGTYQRF,TGTGCTACTGAGGATTCTGGGACTTACCAGAGGTTT,11182,7,clonotype4,clonotype4_consensus_1
ACTGAGTTCGGACAAG-1,True,ACTGAGTTCGGACAAG-1_contig_3,True,600,TRB,TRBV12-2+TRBV13-2,None,TRBJ2-7,None,True,True,CASGTGGDYEQYF,TGTGCCAGCGGGACTGGGGGGGACTATGAACAGTACTTC,3348,6,clonotype4,clonotype4_consensus_3
ACTGATGAGTCTTGCA-1,True,ACTGATGAGTCTTGCA-1_contig_1,True,512,TRB,TRBV26,None,TRBJ2-5,None,True,True,CASSRGTDTQYF,TGTGCCAGCAGCCGCGGGACCGACACCCAGTACTTT,1738,1,clonotype250,clonotype250_consensus_1
ACTGATGAGTCTTGCA-1,True,ACTGATGAGTCTTGCA-1_contig_2,True,506,TRB,TRBV13-1,None,TRBJ2-2,None,True,True,CASSDPGQLYF,TGTGCCAGCAGTGACCCCGGGCAGCTCTACTTT,2436,2,clonotype250,clonotype250_consensus_3
ACTGATGAGTCTTGCA-1,True,ACTGATGAGTCTTGCA-1_contig_3,True,540,TRA,TRAV16N,None,TRAJ22,TRAC,True,True,CAMREGDSSGSWQLIF,TGTGCTATGAGAGAGGGCGACTCTTCTGGCAGCTGGCAACTCATCTTT,5368,4,clonotype250,clonotype250_consensus_2
ACTGATGAGTCTTGCA-1,True,ACTGATGAGTCTTGCA-1_contig_4,True,397,TRB,None,None,TRBJ1-3,TRBC1,False,False,None,None,2462,1,clonotype250,None
ACTGATGCAAAGCGGT-1,True,ACTGATGCAAAGCGGT-1_contig_1,True,570,TRA,TRAV14N-3,None,TRAJ6,TRAC,True,True,CAARSSGGNYKPTF,TGTGCAGCAAGGTCCTCAGGAGGAAACTACAAACCTACGTTT,14586,16,clonotype98,clonotype98_consensus_3
ACTGATGCAAAGCGGT-1,True,ACTGATGCAAAGCGGT-1_contig_2,True,522,TRB,TRBV31,None,TRBJ2-3,None,True,True,CAWSLLLGGSAETLYF,TGTGCCTGGAGTCTACTCCTGGGGGGAAGTGCAGAAACGCTGTATTTT,34340,35,clonotype98,clonotype98_consensus_1
ACTGATGCAAAGCGGT-1,True,ACTGATGCAAAGCGGT-1_contig_3,True,565,TRB,TRBV12-2+TRBV13-2,None,TRBJ2-7,None,True,True,CASGTGGDYEQYF,TGTGCCAGCGGGACTGGGGGGGATTATGAACAGTACTTC,26730,39,clonotype98,clonotype98_consensus_2
ACTGATGCAAGGTTCT-1,True,ACTGATGCAAGGTTCT-1_contig_1,True,591,TRB,TRBV12-2+TRBV13-2,None,TRBJ2-1,None,True,True,CASGDPFQFF,TGTGCCAGCGGTGATCCTTTCCAGTTCTTC,7866,8,clonotype25,clonotype25_consensus_3
ACTGATGCAAGGTTCT-1,True,ACTGATGCAAGGTTCT-1_contig_2,True,507,TRB,TRBV5,None,TRBJ2-2,None,True,True,CASSTGQLYF,TGTGCCAGCAGCACCGGGCAGCTCTACTTT,22654,13,clonotype25,clonotype25_consensus_1
ACTGATGCAAGGTTCT-1,True,ACTGATGCAAGGTTCT-1_contig_3,True,660,TRA,TRAV9N-4,None,TRAJ22,TRAC,True,True,CALPSSGSWQLIF,TGTGCTCTCCCATCTTCTGGCAGCTGGCAACTCATCTTT,3734,2,clonotype25,clonotype25_consensus_2
ACTGCTCAGAGGTAGA-1,True,ACTGCTCAGAGGTAGA-1_contig_1,True,549,TRB,TRBV16,None,TRBJ2-5,None,True,True,CASSLGGGQDTQYF,TGTGCAAGCAGCTTAGGGGGGGGGCAAGACACCCAGTACTTT,1014,2,clonotype11,clonotype11_consensus_2
ACTGCTCAGAGGTAGA-1,True,ACTGCTCAGAGGTAGA-1_contig_2,True,560,TRA,TRAV4D-3,None,TRAJ27,TRAC,True,True,CAADGPNTGKLTF,TGTGCTGCTGACGGGCCCAATACAGGCAAATTAACCTTT,2380,2,clonotype11,clonotype11_consensus_1
ACTGCTCAGATTACCC-1,True,ACTGCTCAGATTACCC-1_contig_1,True,527,TRB,TRBV15,None,TRBJ1-3,TRBC1,True,True,CASSLNRGSSGNTLYF,TGTGCCAGCAGTTTAAACAGGGGGAGTTCTGGAAATACGCTCTATTTT,7968,4,clonotype117,clonotype117_consensus_1
ACTGCTCAGCCATCGC-1,True,ACTGCTCAGCCATCGC-1_contig_1,True,558,TRB,TRBV12-2+TRBV13-2,None,TRBJ1-2,TRBC1,True,True,CASGGGTGNSDYTF,TGTGCCAGCGGTGGGGGGACAGGGAACTCCGACTACACCTTC,4382,3,clonotype7,clonotype7_consensus_1
ACTGCTCAGCCATCGC-1,True,ACTGCTCAGCCATCGC-1_contig_2,True,356,TRB,None,None,TRBJ2-1,None,False,False,None,None,8492,5,clonotype7,None
ACTGCTCCAAGGACAC-1,True,ACTGCTCCAAGGACAC-1_contig_1,True,558,TRA,TRAV19,None,TRAJ39,TRAC,True,True,CAAGGNNAGAKLTF,TGCGCAGCAGGTGGGAATAATGCAGGTGCCAAGCTCACATTC,3798,5,clonotype1,clonotype1_consensus_2
ACTGCTCCAAGGACAC-1,True,ACTGCTCCAAGGACAC-1_contig_2,True,584,TRB,TRBV12-2+TRBV13-2,None,TRBJ1-2,TRBC1,True,True,CASGGGTGNSDYTF,TGTGCCAGCGGTGGGGGGACAGGGAACTCCGACTACACCTTC,6010,6,clonotype1,clonotype1_consensus_1
ACTGCTCCAAGGACAC-1,True,ACTGCTCCAAGGACAC-1_contig_3,True,326,TRB,None,None,TRBJ2-2,None,False,False,None,None,1654,1,clonotype1,None
ACTGCTCGTACCATCA-1,True,ACTGCTCGTACCATCA-1_contig_1,True,509,TRB,TRBV13-1,None,TRBJ2-7,None,True,True,CASSDPGQGYF,TGTGCCAGCAGTGATCCGGGACAGGGTTACTTC,6558,6,clonotype80,clonotype80_consensus_1
ACTGCTCGTACCATCA-1,True,ACTGCTCGTACCATCA-1_contig_2,True,543,TRA,TRAV16N,None,TRAJ22,TRAC,True,True,CAMREGGSSGSWQLIF,TGTGCTATGAGAGAGGGAGGATCTTCTGGCAGCTGGCAACTCATCTTT,5808,6,clonotype80,clonotype80_consensus_2
ACTGCTCGTACCATCA-1,True,ACTGCTCGTACCATCA-1_contig_3,True,594,TRA,TRAV3-1,None,TRAJ34,TRAC,True,False,CAALLFQ,TGCGCAGCCCTTCTCTTCCAA,2240,1,clonotype80,None
ACTGCTCGTTCATGGT-1,True,ACTGCTCGTTCATGGT-1_contig_1,True,523,TRA,TRAV8D-1,None,TRAJ30,TRAC,True,True,CATDTNAYKVIF,TGTGCTACTGACACAAATGCTTACAAAGTCATCTTT,14174,9,clonotype13,clonotype13_consensus_1
ACTGCTCGTTCATGGT-1,True,ACTGCTCGTTCATGGT-1_contig_2,True,591,TRB,TRBV12-2+TRBV13-2,None,TRBJ1-5,TRBC1,True,True,CASGTGDNQAPLF,TGTGCCAGCGGGACAGGGGACAACCAGGCTCCGCTTTTT,51010,43,clonotype13,clonotype13_consensus_2
ACTGCTCGTTCATGGT-1,True,ACTGCTCGTTCATGGT-1_contig_3,True,644,TRA,TRAV14N-3,None,TRAJ35,TRAC,True,False,None,None,2206,1,clonotype13,None
ACTGCTCGTTCATGGT-1,True,ACTGCTCGTTCATGGT-1_contig_4,True,370,TRB,None,None,TRBJ2-1,None,False,False,None,None,2268,1,clonotype13,None
ACTGCTCGTTCATGGT-1,True,ACTGCTCGTTCATGGT-1_contig_5,True,357,TRB,None,None,TRBJ2-1,None,False,False,None,None,7812,4,clonotype13,None
ACTGCTCTCAATACCG-1,True,ACTGCTCTCAATACCG-1_contig_1,True,558,TRA,TRAV19,None,TRAJ39,TRAC,True,True,CAAGGNNAGAKLTF,TGCGCAGCAGGTGGGAATAATGCAGGTGCCAAGCTCACATTC,27414,16,clonotype1,clonotype1_consensus_2
ACTGCTCTCAATACCG-1,True,ACTGCTCTCAATACCG-1_contig_2,True,569,TRB,TRBV12-2+TRBV13-2,None,TRBJ1-2,TRBC1,True,True,CASGGGTGNSDYTF,TGTGCCAGCGGTGGGGGGACAGGGAACTCCGACTACACCTTC,17476,19,clonotype1,clonotype1_consensus_1
ACTGCTCTCAATACCG-1,True,ACTGCTCTCAATACCG-1_contig_3,True,350,TRB,None,None,TRBJ2-1,None,False,False,None,None,5748,6,clonotype1,None
ACTGCTCTCAATACCG-1,True,ACTGCTCTCAATACCG-1_contig_4,True,307,TRB,None,None,TRBJ2-3,None,False,False,None,None,3300,1,clonotype1,None
ACTGCTCTCTAACTGG-1,True,ACTGCTCTCTAACTGG-1_contig_1,True,558,TRA,TRAV19,None,TRAJ39,TRAC,True,True,CAAGGNNAGAKLTF,TGCGCAGCAGGTGGGAATAATGCAGGTGCCAAGCTCACATTC,22292,17,clonotype1,clonotype1_consensus_2
ACTGCTCTCTAACTGG-1,True,ACTGCTCTCTAACTGG-1_contig_2,True,596,TRB,TRBV12-2+TRBV13-2,None,TRBJ1-2,TRBC1,True,True,CASGGGTGNSDYTF,TGTGCCAGCGGTGGGGGGACAGGGAACTCCGACTACACCTTC,30034,26,clonotype1,clonotype1_consensus_1
ACTGTCCCAAGTTAAG-1,True,ACTGTCCCAAGTTAAG-1_contig_1,True,533,TRA,TRAV19,None,TRAJ39,TRAC,True,True,CAAGGNNAGAKLTF,TGCGCAGCAGGTGGGAATAATGCAGGTGCCAAGCTCACATTC,10408,6,clonotype1,clonotype1_consensus_2
ACTGTCCCAAGTTAAG-1,True,ACTGTCCCAAGTTAAG-1_contig_2,True,595,TRB,TRBV12-2+TRBV13-2,None,TRBJ1-2,TRBC1,True,True,CASGGGTGNSDYTF,TGTGCCAGCGGTGGGGGGACAGGGAACTCCGACTACACCTTC,28158,22,clonotype1,clonotype1_consensus_1
ACTGTCCCAAGTTAAG-1,True,ACTGTCCCAAGTTAAG-1_contig_3,True,519,TRA,None,None,TRAJ24,TRAC,False,False,None,None,4148,3,clonotype1,None
ACTGTCCCAGATAATG-1,True,ACTGTCCCAGATAATG-1_contig_1,True,517,TRA,TRAV6-6,None,TRAJ24,TRAC,True,True,CAPLTTASLGKLQF,TGTGCTCCGTTGACAACTGCCAGTTTGGGGAAACTGCAGTTT,8964,7,clonotype2,clonotype2_consensus_2
ACTGTCCCAGATAATG-1,True,ACTGTCCCAGATAATG-1_contig_2,True,512,TRB,TRBV13-1,None,TRBJ2-4,None,True,True,CASSEGTNTLYF,TGTGCCAGCAGTGAAGGAACAAACACCTTGTACTTT,4196,4,clonotype2,clonotype2_consensus_1
ACTGTCCCAGATAATG-1,True,ACTGTCCCAGATAATG-1_contig_3,True,375,TRA,TRAV9D-2,None,TRAJ26,TRAC,True,False,CVLSRGNNYAQGLTF,TGTGTTCTGAGCAGGGGCAATAACTATGCCCAGGGATTAACCTTC,5550,4,clonotype2,None
ACTGTCCCAGCCACCA-1,True,ACTGTCCCAGCCACCA-1_contig_1,True,538,TRA,TRAV8-1,None,TRAJ12,TRAC,True,True,CATDGGGYKVVF,TGTGCTACTGATGGTGGAGGCTATAAAGTGGTCTTT,7452,4,clonotype91,clonotype91_consensus_1
ACTGTCCCAGCCACCA-1,True,ACTGTCCCAGCCACCA-1_contig_2,True,565,TRB,TRBV12-2+TRBV13-2,None,TRBJ1-5,TRBC1,True,True,CASGTGDNQAPLF,TGTGCCAGCGGGACCGGGGACAACCAGGCTCCGCTTTTT,25202,21,clonotype91,clonotype91_consensus_2
ACTGTCCCAGCCACCA-1,True,ACTGTCCCAGCCACCA-1_contig_3,True,332,TRB,None,None,TRBJ2-1,None,False,False,None,None,4240,3,clonotype91,None
ACTGTCCCAGCCACCA-1,True,ACTGTCCCAGCCACCA-1_contig_4,True,432,TRB,None,None,TRBJ2-1,None,False,False,None,None,10202,5,clonotype91,None
ACTGTCCTCACAACGT-1,True,ACTGTCCTCACAACGT-1_contig_1,True,503,TRA,TRAV7-5,None,TRAJ23,TRAC,True,True,CAVSMNYNQGKLIF,TGTGCAGTGAGCATGAATTATAACCAGGGGAAGCTTATCTTT,6444,3,clonotype157,clonotype157_consensus_1
ACTGTCCTCACAACGT-1,True,ACTGTCCTCACAACGT-1_contig_2,True,318,TRB,None,None,TRBJ2-1,None,False,False,None,None,1950,2,clonotype157,None
ACTGTCCTCATGCTCC-1,True,ACTGTCCTCATGCTCC-1_contig_1,True,574,TRA,TRAV8-1,None,TRAJ30,TRAC,True,True,CATDTNAYKVIF,TGTGCTACTGACACAAATGCTTACAAAGTCATCTTT,16004,10,clonotype112,clonotype112_consensus_1
ACTGTCCTCATGCTCC-1,True,ACTGTCCTCATGCTCC-1_contig_2,True,566,TRB,TRBV12-2+TRBV13-2,None,TRBJ1-5,TRBC1,True,True,CASGTGDNQAPLF,TGTGCCAGCGGAACAGGGGACAACCAGGCTCCGCTTTTT,24982,19,clonotype112,clonotype112_consensus_2
ACTGTCCTCATGCTCC-1,True,ACTGTCCTCATGCTCC-1_contig_3,True,597,TRB,None,None,TRBJ1-2,TRBC1,False,False,None,None,18482,12,clonotype112,None
ACTGTCCTCATGCTCC-1,True,ACTGTCCTCATGCTCC-1_contig_4,True,677,TRA,None,None,TRAJ26,TRAC,False,False,None,None,7050,6,clonotype112,None
ACTGTCCTCTAACTGG-1,True,ACTGTCCTCTAACTGG-1_contig_1,True,547,TRA,TRAV8D-1,None,TRAJ40,TRAC,True,True,CATDFNTGNYKYVF,TGTGCTACTGATTTTAATACAGGAAACTACAAATACGTCTTT,5990,3,clonotype251,clonotype251_consensus_2
ACTGTCCTCTAACTGG-1,True,ACTGTCCTCTAACTGG-1_contig_2,True,542,TRB,TRBV12-2+TRBV13-2,None,TRBJ2-1,None,True,True,CASGTGGRAEQFF,TGTGCCAGCGGAACAGGGGGAAGGGCTGAGCAGTTCTTC,530,1,clonotype251,clonotype251_consensus_1
ACTGTCCTCTCCTATA-1,True,ACTGTCCTCTCCTATA-1_contig_1,True,549,TRB,TRBV16,None,TRBJ2-5,None,True,True,CASSLGGGQDTQYF,TGTGCAAGCAGCTTAGGGGGGGGCCAAGACACCCAGTACTTT,21370,30,clonotype8,clonotype8_consensus_1
ACTGTCCTCTCCTATA-1,True,ACTGTCCTCTCCTATA-1_contig_2,True,598,TRA,TRAV4D-3,None,TRAJ27,TRAC,True,True,CAADGPNTGKLTF,TGTGCTGCGGACGGACCCAATACAGGCAAATTAACCTTT,26988,26,clonotype8,clonotype8_consensus_2
ACTGTCCTCTCCTATA-1,True,ACTGTCCTCTCCTATA-1_contig_3,True,525,TRA,TRAV7N-6,None,TRAJ30,TRAC,True,True,CAVVDTNAYKVIF,TGTGCAGTGGTTGACACAAATGCTTACAAAGTCATCTTT,10202,9,clonotype8,clonotype8_consensus_3
ACTGTCCTCTCCTATA-1,True,ACTGTCCTCTCCTATA-1_contig_4,True,351,TRA,None,None,TRAJ17,TRAC,False,False,None,None,4690,3,clonotype8,None
ACTGTCCTCTCCTATA-1,True,ACTGTCCTCTCCTATA-1_contig_5,True,384,TRB,None,None,TRBJ2-7,None,False,False,None,None,6178,15,clonotype8,None
ACTTACTAGAACAATC-1,True,ACTTACTAGAACAATC-1_contig_1,True,555,TRA,TRAV3-3,None,TRAJ49,TRAC,True,True,CAVSGATGYQNFYF,TGCGCAGTCAGTGGGGCCACGGGTTACCAGAACTTCTATTTT,8956,4,clonotype10,clonotype10_consensus_3
ACTTACTAGAACAATC-1,True,ACTTACTAGAACAATC-1_contig_2,True,507,TRA,TRAV21-DV12,None,TRAJ42,TRAC,True,True,CILRVHGGSNAKLTF,TGTATCCTGAGAGTCCATGGAGGAAGCAATGCAAAGCTAACCTTC,6754,4,clonotype10,clonotype10_consensus_1
ACTTACTAGAACAATC-1,True,ACTTACTAGAACAATC-1_contig_3,True,575,TRB,TRBV12-2+TRBV13-2,None,TRBJ2-7,None,True,True,CASGVQGEQYF,TGTGCCAGCGGTGTTCAGGGAGAACAGTACTTC,28526,26,clonotype10,clonotype10_consensus_2
ACTTACTAGATCTGAA-1,True,ACTTACTAGATCTGAA-1_contig_1,True,558,TRA,TRAV19,None,TRAJ39,TRAC,True,True,CAAGGNNAGAKLTF,TGCGCAGCAGGTGGGAATAATGCAGGTGCCAAGCTCACATTC,23500,14,clonotype1,clonotype1_consensus_2
ACTTACTAGATCTGAA-1,True,ACTTACTAGATCTGAA-1_contig_2,True,575,TRB,TRBV12-2+TRBV13-2,None,TRBJ1-2,TRBC1,True,True,CASGGGTGNSDYTF,TGTGCCAGCGGTGGGGGGACAGGGAACTCCGACTACACCTTC,45430,46,clonotype1,clonotype1_consensus_1
ACTTACTAGATCTGAA-1,True,ACTTACTAGATCTGAA-1_contig_3,True,392,TRB,None,None,TRBJ2-7,None,False,False,None,None,5268,4,clonotype1,None
ACTTACTAGATCTGAA-1,True,ACTTACTAGATCTGAA-1_contig_4,True,358,TRB,TRBV13-1,None,TRBJ2-4,None,True,False,CASSEGTNTLYF,TGTGCCAGCAGTGAAGGAACAAACACCTTGTACTTT,2284,4,clonotype1,None
ACTTGTTAGCGCTTAT-1,True,ACTTGTTAGCGCTTAT-1_contig_1,True,561,TRB,TRBV12-2+TRBV13-2,None,TRBJ1-3,TRBC1,True,True,CASAPGNTLYF,TGTGCCAGCGCCCCTGGAAATACGCTCTATTTT,9352,6,clonotype158,clonotype158_consensus_2
ACTTGTTAGCGCTTAT-1,True,ACTTGTTAGCGCTTAT-1_contig_2,True,558,TRA,TRAV8D-2,None,TRAJ4,TRAC,True,True,CATDPGSFNKLTF,TGTGCTACAGATCCTGGTAGCTTCAATAAGTTGACCTTT,3124,3,clonotype158,clonotype158_consensus_1
ACTTGTTAGCGCTTAT-1,True,ACTTGTTAGCGCTTAT-1_contig_3,True,336,TRB,None,None,TRBJ2-7,None,False,False,None,None,2890,1,clonotype158,None
ACTTGTTGTAGGCATG-1,True,ACTTGTTGTAGGCATG-1_contig_1,True,511,TRA,TRAV7D-5,None,TRAJ6,TRAC,True,True,CAVSPTSGGNYKPTF,TGTGCAGTGAGCCCTACCTCAGGAGGAAACTACAAACCTACGTTT,2132,1,clonotype252,clonotype252_consensus_2
ACTTGTTGTAGGCATG-1,True,ACTTGTTGTAGGCATG-1_contig_2,True,695,TRB,TRBV19,None,TRBJ2-5,None,True,True,CASSIRSGDTQYF,TGTGCCAGCAGTATAAGGTCGGGAGACACCCAGTACTTT,14882,10,clonotype252,clonotype252_consensus_1
ACTTGTTGTTTGGCGC-1,True,ACTTGTTGTTTGGCGC-1_contig_1,True,574,TRA,TRAV16D-DV11,None,TRAJ9,TRAC,True,True,CAMRESNMGYKLTF,TGTGCTATGAGAGAGAGCAACATGGGCTACAAACTTACCTTC,1862,1,clonotype32,clonotype32_consensus_1
ACTTGTTGTTTGGCGC-1,True,ACTTGTTGTTTGGCGC-1_contig_2,True,529,TRB,TRBV20,None,TRBJ1-6,TRBC1,True,True,CADRSYNSPLYF,TGTGCCGACAGGTCCTATAATTCGCCCCTCTACTTT,3506,2,clonotype32,clonotype32_consensus_2
ACTTGTTTCACTCCTG-1,True,ACTTGTTTCACTCCTG-1_contig_1,True,556,TRA,TRAV19,None,TRAJ39,TRAC,True,True,CAAGGNNAGAKLTF,TGCGCAGCAGGTGGGAATAATGCAGGTGCCAAGCTCACATTC,10996,7,clonotype1,clonotype1_consensus_2
ACTTGTTTCACTCCTG-1,True,ACTTGTTTCACTCCTG-1_contig_2,True,568,TRB,TRBV12-2+TRBV13-2,None,TRBJ1-2,TRBC1,True,True,CASGGGTGNSDYTF,TGTGCCAGCGGTGGGGGGACAGGGAACTCCGACTACACCTTC,8764,8,clonotype1,clonotype1_consensus_1
ACTTGTTTCACTCCTG-1,True,ACTTGTTTCACTCCTG-1_contig_3,True,332,TRB,None,None,TRBJ2-1,None,False,False,None,None,5350,4,clonotype1,None
ACTTGTTTCACTCCTG-1,True,ACTTGTTTCACTCCTG-1_contig_4,True,326,TRB,None,None,TRBJ2-7,None,False,False,None,None,5660,3,clonotype1,None
ACTTTCAAGGAATCGC-1,True,ACTTTCAAGGAATCGC-1_contig_1,True,492,TRB,TRBV5,None,TRBJ2-2,None,True,True,CASSTGQLYF,TGTGCCAGCAGCACCGGGCAGCTCTACTTT,3214,1,clonotype253,clonotype253_consensus_1
ACTTTCAAGGAATCGC-1,True,ACTTTCAAGGAATCGC-1_contig_2,True,560,TRA,TRAV4D-4,None,TRAJ45,TRAC,True,True,CAAYTEGADRLTF,TGTGCTGCCTATACAGAAGGTGCAGATAGACTCACCTTT,4086,2,clonotype253,clonotype253_consensus_2
ACTTTCAAGGAATCGC-1,True,ACTTTCAAGGAATCGC-1_contig_3,True,367,TRB,None,None,TRBJ1-3,TRBC1,False,False,None,None,2762,1,clonotype253,None
ACTTTCAAGGATATAC-1,True,ACTTTCAAGGATATAC-1_contig_1,True,555,TRA,TRAV3-3,None,TRAJ49,TRAC,True,True,CAVSGATGYQNFYF,TGCGCAGTCAGTGGGGCCACGGGTTACCAGAACTTCTATTTT,11068,8,clonotype10,clonotype10_consensus_3
ACTTTCAAGGATATAC-1,True,ACTTTCAAGGATATAC-1_contig_2,True,507,TRA,TRAV21-DV12,None,TRAJ42,TRAC,True,True,CILRVHGGSNAKLTF,TGTATCCTGAGAGTCCATGGAGGAAGCAATGCAAAGCTAACCTTC,19956,12,clonotype10,clonotype10_consensus_1
ACTTTCAAGGATATAC-1,True,ACTTTCAAGGATATAC-1_contig_3,True,559,TRB,TRBV12-2+TRBV13-2,None,TRBJ2-7,None,True,True,CASGVQGEQYF,TGTGCCAGCGGTGTTCAGGGAGAACAGTACTTC,17424,16,clonotype10,clonotype10_consensus_2
ACTTTCAAGGATATAC-1,True,ACTTTCAAGGATATAC-1_contig_4,True,353,TRB,None,None,TRBJ2-1,None,False,False,None,None,14386,10,clonotype10,None
ACTTTCAGTCCCTTGT-1,True,ACTTTCAGTCCCTTGT-1_contig_1,True,537,TRA,TRAV6-6,None,TRAJ24,TRAC,True,True,CAPLTTASLGKLQF,TGTGCTCCGTTGACAACTGCCAGTTTGGGGAAACTGCAGTTT,6002,4,clonotype2,clonotype2_consensus_2
ACTTTCAGTCCCTTGT-1,True,ACTTTCAGTCCCTTGT-1_contig_2,True,505,TRB,TRBV13-1,None,TRBJ2-4,None,True,True,CASSEGTNTLYF,TGTGCCAGCAGTGAAGGAACAAACACCTTGTACTTT,11102,11,clonotype2,clonotype2_consensus_1
ACTTTCAGTCCCTTGT-1,True,ACTTTCAGTCCCTTGT-1_contig_3,True,376,TRA,TRAV9D-2,None,TRAJ26,TRAC,True,False,CVLSRGNNYAQGLTF,TGTGTTCTGAGCAGGGGCAATAACTATGCCCAGGGATTAACCTTC,9388,4,clonotype2,None
ACTTTCAGTCCCTTGT-1,True,ACTTTCAGTCCCTTGT-1_contig_4,True,589,TRB,TRBV12-2+TRBV13-2,None,TRBJ2-5,None,True,False,CASGDW,TGTGCCAGCGGTGACTGG,1600,2,clonotype2,None
ACTTTCAGTCTCTCGT-1,True,ACTTTCAGTCTCTCGT-1_contig_1,True,519,TRA,TRAV19,None,TRAJ39,TRAC,True,True,CAAGGNNAGAKLTF,TGCGCAGCAGGTGGGAATAATGCAGGTGCCAAGCTCACATTC,4918,4,clonotype1,clonotype1_consensus_2
ACTTTCAGTCTCTCGT-1,True,ACTTTCAGTCTCTCGT-1_contig_2,True,549,TRB,TRBV13-2,None,TRBJ1-2,TRBC1,True,True,CASGGGTGNSDYTF,TGTGCCAGCGGTGGGGGGACAGGGAACTCCGACTACACCTTC,4546,6,clonotype1,clonotype1_consensus_1
ACTTTCAGTTAAGTAG-1,True,ACTTTCAGTTAAGTAG-1_contig_1,True,528,TRA,TRAV7D-2,None,TRAJ22,TRAC,True,True,CAAHASSGSWQLIF,TGTGCAGCGCATGCATCTTCTGGCAGCTGGCAACTCATCTTT,2966,3,clonotype254,clonotype254_consensus_2
ACTTTCAGTTAAGTAG-1,True,ACTTTCAGTTAAGTAG-1_contig_2,True,525,TRB,TRBV5,None,TRBJ2-1,None,True,True,CASSQEWDMNYAEQFF,TGTGCCAGCAGCCAAGAGTGGGACATGAACTATGCTGAGCAGTTCTTC,4172,4,clonotype254,clonotype254_consensus_1
ACTTTCATCTCAACTT-1,True,ACTTTCATCTCAACTT-1_contig_1,True,549,TRB,TRBV16,None,TRBJ2-5,None,True,True,CASSLGGGQDTQYF,TGTGCAAGCAGCTTAGGGGGGGGCCAAGACACCCAGTACTTT,2260,3,clonotype8,clonotype8_consensus_1
ACTTTCATCTCAACTT-1,True,ACTTTCATCTCAACTT-1_contig_2,True,559,TRA,TRAV4D-3,None,TRAJ27,TRAC,True,True,CAADGPNTGKLTF,TGTGCTGCGGACGGACCCAATACAGGCAAATTAACCTTT,1160,1,clonotype8,clonotype8_consensus_2
ACTTTCATCTCAACTT-1,True,ACTTTCATCTCAACTT-1_contig_3,True,525,TRA,TRAV7N-6,None,TRAJ30,TRAC,True,True,CAVVDTNAYKVIF,TGTGCAGTGGTTGACACAAATGCTTACAAAGTCATCTTT,1004,1,clonotype8,clonotype8_consensus_3
AGAATAGGTAACGACG-1,True,AGAATAGGTAACGACG-1_contig_1,True,611,TRA,TRAV3-1,None,TRAJ22,TRAC,True,True,CAVWSGSWQLIF,TGCGCAGTCTGGTCTGGCAGCTGGCAACTCATCTTT,6380,3,clonotype81,clonotype81_consensus_1
AGAATAGGTAACGACG-1,True,AGAATAGGTAACGACG-1_contig_2,True,592,TRB,TRBV12-2+TRBV13-2,None,TRBJ2-7,None,True,True,CASGAGGAVEQYF,TGTGCCAGCGGTGCTGGGGGGGCGGTTGAACAGTACTTC,7610,8,clonotype81,clonotype81_consensus_2
AGAATAGGTGATGATA-1,True,AGAATAGGTGATGATA-1_contig_1,True,555,TRA,TRAV3-3,None,TRAJ49,TRAC,True,True,CAVSGATGYQNFYF,TGCGCAGTCAGTGGGGCCACGGGTTACCAGAACTTCTATTTT,7516,6,clonotype65,clonotype65_consensus_2
AGAATAGGTGATGATA-1,True,AGAATAGGTGATGATA-1_contig_2,True,587,TRB,TRBV12-2+TRBV13-2,None,TRBJ2-7,None,True,True,CASGVQGEQYF,TGTGCCAGCGGTGTTCAGGGAGAACAGTACTTC,2178,4,clonotype65,clonotype65_consensus_1
AGAATAGTCCAGATCA-1,True,AGAATAGTCCAGATCA-1_contig_1,True,558,TRA,TRAV19,None,TRAJ39,TRAC,True,True,CAAGGNNAGAKLTF,TGCGCAGCAGGTGGGAATAATGCAGGTGCCAAGCTCACATTC,9422,8,clonotype1,clonotype1_consensus_2
AGAATAGTCCAGATCA-1,True,AGAATAGTCCAGATCA-1_contig_2,True,568,TRB,TRBV12-2+TRBV13-2,None,TRBJ1-2,TRBC1,True,True,CASGGGTGNSDYTF,TGTGCCAGCGGTGGGGGGACAGGGAACTCCGACTACACCTTC,15418,12,clonotype1,clonotype1_consensus_1
AGAATAGTCCAGATCA-1,True,AGAATAGTCCAGATCA-1_contig_3,True,320,TRB,None,None,TRBJ2-7,None,False,False,None,None,3786,3,clonotype1,None
AGACGTTAGTGAAGTT-1,True,AGACGTTAGTGAAGTT-1_contig_1,True,566,TRA,TRAV3-3,None,TRAJ49,TRAC,True,True,CAVSGSTGYQNFYF,TGCGCAGTCAGTGGGAGCACGGGTTACCAGAACTTCTATTTT,2800,2,clonotype33,clonotype33_consensus_1
AGACGTTAGTTGAGAT-1,True,AGACGTTAGTTGAGAT-1_contig_1,True,614,TRB,TRBV12-2+TRBV13-2,None,TRBJ2-1,None,True,True,CASGDPFQFF,TGTGCCAGCGGTGATCCTTTCCAGTTCTTC,4608,4,clonotype25,clonotype25_consensus_3
AGACGTTAGTTGAGAT-1,True,AGACGTTAGTTGAGAT-1_contig_2,True,507,TRB,TRBV5,None,TRBJ2-2,None,True,True,CASSTGQLYF,TGTGCCAGCAGCACCGGGCAGCTCTACTTT,3330,2,clonotype25,clonotype25_consensus_1
AGACGTTAGTTGAGAT-1,True,AGACGTTAGTTGAGAT-1_contig_3,True,719,TRA,TRAV9N-4,None,TRAJ22,TRAC,True,True,CALPSSGSWQLIF,TGTGCTCTCCCATCTTCTGGCAGCTGGCAACTCATCTTT,3740,2,clonotype25,clonotype25_consensus_2
AGACGTTAGTTGAGAT-1,True,AGACGTTAGTTGAGAT-1_contig_4,True,503,TRA,TRAV10N,None,TRAJ35,None,True,False,CSKHQTGFASALTF,TGCAGCAAGCACCAGACAGGCTTTGCAAGTGCGCTGACATTT,1686,1,clonotype25,None
AGACGTTAGTTGAGAT-1,True,AGACGTTAGTTGAGAT-1_contig_5,True,351,TRA,None,None,TRAJ18,TRAC,False,False,None,None,4608,4,clonotype25,None
AGACGTTCACCAGGTC-1,True,AGACGTTCACCAGGTC-1_contig_1,True,517,TRA,TRAV6-6,None,TRAJ24,TRAC,True,True,CAPLTTASLGKLQF,TGTGCTCCGTTGACAACTGCCAGTTTGGGGAAACTGCAGTTT,8884,5,clonotype2,clonotype2_consensus_2
AGACGTTCACCAGGTC-1,True,AGACGTTCACCAGGTC-1_contig_2,True,512,TRB,TRBV13-1,None,TRBJ2-4,None,True,True,CASSEGTNTLYF,TGTGCCAGCAGTGAAGGAACAAACACCTTGTACTTT,28444,23,clonotype2,clonotype2_consensus_1
AGACGTTCACCAGGTC-1,True,AGACGTTCACCAGGTC-1_contig_3,True,808,TRA,TRAV9D-2,None,TRAJ26,TRAC,True,False,CVLSRGNNYAQGLTF,TGTGTTCTGAGCAGGGGCAATAACTATGCCCAGGGATTAACCTTC,5810,6,clonotype2,None
AGACGTTTCTGGCGTG-1,True,AGACGTTTCTGGCGTG-1_contig_1,True,549,TRB,TRBV16,None,TRBJ2-7,None,True,True,CASSFGGGADEQYF,TGTGCAAGCAGCTTTGGTGGGGGGGCGGATGAACAGTACTTC,9040,11,clonotype20,clonotype20_consensus_2
AGACGTTTCTGGCGTG-1,True,AGACGTTTCTGGCGTG-1_contig_2,True,523,TRA,TRAV13D-2,None,TRAJ11,TRAC,True,True,CAIDLDSGYNKLTF,TGTGCTATAGATCTTGACTCGGGATACAACAAACTCACTTTT,4206,3,clonotype20,clonotype20_consensus_1
AGACGTTTCTGGCGTG-1,True,AGACGTTTCTGGCGTG-1_contig_3,True,507,TRB,TRBV13-1,None,TRBJ1-2,TRBC1,True,False,None,None,1868,1,clonotype20,None
AGAGCGAAGGACAGAA-1,True,AGAGCGAAGGACAGAA-1_contig_1,True,520,TRA,TRAV4-3,None,TRAJ42,TRAC,True,True,CAADNSGGSNAKLTF,TGTGCTGCTGATAATTCTGGAGGAAGCAATGCAAAGCTAACCTTC,3152,2,clonotype29,clonotype29_consensus_2
AGAGCGAAGGACAGAA-1,True,AGAGCGAAGGACAGAA-1_contig_2,True,512,TRB,TRBV13-1,None,TRBJ2-1,None,True,True,CASGGAYAEQFF,TGTGCCAGCGGGGGGGCGTATGCTGAGCAGTTCTTC,4188,4,clonotype29,clonotype29_consensus_1
AGAGCGAAGGACAGAA-1,True,AGAGCGAAGGACAGAA-1_contig_3,True,566,TRA,TRAV12-2,None,TRAJ34,TRAC,True,True,CALSGNTNKVVF,TGTGCTTTGAGTGGCAATACCAACAAAGTCGTCTTT,8878,6,clonotype29,clonotype29_consensus_3
AGAGCGAAGGCTACGA-1,True,AGAGCGAAGGCTACGA-1_contig_1,True,540,TRA,TRAV16N,None,TRAJ12,TRAC,True,True,CAMREGGTGGYKVVF,TGTGCTATGAGAGAGGGCGGGACTGGAGGCTATAAAGTGGTCTTT,15452,9,clonotype159,clonotype159_consensus_2
AGAGCGAAGGCTACGA-1,True,AGAGCGAAGGCTACGA-1_contig_2,True,502,TRB,TRBV13-1,None,TRBJ2-7,None,True,True,CASSAPYEQYF,TGTGCCAGCAGTGCCCCATATGAACAGTACTTC,11140,11,clonotype159,clonotype159_consensus_1
AGAGCGAAGGCTACGA-1,True,AGAGCGAAGGCTACGA-1_contig_3,True,365,TRA,TRAV14-1,None,TRAJ17,TRAC,True,False,CSKLRGNKLTF,TGCAGCAAGTTGAGAGGGAACAAGCTAACTTTT,2708,1,clonotype159,None
AGAGCGAAGTATTGGA-1,True,AGAGCGAAGTATTGGA-1_contig_1,True,651,TRA,TRAV14N-3,None,TRAJ6,TRAC,True,True,CAARTSGGNYKPTF,TGTGCAGCAAGAACCTCAGGAGGAAACTACAAACCTACGTTT,4098,2,clonotype4,clonotype4_consensus_2
AGAGCGAAGTATTGGA-1,True,AGAGCGAAGTATTGGA-1_contig_2,True,549,TRA,TRAV8N-2,None,TRAJ13,TRAC,True,True,CATEDSGTYQRF,TGTGCTACTGAGGATTCTGGGACTTACCAGAGGTTT,3788,3,clonotype4,clonotype4_consensus_1
AGAGCGAAGTATTGGA-1,True,AGAGCGAAGTATTGGA-1_contig_3,True,565,TRB,TRBV12-2+TRBV13-2,None,TRBJ2-7,None,True,True,CASGTGGDYEQYF,TGTGCCAGCGGGACTGGGGGGGACTATGAACAGTACTTC,9556,8,clonotype4,clonotype4_consensus_3
AGAGCGAAGTGGGCTA-1,True,AGAGCGAAGTGGGCTA-1_contig_1,True,532,TRA,TRAV16D-DV11,None,TRAJ9,TRAC,True,True,CAMRESNMGYKLTF,TGTGCTATGAGAGAGAGCAACATGGGCTACAAACTTACCTTC,5468,4,clonotype66,clonotype66_consensus_1
AGAGCGAAGTGGGCTA-1,True,AGAGCGAAGTGGGCTA-1_contig_2,True,525,TRB,TRBV17,None,TRBJ2-5,None,True,True,CASSRKGAQDTQYF,TGTGCTAGCAGTAGGAAGGGGGCGCAAGACACCCAGTACTTT,10260,6,clonotype66,clonotype66_consensus_2
AGAGCGAAGTGGGCTA-1,True,AGAGCGAAGTGGGCTA-1_contig_3,True,529,TRB,TRBV20,None,TRBJ1-6,TRBC1,True,True,CADRSYNSPLYF,TGTGCCGACAGGTCCTATAATTCGCCCCTCTACTTT,13166,8,clonotype66,clonotype66_consensus_3
AGAGCGAGTATAAACG-1,True,AGAGCGAGTATAAACG-1_contig_1,True,569,TRB,TRBV12-2+TRBV13-2,None,TRBJ1-2,TRBC1,True,True,CASGGGTGNSDYTF,TGTGCCAGCGGTGGGGGGACAGGGAACTCCGACTACACCTTC,15788,16,clonotype7,clonotype7_consensus_1
AGAGCGAGTATTCGTG-1,True,AGAGCGAGTATTCGTG-1_contig_1,True,558,TRA,TRAV19,None,TRAJ39,TRAC,True,True,CAAGGNNAGAKLTF,TGCGCAGCAGGTGGGAATAATGCAGGTGCCAAGCTCACATTC,15358,15,clonotype1,clonotype1_consensus_2
AGAGCGAGTATTCGTG-1,True,AGAGCGAGTATTCGTG-1_contig_2,True,572,TRB,TRBV12-2+TRBV13-2,None,TRBJ1-2,TRBC1,True,True,CASGGGTGNSDYTF,TGTGCCAGCGGTGGGGGGACAGGGAACTCCGACTACACCTTC,12196,11,clonotype1,clonotype1_consensus_1
AGAGCGAGTATTCGTG-1,True,AGAGCGAGTATTCGTG-1_contig_3,True,371,TRB,None,None,TRBJ2-1,None,False,False,None,None,674,1,clonotype1,None
AGAGCGAGTATTCGTG-1,True,AGAGCGAGTATTCGTG-1_contig_4,True,729,TRB,None,None,TRBJ2-7,None,False,False,None,None,4568,3,clonotype1,None
AGAGCGAGTCGATTGT-1,True,AGAGCGAGTCGATTGT-1_contig_1,True,570,TRA,TRAV16D-DV11,None,TRAJ9,TRAC,True,True,CAMRESNMGYKLTF,TGTGCTATGAGAGAGAGCAACATGGGCTACAAACTTACCTTC,2794,2,clonotype160,clonotype160_consensus_1
AGAGCGAGTCGATTGT-1,True,AGAGCGAGTCGATTGT-1_contig_2,True,525,TRB,TRBV17,None,TRBJ2-5,None,True,True,CASSRKGAQDTQYF,TGTGCTAGCAGTAGGAAGGGGGCGCAAGACACCCAGTACTTT,782,1,clonotype160,clonotype160_consensus_2
AGAGCGAGTCGATTGT-1,True,AGAGCGAGTCGATTGT-1_contig_3,True,392,TRB,None,None,TRBJ2-7,None,False,False,None,None,2142,1,clonotype160,None
AGAGCGAGTGCACTTA-1,True,AGAGCGAGTGCACTTA-1_contig_1,True,566,TRA,TRAV3-3,None,TRAJ49,TRAC,True,True,CAVSGSTGYQNFYF,TGCGCAGTCAGTGGGAGCACGGGTTACCAGAACTTCTATTTT,8750,4,clonotype5,clonotype5_consensus_1
AGAGCGAGTGCACTTA-1,True,AGAGCGAGTGCACTTA-1_contig_2,True,562,TRB,TRBV12-2+TRBV13-2,None,TRBJ2-7,None,True,True,CASGVQGWEQYF,TGTGCCAGCGGTGTACAGGGGTGGGAACAGTACTTC,22608,19,clonotype5,clonotype5_consensus_2
AGAGCGAGTGCACTTA-1,True,AGAGCGAGTGCACTTA-1_contig_3,True,588,TRA,None,None,TRAJ24,TRAC,False,False,None,None,1996,1,clonotype5,None
AGAGCGAGTGCACTTA-1,True,AGAGCGAGTGCACTTA-1_contig_4,True,539,TRA,TRAV6D-5,None,TRAJ38,TRAC,True,False,CTTVFWDNVGDNSKLIW,TGTACTACTGTGTTCTGGGATAATGTTGGTGACAACAGTAAGCTGATTTGG,2142,1,clonotype5,None
AGAGCGATCCGAACGC-1,True,AGAGCGATCCGAACGC-1_contig_1,True,519,TRA,TRAV6-6,None,TRAJ24,TRAC,True,True,CAPLTTASLGKLQF,TGTGCTCCGTTGACAACTGCCAGTTTGGGGAAACTGCAGTTT,3078,2,clonotype2,clonotype2_consensus_2
AGAGCGATCCGAACGC-1,True,AGAGCGATCCGAACGC-1_contig_2,True,512,TRB,TRBV13-1,None,TRBJ2-4,None,True,True,CASSEGTNTLYF,TGTGCCAGCAGTGAAGGAACAAACACCTTGTACTTT,5974,5,clonotype2,clonotype2_consensus_1
AGAGCGATCCGAACGC-1,True,AGAGCGATCCGAACGC-1_contig_3,True,461,TRA,TRAV9D-2,None,TRAJ26,TRAC,True,False,CVLSRGNNYAQGLTF,TGTGTTCTGAGCAGGGGCAATAACTATGCCCAGGGATTAACCTTC,2314,2,clonotype2,None
AGAGCTTAGCGTGAGT-1,True,AGAGCTTAGCGTGAGT-1_contig_1,True,496,TRB,TRBV26,None,TRBJ2-5,None,True,True,CASSRGTDTQYF,TGTGCCAGCAGCCGCGGGACCGACACCCAGTACTTT,6074,4,clonotype42,clonotype42_consensus_1
AGAGCTTAGCGTGAGT-1,True,AGAGCTTAGCGTGAGT-1_contig_2,True,575,TRA,TRAV12-2,None,TRAJ37,TRAC,True,True,CALSPQTGNTGKLIF,TGTGCTTTGAGCCCCCAAACAGGCAATACCGGAAAACTCATCTTT,7392,7,clonotype42,clonotype42_consensus_2
AGAGCTTCAGCTCCGA-1,True,AGAGCTTCAGCTCCGA-1_contig_1,True,556,TRA,TRAV19,None,TRAJ39,TRAC,True,True,CAAGGNNAGAKLTF,TGCGCAGCAGGTGGGAATAATGCAGGTGCCAAGCTCACATTC,10286,5,clonotype1,clonotype1_consensus_2
AGAGCTTCAGCTCCGA-1,True,AGAGCTTCAGCTCCGA-1_contig_2,True,568,TRB,TRBV12-2+TRBV13-2,None,TRBJ1-2,TRBC1,True,True,CASGGGTGNSDYTF,TGTGCCAGCGGTGGGGGGACAGGGAACTCCGACTACACCTTC,35350,29,clonotype1,clonotype1_consensus_1
AGAGCTTCAGCTCCGA-1,True,AGAGCTTCAGCTCCGA-1_contig_3,True,354,TRB,None,None,TRBJ2-7,None,False,False,None,None,5892,6,clonotype1,None
AGAGCTTCAGGGTTAG-1,True,AGAGCTTCAGGGTTAG-1_contig_1,True,704,TRB,TRBV19,None,TRBJ2-3,None,True,True,CASSIRWGGGAETLYF,TGTGCCAGCAGTATACGCTGGGGGGGGGGTGCAGAAACGCTGTATTTT,15546,9,clonotype115,clonotype115_consensus_3
AGAGCTTCAGGGTTAG-1,True,AGAGCTTCAGGGTTAG-1_contig_2,True,505,TRA,TRAV1,None,TRAJ40,TRAC,True,True,CAVRDHTGNYKYVF,TGTGCTGTGAGGGACCATACAGGAAACTACAAATACGTCTTT,3810,3,clonotype115,clonotype115_consensus_1
AGAGCTTCAGGGTTAG-1,True,AGAGCTTCAGGGTTAG-1_contig_3,True,537,TRA,TRAV3D-3,None,TRAJ22,TRAC,True,True,CAVSESSGSWQLIF,TGCGCAGTCAGTGAATCTTCTGGCAGCTGGCAACTCATCTTT,2290,2,clonotype115,clonotype115_consensus_2
AGAGCTTCATTGGCGC-1,True,AGAGCTTCATTGGCGC-1_contig_1,True,532,TRA,TRAV19,None,TRAJ39,TRAC,True,True,CAAGGNNAGAKLTF,TGCGCAGCAGGTGGGAATAATGCAGGTGCCAAGCTCACATTC,1228,1,clonotype1,clonotype1_consensus_2
AGAGCTTCATTGGCGC-1,True,AGAGCTTCATTGGCGC-1_contig_2,True,573,TRB,TRBV12-2+TRBV13-2,None,TRBJ1-2,TRBC1,True,True,CASGGGTGNSDYTF,TGTGCCAGCGGTGGGGGGACAGGGAACTCCGACTACACCTTC,2276,2,clonotype1,clonotype1_consensus_1
AGAGCTTCATTGGCGC-1,True,AGAGCTTCATTGGCGC-1_contig_3,True,357,TRB,None,None,TRBJ2-1,None,False,False,None,None,1412,1,clonotype1,None
AGAGCTTGTCAGAGGT-1,True,AGAGCTTGTCAGAGGT-1_contig_1,True,561,TRA,TRAV4-3,None,TRAJ42,TRAC,True,True,CAADNSGGSNAKLTF,TGTGCTGCTGATAATTCTGGAGGAAGCAATGCAAAGCTAACCTTC,2940,2,clonotype29,clonotype29_consensus_2
AGAGCTTGTCAGAGGT-1,True,AGAGCTTGTCAGAGGT-1_contig_2,True,509,TRB,TRBV13-1,None,TRBJ2-1,None,True,True,CASGGAYAEQFF,TGTGCCAGCGGGGGGGCGTATGCTGAGCAGTTCTTC,5618,6,clonotype29,clonotype29_consensus_1
AGAGCTTGTCAGAGGT-1,True,AGAGCTTGTCAGAGGT-1_contig_3,True,566,TRA,TRAV12-2,None,TRAJ34,TRAC,True,True,CALSGNTNKVVF,TGTGCTTTGAGTGGCAATACCAACAAAGTCGTCTTT,7556,5,clonotype29,clonotype29_consensus_3
AGAGCTTGTCTAGGTT-1,True,AGAGCTTGTCTAGGTT-1_contig_1,True,593,TRA,TRAV19,None,TRAJ39,TRAC,True,True,CAAGGNNAGAKLTF,TGCGCAGCAGGTGGGAATAATGCAGGTGCCAAGCTCACATTC,26986,17,clonotype1,clonotype1_consensus_2
AGAGCTTGTCTAGGTT-1,True,AGAGCTTGTCTAGGTT-1_contig_2,True,555,TRB,TRBV12-2+TRBV13-2,None,TRBJ1-2,TRBC1,True,True,CASGGGTGNSDYTF,TGTGCCAGCGGTGGGGGGACAGGGAACTCCGACTACACCTTC,43342,42,clonotype1,clonotype1_consensus_1
AGAGCTTGTCTAGGTT-1,True,AGAGCTTGTCTAGGTT-1_contig_3,True,365,TRB,None,None,TRBJ2-1,None,False,False,None,None,4564,8,clonotype1,None
AGAGCTTTCGCAGGCT-1,True,AGAGCTTTCGCAGGCT-1_contig_1,True,519,TRA,TRAV6-6,None,TRAJ24,TRAC,True,True,CAPLTTASLGKLQF,TGTGCTCCGTTGACAACTGCCAGTTTGGGGAAACTGCAGTTT,218,2,clonotype2,clonotype2_consensus_2
AGAGCTTTCGCAGGCT-1,True,AGAGCTTTCGCAGGCT-1_contig_2,True,512,TRB,TRBV13-1,None,TRBJ2-4,None,True,True,CASSEGTNTLYF,TGTGCCAGCAGTGAAGGAACAAACACCTTGTACTTT,8740,9,clonotype2,clonotype2_consensus_1
AGAGTGGAGATCCTGT-1,True,AGAGTGGAGATCCTGT-1_contig_1,True,541,TRA,TRAV8D-1,None,TRAJ30,TRAC,True,True,CALDTNAYKVIF,TGTGCCCTCGACACAAATGCTTACAAAGTCATCTTT,2610,3,clonotype48,clonotype48_consensus_2
AGAGTGGAGATCCTGT-1,True,AGAGTGGAGATCCTGT-1_contig_2,True,565,TRB,TRBV12-2+TRBV13-2,None,TRBJ2-1,None,True,True,CASGTGDYAEQFF,TGTGCCAGCGGGACTGGGGACTATGCTGAGCAGTTCTTC,3966,7,clonotype48,clonotype48_consensus_1
AGAGTGGAGTATCTCG-1,True,AGAGTGGAGTATCTCG-1_contig_1,True,551,TRA,TRAV6-6,None,TRAJ24,TRAC,True,True,CAPLTTASLGKLQF,TGTGCTCCGTTGACAACTGCCAGTTTGGGGAAACTGCAGTTT,10612,7,clonotype3,clonotype3_consensus_2
AGAGTGGAGTATCTCG-1,True,AGAGTGGAGTATCTCG-1_contig_2,True,512,TRB,TRBV13-1,None,TRBJ2-4,None,True,True,CASSEGTNTLYF,TGTGCCAGCAGTGAAGGAACAAACACCTTGTACTTT,16310,15,clonotype3,clonotype3_consensus_1
AGAGTGGAGTATCTCG-1,True,AGAGTGGAGTATCTCG-1_contig_3,True,673,TRA,TRAV9D-2,None,TRAJ26,TRAC,True,True,CVLSRGNNYAQGLTF,TGTGTTCTGAGCAGGGGCAATAACTATGCCCAGGGATTAACCTTC,10436,7,clonotype3,clonotype3_consensus_3
AGAGTGGCATTGCGGC-1,True,AGAGTGGCATTGCGGC-1_contig_1,True,549,TRB,TRBV16,None,TRBJ2-7,None,True,True,CASSLGGGLDEQYF,TGTGCAAGCAGCTTAGGGGGGGGGCTCGATGAACAGTACTTC,2986,4,clonotype26,clonotype26_consensus_1
AGAGTGGCATTGCGGC-1,True,AGAGTGGCATTGCGGC-1_contig_2,True,559,TRB,TRBV12-2+TRBV13-2,None,TRBJ1-5,TRBC1,True,False,None,None,1254,1,clonotype26,None
AGAGTGGCATTGCGGC-1,True,AGAGTGGCATTGCGGC-1_contig_3,True,552,Multi,TRDV1,None,TRAJ45,TRAC,True,False,CGGTEGADRLTF,TGTGGAGGGACAGAAGGTGCAGATAGACTCACCTTT,7564,6,clonotype26,None
AGATCTGAGCCACTAT-1,True,AGATCTGAGCCACTAT-1_contig_1,True,593,TRA,TRAV19,None,TRAJ39,TRAC,True,True,CAAGGNNAGAKLTF,TGCGCAGCAGGTGGGAATAATGCAGGTGCCAAGCTCACATTC,11964,9,clonotype1,clonotype1_consensus_2
AGATCTGAGCCACTAT-1,True,AGATCTGAGCCACTAT-1_contig_2,True,571,TRB,TRBV12-2+TRBV13-2,None,TRBJ1-2,TRBC1,True,True,CASGGGTGNSDYTF,TGTGCCAGCGGTGGGGGGACAGGGAACTCCGACTACACCTTC,30524,26,clonotype1,clonotype1_consensus_1
AGATCTGAGCCACTAT-1,True,AGATCTGAGCCACTAT-1_contig_3,True,353,TRB,None,None,TRBJ2-1,None,False,False,None,None,6314,4,clonotype1,None
AGATCTGAGCCACTAT-1,True,AGATCTGAGCCACTAT-1_contig_4,True,302,TRB,None,None,TRBJ2-3,None,False,False,None,None,970,1,clonotype1,None
AGATCTGCAAAGTCAA-1,True,AGATCTGCAAAGTCAA-1_contig_1,True,576,TRA,TRAV6-6,None,TRAJ24,TRAC,True,True,CAPLTTASLGKLQF,TGTGCTCCGTTGACAACTGCCAGTTTGGGGAAACTGCAGTTT,5304,3,clonotype3,clonotype3_consensus_2
AGATCTGCAAAGTCAA-1,True,AGATCTGCAAAGTCAA-1_contig_2,True,512,TRB,TRBV13-1,None,TRBJ2-4,None,True,True,CASSEGTNTLYF,TGTGCCAGCAGTGAAGGAACAAACACCTTGTACTTT,32106,26,clonotype3,clonotype3_consensus_1
AGATCTGCAAAGTCAA-1,True,AGATCTGCAAAGTCAA-1_contig_3,True,704,TRA,TRAV9D-2,None,TRAJ26,TRAC,True,True,CVLSRGNNYAQGLTF,TGTGTTCTGAGCAGGGGCAATAACTATGCCCAGGGATTAACCTTC,9942,6,clonotype3,clonotype3_consensus_3
AGATCTGCAAAGTCAA-1,True,AGATCTGCAAAGTCAA-1_contig_4,True,357,TRB,None,None,TRBJ2-7,None,False,False,None,None,1126,1,clonotype3,None
AGATCTGCATCTGGTA-1,True,AGATCTGCATCTGGTA-1_contig_1,True,519,TRA,TRAV6-6,None,TRAJ24,TRAC,True,True,CAPLTTASLGKLQF,TGTGCTCCGTTGACAACTGCCAGTTTGGGGAAACTGCAGTTT,6412,4,clonotype3,clonotype3_consensus_2
AGATCTGCATCTGGTA-1,True,AGATCTGCATCTGGTA-1_contig_2,True,505,TRB,TRBV13-1,None,TRBJ2-4,None,True,True,CASSEGTNTLYF,TGTGCCAGCAGTGAAGGAACAAACACCTTGTACTTT,13952,11,clonotype3,clonotype3_consensus_1
AGATCTGCATCTGGTA-1,True,AGATCTGCATCTGGTA-1_contig_3,True,672,TRA,TRAV9D-2,None,TRAJ26,TRAC,True,True,CVLSRGNNYAQGLTF,TGTGTTCTGAGCAGGGGCAATAACTATGCCCAGGGATTAACCTTC,8324,4,clonotype3,clonotype3_consensus_3
AGATCTGGTCACTGGC-1,True,AGATCTGGTCACTGGC-1_contig_1,True,512,TRA,TRAV13N-1,None,TRAJ57,TRAC,True,True,CAMANQGGSAKLIF,TGTGCTATGGCGAATCAAGGAGGGTCTGCGAAGCTCATCTTT,3920,3,clonotype161,clonotype161_consensus_1
AGATCTGGTCACTGGC-1,True,AGATCTGGTCACTGGC-1_contig_2,True,525,TRB,TRBV17,None,TRBJ2-5,None,True,True,CASSRKGVQDTQYF,TGTGCTAGCAGTAGGAAAGGGGTCCAAGACACCCAGTACTTT,1084,1,clonotype161,clonotype161_consensus_2
AGATCTGTCCAGTAGT-1,True,AGATCTGTCCAGTAGT-1_contig_1,True,558,TRA,TRAV19,None,TRAJ39,TRAC,True,True,CAAGGNNAGAKLTF,TGCGCAGCAGGTGGGAATAATGCAGGTGCCAAGCTCACATTC,6294,7,clonotype1,clonotype1_consensus_2
AGATCTGTCCAGTAGT-1,True,AGATCTGTCCAGTAGT-1_contig_2,True,568,TRB,TRBV12-2+TRBV13-2,None,TRBJ1-2,TRBC1,True,True,CASGGGTGNSDYTF,TGTGCCAGCGGTGGGGGGACAGGGAACTCCGACTACACCTTC,22546,17,clonotype1,clonotype1_consensus_1
AGATCTGTCCAGTAGT-1,True,AGATCTGTCCAGTAGT-1_contig_3,True,372,TRB,None,None,TRBJ2-1,None,False,False,None,None,19630,15,clonotype1,None
AGATCTGTCCAGTAGT-1,True,AGATCTGTCCAGTAGT-1_contig_4,True,507,TRA,TRAV7-5,None,TRAJ45,TRAC,True,False,CSDTEGADRLTF,TGCAGTGATACAGAAGGTGCAGATAGACTCACCTTT,1066,3,clonotype1,None
AGATCTGTCGGGAGTA-1,True,AGATCTGTCGGGAGTA-1_contig_1,True,555,TRA,TRAV3-3,None,TRAJ49,TRAC,True,True,CAVSGATGYQNFYF,TGCGCAGTCAGTGGGGCCACGGGTTACCAGAACTTCTATTTT,1824,2,clonotype10,clonotype10_consensus_3
AGATCTGTCGGGAGTA-1,True,AGATCTGTCGGGAGTA-1_contig_2,True,507,TRA,TRAV21-DV12,None,TRAJ42,TRAC,True,True,CILRVHGGSNAKLTF,TGTATCCTGAGAGTCCATGGAGGAAGCAATGCAAAGCTAACCTTC,5818,3,clonotype10,clonotype10_consensus_1
AGATCTGTCGGGAGTA-1,True,AGATCTGTCGGGAGTA-1_contig_3,True,578,TRB,TRBV12-2+TRBV13-2,None,TRBJ2-7,None,True,True,CASGVQGEQYF,TGTGCCAGCGGTGTTCAGGGAGAACAGTACTTC,12268,10,clonotype10,clonotype10_consensus_2
AGATCTGTCGTAGATC-1,True,AGATCTGTCGTAGATC-1_contig_1,True,549,TRB,TRBV16,None,TRBJ2-5,None,True,True,CASSLGGGQDTQYF,TGTGCAAGCAGCTTAGGGGGGGGCCAAGACACCCAGTACTTT,3562,6,clonotype15,clonotype15_consensus_1
AGATCTGTCGTAGATC-1,True,AGATCTGTCGTAGATC-1_contig_2,True,572,TRA,TRAV4D-3,None,TRAJ27,TRAC,True,True,CAADGPNTGKLTF,TGTGCTGCGGACGGACCCAATACAGGCAAATTAACCTTT,4408,4,clonotype15,clonotype15_consensus_2
AGATCTGTCTCTGAGA-1,True,AGATCTGTCTCTGAGA-1_contig_1,True,558,TRA,TRAV19,None,TRAJ39,TRAC,True,True,CAAGGNNAGAKLTF,TGCGCAGCAGGTGGGAATAATGCAGGTGCCAAGCTCACATTC,5986,4,clonotype1,clonotype1_consensus_2
AGATCTGTCTCTGAGA-1,True,AGATCTGTCTCTGAGA-1_contig_2,True,603,TRB,TRBV12-2+TRBV13-2,None,TRBJ1-2,TRBC1,True,True,CASGGGTGNSDYTF,TGTGCCAGCGGTGGGGGGACAGGGAACTCCGACTACACCTTC,15986,15,clonotype1,clonotype1_consensus_1
AGATTGCAGAGAGCTC-1,True,AGATTGCAGAGAGCTC-1_contig_1,True,549,TRB,TRBV16,None,TRBJ2-7,None,True,True,CASSLGGGLDEQYF,TGTGCAAGCAGCTTAGGGGGGGGGCTCGATGAACAGTACTTC,12132,8,clonotype26,clonotype26_consensus_1
AGATTGCAGAGAGCTC-1,True,AGATTGCAGAGAGCTC-1_contig_2,True,594,Multi,TRDV1,None,TRAJ45,TRAC,True,False,CGGTEGADRLTF,TGTGGAGGGACAGAAGGTGCAGATAGACTCACCTTT,6314,3,clonotype26,None
AGATTGCCAAGGTTTC-1,True,AGATTGCCAAGGTTTC-1_contig_1,True,523,TRA,TRAV14N-3,None,TRAJ6,TRAC,True,True,CAARTSGGNYKPTF,TGTGCAGCAAGAACCTCAGGAGGAAACTACAAACCTACGTTT,4288,2,clonotype4,clonotype4_consensus_2
AGATTGCCAAGGTTTC-1,True,AGATTGCCAAGGTTTC-1_contig_2,True,549,TRA,TRAV8N-2,None,TRAJ13,TRAC,True,True,CATEDSGTYQRF,TGTGCTACTGAGGATTCTGGGACTTACCAGAGGTTT,4812,4,clonotype4,clonotype4_consensus_1
AGATTGCCAAGGTTTC-1,True,AGATTGCCAAGGTTTC-1_contig_3,True,581,TRB,TRBV12-2+TRBV13-2,None,TRBJ2-7,None,True,True,CASGTGGDYEQYF,TGTGCCAGCGGGACTGGGGGGGACTATGAACAGTACTTC,6052,5,clonotype4,clonotype4_consensus_3
AGATTGCCAGTAGAGC-1,True,AGATTGCCAGTAGAGC-1_contig_1,True,549,TRB,TRBV16,None,TRBJ2-5,None,True,True,CASSWGGGQDTQYF,TGTGCAAGCAGCTGGGGGGGCGGGCAAGACACCCAGTACTTT,23606,16,clonotype44,clonotype44_consensus_1
AGATTGCCAGTAGAGC-1,True,AGATTGCCAGTAGAGC-1_contig_2,True,520,TRA,TRAV6-6,None,TRAJ39,TRAC,True,True,CALGDWNNAGAKLTF,TGTGCTCTGGGTGATTGGAATAATGCAGGTGCCAAGCTCACATTC,20430,19,clonotype44,clonotype44_consensus_2
AGATTGCCAGTAGAGC-1,True,AGATTGCCAGTAGAGC-1_contig_3,True,669,TRB,TRBV10,None,TRBJ1-6,TRBC1,True,False,CQQLRGGAYNSPLYF,TGCCAGCAGCTAAGAGGGGGAGCCTATAATTCGCCCCTCTACTTT,4970,3,clonotype44,None
AGATTGCCAGTAGAGC-1,True,AGATTGCCAGTAGAGC-1_contig_4,True,330,TRB,None,None,TRBJ2-1,None,False,False,None,None,7562,8,clonotype44,None
AGATTGCCATCGATGT-1,True,AGATTGCCATCGATGT-1_contig_1,True,600,TRA,TRAV14D-2,None,TRAJ6,TRAC,True,True,CAARTSGGNYKPTF,TGTGCAGCGCGAACCTCAGGAGGAAACTACAAACCTACGTTT,4408,2,clonotype255,clonotype255_consensus_2
AGATTGCCATCGATGT-1,True,AGATTGCCATCGATGT-1_contig_2,True,651,TRB,TRBV12-2+TRBV13-2,None,TRBJ1-4,TRBC1,True,True,CASGTGGDERLFF,TGTGCCAGCGGGACAGGGGGCGACGAAAGATTATTTTTC,4948,5,clonotype255,clonotype255_consensus_1
AGATTGCCATCGATGT-1,True,AGATTGCCATCGATGT-1_contig_3,True,553,TRA,TRAV12D-2,None,TRAJ21,TRAC,True,False,None,None,800,2,clonotype255,None
AGATTGCCATCGATGT-1,True,AGATTGCCATCGATGT-1_contig_4,True,590,TRB,None,None,TRBJ1-3,TRBC1,False,False,None,None,4530,3,clonotype255,None
AGATTGCGTACTCTCC-1,True,AGATTGCGTACTCTCC-1_contig_1,True,513,TRB,TRBV26,None,TRBJ2-5,None,True,True,CASSRGTDTQYF,TGTGCCAGCAGCCGCGGGACCGACACCCAGTACTTT,3790,2,clonotype42,clonotype42_consensus_1
AGATTGCGTACTCTCC-1,True,AGATTGCGTACTCTCC-1_contig_2,True,575,TRA,TRAV12-2,None,TRAJ37,TRAC,True,True,CALSPQTGNTGKLIF,TGTGCTTTGAGCCCCCAAACAGGCAATACCGGAAAACTCATCTTT,1556,2,clonotype42,clonotype42_consensus_2
AGATTGCGTACTCTCC-1,True,AGATTGCGTACTCTCC-1_contig_3,True,376,TRB,None,None,TRBJ2-1,None,False,False,None,None,3454,3,clonotype42,None
AGATTGCGTACTCTCC-1,True,AGATTGCGTACTCTCC-1_contig_4,True,485,TRB,TRBV13-1,None,TRBJ2-3,None,True,False,CASGDSAETLYF,TGTGCCAGCGGGGACAGTGCAGAAACGCTGTATTTT,540,1,clonotype42,None
AGATTGCGTCAGCTAT-1,True,AGATTGCGTCAGCTAT-1_contig_1,True,519,TRA,TRAV7-3,None,TRAJ38,TRAC,True,True,CAVSAANVGDNSKLIW,TGTGCAGTGAGCGCGGCGAATGTTGGTGACAACAGTAAGCTGATTTGG,8206,4,clonotype21,clonotype21_consensus_3
AGATTGCGTCAGCTAT-1,True,AGATTGCGTCAGCTAT-1_contig_2,True,512,TRB,TRBV13-1,None,TRBJ2-7,None,True,True,CASSGGHLEQYF,TGTGCCAGCAGTGGGGGACACCTTGAACAGTACTTC,7332,5,clonotype21,clonotype21_consensus_2
AGATTGCGTCAGCTAT-1,True,AGATTGCGTCAGCTAT-1_contig_3,True,522,TRA,TRAV7N-6,None,TRAJ34,TRAC,True,True,CAISSNTNKVVF,TGTGCAATTTCTTCCAATACCAACAAAGTCGTCTTT,3294,3,clonotype21,clonotype21_consensus_1
AGATTGCGTTACTGAC-1,True,AGATTGCGTTACTGAC-1_contig_1,True,568,TRB,TRBV12-2+TRBV13-2,None,TRBJ1-2,TRBC1,True,True,CASGGGTGNSDYTF,TGTGCCAGCGGTGGGGGGACAGGGAACTCCGACTACACCTTC,3778,3,clonotype7,clonotype7_consensus_1
AGATTGCGTTGGGACA-1,True,AGATTGCGTTGGGACA-1_contig_1,True,558,TRA,TRAV19,None,TRAJ39,TRAC,True,True,CAAGGNNAGAKLTF,TGCGCAGCAGGTGGGAATAATGCAGGTGCCAAGCTCACATTC,4942,4,clonotype1,clonotype1_consensus_2
AGATTGCGTTGGGACA-1,True,AGATTGCGTTGGGACA-1_contig_2,True,623,TRB,TRBV12-2+TRBV13-2,None,TRBJ1-2,TRBC1,True,True,CASGGGTGNSDYTF,TGTGCCAGCGGTGGGGGGACAGGGAACTCCGACTACACCTTC,10838,11,clonotype1,clonotype1_consensus_1
AGATTGCTCGGTCCGA-1,True,AGATTGCTCGGTCCGA-1_contig_1,True,657,TRA,TRAV14N-3,None,TRAJ6,TRAC,True,True,CAARTSGGNYKPTF,TGTGCAGCAAGAACCTCAGGAGGAAACTACAAACCTACGTTT,21930,20,clonotype4,clonotype4_consensus_2
AGATTGCTCGGTCCGA-1,True,AGATTGCTCGGTCCGA-1_contig_2,True,549,TRA,TRAV8N-2,None,TRAJ13,TRAC,True,True,CATEDSGTYQRF,TGTGCTACTGAGGATTCTGGGACTTACCAGAGGTTT,28674,20,clonotype4,clonotype4_consensus_1
AGATTGCTCGGTCCGA-1,True,AGATTGCTCGGTCCGA-1_contig_3,True,568,TRB,TRBV12-2+TRBV13-2,None,TRBJ2-7,None,True,True,CASGTGGDYEQYF,TGTGCCAGCGGGACTGGGGGGGACTATGAACAGTACTTC,14812,24,clonotype4,clonotype4_consensus_3
AGATTGCTCGGTCTAA-1,True,AGATTGCTCGGTCTAA-1_contig_1,True,481,TRA,TRAV3-3,None,TRAJ49,None,True,True,CAVSGATGYQNFYF,TGCGCAGTCAGTGGGGCCACGGGTTACCAGAACTTCTATTTT,96,1,clonotype256,clonotype256_consensus_1
AGATTGCTCGGTCTAA-1,True,AGATTGCTCGGTCTAA-1_contig_2,True,515,TRB,TRBV13-1,None,TRBJ2-3,None,True,True,CASEGQGAETLYF,TGTGCCAGCGAGGGACAGGGTGCAGAAACGCTGTATTTT,1664,2,clonotype256,clonotype256_consensus_2
AGCAGCCGTCCTGCTT-1,True,AGCAGCCGTCCTGCTT-1_contig_1,True,568,TRA,TRAV12-1,None,TRAJ48,TRAC,True,True,CALSDAGDYGNEKITF,TGTGCTCTGAGTGATGCAGGAGACTATGGAAATGAGAAAATAACTTTT,2470,2,clonotype257,clonotype257_consensus_1
AGCAGCCGTCCTGCTT-1,True,AGCAGCCGTCCTGCTT-1_contig_2,True,562,TRB,TRBV16,None,TRBJ2-5,None,False,False,CKQLRGLPRHPVLW,TGCAAGCAGCTTAGGGGGCTACCAAGACACCCAGTACTTTGG,2690,2,clonotype257,None
AGCAGCCGTTCTGTTT-1,True,AGCAGCCGTTCTGTTT-1_contig_1,True,505,TRB,TRBV13-1,None,TRBJ2-4,None,True,True,CASSEGTNTLYF,TGTGCCAGCAGTGAAGGAACAAACACCTTGTACTTT,2606,2,clonotype6,clonotype6_consensus_1
AGCAGCCTCTCGCATC-1,True,AGCAGCCTCTCGCATC-1_contig_1,True,549,TRB,TRBV16,None,TRBJ2-5,None,True,True,CASSLGGYQDTQYF,TGTGCAAGCAGCTTAGGGGGCTACCAAGACACCCAGTACTTT,8854,13,clonotype28,clonotype28_consensus_2
AGCAGCCTCTCGCATC-1,True,AGCAGCCTCTCGCATC-1_contig_2,True,555,TRA,TRAV4-3,None,TRAJ27,TRAC,True,True,CAAANTNTGKLTF,TGTGCTGCTGCTAACACCAATACAGGCAAATTAACCTTT,6110,6,clonotype28,clonotype28_consensus_1
AGCATACAGTGTGGCA-1,True,AGCATACAGTGTGGCA-1_contig_1,True,558,TRA,TRAV19,None,TRAJ39,TRAC,True,True,CAAGGNNAGAKLTF,TGCGCAGCAGGTGGGAATAATGCAGGTGCCAAGCTCACATTC,2178,3,clonotype19,clonotype19_consensus_1
AGCATACAGTGTGGCA-1,True,AGCATACAGTGTGGCA-1_contig_2,True,308,TRB,None,None,TRBJ2-5,None,False,False,None,None,4578,2,clonotype19,None
AGCATACCACCGAAAG-1,True,AGCATACCACCGAAAG-1_contig_1,True,537,TRA,TRAV3-3,None,TRAJ49,TRAC,True,True,CAVSGSTGYQNFYF,TGCGCAGTCAGTGGGAGCACGGGTTACCAGAACTTCTATTTT,12208,12,clonotype5,clonotype5_consensus_1
AGCATACCACCGAAAG-1,True,AGCATACCACCGAAAG-1_contig_2,True,581,TRB,TRBV12-2+TRBV13-2,None,TRBJ2-7,None,True,True,CASGVQGWEQYF,TGTGCCAGCGGTGTACAGGGGTGGGAACAGTACTTC,16716,22,clonotype5,clonotype5_consensus_2
AGCATACCACCGAAAG-1,True,AGCATACCACCGAAAG-1_contig_3,True,554,TRA,TRAV6D-5,None,TRAJ38,TRAC,True,False,CTTVFWDNVGDNSKLIW,TGTACTACTGTGTTCTGGGATAATGTTGGTGACAACAGTAAGCTGATTTGG,4984,6,clonotype5,None
AGCATACTCATCATTC-1,True,AGCATACTCATCATTC-1_contig_1,True,555,TRA,TRAV6-6,None,TRAJ24,TRAC,True,True,CAPLTTASLGKLQF,TGTGCTCCGTTGACAACTGCCAGTTTGGGGAAACTGCAGTTT,3044,4,clonotype2,clonotype2_consensus_2
AGCATACTCATCATTC-1,True,AGCATACTCATCATTC-1_contig_2,True,512,TRB,TRBV13-1,None,TRBJ2-4,None,True,True,CASSEGTNTLYF,TGTGCCAGCAGTGAAGGAACAAACACCTTGTACTTT,10318,9,clonotype2,clonotype2_consensus_1
AGCATACTCATCATTC-1,True,AGCATACTCATCATTC-1_contig_3,True,430,TRA,TRAV9D-2,None,TRAJ26,TRAC,True,False,CVLSRGNNYAQGLTF,TGTGTTCTGAGCAGGGGCAATAACTATGCCCAGGGATTAACCTTC,5788,6,clonotype2,None
AGCCTAACAAACTGTC-1,True,AGCCTAACAAACTGTC-1_contig_1,True,635,TRA,TRAV9D-1,None,TRAJ22,TRAC,True,True,CAVRESSGSWQLIF,TGTGCTGTGAGGGAATCTTCTGGCAGCTGGCAACTCATCTTT,3694,5,clonotype258,clonotype258_consensus_1
AGCCTAACAAACTGTC-1,True,AGCCTAACAAACTGTC-1_contig_2,True,505,TRB,TRBV13-1,None,TRBJ2-3,None,True,True,CASGDSAETLYF,TGTGCCAGCGGGGACAGTGCAGAAACGCTGTATTTT,37800,30,clonotype258,clonotype258_consensus_2
AGCCTAACAAACTGTC-1,True,AGCCTAACAAACTGTC-1_contig_3,True,527,TRA,TRAV11,None,TRAJ26,TRAC,True,True,CVVGNYAQGLTF,TGTGTGGTGGGGAACTATGCCCAGGGATTAACCTTC,2524,3,clonotype258,clonotype258_consensus_3
AGCCTAACAAACTGTC-1,True,AGCCTAACAAACTGTC-1_contig_4,True,315,TRB,TRBV13-2,None,TRBJ2-3,None,True,False,CASGDSAETLYF,TGTGCCAGCGGGGACAGTGCAGAAACGCTGTATTTT,674,1,clonotype258,clonotype258_consensus_2
AGCCTAACAAACTGTC-1,True,AGCCTAACAAACTGTC-1_contig_5,True,372,TRB,None,None,TRBJ1-6,TRBC1,False,False,None,None,3096,2,clonotype258,None
AGCCTAACAAGCTGAG-1,True,AGCCTAACAAGCTGAG-1_contig_1,True,543,TRA,TRAV6-6,None,TRAJ24,TRAC,True,True,CAPLTTASLGKLQF,TGTGCTCCGTTGACAACTGCCAGTTTGGGGAAACTGCAGTTT,4614,4,clonotype3,clonotype3_consensus_2
AGCCTAACAAGCTGAG-1,True,AGCCTAACAAGCTGAG-1_contig_2,True,505,TRB,TRBV13-1,None,TRBJ2-4,None,True,True,CASSEGTNTLYF,TGTGCCAGCAGTGAAGGAACAAACACCTTGTACTTT,31482,24,clonotype3,clonotype3_consensus_1
AGCCTAACAAGCTGAG-1,True,AGCCTAACAAGCTGAG-1_contig_3,True,670,TRA,TRAV9D-2,None,TRAJ26,TRAC,True,True,CVLSRGNNYAQGLTF,TGTGTTCTGAGCAGGGGCAATAACTATGCCCAGGGATTAACCTTC,12506,7,clonotype3,clonotype3_consensus_3
AGCCTAAGTAGCCTAT-1,True,AGCCTAAGTAGCCTAT-1_contig_1,True,537,TRA,TRAV3-3,None,TRAJ49,TRAC,True,True,CAVSGSTGYQNFYF,TGCGCAGTCAGTGGGAGCACGGGTTACCAGAACTTCTATTTT,3790,2,clonotype33,clonotype33_consensus_1
AGCCTAAGTAGCCTAT-1,True,AGCCTAAGTAGCCTAT-1_contig_2,True,323,TRB,None,None,TRBJ1-2,TRBC1,False,False,None,None,7848,3,clonotype33,None
AGCCTAAGTCCGAACC-1,True,AGCCTAAGTCCGAACC-1_contig_1,True,517,TRA,TRAV6-6,None,TRAJ24,TRAC,True,True,CAPLTTASLGKLQF,TGTGCTCCGTTGACAACTGCCAGTTTGGGGAAACTGCAGTTT,3748,2,clonotype2,clonotype2_consensus_2
AGCCTAAGTCCGAACC-1,True,AGCCTAAGTCCGAACC-1_contig_2,True,512,TRB,TRBV13-1,None,TRBJ2-4,None,True,True,CASSEGTNTLYF,TGTGCCAGCAGTGAAGGAACAAACACCTTGTACTTT,8532,8,clonotype2,clonotype2_consensus_1
AGCCTAAGTCCGAACC-1,True,AGCCTAAGTCCGAACC-1_contig_3,True,831,TRA,TRAV9D-2,None,TRAJ26,TRAC,True,False,CVLSRGNNYAQGLTF,TGTGTTCTGAGCAGGGGCAATAACTATGCCCAGGGATTAACCTTC,896,2,clonotype2,None
AGCCTAAGTCCGAACC-1,True,AGCCTAAGTCCGAACC-1_contig_4,True,371,TRB,None,None,TRBJ2-7,None,False,False,None,None,3478,2,clonotype2,None
AGCCTAAGTGAAAGAG-1,True,AGCCTAAGTGAAAGAG-1_contig_1,True,555,TRA,TRAV3-3,None,TRAJ49,TRAC,True,True,CAVSGATGYQNFYF,TGCGCAGTCAGTGGGGCCACGGGTTACCAGAACTTCTATTTT,15128,8,clonotype10,clonotype10_consensus_3
AGCCTAAGTGAAAGAG-1,True,AGCCTAAGTGAAAGAG-1_contig_2,True,507,TRA,TRAV21-DV12,None,TRAJ42,TRAC,True,True,CILRVHGGSNAKLTF,TGTATCCTGAGAGTCCATGGAGGAAGCAATGCAAAGCTAACCTTC,29608,14,clonotype10,clonotype10_consensus_1
AGCCTAAGTGAAAGAG-1,True,AGCCTAAGTGAAAGAG-1_contig_3,True,561,TRB,TRBV12-2+TRBV13-2,None,TRBJ2-7,None,True,True,CASGVQGEQYF,TGTGCCAGCGGTGTTCAGGGAGAACAGTACTTC,2996,3,clonotype10,clonotype10_consensus_2
AGCCTAAGTGAAAGAG-1,True,AGCCTAAGTGAAAGAG-1_contig_4,True,339,TRB,None,None,TRBJ2-1,None,False,False,None,None,10118,9,clonotype10,None
AGCCTAAGTTCACGGC-1,True,AGCCTAAGTTCACGGC-1_contig_1,True,555,TRA,TRAV7-3,None,TRAJ38,TRAC,True,True,CAVSAANVGDNSKLIW,TGTGCAGTGAGCGCGGCGAATGTTGGTGACAACAGTAAGCTGATTTGG,13202,7,clonotype21,clonotype21_consensus_3
AGCCTAAGTTCACGGC-1,True,AGCCTAAGTTCACGGC-1_contig_2,True,505,TRB,TRBV13-1,None,TRBJ2-7,None,True,True,CASSGGHLEQYF,TGTGCCAGCAGTGGGGGACACCTTGAACAGTACTTC,12348,8,clonotype21,clonotype21_consensus_2
AGCCTAAGTTCACGGC-1,True,AGCCTAAGTTCACGGC-1_contig_3,True,522,TRA,TRAV7N-6,None,TRAJ34,TRAC,True,True,CAISSNTNKVVF,TGTGCAATTTCTTCCAATACCAACAAAGTCGTCTTT,3550,3,clonotype21,clonotype21_consensus_1
AGCCTAATCATGCTCC-1,True,AGCCTAATCATGCTCC-1_contig_1,True,558,TRA,TRAV19,None,TRAJ39,TRAC,True,True,CAAGGNNAGAKLTF,TGCGCAGCAGGTGGGAATAATGCAGGTGCCAAGCTCACATTC,6892,5,clonotype1,clonotype1_consensus_2
AGCCTAATCATGCTCC-1,True,AGCCTAATCATGCTCC-1_contig_2,True,569,TRB,TRBV12-2+TRBV13-2,None,TRBJ1-2,TRBC1,True,True,CASGGGTGNSDYTF,TGTGCCAGCGGTGGGGGGACAGGGAACTCCGACTACACCTTC,6144,5,clonotype1,clonotype1_consensus_1
AGCCTAATCATGTAGC-1,True,AGCCTAATCATGTAGC-1_contig_1,True,516,TRA,TRAV6-6,None,TRAJ24,TRAC,True,True,CAPLTTASLGKLQF,TGTGCTCCGTTGACAACTGCCAGTTTGGGGAAACTGCAGTTT,8794,5,clonotype3,clonotype3_consensus_2
AGCCTAATCATGTAGC-1,True,AGCCTAATCATGTAGC-1_contig_2,True,505,TRB,TRBV13-1,None,TRBJ2-4,None,True,True,CASSEGTNTLYF,TGTGCCAGCAGTGAAGGAACAAACACCTTGTACTTT,17546,13,clonotype3,clonotype3_consensus_1
AGCCTAATCATGTAGC-1,True,AGCCTAATCATGTAGC-1_contig_3,True,749,TRA,TRAV9D-2,None,TRAJ26,TRAC,True,True,CVLSRGNNYAQGLTF,TGTGTTCTGAGCAGGGGCAATAACTATGCCCAGGGATTAACCTTC,25672,12,clonotype3,clonotype3_consensus_3
AGCCTAATCATGTAGC-1,True,AGCCTAATCATGTAGC-1_contig_4,True,360,TRB,None,None,TRBJ2-7,None,False,False,None,None,4576,3,clonotype3,None
AGCCTAATCCGGGTGT-1,True,AGCCTAATCCGGGTGT-1_contig_1,True,533,TRA,TRAV6-6,None,TRAJ24,TRAC,True,True,CAPLTTASLGKLQF,TGTGCTCCGTTGACAACTGCCAGTTTGGGGAAACTGCAGTTT,7918,14,clonotype2,clonotype2_consensus_2
AGCCTAATCCGGGTGT-1,True,AGCCTAATCCGGGTGT-1_contig_2,True,505,TRB,TRBV13-1,None,TRBJ2-4,None,True,True,CASSEGTNTLYF,TGTGCCAGCAGTGAAGGAACAAACACCTTGTACTTT,43082,29,clonotype2,clonotype2_consensus_1
AGCCTAATCCGGGTGT-1,True,AGCCTAATCCGGGTGT-1_contig_3,True,389,TRB,None,None,TRBJ2-7,None,False,False,None,None,3726,2,clonotype2,None
AGCCTAATCGTACCGG-1,True,AGCCTAATCGTACCGG-1_contig_1,True,571,TRA,TRAV14N-3,None,TRAJ6,TRAC,True,True,CAARTSGGNYKPTF,TGTGCAGCAAGAACCTCAGGAGGAAACTACAAACCTACGTTT,12768,8,clonotype4,clonotype4_consensus_2
AGCCTAATCGTACCGG-1,True,AGCCTAATCGTACCGG-1_contig_2,True,549,TRA,TRAV8N-2,None,TRAJ13,TRAC,True,True,CATEDSGTYQRF,TGTGCTACTGAGGATTCTGGGACTTACCAGAGGTTT,33592,27,clonotype4,clonotype4_consensus_1
AGCCTAATCGTACCGG-1,True,AGCCTAATCGTACCGG-1_contig_3,True,566,TRB,TRBV12-2+TRBV13-2,None,TRBJ2-7,None,True,True,CASGTGGDYEQYF,TGTGCCAGCGGGACTGGGGGGGACTATGAACAGTACTTC,30134,36,clonotype4,clonotype4_consensus_3
AGCGGTCAGAACAATC-1,True,AGCGGTCAGAACAATC-1_contig_1,True,555,TRA,TRAV4-3,None,TRAJ27,TRAC,True,True,CAAANTNTGKLTF,TGTGCTGCTGCTAACACCAATACAGGCAAATTAACCTTT,5240,6,clonotype259,clonotype259_consensus_1
AGCGGTCAGGCTCATT-1,True,AGCGGTCAGGCTCATT-1_contig_1,True,549,TRB,TRBV16,None,TRBJ2-5,None,True,True,CASSLGGGQDTQYF,TGTGCAAGCAGCTTAGGGGGGGGCCAAGACACCCAGTACTTT,18718,16,clonotype8,clonotype8_consensus_1
AGCGGTCAGGCTCATT-1,True,AGCGGTCAGGCTCATT-1_contig_2,True,560,TRA,TRAV4D-3,None,TRAJ27,TRAC,True,True,CAADGPNTGKLTF,TGTGCTGCGGACGGACCCAATACAGGCAAATTAACCTTT,13038,8,clonotype8,clonotype8_consensus_2
AGCGGTCAGGCTCATT-1,True,AGCGGTCAGGCTCATT-1_contig_3,True,525,TRA,TRAV7N-6,None,TRAJ30,TRAC,True,True,CAVVDTNAYKVIF,TGTGCAGTGGTTGACACAAATGCTTACAAAGTCATCTTT,21984,12,clonotype8,clonotype8_consensus_3
AGCGGTCAGGCTCATT-1,True,AGCGGTCAGGCTCATT-1_contig_4,True,370,TRB,None,None,TRBJ1-6,TRBC1,False,False,None,None,4542,5,clonotype8,None
AGCGGTCCAAAGCAAT-1,True,AGCGGTCCAAAGCAAT-1_contig_1,True,528,TRA,TRAV19,None,TRAJ39,TRAC,True,True,CAAGGNNAGAKLTF,TGCGCAGCAGGTGGGAATAATGCAGGTGCCAAGCTCACATTC,4228,3,clonotype1,clonotype1_consensus_2
AGCGGTCCAAAGCAAT-1,True,AGCGGTCCAAAGCAAT-1_contig_2,True,566,TRB,TRBV12-2+TRBV13-2,None,TRBJ1-2,TRBC1,True,True,CASGGGTGNSDYTF,TGTGCCAGCGGTGGGGGGACAGGGAACTCCGACTACACCTTC,14146,11,clonotype1,clonotype1_consensus_1
AGCGGTCCAAGTAATG-1,True,AGCGGTCCAAGTAATG-1_contig_1,True,528,TRA,TRAV8-1,None,TRAJ30,TRAC,True,True,CATDTNAYKVIF,TGTGCTACTGACACAAATGCTTACAAAGTCATCTTT,7992,5,clonotype93,clonotype93_consensus_1
AGCGGTCCAAGTAATG-1,True,AGCGGTCCAAGTAATG-1_contig_2,True,565,TRB,TRBV12-2+TRBV13-2,None,TRBJ1-5,TRBC1,True,True,CASGTGDNQAPLF,TGTGCCAGCGGTACAGGGGATAACCAGGCTCCGCTTTTT,11616,12,clonotype93,clonotype93_consensus_2
AGCGGTCCAAGTAATG-1,True,AGCGGTCCAAGTAATG-1_contig_3,True,583,TRA,TRAV12-3,None,TRAJ22,TRAC,True,False,CALDFW,TGTGCTCTGGACTTCTGG,2592,1,clonotype93,None
AGCGGTCCAAGTAATG-1,True,AGCGGTCCAAGTAATG-1_contig_4,True,360,TRB,None,None,TRBJ2-7,None,False,False,None,None,4490,3,clonotype93,None
AGCGGTCCACATAACC-1,True,AGCGGTCCACATAACC-1_contig_1,True,577,TRA,TRAV8-1,None,TRAJ30,TRAC,True,True,CATDTNAYKVIF,TGTGCTACTGACACAAATGCTTACAAAGTCATCTTT,6204,6,clonotype13,clonotype13_consensus_1
AGCGGTCCACATAACC-1,True,AGCGGTCCACATAACC-1_contig_2,True,600,TRB,TRBV12-2+TRBV13-2,None,TRBJ1-5,TRBC1,True,True,CASGTGDNQAPLF,TGTGCCAGCGGGACAGGGGACAACCAGGCTCCGCTTTTT,9434,11,clonotype13,clonotype13_consensus_2
AGCGGTCCAGGTTTCA-1,True,AGCGGTCCAGGTTTCA-1_contig_1,True,547,TRB,TRBV10,None,TRBJ1-1,TRBC1,True,True,CASSYRQVANTEVFF,TGTGCCAGCAGCTACCGGCAGGTTGCAAACACAGAAGTCTTCTTT,4512,3,clonotype260,clonotype260_consensus_2
AGCGGTCCAGGTTTCA-1,True,AGCGGTCCAGGTTTCA-1_contig_2,True,570,TRA,TRAV14-2,None,TRAJ31,TRAC,True,True,CAAGGNSNNRIFF,TGTGCAGCAGGAGGGAATAGCAATAACAGAATCTTCTTT,5950,3,clonotype260,clonotype260_consensus_1
AGCGGTCCAGGTTTCA-1,True,AGCGGTCCAGGTTTCA-1_contig_3,True,337,TRB,None,None,TRBJ2-7,None,False,False,None,None,2374,1,clonotype260,None
AGCGGTCCAGGTTTCA-1,True,AGCGGTCCAGGTTTCA-1_contig_4,True,561,TRB,None,None,TRBJ2-1,None,False,False,None,None,3464,3,clonotype260,None
AGCGGTCCATTCCTCG-1,True,AGCGGTCCATTCCTCG-1_contig_1,True,550,TRA,TRAV6-6,None,TRAJ24,TRAC,True,True,CAPLTTASLGKLQF,TGTGCTCCGTTGACAACTGCCAGTTTGGGGAAACTGCAGTTT,7444,5,clonotype3,clonotype3_consensus_2
AGCGGTCCATTCCTCG-1,True,AGCGGTCCATTCCTCG-1_contig_2,True,512,TRB,TRBV13-1,None,TRBJ2-4,None,True,True,CASSEGTNTLYF,TGTGCCAGCAGTGAAGGAACAAACACCTTGTACTTT,19458,17,clonotype3,clonotype3_consensus_1
AGCGGTCCATTCCTCG-1,True,AGCGGTCCATTCCTCG-1_contig_3,True,757,TRA,TRAV9D-2,None,TRAJ26,TRAC,True,True,CVLSRGNNYAQGLTF,TGTGTTCTGAGCAGGGGCAATAACTATGCCCAGGGATTAACCTTC,3016,2,clonotype3,clonotype3_consensus_3
AGCGGTCGTAGCGCTC-1,True,AGCGGTCGTAGCGCTC-1_contig_1,True,526,TRA,TRAV7D-5,None,TRAJ16,TRAC,True,True,CAVSSPATSSGQKLVF,TGTGCAGTGAGCAGCCCCGCAACTTCAAGTGGCCAGAAGCTGGTTTTT,13680,6,clonotype30,clonotype30_consensus_2
AGCGGTCGTAGCGCTC-1,True,AGCGGTCGTAGCGCTC-1_contig_2,True,575,TRB,TRBV12-2,None,TRBJ1-2,TRBC1,True,True,CASSLSTGGVNSDYTF,TGTGCCAGCTCTCTATCGACAGGGGGCGTGAACTCCGACTACACCTTC,11892,11,clonotype30,clonotype30_consensus_1
AGCGGTCGTAGCGCTC-1,True,AGCGGTCGTAGCGCTC-1_contig_3,True,539,TRA,TRAV6-3,None,TRAJ6,TRAC,True,False,CYESPPSGGNYKPTF,TGCTATGAGAGCCCCCCCTCAGGAGGAAACTACAAACCTACGTTT,2438,2,clonotype30,None
AGCGGTCGTGGTACAG-1,True,AGCGGTCGTGGTACAG-1_contig_1,True,549,TRB,TRBV16,None,TRBJ2-5,None,True,True,CASSFGGAPDTQYF,TGTGCAAGCAGCTTTGGGGGGGCGCCAGACACCCAGTACTTT,7756,9,clonotype17,clonotype17_consensus_2
AGCGGTCGTGGTACAG-1,True,AGCGGTCGTGGTACAG-1_contig_2,True,600,TRA,TRAV14-2,None,TRAJ49,TRAC,True,True,CAAQGYQNFYF,TGTGCAGCACAGGGTTACCAGAACTTCTATTTT,2742,2,clonotype17,clonotype17_consensus_3
AGCGGTCGTGGTACAG-1,True,AGCGGTCGTGGTACAG-1_contig_3,True,566,TRA,TRAV4D-4,None,TRAJ45,TRAC,True,True,CAAYTEGADRLTF,TGTGCTGCCTATACAGAAGGTGCAGATAGACTCACCTTT,6526,5,clonotype17,clonotype17_consensus_1
AGCGGTCGTGTGACCC-1,True,AGCGGTCGTGTGACCC-1_contig_1,True,539,TRA,TRAV8-1,None,TRAJ30,TRAC,True,True,CATDTNAYKVIF,TGTGCTACTGACACAAATGCTTACAAAGTCATCTTT,7430,5,clonotype99,clonotype99_consensus_1
AGCGGTCGTGTGACCC-1,True,AGCGGTCGTGTGACCC-1_contig_2,True,566,TRB,TRBV12-2+TRBV13-2,None,TRBJ1-5,TRBC1,True,True,CASGTGDNQAPLF,TGTGCCAGCGGGACAGGGGATAACCAGGCTCCGCTTTTT,2092,5,clonotype99,clonotype99_consensus_2
AGCGGTCTCTCGCTTG-1,True,AGCGGTCTCTCGCTTG-1_contig_1,True,587,TRB,TRBV12-2+TRBV13-2,None,TRBJ1-5,TRBC1,True,True,CASGTGDNQAPLF,TGTGCCAGCGGTACAGGAGACAACCAGGCTCCGCTTTTT,10460,8,clonotype39,clonotype39_consensus_1
AGCGGTCTCTCGCTTG-1,True,AGCGGTCTCTCGCTTG-1_contig_2,True,526,TRA,TRAV6N-7,None,TRAJ48,TRAC,True,False,CTTVLWVINYGNEKITF,TGTACTACTGTGCTCTGGGTGATCAACTATGGAAATGAGAAAATAACTTTT,6810,5,clonotype39,None
AGCGTATCAACTGCTA-1,True,AGCGTATCAACTGCTA-1_contig_1,True,502,TRA,TRAV7-5,None,TRAJ33,TRAC,True,True,CAVDSNYQLIW,TGTGCAGTGGACAGCAACTATCAGTTGATCTGG,12940,12,clonotype67,clonotype67_consensus_2
AGCGTATCAACTGCTA-1,True,AGCGTATCAACTGCTA-1_contig_2,True,519,TRA,TRAV8-1,None,TRAJ30,TRAC,True,True,CATDTNAYKVIF,TGTGCTACTGACACAAATGCTTACAAAGTCATCTTT,8092,8,clonotype67,clonotype67_consensus_1
AGCGTATCAACTGCTA-1,True,AGCGTATCAACTGCTA-1_contig_3,True,576,TRB,TRBV12-2+TRBV13-2,None,TRBJ1-5,TRBC1,True,True,CASGTGDNQAPLF,TGTGCCAGCGGTACCGGGGACAACCAGGCTCCGCTTTTT,29704,45,clonotype67,clonotype67_consensus_3
AGCGTATCAACTGCTA-1,True,AGCGTATCAACTGCTA-1_contig_4,True,353,TRB,None,None,TRBJ2-1,None,False,False,None,None,25952,24,clonotype67,None
AGCGTATCATGTCCTC-1,True,AGCGTATCATGTCCTC-1_contig_1,True,567,TRA,TRAV16D-DV11,None,TRAJ26,TRAC,True,True,CAMREENNYAQGLTF,TGTGCTATGAGAGAGGAAAATAACTATGCCCAGGGATTAACCTTC,10144,6,clonotype12,clonotype12_consensus_2
AGCGTATCATGTCCTC-1,True,AGCGTATCATGTCCTC-1_contig_2,True,505,TRB,TRBV13-1,None,TRBJ2-3,None,True,True,CASGDSAETLYF,TGTGCCAGCGGGGACAGTGCAGAAACGCTGTATTTT,25474,19,clonotype12,clonotype12_consensus_1
AGCGTATCATGTCCTC-1,True,AGCGTATCATGTCCTC-1_contig_3,True,567,TRA,TRAV3D-3,None,TRAJ28,TRAC,True,False,CTSAQSVRGTGSNRLTF,TGTACTTCTGCGCAGTCAGTGAGGGGCACTGGGAGTAACAGGCTCACTTTT,3228,2,clonotype12,None
AGCGTATCATGTCCTC-1,True,AGCGTATCATGTCCTC-1_contig_4,True,442,TRB,None,None,TRBJ1-6,TRBC1,False,False,None,None,7788,7,clonotype12,None
AGCGTATGTAAGGATT-1,True,AGCGTATGTAAGGATT-1_contig_1,True,692,TRB,TRBV19,None,TRBJ2-1,None,True,True,CASSIDYAEQFF,TGTGCCAGCAGTATAGACTATGCTGAGCAGTTCTTC,16226,14,clonotype261,clonotype261_consensus_1
AGCGTATGTAAGGATT-1,True,AGCGTATGTAAGGATT-1_contig_2,True,573,Multi,TRDV1,None,TRAJ43,TRAC,True,False,CGGKAWDNNAPRF,TGTGGAGGGAAAGCTTGGGACAACAATGCCCCACGATTT,10570,7,clonotype261,None
AGCGTATGTAAGGATT-1,True,AGCGTATGTAAGGATT-1_contig_3,True,595,TRA,TRAV5-4,None,TRAJ43,TRAC,True,False,None,None,1346,1,clonotype261,None
AGCGTATGTAAGGATT-1,True,AGCGTATGTAAGGATT-1_contig_4,True,322,TRB,None,None,TRBJ2-7,None,False,False,None,None,3634,2,clonotype261,None
AGCGTATGTCTGCAAT-1,True,AGCGTATGTCTGCAAT-1_contig_1,True,595,TRB,TRBV12-2,None,TRBJ2-5,None,True,True,CASSLQGVQDTQYF,TGTGCCAGCTCTCTCCAGGGGGTCCAAGACACCCAGTACTTT,7534,5,clonotype75,clonotype75_consensus_1
AGCGTATTCTACCTGC-1,True,AGCGTATTCTACCTGC-1_contig_1,True,558,TRA,TRAV19,None,TRAJ39,TRAC,True,True,CAAGGNNAGAKLTF,TGCGCAGCAGGTGGGAATAATGCAGGTGCCAAGCTCACATTC,11748,9,clonotype1,clonotype1_consensus_2
AGCGTATTCTACCTGC-1,True,AGCGTATTCTACCTGC-1_contig_2,True,568,TRB,TRBV12-2+TRBV13-2,None,TRBJ1-2,TRBC1,True,True,CASGGGTGNSDYTF,TGTGCCAGCGGTGGGGGGACAGGGAACTCCGACTACACCTTC,12690,11,clonotype1,clonotype1_consensus_1
AGCGTATTCTACCTGC-1,True,AGCGTATTCTACCTGC-1_contig_3,True,336,TRB,None,None,TRBJ2-1,None,False,False,None,None,12118,9,clonotype1,None
AGCGTCGAGGCTATCT-1,True,AGCGTCGAGGCTATCT-1_contig_1,True,549,TRA,TRAV3-3,None,TRAJ31,TRAC,True,True,CAVSAGNNRIFF,TGCGCAGTCAGTGCAGGCAATAACAGAATCTTCTTT,4316,6,clonotype34,clonotype34_consensus_2
AGCGTCGAGGCTATCT-1,True,AGCGTCGAGGCTATCT-1_contig_2,True,515,TRB,TRBV13-1,None,TRBJ2-3,None,True,True,CASEGQGAETLYF,TGTGCCAGCGAGGGACAGGGTGCAGAAACGCTGTATTTT,6662,14,clonotype34,clonotype34_consensus_1
AGCGTCGAGGCTATCT-1,True,AGCGTCGAGGCTATCT-1_contig_3,True,332,TRA,None,None,TRAJ47,TRAC,False,False,None,None,1766,1,clonotype34,None
AGCGTCGGTACGAAAT-1,True,AGCGTCGGTACGAAAT-1_contig_1,True,538,TRA,TRAV8-1,None,TRAJ30,TRAC,True,True,CATDTNAYKVIF,TGTGCTACTGACACAAATGCTTACAAAGTCATCTTT,1752,7,clonotype262,clonotype262_consensus_1
AGCGTCGGTACGAAAT-1,True,AGCGTCGGTACGAAAT-1_contig_2,True,585,TRB,TRBV12-2+TRBV13-2,None,TRBJ1-5,TRBC1,True,True,CASGTGDNQAPLF,TGTGCCAGCGGGACAGGGGACAACCAGGCTCCGCTTTTT,1866,3,clonotype262,clonotype262_consensus_2
AGCGTCGGTACGAAAT-1,True,AGCGTCGGTACGAAAT-1_contig_3,True,585,TRB,TRBV12-2+TRBV13-2,None,TRBJ1-5,TRBC1,True,True,CASGTGDNQAPLF,TGTGCCAGCGGGACAGGGGATAACCAGGCTCCGCTTTTT,2132,4,clonotype262,clonotype262_consensus_3
AGCGTCGGTACGAAAT-1,True,AGCGTCGGTACGAAAT-1_contig_4,True,780,TRB,None,None,TRBJ2-4,None,False,False,None,None,2312,4,clonotype262,None
AGCGTCGGTCTAGAGG-1,True,AGCGTCGGTCTAGAGG-1_contig_1,True,519,TRA,TRAV6-6,None,TRAJ24,TRAC,True,True,CAPLTTASLGKLQF,TGTGCTCCGTTGACAACTGCCAGTTTGGGGAAACTGCAGTTT,2508,4,clonotype2,clonotype2_consensus_2
AGCGTCGGTCTAGAGG-1,True,AGCGTCGGTCTAGAGG-1_contig_2,True,509,TRB,TRBV13-1,None,TRBJ2-4,None,True,True,CASSEGTNTLYF,TGTGCCAGCAGTGAAGGAACAAACACCTTGTACTTT,562,2,clonotype2,clonotype2_consensus_1
AGCTCCTAGATCCCAT-1,True,AGCTCCTAGATCCCAT-1_contig_1,True,507,TRA,TRAV9D-2,None,TRAJ26,TRAC,True,True,CVLSRGNNYAQGLTF,TGTGTTCTGAGCAGGGGCAATAACTATGCCCAGGGATTAACCTTC,3380,3,clonotype263,clonotype263_consensus_1
AGCTCCTAGATCCCAT-1,True,AGCTCCTAGATCCCAT-1_contig_2,True,709,TRA,TRAV6-6,None,TRAJ30,None,True,False,CAPLTT,TGTGCTCCGTTGACAACT,1286,1,clonotype263,None
AGCTCCTAGTTAACGA-1,True,AGCTCCTAGTTAACGA-1_contig_1,True,509,TRB,TRBV13-1,None,TRBJ2-7,None,True,True,CASSDPGQGYF,TGTGCCAGCAGTGATCCGGGACAGGGTTACTTC,20360,15,clonotype80,clonotype80_consensus_1
AGCTCCTAGTTAACGA-1,True,AGCTCCTAGTTAACGA-1_contig_2,True,533,TRA,TRAV16N,None,TRAJ22,TRAC,True,True,CAMREGGSSGSWQLIF,TGTGCTATGAGAGAGGGAGGATCTTCTGGCAGCTGGCAACTCATCTTT,2166,2,clonotype80,clonotype80_consensus_2
AGCTCCTAGTTAACGA-1,True,AGCTCCTAGTTAACGA-1_contig_3,True,417,TRA,TRAV3-1,None,TRAJ34,TRAC,True,False,CAALLFQ,TGCGCAGCCCTTCTCTTCCAA,1700,1,clonotype80,None
AGCTCCTCAGGATCGA-1,True,AGCTCCTCAGGATCGA-1_contig_1,True,547,TRA,TRAV8-1,None,TRAJ6,TRAC,True,True,CATDGASGGNYKPTF,TGTGCTACTGATGGGGCCTCAGGAGGAAACTACAAACCTACGTTT,3858,3,clonotype264,clonotype264_consensus_1
AGCTCCTCAGGATCGA-1,True,AGCTCCTCAGGATCGA-1_contig_2,True,515,TRB,TRBV13-1,None,TRBJ2-1,None,True,True,CASTGGDYAEQFF,TGTGCCAGCACTGGGGGGGACTATGCTGAGCAGTTCTTC,14422,13,clonotype264,clonotype264_consensus_2
AGCTCCTCAGGATCGA-1,True,AGCTCCTCAGGATCGA-1_contig_3,True,566,TRA,TRAV14N-3,None,TRAJ13,TRAC,True,False,CAAPEILGLTRGLEL,TGTGCAGCGCCCGAAATTCTGGGACTTACCAGAGGTTTGGAACTG,1582,2,clonotype264,None
AGCTCCTGTGTCCTCT-1,True,AGCTCCTGTGTCCTCT-1_contig_1,True,549,TRB,TRBV16,None,TRBJ2-7,None,True,True,CASSFGGGADEQYF,TGTGCAAGCAGCTTTGGTGGGGGGGCGGATGAACAGTACTTC,8942,9,clonotype20,clonotype20_consensus_2
AGCTCCTGTGTCCTCT-1,True,AGCTCCTGTGTCCTCT-1_contig_2,True,517,TRA,TRAV13D-2,None,TRAJ11,TRAC,True,True,CAIDLDSGYNKLTF,TGTGCTATAGATCTTGACTCGGGATACAACAAACTCACTTTT,5762,4,clonotype20,clonotype20_consensus_1
AGCTCCTGTGTCCTCT-1,True,AGCTCCTGTGTCCTCT-1_contig_3,True,511,TRB,TRBV13-1,None,TRBJ1-2,TRBC1,True,False,None,None,2156,1,clonotype20,None
AGCTCCTGTGTGACGA-1,True,AGCTCCTGTGTGACGA-1_contig_1,True,542,TRA,TRAV8-1,None,TRAJ34,TRAC,True,True,CATDVSNTNKVVF,TGTGCTACTGATGTATCCAATACCAACAAAGTCGTCTTT,6186,4,clonotype82,clonotype82_consensus_2
AGCTCCTGTGTGACGA-1,True,AGCTCCTGTGTGACGA-1_contig_2,True,566,TRB,TRBV12-2+TRBV13-2,None,TRBJ1-5,TRBC1,True,True,CASGTGDNQAPLF,TGTGCCAGCGGGACAGGGGACAACCAGGCTCCGCTTTTT,12652,12,clonotype82,clonotype82_consensus_1
AGCTCCTGTGTGACGA-1,True,AGCTCCTGTGTGACGA-1_contig_3,True,356,TRB,None,None,TRBJ2-1,None,False,False,None,None,3740,3,clonotype82,None
AGCTCCTGTGTGACGA-1,True,AGCTCCTGTGTGACGA-1_contig_4,True,547,TRA,TRAV7D-3,None,TRAJ35,TRAC,True,False,None,None,2030,1,clonotype82,None
AGCTCCTTCAACGGGA-1,True,AGCTCCTTCAACGGGA-1_contig_1,True,505,TRB,TRBV13-1,None,TRBJ2-4,None,True,True,CASSEGTNTLYF,TGTGCCAGCAGTGAAGGAACAAACACCTTGTACTTT,4606,3,clonotype6,clonotype6_consensus_1
AGCTCCTTCTATCCCG-1,True,AGCTCCTTCTATCCCG-1_contig_1,True,573,TRA,TRAV19,None,TRAJ39,TRAC,True,True,CAAGGNNAGAKLTF,TGCGCAGCAGGTGGGAATAATGCAGGTGCCAAGCTCACATTC,7990,3,clonotype1,clonotype1_consensus_2
AGCTCCTTCTATCCCG-1,True,AGCTCCTTCTATCCCG-1_contig_2,True,568,TRB,TRBV12-2+TRBV13-2,None,TRBJ1-2,TRBC1,True,True,CASGGGTGNSDYTF,TGTGCCAGCGGTGGGGGGACAGGGAACTCCGACTACACCTTC,12476,12,clonotype1,clonotype1_consensus_1
AGCTCCTTCTATCCCG-1,True,AGCTCCTTCTATCCCG-1_contig_3,True,542,TRA,TRAV7-5,None,TRAJ45,TRAC,True,False,CSDTEGADRLTF,TGCAGTGATACAGAAGGTGCAGATAGACTCACCTTT,1788,1,clonotype1,None
AGCTCCTTCTATCCCG-1,True,AGCTCCTTCTATCCCG-1_contig_4,True,532,TRA,TRAV6D-5,None,TRAJ38,TRAC,True,False,CTTVFWDNVGDNSKLIW,TGTACTACTGTGTTCTGGGATAATGTTGGTGACAACAGTAAGCTGATTTGG,1190,1,clonotype1,None
AGCTCTCAGTCCATAC-1,True,AGCTCTCAGTCCATAC-1_contig_1,True,634,TRB,TRBV12-2+TRBV13-2,None,TRBJ1-4,TRBC1,True,True,CASGDAPERLFF,TGTGCCAGCGGTGATGCTCCCGAAAGATTATTTTTC,20360,15,clonotype41,clonotype41_consensus_1
AGCTCTCAGTCCATAC-1,True,AGCTCTCAGTCCATAC-1_contig_2,True,525,TRA,TRAV6-5,None,TRAJ30,TRAC,True,False,None,None,4240,2,clonotype41,None
AGCTCTCAGTCCATAC-1,True,AGCTCTCAGTCCATAC-1_contig_3,True,584,Multi,TRDV1,None,TRAJ43,TRAC,True,False,CGGLNNAPRF,TGTGGAGGCCTCAACAATGCCCCACGATTT,17088,11,clonotype41,None
AGCTCTCAGTCCATAC-1,True,AGCTCTCAGTCCATAC-1_contig_4,True,460,TRB,None,None,TRBJ2-4,None,False,False,None,None,9176,6,clonotype41,None
AGCTCTCAGTCCATAC-1,True,AGCTCTCAGTCCATAC-1_contig_5,True,438,TRA,None,None,TRAJ41,TRAC,False,False,None,None,2250,2,clonotype41,None
AGCTCTCAGTCCATAC-1,True,AGCTCTCAGTCCATAC-1_contig_6,True,429,TRB,None,None,TRBJ2-7,None,False,False,None,None,2786,3,clonotype41,None
AGCTCTCCACCGATAT-1,True,AGCTCTCCACCGATAT-1_contig_1,True,549,TRB,TRBV16,None,TRBJ2-5,None,True,True,CASSFGGGQDTQYF,TGTGCAAGCAGCTTCGGGGGCGGCCAAGACACCCAGTACTTT,3708,8,clonotype83,clonotype83_consensus_1
AGCTCTCCACCGATAT-1,True,AGCTCTCCACCGATAT-1_contig_2,True,542,Multi,TRDV2-2,None,TRAJ58,TRAC,True,False,CALMEPQGTGSKLSF,TGTGCTCTCATGGAGCCTCAAGGCACTGGGTCTAAGCTGTCATTT,8674,8,clonotype83,None
AGCTCTCCACCGATAT-1,True,AGCTCTCCACCGATAT-1_contig_3,True,660,TRB,None,None,TRBJ1-1,TRBC1,False,False,None,None,4700,3,clonotype83,None
AGCTCTCCATGCAATC-1,True,AGCTCTCCATGCAATC-1_contig_1,True,549,TRB,TRBV16,None,TRBJ2-5,None,True,True,CASSFGGGQDTQYF,TGTGCAAGCAGCTTCGGGGGCGGCCAAGACACCCAGTACTTT,4224,2,clonotype83,clonotype83_consensus_1
AGCTCTCCATGCAATC-1,True,AGCTCTCCATGCAATC-1_contig_2,True,533,Multi,TRDV2-2,None,TRAJ58,TRAC,True,False,CALMEPQGTGSKLSF,TGTGCTCTCATGGAGCCTCAAGGCACTGGGTCTAAGCTGTCATTT,2310,1,clonotype83,None
AGCTCTCCATGGTAGG-1,True,AGCTCTCCATGGTAGG-1_contig_1,True,517,TRA,TRAV6-6,None,TRAJ24,TRAC,True,True,CAPLTTASLGKLQF,TGTGCTCCGTTGACAACTGCCAGTTTGGGGAAACTGCAGTTT,1456,1,clonotype3,clonotype3_consensus_2
AGCTCTCCATGGTAGG-1,True,AGCTCTCCATGGTAGG-1_contig_2,True,512,TRB,TRBV13-1,None,TRBJ2-4,None,True,True,CASSEGTNTLYF,TGTGCCAGCAGTGAAGGAACAAACACCTTGTACTTT,15128,13,clonotype3,clonotype3_consensus_1
AGCTCTCCATGGTAGG-1,True,AGCTCTCCATGGTAGG-1_contig_3,True,739,TRA,TRAV9D-2,None,TRAJ26,TRAC,True,True,CVLSRGNNYAQGLTF,TGTGTTCTGAGCAGGGGCAATAACTATGCCCAGGGATTAACCTTC,2834,3,clonotype3,clonotype3_consensus_3
AGCTCTCTCGTTGACA-1,True,AGCTCTCTCGTTGACA-1_contig_1,True,516,TRA,TRAV19,None,TRAJ39,TRAC,True,True,CAAGGNNAGAKLTF,TGCGCAGCAGGTGGGAATAATGCAGGTGCCAAGCTCACATTC,4730,4,clonotype1,clonotype1_consensus_2
AGCTCTCTCGTTGACA-1,True,AGCTCTCTCGTTGACA-1_contig_2,True,568,TRB,TRBV12-2+TRBV13-2,None,TRBJ1-2,TRBC1,True,True,CASGGGTGNSDYTF,TGTGCCAGCGGTGGGGGGACAGGGAACTCCGACTACACCTTC,7458,8,clonotype1,clonotype1_consensus_1
AGCTCTCTCGTTGACA-1,True,AGCTCTCTCGTTGACA-1_contig_3,True,625,TRB,None,None,TRBJ2-7,None,False,False,None,None,3080,4,clonotype1,None
AGCTCTCTCGTTGACA-1,True,AGCTCTCTCGTTGACA-1_contig_4,True,355,TRB,None,None,TRBJ2-1,None,False,False,None,None,3422,2,clonotype1,None
AGCTCTCTCGTTGACA-1,True,AGCTCTCTCGTTGACA-1_contig_5,True,500,TRA,TRAV7-5,None,TRAJ45,TRAC,True,False,CSDTEGADRLTF,TGCAGTGATACAGAAGGTGCAGATAGACTCACCTTT,1964,1,clonotype1,None
AGCTTGAGTCCCGACA-1,True,AGCTTGAGTCCCGACA-1_contig_1,True,549,TRB,TRBV16,None,TRBJ2-5,None,True,True,CASSFGGAPDTQYF,TGTGCAAGCAGCTTTGGGGGGGCGCCAGACACCCAGTACTTT,3740,2,clonotype118,clonotype118_consensus_2
AGCTTGAGTCCCGACA-1,True,AGCTTGAGTCCCGACA-1_contig_2,True,561,TRA,TRAV4D-4,None,TRAJ45,TRAC,True,True,CAAYTEGADRLTF,TGTGCTGCCTATACAGAAGGTGCAGATAGACTCACCTTT,3418,5,clonotype118,clonotype118_consensus_1
AGCTTGAGTCCCGACA-1,True,AGCTTGAGTCCCGACA-1_contig_3,True,332,TRB,None,None,TRBJ2-1,None,False,False,None,None,3968,2,clonotype118,None
AGCTTGAGTCCCGACA-1,True,AGCTTGAGTCCCGACA-1_contig_4,True,368,TRB,None,None,TRBJ2-7,None,False,False,None,None,1766,1,clonotype118,None
AGCTTGAGTGTTTGTG-1,True,AGCTTGAGTGTTTGTG-1_contig_1,True,556,TRA,TRAV19,None,TRAJ39,TRAC,True,True,CAAGGNNAGAKLTF,TGCGCAGCAGGTGGGAATAATGCAGGTGCCAAGCTCACATTC,4834,4,clonotype1,clonotype1_consensus_2
AGCTTGAGTGTTTGTG-1,True,AGCTTGAGTGTTTGTG-1_contig_2,True,571,TRB,TRBV12-2+TRBV13-2,None,TRBJ1-2,TRBC1,True,True,CASGGGTGNSDYTF,TGTGCCAGCGGTGGGGGGACAGGGAACTCCGACTACACCTTC,6872,6,clonotype1,clonotype1_consensus_1
AGCTTGAGTGTTTGTG-1,True,AGCTTGAGTGTTTGTG-1_contig_3,True,353,TRB,None,None,TRBJ2-1,None,False,False,None,None,4990,4,clonotype1,None
AGCTTGAGTGTTTGTG-1,True,AGCTTGAGTGTTTGTG-1_contig_4,True,504,TRA,TRAV7-5,None,TRAJ45,TRAC,True,False,CSDTEGADRLTF,TGCAGTGATACAGAAGGTGCAGATAGACTCACCTTT,898,1,clonotype1,None
AGCTTGATCAAACGGG-1,True,AGCTTGATCAAACGGG-1_contig_1,True,547,TRA,TRAV16D-DV11,None,TRAJ44,TRAC,True,True,CAMRELTGSGGKLTL,TGTGCTATGAGAGAGCTTACTGGCAGTGGTGGAAAACTCACTTTG,1984,2,clonotype95,clonotype95_consensus_1
AGCTTGATCAAACGGG-1,True,AGCTTGATCAAACGGG-1_contig_2,True,509,TRB,TRBV13-1,None,TRBJ2-7,None,True,True,CASSGPLEQYF,TGTGCCAGCAGTGGGCCCCTGGAACAGTACTTC,13810,10,clonotype95,clonotype95_consensus_2
AGCTTGATCAAACGGG-1,True,AGCTTGATCAAACGGG-1_contig_3,True,366,TRB,None,None,TRBJ2-1,None,False,False,None,None,1990,3,clonotype95,None
AGCTTGATCAAACGGG-1,True,AGCTTGATCAAACGGG-1_contig_4,True,539,TRA,TRAV8D-2,None,TRAJ30,TRAC,True,False,None,None,3526,2,clonotype95,None
AGCTTGATCGTCACGG-1,True,AGCTTGATCGTCACGG-1_contig_1,True,515,TRB,TRBV13-1,None,TRBJ2-1,None,True,True,CASSGGDYAEQFF,TGTGCCAGCAGTGGGGGGGACTATGCTGAGCAGTTCTTC,9382,7,clonotype162,clonotype162_consensus_1
AGCTTGATCGTCACGG-1,True,AGCTTGATCGTCACGG-1_contig_2,True,365,TRB,None,None,TRBJ1-2,TRBC1,False,False,None,None,3646,3,clonotype162,None
AGGCCACAGAGTAATC-1,True,AGGCCACAGAGTAATC-1_contig_1,True,558,TRA,TRAV19,None,TRAJ39,TRAC,True,True,CAAGGNNAGAKLTF,TGCGCAGCAGGTGGGAATAATGCAGGTGCCAAGCTCACATTC,3248,4,clonotype96,clonotype96_consensus_2
AGGCCACAGAGTAATC-1,True,AGGCCACAGAGTAATC-1_contig_2,True,563,TRB,TRBV12-2+TRBV13-2,None,TRBJ1-2,TRBC1,True,True,CASGGQTNSDYTF,TGTGCCAGCGGTGGACAAACAAACTCCGACTACACCTTC,3612,3,clonotype96,clonotype96_consensus_1
AGGCCACAGAGTAATC-1,True,AGGCCACAGAGTAATC-1_contig_3,True,532,TRA,TRAV6D-5,None,TRAJ49,TRAC,True,False,CTTVTLNTGYQNFYF,TGTACTACTGTGACCCTGAACACGGGTTACCAGAACTTCTATTTT,3738,2,clonotype96,None
AGGCCACAGGGCATGT-1,True,AGGCCACAGGGCATGT-1_contig_1,True,541,TRA,TRAV8D-1,None,TRAJ30,TRAC,True,True,CATDTNAYKVIF,TGTGCTACTGACACAAATGCTTACAAAGTCATCTTT,3480,4,clonotype31,clonotype31_consensus_1
AGGCCACAGGGCATGT-1,True,AGGCCACAGGGCATGT-1_contig_2,True,566,TRB,TRBV12-2+TRBV13-2,None,TRBJ1-5,TRBC1,True,True,CASGTGDNQAPLF,TGTGCCAGCGGTACAGGAGACAACCAGGCTCCGCTTTTT,13880,12,clonotype31,clonotype31_consensus_2
AGGCCACAGGGCATGT-1,True,AGGCCACAGGGCATGT-1_contig_3,True,346,TRB,None,None,TRBJ2-7,None,False,False,None,None,3664,2,clonotype31,None
AGGCCACAGGGCATGT-1,True,AGGCCACAGGGCATGT-1_contig_4,True,397,TRB,None,None,TRBJ1-3,TRBC1,False,False,None,None,5524,3,clonotype31,None
AGGCCACAGGGCATGT-1,True,AGGCCACAGGGCATGT-1_contig_5,True,427,TRB,None,None,TRBJ2-1,None,False,False,None,None,5526,4,clonotype31,None
AGGCCACAGGGCATGT-1,True,AGGCCACAGGGCATGT-1_contig_6,True,518,TRA,TRAV6N-7,None,TRAJ48,TRAC,True,False,CTTVLWVINYGNEKITF,TGTACTACTGTGCTCTGGGTGATCAACTATGGAAATGAGAAAATAACTTTT,5422,4,clonotype31,None
AGGCCACCAAATTGCC-1,True,AGGCCACCAAATTGCC-1_contig_1,True,549,TRB,TRBV16,None,TRBJ2-7,None,True,True,CASSFGGGADEQYF,TGTGCAAGCAGCTTTGGTGGGGGGGCGGATGAACAGTACTTC,32072,26,clonotype20,clonotype20_consensus_2
AGGCCACCAAATTGCC-1,True,AGGCCACCAAATTGCC-1_contig_2,True,557,TRA,TRAV13D-2,None,TRAJ11,TRAC,True,True,CAIDLDSGYNKLTF,TGTGCTATAGATCTTGACTCGGGATACAACAAACTCACTTTT,27548,20,clonotype20,clonotype20_consensus_1
AGGCCACCAGGAATGC-1,True,AGGCCACCAGGAATGC-1_contig_1,True,502,TRB,TRBV13-1,None,TRBJ2-7,None,True,True,CASSDPGQGYF,TGTGCCAGCAGTGATCCGGGACAGGGTTACTTC,17786,13,clonotype80,clonotype80_consensus_1
AGGCCACCAGGAATGC-1,True,AGGCCACCAGGAATGC-1_contig_2,True,554,TRA,TRAV16N,None,TRAJ22,TRAC,True,True,CAMREGGSSGSWQLIF,TGTGCTATGAGAGAGGGAGGATCTTCTGGCAGCTGGCAACTCATCTTT,3244,2,clonotype80,clonotype80_consensus_2
AGGCCACCAGGAATGC-1,True,AGGCCACCAGGAATGC-1_contig_3,True,650,TRA,None,None,TRAJ26,TRAC,False,False,None,None,324,1,clonotype80,None
AGGCCACCAGGAATGC-1,True,AGGCCACCAGGAATGC-1_contig_4,True,410,TRA,TRAV3-1,None,TRAJ34,TRAC,True,False,CAALLFQ,TGCGCAGCCCTTCTCTTCCAA,2412,2,clonotype80,None
AGGCCACGTAAACGCG-1,True,AGGCCACGTAAACGCG-1_contig_1,True,549,TRB,TRBV16,None,TRBJ2-5,None,True,True,CASSLGGGQDTQYF,TGTGCAAGCAGCTTAGGGGGGGGCCAAGACACCCAGTACTTT,5316,5,clonotype54,clonotype54_consensus_1
AGGCCACGTAAACGCG-1,True,AGGCCACGTAAACGCG-1_contig_2,True,525,TRA,TRAV7N-6,None,TRAJ30,TRAC,True,True,CAVVDTNAYKVIF,TGTGCAGTGGTTGACACAAATGCTTACAAAGTCATCTTT,1814,1,clonotype54,clonotype54_consensus_2
AGGCCACGTGGCGAAT-1,True,AGGCCACGTGGCGAAT-1_contig_1,True,525,TRB,TRBV17,None,TRBJ2-5,None,True,True,CASSRKGSQDTQYF,TGTGCTAGCAGTAGAAAGGGTTCTCAAGACACCCAGTACTTT,5680,4,clonotype68,clonotype68_consensus_1
AGGCCACTCGTACCGG-1,True,AGGCCACTCGTACCGG-1_contig_1,True,538,TRA,TRAV16N,None,TRAJ22,TRAC,True,True,CAMRGASSGSWQLIF,TGTGCTATGAGAGGGGCATCTTCTGGCAGCTGGCAACTCATCTTT,2506,1,clonotype163,clonotype163_consensus_1
AGGCCACTCGTACCGG-1,True,AGGCCACTCGTACCGG-1_contig_2,True,499,TRB,TRBV13-1,None,TRBJ2-7,None,True,True,CASSDAREQYF,TGTGCCAGCAGTGATGCACGTGAACAGTACTTC,4416,4,clonotype163,clonotype163_consensus_2
AGGCCGTAGATAGGAG-1,True,AGGCCGTAGATAGGAG-1_contig_1,True,516,TRA,TRAV6-6,None,TRAJ24,TRAC,True,True,CAPLTTASLGKLQF,TGTGCTCCGTTGACAACTGCCAGTTTGGGGAAACTGCAGTTT,4256,2,clonotype3,clonotype3_consensus_2
AGGCCGTAGATAGGAG-1,True,AGGCCGTAGATAGGAG-1_contig_2,True,505,TRB,TRBV13-1,None,TRBJ2-4,None,True,True,CASSEGTNTLYF,TGTGCCAGCAGTGAAGGAACAAACACCTTGTACTTT,13696,12,clonotype3,clonotype3_consensus_1
AGGCCGTAGATAGGAG-1,True,AGGCCGTAGATAGGAG-1_contig_3,True,704,TRA,TRAV9D-2,None,TRAJ26,TRAC,True,True,CVLSRGNNYAQGLTF,TGTGTTCTGAGCAGGGGCAATAACTATGCCCAGGGATTAACCTTC,4556,2,clonotype3,clonotype3_consensus_3
AGGCCGTAGTGTACTC-1,True,AGGCCGTAGTGTACTC-1_contig_1,True,535,TRA,TRAV8-1,None,TRAJ12,TRAC,True,True,CATDGGGYKVVF,TGTGCTACTGATGGTGGAGGCTATAAAGTGGTCTTT,3500,3,clonotype91,clonotype91_consensus_1
AGGCCGTAGTGTACTC-1,True,AGGCCGTAGTGTACTC-1_contig_2,True,638,TRB,TRBV12-2+TRBV13-2,None,TRBJ1-5,TRBC1,True,True,CASGTGDNQAPLF,TGTGCCAGCGGGACCGGGGACAACCAGGCTCCGCTTTTT,1552,1,clonotype91,clonotype91_consensus_2
AGGCCGTAGTGTACTC-1,True,AGGCCGTAGTGTACTC-1_contig_3,True,357,TRB,None,None,TRBJ2-1,None,False,False,None,None,6540,3,clonotype91,None
AGGCCGTAGTGTACTC-1,True,AGGCCGTAGTGTACTC-1_contig_4,True,455,TRB,None,None,TRBJ2-1,None,False,False,None,None,22082,14,clonotype91,None
AGGCCGTCAAGACACG-1,True,AGGCCGTCAAGACACG-1_contig_1,True,563,TRB,TRBV12-2+TRBV13-2,None,TRBJ2-1,None,True,True,CASGAGAEQFF,TGTGCCAGCGGGGCGGGGGCTGAGCAGTTCTTC,5972,8,clonotype164,clonotype164_consensus_1
AGGCCGTCAAGACACG-1,True,AGGCCGTCAAGACACG-1_contig_2,True,619,TRB,TRBV2,None,TRBJ2-7,None,True,False,None,None,2136,1,clonotype164,None
AGGCCGTCAAGACACG-1,True,AGGCCGTCAAGACACG-1_contig_3,True,394,TRA,TRAV9D-2,None,TRAJ15,TRAC,True,False,CVLDYQGGRALIF,TGTGTTCTGGACTACCAGGGAGGCAGAGCTCTGATATTT,1968,2,clonotype164,None
AGGCCGTCAAGACACG-1,True,AGGCCGTCAAGACACG-1_contig_4,True,551,TRA,TRAV6D-5,None,TRAJ38,TRAC,True,False,CTTVFWDNVGDNSKLIW,TGTACTACTGTGTTCTGGGATAATGTTGGTGACAACAGTAAGCTGATTTGG,1890,1,clonotype164,None
AGGCCGTCACCTATCC-1,True,AGGCCGTCACCTATCC-1_contig_1,True,558,TRA,TRAV19,None,TRAJ39,TRAC,True,True,CAAGGNNAGAKLTF,TGCGCAGCAGGTGGGAATAATGCAGGTGCCAAGCTCACATTC,8528,5,clonotype1,clonotype1_consensus_2
AGGCCGTCACCTATCC-1,True,AGGCCGTCACCTATCC-1_contig_2,True,593,TRB,TRBV12-2+TRBV13-2,None,TRBJ1-2,TRBC1,True,True,CASGGGTGNSDYTF,TGTGCCAGCGGTGGGGGGACAGGGAACTCCGACTACACCTTC,21692,18,clonotype1,clonotype1_consensus_1
AGGCCGTCACGTCAGC-1,True,AGGCCGTCACGTCAGC-1_contig_1,True,505,TRB,TRBV13-1,None,TRBJ2-3,None,True,True,CASGDSAETLYF,TGTGCCAGCGGGGACAGTGCAGAAACGCTGTATTTT,7286,5,clonotype24,clonotype24_consensus_1
AGGCCGTGTAGGCTGA-1,True,AGGCCGTGTAGGCTGA-1_contig_1,True,539,TRA,TRAV8-1,None,TRAJ30,TRAC,True,True,CATDTNAYKVIF,TGTGCTACTGACACAAATGCTTACAAAGTCATCTTT,338,9,clonotype14,clonotype14_consensus_1
AGGCCGTGTAGGCTGA-1,True,AGGCCGTGTAGGCTGA-1_contig_2,True,562,TRB,TRBV12-2+TRBV13-2,None,TRBJ1-5,TRBC1,True,True,CASGTGDNQAPLF,TGTGCCAGCGGTACAGGGGACAACCAGGCTCCGCTTTTT,362,15,clonotype14,clonotype14_consensus_2
AGGCCGTTCCTTTCGG-1,True,AGGCCGTTCCTTTCGG-1_contig_1,True,582,TRA,TRAV8-1,None,TRAJ30,TRAC,True,True,CATDTNAYKVIF,TGTGCTACTGACACAAATGCTTACAAAGTCATCTTT,10876,9,clonotype14,clonotype14_consensus_1
AGGCCGTTCCTTTCGG-1,True,AGGCCGTTCCTTTCGG-1_contig_2,True,576,TRB,TRBV12-2+TRBV13-2,None,TRBJ1-5,TRBC1,True,True,CASGTGDNQAPLF,TGTGCCAGCGGTACAGGGGACAACCAGGCTCCGCTTTTT,21028,17,clonotype14,clonotype14_consensus_2
AGGCCGTTCCTTTCGG-1,True,AGGCCGTTCCTTTCGG-1_contig_3,True,327,TRB,None,None,TRBJ2-7,None,False,False,None,None,4154,3,clonotype14,None
AGGCCGTTCCTTTCGG-1,True,AGGCCGTTCCTTTCGG-1_contig_4,True,538,TRA,TRAV3-3,None,TRAJ37,TRAC,True,False,None,None,3490,2,clonotype14,None
AGGGAGTGTCGCGGTT-1,True,AGGGAGTGTCGCGGTT-1_contig_1,True,521,TRA,TRAV6-6,None,TRAJ24,TRAC,True,True,CAPLTTASLGKLQF,TGTGCTCCGTTGACAACTGCCAGTTTGGGGAAACTGCAGTTT,1888,1,clonotype69,clonotype69_consensus_3
AGGGAGTGTCGCGGTT-1,True,AGGGAGTGTCGCGGTT-1_contig_2,True,546,TRA,TRAV19,None,TRAJ39,TRAC,True,True,CAAGGNNAGAKLTF,TGCGCAGCAGGTGGGAATAATGCAGGTGCCAAGCTCACATTC,2610,2,clonotype69,clonotype69_consensus_4
AGGGAGTGTCGCGGTT-1,True,AGGGAGTGTCGCGGTT-1_contig_3,True,512,TRB,TRBV13-1,None,TRBJ2-4,None,True,True,CASSEGTNTLYF,TGTGCCAGCAGTGAAGGAACAAACACCTTGTACTTT,4576,5,clonotype69,clonotype69_consensus_2
AGGGAGTGTCGCGGTT-1,True,AGGGAGTGTCGCGGTT-1_contig_4,True,589,TRB,TRBV12-2+TRBV13-2,None,TRBJ1-2,TRBC1,True,True,CASGGGTGNSDYTF,TGTGCCAGCGGTGGGGGGACAGGGAACTCCGACTACACCTTC,7486,8,clonotype69,clonotype69_consensus_1
AGGGAGTGTCGCGGTT-1,True,AGGGAGTGTCGCGGTT-1_contig_5,True,438,TRA,TRAV9D-2,None,TRAJ26,TRAC,True,False,CVLSRGNNYAQGLTF,TGTGTTCTGAGCAGGGGCAATAACTATGCCCAGGGATTAACCTTC,5252,3,clonotype69,None
AGGGAGTGTCGCGGTT-1,True,AGGGAGTGTCGCGGTT-1_contig_6,True,416,TRA,TRAV3-3,None,TRAJ37,TRAC,True,False,None,None,1216,1,clonotype69,None
AGGGAGTTCGGTGTCG-1,True,AGGGAGTTCGGTGTCG-1_contig_1,True,558,TRA,TRAV19,None,TRAJ39,TRAC,True,True,CAAGGNNAGAKLTF,TGCGCAGCAGGTGGGAATAATGCAGGTGCCAAGCTCACATTC,1786,1,clonotype1,clonotype1_consensus_2
AGGGAGTTCGGTGTCG-1,True,AGGGAGTTCGGTGTCG-1_contig_2,True,571,TRB,TRBV12-2+TRBV13-2,None,TRBJ1-2,TRBC1,True,True,CASGGGTGNSDYTF,TGTGCCAGCGGTGGGGGGACAGGGAACTCCGACTACACCTTC,3706,7,clonotype1,clonotype1_consensus_1
AGGGATGAGCGAGAAA-1,True,AGGGATGAGCGAGAAA-1_contig_1,True,560,TRB,TRBV12-2+TRBV13-2,None,TRBJ2-5,None,True,True,CASGDPDTQYF,TGTGCCAGCGGTGATCCAGACACCCAGTACTTT,10088,9,clonotype265,clonotype265_consensus_1
AGGGATGCATCTCCCA-1,True,AGGGATGCATCTCCCA-1_contig_1,True,457,TRA,TRAV16D-DV11,None,TRAJ26,None,True,True,CAMREENNYAQGLTF,TGTGCTATGAGAGAGGAAAATAACTATGCCCAGGGATTAACCTTC,54,1,clonotype12,clonotype12_consensus_2
AGGGATGCATCTCCCA-1,True,AGGGATGCATCTCCCA-1_contig_2,True,505,TRB,TRBV13-1,None,TRBJ2-3,None,True,True,CASGDSAETLYF,TGTGCCAGCGGGGACAGTGCAGAAACGCTGTATTTT,15012,14,clonotype12,clonotype12_consensus_1
AGGGATGCATCTCCCA-1,True,AGGGATGCATCTCCCA-1_contig_3,True,567,TRA,TRAV3D-3,None,TRAJ28,TRAC,True,False,CTSAQSVRGTGSNRLTF,TGTACTTCTGCGCAGTCAGTGAGGGGCACTGGGAGTAACAGGCTCACTTTT,2144,2,clonotype12,None
AGGGATGCATCTCCCA-1,True,AGGGATGCATCTCCCA-1_contig_4,True,448,TRB,None,None,TRBJ1-6,TRBC1,False,False,None,None,6130,5,clonotype12,None
AGGGATGGTGCGAAAC-1,True,AGGGATGGTGCGAAAC-1_contig_1,True,549,TRB,TRBV12-2+TRBV13-2,None,TRBJ1-2,TRBC1,True,True,CASGGGTGNSDYTF,TGTGCCAGCGGTGGGGGGACAGGGAACTCCGACTACACCTTC,1692,3,clonotype7,clonotype7_consensus_1
AGGGATGGTGGTACAG-1,True,AGGGATGGTGGTACAG-1_contig_1,True,546,TRA,TRAV16,None,TRAJ52,TRAC,True,True,CAMREGHTGANTGKLTF,TGTGCTATGAGAGAGGGCCACACTGGAGCTAACACTGGAAAGCTCACGTTT,1804,1,clonotype84,clonotype84_consensus_1
AGGGATGGTGGTACAG-1,True,AGGGATGGTGGTACAG-1_contig_2,True,560,TRB,TRBV12-2,None,TRBJ2-5,None,True,True,CASSLQGVQDTQYF,TGTGCCAGCTCTCTCCAGGGGGTCCAAGACACCCAGTACTTT,2122,2,clonotype84,clonotype84_consensus_2
AGGGATGGTGGTACAG-1,True,AGGGATGGTGGTACAG-1_contig_3,True,354,TRB,None,None,TRBJ2-7,None,False,False,None,None,7144,5,clonotype84,None
AGGGATGGTTGTCGCG-1,True,AGGGATGGTTGTCGCG-1_contig_1,True,557,TRB,TRBV12-2+TRBV13-2,None,TRBJ2-7,None,True,True,CASGTGDEQYF,TGTGCCAGCGGTACCGGGGATGAACAGTACTTC,3964,3,clonotype266,clonotype266_consensus_2
AGGGATGGTTGTCGCG-1,True,AGGGATGGTTGTCGCG-1_contig_2,True,521,TRA,TRAV6-4,None,TRAJ47,TRAC,True,True,CALVMDYANKMIF,TGTGCTCTGGTGATGGACTATGCAAACAAGATGATCTTT,3824,2,clonotype266,clonotype266_consensus_1
AGGGATGTCATAAAGG-1,True,AGGGATGTCATAAAGG-1_contig_1,True,549,TRA,TRAV3-3,None,TRAJ31,TRAC,True,True,CAVSAGNNRIFF,TGCGCAGTCAGTGCAGGCAATAACAGAATCTTCTTT,1460,1,clonotype34,clonotype34_consensus_2
AGGGATGTCATAAAGG-1,True,AGGGATGTCATAAAGG-1_contig_2,True,515,TRB,TRBV13-1,None,TRBJ2-3,None,True,True,CASEGQGAETLYF,TGTGCCAGCGAGGGACAGGGTGCAGAAACGCTGTATTTT,2034,4,clonotype34,clonotype34_consensus_1
AGGGATGTCCAATGGT-1,True,AGGGATGTCCAATGGT-1_contig_1,True,574,TRA,TRAV14N-3,None,TRAJ6,TRAC,True,True,CAARTSGGNYKPTF,TGTGCAGCAAGAACCTCAGGAGGAAACTACAAACCTACGTTT,9848,6,clonotype4,clonotype4_consensus_2
AGGGATGTCCAATGGT-1,True,AGGGATGTCCAATGGT-1_contig_2,True,549,TRA,TRAV8N-2,None,TRAJ13,TRAC,True,True,CATEDSGTYQRF,TGTGCTACTGAGGATTCTGGGACTTACCAGAGGTTT,9836,7,clonotype4,clonotype4_consensus_1
AGGGATGTCCAATGGT-1,True,AGGGATGTCCAATGGT-1_contig_3,True,565,TRB,TRBV12-2+TRBV13-2,None,TRBJ2-7,None,True,True,CASGTGGDYEQYF,TGTGCCAGCGGGACTGGGGGGGACTATGAACAGTACTTC,10314,11,clonotype4,clonotype4_consensus_3
AGGGATGTCGCGCCAA-1,True,AGGGATGTCGCGCCAA-1_contig_1,True,549,TRB,TRBV16,None,TRBJ2-5,None,True,True,CASSLGGGQDTQYF,TGTGCAAGCAGCTTAGGGGGGGGCCAAGACACCCAGTACTTT,29946,34,clonotype8,clonotype8_consensus_1
AGGGATGTCGCGCCAA-1,True,AGGGATGTCGCGCCAA-1_contig_2,True,586,TRA,TRAV4D-3,None,TRAJ27,TRAC,True,True,CAADGPNTGKLTF,TGTGCTGCGGACGGACCCAATACAGGCAAATTAACCTTT,24212,21,clonotype8,clonotype8_consensus_2
AGGGATGTCGCGCCAA-1,True,AGGGATGTCGCGCCAA-1_contig_3,True,525,TRA,TRAV7N-6,None,TRAJ30,TRAC,True,True,CAVVDTNAYKVIF,TGTGCAGTGGTTGACACAAATGCTTACAAAGTCATCTTT,11130,11,clonotype8,clonotype8_consensus_3
AGGGATGTCGCGCCAA-1,True,AGGGATGTCGCGCCAA-1_contig_4,True,425,TRB,None,None,TRBJ1-6,TRBC1,False,False,None,None,9506,17,clonotype8,None
AGGGTGAAGATCTGCT-1,True,AGGGTGAAGATCTGCT-1_contig_1,True,518,TRB,TRBV5,None,TRBJ1-5,TRBC1,True,True,CASSQAGENNQAPLF,TGTGCCAGCAGCCAAGCAGGGGAGAACAACCAGGCTCCGCTTTTT,10428,6,clonotype52,clonotype52_consensus_2
AGGGTGAAGATCTGCT-1,True,AGGGTGAAGATCTGCT-1_contig_2,True,600,TRA,TRAV12D-3,None,TRAJ26,TRAC,True,True,CALSVNYAQGLTF,TGTGCTCTGAGTGTCAACTATGCCCAGGGATTAACCTTC,2248,1,clonotype52,clonotype52_consensus_1
AGGGTGAAGGCCCTCA-1,True,AGGGTGAAGGCCCTCA-1_contig_1,True,505,TRB,TRBV13-1,None,TRBJ2-4,None,True,True,CASSEGTNTLYF,TGTGCCAGCAGTGAAGGAACAAACACCTTGTACTTT,20700,16,clonotype9,clonotype9_consensus_1
AGGGTGAAGGCCCTCA-1,True,AGGGTGAAGGCCCTCA-1_contig_2,True,766,TRA,TRAV9D-2,None,TRAJ26,TRAC,True,True,CVLSRGNNYAQGLTF,TGTGTTCTGAGCAGGGGCAATAACTATGCCCAGGGATTAACCTTC,9216,6,clonotype9,clonotype9_consensus_2
AGGGTGAGTAGCTCCG-1,True,AGGGTGAGTAGCTCCG-1_contig_1,True,555,TRA,TRAV3-3,None,TRAJ49,TRAC,True,True,CAVSGSTGYQNFYF,TGCGCAGTCAGTGGGAGCACGGGTTACCAGAACTTCTATTTT,1336,1,clonotype5,clonotype5_consensus_1
AGGGTGAGTAGCTCCG-1,True,AGGGTGAGTAGCTCCG-1_contig_2,True,561,TRB,TRBV12-2+TRBV13-2,None,TRBJ2-7,None,True,True,CASGVQGWEQYF,TGTGCCAGCGGTGTACAGGGGTGGGAACAGTACTTC,3000,2,clonotype5,clonotype5_consensus_2
AGGGTGAGTCTGATTG-1,True,AGGGTGAGTCTGATTG-1_contig_1,True,537,TRA,TRAV3-3,None,TRAJ49,TRAC,True,True,CAVSGATGYQNFYF,TGCGCAGTCAGTGGGGCCACGGGTTACCAGAACTTCTATTTT,4382,3,clonotype10,clonotype10_consensus_3
AGGGTGAGTCTGATTG-1,True,AGGGTGAGTCTGATTG-1_contig_2,True,507,TRA,TRAV21-DV12,None,TRAJ42,TRAC,True,True,CILRVHGGSNAKLTF,TGTATCCTGAGAGTCCATGGAGGAAGCAATGCAAAGCTAACCTTC,7298,4,clonotype10,clonotype10_consensus_1
AGGGTGAGTCTGATTG-1,True,AGGGTGAGTCTGATTG-1_contig_3,True,536,TRB,TRBV13-2,None,TRBJ2-7,None,True,True,CASGVQGEQYF,TGTGCCAGCGGTGTTCAGGGAGAACAGTACTTC,8812,8,clonotype10,clonotype10_consensus_2
AGGGTGAGTCTGATTG-1,True,AGGGTGAGTCTGATTG-1_contig_4,True,365,TRB,None,None,TRBJ2-1,None,False,False,None,None,13694,9,clonotype10,None
AGGGTGAGTGTGAATA-1,True,AGGGTGAGTGTGAATA-1_contig_1,True,549,TRB,TRBV16,None,TRBJ2-5,None,True,True,CASSWGGGQDTQYF,TGTGCAAGCAGCTGGGGGGGCGGGCAAGACACCCAGTACTTT,4496,5,clonotype44,clonotype44_consensus_1
AGGGTGAGTGTGAATA-1,True,AGGGTGAGTGTGAATA-1_contig_2,True,549,TRA,TRAV6-6,None,TRAJ39,TRAC,True,True,CALGDWNNAGAKLTF,TGTGCTCTGGGTGATTGGAATAATGCAGGTGCCAAGCTCACATTC,1244,5,clonotype44,clonotype44_consensus_2
AGGGTGAGTGTGAATA-1,True,AGGGTGAGTGTGAATA-1_contig_3,True,482,TRB,TRBV10,None,TRBJ1-6,TRBC1,True,False,CQQLRGGAYNSPLYF,TGCCAGCAGCTAAGAGGGGGAGCCTATAATTCGCCCCTCTACTTT,3712,2,clonotype44,None
AGGGTGAGTGTGAATA-1,True,AGGGTGAGTGTGAATA-1_contig_4,True,373,TRB,None,None,TRBJ2-7,None,False,False,None,None,948,1,clonotype44,None
AGGGTGAGTGTGAATA-1,True,AGGGTGAGTGTGAATA-1_contig_5,True,356,TRB,None,None,TRBJ2-1,None,False,False,None,None,2666,1,clonotype44,None
AGGGTGAGTTCACCTC-1,True,AGGGTGAGTTCACCTC-1_contig_1,True,511,TRB,TRBV26,None,TRBJ2-5,None,True,True,CASSRGTDTQYF,TGTGCCAGCAGCCGCGGGACCGACACCCAGTACTTT,4148,2,clonotype42,clonotype42_consensus_1
AGGGTGAGTTCACCTC-1,True,AGGGTGAGTTCACCTC-1_contig_2,True,575,TRA,TRAV12-2,None,TRAJ37,TRAC,True,True,CALSPQTGNTGKLIF,TGTGCTTTGAGCCCCCAAACAGGCAATACCGGAAAACTCATCTTT,4228,2,clonotype42,clonotype42_consensus_2
AGGGTGATCAGGTAAA-1,True,AGGGTGATCAGGTAAA-1_contig_1,True,519,TRA,TRAV6-6,None,TRAJ24,TRAC,True,True,CAPLTTASLGKLQF,TGTGCTCCGTTGACAACTGCCAGTTTGGGGAAACTGCAGTTT,2424,2,clonotype2,clonotype2_consensus_2
AGGGTGATCAGGTAAA-1,True,AGGGTGATCAGGTAAA-1_contig_2,True,512,TRB,TRBV13-1,None,TRBJ2-4,None,True,True,CASSEGTNTLYF,TGTGCCAGCAGTGAAGGAACAAACACCTTGTACTTT,16582,11,clonotype2,clonotype2_consensus_1
AGGGTGATCAGGTAAA-1,True,AGGGTGATCAGGTAAA-1_contig_3,True,380,TRA,TRAV9D-2,None,TRAJ26,TRAC,True,False,CVLSRGNNYAQGLTF,TGTGTTCTGAGCAGGGGCAATAACTATGCCCAGGGATTAACCTTC,6664,3,clonotype2,None
AGGGTGATCATTATCC-1,True,AGGGTGATCATTATCC-1_contig_1,True,516,TRA,TRAV6-6,None,TRAJ24,TRAC,True,True,CAPLTTASLGKLQF,TGTGCTCCGTTGACAACTGCCAGTTTGGGGAAACTGCAGTTT,3762,4,clonotype2,clonotype2_consensus_2
AGGGTGATCATTATCC-1,True,AGGGTGATCATTATCC-1_contig_2,True,505,TRB,TRBV13-1,None,TRBJ2-4,None,True,True,CASSEGTNTLYF,TGTGCCAGCAGTGAAGGAACAAACACCTTGTACTTT,3852,4,clonotype2,clonotype2_consensus_1
AGGTCATAGGTGTGGT-1,True,AGGTCATAGGTGTGGT-1_contig_1,True,549,TRB,TRBV16,None,TRBJ2-5,None,True,True,CASSFGGGQDTQYF,TGTGCAAGCAGCTTTGGGGGGGGCCAAGACACCCAGTACTTT,39554,35,clonotype100,clonotype100_consensus_1
AGGTCATAGGTGTGGT-1,True,AGGTCATAGGTGTGGT-1_contig_2,True,441,TRA,None,None,TRAJ26,TRAC,False,False,None,None,3864,4,clonotype100,None
AGGTCATAGGTGTGGT-1,True,AGGTCATAGGTGTGGT-1_contig_3,True,542,Multi,TRDV2-2,None,TRAJ58,TRAC,True,False,CALMEPQGTGSKLSF,TGTGCTCTCATGGAGCCTCAAGGCACTGGGTCTAAGCTGTCATTT,8124,8,clonotype100,None
AGGTCATAGGTGTGGT-1,True,AGGTCATAGGTGTGGT-1_contig_4,True,493,TRB,TRBV12-2,None,TRBJ1-4,None,True,False,CQLSPRVISNERLFF,TGCCAGCTCTCTCCCCGGGTAATTTCCAACGAAAGATTATTTTTC,1932,1,clonotype100,None
AGGTCATAGGTGTGGT-1,True,AGGTCATAGGTGTGGT-1_contig_5,True,370,TRB,None,None,TRBJ2-4,None,False,False,None,None,21362,14,clonotype100,None
AGGTCATCAGAGTGTG-1,True,AGGTCATCAGAGTGTG-1_contig_1,True,516,TRA,TRAV6-6,None,TRAJ24,TRAC,True,True,CAPLTTASLGKLQF,TGTGCTCCGTTGACAACTGCCAGTTTGGGGAAACTGCAGTTT,3502,3,clonotype3,clonotype3_consensus_2
AGGTCATCAGAGTGTG-1,True,AGGTCATCAGAGTGTG-1_contig_2,True,505,TRB,TRBV13-1,None,TRBJ2-4,None,True,True,CASSEGTNTLYF,TGTGCCAGCAGTGAAGGAACAAACACCTTGTACTTT,5728,8,clonotype3,clonotype3_consensus_1
AGGTCATCAGAGTGTG-1,True,AGGTCATCAGAGTGTG-1_contig_3,True,720,TRA,TRAV9D-2,None,TRAJ26,TRAC,True,True,CVLSRGNNYAQGLTF,TGTGTTCTGAGCAGGGGCAATAACTATGCCCAGGGATTAACCTTC,8492,6,clonotype3,clonotype3_consensus_3
AGGTCATCAGGTGGAT-1,True,AGGTCATCAGGTGGAT-1_contig_1,True,547,TRA,TRAV8-1,None,TRAJ30,TRAC,True,True,CATDARDTNAYKVIF,TGTGCTACTGATGCGAGGGACACAAATGCTTACAAAGTCATCTTT,1300,1,clonotype267,clonotype267_consensus_2
AGGTCATCAGGTGGAT-1,True,AGGTCATCAGGTGGAT-1_contig_2,True,508,TRB,TRBV13-1,None,TRBJ2-1,None,True,True,CASSGGDYAEQFF,TGTGCCAGCAGTGGGGGGGACTATGCTGAGCAGTTCTTC,11242,10,clonotype267,clonotype267_consensus_1
AGGTCATCAGGTGGAT-1,True,AGGTCATCAGGTGGAT-1_contig_3,True,538,TRA,TRAV7-5,None,TRAJ32,TRAC,True,False,CSELRGSSGNKLIF,TGCAGTGAGCTGAGAGGGAGCAGTGGCAACAAGCTCATCTTT,360,2,clonotype267,None
AGGTCATGTGGACGAT-1,True,AGGTCATGTGGACGAT-1_contig_1,True,539,TRA,TRAV19,None,TRAJ39,TRAC,True,True,CAAGGNNAGAKLTF,TGCGCAGCAGGTGGGAATAATGCAGGTGCCAAGCTCACATTC,1210,1,clonotype1,clonotype1_consensus_2
AGGTCATGTGGACGAT-1,True,AGGTCATGTGGACGAT-1_contig_2,True,595,TRB,TRBV12-2+TRBV13-2,None,TRBJ1-2,TRBC1,True,True,CASGGGTGNSDYTF,TGTGCCAGCGGTGGGGGGACAGGGAACTCCGACTACACCTTC,358,3,clonotype1,clonotype1_consensus_1
AGGTCCGCAGCGATCC-1,True,AGGTCCGCAGCGATCC-1_contig_1,True,555,TRA,TRAV3-3,None,TRAJ49,TRAC,True,True,CAVSGSTGYQNFYF,TGCGCAGTCAGTGGGAGCACGGGTTACCAGAACTTCTATTTT,1454,1,clonotype5,clonotype5_consensus_1
AGGTCCGCAGCGATCC-1,True,AGGTCCGCAGCGATCC-1_contig_2,True,562,TRB,TRBV12-2+TRBV13-2,None,TRBJ2-7,None,True,True,CASGVQGWEQYF,TGTGCCAGCGGTGTACAGGGGTGGGAACAGTACTTC,5864,6,clonotype5,clonotype5_consensus_2
AGGTCCGCATTACGAC-1,True,AGGTCCGCATTACGAC-1_contig_1,True,574,TRB,TRBV12-2+TRBV13-2,None,TRBJ1-2,TRBC1,True,True,CASGGGTGNSDYTF,TGTGCCAGCGGTGGGGGGACAGGGAACTCCGACTACACCTTC,4178,4,clonotype7,clonotype7_consensus_1
AGGTCCGGTCTTCAAG-1,True,AGGTCCGGTCTTCAAG-1_contig_1,True,539,TRA,TRAV8-1,None,TRAJ30,TRAC,True,True,CATDTNAYKVIF,TGTGCTACTGACACAAATGCTTACAAAGTCATCTTT,7368,4,clonotype14,clonotype14_consensus_1
AGGTCCGGTCTTCAAG-1,True,AGGTCCGGTCTTCAAG-1_contig_2,True,603,TRB,TRBV12-2+TRBV13-2,None,TRBJ1-5,TRBC1,True,True,CASGTGDNQAPLF,TGTGCCAGCGGTACAGGGGACAACCAGGCTCCGCTTTTT,11572,9,clonotype14,clonotype14_consensus_2
AGGTCCGGTCTTCAAG-1,True,AGGTCCGGTCTTCAAG-1_contig_3,True,582,TRA,TRAV7-4,None,TRAJ32,TRAC,True,False,None,None,6858,4,clonotype14,None
AGGTCCGGTCTTCAAG-1,True,AGGTCCGGTCTTCAAG-1_contig_4,True,357,TRB,None,None,TRBJ2-1,None,False,False,None,None,6402,5,clonotype14,None
AGGTCCGGTGCGATAG-1,True,AGGTCCGGTGCGATAG-1_contig_1,True,549,TRB,TRBV16,None,TRBJ2-5,None,True,True,CASSLGGGQDTQYF,TGTGCAAGCAGCTTAGGGGGGGGGCAAGACACCCAGTACTTT,2140,2,clonotype11,clonotype11_consensus_2
AGGTCCGGTGCGATAG-1,True,AGGTCCGGTGCGATAG-1_contig_2,True,560,TRA,TRAV4D-3,None,TRAJ27,TRAC,True,True,CAADGPNTGKLTF,TGTGCTGCTGACGGGCCCAATACAGGCAAATTAACCTTT,2216,1,clonotype11,clonotype11_consensus_1
AGGTCCGGTGCGATAG-1,True,AGGTCCGGTGCGATAG-1_contig_3,True,358,TRB,TRBV13-2,None,TRBJ2-5,None,True,False,CQRVGGDNQDTQYF,TGCCAGCGGGTCGGGGGGGATAACCAAGACACCCAGTACTTT,84,1,clonotype11,None
AGGTCCGTCAATCACG-1,True,AGGTCCGTCAATCACG-1_contig_1,True,558,TRA,TRAV19,None,TRAJ39,TRAC,True,True,CAAGGNNAGAKLTF,TGCGCAGCAGGTGGGAATAATGCAGGTGCCAAGCTCACATTC,3908,3,clonotype1,clonotype1_consensus_2
AGGTCCGTCAATCACG-1,True,AGGTCCGTCAATCACG-1_contig_2,True,580,TRB,TRBV12-2+TRBV13-2,None,TRBJ1-2,TRBC1,True,True,CASGGGTGNSDYTF,TGTGCCAGCGGTGGGGGGACAGGGAACTCCGACTACACCTTC,10262,9,clonotype1,clonotype1_consensus_1
AGGTCCGTCCGTCATC-1,True,AGGTCCGTCCGTCATC-1_contig_1,True,511,TRB,TRBV26,None,TRBJ1-1,TRBC1,True,True,CASSRGNTEVFF,TGTGCCAGCAGCCGCGGAAACACAGAAGTCTTCTTT,8338,6,clonotype27,clonotype27_consensus_2
AGGTCCGTCCGTCATC-1,True,AGGTCCGTCCGTCATC-1_contig_2,True,599,TRA,TRAV3-4,None,TRAJ49,TRAC,True,True,CAVRGGYQNFYF,TGCGCAGTCAGGGGGGGTTACCAGAACTTCTATTTT,6318,5,clonotype27,clonotype27_consensus_1
AGGTCCGTCCGTCATC-1,True,AGGTCCGTCCGTCATC-1_contig_3,True,522,TRB,TRBV10,None,TRBJ1-4,TRBC1,True,False,None,None,1388,1,clonotype27,None
AGGTCCGTCCGTCATC-1,True,AGGTCCGTCCGTCATC-1_contig_4,True,427,TRB,None,None,TRBJ2-1,None,False,False,None,None,13216,11,clonotype27,None
AGGTCCGTCCTGCAGG-1,True,AGGTCCGTCCTGCAGG-1_contig_1,True,561,TRA,TRAV4-3,None,TRAJ42,TRAC,True,True,CAADNSGGSNAKLTF,TGTGCTGCTGATAATTCTGGAGGAAGCAATGCAAAGCTAACCTTC,3758,5,clonotype87,clonotype87_consensus_2
AGGTCCGTCCTGCAGG-1,True,AGGTCCGTCCTGCAGG-1_contig_2,True,505,TRB,TRBV13-1,None,TRBJ2-1,None,True,True,CASGGAYAEQFF,TGTGCCAGCGGGGGGGCGTATGCTGAGCAGTTCTTC,10398,11,clonotype87,clonotype87_consensus_1
AGGTCCGTCGGTCCGA-1,True,AGGTCCGTCGGTCCGA-1_contig_1,True,556,TRA,TRAV19,None,TRAJ39,TRAC,True,True,CAAGGNNAGAKLTF,TGCGCAGCAGGTGGGAATAATGCAGGTGCCAAGCTCACATTC,914,1,clonotype1,clonotype1_consensus_2
AGGTCCGTCGGTCCGA-1,True,AGGTCCGTCGGTCCGA-1_contig_2,True,632,TRB,TRBV12-2+TRBV13-2,None,TRBJ1-2,TRBC1,True,True,CASGGGTGNSDYTF,TGTGCCAGCGGTGGGGGGACAGGGAACTCCGACTACACCTTC,4956,4,clonotype1,clonotype1_consensus_1
AGGTCCGTCGGTCCGA-1,True,AGGTCCGTCGGTCCGA-1_contig_3,True,519,TRA,TRAV7-5,None,TRAJ45,TRAC,True,False,CSDTEGADRLTF,TGCAGTGATACAGAAGGTGCAGATAGACTCACCTTT,2252,1,clonotype1,None
AGGTCCGTCTCATTCA-1,True,AGGTCCGTCTCATTCA-1_contig_1,True,566,TRB,TRBV12-2+TRBV13-2,None,TRBJ1-5,TRBC1,True,True,CASGTGDNQAPLF,TGTGCCAGCGGGACAGGGGACAACCAGGCTCCGCTTTTT,4740,4,clonotype16,clonotype16_consensus_1
AGGTCCGTCTCATTCA-1,True,AGGTCCGTCTCATTCA-1_contig_2,True,335,TRB,None,None,TRBJ2-1,None,False,False,None,None,6270,2,clonotype16,None
AGTAGTCAGATGCCAG-1,True,AGTAGTCAGATGCCAG-1_contig_1,True,603,TRA,TRAV8-1,None,TRAJ30,TRAC,True,True,CATDTNAYKVIF,TGTGCTACTGACACAAATGCTTACAAAGTCATCTTT,9134,6,clonotype14,clonotype14_consensus_1
AGTAGTCAGATGCCAG-1,True,AGTAGTCAGATGCCAG-1_contig_2,True,575,TRB,TRBV12-2+TRBV13-2,None,TRBJ1-5,TRBC1,True,True,CASGTGDNQAPLF,TGTGCCAGCGGTACAGGGGACAACCAGGCTCCGCTTTTT,21984,19,clonotype14,clonotype14_consensus_2
AGTAGTCAGATGCCAG-1,True,AGTAGTCAGATGCCAG-1_contig_3,True,407,TRB,None,None,TRBJ2-4,None,False,False,None,None,2422,1,clonotype14,None
AGTAGTCAGATGCCAG-1,True,AGTAGTCAGATGCCAG-1_contig_4,True,352,TRB,None,None,TRBJ2-1,None,False,False,None,None,2706,1,clonotype14,None
AGTAGTCAGATGCCAG-1,True,AGTAGTCAGATGCCAG-1_contig_5,True,424,TRB,None,None,TRBJ2-7,None,False,False,None,None,10436,5,clonotype14,None
AGTAGTCAGGACTGGT-1,True,AGTAGTCAGGACTGGT-1_contig_1,True,549,TRB,TRBV16,None,TRBJ2-5,None,True,True,CASSFGGAPDTQYF,TGTGCAAGCAGCTTTGGGGGGGCGCCAGACACCCAGTACTTT,22272,16,clonotype17,clonotype17_consensus_2
AGTAGTCAGGACTGGT-1,True,AGTAGTCAGGACTGGT-1_contig_2,True,601,TRA,TRAV14-2,None,TRAJ49,TRAC,True,True,CAAQGYQNFYF,TGTGCAGCACAGGGTTACCAGAACTTCTATTTT,6572,6,clonotype17,clonotype17_consensus_3
AGTAGTCAGGACTGGT-1,True,AGTAGTCAGGACTGGT-1_contig_3,True,552,TRA,TRAV4D-4,None,TRAJ45,TRAC,True,True,CAAYTEGADRLTF,TGTGCTGCCTATACAGAAGGTGCAGATAGACTCACCTTT,6372,6,clonotype17,clonotype17_consensus_1
AGTAGTCAGTTTAGGA-1,True,AGTAGTCAGTTTAGGA-1_contig_1,True,549,TRB,TRBV16,None,TRBJ2-5,None,True,True,CASSFGGAPDTQYF,TGTGCAAGCAGCTTTGGGGGGGCGCCAGACACCCAGTACTTT,15124,16,clonotype17,clonotype17_consensus_2
AGTAGTCAGTTTAGGA-1,True,AGTAGTCAGTTTAGGA-1_contig_2,True,650,TRA,TRAV14-2,None,TRAJ49,TRAC,True,True,CAAQGYQNFYF,TGTGCAGCACAGGGTTACCAGAACTTCTATTTT,24134,14,clonotype17,clonotype17_consensus_3
AGTAGTCAGTTTAGGA-1,True,AGTAGTCAGTTTAGGA-1_contig_3,True,577,TRA,TRAV4D-4,None,TRAJ45,TRAC,True,True,CAAYTEGADRLTF,TGTGCTGCCTATACAGAAGGTGCAGATAGACTCACCTTT,17568,10,clonotype17,clonotype17_consensus_1
AGTAGTCAGTTTAGGA-1,True,AGTAGTCAGTTTAGGA-1_contig_4,True,373,TRB,None,None,TRBJ1-3,TRBC1,False,False,None,None,4134,2,clonotype17,None
AGTAGTCCACTAGTAC-1,True,AGTAGTCCACTAGTAC-1_contig_1,True,594,TRB,TRBV12-2+TRBV13-2,None,TRBJ2-1,None,True,True,CASGGNAEQFF,TGTGCCAGCGGTGGAAATGCTGAGCAGTTCTTC,16038,12,clonotype165,clonotype165_consensus_1
AGTAGTCCACTAGTAC-1,True,AGTAGTCCACTAGTAC-1_contig_2,True,690,TRA,TRAV9-2,None,TRAJ26,TRAC,True,True,CVLTSYAQGLTF,TGTGTTTTGACGAGCTATGCCCAGGGATTAACCTTC,22692,14,clonotype165,clonotype165_consensus_2
AGTAGTCCACTAGTAC-1,True,AGTAGTCCACTAGTAC-1_contig_3,True,529,TRA,TRAV13N-4,None,TRAJ30,TRAC,True,False,None,None,3988,3,clonotype165,None
AGTAGTCCACTAGTAC-1,True,AGTAGTCCACTAGTAC-1_contig_4,True,682,TRB,None,None,TRBJ2-7,None,False,False,None,None,704,1,clonotype165,None
AGTAGTCCAGCCACCA-1,True,AGTAGTCCAGCCACCA-1_contig_1,True,512,TRB,TRBV26,None,TRBJ1-1,TRBC1,True,True,CASSRGNTEVFF,TGTGCCAGCAGCCGCGGAAACACAGAAGTCTTCTTT,11166,5,clonotype27,clonotype27_consensus_2
AGTAGTCCAGCCACCA-1,True,AGTAGTCCAGCCACCA-1_contig_2,True,599,TRA,TRAV3-4,None,TRAJ49,TRAC,True,True,CAVRGGYQNFYF,TGCGCAGTCAGGGGGGGTTACCAGAACTTCTATTTT,12226,8,clonotype27,clonotype27_consensus_1
AGTAGTCCAGCCACCA-1,True,AGTAGTCCAGCCACCA-1_contig_3,True,536,TRB,TRBV10,None,TRBJ1-4,TRBC1,True,False,None,None,2658,1,clonotype27,None
AGTAGTCCAGCCACCA-1,True,AGTAGTCCAGCCACCA-1_contig_4,True,373,TRB,None,None,TRBJ2-1,None,False,False,None,None,2900,2,clonotype27,None
AGTAGTCGTTCATGGT-1,True,AGTAGTCGTTCATGGT-1_contig_1,True,592,TRB,TRBV13-2,None,TRBJ1-2,TRBC1,True,True,CASGGGTGNSDYTF,TGTGCCAGCGGTGGGGGGACAGGGAACTCCGACTACACCTTC,6128,5,clonotype7,clonotype7_consensus_1
AGTCTTTAGACACGAC-1,True,AGTCTTTAGACACGAC-1_contig_1,True,566,TRB,TRBV12-2+TRBV13-2,None,TRBJ1-5,TRBC1,True,True,CASGTGDNQAPLF,TGTGCCAGCGGTACAGGGGATAACCAGGCTCCGCTTTTT,32670,29,clonotype268,clonotype268_consensus_1
AGTCTTTAGACACGAC-1,True,AGTCTTTAGACACGAC-1_contig_2,True,356,TRB,None,None,TRBJ2-1,None,False,False,None,None,7778,6,clonotype268,None
AGTCTTTAGCGCCTCA-1,True,AGTCTTTAGCGCCTCA-1_contig_1,True,502,TRB,TRBV13-1,None,TRBJ2-5,None,True,True,CATGTGDTQYF,TGTGCCACCGGGACTGGGGACACCCAGTACTTT,17158,12,clonotype92,clonotype92_consensus_1
AGTCTTTAGCGCCTCA-1,True,AGTCTTTAGCGCCTCA-1_contig_2,True,569,TRA,TRAV14N-3,None,TRAJ26,TRAC,True,True,CAASGNYAQGLTF,TGTGCAGCAAGTGGAAACTATGCCCAGGGATTAACCTTC,3306,4,clonotype92,clonotype92_consensus_2
AGTCTTTAGCGCCTCA-1,True,AGTCTTTAGCGCCTCA-1_contig_3,True,499,TRA,TRAV11,None,TRAJ27,TRAC,True,False,CWMTLPPTSVWYNTNTGKLTF,TGCTGGATGACACTGCCACCTACATCTGTGTGGTATAACACCAATACAGGCAAATTAACCTTT,4092,5,clonotype92,None
AGTCTTTAGCGCCTCA-1,True,AGTCTTTAGCGCCTCA-1_contig_4,True,365,TRB,None,None,TRBJ2-7,None,False,False,None,None,1942,1,clonotype92,None
AGTCTTTGTAATCGTC-1,True,AGTCTTTGTAATCGTC-1_contig_1,True,549,TRB,TRBV16,None,TRBJ2-5,None,True,True,CASSLGGGQDTQYF,TGTGCAAGCAGCTTAGGGGGGGGGCAAGACACCCAGTACTTT,13862,17,clonotype11,clonotype11_consensus_2
AGTCTTTGTAATCGTC-1,True,AGTCTTTGTAATCGTC-1_contig_2,True,595,TRA,TRAV4D-3,None,TRAJ27,TRAC,True,True,CAADGPNTGKLTF,TGTGCTGCTGACGGGCCCAATACAGGCAAATTAACCTTT,9954,6,clonotype11,clonotype11_consensus_1
AGTCTTTGTAATCGTC-1,True,AGTCTTTGTAATCGTC-1_contig_3,True,347,TRB,None,None,TRBJ2-7,None,False,False,None,None,1430,1,clonotype11,None
AGTCTTTGTAATCGTC-1,True,AGTCTTTGTAATCGTC-1_contig_4,True,595,TRA,TRAV7-4,None,TRAJ31,TRAC,True,False,None,None,1660,1,clonotype11,None
AGTCTTTGTATTACCG-1,True,AGTCTTTGTATTACCG-1_contig_1,True,584,TRB,TRBV12-2+TRBV13-2,None,TRBJ2-3,None,True,True,CASGEPGLGETLYF,TGTGCCAGCGGTGAGCCGGGACTGGGGGAAACGCTGTATTTT,2076,3,clonotype269,clonotype269_consensus_2
AGTCTTTGTATTACCG-1,True,AGTCTTTGTATTACCG-1_contig_2,True,581,TRB,TRBV12-2+TRBV13-2,None,TRBJ2-1,None,True,True,CASGAGDYAEQFF,TGTGCCAGCGGTGCTGGGGATTATGCTGAGCAGTTCTTC,2190,4,clonotype269,clonotype269_consensus_1
AGTCTTTGTATTACCG-1,True,AGTCTTTGTATTACCG-1_contig_3,True,475,TRB,None,None,TRBJ2-7,None,False,False,None,None,1490,3,clonotype269,None
AGTCTTTGTTCAGGCC-1,True,AGTCTTTGTTCAGGCC-1_contig_1,True,555,TRA,TRAV3-3,None,TRAJ49,TRAC,True,True,CAVSGSTGYQNFYF,TGCGCAGTCAGTGGGAGCACGGGTTACCAGAACTTCTATTTT,3838,3,clonotype33,clonotype33_consensus_1
AGTCTTTGTTCAGGCC-1,True,AGTCTTTGTTCAGGCC-1_contig_2,True,535,TRA,TRAV6D-5,None,TRAJ38,TRAC,True,False,CTTVFWDNVGDNSKLIW,TGTACTACTGTGTTCTGGGATAATGTTGGTGACAACAGTAAGCTGATTTGG,624,1,clonotype33,None
AGTCTTTGTTCAGGCC-1,True,AGTCTTTGTTCAGGCC-1_contig_3,True,519,TRB,None,None,TRBJ2-5,None,False,False,None,None,4198,3,clonotype33,None
AGTCTTTGTTCCATGA-1,True,AGTCTTTGTTCCATGA-1_contig_1,True,575,TRA,TRAV4D-3,None,TRAJ17,TRAC,True,True,CAAPNSAGNKLTF,TGTGCTGCTCCTAACAGTGCAGGGAACAAGCTAACTTTT,4726,3,clonotype270,clonotype270_consensus_1
AGTCTTTTCCTGCTTG-1,True,AGTCTTTTCCTGCTTG-1_contig_1,True,521,TRA,TRAV6-6,None,TRAJ24,TRAC,True,True,CAPLTTASLGKLQF,TGTGCTCCGTTGACAACTGCCAGTTTGGGGAAACTGCAGTTT,6700,5,clonotype2,clonotype2_consensus_2
AGTCTTTTCCTGCTTG-1,True,AGTCTTTTCCTGCTTG-1_contig_2,True,512,TRB,TRBV13-1,None,TRBJ2-4,None,True,True,CASSEGTNTLYF,TGTGCCAGCAGTGAAGGAACAAACACCTTGTACTTT,21448,16,clonotype2,clonotype2_consensus_1
AGTCTTTTCCTGCTTG-1,True,AGTCTTTTCCTGCTTG-1_contig_3,True,439,TRA,TRAV9D-2,None,TRAJ26,TRAC,True,False,CVLSRGNNYAQGLTF,TGTGTTCTGAGCAGGGGCAATAACTATGCCCAGGGATTAACCTTC,15918,7,clonotype2,None
AGTCTTTTCGCGCCAA-1,True,AGTCTTTTCGCGCCAA-1_contig_1,True,575,TRA,TRAV6-6,None,TRAJ24,TRAC,True,True,CAPLTTASLGKLQF,TGTGCTCCGTTGACAACTGCCAGTTTGGGGAAACTGCAGTTT,11942,8,clonotype3,clonotype3_consensus_2
AGTCTTTTCGCGCCAA-1,True,AGTCTTTTCGCGCCAA-1_contig_2,True,512,TRB,TRBV13-1,None,TRBJ2-4,None,True,True,CASSEGTNTLYF,TGTGCCAGCAGTGAAGGAACAAACACCTTGTACTTT,27034,23,clonotype3,clonotype3_consensus_1
AGTCTTTTCGCGCCAA-1,True,AGTCTTTTCGCGCCAA-1_contig_3,True,725,TRA,TRAV9D-2,None,TRAJ26,TRAC,True,True,CVLSRGNNYAQGLTF,TGTGTTCTGAGCAGGGGCAATAACTATGCCCAGGGATTAACCTTC,4596,3,clonotype3,clonotype3_consensus_3
AGTCTTTTCGTCTGCT-1,True,AGTCTTTTCGTCTGCT-1_contig_1,True,574,TRA,TRAV16D-DV11,None,TRAJ26,TRAC,True,True,CAMREENNYAQGLTF,TGTGCTATGAGAGAGGAAAATAACTATGCCCAGGGATTAACCTTC,6048,3,clonotype12,clonotype12_consensus_2
AGTCTTTTCGTCTGCT-1,True,AGTCTTTTCGTCTGCT-1_contig_2,True,505,TRB,TRBV13-1,None,TRBJ2-3,None,True,True,CASGDSAETLYF,TGTGCCAGCGGGGACAGTGCAGAAACGCTGTATTTT,6096,6,clonotype12,clonotype12_consensus_1
AGTCTTTTCGTCTGCT-1,True,AGTCTTTTCGTCTGCT-1_contig_3,True,575,TRA,TRAV3D-3,None,TRAJ28,TRAC,True,False,CTSAQSVRGTGSNRLTF,TGTACTTCTGCGCAGTCAGTGAGGGGCACTGGGAGTAACAGGCTCACTTTT,4674,5,clonotype12,None
AGTCTTTTCGTCTGCT-1,True,AGTCTTTTCGTCTGCT-1_contig_4,True,559,TRB,None,None,TRBJ2-5,None,False,False,None,None,510,1,clonotype12,None
AGTCTTTTCGTCTGCT-1,True,AGTCTTTTCGTCTGCT-1_contig_5,True,497,TRB,None,None,TRBJ1-6,TRBC1,False,False,None,None,6000,4,clonotype12,None
AGTGAGGTCAATCACG-1,True,AGTGAGGTCAATCACG-1_contig_1,True,520,TRA,TRAV6-6,None,TRAJ24,TRAC,True,True,CAPLTTASLGKLQF,TGTGCTCCGTTGACAACTGCCAGTTTGGGGAAACTGCAGTTT,16866,12,clonotype3,clonotype3_consensus_2
AGTGAGGTCAATCACG-1,True,AGTGAGGTCAATCACG-1_contig_2,True,512,TRB,TRBV13-1,None,TRBJ2-4,None,True,True,CASSEGTNTLYF,TGTGCCAGCAGTGAAGGAACAAACACCTTGTACTTT,22432,18,clonotype3,clonotype3_consensus_1
AGTGAGGTCAATCACG-1,True,AGTGAGGTCAATCACG-1_contig_3,True,699,TRA,TRAV9D-2,None,TRAJ26,TRAC,True,True,CVLSRGNNYAQGLTF,TGTGTTCTGAGCAGGGGCAATAACTATGCCCAGGGATTAACCTTC,15524,11,clonotype3,clonotype3_consensus_3
AGTGGGAAGAGCTGCA-1,True,AGTGGGAAGAGCTGCA-1_contig_1,True,566,TRA,TRAV3-3,None,TRAJ49,TRAC,True,True,CAVSGATGYQNFYF,TGCGCAGTCAGTGGGGCCACGGGTTACCAGAACTTCTATTTT,4108,3,clonotype10,clonotype10_consensus_3
AGTGGGAAGAGCTGCA-1,True,AGTGGGAAGAGCTGCA-1_contig_2,True,507,TRA,TRAV21-DV12,None,TRAJ42,TRAC,True,True,CILRVHGGSNAKLTF,TGTATCCTGAGAGTCCATGGAGGAAGCAATGCAAAGCTAACCTTC,10860,6,clonotype10,clonotype10_consensus_1
AGTGGGAAGAGCTGCA-1,True,AGTGGGAAGAGCTGCA-1_contig_3,True,558,TRB,TRBV12-2+TRBV13-2,None,TRBJ2-7,None,True,True,CASGVQGEQYF,TGTGCCAGCGGTGTTCAGGGAGAACAGTACTTC,12430,13,clonotype10,clonotype10_consensus_2
AGTGGGAGTGTATGGG-1,True,AGTGGGAGTGTATGGG-1_contig_1,True,549,TRB,TRBV16,None,TRBJ2-5,None,True,True,CASSLGGGQDTQYF,TGTGCAAGCAGCTTAGGGGGGGGCCAAGACACCCAGTACTTT,3864,5,clonotype8,clonotype8_consensus_1
AGTGGGAGTGTATGGG-1,True,AGTGGGAGTGTATGGG-1_contig_2,True,531,TRA,TRAV4D-3,None,TRAJ27,TRAC,True,True,CAADGPNTGKLTF,TGTGCTGCGGACGGACCCAATACAGGCAAATTAACCTTT,7232,4,clonotype8,clonotype8_consensus_2
AGTGGGAGTGTATGGG-1,True,AGTGGGAGTGTATGGG-1_contig_3,True,525,TRA,TRAV7N-6,None,TRAJ30,TRAC,True,True,CAVVDTNAYKVIF,TGTGCAGTGGTTGACACAAATGCTTACAAAGTCATCTTT,6218,3,clonotype8,clonotype8_consensus_3
AGTGTCACACTGTTAG-1,True,AGTGTCACACTGTTAG-1_contig_1,True,566,TRA,TRAV16,None,TRAJ57,TRAC,True,True,CAMREPQGGSAKLIF,TGTGCTATGAGAGAGCCTCAAGGAGGGTCTGCGAAGCTCATCTTT,8190,5,clonotype22,clonotype22_consensus_3
AGTGTCACACTGTTAG-1,True,AGTGTCACACTGTTAG-1_contig_2,True,532,TRA,TRAV13-4-DV7,None,TRAJ58,TRAC,True,True,CAPMQQGTGSKLSF,TGTGCTCCTATGCAGCAAGGCACTGGGTCTAAGCTGTCATTT,13868,10,clonotype22,clonotype22_consensus_2
AGTGTCACACTGTTAG-1,True,AGTGTCACACTGTTAG-1_contig_3,True,525,TRB,TRBV17,None,TRBJ2-5,None,True,True,CASSRKGVQDTQYF,TGTGCTAGCAGTAGAAAGGGGGTCCAAGACACCCAGTACTTT,41140,26,clonotype22,clonotype22_consensus_1
AGTGTCACACTGTTAG-1,True,AGTGTCACACTGTTAG-1_contig_4,True,370,TRB,None,None,TRBJ2-7,None,False,False,None,None,3058,2,clonotype22,None
AGTGTCACACTGTTAG-1,True,AGTGTCACACTGTTAG-1_contig_5,True,647,TRB,TRBV1,None,TRBJ1-3,TRBC1,True,False,None,None,7592,6,clonotype22,None
AGTGTCAGTGATGATA-1,True,AGTGTCAGTGATGATA-1_contig_1,True,568,TRB,TRBV12-2+TRBV13-2,None,TRBJ1-2,TRBC1,True,True,CASGGGTGNSDYTF,TGTGCCAGCGGTGGGGGGACAGGGAACTCCGACTACACCTTC,9404,9,clonotype7,clonotype7_consensus_1
AGTGTCATCACTCCTG-1,True,AGTGTCATCACTCCTG-1_contig_1,True,549,TRB,TRBV16,None,TRBJ2-5,None,True,True,CASSFGGGLDTQYF,TGTGCAAGCAGCTTTGGGGGGGGCCTGGACACCCAGTACTTT,16770,18,clonotype271,clonotype271_consensus_1
AGTGTCATCACTCCTG-1,True,AGTGTCATCACTCCTG-1_contig_2,True,580,TRA,TRAV14-2,None,TRAJ37,TRAC,True,False,CAASEQAIPENSSLDW,TGTGCAGCAAGTGAACAGGCAATACCGGAAAACTCATCTTTGGACTGG,1172,2,clonotype271,None
AGTGTCATCACTCCTG-1,True,AGTGTCATCACTCCTG-1_contig_3,True,548,TRB,TRBV20,None,TRBJ1-1,TRBC1,True,False,None,None,4164,2,clonotype271,None
AGTGTCATCACTCCTG-1,True,AGTGTCATCACTCCTG-1_contig_4,True,554,Multi,TRDV1,None,TRAJ45,TRAC,True,False,CGYTEGADRLTF,TGTGGGTATACAGAAGGTGCAGATAGACTCACCTTT,5984,4,clonotype271,None
AGTGTCATCATCGATG-1,True,AGTGTCATCATCGATG-1_contig_1,True,549,TRB,TRBV16,None,TRBJ2-5,None,True,True,CASSFGGAPDTQYF,TGTGCAAGCAGCTTTGGGGGGGCGCCAGACACCCAGTACTTT,4254,5,clonotype17,clonotype17_consensus_2
AGTGTCATCATCGATG-1,True,AGTGTCATCATCGATG-1_contig_2,True,561,TRA,TRAV14-2,None,TRAJ49,TRAC,True,True,CAAQGYQNFYF,TGTGCAGCACAGGGTTACCAGAACTTCTATTTT,2800,2,clonotype17,clonotype17_consensus_3
AGTGTCATCATCGATG-1,True,AGTGTCATCATCGATG-1_contig_3,True,535,TRA,TRAV4D-4,None,TRAJ45,TRAC,True,True,CAAYTEGADRLTF,TGTGCTGCCTATACAGAAGGTGCAGATAGACTCACCTTT,3710,2,clonotype17,clonotype17_consensus_1
AGTGTCATCATCGATG-1,True,AGTGTCATCATCGATG-1_contig_4,True,370,TRB,None,None,TRBJ2-7,None,False,False,None,None,1578,1,clonotype17,None
AGTGTCATCCAAACTG-1,True,AGTGTCATCCAAACTG-1_contig_1,True,516,TRA,TRAV6-6,None,TRAJ24,TRAC,True,True,CAPLTTASLGKLQF,TGTGCTCCGTTGACAACTGCCAGTTTGGGGAAACTGCAGTTT,3624,2,clonotype2,clonotype2_consensus_2
AGTGTCATCCAAACTG-1,True,AGTGTCATCCAAACTG-1_contig_2,True,512,TRB,TRBV13-1,None,TRBJ2-4,None,True,True,CASSEGTNTLYF,TGTGCCAGCAGTGAAGGAACAAACACCTTGTACTTT,15098,13,clonotype2,clonotype2_consensus_1
AGTGTCATCCAAACTG-1,True,AGTGTCATCCAAACTG-1_contig_3,True,398,TRA,TRAV9D-2,None,TRAJ26,TRAC,True,False,CVLSRGNNYAQGLTF,TGTGTTCTGAGCAGGGGCAATAACTATGCCCAGGGATTAACCTTC,1996,1,clonotype2,None
AGTGTCATCTTGCCGT-1,True,AGTGTCATCTTGCCGT-1_contig_1,True,555,TRA,TRAV3-3,None,TRAJ49,TRAC,True,True,CAVSGATGYQNFYF,TGCGCAGTCAGTGGGGCCACGGGTTACCAGAACTTCTATTTT,11528,7,clonotype10,clonotype10_consensus_3
AGTGTCATCTTGCCGT-1,True,AGTGTCATCTTGCCGT-1_contig_2,True,507,TRA,TRAV21-DV12,None,TRAJ42,TRAC,True,True,CILRVHGGSNAKLTF,TGTATCCTGAGAGTCCATGGAGGAAGCAATGCAAAGCTAACCTTC,4600,3,clonotype10,clonotype10_consensus_1
AGTGTCATCTTGCCGT-1,True,AGTGTCATCTTGCCGT-1_contig_3,True,559,TRB,TRBV12-2+TRBV13-2,None,TRBJ2-7,None,True,True,CASGVQGEQYF,TGTGCCAGCGGTGTTCAGGGAGAACAGTACTTC,4436,4,clonotype10,clonotype10_consensus_2
AGTTGGTAGGACATTA-1,True,AGTTGGTAGGACATTA-1_contig_1,True,514,TRA,TRAV3-3,None,TRAJ49,TRAC,True,True,CAVSGSTGYQNFYF,TGCGCAGTCAGTGGGAGCACGGGTTACCAGAACTTCTATTTT,2810,2,clonotype33,clonotype33_consensus_1
AGTTGGTAGGACATTA-1,True,AGTTGGTAGGACATTA-1_contig_2,True,618,TRB,None,None,TRBJ2-5,None,False,False,None,None,874,2,clonotype33,None
AGTTGGTAGGACATTA-1,True,AGTTGGTAGGACATTA-1_contig_3,True,538,TRA,TRAV6D-5,None,TRAJ38,TRAC,True,False,CTTVFWDNVGDNSKLIW,TGTACTACTGTGTTCTGGGATAATGTTGGTGACAACAGTAAGCTGATTTGG,2878,2,clonotype33,None
AGTTGGTAGTGAAGAG-1,True,AGTTGGTAGTGAAGAG-1_contig_1,True,561,TRB,TRBV12-2+TRBV13-2,None,TRBJ2-7,None,True,True,CASGAPYEQYF,TGTGCCAGCGGTGCCCCCTATGAACAGTACTTC,23996,22,clonotype60,clonotype60_consensus_2
AGTTGGTAGTGAAGAG-1,True,AGTTGGTAGTGAAGAG-1_contig_2,True,593,TRA,TRAV4D-3,None,TRAJ17,TRAC,True,True,CAAPNSAGNKLTF,TGTGCTGCGCCTAACAGTGCAGGGAACAAGCTAACTTTT,40418,26,clonotype60,clonotype60_consensus_1
AGTTGGTCAGCGTTCG-1,True,AGTTGGTCAGCGTTCG-1_contig_1,True,538,TRA,TRAV8-1,None,TRAJ30,TRAC,True,True,CATDTNAYKVIF,TGTGCTACTGACACAAATGCTTACAAAGTCATCTTT,3562,4,clonotype93,clonotype93_consensus_1
AGTTGGTCAGCGTTCG-1,True,AGTTGGTCAGCGTTCG-1_contig_2,True,568,TRB,TRBV12-2+TRBV13-2,None,TRBJ1-5,TRBC1,True,True,CASGTGDNQAPLF,TGTGCCAGCGGTACAGGGGATAACCAGGCTCCGCTTTTT,17210,15,clonotype93,clonotype93_consensus_2
AGTTGGTCAGCGTTCG-1,True,AGTTGGTCAGCGTTCG-1_contig_3,True,472,TRA,TRAV12-3,None,TRAJ22,TRAC,True,False,CALDFW,TGTGCTCTGGACTTCTGG,314,1,clonotype93,None
AGTTGGTCATCCGTGG-1,True,AGTTGGTCATCCGTGG-1_contig_1,True,655,TRA,TRAV14-3,None,TRAJ56,TRAC,True,True,CAASEATGGNNKLTF,TGTGCAGCAAGTGAGGCTACTGGAGGCAATAATAAGCTGACTTTT,10154,6,clonotype272,clonotype272_consensus_1
AGTTGGTCATCCGTGG-1,True,AGTTGGTCATCCGTGG-1_contig_2,True,568,TRB,TRBV12-2+TRBV13-2,None,TRBJ2-4,None,True,True,CASGDGWNTLYF,TGTGCCAGCGGTGATGGGTGGAACACCTTGTACTTT,4118,2,clonotype272,clonotype272_consensus_2
AGTTGGTCATCCGTGG-1,True,AGTTGGTCATCCGTGG-1_contig_3,True,304,TRB,None,None,TRBJ2-1,None,False,False,None,None,11876,5,clonotype272,None
AGTTGGTGTGACAAAT-1,True,AGTTGGTGTGACAAAT-1_contig_1,True,549,TRB,TRBV16,None,TRBJ2-5,None,True,True,CASSFGGGEDTQYF,TGTGCAAGCAGCTTTGGGGGGGGGGAAGACACCCAGTACTTT,5590,7,clonotype40,clonotype40_consensus_2
AGTTGGTGTGACAAAT-1,True,AGTTGGTGTGACAAAT-1_contig_2,True,528,TRA,TRAV16,None,TRAJ49,TRAC,True,True,CAMRESNTGYQNFYF,TGTGCTATGAGAGAGTCGAACACGGGTTACCAGAACTTCTATTTT,1822,2,clonotype40,clonotype40_consensus_1
AGTTGGTGTGACAAAT-1,True,AGTTGGTGTGACAAAT-1_contig_3,True,300,TRB,None,None,TRBJ2-2,None,False,False,None,None,2480,1,clonotype40,None
AGTTGGTGTGACTCAT-1,True,AGTTGGTGTGACTCAT-1_contig_1,True,643,TRB,TRBV12-2+TRBV13-2,None,TRBJ1-2,TRBC1,True,True,CASGGGTGNSDYTF,TGTGCCAGCGGTGGGGGGACAGGGAACTCCGACTACACCTTC,2156,2,clonotype7,clonotype7_consensus_1
AGTTGGTGTGACTCAT-1,True,AGTTGGTGTGACTCAT-1_contig_2,True,313,TRB,None,None,TRBJ2-3,None,False,False,None,None,3432,1,clonotype7,None
AGTTGGTGTGGGTCAA-1,True,AGTTGGTGTGGGTCAA-1_contig_1,True,549,TRA,TRAV3-3,None,TRAJ31,TRAC,True,True,CAVSAGNNRIFF,TGCGCAGTCAGTGCAGGCAATAACAGAATCTTCTTT,6818,7,clonotype273,clonotype273_consensus_3
AGTTGGTGTGGGTCAA-1,True,AGTTGGTGTGGGTCAA-1_contig_2,True,562,TRA,TRAV8-1,None,TRAJ6,TRAC,True,True,CATDSTSGGNYKPTF,TGTGCTACTGATTCAACCTCAGGAGGAAACTACAAACCTACGTTT,4552,3,clonotype273,clonotype273_consensus_4
AGTTGGTGTGGGTCAA-1,True,AGTTGGTGTGGGTCAA-1_contig_3,True,515,TRB,TRBV13-1,None,TRBJ2-1,None,True,True,CASSGGDYAEQFF,TGTGCCAGCAGTGGGGGGGACTATGCTGAGCAGTTCTTC,3834,3,clonotype273,clonotype273_consensus_1
AGTTGGTGTGGGTCAA-1,True,AGTTGGTGTGGGTCAA-1_contig_4,True,515,TRB,TRBV13-1,None,TRBJ2-3,None,True,True,CASEGQGAETLYF,TGTGCCAGCGAGGGACAGGGTGCAGAAACGCTGTATTTT,6552,6,clonotype273,clonotype273_consensus_2
AGTTGGTGTTCCACGG-1,True,AGTTGGTGTTCCACGG-1_contig_1,True,549,TRB,TRBV16,None,TRBJ2-5,None,True,True,CASSFGGAPDTQYF,TGTGCAAGCAGCTTTGGGGGGGCGCCAGACACCCAGTACTTT,6444,7,clonotype17,clonotype17_consensus_2
AGTTGGTGTTCCACGG-1,True,AGTTGGTGTTCCACGG-1_contig_2,True,575,TRA,TRAV14-2,None,TRAJ49,TRAC,True,True,CAAQGYQNFYF,TGTGCAGCACAGGGTTACCAGAACTTCTATTTT,6656,3,clonotype17,clonotype17_consensus_3
AGTTGGTGTTCCACGG-1,True,AGTTGGTGTTCCACGG-1_contig_3,True,559,TRA,TRAV4D-4,None,TRAJ45,TRAC,True,True,CAAYTEGADRLTF,TGTGCTGCCTATACAGAAGGTGCAGATAGACTCACCTTT,2854,2,clonotype17,clonotype17_consensus_1
AGTTGGTTCGCATGGC-1,True,AGTTGGTTCGCATGGC-1_contig_1,True,593,TRA,TRAV19,None,TRAJ39,TRAC,True,True,CAAGGNNAGAKLTF,TGCGCAGCAGGTGGGAATAATGCAGGTGCCAAGCTCACATTC,12138,7,clonotype1,clonotype1_consensus_2
AGTTGGTTCGCATGGC-1,True,AGTTGGTTCGCATGGC-1_contig_2,True,601,TRB,TRBV12-2+TRBV13-2,None,TRBJ1-2,TRBC1,True,True,CASGGGTGNSDYTF,TGTGCCAGCGGTGGGGGGACAGGGAACTCCGACTACACCTTC,9914,13,clonotype1,clonotype1_consensus_1
AGTTGGTTCGCATGGC-1,True,AGTTGGTTCGCATGGC-1_contig_3,True,316,TRB,None,None,TRBJ2-5,None,False,False,None,None,8428,5,clonotype1,None
AGTTGGTTCGCATGGC-1,True,AGTTGGTTCGCATGGC-1_contig_4,True,429,TRB,None,None,TRBJ1-3,TRBC1,False,False,None,None,1140,1,clonotype1,None
AGTTGGTTCGCATGGC-1,True,AGTTGGTTCGCATGGC-1_contig_5,True,657,TRA,None,None,TRAJ26,TRAC,False,False,None,None,1400,2,clonotype1,None
AGTTGGTTCGCATGGC-1,True,AGTTGGTTCGCATGGC-1_contig_6,True,328,TRB,None,None,TRBJ2-2,None,False,False,None,None,3052,1,clonotype1,None
AGTTGGTTCGCATGGC-1,True,AGTTGGTTCGCATGGC-1_contig_7,True,498,TRA,TRAV7-5,None,TRAJ45,TRAC,True,False,CSDTEGADRLTF,TGCAGTGATACAGAAGGTGCAGATAGACTCACCTTT,3462,3,clonotype1,None
AGTTGGTTCGCATGGC-1,True,AGTTGGTTCGCATGGC-1_contig_8,True,363,TRB,None,None,TRBJ2-1,None,False,False,None,None,5286,3,clonotype1,None
AGTTGGTTCGCATGGC-1,True,AGTTGGTTCGCATGGC-1_contig_9,True,335,TRA,None,None,TRAJ18,TRAC,False,False,None,None,2804,1,clonotype1,None
ATAACGCCAACAACCT-1,True,ATAACGCCAACAACCT-1_contig_1,True,519,TRA,TRAV6-6,None,TRAJ24,TRAC,True,True,CAPLTTASLGKLQF,TGTGCTCCGTTGACAACTGCCAGTTTGGGGAAACTGCAGTTT,10434,5,clonotype2,clonotype2_consensus_2
ATAACGCCAACAACCT-1,True,ATAACGCCAACAACCT-1_contig_2,True,505,TRB,TRBV13-1,None,TRBJ2-4,None,True,True,CASSEGTNTLYF,TGTGCCAGCAGTGAAGGAACAAACACCTTGTACTTT,11154,8,clonotype2,clonotype2_consensus_1
ATAACGCCAACAACCT-1,True,ATAACGCCAACAACCT-1_contig_3,True,597,TRA,TRAV10D,None,TRAJ30,None,True,False,None,None,1130,1,clonotype2,None
ATAACGCCAACAACCT-1,True,ATAACGCCAACAACCT-1_contig_4,True,322,TRB,None,None,TRBJ2-7,None,False,False,None,None,1944,1,clonotype2,None
ATAAGAGCATTCTCAT-1,True,ATAAGAGCATTCTCAT-1_contig_1,True,505,TRB,TRBV13-1,None,TRBJ2-1,None,True,True,CASGGAYAEQFF,TGTGCCAGCGGGGGGGCCTATGCTGAGCAGTTCTTC,4472,4,clonotype274,clonotype274_consensus_1
ATAAGAGCATTCTCAT-1,True,ATAAGAGCATTCTCAT-1_contig_2,True,560,TRA,TRAV3-3,None,TRAJ34,TRAC,True,True,CAVNSNTNKVVF,TGCGCAGTCAATTCCAATACCAACAAAGTCGTCTTT,2398,2,clonotype274,clonotype274_consensus_2
ATAAGAGCATTCTCAT-1,True,ATAAGAGCATTCTCAT-1_contig_3,True,551,TRA,TRAV15D-2-DV6D-2,None,TRAJ32,TRAC,True,False,None,None,2580,2,clonotype274,None
ATAAGAGGTATCAGTC-1,True,ATAAGAGGTATCAGTC-1_contig_1,True,549,TRB,TRBV16,None,TRBJ2-5,None,True,True,CASSWGGGQDTQYF,TGTGCAAGCAGCTGGGGGGGCGGGCAAGACACCCAGTACTTT,8988,6,clonotype46,clonotype46_consensus_1
ATAAGAGGTATCAGTC-1,True,ATAAGAGGTATCAGTC-1_contig_2,True,371,TRB,None,None,TRBJ2-1,None,False,False,None,None,3388,1,clonotype46,None
ATAAGAGTCCGTACAA-1,True,ATAAGAGTCCGTACAA-1_contig_1,True,549,TRB,TRBV16,None,TRBJ2-5,None,True,True,CASSLGGGQDTQYF,TGTGCAAGCAGCTTAGGGGGGGGGCAAGACACCCAGTACTTT,5420,5,clonotype11,clonotype11_consensus_2
ATAAGAGTCCGTACAA-1,True,ATAAGAGTCCGTACAA-1_contig_2,True,567,TRA,TRAV4D-3,None,TRAJ27,TRAC,True,True,CAADGPNTGKLTF,TGTGCTGCTGACGGGCCCAATACAGGCAAATTAACCTTT,6548,6,clonotype11,clonotype11_consensus_1
ATAGACCCATAGAAAC-1,True,ATAGACCCATAGAAAC-1_contig_1,True,519,TRA,TRAV19,None,TRAJ39,TRAC,True,True,CAAGGNNAGAKLTF,TGCGCAGCAGGTGGGAATAATGCAGGTGCCAAGCTCACATTC,2448,2,clonotype1,clonotype1_consensus_2
ATAGACCCATAGAAAC-1,True,ATAGACCCATAGAAAC-1_contig_2,True,568,TRB,TRBV12-2+TRBV13-2,None,TRBJ1-2,TRBC1,True,True,CASGGGTGNSDYTF,TGTGCCAGCGGTGGGGGGACAGGGAACTCCGACTACACCTTC,6170,4,clonotype1,clonotype1_consensus_1
ATAGACCCATTGCGGC-1,True,ATAGACCCATTGCGGC-1_contig_1,True,558,TRA,TRAV19,None,TRAJ39,TRAC,True,True,CAAGGNNAGAKLTF,TGCGCAGCAGGTGGGAATAATGCAGGTGCCAAGCTCACATTC,2272,1,clonotype1,clonotype1_consensus_2
ATAGACCCATTGCGGC-1,True,ATAGACCCATTGCGGC-1_contig_2,True,518,TRB,TRBV13-2,None,TRBJ1-2,TRBC1,True,True,CASGGGTGNSDYTF,TGTGCCAGCGGTGGGGGGACAGGGAACTCCGACTACACCTTC,4802,5,clonotype1,clonotype1_consensus_1
ATAGACCGTAGGGACT-1,True,ATAGACCGTAGGGACT-1_contig_1,True,561,TRA,TRAV4-3,None,TRAJ42,TRAC,True,True,CAADNSGGSNAKLTF,TGTGCTGCTGATAATTCTGGAGGAAGCAATGCAAAGCTAACCTTC,3140,2,clonotype29,clonotype29_consensus_2
ATAGACCGTAGGGACT-1,True,ATAGACCGTAGGGACT-1_contig_2,True,505,TRB,TRBV13-1,None,TRBJ2-1,None,True,True,CASGGAYAEQFF,TGTGCCAGCGGGGGGGCGTATGCTGAGCAGTTCTTC,3312,2,clonotype29,clonotype29_consensus_1
ATAGACCGTAGGGACT-1,True,ATAGACCGTAGGGACT-1_contig_3,True,566,TRA,TRAV12-2,None,TRAJ34,TRAC,True,True,CALSGNTNKVVF,TGTGCTTTGAGTGGCAATACCAACAAAGTCGTCTTT,10282,5,clonotype29,clonotype29_consensus_3
ATAGACCGTAGGGACT-1,True,ATAGACCGTAGGGACT-1_contig_4,True,531,TRB,TRBV12-1,None,TRBJ2-7,None,True,False,CQLFRQGREQYF,TGCCAGCTCTTCCGACAGGGGAGAGAACAGTACTTC,1170,1,clonotype29,None
ATAGACCGTTCGTTGA-1,True,ATAGACCGTTCGTTGA-1_contig_1,True,543,TRB,TRBV16,None,TRBJ2-5,None,True,True,CASSLGGYQDTQYF,TGTGCAAGCAGCTTAGGGGGCTACCAAGACACCCAGTACTTT,2364,2,clonotype28,clonotype28_consensus_2
ATAGACCGTTCGTTGA-1,True,ATAGACCGTTCGTTGA-1_contig_2,True,555,TRA,TRAV4-3,None,TRAJ27,TRAC,True,True,CAAANTNTGKLTF,TGTGCTGCTGCTAACACCAATACAGGCAAATTAACCTTT,2376,2,clonotype28,clonotype28_consensus_1
ATAGACCTCATGGTCA-1,True,ATAGACCTCATGGTCA-1_contig_1,True,554,TRB,TRBV12-2+TRBV13-2,None,TRBJ1-4,TRBC1,True,True,CASGDAPERLFF,TGTGCCAGCGGTGATGCTCCCGAAAGATTATTTTTC,2602,3,clonotype41,clonotype41_consensus_1
ATAGACCTCATGGTCA-1,True,ATAGACCTCATGGTCA-1_contig_2,True,461,Multi,TRDV1,None,TRAJ43,None,True,False,CGGLNDAPRF,TGTGGAGGCCTCAACGATGCCCCACGATTT,44,1,clonotype41,None
ATAGACCTCCAAGCCG-1,True,ATAGACCTCCAAGCCG-1_contig_1,True,630,TRA,TRAV16D-DV11,None,TRAJ9,TRAC,True,True,CAMRESNMGYKLTF,TGTGCTATGAGAGAGAGCAACATGGGCTACAAACTTACCTTC,13682,8,clonotype32,clonotype32_consensus_1
ATAGACCTCCAAGCCG-1,True,ATAGACCTCCAAGCCG-1_contig_2,True,542,TRB,TRBV20,None,TRBJ1-6,TRBC1,True,True,CADRSYNSPLYF,TGTGCCGACAGGTCCTATAATTCGCCCCTCTACTTT,10540,5,clonotype32,clonotype32_consensus_2
ATAGACCTCCAAGCCG-1,True,ATAGACCTCCAAGCCG-1_contig_3,True,446,TRB,None,None,TRBJ2-7,None,False,False,None,None,4012,3,clonotype32,None
ATAGACCTCCTGTACC-1,True,ATAGACCTCCTGTACC-1_contig_1,True,505,TRB,TRBV13-1,None,TRBJ2-4,None,True,True,CASSEGTNTLYF,TGTGCCAGCAGTGAAGGAACAAACACCTTGTACTTT,6020,8,clonotype6,clonotype6_consensus_1
ATCACGAAGGGTTTCT-1,True,ATCACGAAGGGTTTCT-1_contig_1,True,556,TRA,TRAV19,None,TRAJ39,TRAC,True,True,CAAGGNNAGAKLTF,TGCGCAGCAGGTGGGAATAATGCAGGTGCCAAGCTCACATTC,6970,3,clonotype1,clonotype1_consensus_2
ATCACGAAGGGTTTCT-1,True,ATCACGAAGGGTTTCT-1_contig_2,True,568,TRB,TRBV12-2+TRBV13-2,None,TRBJ1-2,TRBC1,True,True,CASGGGTGNSDYTF,TGTGCCAGCGGTGGGGGGACAGGGAACTCCGACTACACCTTC,6774,7,clonotype1,clonotype1_consensus_1
ATCACGACACCACCAG-1,True,ATCACGACACCACCAG-1_contig_1,True,513,TRA,TRAV19,None,TRAJ39,TRAC,True,True,CAAGGNNAGAKLTF,TGCGCAGCAGGTGGGAATAATGCAGGTGCCAAGCTCACATTC,3158,4,clonotype1,clonotype1_consensus_2
ATCACGACACCACCAG-1,True,ATCACGACACCACCAG-1_contig_2,True,568,TRB,TRBV12-2+TRBV13-2,None,TRBJ1-2,TRBC1,True,True,CASGGGTGNSDYTF,TGTGCCAGCGGTGGGGGGACAGGGAACTCCGACTACACCTTC,5594,5,clonotype1,clonotype1_consensus_1
ATCACGACACCACCAG-1,True,ATCACGACACCACCAG-1_contig_3,True,356,TRB,None,None,TRBJ2-1,None,False,False,None,None,4122,2,clonotype1,None
ATCACGAGTACCAGTT-1,True,ATCACGAGTACCAGTT-1_contig_1,True,512,TRB,TRBV13-1,None,TRBJ2-4,None,True,True,CASSEGTNTLYF,TGTGCCAGCAGTGAAGGAACAAACACCTTGTACTTT,15926,12,clonotype9,clonotype9_consensus_1
ATCACGAGTACCAGTT-1,True,ATCACGAGTACCAGTT-1_contig_2,True,705,TRA,TRAV9D-2,None,TRAJ26,TRAC,True,True,CVLSRGNNYAQGLTF,TGTGTTCTGAGCAGGGGCAATAACTATGCCCAGGGATTAACCTTC,1996,2,clonotype9,clonotype9_consensus_2
ATCACGAGTACCAGTT-1,True,ATCACGAGTACCAGTT-1_contig_3,True,405,TRA,TRAV6-6,None,TRAJ24,TRAC,True,False,CAPLTTASLGKLQF,TGTGCTCCGTTGACAACTGCCAGTTTGGGGAAACTGCAGTTT,3258,1,clonotype9,None
ATCACGAGTCCATCCT-1,True,ATCACGAGTCCATCCT-1_contig_1,True,549,TRB,TRBV16,None,TRBJ2-5,None,True,True,CASSFGGAPDTQYF,TGTGCAAGCAGCTTTGGGGGGGCGCCAGACACCCAGTACTTT,5370,6,clonotype119,clonotype119_consensus_1
ATCACGAGTCCATCCT-1,True,ATCACGAGTCCATCCT-1_contig_2,True,585,TRA,TRAV14-2,None,TRAJ49,TRAC,True,True,CAAQGYQNFYF,TGTGCAGCACAGGGTTACCAGAACTTCTATTTT,3010,4,clonotype119,clonotype119_consensus_2
ATCACGAGTCCATCCT-1,True,ATCACGAGTCCATCCT-1_contig_3,True,436,TRB,None,None,TRBJ1-3,TRBC1,False,False,None,None,2662,1,clonotype119,None
ATCACGAGTCCATCCT-1,True,ATCACGAGTCCATCCT-1_contig_4,True,351,TRB,None,None,TRBJ2-1,None,False,False,None,None,4230,2,clonotype119,None
ATCACGAGTCGGGTCT-1,True,ATCACGAGTCGGGTCT-1_contig_1,True,540,TRA,TRAV3D-3,None,TRAJ32,TRAC,True,True,CAVRPYGSSGNKLIF,TGCGCAGTCAGGCCGTATGGGAGCAGTGGCAACAAGCTCATCTTT,5216,3,clonotype166,clonotype166_consensus_2
ATCACGAGTCGGGTCT-1,True,ATCACGAGTCGGGTCT-1_contig_2,True,512,TRB,TRBV13-1,None,TRBJ2-1,None,True,True,CASSDNYAEQFF,TGTGCCAGCAGTGATAACTATGCTGAGCAGTTCTTC,9834,6,clonotype166,clonotype166_consensus_1
ATCATCTAGTCGATAA-1,True,ATCATCTAGTCGATAA-1_contig_1,True,521,TRA,TRAV6-6,None,TRAJ24,TRAC,True,True,CAPLTTASLGKLQF,TGTGCTCCGTTGACAACTGCCAGTTTGGGGAAACTGCAGTTT,4742,3,clonotype3,clonotype3_consensus_2
ATCATCTAGTCGATAA-1,True,ATCATCTAGTCGATAA-1_contig_2,True,505,TRB,TRBV13-1,None,TRBJ2-4,None,True,True,CASSEGTNTLYF,TGTGCCAGCAGTGAAGGAACAAACACCTTGTACTTT,6252,6,clonotype3,clonotype3_consensus_1
ATCATCTAGTCGATAA-1,True,ATCATCTAGTCGATAA-1_contig_3,True,657,TRA,TRAV9D-2,None,TRAJ26,TRAC,True,True,CVLSRGNNYAQGLTF,TGTGTTCTGAGCAGGGGCAATAACTATGCCCAGGGATTAACCTTC,5240,3,clonotype3,clonotype3_consensus_3
ATCATCTCAGTATCTG-1,True,ATCATCTCAGTATCTG-1_contig_1,True,573,TRA,TRAV16D-DV11,None,TRAJ26,TRAC,True,True,CAMREENNYAQGLTF,TGTGCTATGAGAGAGGAAAATAACTATGCCCAGGGATTAACCTTC,5360,7,clonotype12,clonotype12_consensus_2
ATCATCTCAGTATCTG-1,True,ATCATCTCAGTATCTG-1_contig_2,True,505,TRB,TRBV13-1,None,TRBJ2-3,None,True,True,CASGDSAETLYF,TGTGCCAGCGGGGACAGTGCAGAAACGCTGTATTTT,21124,16,clonotype12,clonotype12_consensus_1
ATCATCTCAGTATCTG-1,True,ATCATCTCAGTATCTG-1_contig_3,True,452,TRB,None,None,TRBJ1-6,TRBC1,False,False,None,None,15164,9,clonotype12,None
ATCATCTCAGTATCTG-1,True,ATCATCTCAGTATCTG-1_contig_4,True,496,TRA,TRAV3D-3,None,TRAJ28,TRAC,True,False,CTSAQSVRGTGSNRLTF,TGTACTTCTGCGCAGTCAGTGAGGGGCACTGGGAGTAACAGGCTCACTTTT,2022,1,clonotype12,None
ATCATCTCATCTCCCA-1,True,ATCATCTCATCTCCCA-1_contig_1,True,532,TRA,TRAV16D-DV11,None,TRAJ9,TRAC,True,True,CAMRESNMGYKLTF,TGTGCTATGAGAGAGAGCAACATGGGCTACAAACTTACCTTC,1972,2,clonotype66,clonotype66_consensus_1
ATCATCTCATCTCCCA-1,True,ATCATCTCATCTCCCA-1_contig_2,True,525,TRB,TRBV17,None,TRBJ2-5,None,True,True,CASSRKGAQDTQYF,TGTGCTAGCAGTAGGAAGGGGGCGCAAGACACCCAGTACTTT,11992,6,clonotype66,clonotype66_consensus_2
ATCATCTCATCTCCCA-1,True,ATCATCTCATCTCCCA-1_contig_3,True,537,TRB,TRBV20,None,TRBJ1-6,TRBC1,True,True,CADRSYNSPLYF,TGTGCCGACAGGTCCTATAATTCGCCCCTCTACTTT,13796,8,clonotype66,clonotype66_consensus_3
ATCATCTGTCCAGTAT-1,True,ATCATCTGTCCAGTAT-1_contig_1,True,549,TRB,TRBV16,None,TRBJ2-5,None,True,True,CASSLGGGQDTQYF,TGTGCAAGCAGCTTAGGGGGGGGCCAAGACACCCAGTACTTT,4046,3,clonotype54,clonotype54_consensus_1
ATCATCTGTCCAGTAT-1,True,ATCATCTGTCCAGTAT-1_contig_2,True,525,TRA,TRAV7N-6,None,TRAJ30,TRAC,True,True,CAVVDTNAYKVIF,TGTGCAGTGGTTGACACAAATGCTTACAAAGTCATCTTT,2818,2,clonotype54,clonotype54_consensus_2
ATCATCTGTCGAAAGC-1,True,ATCATCTGTCGAAAGC-1_contig_1,True,578,TRA,TRAV14-1,None,TRAJ32,TRAC,True,True,CAASPLGSSGNKLIF,TGTGCAGCAAGTCCTCTTGGGAGCAGTGGCAACAAGCTCATCTTT,5582,4,clonotype63,clonotype63_consensus_1
ATCATCTGTCGAAAGC-1,True,ATCATCTGTCGAAAGC-1_contig_2,True,551,TRA,TRAV8-1,None,TRAJ30,TRAC,True,True,CATDTNAYKVIF,TGTGCTACTGACACAAATGCTTACAAAGTCATCTTT,3194,2,clonotype63,clonotype63_consensus_2
ATCATCTGTCGAAAGC-1,True,ATCATCTGTCGAAAGC-1_contig_3,True,567,TRB,TRBV12-2+TRBV13-2,None,TRBJ1-5,TRBC1,True,True,CASGTGDNQAPLF,TGTGCCAGCGGGACAGGGGACAACCAGGCTCCGCTTTTT,9462,7,clonotype63,clonotype63_consensus_3
ATCATCTGTCGAAAGC-1,True,ATCATCTGTCGAAAGC-1_contig_4,True,326,TRB,None,None,TRBJ2-7,None,False,False,None,None,3594,3,clonotype63,None
ATCATCTGTTGTACAC-1,True,ATCATCTGTTGTACAC-1_contig_1,True,566,TRA,TRAV3-3,None,TRAJ49,TRAC,True,True,CAVSGSTGYQNFYF,TGCGCAGTCAGTGGGAGCACGGGTTACCAGAACTTCTATTTT,5012,3,clonotype5,clonotype5_consensus_1
ATCATCTGTTGTACAC-1,True,ATCATCTGTTGTACAC-1_contig_2,True,605,TRB,TRBV12-2+TRBV13-2,None,TRBJ2-7,None,True,True,CASGVQGWEQYF,TGTGCCAGCGGTGTACAGGGGTGGGAACAGTACTTC,3154,4,clonotype5,clonotype5_consensus_2
ATCATCTGTTGTACAC-1,True,ATCATCTGTTGTACAC-1_contig_3,True,880,TRA,TRAV6D-5,None,TRAJ38,TRAC,True,False,CTTVFWDNVGDNSKLIW,TGTACTACTGTGTTCTGGGATAATGTTGGTGACAACAGTAAGCTGATTTGG,4658,4,clonotype5,None
ATCATCTGTTTAGCTG-1,True,ATCATCTGTTTAGCTG-1_contig_1,True,521,TRA,TRAV6-6,None,TRAJ24,TRAC,True,True,CAPLTTASLGKLQF,TGTGCTCCGTTGACAACTGCCAGTTTGGGGAAACTGCAGTTT,7650,5,clonotype2,clonotype2_consensus_2
ATCATCTGTTTAGCTG-1,True,ATCATCTGTTTAGCTG-1_contig_2,True,505,TRB,TRBV13-1,None,TRBJ2-4,None,True,True,CASSEGTNTLYF,TGTGCCAGCAGTGAAGGAACAAACACCTTGTACTTT,48674,46,clonotype2,clonotype2_consensus_1
ATCATCTGTTTAGCTG-1,True,ATCATCTGTTTAGCTG-1_contig_3,True,353,TRA,TRAV9D-2,None,TRAJ26,TRAC,True,False,CVLSRGNNYAQGLTF,TGTGTTCTGAGCAGGGGCAATAACTATGCCCAGGGATTAACCTTC,6170,2,clonotype2,None
ATCATGGAGTTACGGG-1,True,ATCATGGAGTTACGGG-1_contig_1,True,558,TRA,TRAV19,None,TRAJ39,TRAC,True,True,CAAGGNNAGAKLTF,TGCGCAGCAGGTGGGAATAATGCAGGTGCCAAGCTCACATTC,8874,5,clonotype1,clonotype1_consensus_2
ATCATGGAGTTACGGG-1,True,ATCATGGAGTTACGGG-1_contig_2,True,575,TRB,TRBV12-2+TRBV13-2,None,TRBJ1-2,TRBC1,True,True,CASGGGTGNSDYTF,TGTGCCAGCGGTGGGGGGACAGGGAACTCCGACTACACCTTC,7580,9,clonotype1,clonotype1_consensus_1
ATCATGGCATCGGGTC-1,True,ATCATGGCATCGGGTC-1_contig_1,True,560,TRA,TRAV3-3,None,TRAJ31,TRAC,True,True,CAVSAGNNRIFF,TGCGCAGTCAGTGCAGGCAATAACAGAATCTTCTTT,17230,11,clonotype34,clonotype34_consensus_2
ATCATGGCATCGGGTC-1,True,ATCATGGCATCGGGTC-1_contig_2,True,508,TRB,TRBV13-1,None,TRBJ2-3,None,True,True,CASEGQGAETLYF,TGTGCCAGCGAGGGACAGGGTGCAGAAACGCTGTATTTT,28874,24,clonotype34,clonotype34_consensus_1
ATCATGGCATCGGGTC-1,True,ATCATGGCATCGGGTC-1_contig_3,True,443,TRA,None,None,TRAJ41,TRAC,False,False,None,None,2374,1,clonotype34,None
ATCATGGCATCGGGTC-1,True,ATCATGGCATCGGGTC-1_contig_4,True,349,TRB,None,None,TRBJ1-5,TRBC1,False,False,None,None,4856,3,clonotype34,None
ATCATGGCATCGGGTC-1,True,ATCATGGCATCGGGTC-1_contig_5,True,500,TRA,TRAV21-DV12,None,TRAJ48,TRAC,True,False,None,None,4080,2,clonotype34,None
ATCATGGGTACAGCAG-1,True,ATCATGGGTACAGCAG-1_contig_1,True,518,TRA,TRAV8-1,None,TRAJ30,TRAC,True,True,CACDTNAYKVIF,TGTGCTTGTGACACAAATGCTTACAAAGTCATCTTT,3564,3,clonotype120,clonotype120_consensus_1
ATCATGGGTACAGCAG-1,True,ATCATGGGTACAGCAG-1_contig_2,True,564,TRB,TRBV12-2+TRBV13-2,None,TRBJ2-1,None,True,True,CASGTGDYAEQFF,TGTGCCAGCGGGACAGGTGACTATGCTGAGCAGTTCTTC,6738,5,clonotype120,clonotype120_consensus_2
ATCATGGGTACAGCAG-1,True,ATCATGGGTACAGCAG-1_contig_3,True,548,TRA,TRAV7D-2,None,TRAJ26,TRAC,True,False,None,None,722,1,clonotype120,None
ATCATGGGTGCGATAG-1,True,ATCATGGGTGCGATAG-1_contig_1,True,538,TRA,TRAV8-1,None,TRAJ30,TRAC,True,True,CATDTNAYKVIF,TGTGCTACTGACACAAATGCTTACAAAGTCATCTTT,6140,5,clonotype14,clonotype14_consensus_1
ATCATGGGTGCGATAG-1,True,ATCATGGGTGCGATAG-1_contig_2,True,579,TRB,TRBV12-2+TRBV13-2,None,TRBJ1-5,TRBC1,True,True,CASGTGDNQAPLF,TGTGCCAGCGGTACAGGGGACAACCAGGCTCCGCTTTTT,28442,23,clonotype14,clonotype14_consensus_2
ATCATGGGTGCGATAG-1,True,ATCATGGGTGCGATAG-1_contig_3,True,567,TRA,TRAV3-3,None,TRAJ37,TRAC,True,False,None,None,6384,4,clonotype14,None
ATCATGGTCGCACTCT-1,True,ATCATGGTCGCACTCT-1_contig_1,True,562,TRA,TRAV16D-DV11,None,TRAJ26,TRAC,True,True,CAMREENNYAQGLTF,TGTGCTATGAGAGAGGAAAATAACTATGCCCAGGGATTAACCTTC,9332,7,clonotype12,clonotype12_consensus_2
ATCATGGTCGCACTCT-1,True,ATCATGGTCGCACTCT-1_contig_2,True,512,TRB,TRBV13-1,None,TRBJ2-3,None,True,True,CASGDSAETLYF,TGTGCCAGCGGGGACAGTGCAGAAACGCTGTATTTT,21344,17,clonotype12,clonotype12_consensus_1
ATCATGGTCGCACTCT-1,True,ATCATGGTCGCACTCT-1_contig_3,True,383,TRB,None,None,TRBJ1-6,TRBC1,False,False,None,None,8648,7,clonotype12,None
ATCATGGTCGCACTCT-1,True,ATCATGGTCGCACTCT-1_contig_4,True,370,TRA,TRAV3D-3,None,TRAJ28,TRAC,True,False,CTSAQSVRGTGSNRLTF,TGTACTTCTGCGCAGTCAGTGAGGGGCACTGGGAGTAACAGGCTCACTTTT,4142,2,clonotype12,None
ATCCACCAGAGGACGG-1,True,ATCCACCAGAGGACGG-1_contig_1,True,558,TRA,TRAV16,None,TRAJ57,TRAC,True,True,CAMREPQGGSAKLIF,TGTGCTATGAGAGAGCCTCAAGGAGGGTCTGCGAAGCTCATCTTT,4864,6,clonotype22,clonotype22_consensus_3
ATCCACCAGAGGACGG-1,True,ATCCACCAGAGGACGG-1_contig_2,True,532,TRA,TRAV13-4-DV7,None,TRAJ58,TRAC,True,True,CAPMQQGTGSKLSF,TGTGCTCCTATGCAGCAAGGCACTGGGTCTAAGCTGTCATTT,12994,21,clonotype22,clonotype22_consensus_2
ATCCACCAGAGGACGG-1,True,ATCCACCAGAGGACGG-1_contig_3,True,525,TRB,TRBV17,None,TRBJ2-5,None,True,True,CASSRKGVQDTQYF,TGTGCTAGCAGTAGAAAGGGGGTCCAAGACACCCAGTACTTT,41704,56,clonotype22,clonotype22_consensus_1
ATCCACCAGAGGACGG-1,True,ATCCACCAGAGGACGG-1_contig_4,True,680,TRB,TRBV1,None,TRBJ1-3,TRBC1,True,False,None,None,4620,6,clonotype22,None
ATCCACCAGAGGACGG-1,True,ATCCACCAGAGGACGG-1_contig_5,True,427,TRB,None,None,TRBJ2-3,None,False,False,None,None,12038,18,clonotype22,None
ATCCACCAGCTCCTTC-1,True,ATCCACCAGCTCCTTC-1_contig_1,True,560,TRA,TRAV6-6,None,TRAJ24,TRAC,True,True,CAPLTTASLGKLQF,TGTGCTCCGTTGACAACTGCCAGTTTGGGGAAACTGCAGTTT,4904,2,clonotype3,clonotype3_consensus_2
ATCCACCAGCTCCTTC-1,True,ATCCACCAGCTCCTTC-1_contig_2,True,505,TRB,TRBV13-1,None,TRBJ2-4,None,True,True,CASSEGTNTLYF,TGTGCCAGCAGTGAAGGAACAAACACCTTGTACTTT,40728,32,clonotype3,clonotype3_consensus_1
ATCCACCAGCTCCTTC-1,True,ATCCACCAGCTCCTTC-1_contig_3,True,673,TRA,TRAV9D-2,None,TRAJ26,TRAC,True,True,CVLSRGNNYAQGLTF,TGTGTTCTGAGCAGGGGCAATAACTATGCCCAGGGATTAACCTTC,5276,4,clonotype3,clonotype3_consensus_3
ATCCACCCATAAAGGT-1,True,ATCCACCCATAAAGGT-1_contig_1,True,505,TRB,TRBV13-1,None,TRBJ2-4,None,True,True,CASSEGTNTLYF,TGTGCCAGCAGTGAAGGAACAAACACCTTGTACTTT,6868,6,clonotype6,clonotype6_consensus_1
ATCCACCCATAAAGGT-1,True,ATCCACCCATAAAGGT-1_contig_2,True,405,TRA,TRAV9D-2,None,TRAJ26,TRAC,True,False,CVLSRGNNYAQGLTF,TGTGTTCTGAGCAGGGGCAATAACTATGCCCAGGGATTAACCTTC,772,1,clonotype6,None
ATCCACCGTGCGAAAC-1,True,ATCCACCGTGCGAAAC-1_contig_1,True,623,TRA,TRAV6-6,None,TRAJ24,TRAC,True,True,CAPLTTASLGKLQF,TGTGCTCCGTTGACAACTGCCAGTTTGGGGAAACTGCAGTTT,11472,6,clonotype2,clonotype2_consensus_2
ATCCACCGTGCGAAAC-1,True,ATCCACCGTGCGAAAC-1_contig_2,True,512,TRB,TRBV13-1,None,TRBJ2-4,None,True,True,CASSEGTNTLYF,TGTGCCAGCAGTGAAGGAACAAACACCTTGTACTTT,21918,17,clonotype2,clonotype2_consensus_1
ATCCACCGTGCGAAAC-1,True,ATCCACCGTGCGAAAC-1_contig_3,True,398,TRA,TRAV9D-2,None,TRAJ26,TRAC,True,False,CVLSRGNNYAQGLTF,TGTGTTCTGAGCAGGGGCAATAACTATGCCCAGGGATTAACCTTC,10176,5,clonotype2,None
ATCCACCTCATTGCGA-1,True,ATCCACCTCATTGCGA-1_contig_1,True,549,TRB,TRBV16,None,TRBJ2-5,None,True,True,CASSLGGGQDTQYF,TGTGCAAGCAGCTTAGGGGGGGGCCAAGACACCCAGTACTTT,6248,6,clonotype8,clonotype8_consensus_1
ATCCACCTCATTGCGA-1,True,ATCCACCTCATTGCGA-1_contig_2,True,569,TRA,TRAV4D-3,None,TRAJ27,TRAC,True,True,CAADGPNTGKLTF,TGTGCTGCGGACGGACCCAATACAGGCAAATTAACCTTT,6138,5,clonotype8,clonotype8_consensus_2
ATCCACCTCATTGCGA-1,True,ATCCACCTCATTGCGA-1_contig_3,True,525,TRA,TRAV7N-6,None,TRAJ30,TRAC,True,True,CAVVDTNAYKVIF,TGTGCAGTGGTTGACACAAATGCTTACAAAGTCATCTTT,6216,3,clonotype8,clonotype8_consensus_3
ATCCACCTCTAGCACA-1,True,ATCCACCTCTAGCACA-1_contig_1,True,512,TRB,TRBV26,None,TRBJ1-1,TRBC1,True,True,CASSRGNTEVFF,TGTGCCAGCAGCCGCGGAAACACAGAAGTCTTCTTT,6048,3,clonotype27,clonotype27_consensus_2
ATCCACCTCTAGCACA-1,True,ATCCACCTCTAGCACA-1_contig_2,True,564,TRA,TRAV3-4,None,TRAJ49,TRAC,True,True,CAVRGGYQNFYF,TGCGCAGTCAGGGGGGGTTACCAGAACTTCTATTTT,2964,2,clonotype27,clonotype27_consensus_1
ATCCACCTCTAGCACA-1,True,ATCCACCTCTAGCACA-1_contig_3,True,511,TRB,TRBV13-1,None,TRBJ2-2,None,True,False,CASSDPGQLYF,TGTGCCAGCAGTGACCCCGGGCAGCTCTACTTT,1708,1,clonotype27,None
ATCCACCTCTAGCACA-1,True,ATCCACCTCTAGCACA-1_contig_4,True,330,TRA,TRAV12-3,None,TRAJ40,TRAC,False,False,None,None,4506,3,clonotype27,None
ATCCACCTCTAGCACA-1,True,ATCCACCTCTAGCACA-1_contig_5,True,431,TRB,None,None,TRBJ2-1,None,False,False,None,None,6110,3,clonotype27,None
ATCCACCTCTCGCATC-1,True,ATCCACCTCTCGCATC-1_contig_1,True,552,TRA,TRAV6-6,None,TRAJ24,TRAC,True,True,CAPLTTASLGKLQF,TGTGCTCCGTTGACAACTGCCAGTTTGGGGAAACTGCAGTTT,5340,3,clonotype3,clonotype3_consensus_2
ATCCACCTCTCGCATC-1,True,ATCCACCTCTCGCATC-1_contig_2,True,512,TRB,TRBV13-1,None,TRBJ2-4,None,True,True,CASSEGTNTLYF,TGTGCCAGCAGTGAAGGAACAAACACCTTGTACTTT,20420,16,clonotype3,clonotype3_consensus_1
ATCCACCTCTCGCATC-1,True,ATCCACCTCTCGCATC-1_contig_3,True,715,TRA,TRAV9D-2,None,TRAJ26,TRAC,True,True,CVLSRGNNYAQGLTF,TGTGTTCTGAGCAGGGGCAATAACTATGCCCAGGGATTAACCTTC,11968,6,clonotype3,clonotype3_consensus_3
ATCCGAAAGGCTCATT-1,True,ATCCGAAAGGCTCATT-1_contig_1,True,541,TRA,TRAV8D-1,None,TRAJ30,TRAC,True,True,CALDTNAYKVIF,TGTGCCCTCGACACAAATGCTTACAAAGTCATCTTT,1608,1,clonotype48,clonotype48_consensus_2
ATCCGAAAGGCTCATT-1,True,ATCCGAAAGGCTCATT-1_contig_2,True,566,TRB,TRBV12-2+TRBV13-2,None,TRBJ2-1,None,True,True,CASGTGDYAEQFF,TGTGCCAGCGGGACTGGGGACTATGCTGAGCAGTTCTTC,2288,2,clonotype48,clonotype48_consensus_1
ATCCGAAAGGCTCATT-1,True,ATCCGAAAGGCTCATT-1_contig_3,True,516,TRA,TRAV6-6,None,TRAJ40,TRAC,True,False,CTTVLWVNTGNYKYVF,TGTACTACTGTGCTCTGGGTTAATACAGGAAACTACAAATACGTCTTT,2516,1,clonotype48,None
ATCCGAATCAAGCCTA-1,True,ATCCGAATCAAGCCTA-1_contig_1,True,526,TRA,TRAV7D-5,None,TRAJ16,TRAC,True,True,CAVSSPATSSGQKLVF,TGTGCAGTGAGCAGCCCCGCAACTTCAAGTGGCCAGAAGCTGGTTTTT,7910,4,clonotype121,clonotype121_consensus_1
ATCGAGTAGATCGATA-1,True,ATCGAGTAGATCGATA-1_contig_1,True,547,TRA,TRAV6-6,None,TRAJ24,TRAC,True,True,CAPLTTASLGKLQF,TGTGCTCCGTTGACAACTGCCAGTTTGGGGAAACTGCAGTTT,7242,6,clonotype3,clonotype3_consensus_2
ATCGAGTAGATCGATA-1,True,ATCGAGTAGATCGATA-1_contig_2,True,505,TRB,TRBV13-1,None,TRBJ2-4,None,True,True,CASSEGTNTLYF,TGTGCCAGCAGTGAAGGAACAAACACCTTGTACTTT,27056,24,clonotype3,clonotype3_consensus_1
ATCGAGTAGATCGATA-1,True,ATCGAGTAGATCGATA-1_contig_3,True,671,TRA,TRAV9D-2,None,TRAJ26,TRAC,True,True,CVLSRGNNYAQGLTF,TGTGTTCTGAGCAGGGGCAATAACTATGCCCAGGGATTAACCTTC,15074,10,clonotype3,clonotype3_consensus_3
ATCGAGTAGATCGATA-1,True,ATCGAGTAGATCGATA-1_contig_4,True,565,TRB,TRBV12-2+TRBV13-2,None,TRBJ2-5,None,True,False,CASGDW,TGTGCCAGCGGTGACTGG,1046,1,clonotype3,None
ATCGAGTAGTCGTTTG-1,True,ATCGAGTAGTCGTTTG-1_contig_1,True,530,TRA,TRAV16,None,TRAJ57,TRAC,True,True,CAMREPQGGSAKLIF,TGTGCTATGAGAGAGCCTCAAGGAGGGTCTGCGAAGCTCATCTTT,4306,4,clonotype22,clonotype22_consensus_3
ATCGAGTAGTCGTTTG-1,True,ATCGAGTAGTCGTTTG-1_contig_2,True,532,TRA,TRAV13-4-DV7,None,TRAJ58,TRAC,True,True,CAPMQQGTGSKLSF,TGTGCTCCTATGCAGCAAGGCACTGGGTCTAAGCTGTCATTT,14894,14,clonotype22,clonotype22_consensus_2
ATCGAGTAGTCGTTTG-1,True,ATCGAGTAGTCGTTTG-1_contig_3,True,525,TRB,TRBV17,None,TRBJ2-5,None,True,True,CASSRKGVQDTQYF,TGTGCTAGCAGTAGAAAGGGGGTCCAAGACACCCAGTACTTT,26872,23,clonotype22,clonotype22_consensus_1
ATCGAGTAGTCGTTTG-1,True,ATCGAGTAGTCGTTTG-1_contig_4,True,605,TRB,TRBV1,None,TRBJ1-3,TRBC1,True,False,None,None,6854,6,clonotype22,None
ATCGAGTAGTCGTTTG-1,True,ATCGAGTAGTCGTTTG-1_contig_5,True,304,TRB,None,None,TRBJ2-3,None,False,False,None,None,21854,15,clonotype22,None
ATCGAGTCACAAGTAA-1,True,ATCGAGTCACAAGTAA-1_contig_1,True,566,TRB,TRBV12-2+TRBV13-2,None,TRBJ1-5,TRBC1,True,True,CASGTGDNQAPLF,TGTGCCAGCGGGACCGGGGACAACCAGGCTCCGCTTTTT,15046,13,clonotype275,clonotype275_consensus_1
ATCGAGTCACAAGTAA-1,True,ATCGAGTCACAAGTAA-1_contig_2,True,325,TRB,None,None,TRBJ2-7,None,False,False,None,None,1870,1,clonotype275,None
ATCGAGTCACAAGTAA-1,True,ATCGAGTCACAAGTAA-1_contig_3,True,357,TRB,None,None,TRBJ2-1,None,False,False,None,None,2290,2,clonotype275,None
ATCGAGTCACAAGTAA-1,True,ATCGAGTCACAAGTAA-1_contig_4,True,431,TRB,None,None,TRBJ2-1,None,False,False,None,None,8660,8,clonotype275,None
ATCGAGTCAGTTAACC-1,True,ATCGAGTCAGTTAACC-1_contig_1,True,549,TRB,TRBV16,None,TRBJ2-5,None,True,True,CASSFGGAPDTQYF,TGTGCAAGCAGCTTTGGGGGGGCGCCAGACACCCAGTACTTT,20446,16,clonotype17,clonotype17_consensus_2
ATCGAGTCAGTTAACC-1,True,ATCGAGTCAGTTAACC-1_contig_2,True,647,TRA,TRAV14-2,None,TRAJ49,TRAC,True,True,CAAQGYQNFYF,TGTGCAGCACAGGGTTACCAGAACTTCTATTTT,25876,16,clonotype17,clonotype17_consensus_3
ATCGAGTCAGTTAACC-1,True,ATCGAGTCAGTTAACC-1_contig_3,True,596,TRA,TRAV4D-4,None,TRAJ45,TRAC,True,True,CAAYTEGADRLTF,TGTGCTGCCTATACAGAAGGTGCAGATAGACTCACCTTT,14330,9,clonotype17,clonotype17_consensus_1
ATCGAGTCAGTTAACC-1,True,ATCGAGTCAGTTAACC-1_contig_4,True,330,TRB,None,None,TRBJ2-7,None,False,False,None,None,7168,6,clonotype17,None
ATCGAGTGTGTGACGA-1,True,ATCGAGTGTGTGACGA-1_contig_1,True,544,TRA,TRAV6-6,None,TRAJ24,TRAC,True,True,CAPLTTASLGKLQF,TGTGCTCCGTTGACAACTGCCAGTTTGGGGAAACTGCAGTTT,25680,17,clonotype3,clonotype3_consensus_2
ATCGAGTGTGTGACGA-1,True,ATCGAGTGTGTGACGA-1_contig_2,True,512,TRB,TRBV13-1,None,TRBJ2-4,None,True,True,CASSEGTNTLYF,TGTGCCAGCAGTGAAGGAACAAACACCTTGTACTTT,33846,29,clonotype3,clonotype3_consensus_1
ATCGAGTGTGTGACGA-1,True,ATCGAGTGTGTGACGA-1_contig_3,True,706,TRA,TRAV9D-2,None,TRAJ26,TRAC,True,True,CVLSRGNNYAQGLTF,TGTGTTCTGAGCAGGGGCAATAACTATGCCCAGGGATTAACCTTC,17932,12,clonotype3,clonotype3_consensus_3
ATCGAGTGTTCAACCA-1,True,ATCGAGTGTTCAACCA-1_contig_1,True,649,TRA,TRAV14N-3,None,TRAJ6,TRAC,True,True,CAARTSGGNYKPTF,TGTGCAGCAAGAACCTCAGGAGGAAACTACAAACCTACGTTT,13984,8,clonotype4,clonotype4_consensus_2
ATCGAGTGTTCAACCA-1,True,ATCGAGTGTTCAACCA-1_contig_2,True,549,TRA,TRAV8N-2,None,TRAJ13,TRAC,True,True,CATEDSGTYQRF,TGTGCTACTGAGGATTCTGGGACTTACCAGAGGTTT,14196,13,clonotype4,clonotype4_consensus_1
ATCGAGTGTTCAACCA-1,True,ATCGAGTGTTCAACCA-1_contig_3,True,600,TRB,TRBV12-2+TRBV13-2,None,TRBJ2-7,None,True,True,CASGTGGDYEQYF,TGTGCCAGCGGGACTGGGGGGGACTATGAACAGTACTTC,18912,28,clonotype4,clonotype4_consensus_3
ATCGAGTGTTCAGGCC-1,True,ATCGAGTGTTCAGGCC-1_contig_1,True,560,TRA,TRAV3-3,None,TRAJ31,TRAC,True,True,CAVSAGNNRIFF,TGCGCAGTCAGTGCAGGCAATAACAGAATCTTCTTT,17040,14,clonotype34,clonotype34_consensus_2
ATCGAGTGTTCAGGCC-1,True,ATCGAGTGTTCAGGCC-1_contig_2,True,515,TRB,TRBV13-1,None,TRBJ2-3,None,True,True,CASEGQGAETLYF,TGTGCCAGCGAGGGACAGGGTGCAGAAACGCTGTATTTT,27862,22,clonotype34,clonotype34_consensus_1
ATCGAGTTCAGCGATT-1,True,ATCGAGTTCAGCGATT-1_contig_1,True,558,TRA,TRAV19,None,TRAJ39,TRAC,True,True,CAAGGNNAGAKLTF,TGCGCAGCAGGTGGGAATAATGCAGGTGCCAAGCTCACATTC,9128,4,clonotype1,clonotype1_consensus_2
ATCGAGTTCAGCGATT-1,True,ATCGAGTTCAGCGATT-1_contig_2,True,598,TRB,TRBV12-2+TRBV13-2,None,TRBJ1-2,TRBC1,True,True,CASGGGTGNSDYTF,TGTGCCAGCGGTGGGGGGACAGGGAACTCCGACTACACCTTC,11702,12,clonotype1,clonotype1_consensus_1
ATCGAGTTCAGCGATT-1,True,ATCGAGTTCAGCGATT-1_contig_3,True,353,TRB,None,None,TRBJ2-1,None,False,False,None,None,2418,3,clonotype1,None
ATCGAGTTCCACTCCA-1,True,ATCGAGTTCCACTCCA-1_contig_1,True,593,TRA,TRAV19,None,TRAJ39,TRAC,True,True,CAAGGNNAGAKLTF,TGCGCAGCAGGTGGGAATAATGCAGGTGCCAAGCTCACATTC,7084,5,clonotype1,clonotype1_consensus_2
ATCGAGTTCCACTCCA-1,True,ATCGAGTTCCACTCCA-1_contig_2,True,568,TRB,TRBV12-2+TRBV13-2,None,TRBJ1-2,TRBC1,True,True,CASGGGTGNSDYTF,TGTGCCAGCGGTGGGGGGACAGGGAACTCCGACTACACCTTC,5392,4,clonotype1,clonotype1_consensus_1
ATCGAGTTCCGGGTGT-1,True,ATCGAGTTCCGGGTGT-1_contig_1,True,519,TRA,TRAV19,None,TRAJ39,TRAC,True,True,CAAGGNNAGAKLTF,TGCGCAGCAGGTGGGAATAATGCAGGTGCCAAGCTCACATTC,2434,1,clonotype1,clonotype1_consensus_2
ATCGAGTTCCGGGTGT-1,True,ATCGAGTTCCGGGTGT-1_contig_2,True,566,TRB,TRBV12-2+TRBV13-2,None,TRBJ1-2,TRBC1,True,True,CASGGGTGNSDYTF,TGTGCCAGCGGTGGGGGGACAGGGAACTCCGACTACACCTTC,14020,11,clonotype1,clonotype1_consensus_1
ATCGAGTTCCGGGTGT-1,True,ATCGAGTTCCGGGTGT-1_contig_3,True,368,TRB,None,None,TRBJ2-1,None,False,False,None,None,4520,4,clonotype1,None
ATCTACTAGAATGTGT-1,True,ATCTACTAGAATGTGT-1_contig_1,True,532,TRA,TRAV13-4-DV7,None,TRAJ58,TRAC,True,True,CAPMQQGTGSKLSF,TGTGCTCCTATGCAGCAAGGCACTGGGTCTAAGCTGTCATTT,17326,13,clonotype18,clonotype18_consensus_2
ATCTACTAGAATGTGT-1,True,ATCTACTAGAATGTGT-1_contig_2,True,525,TRB,TRBV17,None,TRBJ2-5,None,True,True,CASSRKGVQDTQYF,TGTGCTAGCAGTAGAAAGGGGGTCCAAGACACCCAGTACTTT,41394,28,clonotype18,clonotype18_consensus_1
ATCTACTAGAATGTGT-1,True,ATCTACTAGAATGTGT-1_contig_3,True,357,TRB,None,None,TRBJ2-7,None,False,False,None,None,6292,4,clonotype18,None
ATCTACTAGAATGTGT-1,True,ATCTACTAGAATGTGT-1_contig_4,True,629,TRB,TRBV1,None,TRBJ1-3,TRBC1,True,False,None,None,6824,4,clonotype18,None
ATCTACTAGCTGGAAC-1,True,ATCTACTAGCTGGAAC-1_contig_1,True,502,TRB,TRBV13-1,None,TRBJ1-1,TRBC1,True,True,CASSDPAEVFF,TGTGCCAGCAGTGATCCAGCGGAAGTCTTCTTT,14594,11,clonotype101,clonotype101_consensus_1
ATCTACTAGCTGGAAC-1,True,ATCTACTAGCTGGAAC-1_contig_2,True,622,TRA,TRAV16D-DV11,None,TRAJ22,TRAC,True,True,CAMREALSSGSWQLIF,TGTGCTATGAGAGAGGCCCTATCTTCTGGCAGCTGGCAACTCATCTTT,6712,5,clonotype101,clonotype101_consensus_2
ATCTACTAGCTGGAAC-1,True,ATCTACTAGCTGGAAC-1_contig_3,True,355,TRB,None,None,TRBJ2-1,None,False,False,None,None,6286,2,clonotype101,None
ATCTACTAGCTGGAAC-1,True,ATCTACTAGCTGGAAC-1_contig_4,True,510,TRA,TRAV3-3,None,TRAJ37,TRAC,True,False,None,None,1878,2,clonotype101,None
ATCTACTAGCTGGAAC-1,True,ATCTACTAGCTGGAAC-1_contig_5,True,607,TRA,TRAV12-1,None,TRAJ17,TRAC,True,False,None,None,2260,2,clonotype101,None
ATCTACTAGTACGACG-1,True,ATCTACTAGTACGACG-1_contig_1,True,579,TRA,TRAV6-6,None,TRAJ24,TRAC,True,True,CAPLTTASLGKLQF,TGTGCTCCGTTGACAACTGCCAGTTTGGGGAAACTGCAGTTT,9440,5,clonotype3,clonotype3_consensus_2
ATCTACTAGTACGACG-1,True,ATCTACTAGTACGACG-1_contig_2,True,505,TRB,TRBV13-1,None,TRBJ2-4,None,True,True,CASSEGTNTLYF,TGTGCCAGCAGTGAAGGAACAAACACCTTGTACTTT,29034,23,clonotype3,clonotype3_consensus_1
ATCTACTAGTACGACG-1,True,ATCTACTAGTACGACG-1_contig_3,True,721,TRA,TRAV9D-2,None,TRAJ26,TRAC,True,True,CVLSRGNNYAQGLTF,TGTGTTCTGAGCAGGGGCAATAACTATGCCCAGGGATTAACCTTC,5552,5,clonotype3,clonotype3_consensus_3
ATCTACTAGTACGACG-1,True,ATCTACTAGTACGACG-1_contig_4,True,582,TRB,TRBV12-2+TRBV13-2,None,TRBJ2-5,None,True,False,CASGDW,TGTGCCAGCGGTGACTGG,3978,4,clonotype3,None
ATCTACTGTAATCACC-1,True,ATCTACTGTAATCACC-1_contig_1,True,558,TRA,TRAV19,None,TRAJ39,TRAC,True,True,CAAGGNNAGAKLTF,TGCGCAGCAGGTGGGAATAATGCAGGTGCCAAGCTCACATTC,20622,20,clonotype1,clonotype1_consensus_2
ATCTACTGTAATCACC-1,True,ATCTACTGTAATCACC-1_contig_2,True,569,TRB,TRBV12-2+TRBV13-2,None,TRBJ1-2,TRBC1,True,True,CASGGGTGNSDYTF,TGTGCCAGCGGTGGGGGGACAGGGAACTCCGACTACACCTTC,24612,26,clonotype1,clonotype1_consensus_1
ATCTACTGTAATCACC-1,True,ATCTACTGTAATCACC-1_contig_3,True,355,TRB,None,None,TRBJ2-1,None,False,False,None,None,21720,18,clonotype1,None
ATCTACTGTAATCACC-1,True,ATCTACTGTAATCACC-1_contig_4,True,456,TRB,None,None,TRBJ2-7,None,False,False,None,None,4874,3,clonotype1,None
ATCTACTGTACCGAGA-1,True,ATCTACTGTACCGAGA-1_contig_1,True,550,TRA,TRAV10N,None,TRAJ23,TRAC,True,True,CAASNRYNQGKLIF,TGTGCAGCAAGCAACCGGTATAACCAGGGGAAGCTTATCTTT,23018,13,clonotype167,clonotype167_consensus_1
ATCTACTGTACCGAGA-1,True,ATCTACTGTACCGAGA-1_contig_2,True,609,TRB,TRBV12-2+TRBV13-2,None,TRBJ2-5,None,True,True,CASGTGDTQYF,TGTGCCAGCGGCACCGGGGACACCCAGTACTTT,7556,8,clonotype167,clonotype167_consensus_3
ATCTACTGTACCGAGA-1,True,ATCTACTGTACCGAGA-1_contig_3,True,522,TRA,TRAV7N-6,None,TRAJ6,TRAC,True,True,CASSGGNYKPTF,TGTGCATCCTCAGGAGGAAACTACAAACCTACGTTT,22282,14,clonotype167,clonotype167_consensus_2
ATCTACTGTTATCCGA-1,True,ATCTACTGTTATCCGA-1_contig_1,True,549,TRB,TRBV16,None,TRBJ2-5,None,True,True,CASSFGGAPDTQYF,TGTGCAAGCAGCTTTGGGGGGGCGCCAGACACCCAGTACTTT,4968,5,clonotype17,clonotype17_consensus_2
ATCTACTGTTATCCGA-1,True,ATCTACTGTTATCCGA-1_contig_2,True,522,TRA,TRAV14-2,None,TRAJ49,TRAC,True,True,CAAQGYQNFYF,TGTGCAGCACAGGGTTACCAGAACTTCTATTTT,6874,3,clonotype17,clonotype17_consensus_3
ATCTACTGTTATCCGA-1,True,ATCTACTGTTATCCGA-1_contig_3,True,563,TRA,TRAV4D-4,None,TRAJ45,TRAC,True,True,CAAYTEGADRLTF,TGTGCTGCCTATACAGAAGGTGCAGATAGACTCACCTTT,13940,10,clonotype17,clonotype17_consensus_1
ATCTACTGTTATCCGA-1,True,ATCTACTGTTATCCGA-1_contig_4,True,358,TRB,None,None,TRBJ2-3,None,False,False,None,None,1802,1,clonotype17,None
ATCTACTGTTATCCGA-1,True,ATCTACTGTTATCCGA-1_contig_5,True,346,TRB,None,None,TRBJ2-7,None,False,False,None,None,6210,4,clonotype17,None
ATCTACTTCAAGGTAA-1,True,ATCTACTTCAAGGTAA-1_contig_1,True,546,TRA,TRAV7D-5,None,TRAJ31,TRAC,True,True,CAVRSNNRIFF,TGTGCAGTGAGAAGCAATAACAGAATCTTCTTT,32074,16,clonotype276,clonotype276_consensus_3
ATCTACTTCAAGGTAA-1,True,ATCTACTTCAAGGTAA-1_contig_2,True,539,TRA,TRAV8-1,None,TRAJ30,TRAC,True,True,CATDTNAYKVIF,TGTGCTACTGACACAAATGCTTACAAAGTCATCTTT,8864,8,clonotype276,clonotype276_consensus_1
ATCTACTTCAAGGTAA-1,True,ATCTACTTCAAGGTAA-1_contig_3,True,578,TRB,TRBV12-2+TRBV13-2,None,TRBJ2-1,None,True,True,CASGAGDYAEQFF,TGTGCCAGCGGTGCTGGGGACTATGCTGAGCAGTTCTTC,5112,4,clonotype276,clonotype276_consensus_2
ATCTACTTCATTTGGG-1,True,ATCTACTTCATTTGGG-1_contig_1,True,556,TRA,TRAV19,None,TRAJ39,TRAC,True,True,CAAGGNNAGAKLTF,TGCGCAGCAGGTGGGAATAATGCAGGTGCCAAGCTCACATTC,4372,3,clonotype1,clonotype1_consensus_2
ATCTACTTCATTTGGG-1,True,ATCTACTTCATTTGGG-1_contig_2,True,568,TRB,TRBV12-2+TRBV13-2,None,TRBJ1-2,TRBC1,True,True,CASGGGTGNSDYTF,TGTGCCAGCGGTGGGGGGACAGGGAACTCCGACTACACCTTC,4828,5,clonotype1,clonotype1_consensus_1
ATCTACTTCATTTGGG-1,True,ATCTACTTCATTTGGG-1_contig_3,True,358,TRB,None,None,TRBJ2-1,None,False,False,None,None,3844,2,clonotype1,None
ATCTACTTCTTCTGGC-1,True,ATCTACTTCTTCTGGC-1_contig_1,True,547,TRA,TRAV6-6,None,TRAJ24,TRAC,True,True,CAPLTTASLGKLQF,TGTGCTCCGTTGACAACTGCCAGTTTGGGGAAACTGCAGTTT,9706,10,clonotype2,clonotype2_consensus_2
ATCTACTTCTTCTGGC-1,True,ATCTACTTCTTCTGGC-1_contig_2,True,505,TRB,TRBV13-1,None,TRBJ2-4,None,True,True,CASSEGTNTLYF,TGTGCCAGCAGTGAAGGAACAAACACCTTGTACTTT,52484,38,clonotype2,clonotype2_consensus_1
ATCTGCCAGACGACGT-1,True,ATCTGCCAGACGACGT-1_contig_1,True,519,TRA,TRAV6-6,None,TRAJ24,TRAC,True,True,CAPLTTASLGKLQF,TGTGCTCCGTTGACAACTGCCAGTTTGGGGAAACTGCAGTTT,13044,7,clonotype2,clonotype2_consensus_2
ATCTGCCAGACGACGT-1,True,ATCTGCCAGACGACGT-1_contig_2,True,505,TRB,TRBV13-1,None,TRBJ2-4,None,True,True,CASSEGTNTLYF,TGTGCCAGCAGTGAAGGAACAAACACCTTGTACTTT,7118,6,clonotype2,clonotype2_consensus_1
ATCTGCCAGACGACGT-1,True,ATCTGCCAGACGACGT-1_contig_3,True,611,TRB,TRBV12-2+TRBV13-2,None,TRBJ2-5,None,True,False,CASGDW,TGTGCCAGCGGTGACTGG,3386,2,clonotype2,None
ATCTGCCAGACGACGT-1,True,ATCTGCCAGACGACGT-1_contig_4,True,458,TRA,TRAV9D-2,None,TRAJ26,TRAC,True,False,CVLSRGNNYAQGLTF,TGTGTTCTGAGCAGGGGCAATAACTATGCCCAGGGATTAACCTTC,10270,5,clonotype2,None
ATCTGCCAGACGACGT-1,True,ATCTGCCAGACGACGT-1_contig_5,True,371,TRB,None,None,TRBJ2-7,None,False,False,None,None,1122,1,clonotype2,None
ATCTGCCAGATATACG-1,True,ATCTGCCAGATATACG-1_contig_1,True,558,TRA,TRAV19,None,TRAJ39,TRAC,True,True,CAAGGNNAGAKLTF,TGCGCAGCAGGTGGGAATAATGCAGGTGCCAAGCTCACATTC,10310,4,clonotype1,clonotype1_consensus_2
ATCTGCCAGATATACG-1,True,ATCTGCCAGATATACG-1_contig_2,True,571,TRB,TRBV12-2+TRBV13-2,None,TRBJ1-2,TRBC1,True,True,CASGGGTGNSDYTF,TGTGCCAGCGGTGGGGGGACAGGGAACTCCGACTACACCTTC,2908,3,clonotype1,clonotype1_consensus_1
ATCTGCCCACATGGGA-1,True,ATCTGCCCACATGGGA-1_contig_1,True,507,TRB,TRBV31,None,TRBJ2-4,None,True,True,CAWDNQNTLYF,TGTGCCTGGGACAATCAAAACACCTTGTACTTT,8138,6,clonotype277,clonotype277_consensus_1
ATCTGCCCACATGGGA-1,True,ATCTGCCCACATGGGA-1_contig_2,True,354,TRA,TRAV9D-3,None,TRAJ22,TRAC,True,False,CEHDPSGSWQLIF,TGTGAGCATGACCCTTCTGGCAGCTGGCAACTCATCTTT,522,1,clonotype277,None
ATCTGCCCATGACGGA-1,True,ATCTGCCCATGACGGA-1_contig_1,True,558,TRA,TRAV19,None,TRAJ39,TRAC,True,True,CAAGGNNAGAKLTF,TGCGCAGCAGGTGGGAATAATGCAGGTGCCAAGCTCACATTC,7544,6,clonotype19,clonotype19_consensus_1
ATCTGCCGTTTCCACC-1,True,ATCTGCCGTTTCCACC-1_contig_1,True,536,TRA,TRAV6-6,None,TRAJ24,TRAC,True,True,CAPLTTASLGKLQF,TGTGCTCCGTTGACAACTGCCAGTTTGGGGAAACTGCAGTTT,1792,1,clonotype2,clonotype2_consensus_2
ATCTGCCGTTTCCACC-1,True,ATCTGCCGTTTCCACC-1_contig_2,True,512,TRB,TRBV13-1,None,TRBJ2-4,None,True,True,CASSEGTNTLYF,TGTGCCAGCAGTGAAGGAACAAACACCTTGTACTTT,8234,5,clonotype2,clonotype2_consensus_1
ATCTGCCGTTTCCACC-1,True,ATCTGCCGTTTCCACC-1_contig_3,True,430,TRA,TRAV9D-2,None,TRAJ26,TRAC,True,False,CVLSRGNNYAQGLTF,TGTGTTCTGAGCAGGGGCAATAACTATGCCCAGGGATTAACCTTC,4348,2,clonotype2,None
ATCTGCCTCCGTAGGC-1,True,ATCTGCCTCCGTAGGC-1_contig_1,True,544,TRA,TRAV8-1,None,TRAJ30,TRAC,True,True,CATDTNAYKVIF,TGTGCTACTGACACAAATGCTTACAAAGTCATCTTT,5094,5,clonotype13,clonotype13_consensus_1
ATCTGCCTCCGTAGGC-1,True,ATCTGCCTCCGTAGGC-1_contig_2,True,565,TRB,TRBV12-2+TRBV13-2,None,TRBJ1-5,TRBC1,True,True,CASGTGDNQAPLF,TGTGCCAGCGGGACAGGGGACAACCAGGCTCCGCTTTTT,8284,5,clonotype13,clonotype13_consensus_2
ATGAGGGAGAAGCCCA-1,True,ATGAGGGAGAAGCCCA-1_contig_1,True,512,TRB,TRBV13-1,None,TRBJ2-7,None,True,True,CASSGGHLEQYF,TGTGCCAGCAGTGGGGGACACCTTGAACAGTACTTC,11292,7,clonotype122,clonotype122_consensus_2
ATGAGGGAGAAGCCCA-1,True,ATGAGGGAGAAGCCCA-1_contig_2,True,522,TRA,TRAV7N-6,None,TRAJ34,TRAC,True,True,CAISSNTNKVVF,TGTGCAATTTCTTCCAATACCAACAAAGTCGTCTTT,2212,1,clonotype122,clonotype122_consensus_1
ATGAGGGAGTACGCGA-1,True,ATGAGGGAGTACGCGA-1_contig_1,True,549,TRB,TRBV16,None,TRBJ2-7,None,True,True,CASSLGGGLDEQYF,TGTGCAAGCAGCTTAGGGGGGGGGCTCGATGAACAGTACTTC,15490,13,clonotype278,clonotype278_consensus_1
ATGAGGGAGTACGCGA-1,True,ATGAGGGAGTACGCGA-1_contig_2,True,507,TRA,TRAV21-DV12,None,TRAJ42,TRAC,True,True,CILRVHGGSNAKLTF,TGTATCCTGAGAGTCCATGGAGGAAGCAATGCAAAGCTAACCTTC,14582,11,clonotype278,clonotype278_consensus_2
ATGAGGGAGTACGCGA-1,True,ATGAGGGAGTACGCGA-1_contig_3,True,580,TRB,TRBV12-2+TRBV13-2,None,TRBJ2-7,None,True,True,CASGVQGEQYF,TGTGCCAGCGGTGTTCAGGGAGAACAGTACTTC,34384,36,clonotype278,clonotype278_consensus_3
ATGAGGGAGTACGCGA-1,True,ATGAGGGAGTACGCGA-1_contig_4,True,344,TRB,None,None,TRBJ2-3,None,False,False,None,None,2356,1,clonotype278,None
ATGAGGGAGTACGCGA-1,True,ATGAGGGAGTACGCGA-1_contig_5,True,554,Multi,TRDV1,None,TRAJ45,TRAC,True,False,CGGTEGADRLTF,TGTGGAGGGACAGAAGGTGCAGATAGACTCACCTTT,3236,2,clonotype278,None
ATGAGGGCACACAGAG-1,True,ATGAGGGCACACAGAG-1_contig_1,True,574,TRA,TRAV3D-3,None,TRAJ42,TRAC,True,True,CAVDSGGSNAKLTF,TGCGCAGTCGATTCTGGAGGAAGCAATGCAAAGCTAACCTTC,1410,1,clonotype279,clonotype279_consensus_1
ATGAGGGCACACAGAG-1,True,ATGAGGGCACACAGAG-1_contig_2,True,539,TRA,TRAV8-1,None,TRAJ30,TRAC,True,True,CATDTNAYKVIF,TGTGCCACTGACACAAATGCTTACAAAGTCATCTTT,1528,1,clonotype279,clonotype279_consensus_3
ATGAGGGCACACAGAG-1,True,ATGAGGGCACACAGAG-1_contig_3,True,989,TRB,TRBV12-2+TRBV13-2,None,TRBJ1-5,TRBC1,True,True,CASGTGDNQAPLF,TGTGCCAGCGGGACAGGGGACAACCAGGCTCCGCTTTTT,5296,6,clonotype279,clonotype279_consensus_2
ATGAGGGCACACAGAG-1,True,ATGAGGGCACACAGAG-1_contig_4,True,356,TRB,None,None,TRBJ2-1,None,False,False,None,None,2764,3,clonotype279,None
ATGAGGGGTATCTGCA-1,True,ATGAGGGGTATCTGCA-1_contig_1,True,538,TRA,TRAV8-1,None,TRAJ30,TRAC,True,True,CATDTNAYKVIF,TGTGCTACTGACACAAATGCTTACAAAGTCATCTTT,3576,2,clonotype70,clonotype70_consensus_1
ATGAGGGGTTAAGACA-1,True,ATGAGGGGTTAAGACA-1_contig_1,True,568,TRB,TRBV12-2,None,TRBJ2-5,None,True,True,CASSLQGVQDTQYF,TGTGCCAGCTCTCTCCAGGGGGTCCAAGACACCCAGTACTTT,5760,5,clonotype75,clonotype75_consensus_1
ATGAGGGTCAGCAACT-1,True,ATGAGGGTCAGCAACT-1_contig_1,True,517,TRA,TRAV6-6,None,TRAJ24,TRAC,True,True,CAPLTTASLGKLQF,TGTGCTCCGTTGACAACTGCCAGTTTGGGGAAACTGCAGTTT,8150,4,clonotype3,clonotype3_consensus_2
ATGAGGGTCAGCAACT-1,True,ATGAGGGTCAGCAACT-1_contig_2,True,505,TRB,TRBV13-1,None,TRBJ2-4,None,True,True,CASSEGTNTLYF,TGTGCCAGCAGTGAAGGAACAAACACCTTGTACTTT,18062,14,clonotype3,clonotype3_consensus_1
ATGAGGGTCAGCAACT-1,True,ATGAGGGTCAGCAACT-1_contig_3,True,730,TRA,TRAV9D-2,None,TRAJ26,TRAC,True,True,CVLSRGNNYAQGLTF,TGTGTTCTGAGCAGGGGCAATAACTATGCCCAGGGATTAACCTTC,7748,4,clonotype3,clonotype3_consensus_3
ATGAGGGTCAGCAACT-1,True,ATGAGGGTCAGCAACT-1_contig_4,True,309,TRA,None,None,TRAJ18,TRAC,False,False,None,None,2660,1,clonotype3,None
ATGAGGGTCAGCGATT-1,True,ATGAGGGTCAGCGATT-1_contig_1,True,549,TRB,TRBV16,None,TRBJ2-5,None,True,True,CASSWGGGQDTQYF,TGTGCAAGCAGCTGGGGGGGCGGGCAAGACACCCAGTACTTT,7600,11,clonotype46,clonotype46_consensus_1
ATGAGGGTCGCATGGC-1,True,ATGAGGGTCGCATGGC-1_contig_1,True,532,TRA,TRAV13-4-DV7,None,TRAJ58,TRAC,True,True,CAPMQQGTGSKLSF,TGTGCTCCTATGCAGCAAGGCACTGGGTCTAAGCTGTCATTT,5132,3,clonotype18,clonotype18_consensus_2
ATGAGGGTCGCATGGC-1,True,ATGAGGGTCGCATGGC-1_contig_2,True,525,TRB,TRBV17,None,TRBJ2-5,None,True,True,CASSRKGVQDTQYF,TGTGCTAGCAGTAGAAAGGGGGTCCAAGACACCCAGTACTTT,18024,11,clonotype18,clonotype18_consensus_1
ATGAGGGTCGCATGGC-1,True,ATGAGGGTCGCATGGC-1_contig_3,True,429,TRB,None,None,TRBJ2-3,None,False,False,None,None,7644,3,clonotype18,None
ATGCGATCAACACCCG-1,True,ATGCGATCAACACCCG-1_contig_1,True,566,TRA,TRAV3-3,None,TRAJ49,TRAC,True,True,CAVSGSTGYQNFYF,TGCGCAGTCAGTGGGAGCACGGGTTACCAGAACTTCTATTTT,4302,4,clonotype5,clonotype5_consensus_1
ATGCGATCAACACCCG-1,True,ATGCGATCAACACCCG-1_contig_2,True,561,TRB,TRBV12-2+TRBV13-2,None,TRBJ2-7,None,True,True,CASGVQGWEQYF,TGTGCCAGCGGTGTACAGGGGTGGGAACAGTACTTC,16826,13,clonotype5,clonotype5_consensus_2
ATGCGATCAACACCCG-1,True,ATGCGATCAACACCCG-1_contig_3,True,540,TRA,TRAV6D-5,None,TRAJ38,TRAC,True,False,CTTVFWDNVGDNSKLIW,TGTACTACTGTGTTCTGGGATAATGTTGGTGACAACAGTAAGCTGATTTGG,4132,3,clonotype5,None
ATGCGATCAGGCGATA-1,True,ATGCGATCAGGCGATA-1_contig_1,True,558,TRA,TRAV19,None,TRAJ39,TRAC,True,True,CAAGGNNAGAKLTF,TGCGCAGCAGGTGGGAATAATGCAGGTGCCAAGCTCACATTC,8836,4,clonotype1,clonotype1_consensus_2
ATGCGATCAGGCGATA-1,True,ATGCGATCAGGCGATA-1_contig_2,True,571,TRB,TRBV12-2+TRBV13-2,None,TRBJ1-2,TRBC1,True,True,CASGGGTGNSDYTF,TGTGCCAGCGGTGGGGGGACAGGGAACTCCGACTACACCTTC,16258,12,clonotype1,clonotype1_consensus_1
ATGCGATCATGGTCTA-1,True,ATGCGATCATGGTCTA-1_contig_1,True,508,TRA,TRAV6-6,None,TRAJ24,TRAC,True,True,CAPLTTASLGKLQF,TGTGCTCCGTTGACAACTGCCAGTTTGGGGAAACTGCAGTTT,2440,2,clonotype2,clonotype2_consensus_2
ATGCGATCATGGTCTA-1,True,ATGCGATCATGGTCTA-1_contig_2,True,505,TRB,TRBV13-1,None,TRBJ2-4,None,True,True,CASSEGTNTLYF,TGTGCCAGCAGTGAAGGAACAAACACCTTGTACTTT,8778,8,clonotype2,clonotype2_consensus_1
ATGCGATCATGGTCTA-1,True,ATGCGATCATGGTCTA-1_contig_3,True,390,TRB,None,None,TRBJ2-7,None,False,False,None,None,8028,5,clonotype2,None
ATGCGATCATGGTCTA-1,True,ATGCGATCATGGTCTA-1_contig_4,True,405,TRA,TRAV9D-2,None,TRAJ26,TRAC,True,False,CVLSRGNNYAQGLTF,TGTGTTCTGAGCAGGGGCAATAACTATGCCCAGGGATTAACCTTC,5200,2,clonotype2,None
ATGCGATCATGGTCTA-1,True,ATGCGATCATGGTCTA-1_contig_5,True,1003,TRA,TRAV10D,None,TRAJ24,TRAC,True,False,None,None,7516,6,clonotype2,None
ATGCGATGTCGGATCC-1,True,ATGCGATGTCGGATCC-1_contig_1,True,549,TRB,TRBV16,None,TRBJ2-5,None,True,True,CASSFGGAPDTQYF,TGTGCAAGCAGCTTTGGGGGGGCGCCAGACACCCAGTACTTT,3760,3,clonotype17,clonotype17_consensus_2
ATGCGATGTCGGATCC-1,True,ATGCGATGTCGGATCC-1_contig_2,True,614,TRA,TRAV14-2,None,TRAJ49,TRAC,True,True,CAAQGYQNFYF,TGTGCAGCACAGGGTTACCAGAACTTCTATTTT,5348,4,clonotype17,clonotype17_consensus_3
ATGCGATGTCGGATCC-1,True,ATGCGATGTCGGATCC-1_contig_3,True,596,TRA,TRAV4D-4,None,TRAJ45,TRAC,True,True,CAAYTEGADRLTF,TGTGCTGCCTATACAGAAGGTGCAGATAGACTCACCTTT,8776,6,clonotype17,clonotype17_consensus_1
ATGCGATGTCGGATCC-1,True,ATGCGATGTCGGATCC-1_contig_4,True,369,TRB,None,None,TRBJ2-1,None,False,False,None,None,3328,4,clonotype17,None
ATGCGATGTCGGATCC-1,True,ATGCGATGTCGGATCC-1_contig_5,True,409,TRA,None,None,TRAJ26,TRAC,False,False,None,None,1328,1,clonotype17,None
ATGCGATGTCGGCATC-1,True,ATGCGATGTCGGCATC-1_contig_1,True,558,TRA,TRAV19,None,TRAJ39,TRAC,True,True,CAAGGNNAGAKLTF,TGCGCAGCAGGTGGGAATAATGCAGGTGCCAAGCTCACATTC,3378,3,clonotype1,clonotype1_consensus_2
ATGCGATGTCGGCATC-1,True,ATGCGATGTCGGCATC-1_contig_2,True,560,TRB,TRBV12-2+TRBV13-2,None,TRBJ1-2,TRBC1,True,True,CASGGGTGNSDYTF,TGTGCCAGCGGTGGGGGGACAGGGAACTCCGACTACACCTTC,12310,8,clonotype1,clonotype1_consensus_1
ATGCGATGTCGGCATC-1,True,ATGCGATGTCGGCATC-1_contig_3,True,335,TRB,None,None,TRBJ2-1,None,False,False,None,None,7936,4,clonotype1,None
ATGCGATGTTGCTCCT-1,True,ATGCGATGTTGCTCCT-1_contig_1,True,520,TRA,TRAV14N-3,None,TRAJ6,TRAC,True,True,CAARTSGGNYKPTF,TGTGCAGCAAGAACCTCAGGAGGAAACTACAAACCTACGTTT,2666,1,clonotype280,clonotype280_consensus_2
ATGCGATGTTGCTCCT-1,True,ATGCGATGTTGCTCCT-1_contig_2,True,549,TRB,TRBV12-2+TRBV13-2,None,TRBJ2-4,None,True,True,CASGTGDTLYF,TGTGCCAGCGGTACGGGCGACACCTTGTACTTT,2046,2,clonotype280,clonotype280_consensus_3
ATGCGATGTTGCTCCT-1,True,ATGCGATGTTGCTCCT-1_contig_3,True,549,TRA,TRAV8N-2,None,TRAJ13,TRAC,True,True,CATEDSGTYQRF,TGTGCTACTGAGGATTCTGGGACTTACCAGAGGTTT,2698,1,clonotype280,clonotype280_consensus_1
ATGCGATGTTGCTCCT-1,True,ATGCGATGTTGCTCCT-1_contig_4,True,338,TRB,None,None,TRBJ2-7,None,False,False,None,None,1336,1,clonotype280,None
ATGGGAGGTAAGTAGT-1,True,ATGGGAGGTAAGTAGT-1_contig_1,True,438,TRA,TRAV6-6,None,TRAJ24,None,True,True,CAPLTTASLGKLQF,TGTGCTCCGTTGACAACTGCCAGTTTGGGGAAACTGCAGTTT,760,1,clonotype2,clonotype2_consensus_2
ATGGGAGGTAAGTAGT-1,True,ATGGGAGGTAAGTAGT-1_contig_2,True,505,TRB,TRBV13-1,None,TRBJ2-4,None,True,True,CASSEGTNTLYF,TGTGCCAGCAGTGAAGGAACAAACACCTTGTACTTT,3960,4,clonotype2,clonotype2_consensus_1
ATGGGAGGTAAGTAGT-1,True,ATGGGAGGTAAGTAGT-1_contig_3,True,603,TRA,None,None,TRAJ25,TRAC,False,False,None,None,5212,4,clonotype2,None
ATGGGAGGTCTAGGTT-1,True,ATGGGAGGTCTAGGTT-1_contig_1,True,544,TRA,TRAV6-6,None,TRAJ24,TRAC,True,True,CAPLTTASLGKLQF,TGTGCTCCGTTGACAACTGCCAGTTTGGGGAAACTGCAGTTT,4010,3,clonotype2,clonotype2_consensus_2
ATGGGAGGTCTAGGTT-1,True,ATGGGAGGTCTAGGTT-1_contig_2,True,505,TRB,TRBV13-1,None,TRBJ2-4,None,True,True,CASSEGTNTLYF,TGTGCCAGCAGTGAAGGAACAAACACCTTGTACTTT,4360,6,clonotype2,clonotype2_consensus_1
ATGGGAGGTCTAGGTT-1,True,ATGGGAGGTCTAGGTT-1_contig_3,True,434,TRA,TRAV9D-2,None,TRAJ26,TRAC,True,False,CVLSRGNNYAQGLTF,TGTGTTCTGAGCAGGGGCAATAACTATGCCCAGGGATTAACCTTC,1346,3,clonotype2,None
ATGGGAGGTTAAGAAC-1,True,ATGGGAGGTTAAGAAC-1_contig_1,True,562,TRA,TRAV14D-1,None,TRAJ22,TRAC,True,True,CAASASSGSWQLIF,TGTGCAGCAAGTGCGTCTTCTGGCAGCTGGCAACTCATCTTT,8092,5,clonotype56,clonotype56_consensus_1
ATGGGAGGTTAAGAAC-1,True,ATGGGAGGTTAAGAAC-1_contig_2,True,517,TRB,TRBV14,None,TRBJ2-5,None,True,True,CASSPGTDDTQYF,TGTGCCAGCAGTCCCGGGACAGATGACACCCAGTACTTT,14646,12,clonotype56,clonotype56_consensus_2
ATGGGAGGTTAAGAAC-1,True,ATGGGAGGTTAAGAAC-1_contig_3,True,553,TRB,TRBV16,None,TRBJ2-1,None,True,False,None,None,3726,2,clonotype56,None
ATGGGAGGTTGATTCG-1,True,ATGGGAGGTTGATTCG-1_contig_1,True,549,TRB,TRBV16,None,TRBJ2-5,None,True,True,CASSLGGGQDTQYF,TGTGCAAGCAGCTTAGGGGGGGGCCAAGACACCCAGTACTTT,16832,16,clonotype15,clonotype15_consensus_1
ATGGGAGGTTGATTCG-1,True,ATGGGAGGTTGATTCG-1_contig_2,True,560,TRA,TRAV4D-3,None,TRAJ27,TRAC,True,True,CAADGPNTGKLTF,TGTGCTGCGGACGGACCCAATACAGGCAAATTAACCTTT,4664,6,clonotype15,clonotype15_consensus_2
ATGGGAGTCATCATTC-1,True,ATGGGAGTCATCATTC-1_contig_1,True,568,TRB,TRBV12-2+TRBV13-2,None,TRBJ1-2,TRBC1,True,True,CASGGGTGNSDYTF,TGTGCCAGCGGTGGGGGGACAGGGAACTCCGACTACACCTTC,2800,2,clonotype7,clonotype7_consensus_1
ATGGGAGTCATCATTC-1,True,ATGGGAGTCATCATTC-1_contig_2,True,442,TRB,None,None,TRBJ1-6,TRBC1,False,False,None,None,1118,1,clonotype7,None
ATGGGAGTCTGAGTGT-1,True,ATGGGAGTCTGAGTGT-1_contig_1,True,559,TRA,TRAV8D-2,None,TRAJ30,TRAC,True,True,CATRDDKVIF,TGTGCTACACGGGACGACAAAGTCATCTTT,1616,2,clonotype281,clonotype281_consensus_1
ATGGGAGTCTGAGTGT-1,True,ATGGGAGTCTGAGTGT-1_contig_2,True,514,TRB,TRBV14,None,TRBJ1-3,TRBC1,True,True,CASSLTGNTLYF,TGTGCCAGCAGTTTGACTGGAAATACGCTCTATTTT,8118,5,clonotype281,clonotype281_consensus_4
ATGGGAGTCTGAGTGT-1,True,ATGGGAGTCTGAGTGT-1_contig_3,True,571,TRA,TRAV14-1,None,TRAJ27,TRAC,True,True,CAASPNTGKLTF,TGTGCAGCAAGTCCCAATACAGGCAAATTAACCTTT,1092,1,clonotype281,clonotype281_consensus_3
ATGGGAGTCTGAGTGT-1,True,ATGGGAGTCTGAGTGT-1_contig_4,True,664,TRB,TRBV19,None,TRBJ2-5,None,True,True,CASSRGGGQDTQYF,TGTGCCAGCAGTAGAGGGGGGGGGCAAGACACCCAGTACTTT,10386,8,clonotype281,clonotype281_consensus_2
ATGGGAGTCTGAGTGT-1,True,ATGGGAGTCTGAGTGT-1_contig_5,True,458,TRB,None,None,TRBJ2-7,None,False,False,None,None,3698,4,clonotype281,None
ATGGGAGTCTGAGTGT-1,True,ATGGGAGTCTGAGTGT-1_contig_6,True,475,TRA,TRAV16N,None,TRAJ5,TRAC,True,False,CASGTQVVGQLTF,TGTGCTTCGGGGACACAGGTTGTGGGGCAGCTCACTTTC,2954,1,clonotype281,None
ATGTGTGAGCGACGTA-1,True,ATGTGTGAGCGACGTA-1_contig_1,True,569,TRB,TRBV12-2+TRBV13-2,None,TRBJ2-3,None,True,True,CASGDAPPGEGTLYF,TGTGCCAGCGGTGATGCACCTCCAGGGGAGGGAACGCTGTATTTT,2028,3,clonotype168,clonotype168_consensus_2
ATGTGTGAGCGACGTA-1,True,ATGTGTGAGCGACGTA-1_contig_2,True,501,TRA,TRAV8N-2,None,TRAJ13,TRAC,True,True,CATEDSGTYQRF,TGTGCTACTGAGGATTCTGGGACTTACCAGAGGTTT,2220,1,clonotype168,clonotype168_consensus_1
ATGTGTGCAATAGAGT-1,True,ATGTGTGCAATAGAGT-1_contig_1,True,547,TRA,TRAV7D-5,None,TRAJ16,TRAC,True,True,CAVSSPATSSGQKLVF,TGTGCAGTGAGCAGCCCCGCAACTTCAAGTGGCCAGAAGCTGGTTTTT,14500,9,clonotype30,clonotype30_consensus_2
ATGTGTGCAATAGAGT-1,True,ATGTGTGCAATAGAGT-1_contig_2,True,574,TRB,TRBV12-2,None,TRBJ1-2,TRBC1,True,True,CASSLSTGGVNSDYTF,TGTGCCAGCTCTCTATCGACAGGGGGCGTGAACTCCGACTACACCTTC,3600,6,clonotype30,clonotype30_consensus_1
ATGTGTGCAATAGAGT-1,True,ATGTGTGCAATAGAGT-1_contig_3,True,453,TRB,None,None,TRBJ1-3,TRBC1,False,False,None,None,928,2,clonotype30,None
ATGTGTGCATAACCTG-1,True,ATGTGTGCATAACCTG-1_contig_1,True,603,TRB,TRBV12-2+TRBV13-2,None,TRBJ1-5,TRBC1,True,True,CASGTGDNQAPLF,TGTGCCAGCGGGACAGGGGACAACCAGGCTCCGCTTTTT,3994,3,clonotype16,clonotype16_consensus_1
ATGTGTGCATAACCTG-1,True,ATGTGTGCATAACCTG-1_contig_2,True,325,TRB,None,None,TRBJ2-3,None,False,False,None,None,1990,2,clonotype16,None
ATGTGTGGTATCAGTC-1,True,ATGTGTGGTATCAGTC-1_contig_1,True,558,TRA,TRAV16,None,TRAJ57,TRAC,True,True,CAMREPQGGSAKLIF,TGTGCTATGAGAGAGCCTCAAGGAGGGTCTGCGAAGCTCATCTTT,5430,3,clonotype22,clonotype22_consensus_3
ATGTGTGGTATCAGTC-1,True,ATGTGTGGTATCAGTC-1_contig_2,True,532,TRA,TRAV13-4-DV7,None,TRAJ58,TRAC,True,True,CAPMQQGTGSKLSF,TGTGCTCCTATGCAGCAAGGCACTGGGTCTAAGCTGTCATTT,6842,7,clonotype22,clonotype22_consensus_2
ATGTGTGGTATCAGTC-1,True,ATGTGTGGTATCAGTC-1_contig_3,True,525,TRB,TRBV17,None,TRBJ2-5,None,True,True,CASSRKGVQDTQYF,TGTGCTAGCAGTAGAAAGGGGGTCCAAGACACCCAGTACTTT,48560,30,clonotype22,clonotype22_consensus_1
ATGTGTGGTATCAGTC-1,True,ATGTGTGGTATCAGTC-1_contig_4,True,701,TRB,TRBV1,None,TRBJ1-3,TRBC1,True,False,None,None,7236,4,clonotype22,None
ATGTGTGTCCACGACG-1,True,ATGTGTGTCCACGACG-1_contig_1,True,549,TRB,TRBV16,None,TRBJ2-5,None,True,True,CASSFGGGEDTQYF,TGTGCAAGCAGCTTTGGGGGGGGGGAAGACACCCAGTACTTT,10286,10,clonotype40,clonotype40_consensus_2
ATGTGTGTCCACGACG-1,True,ATGTGTGTCCACGACG-1_contig_2,True,566,TRA,TRAV16,None,TRAJ49,TRAC,True,True,CAMRESNTGYQNFYF,TGTGCTATGAGAGAGTCGAACACGGGTTACCAGAACTTCTATTTT,218,1,clonotype40,clonotype40_consensus_1
ATGTGTGTCCACGACG-1,True,ATGTGTGTCCACGACG-1_contig_3,True,512,TRA,TRAV7D-3,None,TRAJ52,TRAC,True,False,CSGTGANTGKLTF,TGCAGTGGTACTGGAGCTAACACTGGAAAGCTCACGTTT,1748,1,clonotype40,None
ATGTGTGTCCACGACG-1,True,ATGTGTGTCCACGACG-1_contig_4,True,357,TRB,None,None,TRBJ2-7,None,False,False,None,None,1662,2,clonotype40,None
ATGTGTGTCGCTGATA-1,True,ATGTGTGTCGCTGATA-1_contig_1,True,533,TRA,TRAV12D-1,None,TRAJ5,TRAC,True,True,CALSDQGVVGQLTF,TGTGCTCTGAGTGATCAAGGGGTTGTGGGGCAGCTCACTTTC,3648,2,clonotype282,clonotype282_consensus_4
ATGTGTGTCGCTGATA-1,True,ATGTGTGTCGCTGATA-1_contig_2,True,512,TRB,TRBV13-1,None,TRBJ2-5,None,True,True,CASSDGDDTQYF,TGTGCCAGCAGTGACGGGGACGACACCCAGTACTTT,4432,4,clonotype282,clonotype282_consensus_2
ATGTGTGTCGCTGATA-1,True,ATGTGTGTCGCTGATA-1_contig_3,True,522,TRA,TRAV7N-6,None,TRAJ34,TRAC,True,True,CAISSNTNKVVF,TGTGCAATTTCTTCCAATACCAACAAAGTCGTCTTT,6458,3,clonotype282,clonotype282_consensus_1
ATGTGTGTCGCTGATA-1,True,ATGTGTGTCGCTGATA-1_contig_4,True,637,TRB,TRBV12-2+TRBV13-2,None,TRBJ1-2,TRBC1,True,True,CASGGQTNSDYTF,TGTGCCAGCGGTGGACAAACAAACTCCGACTACACCTTC,936,2,clonotype282,clonotype282_consensus_3
ATGTGTGTCGCTGATA-1,True,ATGTGTGTCGCTGATA-1_contig_5,True,403,TRA,TRAV9D-2,None,None,TRAC,False,False,None,None,2306,2,clonotype282,None
ATGTGTGTCGCTGATA-1,True,ATGTGTGTCGCTGATA-1_contig_6,True,356,TRB,None,None,TRBJ2-1,None,False,False,None,None,11246,5,clonotype282,None
ATTACTCAGAAAGTGG-1,True,ATTACTCAGAAAGTGG-1_contig_1,True,519,TRA,TRAV19,None,TRAJ39,TRAC,True,True,CAAGGNNAGAKLTF,TGCGCAGCAGGTGGGAATAATGCAGGTGCCAAGCTCACATTC,8088,5,clonotype1,clonotype1_consensus_2
ATTACTCAGAAAGTGG-1,True,ATTACTCAGAAAGTGG-1_contig_2,True,560,TRB,TRBV13-2,None,TRBJ1-2,TRBC1,True,True,CASGGGTGNSDYTF,TGTGCCAGCGGTGGGGGGACAGGGAACTCCGACTACACCTTC,12414,8,clonotype1,clonotype1_consensus_1
ATTACTCGTAGATTAG-1,True,ATTACTCGTAGATTAG-1_contig_1,True,550,TRA,TRAV10,None,TRAJ47,TRAC,True,True,CAASTDYANKMIF,TGTGCAGCAAGCACGGACTATGCAAACAAGATGATCTTT,4814,2,clonotype283,clonotype283_consensus_2
ATTACTCGTAGATTAG-1,True,ATTACTCGTAGATTAG-1_contig_2,True,509,TRB,TRBV14,None,TRBJ2-5,None,True,True,CASSPTVNQDTQYF,TGTGCCAGCAGCCCAACGGTTAACCAAGACACCCAGTACTTT,14114,18,clonotype283,clonotype283_consensus_1
ATTACTCGTAGATTAG-1,True,ATTACTCGTAGATTAG-1_contig_3,True,570,TRA,TRAV3D-3,None,TRAJ31,TRAC,True,False,None,None,6574,4,clonotype283,None
ATTACTCGTTGGTTTG-1,True,ATTACTCGTTGGTTTG-1_contig_1,True,539,TRA,TRAV8-1,None,TRAJ30,TRAC,True,True,CATDTNAYKVIF,TGTGCTACCGACACAAATGCTTACAAAGTCATCTTT,1376,4,clonotype38,clonotype38_consensus_1
ATTACTCGTTGGTTTG-1,True,ATTACTCGTTGGTTTG-1_contig_2,True,565,TRB,TRBV12-2+TRBV13-2,None,TRBJ1-5,TRBC1,True,True,CASGTGDNQAPLF,TGTGCCAGCGGTACAGGAGACAACCAGGCTCCGCTTTTT,10840,9,clonotype38,clonotype38_consensus_2
ATTACTCGTTGGTTTG-1,True,ATTACTCGTTGGTTTG-1_contig_3,True,371,TRB,None,None,TRBJ1-4,TRBC1,False,False,None,None,2810,1,clonotype38,None
ATTACTCTCCTTTCTC-1,True,ATTACTCTCCTTTCTC-1_contig_1,True,577,TRA,TRAV3D-3,None,TRAJ32,TRAC,True,True,CAVRPYGSSGNKLIF,TGCGCAGTCAGGCCGTATGGGAGCAGTGGCAACAAGCTCATCTTT,4752,4,clonotype166,clonotype166_consensus_2
ATTACTCTCCTTTCTC-1,True,ATTACTCTCCTTTCTC-1_contig_2,True,512,TRB,TRBV13-1,None,TRBJ2-1,None,True,True,CASSDNYAEQFF,TGTGCCAGCAGTGATAACTATGCTGAGCAGTTCTTC,5320,4,clonotype166,clonotype166_consensus_1
ATTACTCTCCTTTCTC-1,True,ATTACTCTCCTTTCTC-1_contig_3,True,325,TRB,None,None,TRBJ2-7,None,False,False,None,None,1606,1,clonotype166,None
ATTACTCTCTGGTATG-1,True,ATTACTCTCTGGTATG-1_contig_1,True,549,TRB,TRBV16,None,TRBJ2-5,None,True,True,CASSFGGGQDTQYF,TGTGCAAGCAGCTTTGGGGGGGGCCAAGACACCCAGTACTTT,34196,23,clonotype100,clonotype100_consensus_1
ATTACTCTCTGGTATG-1,True,ATTACTCTCTGGTATG-1_contig_2,True,574,TRB,TRBV12-2,None,TRBJ1-4,TRBC1,True,False,CQLSPRVISNERLFF,TGCCAGCTCTCTCCCCGGGTAATTTCCAACGAAAGATTATTTTTC,2430,1,clonotype100,None
ATTATCCGTTGTGGAG-1,True,ATTATCCGTTGTGGAG-1_contig_1,True,517,TRA,TRAV6-6,None,TRAJ24,TRAC,True,True,CAPLTTASLGKLQF,TGTGCTCCGTTGACAACTGCCAGTTTGGGGAAACTGCAGTTT,3854,5,clonotype2,clonotype2_consensus_2
ATTATCCGTTGTGGAG-1,True,ATTATCCGTTGTGGAG-1_contig_2,True,505,TRB,TRBV13-1,None,TRBJ2-4,None,True,True,CASSEGTNTLYF,TGTGCCAGCAGTGAAGGAACAAACACCTTGTACTTT,11126,9,clonotype2,clonotype2_consensus_1
ATTATCCTCCTTTACA-1,True,ATTATCCTCCTTTACA-1_contig_1,True,566,TRA,TRAV3-3,None,TRAJ23,TRAC,True,True,CAVSDNYNQGKLIF,TGCGCAGTCAGTGATAATTATAACCAGGGGAAGCTTATCTTT,4806,2,clonotype123,clonotype123_consensus_2
ATTATCCTCCTTTACA-1,True,ATTATCCTCCTTTACA-1_contig_2,True,570,TRB,TRBV3,None,TRBJ2-5,None,True,True,CASSRDWGGQDTQYF,TGTGCCAGCAGCCGGGACTGGGGGGGACAAGACACCCAGTACTTT,5896,5,clonotype123,clonotype123_consensus_1
ATTATCCTCTACCTGC-1,True,ATTATCCTCTACCTGC-1_contig_1,True,652,TRA,TRAV14N-3,None,TRAJ6,TRAC,True,True,CAARTSGGNYKPTF,TGTGCAGCAAGAACCTCAGGAGGAAACTACAAACCTACGTTT,13440,7,clonotype4,clonotype4_consensus_2
ATTATCCTCTACCTGC-1,True,ATTATCCTCTACCTGC-1_contig_2,True,549,TRA,TRAV8N-2,None,TRAJ13,TRAC,True,True,CATEDSGTYQRF,TGTGCTACTGAGGATTCTGGGACTTACCAGAGGTTT,36870,24,clonotype4,clonotype4_consensus_1
ATTATCCTCTACCTGC-1,True,ATTATCCTCTACCTGC-1_contig_3,True,603,TRB,TRBV12-2+TRBV13-2,None,TRBJ2-7,None,True,True,CASGTGGDYEQYF,TGTGCCAGCGGGACTGGGGGGGACTATGAACAGTACTTC,19406,33,clonotype4,clonotype4_consensus_3
ATTCTACAGGCTCTTA-1,True,ATTCTACAGGCTCTTA-1_contig_1,True,505,TRB,TRBV13-1,None,TRBJ2-4,None,True,True,CASSEGTNTLYF,TGTGCCAGCAGTGAAGGAACAAACACCTTGTACTTT,5816,5,clonotype6,clonotype6_consensus_1
ATTCTACGTCTAGGTT-1,True,ATTCTACGTCTAGGTT-1_contig_1,True,547,TRB,TRBV13-2,None,TRBJ1-5,TRBC1,True,True,CASGTGDNQAPLF,TGTGCCAGCGGGACAGGGGACAACCAGGCTCCGCTTTTT,5640,3,clonotype16,clonotype16_consensus_1
ATTCTACGTCTAGGTT-1,True,ATTCTACGTCTAGGTT-1_contig_2,True,374,TRB,None,None,TRBJ1-2,TRBC1,False,False,None,None,5388,2,clonotype16,None
ATTCTACGTCTAGGTT-1,True,ATTCTACGTCTAGGTT-1_contig_3,True,390,TRB,None,None,TRBJ2-1,None,False,False,None,None,5464,4,clonotype16,None
ATTGGACCACAGCCCA-1,True,ATTGGACCACAGCCCA-1_contig_1,True,558,TRA,TRAV19,None,TRAJ39,TRAC,True,True,CAAGGNNAGAKLTF,TGCGCAGCAGGTGGGAATAATGCAGGTGCCAAGCTCACATTC,21144,12,clonotype1,clonotype1_consensus_2
ATTGGACCACAGCCCA-1,True,ATTGGACCACAGCCCA-1_contig_2,True,603,TRB,TRBV12-2+TRBV13-2,None,TRBJ1-2,TRBC1,True,True,CASGGGTGNSDYTF,TGTGCCAGCGGTGGGGGGACAGGGAACTCCGACTACACCTTC,39020,27,clonotype1,clonotype1_consensus_1
ATTGGACCACAGCCCA-1,True,ATTGGACCACAGCCCA-1_contig_3,True,461,TRB,None,None,TRBJ2-7,None,False,False,None,None,7198,6,clonotype1,None
ATTGGACCAGACACTT-1,True,ATTGGACCAGACACTT-1_contig_1,True,512,TRB,TRBV26,None,TRBJ2-5,None,True,True,CASSRGTDTQYF,TGTGCCAGCAGCCGCGGGACCGACACCCAGTACTTT,4700,3,clonotype42,clonotype42_consensus_1
ATTGGACCAGACACTT-1,True,ATTGGACCAGACACTT-1_contig_2,True,575,TRA,TRAV12-2,None,TRAJ37,TRAC,True,True,CALSPQTGNTGKLIF,TGTGCTTTGAGCCCCCAAACAGGCAATACCGGAAAACTCATCTTT,5270,8,clonotype42,clonotype42_consensus_2
ATTGGACCAGACACTT-1,True,ATTGGACCAGACACTT-1_contig_3,True,449,TRB,None,None,TRBJ1-3,TRBC1,False,False,None,None,9068,5,clonotype42,None
ATTGGACGTTGCGCAC-1,True,ATTGGACGTTGCGCAC-1_contig_1,True,555,TRA,TRAV3-3,None,TRAJ49,TRAC,True,True,CAVSGATGYQNFYF,TGCGCAGTCAGTGGGGCCACGGGTTACCAGAACTTCTATTTT,9934,6,clonotype10,clonotype10_consensus_3
ATTGGACGTTGCGCAC-1,True,ATTGGACGTTGCGCAC-1_contig_2,True,507,TRA,TRAV21-DV12,None,TRAJ42,TRAC,True,True,CILRVHGGSNAKLTF,TGTATCCTGAGAGTCCATGGAGGAAGCAATGCAAAGCTAACCTTC,10750,5,clonotype10,clonotype10_consensus_1
ATTGGACGTTGCGCAC-1,True,ATTGGACGTTGCGCAC-1_contig_3,True,559,TRB,TRBV12-2+TRBV13-2,None,TRBJ2-7,None,True,True,CASGVQGEQYF,TGTGCCAGCGGTGTTCAGGGAGAACAGTACTTC,29156,26,clonotype10,clonotype10_consensus_2
ATTGGACTCCTAAGTG-1,True,ATTGGACTCCTAAGTG-1_contig_1,True,525,TRA,TRAV6-6,None,TRAJ24,TRAC,True,True,CAPLTTASLGKLQF,TGTGCTCCGTTGACAACTGCCAGTTTGGGGAAACTGCAGTTT,1834,2,clonotype3,clonotype3_consensus_2
ATTGGACTCCTAAGTG-1,True,ATTGGACTCCTAAGTG-1_contig_2,True,512,TRB,TRBV13-1,None,TRBJ2-4,None,True,True,CASSEGTNTLYF,TGTGCCAGCAGTGAAGGAACAAACACCTTGTACTTT,36968,33,clonotype3,clonotype3_consensus_1
ATTGGACTCCTAAGTG-1,True,ATTGGACTCCTAAGTG-1_contig_3,True,722,TRA,TRAV9D-2,None,TRAJ26,TRAC,True,True,CVLSRGNNYAQGLTF,TGTGTTCTGAGCAGGGGCAATAACTATGCCCAGGGATTAACCTTC,2834,3,clonotype3,clonotype3_consensus_3
ATTGGACTCGGAAATA-1,True,ATTGGACTCGGAAATA-1_contig_1,True,538,TRA,TRAV8-1,None,TRAJ30,TRAC,True,True,CASDTNAYKVIF,TGTGCCTCTGACACAAATGCTTACAAAGTCATCTTT,1842,2,clonotype284,clonotype284_consensus_1
ATTGGACTCGGAAATA-1,True,ATTGGACTCGGAAATA-1_contig_2,True,546,TRA,TRAV6-6,None,TRAJ23,TRAC,True,False,CALGDLII,TGTGCTCTGGGTGATCTGATTATA,638,1,clonotype284,None
ATTGGTGAGAACAACT-1,True,ATTGGTGAGAACAACT-1_contig_1,True,555,TRA,TRAV3-3,None,TRAJ49,TRAC,True,True,CAVSGSTGYQNFYF,TGCGCAGTCAGTGGGAGCACGGGTTACCAGAACTTCTATTTT,14320,8,clonotype5,clonotype5_consensus_1
ATTGGTGAGAACAACT-1,True,ATTGGTGAGAACAACT-1_contig_2,True,580,TRB,TRBV12-2+TRBV13-2,None,TRBJ2-7,None,True,True,CASGVQGWEQYF,TGTGCCAGCGGTGTACAGGGGTGGGAACAGTACTTC,32370,27,clonotype5,clonotype5_consensus_2
ATTGGTGAGAACAACT-1,True,ATTGGTGAGAACAACT-1_contig_3,True,439,TRA,None,None,TRAJ41,TRAC,False,False,None,None,3046,2,clonotype5,None
ATTGGTGAGAACAACT-1,True,ATTGGTGAGAACAACT-1_contig_4,True,542,TRA,TRAV6D-5,None,TRAJ38,TRAC,True,False,CTTVFWDNVGDNSKLIW,TGTACTACTGTGTTCTGGGATAATGTTGGTGACAACAGTAAGCTGATTTGG,4644,2,clonotype5,None
ATTGGTGAGAACAACT-1,True,ATTGGTGAGAACAACT-1_contig_5,True,501,TRB,None,None,TRBJ1-1,TRBC1,False,False,None,None,7544,5,clonotype5,None
ATTGGTGCATGGAATA-1,True,ATTGGTGCATGGAATA-1_contig_1,True,535,TRA,TRAV19,None,TRAJ39,TRAC,True,True,CAAGGNNAGAKLTF,TGCGCAGCAGGTGGGAATAATGCAGGTGCCAAGCTCACATTC,2818,1,clonotype1,clonotype1_consensus_2
ATTGGTGCATGGAATA-1,True,ATTGGTGCATGGAATA-1_contig_2,True,590,TRB,TRBV12-2+TRBV13-2,None,TRBJ1-2,TRBC1,True,True,CASGGGTGNSDYTF,TGTGCCAGCGGTGGGGGGACAGGGAACTCCGACTACACCTTC,4236,6,clonotype1,clonotype1_consensus_1
ATTGGTGCATGGAATA-1,True,ATTGGTGCATGGAATA-1_contig_3,True,516,TRA,TRAV7-5,None,TRAJ45,TRAC,True,False,CSDTEGADRLTF,TGCAGTGATACAGAAGGTGCAGATAGACTCACCTTT,1284,2,clonotype1,None
ATTGGTGGTAATCGTC-1,True,ATTGGTGGTAATCGTC-1_contig_1,True,593,TRA,TRAV19,None,TRAJ39,TRAC,True,True,CAAGGNNAGAKLTF,TGCGCAGCAGGTGGGAATAATGCAGGTGCCAAGCTCACATTC,1864,3,clonotype1,clonotype1_consensus_2
ATTGGTGGTAATCGTC-1,True,ATTGGTGGTAATCGTC-1_contig_2,True,569,TRB,TRBV12-2+TRBV13-2,None,TRBJ1-2,TRBC1,True,True,CASGGGTGNSDYTF,TGTGCCAGCGGTGGGGGGACAGGGAACTCCGACTACACCTTC,9830,7,clonotype1,clonotype1_consensus_1
ATTGGTGGTCTAGAGG-1,True,ATTGGTGGTCTAGAGG-1_contig_1,True,556,TRA,TRAV16N,None,TRAJ12,TRAC,True,True,CAMREGGTGGYKVVF,TGTGCTATGAGAGAGGGCGGGACTGGAGGCTATAAAGTGGTCTTT,5016,3,clonotype159,clonotype159_consensus_2
ATTGGTGGTCTAGAGG-1,True,ATTGGTGGTCTAGAGG-1_contig_2,True,509,TRB,TRBV13-1,None,TRBJ2-7,None,True,True,CASSAPYEQYF,TGTGCCAGCAGTGCCCCATATGAACAGTACTTC,8832,8,clonotype159,clonotype159_consensus_1
ATTGGTGGTGAGGGAG-1,True,ATTGGTGGTGAGGGAG-1_contig_1,True,593,TRB,TRBV12-2+TRBV13-2,None,TRBJ1-2,TRBC1,True,True,CASGGGTGNSDYTF,TGTGCCAGCGGTGGGGGGACAGGGAACTCCGACTACACCTTC,19714,21,clonotype7,clonotype7_consensus_1
ATTGGTGGTGAGGGAG-1,True,ATTGGTGGTGAGGGAG-1_contig_2,True,355,TRB,None,None,TRBJ2-1,None,False,False,None,None,5264,6,clonotype7,None
ATTGGTGGTGAGGGAG-1,True,ATTGGTGGTGAGGGAG-1_contig_3,True,506,TRA,TRAV7-5,None,TRAJ45,TRAC,True,False,CSDTEGADRLTF,TGCAGTGATACAGAAGGTGCAGATAGACTCACCTTT,1426,1,clonotype7,None
ATTGGTGTCACAGGCC-1,True,ATTGGTGTCACAGGCC-1_contig_1,True,573,TRA,TRAV14N-3,None,TRAJ6,TRAC,True,True,CAARTSGGNYKPTF,TGTGCAGCAAGAACCTCAGGAGGAAACTACAAACCTACGTTT,4018,2,clonotype4,clonotype4_consensus_2
ATTGGTGTCACAGGCC-1,True,ATTGGTGTCACAGGCC-1_contig_2,True,549,TRA,TRAV8N-2,None,TRAJ13,TRAC,True,True,CATEDSGTYQRF,TGTGCTACTGAGGATTCTGGGACTTACCAGAGGTTT,4752,3,clonotype4,clonotype4_consensus_1
ATTGGTGTCACAGGCC-1,True,ATTGGTGTCACAGGCC-1_contig_3,True,565,TRB,TRBV12-2+TRBV13-2,None,TRBJ2-7,None,True,True,CASGTGGDYEQYF,TGTGCCAGCGGGACTGGGGGGGACTATGAACAGTACTTC,13138,17,clonotype4,clonotype4_consensus_3
ATTTCTGAGAAACGAG-1,True,ATTTCTGAGAAACGAG-1_contig_1,True,542,TRA,TRAV14N-3,None,TRAJ6,TRAC,True,True,CAARTSGGNYKPTF,TGTGCAGCAAGAACCTCAGGAGGAAACTACAAACCTACGTTT,2550,2,clonotype4,clonotype4_consensus_2
ATTTCTGAGAAACGAG-1,True,ATTTCTGAGAAACGAG-1_contig_2,True,549,TRA,TRAV8N-2,None,TRAJ13,TRAC,True,True,CATEDSGTYQRF,TGTGCTACTGAGGATTCTGGGACTTACCAGAGGTTT,3880,2,clonotype4,clonotype4_consensus_1
ATTTCTGAGAAACGAG-1,True,ATTTCTGAGAAACGAG-1_contig_3,True,610,TRB,TRBV12-2+TRBV13-2,None,TRBJ2-7,None,True,True,CASGTGGDYEQYF,TGTGCCAGCGGGACTGGGGGGGACTATGAACAGTACTTC,1598,3,clonotype4,clonotype4_consensus_3
ATTTCTGGTGTTTGGT-1,True,ATTTCTGGTGTTTGGT-1_contig_1,True,558,TRA,TRAV19,None,TRAJ39,TRAC,True,True,CAAGGNNAGAKLTF,TGCGCAGCAGGTGGGAATAATGCAGGTGCCAAGCTCACATTC,3552,3,clonotype1,clonotype1_consensus_2
ATTTCTGGTGTTTGGT-1,True,ATTTCTGGTGTTTGGT-1_contig_2,True,568,TRB,TRBV12-2+TRBV13-2,None,TRBJ1-2,TRBC1,True,True,CASGGGTGNSDYTF,TGTGCCAGCGGTGGGGGGACAGGGAACTCCGACTACACCTTC,2574,2,clonotype1,clonotype1_consensus_1
ATTTCTGGTGTTTGGT-1,True,ATTTCTGGTGTTTGGT-1_contig_3,True,385,TRB,None,None,TRBJ2-7,None,False,False,None,None,4102,4,clonotype1,None
CAACCAAAGCCAACAG-1,True,CAACCAAAGCCAACAG-1_contig_1,True,549,TRB,TRBV16,None,TRBJ2-5,None,True,True,CASSLGGGQDTQYF,TGTGCAAGCAGCTTAGGGGGGGGGCAAGACACCCAGTACTTT,4556,6,clonotype11,clonotype11_consensus_2
CAACCAAAGCCAACAG-1,True,CAACCAAAGCCAACAG-1_contig_2,True,560,TRA,TRAV4D-3,None,TRAJ27,TRAC,True,True,CAADGPNTGKLTF,TGTGCTGCTGACGGGCCCAATACAGGCAAATTAACCTTT,9686,7,clonotype11,clonotype11_consensus_1
CAACCAACAAACCTAC-1,True,CAACCAACAAACCTAC-1_contig_1,True,549,TRB,TRBV16,None,TRBJ2-5,None,True,True,CASSFGGGQDTQYF,TGTGCAAGCAGCTTCGGGGGCGGCCAAGACACCCAGTACTTT,3260,5,clonotype83,clonotype83_consensus_1
CAACCAACATACCATG-1,True,CAACCAACATACCATG-1_contig_1,True,547,TRA,TRAV8-1,None,TRAJ30,TRAC,True,True,CATDTNAYKVIF,TGTGCTACTGACACAAATGCTTACAAAGTCATCTTT,1590,1,clonotype99,clonotype99_consensus_1
CAACCAACATACCATG-1,True,CAACCAACATACCATG-1_contig_2,True,565,TRB,TRBV12-2+TRBV13-2,None,TRBJ1-5,TRBC1,True,True,CASGTGDNQAPLF,TGTGCCAGCGGGACAGGGGATAACCAGGCTCCGCTTTTT,5512,5,clonotype99,clonotype99_consensus_2
CAACCAAGTCTGCAAT-1,True,CAACCAAGTCTGCAAT-1_contig_1,True,532,TRA,TRAV13-4-DV7,None,TRAJ58,TRAC,True,True,CAPMQQGTGSKLSF,TGTGCTCCTATGCAGCAAGGCACTGGGTCTAAGCTGTCATTT,1114,2,clonotype18,clonotype18_consensus_2
CAACCAAGTCTGCAAT-1,True,CAACCAAGTCTGCAAT-1_contig_2,True,525,TRB,TRBV17,None,TRBJ2-5,None,True,True,CASSRKGVQDTQYF,TGTGCTAGCAGTAGAAAGGGGGTCCAAGACACCCAGTACTTT,18298,13,clonotype18,clonotype18_consensus_1
CAACCAAGTCTGCAAT-1,True,CAACCAAGTCTGCAAT-1_contig_3,True,447,TRB,None,None,TRBJ2-3,None,False,False,None,None,1346,1,clonotype18,None
CAACCAAGTCTGCAAT-1,True,CAACCAAGTCTGCAAT-1_contig_4,True,666,TRB,TRBV1,None,TRBJ1-3,TRBC1,True,False,None,None,5626,3,clonotype18,None
CAACCAATCCGCGCAA-1,True,CAACCAATCCGCGCAA-1_contig_1,True,652,TRA,TRAV14N-3,None,TRAJ6,TRAC,True,True,CAARTSGGNYKPTF,TGTGCAGCAAGAACCTCAGGAGGAAACTACAAACCTACGTTT,21138,24,clonotype4,clonotype4_consensus_2
CAACCAATCCGCGCAA-1,True,CAACCAATCCGCGCAA-1_contig_2,True,549,TRA,TRAV8N-2,None,TRAJ13,TRAC,True,True,CATEDSGTYQRF,TGTGCTACTGAGGATTCTGGGACTTACCAGAGGTTT,35034,40,clonotype4,clonotype4_consensus_1
CAACCAATCCGCGCAA-1,True,CAACCAATCCGCGCAA-1_contig_3,True,564,TRB,TRBV12-2+TRBV13-2,None,TRBJ2-7,None,True,True,CASGTGGDYEQYF,TGTGCCAGCGGGACTGGGGGGGACTATGAACAGTACTTC,19972,37,clonotype4,clonotype4_consensus_3
CAACCAATCTTCATGT-1,True,CAACCAATCTTCATGT-1_contig_1,True,519,TRA,TRAV6-6,None,TRAJ24,TRAC,True,True,CAPLTTASLGKLQF,TGTGCTCCGTTGACAACTGCCAGTTTGGGGAAACTGCAGTTT,2570,2,clonotype2,clonotype2_consensus_2
CAACCAATCTTCATGT-1,True,CAACCAATCTTCATGT-1_contig_2,True,505,TRB,TRBV13-1,None,TRBJ2-4,None,True,True,CASSEGTNTLYF,TGTGCCAGCAGTGAAGGAACAAACACCTTGTACTTT,18358,16,clonotype2,clonotype2_consensus_1
CAACCTCAGATCTGAA-1,True,CAACCTCAGATCTGAA-1_contig_1,True,541,TRA,TRAV19,None,TRAJ39,TRAC,True,True,CAAGGNNAGAKLTF,TGCGCAGCAGGTGGGAATAATGCAGGTGCCAAGCTCACATTC,2062,1,clonotype1,clonotype1_consensus_2
CAACCTCAGATCTGAA-1,True,CAACCTCAGATCTGAA-1_contig_2,True,568,TRB,TRBV12-2+TRBV13-2,None,TRBJ1-2,TRBC1,True,True,CASGGGTGNSDYTF,TGTGCCAGCGGTGGGGGGACAGGGAACTCCGACTACACCTTC,3054,3,clonotype1,clonotype1_consensus_1
CAACCTCCAGACACTT-1,True,CAACCTCCAGACACTT-1_contig_1,True,566,TRA,TRAV3-3,None,TRAJ49,TRAC,True,True,CAVSGSTGYQNFYF,TGCGCAGTCAGTGGGAGCACGGGTTACCAGAACTTCTATTTT,12284,8,clonotype5,clonotype5_consensus_1
CAACCTCCAGACACTT-1,True,CAACCTCCAGACACTT-1_contig_2,True,593,TRB,TRBV12-2+TRBV13-2,None,TRBJ2-7,None,True,True,CASGVQGWEQYF,TGTGCCAGCGGTGTACAGGGGTGGGAACAGTACTTC,16502,15,clonotype5,clonotype5_consensus_2
CAACCTCCAGACACTT-1,True,CAACCTCCAGACACTT-1_contig_3,True,505,TRB,None,None,TRBJ1-1,TRBC1,False,False,None,None,2722,2,clonotype5,None
CAACCTCCAGATAATG-1,True,CAACCTCCAGATAATG-1_contig_1,True,569,TRB,TRBV12-2+TRBV13-2,None,TRBJ1-2,TRBC1,True,True,CASGGGTGNSDYTF,TGTGCCAGCGGTGGGGGGACAGGGAACTCCGACTACACCTTC,6368,7,clonotype7,clonotype7_consensus_1
CAACCTCCAGTATCTG-1,True,CAACCTCCAGTATCTG-1_contig_1,True,549,TRB,TRBV16,None,TRBJ2-5,None,True,True,CASSLGGGLDTQYF,TGTGCAAGCAGCTTAGGGGGGGGGCTCGACACCCAGTACTTT,13114,14,clonotype124,clonotype124_consensus_1
CAACCTCCAGTATCTG-1,True,CAACCTCCAGTATCTG-1_contig_2,True,554,Multi,TRDV1,None,TRAJ45,TRAC,True,False,CGGTEGADRLTF,TGTGGAGGGACAGAAGGTGCAGATAGACTCACCTTT,7204,4,clonotype124,None
CAACCTCCAGTATCTG-1,True,CAACCTCCAGTATCTG-1_contig_3,True,434,TRB,None,None,TRBJ2-1,None,False,False,None,None,20080,11,clonotype124,None
CAACTAGGTTGCCTCT-1,True,CAACTAGGTTGCCTCT-1_contig_1,True,549,TRB,TRBV16,None,TRBJ2-5,None,True,True,CASSFGGAPDTQYF,TGTGCAAGCAGCTTTGGGGGGGCGCCAGACACCCAGTACTTT,2138,1,clonotype119,clonotype119_consensus_1
CAACTAGGTTGCCTCT-1,True,CAACTAGGTTGCCTCT-1_contig_2,True,646,TRA,TRAV14-2,None,TRAJ49,TRAC,True,True,CAAQGYQNFYF,TGTGCAGCACAGGGTTACCAGAACTTCTATTTT,2364,2,clonotype119,clonotype119_consensus_2
CAACTAGTCAGCGATT-1,True,CAACTAGTCAGCGATT-1_contig_1,True,555,TRA,TRAV3-3,None,TRAJ49,TRAC,True,True,CAVSGATGYQNFYF,TGCGCAGTCAGTGGGGCCACGGGTTACCAGAACTTCTATTTT,16156,12,clonotype10,clonotype10_consensus_3
CAACTAGTCAGCGATT-1,True,CAACTAGTCAGCGATT-1_contig_2,True,507,TRA,TRAV21-DV12,None,TRAJ42,TRAC,True,True,CILRVHGGSNAKLTF,TGTATCCTGAGAGTCCATGGAGGAAGCAATGCAAAGCTAACCTTC,20030,12,clonotype10,clonotype10_consensus_1
CAACTAGTCAGCGATT-1,True,CAACTAGTCAGCGATT-1_contig_3,True,557,TRB,TRBV12-2+TRBV13-2,None,TRBJ2-7,None,True,True,CASGVQGEQYF,TGTGCCAGCGGTGTTCAGGGAGAACAGTACTTC,18850,16,clonotype10,clonotype10_consensus_2
CAACTAGTCAGCGATT-1,True,CAACTAGTCAGCGATT-1_contig_4,True,359,TRB,None,None,TRBJ2-1,None,False,False,None,None,12264,11,clonotype10,None
CAACTAGTCAGCGATT-1,True,CAACTAGTCAGCGATT-1_contig_5,True,441,TRA,None,None,TRAJ41,TRAC,False,False,None,None,2070,2,clonotype10,None
CAAGAAAAGAACAATC-1,True,CAAGAAAAGAACAATC-1_contig_1,True,549,TRA,TRAV3-3,None,TRAJ31,TRAC,True,True,CAVSAGNNRIFF,TGCGCAGTCAGTGCAGGCAATAACAGAATCTTCTTT,11172,8,clonotype34,clonotype34_consensus_2
CAAGAAAAGAACAATC-1,True,CAAGAAAAGAACAATC-1_contig_2,True,508,TRB,TRBV13-1,None,TRBJ2-3,None,True,True,CASEGQGAETLYF,TGTGCCAGCGAGGGACAGGGTGCAGAAACGCTGTATTTT,16196,12,clonotype34,clonotype34_consensus_1
CAAGAAAAGAACAATC-1,True,CAAGAAAAGAACAATC-1_contig_3,True,756,TRB,None,None,TRBJ1-5,TRBC1,False,False,None,None,1600,1,clonotype34,None
CAAGAAAAGACACTAA-1,True,CAAGAAAAGACACTAA-1_contig_1,True,521,TRA,TRAV6-6,None,TRAJ24,TRAC,True,True,CAPLTTASLGKLQF,TGTGCTCCGTTGACAACTGCCAGTTTGGGGAAACTGCAGTTT,7932,3,clonotype76,clonotype76_consensus_1
CAAGAAAAGTACGTTC-1,True,CAAGAAAAGTACGTTC-1_contig_1,True,549,TRA,TRAV16D-DV11,None,TRAJ26,TRAC,True,True,CAMREENNYAQGLTF,TGTGCTATGAGAGAGGAAAATAACTATGCCCAGGGATTAACCTTC,2202,1,clonotype285,clonotype285_consensus_3
CAAGAAAAGTACGTTC-1,True,CAAGAAAAGTACGTTC-1_contig_2,True,505,TRB,TRBV13-1,None,TRBJ2-3,None,True,True,CASGDSAETLYF,TGTGCCAGCGGGGACAGTGCAGAAACGCTGTATTTT,11114,9,clonotype285,clonotype285_consensus_2
CAAGAAAAGTACGTTC-1,True,CAAGAAAAGTACGTTC-1_contig_3,True,446,TRA,TRAV6N-6,None,TRAJ22,None,True,True,CALSALSSGSWQLIF,TGCGCTCTGAGTGCGTTATCTTCTGGCAGCTGGCAACTCATCTTT,392,1,clonotype285,clonotype285_consensus_1
CAAGAAAAGTACGTTC-1,True,CAAGAAAAGTACGTTC-1_contig_4,True,575,TRA,TRAV3D-3,None,TRAJ28,TRAC,True,False,CTSAQSVRGTGSNRLTF,TGTACTTCTGCGCAGTCAGTGAGGGGCACTGGGAGTAACAGGCTCACTTTT,1604,2,clonotype285,None
CAAGAAAAGTACGTTC-1,True,CAAGAAAAGTACGTTC-1_contig_5,True,371,TRB,None,None,TRBJ1-6,TRBC1,False,False,None,None,204,1,clonotype285,None
CAAGAAAGTATTCGTG-1,True,CAAGAAAGTATTCGTG-1_contig_1,True,640,TRB,TRBV12-2+TRBV13-2,None,TRBJ1-5,TRBC1,True,True,CASGTGDNQAPLF,TGTGCCAGCGGGACAGGGGACAACCAGGCTCCGCTTTTT,4354,3,clonotype16,clonotype16_consensus_1
CAAGAAAGTATTCGTG-1,True,CAAGAAAGTATTCGTG-1_contig_2,True,369,TRB,None,None,TRBJ2-1,None,False,False,None,None,2664,1,clonotype16,None
CAAGAAAGTCGAGTTT-1,True,CAAGAAAGTCGAGTTT-1_contig_1,True,558,TRA,TRAV19,None,TRAJ39,TRAC,True,True,CAAGGNNAGAKLTF,TGCGCAGCAGGTGGGAATAATGCAGGTGCCAAGCTCACATTC,7482,4,clonotype1,clonotype1_consensus_2
CAAGAAAGTCGAGTTT-1,True,CAAGAAAGTCGAGTTT-1_contig_2,True,566,TRB,TRBV12-2+TRBV13-2,None,TRBJ1-2,TRBC1,True,True,CASGGGTGNSDYTF,TGTGCCAGCGGTGGGGGGACAGGGAACTCCGACTACACCTTC,1848,2,clonotype1,clonotype1_consensus_1
CAAGAAAGTCGAGTTT-1,True,CAAGAAAGTCGAGTTT-1_contig_3,True,484,TRA,TRAV7-5,None,TRAJ45,None,True,False,CSDTEGADRLTF,TGCAGTGATACAGAAGGTGCAGATAGACTCACCTTT,2208,1,clonotype1,None
CAAGAAAGTTCTGGTA-1,True,CAAGAAAGTTCTGGTA-1_contig_1,True,589,TRA,TRAV10N,None,TRAJ7,TRAC,True,True,CAPEPDYSNNRLTL,TGTGCACCGGAACCGGACTACAGCAACAACAGACTTACTTTG,18632,10,clonotype169,clonotype169_consensus_2
CAAGAAAGTTCTGGTA-1,True,CAAGAAAGTTCTGGTA-1_contig_2,True,595,TRB,TRBV12-2+TRBV13-2,None,TRBJ2-2,None,True,True,CASGGTGGANTGQLYF,TGTGCCAGCGGTGGGACTGGGGGGGCTAACACCGGGCAGCTCTACTTT,13204,9,clonotype169,clonotype169_consensus_1
CAAGAAAGTTCTGGTA-1,True,CAAGAAAGTTCTGGTA-1_contig_3,True,519,TRB,TRBV31,None,TRBJ2-5,None,True,True,CAWSSDRFIQDTQYF,TGTGCCTGGAGTTCAGACAGGTTTATCCAAGACACCCAGTACTTT,5906,3,clonotype169,clonotype169_consensus_3
CAAGAAAGTTCTGGTA-1,True,CAAGAAAGTTCTGGTA-1_contig_4,True,499,TRA,TRAV1,None,TRAJ27,TRAC,True,False,None,None,2376,2,clonotype169,None
CAAGAAATCACATACG-1,True,CAAGAAATCACATACG-1_contig_1,True,505,TRB,TRBV13-1,None,TRBJ2-3,None,True,True,CASGDSAETLYF,TGTGCCAGCGGGGACAGTGCAGAAACGCTGTATTTT,13488,12,clonotype24,clonotype24_consensus_1
CAAGAAATCACATACG-1,True,CAAGAAATCACATACG-1_contig_2,True,380,TRB,None,None,TRBJ1-6,TRBC1,False,False,None,None,2134,1,clonotype24,None
CAAGAAATCACATACG-1,True,CAAGAAATCACATACG-1_contig_3,True,386,TRB,None,None,TRBJ2-5,None,False,False,None,None,2942,1,clonotype24,None
CAAGAAATCGTTTATC-1,True,CAAGAAATCGTTTATC-1_contig_1,True,558,TRA,TRAV19,None,TRAJ39,TRAC,True,True,CAAGGNNAGAKLTF,TGCGCAGCAGGTGGGAATAATGCAGGTGCCAAGCTCACATTC,26206,19,clonotype1,clonotype1_consensus_2
CAAGAAATCGTTTATC-1,True,CAAGAAATCGTTTATC-1_contig_2,True,568,TRB,TRBV12-2+TRBV13-2,None,TRBJ1-2,TRBC1,True,True,CASGGGTGNSDYTF,TGTGCCAGCGGTGGGGGGACAGGGAACTCCGACTACACCTTC,21394,17,clonotype1,clonotype1_consensus_1
CAAGAAATCGTTTATC-1,True,CAAGAAATCGTTTATC-1_contig_3,True,519,TRA,TRAV7-5,None,TRAJ45,TRAC,True,False,CSDTEGADRLTF,TGCAGTGATACAGAAGGTGCAGATAGACTCACCTTT,3082,1,clonotype1,None
CAAGAAATCTACGAGT-1,True,CAAGAAATCTACGAGT-1_contig_1,True,549,TRA,TRAV8N-2,None,TRAJ13,TRAC,True,True,CATEDSGTYQRF,TGTGCTACTGAGGATTCTGGGACTTACCAGAGGTTT,29286,17,clonotype36,clonotype36_consensus_1
CAAGAAATCTACGAGT-1,True,CAAGAAATCTACGAGT-1_contig_2,True,565,TRB,TRBV12-2+TRBV13-2,None,TRBJ2-7,None,True,True,CASGTGGDYEQYF,TGTGCCAGCGGGACTGGGGGGGACTATGAACAGTACTTC,10364,12,clonotype36,clonotype36_consensus_2
CAAGAAATCTGAGGGA-1,True,CAAGAAATCTGAGGGA-1_contig_1,True,549,TRB,TRBV16,None,TRBJ2-5,None,True,True,CASSLGGGQDTQYF,TGTGCAAGCAGCTTAGGGGGGGGCCAAGACACCCAGTACTTT,3538,5,clonotype61,clonotype61_consensus_1
CAAGATCAGTACACCT-1,True,CAAGATCAGTACACCT-1_contig_1,True,570,TRA,TRAV14N-3,None,TRAJ6,TRAC,True,True,CAARTSGGNYKPTF,TGTGCAGCAAGAACCTCAGGAGGAAACTACAAACCTACGTTT,10198,6,clonotype4,clonotype4_consensus_2
CAAGATCAGTACACCT-1,True,CAAGATCAGTACACCT-1_contig_2,True,549,TRA,TRAV8N-2,None,TRAJ13,TRAC,True,True,CATEDSGTYQRF,TGTGCTACTGAGGATTCTGGGACTTACCAGAGGTTT,10384,7,clonotype4,clonotype4_consensus_1
CAAGATCAGTACACCT-1,True,CAAGATCAGTACACCT-1_contig_3,True,568,TRB,TRBV12-2+TRBV13-2,None,TRBJ2-7,None,True,True,CASGTGGDYEQYF,TGTGCCAGCGGGACTGGGGGGGACTATGAACAGTACTTC,5130,5,clonotype4,clonotype4_consensus_3
CAAGATCTCACGAAGG-1,True,CAAGATCTCACGAAGG-1_contig_1,True,517,TRA,TRAV7D-5,None,TRAJ16,TRAC,True,True,CAVSSPATSSGQKLVF,TGTGCAGTGAGCAGCCCCGCAACTTCAAGTGGCCAGAAGCTGGTTTTT,12204,9,clonotype30,clonotype30_consensus_2
CAAGATCTCACGAAGG-1,True,CAAGATCTCACGAAGG-1_contig_2,True,572,TRB,TRBV12-2,None,TRBJ1-2,TRBC1,True,True,CASSLSTGGVNSDYTF,TGTGCCAGCTCTCTATCGACAGGGGGCGTGAACTCCGACTACACCTTC,21264,15,clonotype30,clonotype30_consensus_1
CAAGATCTCATTGCCC-1,True,CAAGATCTCATTGCCC-1_contig_1,True,511,TRA,TRAV6-5,None,TRAJ45,TRAC,True,True,CALIHTEGADRLTF,TGTGCTCTGATCCATACAGAAGGTGCAGATAGACTCACCTTT,2358,2,clonotype125,clonotype125_consensus_1
CAAGATCTCATTGCCC-1,True,CAAGATCTCATTGCCC-1_contig_2,True,557,TRB,TRBV12-2+TRBV13-2,None,TRBJ2-7,None,True,True,CASGALWEQYF,TGTGCCAGCGGGGCTCTATGGGAACAGTACTTC,4318,6,clonotype125,clonotype125_consensus_2
CAAGGCCAGTCCATAC-1,True,CAAGGCCAGTCCATAC-1_contig_1,True,574,TRA,TRAV3D-3,None,TRAJ23,TRAC,True,True,CAVSDNYNQGKLIF,TGCGCAGTCAGTGACAATTATAACCAGGGGAAGCTTATCTTT,1968,2,clonotype286,clonotype286_consensus_1
CAAGGCCAGTCCATAC-1,True,CAAGGCCAGTCCATAC-1_contig_2,True,605,TRB,TRBV3,None,TRBJ2-5,None,True,True,CASSPDWGGQDTQYF,TGTGCCAGCAGCCCCGACTGGGGGGGCCAAGACACCCAGTACTTT,2022,3,clonotype286,clonotype286_consensus_2
CAAGGCCAGTCCATAC-1,True,CAAGGCCAGTCCATAC-1_contig_3,True,540,TRA,TRAV8-1,None,TRAJ30,TRAC,True,False,None,None,1206,1,clonotype286,None
CAAGGCCGTATTACCG-1,True,CAAGGCCGTATTACCG-1_contig_1,True,549,TRB,TRBV16,None,TRBJ1-2,TRBC1,True,True,CASSSGTGNSDYTF,TGTGCAAGCAGCTCCGGGACAGGGAACTCCGACTACACCTTC,8586,8,clonotype287,clonotype287_consensus_2
CAAGGCCGTATTACCG-1,True,CAAGGCCGTATTACCG-1_contig_2,True,541,TRA,TRAV8-1,None,TRAJ17,TRAC,True,True,CATHSAGNKLTF,TGTGCTACTCACAGTGCAGGGAACAAGCTAACTTTT,9592,6,clonotype287,clonotype287_consensus_1
CAAGGCCGTATTACCG-1,True,CAAGGCCGTATTACCG-1_contig_3,True,330,TRB,None,None,TRBJ2-1,None,False,False,None,None,5158,3,clonotype287,None
CAAGGCCGTCGGCTCA-1,True,CAAGGCCGTCGGCTCA-1_contig_1,True,519,TRA,TRAV6-6,None,TRAJ24,TRAC,True,True,CAPLTTASLGKLQF,TGTGCTCCGTTGACAACTGCCAGTTTGGGGAAACTGCAGTTT,4008,2,clonotype2,clonotype2_consensus_2
CAAGGCCGTCGGCTCA-1,True,CAAGGCCGTCGGCTCA-1_contig_2,True,505,TRB,TRBV13-1,None,TRBJ2-4,None,True,True,CASSEGTNTLYF,TGTGCCAGCAGTGAAGGAACAAACACCTTGTACTTT,20156,21,clonotype2,clonotype2_consensus_1
CAAGGCCGTCTCCATC-1,True,CAAGGCCGTCTCCATC-1_contig_1,True,549,TRB,TRBV16,None,TRBJ2-5,None,True,True,CASSLGGYQDTQYF,TGTGCAAGCAGCTTAGGGGGCTACCAAGACACCCAGTACTTT,12266,10,clonotype102,clonotype102_consensus_2
CAAGGCCGTCTCCATC-1,True,CAAGGCCGTCTCCATC-1_contig_2,True,516,TRA,TRAV12-1,None,TRAJ48,TRAC,True,True,CALSDAGDYGNEKITF,TGTGCTCTGAGTGATGCAGGAGACTATGGAAATGAGAAAATAACTTTT,3364,3,clonotype102,clonotype102_consensus_1
CAAGGCCTCCGTACAA-1,True,CAAGGCCTCCGTACAA-1_contig_1,True,535,TRA,TRAV19,None,TRAJ39,TRAC,True,True,CAAGGNNAGAKLTF,TGCGCAGCAGGTGGGAATAATGCAGGTGCCAAGCTCACATTC,15370,8,clonotype1,clonotype1_consensus_2
CAAGGCCTCCGTACAA-1,True,CAAGGCCTCCGTACAA-1_contig_2,True,568,TRB,TRBV12-2+TRBV13-2,None,TRBJ1-2,TRBC1,True,True,CASGGGTGNSDYTF,TGTGCCAGCGGTGGGGGGACAGGGAACTCCGACTACACCTTC,15940,15,clonotype1,clonotype1_consensus_1
CAAGGCCTCCGTACAA-1,True,CAAGGCCTCCGTACAA-1_contig_3,True,431,TRA,TRAV7-5,None,TRAJ45,None,True,False,CSDTEGADRLTF,TGCAGTGATACAGAAGGTGCAGATAGACTCACCTTT,1618,1,clonotype1,None
CAAGGCCTCGCGCCAA-1,True,CAAGGCCTCGCGCCAA-1_contig_1,True,532,TRA,TRAV13-4-DV7,None,TRAJ58,TRAC,True,True,CAPMQQGTGSKLSF,TGTGCTCCTATGCAGCAAGGCACTGGGTCTAAGCTGTCATTT,3978,6,clonotype18,clonotype18_consensus_2
CAAGGCCTCGCGCCAA-1,True,CAAGGCCTCGCGCCAA-1_contig_2,True,525,TRB,TRBV17,None,TRBJ2-5,None,True,True,CASSRKGVQDTQYF,TGTGCTAGCAGTAGAAAGGGGGTCCAAGACACCCAGTACTTT,57192,45,clonotype18,clonotype18_consensus_1
CAAGGCCTCGCGCCAA-1,True,CAAGGCCTCGCGCCAA-1_contig_3,True,430,TRB,None,None,TRBJ2-3,None,False,False,None,None,14062,11,clonotype18,None
CAAGTTGGTCCAAGTT-1,True,CAAGTTGGTCCAAGTT-1_contig_1,True,541,TRA,TRAV6-6,None,TRAJ24,TRAC,True,True,CAPLTTASLGKLQF,TGTGCTCCGTTGACAACTGCCAGTTTGGGGAAACTGCAGTTT,2942,2,clonotype2,clonotype2_consensus_2
CAAGTTGGTCCAAGTT-1,True,CAAGTTGGTCCAAGTT-1_contig_2,True,512,TRB,TRBV13-1,None,TRBJ2-4,None,True,True,CASSEGTNTLYF,TGTGCCAGCAGTGAAGGAACAAACACCTTGTACTTT,5100,7,clonotype2,clonotype2_consensus_1
CAAGTTGGTCCAAGTT-1,True,CAAGTTGGTCCAAGTT-1_contig_3,True,497,TRA,TRAV3-3,None,TRAJ49,None,True,False,CAVSGSTGYQNFYF,TGCGCAGTCAGTGGGAGCACGGGTTACCAGAACTTCTATTTT,1626,1,clonotype2,None
CAAGTTGGTTAAGAAC-1,True,CAAGTTGGTTAAGAAC-1_contig_1,True,558,TRA,TRAV19,None,TRAJ39,TRAC,True,True,CAAGGNNAGAKLTF,TGCGCAGCAGGTGGGAATAATGCAGGTGCCAAGCTCACATTC,5298,4,clonotype97,clonotype97_consensus_3
CAAGTTGGTTAAGAAC-1,True,CAAGTTGGTTAAGAAC-1_contig_2,True,503,TRB,TRBV13-1,None,TRBJ2-4,None,True,True,CASSEGTNTLYF,TGTGCCAGCAGTGAAGGAACAAACACCTTGTACTTT,9012,6,clonotype97,clonotype97_consensus_1
CAAGTTGGTTAAGAAC-1,True,CAAGTTGGTTAAGAAC-1_contig_3,True,526,TRB,TRBV13-2,None,TRBJ1-2,TRBC1,True,True,CASGGGTGNSDYTF,TGTGCCAGCGGTGGGGGGACAGGGAACTCCGACTACACCTTC,6754,7,clonotype97,clonotype97_consensus_2
CAAGTTGGTTAAGAAC-1,True,CAAGTTGGTTAAGAAC-1_contig_4,True,350,TRB,None,None,TRBJ2-3,None,False,False,None,None,2700,1,clonotype97,None
CAAGTTGGTTAAGAAC-1,True,CAAGTTGGTTAAGAAC-1_contig_5,True,415,TRA,TRAV9D-2,None,TRAJ26,TRAC,True,False,CVLSRGNNYAQGLTF,TGTGTTCTGAGCAGGGGCAATAACTATGCCCAGGGATTAACCTTC,4862,2,clonotype97,None
CAAGTTGGTTAAGAAC-1,True,CAAGTTGGTTAAGAAC-1_contig_6,True,402,TRB,None,None,TRBJ2-7,None,False,False,None,None,6894,4,clonotype97,None
CAAGTTGTCAGCTTAG-1,True,CAAGTTGTCAGCTTAG-1_contig_1,True,652,TRA,TRAV14N-3,None,TRAJ6,TRAC,True,True,CAARTSGGNYKPTF,TGTGCAGCAAGAACCTCAGGAGGAAACTACAAACCTACGTTT,28454,22,clonotype4,clonotype4_consensus_2
CAAGTTGTCAGCTTAG-1,True,CAAGTTGTCAGCTTAG-1_contig_2,True,549,TRA,TRAV8N-2,None,TRAJ13,TRAC,True,True,CATEDSGTYQRF,TGTGCTACTGAGGATTCTGGGACTTACCAGAGGTTT,27578,21,clonotype4,clonotype4_consensus_1
CAAGTTGTCAGCTTAG-1,True,CAAGTTGTCAGCTTAG-1_contig_3,True,600,TRB,TRBV12-2+TRBV13-2,None,TRBJ2-7,None,True,True,CASGTGGDYEQYF,TGTGCCAGCGGGACTGGGGGGGACTATGAACAGTACTTC,18132,37,clonotype4,clonotype4_consensus_3
CACAAACGTCTGATCA-1,True,CACAAACGTCTGATCA-1_contig_1,True,566,TRA,TRAV3-3,None,TRAJ49,TRAC,True,True,CAVSGSTGYQNFYF,TGCGCAGTCAGTGGGAGCACGGGTTACCAGAACTTCTATTTT,8416,7,clonotype5,clonotype5_consensus_1
CACAAACGTCTGATCA-1,True,CACAAACGTCTGATCA-1_contig_2,True,585,TRB,TRBV12-2+TRBV13-2,None,TRBJ2-7,None,True,True,CASGVQGWEQYF,TGTGCCAGCGGTGTACAGGGGTGGGAACAGTACTTC,7274,5,clonotype5,clonotype5_consensus_2
CACAAACGTCTGATCA-1,True,CACAAACGTCTGATCA-1_contig_3,True,472,TRA,TRAV6D-5,None,TRAJ38,None,True,False,CTTVFWDNVGDNSKLIW,TGTACTACTGTGTTCTGGGATAATGTTGGTGACAACAGTAAGCTGATTTGG,3584,1,clonotype5,None
CACAAACGTCTGATCA-1,True,CACAAACGTCTGATCA-1_contig_4,True,651,TRB,None,None,TRBJ1-1,TRBC1,False,False,None,None,11768,10,clonotype5,None
CACAAACTCCCTCAGT-1,True,CACAAACTCCCTCAGT-1_contig_1,True,538,TRA,TRAV16D-DV11,None,TRAJ9,TRAC,True,True,CAMRESNMGYKLTF,TGTGCTATGAGAGAGAGCAACATGGGCTACAAACTTACCTTC,7056,4,clonotype32,clonotype32_consensus_1
CACAAACTCCCTCAGT-1,True,CACAAACTCCCTCAGT-1_contig_2,True,638,TRB,TRBV20,None,TRBJ1-6,TRBC1,True,True,CADRSYNSPLYF,TGTGCCGACAGGTCCTATAATTCGCCCCTCTACTTT,6928,5,clonotype32,clonotype32_consensus_2
CACAAACTCCGTTGCT-1,True,CACAAACTCCGTTGCT-1_contig_1,True,590,TRA,TRAV12D-2,None,TRAJ9,TRAC,True,True,CALSGGNMGYKLTF,TGTGCTTTGAGTGGGGGCAACATGGGCTACAAACTTACCTTC,4798,3,clonotype288,clonotype288_consensus_1
CACAAACTCCGTTGCT-1,True,CACAAACTCCGTTGCT-1_contig_2,True,569,TRB,TRBV12-2,None,TRBJ2-1,None,True,True,CASSLPGGHAEQFF,TGTGCCAGCTCCCTCCCGGGGGGTCATGCTGAGCAGTTCTTC,4256,4,clonotype288,clonotype288_consensus_2
CACAAACTCGTTGACA-1,True,CACAAACTCGTTGACA-1_contig_1,True,549,TRB,TRBV16,None,TRBJ2-5,None,True,True,CASSLGGGQDTQYF,TGTGCAAGCAGCTTAGGGGGGGGCCAAGACACCCAGTACTTT,31972,35,clonotype8,clonotype8_consensus_1
CACAAACTCGTTGACA-1,True,CACAAACTCGTTGACA-1_contig_2,True,560,TRA,TRAV4D-3,None,TRAJ27,TRAC,True,True,CAADGPNTGKLTF,TGTGCTGCGGACGGACCCAATACAGGCAAATTAACCTTT,15868,11,clonotype8,clonotype8_consensus_2
CACAAACTCGTTGACA-1,True,CACAAACTCGTTGACA-1_contig_3,True,525,TRA,TRAV7N-6,None,TRAJ30,TRAC,True,True,CAVVDTNAYKVIF,TGTGCAGTGGTTGACACAAATGCTTACAAAGTCATCTTT,22046,13,clonotype8,clonotype8_consensus_3
CACAAACTCTGCCCTA-1,True,CACAAACTCTGCCCTA-1_contig_1,True,714,TRA,TRAV9N-4,None,TRAJ22,TRAC,True,True,CALTPSSGSWQLIF,TGTGCTCTGACCCCATCTTCTGGCAGCTGGCAACTCATCTTT,4944,5,clonotype170,clonotype170_consensus_2
CACAAACTCTGCCCTA-1,True,CACAAACTCTGCCCTA-1_contig_2,True,594,TRB,TRBV12-2+TRBV13-2,None,TRBJ2-7,None,True,True,CASGGLGEQYF,TGTGCCAGCGGTGGCCTGGGGGAACAGTACTTC,45820,32,clonotype170,clonotype170_consensus_1
CACAAACTCTGCCCTA-1,True,CACAAACTCTGCCCTA-1_contig_3,True,465,TRA,TRAV8D-1,None,TRAJ30,TRAC,True,False,CATDTNAYKVIF,TGTGCTACTGACACAAATGCTTACAAAGTCATCTTT,700,2,clonotype170,None
CACACAAAGTCCGGTC-1,True,CACACAAAGTCCGGTC-1_contig_1,True,549,TRB,TRBV16,None,TRBJ2-5,None,True,True,CASSLGGGQDTQYF,TGTGCAAGCAGCTTAGGGGGGGGGCAAGACACCCAGTACTTT,6546,8,clonotype11,clonotype11_consensus_2
CACACAAAGTCCGGTC-1,True,CACACAAAGTCCGGTC-1_contig_2,True,563,TRA,TRAV4D-3,None,TRAJ27,TRAC,True,True,CAADGPNTGKLTF,TGTGCTGCTGACGGGCCCAATACAGGCAAATTAACCTTT,12706,9,clonotype11,clonotype11_consensus_1
CACACCTAGGAATGGA-1,True,CACACCTAGGAATGGA-1_contig_1,True,505,TRB,TRBV13-1,None,TRBJ2-4,None,True,True,CASSEGTNTLYF,TGTGCCAGCAGTGAAGGAACAAACACCTTGTACTTT,4052,6,clonotype6,clonotype6_consensus_1
CACACCTAGGAATGGA-1,True,CACACCTAGGAATGGA-1_contig_2,True,436,TRA,TRAV9D-2,None,TRAJ26,TRAC,True,False,CVLSRGNNYAQGLTF,TGTGTTCTGAGCAGGGGCAATAACTATGCCCAGGGATTAACCTTC,2346,1,clonotype6,None
CACACCTAGGAATGGA-1,True,CACACCTAGGAATGGA-1_contig_3,True,372,TRB,None,None,TRBJ2-7,None,False,False,None,None,1610,1,clonotype6,None
CACACCTAGGAATGGA-1,True,CACACCTAGGAATGGA-1_contig_4,True,392,TRA,TRAV6-6,None,TRAJ24,TRAC,True,False,None,None,3856,2,clonotype6,None
CACACCTAGGCATGTG-1,True,CACACCTAGGCATGTG-1_contig_1,True,555,TRA,TRAV3-3,None,TRAJ49,TRAC,True,True,CAVSGSTGYQNFYF,TGCGCAGTCAGTGGGAGCACGGGTTACCAGAACTTCTATTTT,11188,7,clonotype5,clonotype5_consensus_1
CACACCTAGGCATGTG-1,True,CACACCTAGGCATGTG-1_contig_2,True,562,TRB,TRBV12-2+TRBV13-2,None,TRBJ2-7,None,True,True,CASGVQGWEQYF,TGTGCCAGCGGTGTACAGGGGTGGGAACAGTACTTC,14468,14,clonotype5,clonotype5_consensus_2
CACACCTAGGCATGTG-1,True,CACACCTAGGCATGTG-1_contig_3,True,493,TRA,TRAV6D-5,None,TRAJ38,TRAC,True,False,CTTVFWDNVGDNSKLIW,TGTACTACTGTGTTCTGGGATAATGTTGGTGACAACAGTAAGCTGATTTGG,4430,2,clonotype5,None
CACACCTAGGCATGTG-1,True,CACACCTAGGCATGTG-1_contig_4,True,401,TRB,None,None,TRBJ1-1,TRBC1,False,False,None,None,3140,2,clonotype5,None
CACACCTAGTTTCCTT-1,True,CACACCTAGTTTCCTT-1_contig_1,True,549,TRB,TRBV16,None,TRBJ2-5,None,True,True,CASSLGGGQDTQYF,TGTGCAAGCAGCTTAGGGGGGGGCCAAGACACCCAGTACTTT,6862,5,clonotype8,clonotype8_consensus_1
CACACCTAGTTTCCTT-1,True,CACACCTAGTTTCCTT-1_contig_2,True,564,TRA,TRAV4D-3,None,TRAJ27,TRAC,True,True,CAADGPNTGKLTF,TGTGCTGCGGACGGACCCAATACAGGCAAATTAACCTTT,18172,15,clonotype8,clonotype8_consensus_2
CACACCTAGTTTCCTT-1,True,CACACCTAGTTTCCTT-1_contig_3,True,525,TRA,TRAV7N-6,None,TRAJ30,TRAC,True,True,CAVVDTNAYKVIF,TGTGCAGTGGTTGACACAAATGCTTACAAAGTCATCTTT,7670,4,clonotype8,clonotype8_consensus_3
CACACTCAGAAGGACA-1,True,CACACTCAGAAGGACA-1_contig_1,True,532,TRA,TRAV16D-DV11,None,TRAJ9,TRAC,True,True,CAMRESNMGYKLTF,TGTGCTATGAGAGAGAGCAACATGGGCTACAAACTTACCTTC,5294,3,clonotype160,clonotype160_consensus_1
CACACTCAGAAGGACA-1,True,CACACTCAGAAGGACA-1_contig_2,True,525,TRB,TRBV17,None,TRBJ2-5,None,True,True,CASSRKGAQDTQYF,TGTGCTAGCAGTAGGAAGGGGGCGCAAGACACCCAGTACTTT,10086,7,clonotype160,clonotype160_consensus_2
CACACTCCAGGTCCAC-1,True,CACACTCCAGGTCCAC-1_contig_1,True,539,TRA,TRAV8-1,None,TRAJ30,TRAC,True,True,CASDTNAYKVIF,TGTGCTTCTGACACAAATGCTTACAAAGTCATCTTT,5960,5,clonotype126,clonotype126_consensus_1
CACACTCCAGGTCCAC-1,True,CACACTCCAGGTCCAC-1_contig_2,True,320,TRB,None,None,TRBJ2-7,None,False,False,None,None,5824,2,clonotype126,None
CACACTCTCACGCATA-1,True,CACACTCTCACGCATA-1_contig_1,True,543,TRA,TRAV14N-3,None,TRAJ6,TRAC,True,True,CAARTSGGNYKPTF,TGTGCAGCAAGAACCTCAGGAGGAAACTACAAACCTACGTTT,3092,2,clonotype4,clonotype4_consensus_2
CACACTCTCACGCATA-1,True,CACACTCTCACGCATA-1_contig_2,True,549,TRA,TRAV8N-2,None,TRAJ13,TRAC,True,True,CATEDSGTYQRF,TGTGCTACTGAGGATTCTGGGACTTACCAGAGGTTT,7456,3,clonotype4,clonotype4_consensus_1
CACACTCTCACGCATA-1,True,CACACTCTCACGCATA-1_contig_3,True,569,TRB,TRBV12-2+TRBV13-2,None,TRBJ2-7,None,True,True,CASGTGGDYEQYF,TGTGCCAGCGGGACTGGGGGGGACTATGAACAGTACTTC,2748,3,clonotype4,clonotype4_consensus_3
CACACTCTCGCATGAT-1,True,CACACTCTCGCATGAT-1_contig_1,True,549,TRB,TRBV16,None,TRBJ2-5,None,True,True,CASSLGGGQDTQYF,TGTGCAAGCAGCTTAGGGGGGGGCCAAGACACCCAGTACTTT,12562,14,clonotype8,clonotype8_consensus_1
CACACTCTCGCATGAT-1,True,CACACTCTCGCATGAT-1_contig_2,True,594,TRA,TRAV4D-3,None,TRAJ27,TRAC,True,True,CAADGPNTGKLTF,TGTGCTGCGGACGGACCCAATACAGGCAAATTAACCTTT,15956,11,clonotype8,clonotype8_consensus_2
CACACTCTCGCATGAT-1,True,CACACTCTCGCATGAT-1_contig_3,True,525,TRA,TRAV7N-6,None,TRAJ30,TRAC,True,True,CAVVDTNAYKVIF,TGTGCAGTGGTTGACACAAATGCTTACAAAGTCATCTTT,13770,7,clonotype8,clonotype8_consensus_3
CACAGGCAGATGTAAC-1,True,CACAGGCAGATGTAAC-1_contig_1,True,570,TRB,TRBV12-2+TRBV13-2,None,TRBJ2-3,None,True,True,CASGDAPPGEGTLYF,TGTGCCAGCGGTGATGCACCTCCAGGGGAGGGAACGCTGTATTTT,4732,5,clonotype37,clonotype37_consensus_2
CACAGGCAGATGTAAC-1,True,CACAGGCAGATGTAAC-1_contig_2,True,512,TRA,TRAV13N-3,None,TRAJ49,TRAC,True,True,CAMGGYQNFYF,TGTGCTATGGGGGGTTACCAGAACTTCTATTTT,1958,2,clonotype37,clonotype37_consensus_1
CACAGGCAGCCCTAAT-1,True,CACAGGCAGCCCTAAT-1_contig_1,True,549,TRB,TRBV16,None,TRBJ2-7,None,True,True,CASSFGGGADEQYF,TGTGCAAGCAGCTTTGGTGGGGGGGCGGATGAACAGTACTTC,11744,14,clonotype20,clonotype20_consensus_2
CACAGGCAGCCCTAAT-1,True,CACAGGCAGCCCTAAT-1_contig_2,True,633,TRA,TRAV13D-2,None,TRAJ11,TRAC,True,True,CAIDLDSGYNKLTF,TGTGCTATAGATCTTGACTCGGGATACAACAAACTCACTTTT,11358,9,clonotype20,clonotype20_consensus_1
CACAGGCAGCCCTAAT-1,True,CACAGGCAGCCCTAAT-1_contig_3,True,528,TRA,TRAV11,None,TRAJ11,TRAC,True,False,CVVDSGYNKLTF,TGTGTGGTGGACTCGGGATACAACAAACTCACTTTT,3572,3,clonotype20,None
CACAGGCAGCCCTAAT-1,True,CACAGGCAGCCCTAAT-1_contig_4,True,505,TRB,TRBV13-1,None,TRBJ1-2,TRBC1,True,False,None,None,2570,2,clonotype20,None
CACAGGCAGGATATAC-1,True,CACAGGCAGGATATAC-1_contig_1,True,509,TRA,TRAV4-2,None,TRAJ35,TRAC,True,True,CAVEPQTGFASALTF,TGTGCTGTTGAGCCCCAGACAGGCTTTGCAAGTGCGCTGACATTT,3406,2,clonotype85,clonotype85_consensus_3
CACAGGCAGGATATAC-1,True,CACAGGCAGGATATAC-1_contig_2,True,470,TRA,TRAV8-1,None,TRAJ30,None,True,True,CATDTNAYKVIF,TGTGCTACTGACACAAATGCTTACAAAGTCATCTTT,2664,1,clonotype85,clonotype85_consensus_1
CACAGGCAGGATATAC-1,True,CACAGGCAGGATATAC-1_contig_3,True,968,TRB,TRBV12-2+TRBV13-2,None,TRBJ1-5,TRBC1,True,True,CASGTGDNQAPLF,TGTGCCAGCGGGACAGGGGATAACCAGGCTCCGCTTTTT,4114,4,clonotype85,clonotype85_consensus_2
CACAGGCAGTGAATTG-1,True,CACAGGCAGTGAATTG-1_contig_1,True,558,TRA,TRAV19,None,TRAJ39,TRAC,True,True,CAAGGNNAGAKLTF,TGCGCAGCAGGTGGGAATAATGCAGGTGCCAAGCTCACATTC,12460,10,clonotype1,clonotype1_consensus_2
CACAGGCAGTGAATTG-1,True,CACAGGCAGTGAATTG-1_contig_2,True,571,TRB,TRBV12-2+TRBV13-2,None,TRBJ1-2,TRBC1,True,True,CASGGGTGNSDYTF,TGTGCCAGCGGTGGGGGGACAGGGAACTCCGACTACACCTTC,26042,21,clonotype1,clonotype1_consensus_1
CACAGGCAGTGAATTG-1,True,CACAGGCAGTGAATTG-1_contig_3,True,357,TRB,None,None,TRBJ2-7,None,False,False,None,None,3696,2,clonotype1,None
CACAGGCCAAGCTGGA-1,True,CACAGGCCAAGCTGGA-1_contig_1,True,505,TRB,TRBV13-1,None,TRBJ2-4,None,True,True,CASSEGTNTLYF,TGTGCCAGCAGTGAAGGAACAAACACCTTGTACTTT,34508,24,clonotype9,clonotype9_consensus_1
CACAGGCCAAGCTGGA-1,True,CACAGGCCAAGCTGGA-1_contig_2,True,753,TRA,TRAV9D-2,None,TRAJ26,TRAC,True,True,CVLSRGNNYAQGLTF,TGTGTTCTGAGCAGGGGCAATAACTATGCCCAGGGATTAACCTTC,5856,5,clonotype9,clonotype9_consensus_2
CACAGGCCAAGCTGGA-1,True,CACAGGCCAAGCTGGA-1_contig_3,True,316,TRB,None,None,TRBJ2-7,None,False,False,None,None,3214,1,clonotype9,None
CACAGGCCACAAGACG-1,True,CACAGGCCACAAGACG-1_contig_1,True,531,TRA,TRAV3-3,None,TRAJ31,TRAC,True,True,CAVSAGNNRIFF,TGCGCAGTCAGTGCAGGCAATAACAGAATCTTCTTT,7750,6,clonotype34,clonotype34_consensus_2
CACAGGCCACAAGACG-1,True,CACAGGCCACAAGACG-1_contig_2,True,515,TRB,TRBV13-1,None,TRBJ2-3,None,True,True,CASEGQGAETLYF,TGTGCCAGCGAGGGACAGGGTGCAGAAACGCTGTATTTT,13872,11,clonotype34,clonotype34_consensus_1
CACAGGCCACAAGACG-1,True,CACAGGCCACAAGACG-1_contig_3,True,316,TRA,TRAV21-DV12,None,TRAJ48,TRAC,True,False,None,None,6628,3,clonotype34,None
CACAGGCCACAAGACG-1,True,CACAGGCCACAAGACG-1_contig_4,True,782,TRB,None,None,TRBJ1-5,None,False,False,None,None,542,1,clonotype34,None
CACAGGCGTAACGCGA-1,True,CACAGGCGTAACGCGA-1_contig_1,True,558,TRA,TRAV19,None,TRAJ39,TRAC,True,True,CAAGGNNAGAKLTF,TGCGCAGCAGGTGGGAATAATGCAGGTGCCAAGCTCACATTC,20358,14,clonotype1,clonotype1_consensus_2
CACAGGCGTAACGCGA-1,True,CACAGGCGTAACGCGA-1_contig_2,True,602,TRB,TRBV12-2+TRBV13-2,None,TRBJ1-2,TRBC1,True,True,CASGGGTGNSDYTF,TGTGCCAGCGGTGGGGGGACAGGGAACTCCGACTACACCTTC,26758,26,clonotype1,clonotype1_consensus_1
CACAGGCGTAACGCGA-1,True,CACAGGCGTAACGCGA-1_contig_3,True,334,TRB,None,None,TRBJ2-1,None,False,False,None,None,14132,10,clonotype1,None
CACAGGCGTAACGCGA-1,True,CACAGGCGTAACGCGA-1_contig_4,True,563,TRB,None,None,TRBJ2-5,None,False,False,None,None,7674,9,clonotype1,None
CACAGGCGTAACGCGA-1,True,CACAGGCGTAACGCGA-1_contig_5,True,505,TRA,TRAV7-5,None,TRAJ45,TRAC,True,False,CSDTEGADRLTF,TGCAGTGATACAGAAGGTGCAGATAGACTCACCTTT,4070,4,clonotype1,None
CACAGGCGTATGAATG-1,True,CACAGGCGTATGAATG-1_contig_1,True,549,TRB,TRBV16,None,TRBJ2-5,None,True,True,CASSLGGGQDTQYF,TGTGCAAGCAGCTTAGGGGGGGGCCAAGACACCCAGTACTTT,14526,11,clonotype8,clonotype8_consensus_1
CACAGGCGTATGAATG-1,True,CACAGGCGTATGAATG-1_contig_2,True,558,TRA,TRAV4D-3,None,TRAJ27,TRAC,True,True,CAADGPNTGKLTF,TGTGCTGCGGACGGACCCAATACAGGCAAATTAACCTTT,9902,5,clonotype8,clonotype8_consensus_2
CACAGGCGTATGAATG-1,True,CACAGGCGTATGAATG-1_contig_3,True,525,TRA,TRAV7N-6,None,TRAJ30,TRAC,True,True,CAVVDTNAYKVIF,TGTGCAGTGGTTGACACAAATGCTTACAAAGTCATCTTT,5108,4,clonotype8,clonotype8_consensus_3
CACAGGCGTCCTCTTG-1,True,CACAGGCGTCCTCTTG-1_contig_1,True,611,TRA,TRAV16D-DV11,None,TRAJ9,TRAC,True,True,CAMRESNMGYKLTF,TGTGCTATGAGAGAGAGCAACATGGGCTACAAACTTACCTTC,3308,2,clonotype32,clonotype32_consensus_1
CACAGGCGTCCTCTTG-1,True,CACAGGCGTCCTCTTG-1_contig_2,True,551,TRB,TRBV20,None,TRBJ1-6,TRBC1,True,True,CADRSYNSPLYF,TGTGCCGACAGGTCCTATAATTCGCCCCTCTACTTT,2466,2,clonotype32,clonotype32_consensus_2
CACAGGCGTGATAAAC-1,True,CACAGGCGTGATAAAC-1_contig_1,True,500,TRA,TRAV8-1,None,TRAJ43,TRAC,True,True,CATDEVHNNNAPRF,TGTGCTACTGATGAGGTACATAACAACAATGCCCCACGATTT,7262,5,clonotype150,clonotype150_consensus_2
CACAGGCGTGATAAAC-1,True,CACAGGCGTGATAAAC-1_contig_2,True,586,TRB,TRBV12-2+TRBV13-2,None,TRBJ2-2,None,True,True,CASGTGDTGQLYF,TGTGCCAGCGGGACAGGGGACACCGGGCAGCTCTACTTT,762,1,clonotype150,clonotype150_consensus_1
CACAGGCTCCTAAGTG-1,True,CACAGGCTCCTAAGTG-1_contig_1,True,541,TRA,TRAV8D-1,None,TRAJ30,TRAC,True,True,CALDTNAYKVIF,TGTGCCCTCGACACAAATGCTTACAAAGTCATCTTT,5592,3,clonotype289,clonotype289_consensus_3
CACAGGCTCCTAAGTG-1,True,CACAGGCTCCTAAGTG-1_contig_2,True,632,TRB,TRBV12-2+TRBV13-2,None,TRBJ2-1,None,True,True,CASGTGDYAEQFF,TGTGCCAGCGGGACTGGGGACTATGCTGAGCAGTTCTTC,4070,4,clonotype289,clonotype289_consensus_2
CACAGGCTCCTAAGTG-1,True,CACAGGCTCCTAAGTG-1_contig_3,True,632,TRB,TRBV12-2+TRBV13-2,None,TRBJ2-7,None,True,True,CASGTGGDYEQYF,TGTGCCAGCGGGACTGGGGGGGACTATGAACAGTACTTC,518,3,clonotype289,clonotype289_consensus_1
CACAGGCTCCTAAGTG-1,True,CACAGGCTCCTAAGTG-1_contig_4,True,514,TRA,TRAV6-6,None,TRAJ40,TRAC,True,False,CTTVLWVNTGNYKYVF,TGTACTACTGTGCTCTGGGTTAATACAGGAAACTACAAATACGTCTTT,3624,4,clonotype289,None
CACAGGCTCGTACGGC-1,True,CACAGGCTCGTACGGC-1_contig_1,True,532,TRA,TRAV13-4-DV7,None,TRAJ58,TRAC,True,True,CAPMQQGTGSKLSF,TGTGCTCCTATGCAGCAAGGCACTGGGTCTAAGCTGTCATTT,7424,5,clonotype18,clonotype18_consensus_2
CACAGGCTCGTACGGC-1,True,CACAGGCTCGTACGGC-1_contig_2,True,525,TRB,TRBV17,None,TRBJ2-5,None,True,True,CASSRKGVQDTQYF,TGTGCTAGCAGTAGAAAGGGGGTCCAAGACACCCAGTACTTT,6582,6,clonotype18,clonotype18_consensus_1
CACAGTACATCCTTGC-1,True,CACAGTACATCCTTGC-1_contig_1,True,550,TRA,TRAV6-6,None,TRAJ24,TRAC,True,True,CAPLTTASLGKLQF,TGTGCTCCGTTGACAACTGCCAGTTTGGGGAAACTGCAGTTT,3310,2,clonotype2,clonotype2_consensus_2
CACAGTACATCCTTGC-1,True,CACAGTACATCCTTGC-1_contig_2,True,505,TRB,TRBV13-1,None,TRBJ2-4,None,True,True,CASSEGTNTLYF,TGTGCCAGCAGTGAAGGAACAAACACCTTGTACTTT,16450,15,clonotype2,clonotype2_consensus_1
CACAGTACATCCTTGC-1,True,CACAGTACATCCTTGC-1_contig_3,True,868,TRA,TRAV9D-2,None,TRAJ26,TRAC,True,False,CVLSRGNNYAQGLTF,TGTGTTCTGAGCAGGGGCAATAACTATGCCCAGGGATTAACCTTC,2866,3,clonotype2,None
CACAGTATCCACGTGG-1,True,CACAGTATCCACGTGG-1_contig_1,True,549,TRB,TRBV16,None,TRBJ2-5,None,True,True,CASSLGGGQDTQYF,TGTGCAAGCAGCTTAGGGGGGGGCCAAGACACCCAGTACTTT,5078,5,clonotype61,clonotype61_consensus_1
CACATAGAGAAGAAGC-1,True,CACATAGAGAAGAAGC-1_contig_1,True,532,TRA,TRAV13-4-DV7,None,TRAJ58,TRAC,True,True,CAPMQQGTGSKLSF,TGTGCTCCTATGCAGCAAGGCACTGGGTCTAAGCTGTCATTT,6484,6,clonotype18,clonotype18_consensus_2
CACATAGAGAAGAAGC-1,True,CACATAGAGAAGAAGC-1_contig_2,True,525,TRB,TRBV17,None,TRBJ2-5,None,True,True,CASSRKGVQDTQYF,TGTGCTAGCAGTAGAAAGGGGGTCCAAGACACCCAGTACTTT,16350,12,clonotype18,clonotype18_consensus_1
CACATAGAGACGCACA-1,True,CACATAGAGACGCACA-1_contig_1,True,512,TRB,TRBV13-1,None,TRBJ2-4,None,True,True,CASSEGTNTLYF,TGTGCCAGCAGTGAAGGAACAAACACCTTGTACTTT,6074,4,clonotype6,clonotype6_consensus_1
CACATAGAGACGCACA-1,True,CACATAGAGACGCACA-1_contig_2,True,796,TRA,TRAV9D-2,None,TRAJ26,TRAC,True,False,CVLSRGNNYAQGLTF,TGTGTTCTGAGCAGGGGCAATAACTATGCCCAGGGATTAACCTTC,3620,3,clonotype6,None
CACATAGAGTTGTCGT-1,True,CACATAGAGTTGTCGT-1_contig_1,True,525,TRA,TRAV14N-3,None,TRAJ6,TRAC,True,True,CAARTSGGNYKPTF,TGTGCAGCAAGAACCTCAGGAGGAAACTACAAACCTACGTTT,8194,5,clonotype78,clonotype78_consensus_2
CACATAGAGTTGTCGT-1,True,CACATAGAGTTGTCGT-1_contig_2,True,549,TRA,TRAV8N-2,None,TRAJ13,TRAC,True,True,CATEDSGTYQRF,TGTGCTACTGAGGATTCTGGGACTTACCAGAGGTTT,17016,11,clonotype78,clonotype78_consensus_1
CACATAGAGTTGTCGT-1,True,CACATAGAGTTGTCGT-1_contig_3,True,336,TRB,TRBV13-2,None,TRBJ2-7,None,True,False,CASGTGGDYEQYF,TGTGCCAGCGGGACTGGGGGGGACTATGAACAGTACTTC,5666,11,clonotype78,None
CACATAGCAGGTGGAT-1,True,CACATAGCAGGTGGAT-1_contig_1,True,626,TRB,TRBV12-2+TRBV13-2,None,TRBJ1-1,TRBC1,True,True,CASGTGDPEVFF,TGTGCCAGCGGGACAGGGGACCCAGAAGTCTTCTTT,5148,3,clonotype290,clonotype290_consensus_1
CACATAGCAGGTGGAT-1,True,CACATAGCAGGTGGAT-1_contig_2,True,430,TRB,None,None,TRBJ2-7,None,False,False,None,None,1500,5,clonotype290,None
CACATAGGTCCAAGTT-1,True,CACATAGGTCCAAGTT-1_contig_1,True,549,TRB,TRBV16,None,TRBJ2-5,None,True,True,CASSLGGGQDTQYF,TGTGCAAGCAGCTTAGGGGGGGGCCAAGACACCCAGTACTTT,27232,23,clonotype15,clonotype15_consensus_1
CACATAGGTCCAAGTT-1,True,CACATAGGTCCAAGTT-1_contig_2,True,559,TRA,TRAV4D-3,None,TRAJ27,TRAC,True,True,CAADGPNTGKLTF,TGTGCTGCGGACGGACCCAATACAGGCAAATTAACCTTT,21270,17,clonotype15,clonotype15_consensus_2
CACATAGGTCTACCTC-1,True,CACATAGGTCTACCTC-1_contig_1,True,581,TRB,TRBV12-1,None,TRBJ2-5,None,True,True,CASSPRDWDQDTQYF,TGTGCCAGCTCTCCTCGGGACTGGGACCAAGACACCCAGTACTTT,27588,18,clonotype103,clonotype103_consensus_2
CACATAGGTCTACCTC-1,True,CACATAGGTCTACCTC-1_contig_2,True,560,TRA,TRAV6-1,None,TRAJ43,TRAC,True,True,CVLGDGNNNAPRF,TGTGTTCTGGGTGATGGTAACAACAATGCCCCACGATTT,2748,5,clonotype103,clonotype103_consensus_1
CACATAGGTCTACCTC-1,True,CACATAGGTCTACCTC-1_contig_3,True,529,TRA,TRAV16N,None,TRAJ37,TRAC,True,False,CYESLTGNTGKLIF,TGCTATGAGAGTTTAACAGGCAATACCGGAAAACTCATCTTT,2270,2,clonotype103,None
CACATAGGTCTACCTC-1,True,CACATAGGTCTACCTC-1_contig_4,True,521,TRB,TRBV5,None,TRBJ2-1,None,True,False,CASSQ,TGTGCCAGCAGCCAA,2390,2,clonotype103,None
CACATAGTCTCGCATC-1,True,CACATAGTCTCGCATC-1_contig_1,True,567,TRB,TRBV12-2+TRBV13-2,None,TRBJ1-5,TRBC1,True,True,CASGTGDNQAPLF,TGTGCCAGCGGGACAGGGGACAACCAGGCTCCGCTTTTT,7148,5,clonotype16,clonotype16_consensus_1
CACATAGTCTCGCATC-1,True,CACATAGTCTCGCATC-1_contig_2,True,380,TRB,None,None,TRBJ2-1,None,False,False,None,None,2770,2,clonotype16,None
CACATAGTCTCGCATC-1,True,CACATAGTCTCGCATC-1_contig_3,True,533,TRA,TRAV4-4-DV10,None,TRAJ50,TRAC,True,False,None,None,252,2,clonotype16,None
CACATTTAGAGCTATA-1,True,CACATTTAGAGCTATA-1_contig_1,True,562,TRA,TRAV7D-5,None,TRAJ16,TRAC,True,True,CAVSSPATSSGQKLVF,TGTGCAGTGAGCAGCCCCGCAACTTCAAGTGGCCAGAAGCTGGTTTTT,7972,4,clonotype30,clonotype30_consensus_2
CACATTTAGAGCTATA-1,True,CACATTTAGAGCTATA-1_contig_2,True,570,TRB,TRBV12-2,None,TRBJ1-2,TRBC1,True,True,CASSLSTGGVNSDYTF,TGTGCCAGCTCTCTATCGACAGGGGGCGTGAACTCCGACTACACCTTC,15404,12,clonotype30,clonotype30_consensus_1
CACATTTAGAGCTATA-1,True,CACATTTAGAGCTATA-1_contig_3,True,376,TRB,None,None,TRBJ2-4,None,False,False,None,None,9074,6,clonotype30,None
CACATTTCAACTGGCC-1,True,CACATTTCAACTGGCC-1_contig_1,True,570,TRA,TRAV14N-3,None,TRAJ6,TRAC,True,True,CAARTSGGNYKPTF,TGTGCAGCAAGAACCTCAGGAGGAAACTACAAACCTACGTTT,1994,2,clonotype291,clonotype291_consensus_3
CACATTTCAACTGGCC-1,True,CACATTTCAACTGGCC-1_contig_2,True,502,TRB,TRBV13-1,None,TRBJ2-7,None,True,True,CASSAPYEQYF,TGTGCCAGCAGTGCACCGTATGAACAGTACTTC,2554,3,clonotype291,clonotype291_consensus_2
CACATTTCAACTGGCC-1,True,CACATTTCAACTGGCC-1_contig_3,True,549,TRA,TRAV8N-2,None,TRAJ13,TRAC,True,True,CATEDSGTYQRF,TGTGCTACTGAGGATTCTGGGACTTACCAGAGGTTT,2608,1,clonotype291,clonotype291_consensus_1
CACATTTGTTACCGAT-1,True,CACATTTGTTACCGAT-1_contig_1,True,561,TRA,TRAV6-6,None,TRAJ24,TRAC,True,True,CAPLTTASLGKLQF,TGTGCTCCGTTGACAACTGCCAGTTTGGGGAAACTGCAGTTT,4256,3,clonotype3,clonotype3_consensus_2
CACATTTGTTACCGAT-1,True,CACATTTGTTACCGAT-1_contig_2,True,505,TRB,TRBV13-1,None,TRBJ2-4,None,True,True,CASSEGTNTLYF,TGTGCCAGCAGTGAAGGAACAAACACCTTGTACTTT,17384,15,clonotype3,clonotype3_consensus_1
CACATTTGTTACCGAT-1,True,CACATTTGTTACCGAT-1_contig_3,True,705,TRA,TRAV9D-2,None,TRAJ26,TRAC,True,True,CVLSRGNNYAQGLTF,TGTGTTCTGAGCAGGGGCAATAACTATGCCCAGGGATTAACCTTC,4060,3,clonotype3,clonotype3_consensus_3
CACATTTGTTACCGAT-1,True,CACATTTGTTACCGAT-1_contig_4,True,456,TRB,TRBV12-2+TRBV13-2,None,TRBJ2-5,None,True,False,CASGDW,TGTGCCAGCGGTGACTGG,2618,2,clonotype3,None
CACATTTGTTACCGAT-1,True,CACATTTGTTACCGAT-1_contig_5,True,551,TRA,TRAV13D-2,None,TRAJ11,TRAC,True,False,CAIDLDSGYNKLTF,TGTGCTATAGATCTTGACTCGGGATACAACAAACTCACTTTT,1598,1,clonotype3,None
CACATTTTCGGAGCAA-1,True,CACATTTTCGGAGCAA-1_contig_1,True,575,TRB,TRBV12-2+TRBV13-2,None,TRBJ1-4,TRBC1,True,True,CASGDAPERLFF,TGTGCCAGCGGTGATGCTCCCGAAAGATTATTTTTC,20264,19,clonotype41,clonotype41_consensus_1
CACATTTTCGGAGCAA-1,True,CACATTTTCGGAGCAA-1_contig_2,True,331,TRB,None,None,TRBJ2-1,None,False,False,None,None,5310,4,clonotype41,None
CACATTTTCGGAGCAA-1,True,CACATTTTCGGAGCAA-1_contig_3,True,507,Multi,TRDV1,None,TRAJ43,TRAC,True,False,CGGLNNAPRF,TGTGGAGGCCTCAACAATGCCCCACGATTT,8046,5,clonotype41,None
CACATTTTCGGAGGTA-1,True,CACATTTTCGGAGGTA-1_contig_1,True,535,TRA,TRAV19,None,TRAJ39,TRAC,True,True,CAAGGNNAGAKLTF,TGCGCAGCAGGTGGGAATAATGCAGGTGCCAAGCTCACATTC,2832,3,clonotype1,clonotype1_consensus_2
CACATTTTCGGAGGTA-1,True,CACATTTTCGGAGGTA-1_contig_2,True,560,TRB,TRBV12-2+TRBV13-2,None,TRBJ1-2,TRBC1,True,True,CASGGGTGNSDYTF,TGTGCCAGCGGTGGGGGGACAGGGAACTCCGACTACACCTTC,6514,6,clonotype1,clonotype1_consensus_1
CACCACTCACGTCAGC-1,True,CACCACTCACGTCAGC-1_contig_1,True,555,TRA,TRAV3-3,None,TRAJ49,TRAC,True,True,CAVSGSTGYQNFYF,TGCGCAGTCAGTGGGAGCACGGGTTACCAGAACTTCTATTTT,3188,2,clonotype33,clonotype33_consensus_1
CACCACTGTAAGAGGA-1,True,CACCACTGTAAGAGGA-1_contig_1,True,549,TRB,TRBV16,None,TRBJ2-5,None,True,True,CASSFGGGEDTQYF,TGTGCAAGCAGCTTTGGGGGGGGGGAAGACACCCAGTACTTT,11122,12,clonotype74,clonotype74_consensus_1
CACCAGGAGAAACGAG-1,True,CACCAGGAGAAACGAG-1_contig_1,True,558,TRA,TRAV19,None,TRAJ39,TRAC,True,True,CAAGGNNAGAKLTF,TGCGCAGCAGGTGGGAATAATGCAGGTGCCAAGCTCACATTC,11496,10,clonotype1,clonotype1_consensus_2
CACCAGGAGAAACGAG-1,True,CACCAGGAGAAACGAG-1_contig_2,True,602,TRB,TRBV12-2+TRBV13-2,None,TRBJ1-2,TRBC1,True,True,CASGGGTGNSDYTF,TGTGCCAGCGGTGGGGGGACAGGGAACTCCGACTACACCTTC,47654,47,clonotype1,clonotype1_consensus_1
CACCAGGAGAAACGAG-1,True,CACCAGGAGAAACGAG-1_contig_3,True,304,TRB,None,None,TRBJ2-5,None,False,False,None,None,12050,7,clonotype1,None
CACCAGGAGAAACGAG-1,True,CACCAGGAGAAACGAG-1_contig_4,True,310,TRA,TRAV7-5,None,TRAJ45,TRAC,True,False,CSDTEGADRLTF,TGCAGTGATACAGAAGGTGCAGATAGACTCACCTTT,2054,2,clonotype1,None
CACCAGGAGAAACGAG-1,True,CACCAGGAGAAACGAG-1_contig_5,True,336,TRB,None,None,TRBJ2-1,None,False,False,None,None,2698,2,clonotype1,None
CACCAGGAGAGTACAT-1,True,CACCAGGAGAGTACAT-1_contig_1,True,495,TRA,TRAV6-5,None,TRAJ45,TRAC,True,True,CALIHTEGADRLTF,TGTGCTCTGATCCATACAGAAGGTGCAGATAGACTCACCTTT,15346,9,clonotype125,clonotype125_consensus_1
CACCAGGAGAGTACAT-1,True,CACCAGGAGAGTACAT-1_contig_2,True,565,TRB,TRBV13-2,None,TRBJ2-7,None,True,True,CASGALWEQYF,TGTGCCAGCGGGGCTCTATGGGAACAGTACTTC,12760,9,clonotype125,clonotype125_consensus_2
CACCAGGAGTGTCCAT-1,True,CACCAGGAGTGTCCAT-1_contig_1,True,549,TRB,TRBV16,None,TRBJ2-5,None,True,True,CASSLGGYQDTQYF,TGTGCAAGCAGCTTAGGGGGCTACCAAGACACCCAGTACTTT,2098,8,clonotype102,clonotype102_consensus_2
CACCAGGAGTGTCCAT-1,True,CACCAGGAGTGTCCAT-1_contig_2,True,568,TRA,TRAV12-1,None,TRAJ48,TRAC,True,True,CALSDAGDYGNEKITF,TGTGCTCTGAGTGATGCAGGAGACTATGGAAATGAGAAAATAACTTTT,6408,3,clonotype102,clonotype102_consensus_1
CACCAGGCACATCCGG-1,True,CACCAGGCACATCCGG-1_contig_1,True,558,TRA,TRAV19,None,TRAJ39,TRAC,True,True,CAAGGNNAGAKLTF,TGCGCAGCAGGTGGGAATAATGCAGGTGCCAAGCTCACATTC,6460,8,clonotype1,clonotype1_consensus_2
CACCAGGCACATCCGG-1,True,CACCAGGCACATCCGG-1_contig_2,True,567,TRB,TRBV12-2+TRBV13-2,None,TRBJ1-2,TRBC1,True,True,CASGGGTGNSDYTF,TGTGCCAGCGGTGGGGGGACAGGGAACTCCGACTACACCTTC,24830,21,clonotype1,clonotype1_consensus_1
CACCAGGCACATCCGG-1,True,CACCAGGCACATCCGG-1_contig_3,True,652,TRB,None,None,TRBJ2-7,None,False,False,None,None,7218,4,clonotype1,None
CACCAGGCACATCCGG-1,True,CACCAGGCACATCCGG-1_contig_4,True,355,TRB,None,None,TRBJ2-1,None,False,False,None,None,15296,11,clonotype1,None
CACCAGGCACTGTCGG-1,True,CACCAGGCACTGTCGG-1_contig_1,True,553,TRA,TRAV19,None,TRAJ39,TRAC,True,True,CAAGGNNAGAKLTF,TGCGCAGCAGGTGGGAATAATGCAGGTGCCAAGCTCACATTC,1604,1,clonotype1,clonotype1_consensus_2
CACCAGGCACTGTCGG-1,True,CACCAGGCACTGTCGG-1_contig_2,True,564,TRB,TRBV12-2+TRBV13-2,None,TRBJ1-2,TRBC1,True,True,CASGGGTGNSDYTF,TGTGCCAGCGGTGGGGGGACAGGGAACTCCGACTACACCTTC,2538,3,clonotype1,clonotype1_consensus_1
CACCAGGCACTGTCGG-1,True,CACCAGGCACTGTCGG-1_contig_3,True,507,TRA,TRAV7-5,None,TRAJ45,TRAC,True,False,CSDTEGADRLTF,TGCAGTGATACAGAAGGTGCAGATAGACTCACCTTT,2568,1,clonotype1,None
CACCAGGGTAGTAGTA-1,True,CACCAGGGTAGTAGTA-1_contig_1,True,549,TRB,TRBV16,None,TRBJ2-5,None,True,True,CASSFGGAPDTQYF,TGTGCAAGCAGCTTTGGGGGGGCGCCAGACACCCAGTACTTT,26586,24,clonotype17,clonotype17_consensus_2
CACCAGGGTAGTAGTA-1,True,CACCAGGGTAGTAGTA-1_contig_2,True,671,TRA,TRAV14-2,None,TRAJ49,TRAC,True,True,CAAQGYQNFYF,TGTGCAGCACAGGGTTACCAGAACTTCTATTTT,17572,12,clonotype17,clonotype17_consensus_3
CACCAGGGTAGTAGTA-1,True,CACCAGGGTAGTAGTA-1_contig_3,True,565,TRA,TRAV4D-4,None,TRAJ45,TRAC,True,True,CAAYTEGADRLTF,TGTGCTGCCTATACAGAAGGTGCAGATAGACTCACCTTT,28432,19,clonotype17,clonotype17_consensus_1
CACCAGGGTCAGAATA-1,True,CACCAGGGTCAGAATA-1_contig_1,True,502,TRB,TRBV13-1,None,TRBJ2-7,None,True,True,CASSAPYEQYF,TGTGCCAGCAGTGCACCGTATGAACAGTACTTC,6462,4,clonotype127,clonotype127_consensus_1
CACCAGGGTTAAGATG-1,True,CACCAGGGTTAAGATG-1_contig_1,True,584,TRB,TRBV29,None,TRBJ1-4,TRBC1,True,True,CASSLSNERLFF,TGTGCTAGCAGTTTATCAAACGAAAGATTATTTTTC,13914,7,clonotype292,clonotype292_consensus_1
CACCAGGGTTAAGATG-1,True,CACCAGGGTTAAGATG-1_contig_2,True,569,TRA,TRAV12-2,None,TRAJ30,TRAC,True,True,CALRDTNAYKVIF,TGTGCTTTGAGAGACACAAATGCTTACAAAGTCATCTTT,3528,3,clonotype292,clonotype292_consensus_2
CACCAGGGTTAAGATG-1,True,CACCAGGGTTAAGATG-1_contig_3,True,312,TRA,None,None,TRAJ11,TRAC,False,False,None,None,2378,2,clonotype292,None
CACCAGGGTTAAGATG-1,True,CACCAGGGTTAAGATG-1_contig_4,True,417,TRB,None,None,TRBJ2-7,None,False,False,None,None,19922,12,clonotype292,None
CACCAGGGTTAAGATG-1,True,CACCAGGGTTAAGATG-1_contig_5,True,531,TRA,TRAV6N-7,None,TRAJ35,TRAC,True,False,CTTVLWATGFASALTF,TGTACTACTGTGCTCTGGGCGACAGGCTTTGCAAGTGCGCTGACATTT,2378,3,clonotype292,None
CACCAGGGTTAGGGTG-1,True,CACCAGGGTTAGGGTG-1_contig_1,True,527,TRA,TRAV7D-5,None,TRAJ16,TRAC,True,True,CAVSSPATSSGQKLVF,TGTGCAGTGAGCAGCCCCGCAACTTCAAGTGGCCAGAAGCTGGTTTTT,7566,4,clonotype30,clonotype30_consensus_2
CACCAGGGTTAGGGTG-1,True,CACCAGGGTTAGGGTG-1_contig_2,True,920,TRB,TRBV12-2,None,TRBJ1-2,TRBC1,True,True,CASSLSTGGVNSDYTF,TGTGCCAGCTCTCTATCGACAGGGGGCGTGAACTCCGACTACACCTTC,9454,8,clonotype30,clonotype30_consensus_1
CACCAGGGTTAGGGTG-1,True,CACCAGGGTTAGGGTG-1_contig_3,True,443,TRA,TRAV6-3,None,TRAJ6,None,True,False,CYESPPSGGNYKPTF,TGCTATGAGAGCCCCCCCTCAGGAGGAAACTACAAACCTACGTTT,2448,1,clonotype30,None
CACCAGGTCAGGCCCA-1,True,CACCAGGTCAGGCCCA-1_contig_1,True,512,TRB,TRBV13-1,None,TRBJ2-4,None,True,True,CASSEGTNTLYF,TGTGCCAGCAGTGAAGGAACAAACACCTTGTACTTT,3994,3,clonotype6,clonotype6_consensus_1
CACCAGGTCCTCGCAT-1,True,CACCAGGTCCTCGCAT-1_contig_1,True,555,TRA,TRAV3-3,None,TRAJ49,TRAC,True,True,CAVSGATGYQNFYF,TGCGCAGTCAGTGGGGCCACGGGTTACCAGAACTTCTATTTT,7486,6,clonotype10,clonotype10_consensus_3
CACCAGGTCCTCGCAT-1,True,CACCAGGTCCTCGCAT-1_contig_2,True,507,TRA,TRAV21-DV12,None,TRAJ42,TRAC,True,True,CILRVHGGSNAKLTF,TGTATCCTGAGAGTCCATGGAGGAAGCAATGCAAAGCTAACCTTC,6598,5,clonotype10,clonotype10_consensus_1
CACCAGGTCCTCGCAT-1,True,CACCAGGTCCTCGCAT-1_contig_3,True,599,TRB,TRBV12-2+TRBV13-2,None,TRBJ2-7,None,True,True,CASGVQGEQYF,TGTGCCAGCGGTGTTCAGGGAGAACAGTACTTC,24502,22,clonotype10,clonotype10_consensus_2
CACCAGGTCCTCGCAT-1,True,CACCAGGTCCTCGCAT-1_contig_4,True,379,TRB,None,None,TRBJ2-1,None,False,False,None,None,20232,19,clonotype10,None
CACCAGGTCCTCGCAT-1,True,CACCAGGTCCTCGCAT-1_contig_5,True,522,TRA,TRAV7-5,None,TRAJ45,TRAC,True,False,CSDTEGADRLTF,TGCAGTGATACAGAAGGTGCAGATAGACTCACCTTT,1554,2,clonotype10,None
CACCAGGTCTAGCACA-1,True,CACCAGGTCTAGCACA-1_contig_1,True,512,TRB,TRBV13-1,None,TRBJ2-4,None,True,True,CASSEGTNTLYF,TGTGCCAGCAGTGAAGGAACAAACACCTTGTACTTT,25148,18,clonotype6,clonotype6_consensus_1
CACCAGGTCTAGCACA-1,True,CACCAGGTCTAGCACA-1_contig_2,True,363,TRA,TRAV9D-2,None,TRAJ26,TRAC,True,False,CVLSRGNNYAQGLTF,TGTGTTCTGAGCAGGGGCAATAACTATGCCCAGGGATTAACCTTC,6264,3,clonotype6,None
CACCAGGTCTGTTGAG-1,True,CACCAGGTCTGTTGAG-1_contig_1,True,517,TRA,TRAV6-6,None,TRAJ24,TRAC,True,True,CAPLTTASLGKLQF,TGTGCTCCGTTGACAACTGCCAGTTTGGGGAAACTGCAGTTT,2092,4,clonotype2,clonotype2_consensus_2
CACCAGGTCTGTTGAG-1,True,CACCAGGTCTGTTGAG-1_contig_2,True,505,TRB,TRBV13-1,None,TRBJ2-4,None,True,True,CASSEGTNTLYF,TGTGCCAGCAGTGAAGGAACAAACACCTTGTACTTT,31832,26,clonotype2,clonotype2_consensus_1
CACCAGGTCTGTTGAG-1,True,CACCAGGTCTGTTGAG-1_contig_3,True,373,TRA,TRAV9D-2,None,TRAJ26,TRAC,True,False,CVLSRGNNYAQGLTF,TGTGTTCTGAGCAGGGGCAATAACTATGCCCAGGGATTAACCTTC,2212,2,clonotype2,None
CACCTTGAGATCGGGT-1,True,CACCTTGAGATCGGGT-1_contig_1,True,545,TRA,TRAV8-1,None,TRAJ30,TRAC,True,True,CATDTNAYKVIF,TGTGCTACCGACACAAATGCTTACAAAGTCATCTTT,6130,4,clonotype104,clonotype104_consensus_1
CACCTTGAGATCGGGT-1,True,CACCTTGAGATCGGGT-1_contig_2,True,385,TRB,None,None,TRBJ2-1,None,False,False,None,None,1510,1,clonotype104,None
CACCTTGAGATCGGGT-1,True,CACCTTGAGATCGGGT-1_contig_3,True,369,TRB,None,None,TRBJ1-4,TRBC1,False,False,None,None,1554,1,clonotype104,None
CACCTTGAGGAACTGC-1,True,CACCTTGAGGAACTGC-1_contig_1,True,558,TRA,TRAV6-6,None,TRAJ24,TRAC,True,True,CAPLTTASLGKLQF,TGTGCTCCGTTGACAACTGCCAGTTTGGGGAAACTGCAGTTT,6338,3,clonotype3,clonotype3_consensus_2
CACCTTGAGGAACTGC-1,True,CACCTTGAGGAACTGC-1_contig_2,True,505,TRB,TRBV13-1,None,TRBJ2-4,None,True,True,CASSEGTNTLYF,TGTGCCAGCAGTGAAGGAACAAACACCTTGTACTTT,18580,17,clonotype3,clonotype3_consensus_1
CACCTTGAGGAACTGC-1,True,CACCTTGAGGAACTGC-1_contig_3,True,731,TRA,TRAV9D-2,None,TRAJ26,TRAC,True,True,CVLSRGNNYAQGLTF,TGTGTTCTGAGCAGGGGCAATAACTATGCCCAGGGATTAACCTTC,7078,6,clonotype3,clonotype3_consensus_3
CACCTTGAGGACAGCT-1,True,CACCTTGAGGACAGCT-1_contig_1,True,524,TRA,TRAV14N-3,None,TRAJ6,TRAC,True,True,CAARTSGGNYKPTF,TGTGCAGCAAGAACCTCAGGAGGAAACTACAAACCTACGTTT,5652,5,clonotype47,clonotype47_consensus_1
CACCTTGAGGACAGCT-1,True,CACCTTGAGGACAGCT-1_contig_2,True,564,TRB,TRBV12-2+TRBV13-2,None,TRBJ2-7,None,True,True,CASGTGGDYEQYF,TGTGCCAGCGGGACTGGGGGGGACTATGAACAGTACTTC,9020,8,clonotype47,clonotype47_consensus_2
CACCTTGCAATGAAAC-1,True,CACCTTGCAATGAAAC-1_contig_1,True,592,TRA,TRAV8-1,None,TRAJ30,TRAC,True,True,CATDTNAYKVIF,TGTGCTACTGACACAAATGCTTACAAAGTCATCTTT,5018,3,clonotype13,clonotype13_consensus_1
CACCTTGCAATGAAAC-1,True,CACCTTGCAATGAAAC-1_contig_2,True,582,TRB,TRBV12-2+TRBV13-2,None,TRBJ1-5,TRBC1,True,True,CASGTGDNQAPLF,TGTGCCAGCGGGACAGGGGACAACCAGGCTCCGCTTTTT,7740,7,clonotype13,clonotype13_consensus_2
CACCTTGCACCCATGG-1,True,CACCTTGCACCCATGG-1_contig_1,True,600,TRB,TRBV12-2+TRBV13-2,None,TRBJ1-2,TRBC1,True,True,CASGGGTGNSDYTF,TGTGCCAGCGGTGGGGGGACAGGGAACTCCGACTACACCTTC,10126,11,clonotype7,clonotype7_consensus_1
CACCTTGCACGAGAGT-1,True,CACCTTGCACGAGAGT-1_contig_1,True,544,TRA,TRAV8D-1,None,TRAJ49,TRAC,True,True,CATDATGYQNFYF,TGTGCTACTGATGCGACGGGTTACCAGAACTTCTATTTT,5738,3,clonotype71,clonotype71_consensus_2
CACCTTGCACGAGAGT-1,True,CACCTTGCACGAGAGT-1_contig_2,True,565,TRB,TRBV12-2+TRBV13-2,None,TRBJ2-1,None,True,True,CASGAGDYAEQFF,TGTGCCAGCGGTGCTGGGGATTATGCTGAGCAGTTCTTC,5454,6,clonotype71,clonotype71_consensus_1
CACCTTGCACGAGAGT-1,True,CACCTTGCACGAGAGT-1_contig_3,True,592,TRA,TRAV7-4,None,TRAJ43,TRAC,True,False,None,None,3192,2,clonotype71,None
CACCTTGCACGAGAGT-1,True,CACCTTGCACGAGAGT-1_contig_4,True,731,TRB,None,None,TRBJ2-5,None,False,False,None,None,1538,2,clonotype71,None
CACCTTGCAGCTATTG-1,True,CACCTTGCAGCTATTG-1_contig_1,True,519,TRA,TRAV19,None,TRAJ39,TRAC,True,True,CAAGGNNAGAKLTF,TGCGCAGCAGGTGGGAATAATGCAGGTGCCAAGCTCACATTC,5390,3,clonotype1,clonotype1_consensus_2
CACCTTGCAGCTATTG-1,True,CACCTTGCAGCTATTG-1_contig_2,True,618,TRB,TRBV12-2+TRBV13-2,None,TRBJ1-2,TRBC1,True,True,CASGGGTGNSDYTF,TGTGCCAGCGGTGGGGGGACAGGGAACTCCGACTACACCTTC,7912,8,clonotype1,clonotype1_consensus_1
CACCTTGCAGCTATTG-1,True,CACCTTGCAGCTATTG-1_contig_3,True,518,TRA,TRAV7-5,None,TRAJ45,TRAC,True,False,CSDTEGADRLTF,TGCAGTGATACAGAAGGTGCAGATAGACTCACCTTT,2666,2,clonotype1,None
CACCTTGGTAAATGAC-1,True,CACCTTGGTAAATGAC-1_contig_1,True,549,TRB,TRBV16,None,TRBJ2-5,None,True,True,CASSWGGGQDTQYF,TGTGCAAGCAGCTGGGGGGGCGGGCAAGACACCCAGTACTTT,12536,11,clonotype46,clonotype46_consensus_1
CACCTTGGTAAATGAC-1,True,CACCTTGGTAAATGAC-1_contig_2,True,452,TRB,TRBV10,None,TRBJ1-6,None,True,False,CQQLRGGAYNSPLYF,TGCCAGCAGCTAAGAGGGGGAGCCTATAATTCGCCCCTCTACTTT,1186,1,clonotype46,None
CACCTTGGTAAATGAC-1,True,CACCTTGGTAAATGAC-1_contig_3,True,453,TRB,None,None,TRBJ2-7,None,False,False,None,None,3538,2,clonotype46,None
CACCTTGGTAAATGAC-1,True,CACCTTGGTAAATGAC-1_contig_4,True,333,TRB,None,None,TRBJ2-1,None,False,False,None,None,2764,1,clonotype46,None
CACCTTGGTAAATGAC-1,True,CACCTTGGTAAATGAC-1_contig_5,True,427,TRA,None,None,TRAJ26,TRAC,False,False,None,None,2730,6,clonotype46,None
CACCTTGGTTATGTGC-1,True,CACCTTGGTTATGTGC-1_contig_1,True,549,TRB,TRBV16,None,TRBJ2-5,None,True,True,CASSLGGGQDTQYF,TGTGCAAGCAGCTTAGGGGGGGGCCAAGACACCCAGTACTTT,17978,18,clonotype8,clonotype8_consensus_1
CACCTTGGTTATGTGC-1,True,CACCTTGGTTATGTGC-1_contig_2,True,607,TRA,TRAV4D-3,None,TRAJ27,TRAC,True,True,CAADGPNTGKLTF,TGTGCTGCGGACGGACCCAATACAGGCAAATTAACCTTT,30164,19,clonotype8,clonotype8_consensus_2
CACCTTGGTTATGTGC-1,True,CACCTTGGTTATGTGC-1_contig_3,True,525,TRA,TRAV7N-6,None,TRAJ30,TRAC,True,True,CAVVDTNAYKVIF,TGTGCAGTGGTTGACACAAATGCTTACAAAGTCATCTTT,16620,10,clonotype8,clonotype8_consensus_3
CACCTTGTCAGCTCGG-1,True,CACCTTGTCAGCTCGG-1_contig_1,True,549,TRB,TRBV16,None,TRBJ2-5,None,True,True,CASSWGGGQDTQYF,TGTGCAAGCAGCTGGGGGGGCGGGCAAGACACCCAGTACTTT,2472,2,clonotype46,clonotype46_consensus_1
CACCTTGTCAGCTCGG-1,True,CACCTTGTCAGCTCGG-1_contig_2,True,452,TRB,TRBV10,None,TRBJ1-6,None,True,False,CQQLRGGAYNSPLYF,TGCCAGCAGCTAAGAGGGGGAGCCTATAATTCGCCCCTCTACTTT,2314,1,clonotype46,None
CACCTTGTCAGCTCGG-1,True,CACCTTGTCAGCTCGG-1_contig_3,True,388,TRA,TRAV6-6,None,TRAJ39,TRAC,True,False,None,None,2672,2,clonotype46,None
CACCTTGTCAGCTCGG-1,True,CACCTTGTCAGCTCGG-1_contig_4,True,344,TRB,None,None,TRBJ2-7,None,False,False,None,None,3046,1,clonotype46,None
CACCTTGTCGAATGCT-1,True,CACCTTGTCGAATGCT-1_contig_1,True,566,TRB,TRBV12-2+TRBV13-2,None,TRBJ2-1,None,True,True,CASGAGDYAEQFF,TGTGCCAGCGGTGCTGGGGACTATGCTGAGCAGTTCTTC,10286,8,clonotype128,clonotype128_consensus_1
CACCTTGTCGAATGCT-1,True,CACCTTGTCGAATGCT-1_contig_2,True,303,TRB,None,None,TRBJ2-5,None,False,False,None,None,1514,4,clonotype128,None
CACTCCAAGGAATGGA-1,True,CACTCCAAGGAATGGA-1_contig_1,True,549,TRB,TRBV16,None,TRBJ2-5,None,True,True,CASSLGGYQDTQYF,TGTGCAAGCAGCTTAGGGGGCTACCAAGACACCCAGTACTTT,11186,13,clonotype28,clonotype28_consensus_2
CACTCCAAGGAATGGA-1,True,CACTCCAAGGAATGGA-1_contig_2,True,528,TRA,TRAV4-3,None,TRAJ27,TRAC,True,True,CAAANTNTGKLTF,TGTGCTGCTGCTAACACCAATACAGGCAAATTAACCTTT,7996,5,clonotype28,clonotype28_consensus_1
CACTCCAAGGAATGGA-1,True,CACTCCAAGGAATGGA-1_contig_3,True,505,TRA,TRAV12-1,None,TRAJ48,None,True,False,CALSDAGDYGNEKITF,TGTGCTCTGAGTGATGCAGGAGACTATGGAAATGAGAAAATAACTTTT,1852,1,clonotype28,None
CACTCCACAAACGTGG-1,True,CACTCCACAAACGTGG-1_contig_1,True,519,TRA,TRAV6-6,None,TRAJ24,TRAC,True,True,CAPLTTASLGKLQF,TGTGCTCCGTTGACAACTGCCAGTTTGGGGAAACTGCAGTTT,6092,3,clonotype3,clonotype3_consensus_2
CACTCCACAAACGTGG-1,True,CACTCCACAAACGTGG-1_contig_2,True,505,TRB,TRBV13-1,None,TRBJ2-4,None,True,True,CASSEGTNTLYF,TGTGCCAGCAGTGAAGGAACAAACACCTTGTACTTT,51628,42,clonotype3,clonotype3_consensus_1
CACTCCACAAACGTGG-1,True,CACTCCACAAACGTGG-1_contig_3,True,702,TRA,TRAV9D-2,None,TRAJ26,TRAC,True,True,CVLSRGNNYAQGLTF,TGTGTTCTGAGCAGGGGCAATAACTATGCCCAGGGATTAACCTTC,9374,9,clonotype3,clonotype3_consensus_3
CACTCCATCAGTTAGC-1,True,CACTCCATCAGTTAGC-1_contig_1,True,569,TRA,TRAV12-2,None,TRAJ13,TRAC,True,True,CALSANSGTYQRF,TGTGCTTTGAGTGCCAATTCTGGGACTTACCAGAGGTTT,3992,3,clonotype293,clonotype293_consensus_2
CACTCCATCAGTTAGC-1,True,CACTCCATCAGTTAGC-1_contig_2,True,508,TRB,TRBV13-1,None,TRBJ2-1,None,True,True,CASIRDIYAEQFF,TGTGCCAGCATCCGGGACATCTATGCTGAGCAGTTCTTC,13282,10,clonotype293,clonotype293_consensus_1
CACTCCATCAGTTAGC-1,True,CACTCCATCAGTTAGC-1_contig_3,True,367,TRB,None,None,TRBJ1-4,TRBC1,False,False,None,None,2446,2,clonotype293,None
CACTCCATCAGTTAGC-1,True,CACTCCATCAGTTAGC-1_contig_4,True,377,TRA,TRAV6-7-DV9,None,TRAJ31,TRAC,True,False,None,None,5614,3,clonotype293,None
CACTCCATCCTGTACC-1,True,CACTCCATCCTGTACC-1_contig_1,True,599,TRA,TRAV16D-DV11,None,TRAJ26,TRAC,True,True,CAMREENNYAQGLTF,TGTGCTATGAGAGAGGAAAATAACTATGCCCAGGGATTAACCTTC,3364,4,clonotype12,clonotype12_consensus_2
CACTCCATCCTGTACC-1,True,CACTCCATCCTGTACC-1_contig_2,True,512,TRB,TRBV13-1,None,TRBJ2-3,None,True,True,CASGDSAETLYF,TGTGCCAGCGGGGACAGTGCAGAAACGCTGTATTTT,9748,7,clonotype12,clonotype12_consensus_1
CACTCCATCCTGTACC-1,True,CACTCCATCCTGTACC-1_contig_3,True,490,TRB,None,None,TRBJ1-6,TRBC1,False,False,None,None,9068,13,clonotype12,None
CACTCCATCCTGTACC-1,True,CACTCCATCCTGTACC-1_contig_4,True,575,TRA,TRAV3D-3,None,TRAJ28,TRAC,True,False,CTSAQSVRGTGSNRLTF,TGTACTTCTGCGCAGTCAGTGAGGGGCACTGGGAGTAACAGGCTCACTTTT,3474,2,clonotype12,None
CACTCCATCCTGTACC-1,True,CACTCCATCCTGTACC-1_contig_5,True,428,TRB,None,None,TRBJ2-5,None,False,False,None,None,9464,6,clonotype12,None
CACTCCATCTACGAGT-1,True,CACTCCATCTACGAGT-1_contig_1,True,505,TRB,TRBV13-1,None,TRBJ2-4,None,True,True,CASSEGTNTLYF,TGTGCCAGCAGTGAAGGAACAAACACCTTGTACTTT,47886,35,clonotype9,clonotype9_consensus_1
CACTCCATCTACGAGT-1,True,CACTCCATCTACGAGT-1_contig_2,True,673,TRA,TRAV9D-2,None,TRAJ26,TRAC,True,True,CVLSRGNNYAQGLTF,TGTGTTCTGAGCAGGGGCAATAACTATGCCCAGGGATTAACCTTC,14450,9,clonotype9,clonotype9_consensus_2
CAGAATCAGTATTGGA-1,True,CAGAATCAGTATTGGA-1_contig_1,True,554,TRB,TRBV12-2+TRBV13-2,None,TRBJ1-4,TRBC1,True,True,CASGDAPERLFF,TGTGCCAGCGGTGATGCTCCCGAAAGATTATTTTTC,2578,3,clonotype41,clonotype41_consensus_1
CAGAATCAGTATTGGA-1,True,CAGAATCAGTATTGGA-1_contig_2,True,537,Multi,TRDV1,None,TRAJ43,TRAC,True,False,CGGLNNAPRF,TGTGGAGGCCTCAACAATGCCCCACGATTT,2786,1,clonotype41,None
CAGAATCGTCTACCTC-1,True,CAGAATCGTCTACCTC-1_contig_1,True,576,TRA,TRAV14N-3,None,TRAJ6,TRAC,True,True,CAARTSGGNYKPTF,TGTGCAGCAAGAACCTCAGGAGGAAACTACAAACCTACGTTT,2632,1,clonotype294,clonotype294_consensus_2
CAGAATCGTCTACCTC-1,True,CAGAATCGTCTACCTC-1_contig_2,True,509,TRB,TRBV13-1,None,TRBJ2-7,None,True,True,CASSAPYEQYF,TGTGCCAGCAGTGCACCGTATGAACAGTACTTC,2370,2,clonotype294,clonotype294_consensus_1
CAGAATCGTCTACCTC-1,True,CAGAATCGTCTACCTC-1_contig_3,True,591,TRA,TRAV12-3,None,TRAJ45,TRAC,True,True,CALSPYTEGADRLTF,TGTGCTCTGAGTCCCTATACAGAAGGTGCAGATAGACTCACCTTT,986,1,clonotype294,clonotype294_consensus_3
CAGAATCGTCTACCTC-1,True,CAGAATCGTCTACCTC-1_contig_4,True,563,TRB,TRBV12-2+TRBV13-2,None,TRBJ2-7,None,True,True,CASGTGGDYEQYF,TGTGCCAGCGGGACTGGGGGGGACTATGAACAGTACTTC,640,2,clonotype294,clonotype294_consensus_4
CAGAATCTCCCAGGTG-1,True,CAGAATCTCCCAGGTG-1_contig_1,True,593,TRA,TRAV19,None,TRAJ39,TRAC,True,True,CAAGGNNAGAKLTF,TGCGCAGCAGGTGGGAATAATGCAGGTGCCAAGCTCACATTC,9922,4,clonotype1,clonotype1_consensus_2
CAGAATCTCCCAGGTG-1,True,CAGAATCTCCCAGGTG-1_contig_2,True,545,TRB,TRBV13-2,None,TRBJ1-2,TRBC1,True,True,CASGGGTGNSDYTF,TGTGCCAGCGGTGGGGGGACAGGGAACTCCGACTACACCTTC,10902,10,clonotype1,clonotype1_consensus_1
CAGAATCTCCCAGGTG-1,True,CAGAATCTCCCAGGTG-1_contig_3,True,497,TRA,TRAV7-5,None,TRAJ45,TRAC,True,False,CSDTEGADRLTF,TGCAGTGATACAGAAGGTGCAGATAGACTCACCTTT,2588,1,clonotype1,None
CAGAATCTCCCAGGTG-1,True,CAGAATCTCCCAGGTG-1_contig_4,True,346,TRB,None,None,TRBJ2-7,None,False,False,None,None,5198,3,clonotype1,None
CAGAGAGCATCCTAGA-1,True,CAGAGAGCATCCTAGA-1_contig_1,True,525,TRA,TRAV14N-3,None,TRAJ6,TRAC,True,True,CAARTSGGNYKPTF,TGTGCAGCAAGAACCTCAGGAGGAAACTACAAACCTACGTTT,9608,6,clonotype4,clonotype4_consensus_2
CAGAGAGCATCCTAGA-1,True,CAGAGAGCATCCTAGA-1_contig_2,True,549,TRA,TRAV8N-2,None,TRAJ13,TRAC,True,True,CATEDSGTYQRF,TGTGCTACTGAGGATTCTGGGACTTACCAGAGGTTT,33510,18,clonotype4,clonotype4_consensus_1
CAGAGAGCATCCTAGA-1,True,CAGAGAGCATCCTAGA-1_contig_3,True,583,TRB,TRBV12-2+TRBV13-2,None,TRBJ2-7,None,True,True,CASGTGGDYEQYF,TGTGCCAGCGGGACTGGGGGGGACTATGAACAGTACTTC,32784,29,clonotype4,clonotype4_consensus_3
CAGATCAAGAAGGTGA-1,True,CAGATCAAGAAGGTGA-1_contig_1,True,505,TRB,TRBV13-1,None,TRBJ2-4,None,True,True,CASSEGTNTLYF,TGTGCCAGCAGTGAAGGAACAAACACCTTGTACTTT,17356,12,clonotype6,clonotype6_consensus_1
CAGATCAAGAAGGTGA-1,True,CAGATCAAGAAGGTGA-1_contig_2,True,389,TRA,TRAV6-6,None,TRAJ24,TRAC,True,False,None,None,1240,2,clonotype6,None
CAGATCAAGAAGGTGA-1,True,CAGATCAAGAAGGTGA-1_contig_3,True,400,TRA,TRAV9D-2,None,TRAJ26,TRAC,True,False,CVLSRGNNYAQGLTF,TGTGTTCTGAGCAGGGGCAATAACTATGCCCAGGGATTAACCTTC,4980,2,clonotype6,None
CAGATCAAGATGTGGC-1,True,CAGATCAAGATGTGGC-1_contig_1,True,505,TRB,TRBV13-1,None,TRBJ2-4,None,True,True,CASSEGTNTLYF,TGTGCCAGCAGTGAAGGAACAAACACCTTGTACTTT,28618,19,clonotype9,clonotype9_consensus_1
CAGATCAAGATGTGGC-1,True,CAGATCAAGATGTGGC-1_contig_2,True,752,TRA,TRAV9D-2,None,TRAJ26,TRAC,True,True,CVLSRGNNYAQGLTF,TGTGTTCTGAGCAGGGGCAATAACTATGCCCAGGGATTAACCTTC,6254,4,clonotype9,clonotype9_consensus_2
CAGATCAAGGATCGCA-1,True,CAGATCAAGGATCGCA-1_contig_1,True,519,TRA,TRAV8-1,None,TRAJ12,TRAC,True,True,CATDGGGYKVVF,TGTGCTACTGATGGTGGAGGCTATAAAGTGGTCTTT,7772,4,clonotype91,clonotype91_consensus_1
CAGATCAAGGATCGCA-1,True,CAGATCAAGGATCGCA-1_contig_2,True,565,TRB,TRBV12-2+TRBV13-2,None,TRBJ1-5,TRBC1,True,True,CASGTGDNQAPLF,TGTGCCAGCGGGACCGGGGACAACCAGGCTCCGCTTTTT,5308,4,clonotype91,clonotype91_consensus_2
CAGATCAAGGATCGCA-1,True,CAGATCAAGGATCGCA-1_contig_3,True,321,TRA,None,None,TRAJ7,TRAC,False,False,None,None,2424,1,clonotype91,None
CAGATCAAGGATCGCA-1,True,CAGATCAAGGATCGCA-1_contig_4,True,531,TRA,TRAV4D-3,None,TRAJ9,TRAC,True,False,None,None,206,1,clonotype91,None
CAGATCAAGGATCGCA-1,True,CAGATCAAGGATCGCA-1_contig_5,True,570,TRB,None,None,TRBJ1-2,TRBC1,False,False,None,None,4562,5,clonotype91,None
CAGATCAAGGATCGCA-1,True,CAGATCAAGGATCGCA-1_contig_6,True,432,TRB,None,None,TRBJ2-1,None,False,False,None,None,8530,6,clonotype91,None
CAGATCAAGGTGCAAC-1,True,CAGATCAAGGTGCAAC-1_contig_1,True,549,TRB,TRBV16,None,TRBJ2-5,None,True,True,CASSLGGYQDTQYF,TGTGCAAGCAGCTTAGGGGGCTACCAAGACACCCAGTACTTT,9202,9,clonotype102,clonotype102_consensus_2
CAGATCAAGGTGCAAC-1,True,CAGATCAAGGTGCAAC-1_contig_2,True,568,TRA,TRAV12-1,None,TRAJ48,TRAC,True,True,CALSDAGDYGNEKITF,TGTGCTCTGAGTGATGCAGGAGACTATGGAAATGAGAAAATAACTTTT,14574,9,clonotype102,clonotype102_consensus_1
CAGATCACATGTCGAT-1,True,CAGATCACATGTCGAT-1_contig_1,True,515,TRA,TRAV6-6,None,TRAJ24,TRAC,True,True,CAPLTTASLGKLQF,TGTGCTCCGTTGACAACTGCCAGTTTGGGGAAACTGCAGTTT,3600,2,clonotype2,clonotype2_consensus_2
CAGATCACATGTCGAT-1,True,CAGATCACATGTCGAT-1_contig_2,True,505,TRB,TRBV13-1,None,TRBJ2-4,None,True,True,CASSEGTNTLYF,TGTGCCAGCAGTGAAGGAACAAACACCTTGTACTTT,14578,9,clonotype2,clonotype2_consensus_1
CAGATCACATGTCGAT-1,True,CAGATCACATGTCGAT-1_contig_3,True,432,TRA,TRAV9D-2,None,TRAJ26,TRAC,True,False,CVLSRGNNYAQGLTF,TGTGTTCTGAGCAGGGGCAATAACTATGCCCAGGGATTAACCTTC,5670,2,clonotype2,None
CAGATCAGTGTCGCTG-1,True,CAGATCAGTGTCGCTG-1_contig_1,True,592,TRA,TRAV3-1,None,TRAJ22,TRAC,True,True,CAVWSGSWQLIF,TGCGCAGTCTGGTCTGGCAGCTGGCAACTCATCTTT,2624,2,clonotype81,clonotype81_consensus_1
CAGATCAGTGTCGCTG-1,True,CAGATCAGTGTCGCTG-1_contig_2,True,525,TRB,TRBV13-2,None,TRBJ2-7,None,True,True,CASGAGGAVEQYF,TGTGCCAGCGGTGCTGGGGGGGCGGTTGAACAGTACTTC,1304,1,clonotype81,clonotype81_consensus_2
CAGATCAGTGTCGCTG-1,True,CAGATCAGTGTCGCTG-1_contig_3,True,460,TRA,TRAV13N-1,None,TRAJ12,TRAC,True,False,None,None,174,1,clonotype81,None
CAGATCATCTCTGTCG-1,True,CAGATCATCTCTGTCG-1_contig_1,True,555,TRA,TRAV3-3,None,TRAJ49,TRAC,True,True,CAVSGATGYQNFYF,TGCGCAGTCAGTGGGGCCACGGGTTACCAGAACTTCTATTTT,12130,13,clonotype295,clonotype295_consensus_3
CAGATCATCTCTGTCG-1,True,CAGATCATCTCTGTCG-1_contig_2,True,507,TRA,TRAV21-DV12,None,TRAJ42,TRAC,True,True,CILRVHGGSNAKLTF,TGTATCCTGAGAGTCCATGGAGGAAGCAATGCAAAGCTAACCTTC,11640,11,clonotype295,clonotype295_consensus_1
CAGATCATCTCTGTCG-1,True,CAGATCATCTCTGTCG-1_contig_3,True,562,TRB,TRBV12-2+TRBV13-2,None,TRBJ2-7,None,True,True,CASGVQGEQYF,TGTGCCAGCGGTGTTCAGGGAGAACAGTACTTC,17466,24,clonotype295,clonotype295_consensus_2
CAGATCATCTCTGTCG-1,True,CAGATCATCTCTGTCG-1_contig_4,True,568,TRB,TRBV12-2+TRBV13-2,None,TRBJ1-5,TRBC1,True,True,CASGTGDNQAPLF,TGTGCCAGCGGTACAGGGGACAACCAGGCTCCGCTTTTT,9198,14,clonotype295,clonotype295_consensus_4
CAGATCATCTCTGTCG-1,True,CAGATCATCTCTGTCG-1_contig_5,True,762,TRA,None,None,TRAJ25,TRAC,False,False,None,None,2794,8,clonotype295,None
CAGATCATCTCTGTCG-1,True,CAGATCATCTCTGTCG-1_contig_6,True,360,TRB,None,None,TRBJ2-1,None,False,False,None,None,12656,23,clonotype295,None
CAGCAGCCACATGGGA-1,True,CAGCAGCCACATGGGA-1_contig_1,True,558,TRA,TRAV4-3,None,TRAJ47,TRAC,True,True,CAAEGVDYANKMIF,TGTGCTGCTGAGGGTGTGGACTATGCAAACAAGATGATCTTT,1612,3,clonotype79,clonotype79_consensus_1
CAGCAGCCACATGGGA-1,True,CAGCAGCCACATGGGA-1_contig_2,True,527,TRB,TRBV15,None,TRBJ1-3,TRBC1,True,True,CASSLNRGSSGNTLYF,TGTGCCAGCAGTTTAAACAGGGGGAGTTCTGGAAATACGCTCTATTTT,11458,7,clonotype79,clonotype79_consensus_2
CAGCAGCGTTCCAACA-1,True,CAGCAGCGTTCCAACA-1_contig_1,True,549,TRB,TRBV16,None,TRBJ2-5,None,True,True,CASSFGGAPDTQYF,TGTGCAAGCAGCTTTGGGGGGGCGCCAGACACCCAGTACTTT,5286,4,clonotype17,clonotype17_consensus_2
CAGCAGCGTTCCAACA-1,True,CAGCAGCGTTCCAACA-1_contig_2,True,562,TRA,TRAV14-2,None,TRAJ49,TRAC,True,True,CAAQGYQNFYF,TGTGCAGCACAGGGTTACCAGAACTTCTATTTT,9010,5,clonotype17,clonotype17_consensus_3
CAGCAGCGTTCCAACA-1,True,CAGCAGCGTTCCAACA-1_contig_3,True,546,TRA,TRAV4D-4,None,TRAJ45,TRAC,True,True,CAAYTEGADRLTF,TGTGCTGCCTATACAGAAGGTGCAGATAGACTCACCTTT,6356,4,clonotype17,clonotype17_consensus_1
CAGCAGCTCACCGGGT-1,True,CAGCAGCTCACCGGGT-1_contig_1,True,566,TRA,TRAV3-3,None,TRAJ49,TRAC,True,True,CAVSGATGYQNFYF,TGCGCAGTCAGTGGGGCCACGGGTTACCAGAACTTCTATTTT,5038,4,clonotype10,clonotype10_consensus_3
CAGCAGCTCACCGGGT-1,True,CAGCAGCTCACCGGGT-1_contig_2,True,507,TRA,TRAV21-DV12,None,TRAJ42,TRAC,True,True,CILRVHGGSNAKLTF,TGTATCCTGAGAGTCCATGGAGGAAGCAATGCAAAGCTAACCTTC,16546,11,clonotype10,clonotype10_consensus_1
CAGCAGCTCACCGGGT-1,True,CAGCAGCTCACCGGGT-1_contig_3,True,589,TRB,TRBV12-2+TRBV13-2,None,TRBJ2-7,None,True,True,CASGVQGEQYF,TGTGCCAGCGGTGTTCAGGGAGAACAGTACTTC,22406,24,clonotype10,clonotype10_consensus_2
CAGCAGCTCACCGGGT-1,True,CAGCAGCTCACCGGGT-1_contig_4,True,325,TRB,None,None,TRBJ2-2,None,False,False,None,None,4044,3,clonotype10,None
CAGCAGCTCACTTACT-1,True,CAGCAGCTCACTTACT-1_contig_1,True,555,TRA,TRAV3-3,None,TRAJ49,TRAC,True,True,CAVSGATGYQNFYF,TGCGCAGTCAGTGGGGCCACGGGTTACCAGAACTTCTATTTT,5634,6,clonotype43,clonotype43_consensus_1
CAGCAGCTCACTTACT-1,True,CAGCAGCTCACTTACT-1_contig_2,True,595,TRB,TRBV12-2+TRBV13-2,None,TRBJ2-7,None,True,True,CASGVQGGEQYF,TGTGCCAGCGGTGTGCAGGGGGGAGAACAGTACTTC,49846,47,clonotype43,clonotype43_consensus_2
CAGCAGCTCACTTACT-1,True,CAGCAGCTCACTTACT-1_contig_3,True,460,TRB,None,None,TRBJ1-5,TRBC1,False,False,None,None,1788,4,clonotype43,None
CAGCAGCTCGAGAGCA-1,True,CAGCAGCTCGAGAGCA-1_contig_1,True,505,TRB,TRBV13-1,None,TRBJ2-4,None,True,True,CASSEGTNTLYF,TGTGCCAGCAGTGAAGGAACAAACACCTTGTACTTT,2132,2,clonotype6,clonotype6_consensus_1
CAGCAGCTCGAGAGCA-1,True,CAGCAGCTCGAGAGCA-1_contig_2,True,398,TRA,TRAV9D-2,None,TRAJ26,TRAC,True,False,CVLSRGNNYAQGLTF,TGTGTTCTGAGCAGGGGCAATAACTATGCCCAGGGATTAACCTTC,66,1,clonotype6,None
CAGCATACAAACCTAC-1,True,CAGCATACAAACCTAC-1_contig_1,True,518,TRA,TRAV6-6,None,TRAJ24,TRAC,True,True,CAPLTTASLGKLQF,TGTGCTCCGTTGACAACTGCCAGTTTGGGGAAACTGCAGTTT,6378,3,clonotype69,clonotype69_consensus_3
CAGCATACAAACCTAC-1,True,CAGCATACAAACCTAC-1_contig_2,True,556,TRA,TRAV19,None,TRAJ39,TRAC,True,True,CAAGGNNAGAKLTF,TGCGCAGCAGGTGGGAATAATGCAGGTGCCAAGCTCACATTC,16776,10,clonotype69,clonotype69_consensus_4
CAGCATACAAACCTAC-1,True,CAGCATACAAACCTAC-1_contig_3,True,512,TRB,TRBV13-1,None,TRBJ2-4,None,True,True,CASSEGTNTLYF,TGTGCCAGCAGTGAAGGAACAAACACCTTGTACTTT,13312,9,clonotype69,clonotype69_consensus_2
CAGCATACAAACCTAC-1,True,CAGCATACAAACCTAC-1_contig_4,True,569,TRB,TRBV12-2+TRBV13-2,None,TRBJ1-2,TRBC1,True,True,CASGGGTGNSDYTF,TGTGCCAGCGGTGGGGGGACAGGGAACTCCGACTACACCTTC,5594,6,clonotype69,clonotype69_consensus_1
CAGCATACAAACCTAC-1,True,CAGCATACAAACCTAC-1_contig_5,True,531,TRA,TRAV10D,None,TRAJ30,None,True,False,None,None,824,1,clonotype69,None
CAGCATACAAACCTAC-1,True,CAGCATACAAACCTAC-1_contig_6,True,332,TRB,None,None,TRBJ2-1,None,False,False,None,None,5416,4,clonotype69,None
CAGCATACAAACCTAC-1,True,CAGCATACAAACCTAC-1_contig_7,True,763,TRA,TRAV9D-2,None,TRAJ26,TRAC,True,False,CVLSRGNNYAQGLTF,TGTGTTCTGAGCAGGGGCAATAACTATGCCCAGGGATTAACCTTC,14532,8,clonotype69,None
CAGCATACAAACCTAC-1,True,CAGCATACAAACCTAC-1_contig_8,True,359,TRB,None,None,TRBJ2-7,None,False,False,None,None,3932,2,clonotype69,None
CAGCATAGTCCTAGCG-1,True,CAGCATAGTCCTAGCG-1_contig_1,True,549,TRB,TRBV16,None,TRBJ2-5,None,True,True,CASSLGGGQDTQYF,TGTGCAAGCAGCTTAGGGGGGGGGCAAGACACCCAGTACTTT,5800,6,clonotype11,clonotype11_consensus_2
CAGCATAGTCCTAGCG-1,True,CAGCATAGTCCTAGCG-1_contig_2,True,559,TRA,TRAV4D-3,None,TRAJ27,TRAC,True,True,CAADGPNTGKLTF,TGTGCTGCTGACGGGCCCAATACAGGCAAATTAACCTTT,6112,5,clonotype11,clonotype11_consensus_1
CAGCATAGTGTTCGAT-1,True,CAGCATAGTGTTCGAT-1_contig_1,True,513,TRA,TRAV6-6,None,TRAJ24,TRAC,True,True,CAPLTTASLGKLQF,TGTGCTCCGTTGACAACTGCCAGTTTGGGGAAACTGCAGTTT,5476,4,clonotype2,clonotype2_consensus_2
CAGCATAGTGTTCGAT-1,True,CAGCATAGTGTTCGAT-1_contig_2,True,512,TRB,TRBV13-1,None,TRBJ2-4,None,True,True,CASSEGTNTLYF,TGTGCCAGCAGTGAAGGAACAAACACCTTGTACTTT,6164,6,clonotype2,clonotype2_consensus_1
CAGCATATCACGATGT-1,True,CAGCATATCACGATGT-1_contig_1,True,576,TRA,TRAV8-1,None,TRAJ30,TRAC,True,True,CASDTNAYKVIF,TGTGCTTCTGACACAAATGCTTACAAAGTCATCTTT,4468,2,clonotype126,clonotype126_consensus_1
CAGCATATCACGATGT-1,True,CAGCATATCACGATGT-1_contig_2,True,483,TRB,TRBV12-2+TRBV13-2,None,TRBJ1-5,TRBC1,True,False,CASGTGDNQAPLF,TGTGCCAGCGGGACAGGGGACAACCAGGCTCCGCTTTTT,1070,1,clonotype126,None
CAGCATATCACGCATA-1,True,CAGCATATCACGCATA-1_contig_1,True,558,TRA,TRAV19,None,TRAJ39,TRAC,True,True,CAAGGNNAGAKLTF,TGCGCAGCAGGTGGGAATAATGCAGGTGCCAAGCTCACATTC,18560,14,clonotype1,clonotype1_consensus_2
CAGCATATCACGCATA-1,True,CAGCATATCACGCATA-1_contig_2,True,574,TRB,TRBV12-2+TRBV13-2,None,TRBJ1-2,TRBC1,True,True,CASGGGTGNSDYTF,TGTGCCAGCGGTGGGGGGACAGGGAACTCCGACTACACCTTC,50270,56,clonotype1,clonotype1_consensus_1
CAGCATATCACGCATA-1,True,CAGCATATCACGCATA-1_contig_3,True,305,TRB,TRBV13-1,None,TRBJ2-4,None,True,False,CASSEGTNTLYF,TGTGCCAGCAGTGAAGGAACAAACACCTTGTACTTT,1138,1,clonotype1,None
CAGCATATCACGCATA-1,True,CAGCATATCACGCATA-1_contig_4,True,335,TRB,None,None,TRBJ2-1,None,False,False,None,None,5202,4,clonotype1,None
CAGCATATCCTAGTGA-1,True,CAGCATATCCTAGTGA-1_contig_1,True,560,TRA,TRAV16D-DV11,None,TRAJ9,TRAC,True,True,CAMRESNMGYKLTF,TGTGCTATGAGAGAGAGCAACATGGGCTACAAACTTACCTTC,6832,4,clonotype32,clonotype32_consensus_1
CAGCATATCCTAGTGA-1,True,CAGCATATCCTAGTGA-1_contig_2,True,540,TRB,TRBV20,None,TRBJ1-6,TRBC1,True,True,CADRSYNSPLYF,TGTGCCGACAGGTCCTATAATTCGCCCCTCTACTTT,8856,6,clonotype32,clonotype32_consensus_2
CAGCATATCCTAGTGA-1,True,CAGCATATCCTAGTGA-1_contig_3,True,463,TRB,None,None,TRBJ2-7,None,False,False,None,None,3566,4,clonotype32,None
CAGCATATCCTAGTGA-1,True,CAGCATATCCTAGTGA-1_contig_4,True,408,TRA,None,None,TRAJ26,TRAC,False,False,None,None,1452,1,clonotype32,None
CAGCATATCGAACGGA-1,True,CAGCATATCGAACGGA-1_contig_1,True,653,TRB,TRBV19,None,TRBJ2-3,None,True,True,CASSIRWGGGAETLYF,TGTGCCAGCAGTATACGCTGGGGGGGGGGTGCAGAAACGCTGTATTTT,13712,9,clonotype115,clonotype115_consensus_3
CAGCATATCGAACGGA-1,True,CAGCATATCGAACGGA-1_contig_2,True,498,TRA,TRAV1,None,TRAJ40,TRAC,True,True,CAVRDHTGNYKYVF,TGTGCTGTGAGGGACCATACAGGAAACTACAAATACGTCTTT,10136,6,clonotype115,clonotype115_consensus_1
CAGCATATCGAACGGA-1,True,CAGCATATCGAACGGA-1_contig_3,True,537,TRA,TRAV3D-3,None,TRAJ22,TRAC,True,True,CAVSESSGSWQLIF,TGCGCAGTCAGTGAATCTTCTGGCAGCTGGCAACTCATCTTT,7758,4,clonotype115,clonotype115_consensus_2
CAGCCGACACTGAAGG-1,True,CAGCCGACACTGAAGG-1_contig_1,True,561,TRA,TRAV4-3,None,TRAJ42,TRAC,True,True,CAADNSGGSNAKLTF,TGTGCTGCTGATAATTCTGGAGGAAGCAATGCAAAGCTAACCTTC,4544,4,clonotype29,clonotype29_consensus_2
CAGCCGACACTGAAGG-1,True,CAGCCGACACTGAAGG-1_contig_2,True,512,TRB,TRBV13-1,None,TRBJ2-1,None,True,True,CASGGAYAEQFF,TGTGCCAGCGGGGGGGCGTATGCTGAGCAGTTCTTC,1508,1,clonotype29,clonotype29_consensus_1
CAGCCGACACTGAAGG-1,True,CAGCCGACACTGAAGG-1_contig_3,True,566,TRA,TRAV12-2,None,TRAJ34,TRAC,True,True,CALSGNTNKVVF,TGTGCTTTGAGTGGCAATACCAACAAAGTCGTCTTT,4238,3,clonotype29,clonotype29_consensus_3
CAGCCGACACTGAAGG-1,True,CAGCCGACACTGAAGG-1_contig_4,True,580,TRB,TRBV12-1,None,TRBJ2-7,None,True,False,CQLFRQGREQYF,TGCCAGCTCTTCCGACAGGGGAGAGAACAGTACTTC,1988,1,clonotype29,None
CAGCCGACACTGAAGG-1,True,CAGCCGACACTGAAGG-1_contig_5,True,377,TRB,None,None,TRBJ2-7,None,False,False,None,None,570,1,clonotype29,None
CAGCCGAGTCTCCATC-1,True,CAGCCGAGTCTCCATC-1_contig_1,True,625,TRA,TRAV16D-DV11,None,TRAJ26,TRAC,True,True,CAMREENNYAQGLTF,TGTGCTATGAGAGAGGAAAATAACTATGCCCAGGGATTAACCTTC,5930,3,clonotype12,clonotype12_consensus_2
CAGCCGAGTCTCCATC-1,True,CAGCCGAGTCTCCATC-1_contig_2,True,512,TRB,TRBV13-1,None,TRBJ2-3,None,True,True,CASGDSAETLYF,TGTGCCAGCGGGGACAGTGCAGAAACGCTGTATTTT,10996,8,clonotype12,clonotype12_consensus_1
CAGCCGAGTCTCCATC-1,True,CAGCCGAGTCTCCATC-1_contig_3,True,391,TRB,None,None,TRBJ1-6,TRBC1,False,False,None,None,2450,2,clonotype12,None
CAGCCGAGTCTCCATC-1,True,CAGCCGAGTCTCCATC-1_contig_4,True,538,TRA,TRAV3D-3,None,TRAJ28,TRAC,True,False,CTSAQSVRGTGSNRLTF,TGTACTTCTGCGCAGTCAGTGAGGGGCACTGGGAGTAACAGGCTCACTTTT,6318,4,clonotype12,None
CAGCCGATCAATAAGG-1,True,CAGCCGATCAATAAGG-1_contig_1,True,519,TRA,TRAV6-6,None,TRAJ24,TRAC,True,True,CAPLTTASLGKLQF,TGTGCTCCGTTGACAACTGCCAGTTTGGGGAAACTGCAGTTT,1960,1,clonotype2,clonotype2_consensus_2
CAGCCGATCAATAAGG-1,True,CAGCCGATCAATAAGG-1_contig_2,True,512,TRB,TRBV13-1,None,TRBJ2-4,None,True,True,CASSEGTNTLYF,TGTGCCAGCAGTGAAGGAACAAACACCTTGTACTTT,13250,11,clonotype2,clonotype2_consensus_1
CAGCCGATCAATAAGG-1,True,CAGCCGATCAATAAGG-1_contig_3,True,318,TRB,TRBV13-2,None,TRBJ2-5,None,True,False,CASGDW,TGTGCCAGCGGTGACTGG,2410,2,clonotype2,None
CAGCCGATCTGGCGTG-1,True,CAGCCGATCTGGCGTG-1_contig_1,True,567,TRB,TRBV12-2+TRBV13-2,None,TRBJ1-2,TRBC1,True,True,CASGGGTGNSDYTF,TGTGCCAGCGGTGGGGGGACAGGGAACTCCGACTACACCTTC,3390,4,clonotype7,clonotype7_consensus_1
CAGCGACAGAGGGCTT-1,True,CAGCGACAGAGGGCTT-1_contig_1,True,505,TRB,TRBV13-1,None,TRBJ2-4,None,True,True,CASSEGTNTLYF,TGTGCCAGCAGTGAAGGAACAAACACCTTGTACTTT,1508,3,clonotype9,clonotype9_consensus_1
CAGCGACAGAGGGCTT-1,True,CAGCGACAGAGGGCTT-1_contig_2,True,704,TRA,TRAV9D-2,None,TRAJ26,TRAC,True,True,CVLSRGNNYAQGLTF,TGTGTTCTGAGCAGGGGCAATAACTATGCCCAGGGATTAACCTTC,2040,1,clonotype9,clonotype9_consensus_2
CAGCGACCAACTTGAC-1,True,CAGCGACCAACTTGAC-1_contig_1,True,556,TRA,TRAV19,None,TRAJ39,TRAC,True,True,CAAGGNNAGAKLTF,TGCGCAGCAGGTGGGAATAATGCAGGTGCCAAGCTCACATTC,10296,7,clonotype1,clonotype1_consensus_2
CAGCGACCAACTTGAC-1,True,CAGCGACCAACTTGAC-1_contig_2,True,589,TRB,TRBV12-2+TRBV13-2,None,TRBJ1-2,TRBC1,True,True,CASGGGTGNSDYTF,TGTGCCAGCGGTGGGGGGACAGGGAACTCCGACTACACCTTC,15932,13,clonotype1,clonotype1_consensus_1
CAGCGACCACAGTCGC-1,True,CAGCGACCACAGTCGC-1_contig_1,True,562,TRB,TRBV12-2+TRBV13-2,None,TRBJ2-7,None,True,True,CASGGGGEQYF,TGTGCCAGCGGTGGAGGGGGTGAACAGTACTTC,3144,3,clonotype296,clonotype296_consensus_1
CAGCGACCACAGTCGC-1,True,CAGCGACCACAGTCGC-1_contig_2,True,657,TRA,TRAV9-2,None,TRAJ34,TRAC,True,True,CVLSARTNKVVF,TGTGTTTTGAGCGCGAGGACCAACAAAGTCGTCTTT,7602,5,clonotype296,clonotype296_consensus_2
CAGCGACCACAGTCGC-1,True,CAGCGACCACAGTCGC-1_contig_3,True,398,TRB,None,None,TRBJ1-4,TRBC1,False,False,None,None,1520,1,clonotype296,None
CAGCGACCACAGTCGC-1,True,CAGCGACCACAGTCGC-1_contig_4,True,354,TRB,None,None,TRBJ2-1,None,False,False,None,None,2246,2,clonotype296,None
CAGCGACCACAGTCGC-1,True,CAGCGACCACAGTCGC-1_contig_5,True,568,TRA,TRAV3-3,None,TRAJ30,TRAC,True,False,CAARPMTQMLTK,TGCGCAGCCCGTCCCATGACACAAATGCTTACAAAG,3586,2,clonotype296,None
CAGCGACCACTAAGTC-1,True,CAGCGACCACTAAGTC-1_contig_1,True,558,TRA,TRAV19,None,TRAJ39,TRAC,True,True,CAAGGNNAGAKLTF,TGCGCAGCAGGTGGGAATAATGCAGGTGCCAAGCTCACATTC,5098,4,clonotype1,clonotype1_consensus_2
CAGCGACCACTAAGTC-1,True,CAGCGACCACTAAGTC-1_contig_2,True,961,TRB,TRBV12-2+TRBV13-2,None,TRBJ1-2,TRBC1,True,True,CASGGGTGNSDYTF,TGTGCCAGCGGTGGGGGGACAGGGAACTCCGACTACACCTTC,5206,5,clonotype1,clonotype1_consensus_1
CAGCGACCAGCGATCC-1,True,CAGCGACCAGCGATCC-1_contig_1,True,558,TRA,TRAV19,None,TRAJ39,TRAC,True,True,CAAGGNNAGAKLTF,TGCGCAGCAGGTGGGAATAATGCAGGTGCCAAGCTCACATTC,6000,4,clonotype1,clonotype1_consensus_2
CAGCGACCAGCGATCC-1,True,CAGCGACCAGCGATCC-1_contig_2,True,570,TRB,TRBV12-2+TRBV13-2,None,TRBJ1-2,TRBC1,True,True,CASGGGTGNSDYTF,TGTGCCAGCGGTGGGGGGACAGGGAACTCCGACTACACCTTC,7452,7,clonotype1,clonotype1_consensus_1
CAGCGACTCGTGGGAA-1,True,CAGCGACTCGTGGGAA-1_contig_1,True,530,TRA,TRAV7-5,None,TRAJ33,TRAC,True,True,CAVDSNYQLIW,TGTGCAGTGGACAGCAACTATCAGTTGATCTGG,23300,16,clonotype67,clonotype67_consensus_2
CAGCGACTCGTGGGAA-1,True,CAGCGACTCGTGGGAA-1_contig_2,True,567,TRA,TRAV8-1,None,TRAJ30,TRAC,True,True,CATDTNAYKVIF,TGTGCTACTGACACAAATGCTTACAAAGTCATCTTT,18190,13,clonotype67,clonotype67_consensus_1
CAGCGACTCGTGGGAA-1,True,CAGCGACTCGTGGGAA-1_contig_3,True,568,TRB,TRBV12-2+TRBV13-2,None,TRBJ1-5,TRBC1,True,True,CASGTGDNQAPLF,TGTGCCAGCGGTACCGGGGACAACCAGGCTCCGCTTTTT,24892,31,clonotype67,clonotype67_consensus_3
CAGCGACTCGTGGGAA-1,True,CAGCGACTCGTGGGAA-1_contig_4,True,555,TRB,None,None,TRBJ2-1,None,False,False,None,None,8992,6,clonotype67,None
CAGCGACTCGTGGGAA-1,True,CAGCGACTCGTGGGAA-1_contig_5,True,303,TRB,None,None,TRBJ2-3,None,False,False,None,None,1254,1,clonotype67,None
CAGCTAAAGGAATCGC-1,True,CAGCTAAAGGAATCGC-1_contig_1,True,559,TRA,TRAV4D-3,None,TRAJ27,TRAC,True,True,CAADGPNTGKLTF,TGTGCTGCTGACGGGCCCAATACAGGCAAATTAACCTTT,6594,4,clonotype57,clonotype57_consensus_1
CAGCTAACACAGCGTC-1,True,CAGCTAACACAGCGTC-1_contig_1,True,572,TRB,TRBV12-2+TRBV13-2,None,TRBJ1-2,TRBC1,True,True,CASGGGTGNSDYTF,TGTGCCAGCGGTGGGGGGACAGGGAACTCCGACTACACCTTC,10154,8,clonotype7,clonotype7_consensus_1
CAGCTAAGTAGAGGAA-1,True,CAGCTAAGTAGAGGAA-1_contig_1,True,555,TRA,TRAV3-3,None,TRAJ49,TRAC,True,True,CAVSGSTGYQNFYF,TGCGCAGTCAGTGGGAGCACGGGTTACCAGAACTTCTATTTT,12582,10,clonotype5,clonotype5_consensus_1
CAGCTAAGTAGAGGAA-1,True,CAGCTAAGTAGAGGAA-1_contig_2,True,562,TRB,TRBV12-2+TRBV13-2,None,TRBJ2-7,None,True,True,CASGVQGWEQYF,TGTGCCAGCGGTGTACAGGGGTGGGAACAGTACTTC,7176,6,clonotype5,clonotype5_consensus_2
CAGCTAAGTAGAGGAA-1,True,CAGCTAAGTAGAGGAA-1_contig_3,True,716,TRB,None,None,TRBJ1-1,TRBC1,False,False,None,None,5526,6,clonotype5,None
CAGCTAAGTATCTGCA-1,True,CAGCTAAGTATCTGCA-1_contig_1,True,507,TRA,TRAV21-DV12,None,TRAJ42,TRAC,True,True,CILRVHGGSNAKLTF,TGTATCCTGAGAGTCCATGGAGGAAGCAATGCAAAGCTAACCTTC,1808,1,clonotype72,clonotype72_consensus_1
CAGCTAAGTATCTGCA-1,True,CAGCTAAGTATCTGCA-1_contig_2,True,566,TRB,TRBV12-2+TRBV13-2,None,TRBJ2-7,None,True,True,CASGVQGEQYF,TGTGCCAGCGGTGTTCAGGGAGAACAGTACTTC,2786,2,clonotype72,clonotype72_consensus_2
CAGCTAAGTCAATGTC-1,True,CAGCTAAGTCAATGTC-1_contig_1,True,525,TRB,TRBV17,None,TRBJ2-5,None,True,True,CASSRKGSQDTQYF,TGTGCTAGCAGTAGAAAGGGTTCTCAAGACACCCAGTACTTT,2698,2,clonotype68,clonotype68_consensus_1
CAGCTAAGTCAATGTC-1,True,CAGCTAAGTCAATGTC-1_contig_2,True,512,TRA,TRAV13D-4,None,TRAJ9,TRAC,True,False,None,None,2884,1,clonotype68,None
CAGCTAATCTGGAGCC-1,True,CAGCTAATCTGGAGCC-1_contig_1,True,519,TRA,TRAV8-1,None,TRAJ30,TRAC,True,True,CATDTNAYKVIF,TGTGCTACTGACACAAATGCTTACAAAGTCATCTTT,7054,4,clonotype14,clonotype14_consensus_1
CAGCTAATCTGGAGCC-1,True,CAGCTAATCTGGAGCC-1_contig_2,True,600,TRB,TRBV12-2+TRBV13-2,None,TRBJ1-5,TRBC1,True,True,CASGTGDNQAPLF,TGTGCCAGCGGTACAGGGGACAACCAGGCTCCGCTTTTT,36666,31,clonotype14,clonotype14_consensus_2
CAGCTAATCTGGAGCC-1,True,CAGCTAATCTGGAGCC-1_contig_3,True,567,TRA,TRAV3-3,None,TRAJ37,TRAC,True,False,None,None,7076,5,clonotype14,None
CAGCTAATCTGGAGCC-1,True,CAGCTAATCTGGAGCC-1_contig_4,True,426,TRA,None,None,TRAJ26,TRAC,False,False,None,None,3716,2,clonotype14,None
CAGCTGGAGATATGCA-1,True,CAGCTGGAGATATGCA-1_contig_1,True,523,TRA,TRAV8D-1,None,TRAJ30,TRAC,True,True,CATDTNAYKVIF,TGTGCTACTGACACAAATGCTTACAAAGTCATCTTT,5352,4,clonotype13,clonotype13_consensus_1
CAGCTGGAGATATGCA-1,True,CAGCTGGAGATATGCA-1_contig_2,True,565,TRB,TRBV12-2+TRBV13-2,None,TRBJ1-5,TRBC1,True,True,CASGTGDNQAPLF,TGTGCCAGCGGGACAGGGGACAACCAGGCTCCGCTTTTT,5332,3,clonotype13,clonotype13_consensus_2
CAGCTGGAGATATGCA-1,True,CAGCTGGAGATATGCA-1_contig_3,True,442,TRB,None,None,TRBJ1-3,TRBC1,False,False,None,None,1552,1,clonotype13,None
CAGCTGGAGATATGCA-1,True,CAGCTGGAGATATGCA-1_contig_4,True,303,TRB,None,None,TRBJ2-7,None,False,False,None,None,490,1,clonotype13,None
CAGCTGGAGGCGATAC-1,True,CAGCTGGAGGCGATAC-1_contig_1,True,549,TRB,TRBV16,None,TRBJ2-5,None,True,True,CASSLGGGSDTQYF,TGTGCAAGCAGCTTAGGTGGGGGGAGTGACACCCAGTACTTT,4248,5,clonotype297,clonotype297_consensus_1
CAGCTGGAGGCGATAC-1,True,CAGCTGGAGGCGATAC-1_contig_2,True,527,TRA,TRAV6-6,None,TRAJ30,TRAC,True,True,CALGEDTNAYKVIF,TGTGCTCTGGGTGAAGACACAAATGCTTACAAAGTCATCTTT,2340,1,clonotype297,clonotype297_consensus_3
CAGCTGGAGGCGATAC-1,True,CAGCTGGAGGCGATAC-1_contig_3,True,559,TRA,TRAV14N-3,None,TRAJ6,TRAC,True,True,CAARTSGGNYKPTF,TGTGCAGCAAGAACCTCAGGAGGAAACTACAAACCTACGTTT,1872,1,clonotype297,clonotype297_consensus_2
CAGCTGGAGTCGATAA-1,True,CAGCTGGAGTCGATAA-1_contig_1,True,549,TRB,TRBV16,None,TRBJ2-5,None,True,True,CASSLGGGQDTQYF,TGTGCAAGCAGCTTAGGGGGGGGGCAAGACACCCAGTACTTT,5702,4,clonotype11,clonotype11_consensus_2
CAGCTGGAGTCGATAA-1,True,CAGCTGGAGTCGATAA-1_contig_2,True,621,TRA,TRAV4D-3,None,TRAJ27,TRAC,True,True,CAADGPNTGKLTF,TGTGCTGCTGACGGGCCCAATACAGGCAAATTAACCTTT,6216,5,clonotype11,clonotype11_consensus_1
CAGCTGGCAGCAGTTT-1,True,CAGCTGGCAGCAGTTT-1_contig_1,True,512,TRB,TRBV13-1,None,TRBJ2-3,None,True,True,CASGDSAETLYF,TGTGCCAGCGGGGACAGTGCAGAAACGCTGTATTTT,3234,4,clonotype24,clonotype24_consensus_1
CAGCTGGGTGATGTGG-1,True,CAGCTGGGTGATGTGG-1_contig_1,True,549,TRB,TRBV16,None,TRBJ2-5,None,True,True,CASSLGGGQDTQYF,TGTGCAAGCAGCTTAGGGGGGGGGCAAGACACCCAGTACTTT,5164,7,clonotype11,clonotype11_consensus_2
CAGCTGGGTGATGTGG-1,True,CAGCTGGGTGATGTGG-1_contig_2,True,590,TRA,TRAV4D-3,None,TRAJ27,TRAC,True,True,CAADGPNTGKLTF,TGTGCTGCTGACGGGCCCAATACAGGCAAATTAACCTTT,3096,2,clonotype11,clonotype11_consensus_1
CAGCTGGTCTATGTGG-1,True,CAGCTGGTCTATGTGG-1_contig_1,True,515,TRA,TRAV6-6,None,TRAJ24,TRAC,True,True,CAPLTTASLGKLQF,TGTGCTCCGTTGACAACTGCCAGTTTGGGGAAACTGCAGTTT,5312,7,clonotype3,clonotype3_consensus_2
CAGCTGGTCTATGTGG-1,True,CAGCTGGTCTATGTGG-1_contig_2,True,512,TRB,TRBV13-1,None,TRBJ2-4,None,True,True,CASSEGTNTLYF,TGTGCCAGCAGTGAAGGAACAAACACCTTGTACTTT,34230,33,clonotype3,clonotype3_consensus_1
CAGCTGGTCTATGTGG-1,True,CAGCTGGTCTATGTGG-1_contig_3,True,759,TRA,TRAV9D-2,None,TRAJ26,TRAC,True,True,CVLSRGNNYAQGLTF,TGTGTTCTGAGCAGGGGCAATAACTATGCCCAGGGATTAACCTTC,5130,6,clonotype3,clonotype3_consensus_3
CAGGTGCAGACGACGT-1,True,CAGGTGCAGACGACGT-1_contig_1,True,549,TRB,TRBV16,None,TRBJ2-5,None,True,True,CASSLGGGADTQYF,TGTGCAAGCAGCTTAGGGGGGGGCGCGGACACCCAGTACTTT,13852,12,clonotype105,clonotype105_consensus_1
CAGGTGCAGACGACGT-1,True,CAGGTGCAGACGACGT-1_contig_2,True,558,TRA,TRAV16N,None,TRAJ45,TRAC,True,True,CAMRELTEGADRLTF,TGTGCTATGAGAGAGCTGACAGAAGGTGCAGATAGACTCACCTTT,3204,3,clonotype105,clonotype105_consensus_2
CAGGTGCAGACGACGT-1,True,CAGGTGCAGACGACGT-1_contig_3,True,518,TRB,TRBV23,None,TRBJ2-7,None,True,False,None,None,400,1,clonotype105,None
CAGGTGCAGGGCTTCC-1,True,CAGGTGCAGGGCTTCC-1_contig_1,True,568,TRB,TRBV12-2+TRBV13-2,None,TRBJ1-2,TRBC1,True,True,CASGGGTGNSDYTF,TGTGCCAGCGGTGGGGGGACAGGGAACTCCGACTACACCTTC,1874,3,clonotype7,clonotype7_consensus_1
CAGGTGCCACCAGTTA-1,True,CAGGTGCCACCAGTTA-1_contig_1,True,558,TRA,TRAV19,None,TRAJ39,TRAC,True,True,CAAGGNNAGAKLTF,TGCGCAGCAGGTGGGAATAATGCAGGTGCCAAGCTCACATTC,19974,15,clonotype1,clonotype1_consensus_2
CAGGTGCCACCAGTTA-1,True,CAGGTGCCACCAGTTA-1_contig_2,True,595,TRB,TRBV12-2+TRBV13-2,None,TRBJ1-2,TRBC1,True,True,CASGGGTGNSDYTF,TGTGCCAGCGGTGGGGGGACAGGGAACTCCGACTACACCTTC,23044,23,clonotype1,clonotype1_consensus_1
CAGGTGCCACCAGTTA-1,True,CAGGTGCCACCAGTTA-1_contig_3,True,337,TRB,None,None,TRBJ2-1,None,False,False,None,None,3480,1,clonotype1,None
CAGGTGCCACCAGTTA-1,True,CAGGTGCCACCAGTTA-1_contig_4,True,695,TRA,None,None,TRAJ26,TRAC,False,False,None,None,1856,1,clonotype1,None
CAGGTGCCACCAGTTA-1,True,CAGGTGCCACCAGTTA-1_contig_5,True,630,TRB,None,None,TRBJ2-7,None,False,False,None,None,862,1,clonotype1,None
CAGGTGCCAGCATACT-1,True,CAGGTGCCAGCATACT-1_contig_1,True,549,TRB,TRBV16,None,TRBJ2-7,None,True,True,CASSLGGGGDEQYF,TGTGCAAGCAGCTTAGGTGGGGGGGGCGATGAACAGTACTTC,6394,8,clonotype50,clonotype50_consensus_1
CAGGTGCCAGCATACT-1,True,CAGGTGCCAGCATACT-1_contig_2,True,594,TRA,TRAV7-4,None,TRAJ27,TRAC,True,True,CAASEDANTGKLTF,TGTGCAGCTAGTGAGGACGCCAATACAGGCAAATTAACCTTT,11294,8,clonotype50,clonotype50_consensus_2
CAGGTGCCAGCATACT-1,True,CAGGTGCCAGCATACT-1_contig_3,True,752,TRB,None,None,TRBJ1-5,None,False,False,None,None,254,1,clonotype50,None
CAGGTGCCATATGGTC-1,True,CAGGTGCCATATGGTC-1_contig_1,True,570,TRA,TRAV14N-3,None,TRAJ6,TRAC,True,True,CAARTSGGNYKPTF,TGTGCAGCAAGAACCTCAGGAGGAAACTACAAACCTACGTTT,10068,6,clonotype4,clonotype4_consensus_2
CAGGTGCCATATGGTC-1,True,CAGGTGCCATATGGTC-1_contig_2,True,549,TRA,TRAV8N-2,None,TRAJ13,TRAC,True,True,CATEDSGTYQRF,TGTGCTACTGAGGATTCTGGGACTTACCAGAGGTTT,29430,18,clonotype4,clonotype4_consensus_1
CAGGTGCCATATGGTC-1,True,CAGGTGCCATATGGTC-1_contig_3,True,593,TRB,TRBV12-2+TRBV13-2,None,TRBJ2-7,None,True,True,CASGTGGDYEQYF,TGTGCCAGCGGGACTGGGGGGGACTATGAACAGTACTTC,7770,7,clonotype4,clonotype4_consensus_3
CAGGTGCGTGACGGTA-1,True,CAGGTGCGTGACGGTA-1_contig_1,True,519,TRA,TRAV6-6,None,TRAJ24,TRAC,True,True,CAPLTTASLGKLQF,TGTGCTCCGTTGACAACTGCCAGTTTGGGGAAACTGCAGTTT,4550,6,clonotype69,clonotype69_consensus_3
CAGGTGCGTGACGGTA-1,True,CAGGTGCGTGACGGTA-1_contig_2,True,558,TRA,TRAV19,None,TRAJ39,TRAC,True,True,CAAGGNNAGAKLTF,TGCGCAGCAGGTGGGAATAATGCAGGTGCCAAGCTCACATTC,4814,4,clonotype69,clonotype69_consensus_4
CAGGTGCGTGACGGTA-1,True,CAGGTGCGTGACGGTA-1_contig_3,True,505,TRB,TRBV13-1,None,TRBJ2-4,None,True,True,CASSEGTNTLYF,TGTGCCAGCAGTGAAGGAACAAACACCTTGTACTTT,25514,24,clonotype69,clonotype69_consensus_2
CAGGTGCGTGACGGTA-1,True,CAGGTGCGTGACGGTA-1_contig_4,True,576,TRB,TRBV12-2+TRBV13-2,None,TRBJ1-2,TRBC1,True,True,CASGGGTGNSDYTF,TGTGCCAGCGGTGGGGGGACAGGGAACTCCGACTACACCTTC,27956,27,clonotype69,clonotype69_consensus_1
CAGGTGCGTGACGGTA-1,True,CAGGTGCGTGACGGTA-1_contig_5,True,360,TRA,TRAV9D-2,None,TRAJ26,TRAC,True,False,CVLSRGNNYAQGLTF,TGTGTTCTGAGCAGGGGCAATAACTATGCCCAGGGATTAACCTTC,2036,1,clonotype69,None
CAGGTGCGTGACGGTA-1,True,CAGGTGCGTGACGGTA-1_contig_6,True,332,TRB,None,None,TRBJ2-1,None,False,False,None,None,4006,2,clonotype69,None
CAGGTGCGTGACGGTA-1,True,CAGGTGCGTGACGGTA-1_contig_7,True,498,TRA,TRAV7-5,None,TRAJ45,TRAC,True,False,CSDTEGADRLTF,TGCAGTGATACAGAAGGTGCAGATAGACTCACCTTT,1178,1,clonotype69,None
CAGGTGCGTGACGGTA-1,True,CAGGTGCGTGACGGTA-1_contig_8,True,465,TRB,None,None,TRBJ2-7,None,False,False,None,None,6620,4,clonotype69,None
CAGGTGCGTGCTTCTC-1,True,CAGGTGCGTGCTTCTC-1_contig_1,True,505,TRB,TRBV13-1,None,TRBJ2-4,None,True,True,CASSEGTNTLYF,TGTGCCAGCAGTGAAGGAACAAACACCTTGTACTTT,14550,10,clonotype9,clonotype9_consensus_1
CAGGTGCGTGCTTCTC-1,True,CAGGTGCGTGCTTCTC-1_contig_2,True,703,TRA,TRAV9D-2,None,TRAJ26,TRAC,True,True,CVLSRGNNYAQGLTF,TGTGTTCTGAGCAGGGGCAATAACTATGCCCAGGGATTAACCTTC,11064,7,clonotype9,clonotype9_consensus_2
CAGTAACAGGGATGGG-1,True,CAGTAACAGGGATGGG-1_contig_1,True,549,TRB,TRBV16,None,TRBJ2-5,None,True,True,CASSFGGGQDTQYF,TGTGCAAGCAGCTTTGGGGGGGGCCAAGACACCCAGTACTTT,20082,28,clonotype100,clonotype100_consensus_1
CAGTAACAGGGATGGG-1,True,CAGTAACAGGGATGGG-1_contig_2,True,526,Multi,TRDV2-2,None,TRAJ58,TRAC,True,False,CALMEHQGTGSKLSF,TGTGCTCTCATGGAGCACCAAGGCACTGGGTCTAAGCTGTCATTT,7066,6,clonotype100,None
CAGTAACCACCAGCAC-1,True,CAGTAACCACCAGCAC-1_contig_1,True,558,TRA,TRAV19,None,TRAJ39,TRAC,True,True,CAAGGNNAGAKLTF,TGCGCAGCAGGTGGGAATAATGCAGGTGCCAAGCTCACATTC,14174,7,clonotype1,clonotype1_consensus_2
CAGTAACCACCAGCAC-1,True,CAGTAACCACCAGCAC-1_contig_2,True,571,TRB,TRBV12-2+TRBV13-2,None,TRBJ1-2,TRBC1,True,True,CASGGGTGNSDYTF,TGTGCCAGCGGTGGGGGGACAGGGAACTCCGACTACACCTTC,22126,18,clonotype1,clonotype1_consensus_1
CAGTAACCACCAGCAC-1,True,CAGTAACCACCAGCAC-1_contig_3,True,634,TRB,None,None,TRBJ2-7,None,False,False,None,None,3428,2,clonotype1,None
CAGTAACCATGCGCAC-1,True,CAGTAACCATGCGCAC-1_contig_1,True,541,TRA,TRAV8D-1,None,TRAJ30,TRAC,True,True,CATDTNAYKVIF,TGTGCTACTGACACAAATGCTTACAAAGTCATCTTT,19834,14,clonotype13,clonotype13_consensus_1
CAGTAACCATGCGCAC-1,True,CAGTAACCATGCGCAC-1_contig_2,True,590,TRB,TRBV12-2+TRBV13-2,None,TRBJ1-5,TRBC1,True,True,CASGTGDNQAPLF,TGTGCCAGCGGGACAGGGGACAACCAGGCTCCGCTTTTT,23740,21,clonotype13,clonotype13_consensus_2
CAGTAACCATGCGCAC-1,True,CAGTAACCATGCGCAC-1_contig_3,True,328,TRB,None,None,TRBJ2-7,None,False,False,None,None,742,1,clonotype13,None
CAGTAACCATGCGCAC-1,True,CAGTAACCATGCGCAC-1_contig_4,True,357,TRB,None,None,TRBJ2-1,None,False,False,None,None,9504,9,clonotype13,None
CAGTAACCATGCGCAC-1,True,CAGTAACCATGCGCAC-1_contig_5,True,611,TRA,TRAV14N-3,None,TRAJ35,TRAC,True,False,None,None,6644,3,clonotype13,None
CAGTAACGTATTAGCC-1,True,CAGTAACGTATTAGCC-1_contig_1,True,566,TRA,TRAV3-3,None,TRAJ49,TRAC,True,True,CAVSGATGYQNFYF,TGCGCAGTCAGTGGGGCCACGGGTTACCAGAACTTCTATTTT,5954,6,clonotype10,clonotype10_consensus_3
CAGTAACGTATTAGCC-1,True,CAGTAACGTATTAGCC-1_contig_2,True,507,TRA,TRAV21-DV12,None,TRAJ42,TRAC,True,True,CILRVHGGSNAKLTF,TGTATCCTGAGAGTCCATGGAGGAAGCAATGCAAAGCTAACCTTC,12118,7,clonotype10,clonotype10_consensus_1
CAGTAACGTATTAGCC-1,True,CAGTAACGTATTAGCC-1_contig_3,True,559,TRB,TRBV12-2+TRBV13-2,None,TRBJ2-7,None,True,True,CASGVQGEQYF,TGTGCCAGCGGTGTTCAGGGAGAACAGTACTTC,16402,17,clonotype10,clonotype10_consensus_2
CAGTAACTCCTTTCTC-1,True,CAGTAACTCCTTTCTC-1_contig_1,True,549,TRB,TRBV16,None,TRBJ2-5,None,True,True,CASSLGGGQDTQYF,TGTGCAAGCAGCTTAGGGGGGGGGCAAGACACCCAGTACTTT,5286,4,clonotype11,clonotype11_consensus_2
CAGTAACTCCTTTCTC-1,True,CAGTAACTCCTTTCTC-1_contig_2,True,569,TRA,TRAV4D-3,None,TRAJ27,TRAC,True,True,CAADGPNTGKLTF,TGTGCTGCTGACGGGCCCAATACAGGCAAATTAACCTTT,1654,1,clonotype11,clonotype11_consensus_1
CAGTCCTTCCATGAAC-1,True,CAGTCCTTCCATGAAC-1_contig_1,True,505,TRB,TRBV13-1,None,TRBJ2-3,None,True,True,CASGDSAETLYF,TGTGCCAGCGGGGACAGTGCAGAAACGCTGTATTTT,5440,6,clonotype24,clonotype24_consensus_1
CAGTCCTTCCATGAAC-1,True,CAGTCCTTCCATGAAC-1_contig_2,True,464,TRB,None,None,TRBJ1-6,TRBC1,False,False,None,None,1452,1,clonotype24,None
CAGTCCTTCCATGAAC-1,True,CAGTCCTTCCATGAAC-1_contig_3,True,465,TRA,TRAV16D-DV11,None,TRAJ26,TRAC,True,False,None,None,3338,1,clonotype24,None
CAGTCCTTCCATGAAC-1,True,CAGTCCTTCCATGAAC-1_contig_4,True,539,TRA,TRAV16D-DV11,None,TRAJ26,TRAC,True,False,CAMREENNYAQGLTF,TGTGCTATGAGAGAGGAAAATAACTATGCCCAGGGATTAACCTTC,180,1,clonotype24,None
CAGTCCTTCTAACCGA-1,True,CAGTCCTTCTAACCGA-1_contig_1,True,543,TRA,TRAV6-6,None,TRAJ33,TRAC,True,True,CALVPSNYQLIW,TGTGCTCTGGTCCCTAGCAACTATCAGTTGATCTGG,3772,4,clonotype298,clonotype298_consensus_1
CAGTCCTTCTAACCGA-1,True,CAGTCCTTCTAACCGA-1_contig_2,True,320,TRB,TRBV15,None,TRBJ2-7,None,True,False,CASSLGT,TGTGCCAGCAGTTTGGGGACA,1152,1,clonotype298,None
CAGTCCTTCTAACCGA-1,True,CAGTCCTTCTAACCGA-1_contig_3,True,482,TRA,TRAV4-2,None,TRAJ32,TRAC,True,False,CCNKLIF,TGCTGCAACAAGCTCATCTTT,2964,4,clonotype298,None
CAGTCCTTCTAACCGA-1,True,CAGTCCTTCTAACCGA-1_contig_4,True,317,TRB,None,None,TRBJ2-7,None,False,False,None,None,5574,3,clonotype298,None
CATATGGGTGGGTCAA-1,True,CATATGGGTGGGTCAA-1_contig_1,True,556,TRA,TRAV19,None,TRAJ39,TRAC,True,True,CAAGGNNAGAKLTF,TGCGCAGCAGGTGGGAATAATGCAGGTGCCAAGCTCACATTC,8756,7,clonotype1,clonotype1_consensus_2
CATATGGGTGGGTCAA-1,True,CATATGGGTGGGTCAA-1_contig_2,True,571,TRB,TRBV12-2+TRBV13-2,None,TRBJ1-2,TRBC1,True,True,CASGGGTGNSDYTF,TGTGCCAGCGGTGGGGGGACAGGGAACTCCGACTACACCTTC,16978,16,clonotype1,clonotype1_consensus_1
CATATGGGTTCAGACT-1,True,CATATGGGTTCAGACT-1_contig_1,True,512,TRB,TRBV13-1,None,TRBJ2-4,None,True,True,CASSEGTNTLYF,TGTGCCAGCAGTGAAGGAACAAACACCTTGTACTTT,23848,17,clonotype6,clonotype6_consensus_1
CATATGGGTTCAGACT-1,True,CATATGGGTTCAGACT-1_contig_2,True,514,TRB,TRBV13-1,None,TRBJ2-5,None,True,False,CASGDW,TGTGCCAGCGGTGACTGG,886,1,clonotype6,None
CATATGGGTTCAGACT-1,True,CATATGGGTTCAGACT-1_contig_3,True,805,TRA,TRAV10D,None,TRAJ30,None,True,False,None,None,520,1,clonotype6,None
CATATGGTCGTCCGTT-1,True,CATATGGTCGTCCGTT-1_contig_1,True,576,TRA,TRAV6-6,None,TRAJ24,TRAC,True,True,CAPLTTASLGKLQF,TGTGCTCCGTTGACAACTGCCAGTTTGGGGAAACTGCAGTTT,19010,11,clonotype3,clonotype3_consensus_2
CATATGGTCGTCCGTT-1,True,CATATGGTCGTCCGTT-1_contig_2,True,505,TRB,TRBV13-1,None,TRBJ2-4,None,True,True,CASSEGTNTLYF,TGTGCCAGCAGTGAAGGAACAAACACCTTGTACTTT,27678,27,clonotype3,clonotype3_consensus_1
CATATGGTCGTCCGTT-1,True,CATATGGTCGTCCGTT-1_contig_3,True,704,TRA,TRAV9D-2,None,TRAJ26,TRAC,True,True,CVLSRGNNYAQGLTF,TGTGTTCTGAGCAGGGGCAATAACTATGCCCAGGGATTAACCTTC,24572,14,clonotype3,clonotype3_consensus_3
CATATGGTCGTCCGTT-1,True,CATATGGTCGTCCGTT-1_contig_4,True,411,TRA,TRAV10D,None,None,None,False,False,None,None,126,1,clonotype3,None
CATATGGTCGTTTGCC-1,True,CATATGGTCGTTTGCC-1_contig_1,True,535,TRA,TRAV16D-DV11,None,TRAJ26,TRAC,True,True,CAMREENNYAQGLTF,TGTGCTATGAGAGAGGAAAATAACTATGCCCAGGGATTAACCTTC,1528,1,clonotype12,clonotype12_consensus_2
CATATGGTCGTTTGCC-1,True,CATATGGTCGTTTGCC-1_contig_2,True,505,TRB,TRBV13-1,None,TRBJ2-3,None,True,True,CASGDSAETLYF,TGTGCCAGCGGGGACAGTGCAGAAACGCTGTATTTT,7240,5,clonotype12,clonotype12_consensus_1
CATATTCAGCCTATGT-1,True,CATATTCAGCCTATGT-1_contig_1,True,519,TRA,TRAV6-6,None,TRAJ24,TRAC,True,True,CAPLTTASLGKLQF,TGTGCTCCGTTGACAACTGCCAGTTTGGGGAAACTGCAGTTT,14090,9,clonotype3,clonotype3_consensus_2
CATATTCAGCCTATGT-1,True,CATATTCAGCCTATGT-1_contig_2,True,512,TRB,TRBV13-1,None,TRBJ2-4,None,True,True,CASSEGTNTLYF,TGTGCCAGCAGTGAAGGAACAAACACCTTGTACTTT,28672,22,clonotype3,clonotype3_consensus_1
CATATTCAGCCTATGT-1,True,CATATTCAGCCTATGT-1_contig_3,True,735,TRA,TRAV9D-2,None,TRAJ26,TRAC,True,True,CVLSRGNNYAQGLTF,TGTGTTCTGAGCAGGGGCAATAACTATGCCCAGGGATTAACCTTC,12556,8,clonotype3,clonotype3_consensus_3
CATATTCAGCCTATGT-1,True,CATATTCAGCCTATGT-1_contig_4,True,426,TRB,None,None,TRBJ2-7,None,False,False,None,None,2362,4,clonotype3,None
CATATTCCACATGGGA-1,True,CATATTCCACATGGGA-1_contig_1,True,549,TRB,TRBV16,None,TRBJ2-5,None,True,True,CASSLGGGQDTQYF,TGTGCAAGCAGCTTAGGGGGGGGGCAAGACACCCAGTACTTT,2808,4,clonotype11,clonotype11_consensus_2
CATATTCCACATGGGA-1,True,CATATTCCACATGGGA-1_contig_2,True,562,TRA,TRAV4D-3,None,TRAJ27,TRAC,True,True,CAADGPNTGKLTF,TGTGCTGCTGACGGGCCCAATACAGGCAAATTAACCTTT,7204,4,clonotype11,clonotype11_consensus_1
CATCAAGAGAAGAAGC-1,True,CATCAAGAGAAGAAGC-1_contig_1,True,549,TRB,TRBV16,None,TRBJ2-7,None,True,True,CASSLGGGLDEQYF,TGTGCAAGCAGCTTAGGGGGGGGGCTCGATGAACAGTACTTC,14104,12,clonotype26,clonotype26_consensus_1
CATCAAGAGAGTACAT-1,True,CATCAAGAGAGTACAT-1_contig_1,True,570,TRA,TRAV14N-3,None,TRAJ6,TRAC,True,True,CAARTSGGNYKPTF,TGTGCAGCAAGAACCTCAGGAGGAAACTACAAACCTACGTTT,6492,4,clonotype4,clonotype4_consensus_2
CATCAAGAGAGTACAT-1,True,CATCAAGAGAGTACAT-1_contig_2,True,549,TRA,TRAV8N-2,None,TRAJ13,TRAC,True,True,CATEDSGTYQRF,TGTGCTACTGAGGATTCTGGGACTTACCAGAGGTTT,7092,6,clonotype4,clonotype4_consensus_1
CATCAAGAGAGTACAT-1,True,CATCAAGAGAGTACAT-1_contig_3,True,567,TRB,TRBV12-2+TRBV13-2,None,TRBJ2-7,None,True,True,CASGTGGDYEQYF,TGTGCCAGCGGGACTGGGGGGGACTATGAACAGTACTTC,19032,21,clonotype4,clonotype4_consensus_3
CATCAAGAGGACACCA-1,True,CATCAAGAGGACACCA-1_contig_1,True,525,TRB,TRBV17,None,TRBJ2-5,None,True,True,CASSRKGSQDTQYF,TGTGCTAGCAGTAGAAAGGGTTCTCAAGACACCCAGTACTTT,4914,4,clonotype68,clonotype68_consensus_1
CATCAAGCAAGACACG-1,True,CATCAAGCAAGACACG-1_contig_1,True,556,TRA,TRAV19,None,TRAJ39,TRAC,True,True,CAAGGNNAGAKLTF,TGCGCAGCAGGTGGGAATAATGCAGGTGCCAAGCTCACATTC,4386,2,clonotype1,clonotype1_consensus_2
CATCAAGCAAGACACG-1,True,CATCAAGCAAGACACG-1_contig_2,True,597,TRB,TRBV12-2+TRBV13-2,None,TRBJ1-2,TRBC1,True,True,CASGGGTGNSDYTF,TGTGCCAGCGGTGGGGGGACAGGGAACTCCGACTACACCTTC,5784,8,clonotype1,clonotype1_consensus_1
CATCAAGGTCCAAGTT-1,True,CATCAAGGTCCAAGTT-1_contig_1,True,517,TRA,TRAV13-4-DV7,None,TRAJ21,TRAC,True,True,CARRPVLYF,TGTGCTCGCCGACCCGTGCTTTACTTC,10258,6,clonotype299,clonotype299_consensus_2
CATCAAGGTCCAAGTT-1,True,CATCAAGGTCCAAGTT-1_contig_2,True,531,TRB,TRBV17,None,TRBJ2-1,None,True,True,CASSLLGGPDYAEQFF,TGTGCTAGCAGTCTACTGGGGGGGCCGGACTATGCTGAGCAGTTCTTC,23646,16,clonotype299,clonotype299_consensus_1
CATCAAGGTCCAAGTT-1,True,CATCAAGGTCCAAGTT-1_contig_3,True,543,TRA,TRAV6N-7,None,TRAJ31,TRAC,True,True,CALGESNNRIFF,TGTGCTCTGGGTGAAAGCAATAACAGAATCTTCTTT,7614,4,clonotype299,clonotype299_consensus_3
CATCAAGTCAAGAAGT-1,True,CATCAAGTCAAGAAGT-1_contig_1,True,555,TRA,TRAV3-3,None,TRAJ49,TRAC,True,True,CAVSGSTGYQNFYF,TGCGCAGTCAGTGGGAGCACGGGTTACCAGAACTTCTATTTT,2770,2,clonotype5,clonotype5_consensus_1
CATCAAGTCAAGAAGT-1,True,CATCAAGTCAAGAAGT-1_contig_2,True,596,TRB,TRBV12-2+TRBV13-2,None,TRBJ2-7,None,True,True,CASGVQGWEQYF,TGTGCCAGCGGTGTACAGGGGTGGGAACAGTACTTC,5252,8,clonotype5,clonotype5_consensus_2
CATCAAGTCAAGAAGT-1,True,CATCAAGTCAAGAAGT-1_contig_3,True,551,TRA,TRAV6D-5,None,TRAJ38,TRAC,True,False,CTTVFWDNVGDNSKLIW,TGTACTACTGTGTTCTGGGATAATGTTGGTGACAACAGTAAGCTGATTTGG,3746,3,clonotype5,None
CATCAAGTCGAGCCCA-1,True,CATCAAGTCGAGCCCA-1_contig_1,True,558,TRA,TRAV8D-2,None,TRAJ27,TRAC,True,True,CATDEDTNTGKLTF,TGTGCTACAGATGAGGACACCAATACAGGCAAATTAACCTTT,2298,3,clonotype300,clonotype300_consensus_1
CATCAGAAGCCTTGAT-1,True,CATCAGAAGCCTTGAT-1_contig_1,True,519,TRA,TRAV6-6,None,TRAJ24,TRAC,True,True,CAPLTTASLGKLQF,TGTGCTCCGTTGACAACTGCCAGTTTGGGGAAACTGCAGTTT,10636,8,clonotype3,clonotype3_consensus_2
CATCAGAAGCCTTGAT-1,True,CATCAGAAGCCTTGAT-1_contig_2,True,512,TRB,TRBV13-1,None,TRBJ2-4,None,True,True,CASSEGTNTLYF,TGTGCCAGCAGTGAAGGAACAAACACCTTGTACTTT,37262,30,clonotype3,clonotype3_consensus_1
CATCAGAAGCCTTGAT-1,True,CATCAGAAGCCTTGAT-1_contig_3,True,671,TRA,TRAV9D-2,None,TRAJ26,TRAC,True,True,CVLSRGNNYAQGLTF,TGTGTTCTGAGCAGGGGCAATAACTATGCCCAGGGATTAACCTTC,5078,5,clonotype3,clonotype3_consensus_3
CATCAGACACAACGTT-1,True,CATCAGACACAACGTT-1_contig_1,True,549,TRB,TRBV16,None,TRBJ2-5,None,True,True,CASSLGGPQDTQYF,TGTGCAAGCAGCTTAGGGGGTCCCCAAGACACCCAGTACTTT,11516,8,clonotype301,clonotype301_consensus_1
CATCAGACACCGTTGG-1,True,CATCAGACACCGTTGG-1_contig_1,True,556,TRA,TRAV19,None,TRAJ39,TRAC,True,True,CAAGGNNAGAKLTF,TGCGCAGCAGGTGGGAATAATGCAGGTGCCAAGCTCACATTC,14832,9,clonotype1,clonotype1_consensus_2
CATCAGACACCGTTGG-1,True,CATCAGACACCGTTGG-1_contig_2,True,572,TRB,TRBV12-2+TRBV13-2,None,TRBJ1-2,TRBC1,True,True,CASGGGTGNSDYTF,TGTGCCAGCGGTGGGGGGACAGGGAACTCCGACTACACCTTC,9946,11,clonotype1,clonotype1_consensus_1
CATCAGACACCGTTGG-1,True,CATCAGACACCGTTGG-1_contig_3,True,304,TRB,None,None,TRBJ2-7,None,False,False,None,None,3592,2,clonotype1,None
CATCAGACACCGTTGG-1,True,CATCAGACACCGTTGG-1_contig_4,True,357,TRB,None,None,TRBJ2-1,None,False,False,None,None,2822,3,clonotype1,None
CATCAGACATCCTAGA-1,True,CATCAGACATCCTAGA-1_contig_1,True,541,TRA,TRAV8D-1,None,TRAJ30,TRAC,True,True,CATDTNAYKVIF,TGTGCTACTGACACAAATGCTTACAAAGTCATCTTT,3486,3,clonotype13,clonotype13_consensus_1
CATCAGACATCCTAGA-1,True,CATCAGACATCCTAGA-1_contig_2,True,549,TRB,TRBV12-2+TRBV13-2,None,TRBJ1-5,TRBC1,True,True,CASGTGDNQAPLF,TGTGCCAGCGGGACAGGGGACAACCAGGCTCCGCTTTTT,5746,6,clonotype13,clonotype13_consensus_2
CATCAGACATCCTAGA-1,True,CATCAGACATCCTAGA-1_contig_3,True,525,TRA,TRAV4-3,None,TRAJ37,TRAC,True,False,CAAGQAIPENSSLDW,TGTGCTGCCGGACAGGCAATACCGGAAAACTCATCTTTGGACTGG,1858,1,clonotype13,None
CATCAGACATCCTAGA-1,True,CATCAGACATCCTAGA-1_contig_4,True,324,TRB,None,None,TRBJ2-7,None,False,False,None,None,4402,3,clonotype13,None
CATCAGACATCCTAGA-1,True,CATCAGACATCCTAGA-1_contig_5,True,394,TRA,None,None,TRAJ37,TRAC,False,False,None,None,402,2,clonotype13,None
CATCAGACATCCTAGA-1,True,CATCAGACATCCTAGA-1_contig_6,True,357,TRB,None,None,TRBJ2-1,None,False,False,None,None,4386,4,clonotype13,None
CATCAGACATGCTAGT-1,True,CATCAGACATGCTAGT-1_contig_1,True,566,TRA,TRAV3-3,None,TRAJ49,TRAC,True,True,CAVSGATGYQNFYF,TGCGCAGTCAGTGGGGCCACGGGTTACCAGAACTTCTATTTT,9160,9,clonotype10,clonotype10_consensus_3
CATCAGACATGCTAGT-1,True,CATCAGACATGCTAGT-1_contig_2,True,507,TRA,TRAV21-DV12,None,TRAJ42,TRAC,True,True,CILRVHGGSNAKLTF,TGTATCCTGAGAGTCCATGGAGGAAGCAATGCAAAGCTAACCTTC,6354,4,clonotype10,clonotype10_consensus_1
CATCAGACATGCTAGT-1,True,CATCAGACATGCTAGT-1_contig_3,True,578,TRB,TRBV12-2+TRBV13-2,None,TRBJ2-7,None,True,True,CASGVQGEQYF,TGTGCCAGCGGTGTTCAGGGAGAACAGTACTTC,47096,50,clonotype10,clonotype10_consensus_2
CATCAGATCTCAACTT-1,True,CATCAGATCTCAACTT-1_contig_1,True,593,TRA,TRAV19,None,TRAJ39,TRAC,True,True,CAAGGNNAGAKLTF,TGCGCAGCAGGTGGGAATAATGCAGGTGCCAAGCTCACATTC,8508,7,clonotype1,clonotype1_consensus_2
CATCAGATCTCAACTT-1,True,CATCAGATCTCAACTT-1_contig_2,True,591,TRB,TRBV12-2+TRBV13-2,None,TRBJ1-2,TRBC1,True,True,CASGGGTGNSDYTF,TGTGCCAGCGGTGGGGGGACAGGGAACTCCGACTACACCTTC,22170,21,clonotype1,clonotype1_consensus_1
CATCAGATCTCGCATC-1,True,CATCAGATCTCGCATC-1_contig_1,True,535,TRA,TRAV19,None,TRAJ39,TRAC,True,True,CAAGGNNAGAKLTF,TGCGCAGCAGGTGGGAATAATGCAGGTGCCAAGCTCACATTC,2366,2,clonotype1,clonotype1_consensus_2
CATCAGATCTCGCATC-1,True,CATCAGATCTCGCATC-1_contig_2,True,635,TRB,TRBV12-2+TRBV13-2,None,TRBJ1-2,TRBC1,True,True,CASGGGTGNSDYTF,TGTGCCAGCGGTGGGGGGACAGGGAACTCCGACTACACCTTC,6364,7,clonotype1,clonotype1_consensus_1
CATCAGATCTCGCATC-1,True,CATCAGATCTCGCATC-1_contig_3,True,344,TRB,None,None,TRBJ2-7,None,False,False,None,None,7208,4,clonotype1,None
CATCCACCAGCTATTG-1,True,CATCCACCAGCTATTG-1_contig_1,True,508,TRB,TRBV13-1,None,TRBJ2-1,None,True,True,CASSGGDYAEQFF,TGTGCCAGCAGTGGGGGGGACTATGCTGAGCAGTTCTTC,1232,2,clonotype162,clonotype162_consensus_1
CATCCACCAGCTATTG-1,True,CATCCACCAGCTATTG-1_contig_2,True,368,TRB,None,None,TRBJ1-2,TRBC1,False,False,None,None,2034,1,clonotype162,None
CATCCACGTTCCCTTG-1,True,CATCCACGTTCCCTTG-1_contig_1,True,524,TRA,TRAV14N-3,None,TRAJ6,TRAC,True,True,CAARTSGGNYKPTF,TGTGCAGCAAGAACCTCAGGAGGAAACTACAAACCTACGTTT,16442,11,clonotype47,clonotype47_consensus_1
CATCCACGTTCCCTTG-1,True,CATCCACGTTCCCTTG-1_contig_2,True,564,TRB,TRBV12-2+TRBV13-2,None,TRBJ2-7,None,True,True,CASGTGGDYEQYF,TGTGCCAGCGGGACTGGGGGGGACTATGAACAGTACTTC,13800,16,clonotype47,clonotype47_consensus_2
CATCCACGTTGTTTGG-1,True,CATCCACGTTGTTTGG-1_contig_1,True,549,TRB,TRBV16,None,TRBJ2-5,None,True,True,CASSLGGGQDTQYF,TGTGCAAGCAGCTTAGGGGGGGGGCAAGACACCCAGTACTTT,10654,9,clonotype11,clonotype11_consensus_2
CATCCACGTTGTTTGG-1,True,CATCCACGTTGTTTGG-1_contig_2,True,562,TRA,TRAV4D-3,None,TRAJ27,TRAC,True,True,CAADGPNTGKLTF,TGTGCTGCTGACGGGCCCAATACAGGCAAATTAACCTTT,23156,14,clonotype11,clonotype11_consensus_1
CATCCACGTTGTTTGG-1,True,CATCCACGTTGTTTGG-1_contig_3,True,448,TRB,TRBV12-2+TRBV13-2,None,TRBJ2-5,None,True,False,None,None,216,1,clonotype11,None
CATCGAACAACACCTA-1,True,CATCGAACAACACCTA-1_contig_1,True,549,TRB,TRBV16,None,TRBJ2-5,None,True,True,CASSLGGGQDTQYF,TGTGCAAGCAGCTTAGGGGGGGGCCAAGACACCCAGTACTTT,26284,22,clonotype8,clonotype8_consensus_1
CATCGAACAACACCTA-1,True,CATCGAACAACACCTA-1_contig_2,True,591,TRA,TRAV4D-3,None,TRAJ27,TRAC,True,True,CAADGPNTGKLTF,TGTGCTGCGGACGGACCCAATACAGGCAAATTAACCTTT,34998,24,clonotype8,clonotype8_consensus_2
CATCGAACAACACCTA-1,True,CATCGAACAACACCTA-1_contig_3,True,504,TRA,TRAV7N-6,None,TRAJ30,TRAC,True,True,CAVVDTNAYKVIF,TGTGCAGTGGTTGACACAAATGCTTACAAAGTCATCTTT,6314,3,clonotype8,clonotype8_consensus_3
CATCGAACAACACCTA-1,True,CATCGAACAACACCTA-1_contig_4,True,441,TRB,None,None,TRBJ1-6,TRBC1,False,False,None,None,1198,1,clonotype8,None
CATCGAAGTGTTCGAT-1,True,CATCGAAGTGTTCGAT-1_contig_1,True,1035,TRB,TRBV16,None,TRBJ2-5,None,True,True,CASSLGGGQDTQYF,TGTGCAAGCAGCTTAGGGGGGGGGCAAGACACCCAGTACTTT,6092,6,clonotype11,clonotype11_consensus_2
CATCGAAGTGTTCGAT-1,True,CATCGAAGTGTTCGAT-1_contig_2,True,552,TRA,TRAV4D-3,None,TRAJ27,TRAC,True,True,CAADGPNTGKLTF,TGTGCTGCTGACGGGCCCAATACAGGCAAATTAACCTTT,3834,2,clonotype11,clonotype11_consensus_1
CATCGAATCAGCCTAA-1,True,CATCGAATCAGCCTAA-1_contig_1,True,512,TRB,TRBV26,None,TRBJ1-1,TRBC1,True,True,CASSRGNTEVFF,TGTGCCAGCAGCCGCGGAAACACAGAAGTCTTCTTT,26132,16,clonotype27,clonotype27_consensus_2
CATCGAATCAGCCTAA-1,True,CATCGAATCAGCCTAA-1_contig_2,True,599,TRA,TRAV3-4,None,TRAJ49,TRAC,True,True,CAVRGGYQNFYF,TGCGCAGTCAGGGGGGGTTACCAGAACTTCTATTTT,4916,5,clonotype27,clonotype27_consensus_1
CATCGGGAGCGAAGGG-1,True,CATCGGGAGCGAAGGG-1_contig_1,True,518,TRA,TRAV8-1,None,TRAJ30,TRAC,True,True,CATDTNAYKVIF,TGTGCTACCGACACAAATGCTTACAAAGTCATCTTT,6380,5,clonotype38,clonotype38_consensus_1
CATCGGGAGCGAAGGG-1,True,CATCGGGAGCGAAGGG-1_contig_2,True,574,TRB,TRBV13-2,None,TRBJ1-5,TRBC1,True,True,CASGTGDNQAPLF,TGTGCCAGCGGTACAGGAGACAACCAGGCTCCGCTTTTT,1172,1,clonotype38,clonotype38_consensus_2
CATCGGGAGCGAAGGG-1,True,CATCGGGAGCGAAGGG-1_contig_3,True,633,TRB,None,None,TRBJ2-5,None,False,False,None,None,1188,1,clonotype38,None
CATCGGGCAAGCCATT-1,True,CATCGGGCAAGCCATT-1_contig_1,True,515,TRA,TRAV7D-5,None,TRAJ16,TRAC,True,True,CAVSSPATSSGQKLVF,TGTGCAGTGAGCAGCCCCGCAACTTCAAGTGGCCAGAAGCTGGTTTTT,12550,7,clonotype302,clonotype302_consensus_2
CATCGGGCAAGCCATT-1,True,CATCGGGCAAGCCATT-1_contig_2,True,543,TRA,TRAV10N,None,TRAJ49,TRAC,True,True,CAAKNTGYQNFYF,TGTGCAGCAAAAAACACGGGTTACCAGAACTTCTATTTT,7512,3,clonotype302,clonotype302_consensus_3
CATCGGGCAAGCCATT-1,True,CATCGGGCAAGCCATT-1_contig_3,True,881,TRB,TRBV12-2,None,TRBJ1-2,TRBC1,True,True,CASSLSTGGVNSDYTF,TGTGCCAGCTCTCTATCGACAGGGGGCGTGAACTCCGACTACACCTTC,13284,9,clonotype302,clonotype302_consensus_1
CATCGGGCAAGCCATT-1,True,CATCGGGCAAGCCATT-1_contig_4,True,304,TRB,None,None,TRBJ2-4,None,False,False,None,None,8318,3,clonotype302,None
CATCGGGCAAGCCATT-1,True,CATCGGGCAAGCCATT-1_contig_5,True,539,TRA,TRAV6-3,None,TRAJ6,TRAC,True,False,CYESPPSGGNYKPTF,TGCTATGAGAGCCCCCCCTCAGGAGGAAACTACAAACCTACGTTT,4244,3,clonotype302,None
CATCGGGCAAGCCATT-1,True,CATCGGGCAAGCCATT-1_contig_6,True,349,TRB,None,None,TRBJ2-7,None,False,False,None,None,3372,3,clonotype302,None
CATCGGGCAAGCCATT-1,True,CATCGGGCAAGCCATT-1_contig_7,True,525,TRB,TRBV17,None,TRBJ2-5,None,True,False,CASSRKGVQDTQYF,TGTGCTAGCAGTAGAAAGGGGGTCCAAGACACCCAGTACTTT,2222,3,clonotype302,None
CATCGGGCATGTCTCC-1,True,CATCGGGCATGTCTCC-1_contig_1,True,549,TRB,TRBV16,None,TRBJ2-5,None,True,True,CASSFGGGEDTQYF,TGTGCAAGCAGCTTTGGGGGGGGGGAAGACACCCAGTACTTT,22332,17,clonotype40,clonotype40_consensus_2
CATCGGGCATGTCTCC-1,True,CATCGGGCATGTCTCC-1_contig_2,True,556,TRA,TRAV16,None,TRAJ49,TRAC,True,True,CAMRESNTGYQNFYF,TGTGCTATGAGAGAGTCGAACACGGGTTACCAGAACTTCTATTTT,2282,1,clonotype40,clonotype40_consensus_1
CATCGGGGTCCTAGCG-1,True,CATCGGGGTCCTAGCG-1_contig_1,True,566,TRA,TRAV3-3,None,TRAJ49,TRAC,True,True,CAVSGSTGYQNFYF,TGCGCAGTCAGTGGGAGCACGGGTTACCAGAACTTCTATTTT,8812,5,clonotype5,clonotype5_consensus_1
CATCGGGGTCCTAGCG-1,True,CATCGGGGTCCTAGCG-1_contig_2,True,583,TRB,TRBV12-2+TRBV13-2,None,TRBJ2-7,None,True,True,CASGVQGWEQYF,TGTGCCAGCGGTGTACAGGGGTGGGAACAGTACTTC,4360,6,clonotype5,clonotype5_consensus_2
CATCGGGGTCCTAGCG-1,True,CATCGGGGTCCTAGCG-1_contig_3,True,514,TRA,TRAV6D-5,None,TRAJ38,TRAC,True,False,CTTVFWDNVGDNSKLIW,TGTACTACTGTGTTCTGGGATAATGTTGGTGACAACAGTAAGCTGATTTGG,884,2,clonotype5,None
CATCGGGTCCAGAAGG-1,True,CATCGGGTCCAGAAGG-1_contig_1,True,565,TRA,TRAV13-1,None,TRAJ32,TRAC,True,True,CASMNYGSSGNKLIF,TGTGCCTCCATGAATTATGGGAGCAGTGGCAACAAGCTCATCTTT,5420,5,clonotype303,clonotype303_consensus_1
CATCGGGTCCAGAAGG-1,True,CATCGGGTCCAGAAGG-1_contig_2,True,559,TRB,TRBV12-2+TRBV13-2,None,TRBJ2-5,None,True,True,CATGTGGSQYF,TGTGCCACCGGGACAGGGGGTTCCCAGTACTTT,9912,12,clonotype303,clonotype303_consensus_2
CATCGGGTCGGACAAG-1,True,CATCGGGTCGGACAAG-1_contig_1,True,541,TRA,TRAV8D-1,None,TRAJ30,TRAC,True,True,CATDTNAYKVIF,TGTGCTACTGACACAAATGCTTACAAAGTCATCTTT,7500,5,clonotype13,clonotype13_consensus_1
CATCGGGTCGGACAAG-1,True,CATCGGGTCGGACAAG-1_contig_2,True,565,TRB,TRBV12-2+TRBV13-2,None,TRBJ1-5,TRBC1,True,True,CASGTGDNQAPLF,TGTGCCAGCGGGACAGGGGACAACCAGGCTCCGCTTTTT,1930,3,clonotype13,clonotype13_consensus_2
CATCGGGTCGGACAAG-1,True,CATCGGGTCGGACAAG-1_contig_3,True,423,TRA,TRAV14N-3,None,None,TRAC,False,False,None,None,1982,1,clonotype13,None
CATCGGGTCGGACAAG-1,True,CATCGGGTCGGACAAG-1_contig_4,True,378,TRB,None,None,TRBJ2-1,None,False,False,None,None,10602,6,clonotype13,None
CATGACACATGCCTTC-1,True,CATGACACATGCCTTC-1_contig_1,True,555,TRA,TRAV13N-1,None,TRAJ57,TRAC,True,True,CAMANQGGSAKLIF,TGTGCTATGGCGAATCAAGGAGGGTCTGCGAAGCTCATCTTT,3506,3,clonotype161,clonotype161_consensus_1
CATGACACATGCCTTC-1,True,CATGACACATGCCTTC-1_contig_2,True,525,TRB,TRBV17,None,TRBJ2-5,None,True,True,CASSRKGVQDTQYF,TGTGCTAGCAGTAGGAAAGGGGTCCAAGACACCCAGTACTTT,9234,5,clonotype161,clonotype161_consensus_2
CATGACACATGCCTTC-1,True,CATGACACATGCCTTC-1_contig_3,True,590,TRA,None,None,TRAJ24,TRAC,False,False,None,None,2562,2,clonotype161,None
CATGACAGTATCAGTC-1,True,CATGACAGTATCAGTC-1_contig_1,True,519,TRA,TRAV7-3,None,TRAJ38,TRAC,True,True,CAVSAANVGDNSKLIW,TGTGCAGTGAGCGCGGCGAATGTTGGTGACAACAGTAAGCTGATTTGG,3824,4,clonotype21,clonotype21_consensus_3
CATGACAGTATCAGTC-1,True,CATGACAGTATCAGTC-1_contig_2,True,505,TRB,TRBV13-1,None,TRBJ2-7,None,True,True,CASSGGHLEQYF,TGTGCCAGCAGTGGGGGACACCTTGAACAGTACTTC,6612,5,clonotype21,clonotype21_consensus_2
CATGACAGTATCAGTC-1,True,CATGACAGTATCAGTC-1_contig_3,True,522,TRA,TRAV7N-6,None,TRAJ34,TRAC,True,True,CAISSNTNKVVF,TGTGCAATTTCTTCCAATACCAACAAAGTCGTCTTT,7178,4,clonotype21,clonotype21_consensus_1
CATGACAGTCATATGC-1,True,CATGACAGTCATATGC-1_contig_1,True,545,TRA,TRAV6-6,None,TRAJ24,TRAC,True,True,CAPLTTASLGKLQF,TGTGCTCCGTTGACAACTGCCAGTTTGGGGAAACTGCAGTTT,2308,2,clonotype2,clonotype2_consensus_2
CATGACAGTCATATGC-1,True,CATGACAGTCATATGC-1_contig_2,True,505,TRB,TRBV13-1,None,TRBJ2-4,None,True,True,CASSEGTNTLYF,TGTGCCAGCAGTGAAGGAACAAACACCTTGTACTTT,5202,4,clonotype2,clonotype2_consensus_1
CATGACAGTCATATGC-1,True,CATGACAGTCATATGC-1_contig_3,True,728,TRA,TRAV9D-2,None,TRAJ26,None,True,False,CVLSRGNNYAQGLTF,TGTGTTCTGAGCAGGGGCAATAACTATGCCCAGGGATTAACCTTC,1546,1,clonotype2,None
CATGACAGTTGCTCCT-1,True,CATGACAGTTGCTCCT-1_contig_1,True,555,TRA,TRAV3-3,None,TRAJ49,TRAC,True,True,CAVSGATGYQNFYF,TGCGCAGTCAGTGGGGCCACGGGTTACCAGAACTTCTATTTT,6640,5,clonotype10,clonotype10_consensus_3
CATGACAGTTGCTCCT-1,True,CATGACAGTTGCTCCT-1_contig_2,True,507,TRA,TRAV21-DV12,None,TRAJ42,TRAC,True,True,CILRVHGGSNAKLTF,TGTATCCTGAGAGTCCATGGAGGAAGCAATGCAAAGCTAACCTTC,6846,4,clonotype10,clonotype10_consensus_1
CATGACAGTTGCTCCT-1,True,CATGACAGTTGCTCCT-1_contig_3,True,550,TRB,TRBV12-2+TRBV13-2,None,TRBJ2-7,None,True,True,CASGVQGEQYF,TGTGCCAGCGGTGTTCAGGGAGAACAGTACTTC,7192,11,clonotype10,clonotype10_consensus_2
CATGACATCTTGCAAG-1,True,CATGACATCTTGCAAG-1_contig_1,True,578,TRA,TRAV7D-5,None,TRAJ16,TRAC,True,True,CAVSSPATSSGQKLVF,TGTGCAGTGAGCAGCCCCGCAACTTCAAGTGGCCAGAAGCTGGTTTTT,2354,1,clonotype30,clonotype30_consensus_2
CATGACATCTTGCAAG-1,True,CATGACATCTTGCAAG-1_contig_2,True,578,TRB,TRBV12-2,None,TRBJ1-2,TRBC1,True,True,CASSLSTGGVNSDYTF,TGTGCCAGCTCTCTATCGACAGGGGGCGTGAACTCCGACTACACCTTC,9958,7,clonotype30,clonotype30_consensus_1
CATGACATCTTGCAAG-1,True,CATGACATCTTGCAAG-1_contig_3,True,443,TRA,TRAV6-3,None,TRAJ6,TRAC,True,False,CYESPPSGGNYKPTF,TGCTATGAGAGCCCCCCCTCAGGAGGAAACTACAAACCTACGTTT,3708,1,clonotype30,None
CATGACATCTTGCAAG-1,True,CATGACATCTTGCAAG-1_contig_4,True,472,TRB,None,None,TRBJ1-3,TRBC1,False,False,None,None,7438,4,clonotype30,None
CATGCCTAGAGTGACC-1,True,CATGCCTAGAGTGACC-1_contig_1,True,558,TRA,TRAV19,None,TRAJ39,TRAC,True,True,CAAGGNNAGAKLTF,TGCGCAGCAGGTGGGAATAATGCAGGTGCCAAGCTCACATTC,754,2,clonotype1,clonotype1_consensus_2
CATGCCTAGAGTGACC-1,True,CATGCCTAGAGTGACC-1_contig_2,True,568,TRB,TRBV12-2+TRBV13-2,None,TRBJ1-2,TRBC1,True,True,CASGGGTGNSDYTF,TGTGCCAGCGGTGGGGGGACAGGGAACTCCGACTACACCTTC,2436,2,clonotype1,clonotype1_consensus_1
CATGCCTAGAGTGACC-1,True,CATGCCTAGAGTGACC-1_contig_3,True,354,TRB,None,None,TRBJ2-7,None,False,False,None,None,1484,3,clonotype1,None
CATGCCTAGGGTTTCT-1,True,CATGCCTAGGGTTTCT-1_contig_1,True,577,TRA,TRAV3D-3,None,TRAJ32,TRAC,True,True,CAVRPYGSSGNKLIF,TGCGCAGTCAGGCCTTATGGGAGCAGTGGCAACAAGCTCATCTTT,6996,6,clonotype59,clonotype59_consensus_1
CATGCCTAGGGTTTCT-1,True,CATGCCTAGGGTTTCT-1_contig_2,True,505,TRB,TRBV13-1,None,TRBJ2-1,None,True,True,CASSNNYAEQFF,TGTGCCAGCAGTAACAACTATGCTGAGCAGTTCTTC,11954,13,clonotype59,clonotype59_consensus_2
CATGCCTAGGGTTTCT-1,True,CATGCCTAGGGTTTCT-1_contig_3,True,404,TRB,None,None,TRBJ2-7,None,False,False,None,None,2706,3,clonotype59,None
CATGCCTAGGGTTTCT-1,True,CATGCCTAGGGTTTCT-1_contig_4,True,521,TRA,TRAV6-6,None,TRAJ27,TRAC,True,False,None,None,10118,8,clonotype59,None
CATGCCTCAAGCCATT-1,True,CATGCCTCAAGCCATT-1_contig_1,True,556,TRA,TRAV19,None,TRAJ39,TRAC,True,True,CAAGGNNAGAKLTF,TGCGCAGCAGGTGGGAATAATGCAGGTGCCAAGCTCACATTC,19110,11,clonotype1,clonotype1_consensus_2
CATGCCTCAAGCCATT-1,True,CATGCCTCAAGCCATT-1_contig_2,True,587,TRB,TRBV12-2+TRBV13-2,None,TRBJ1-2,TRBC1,True,True,CASGGGTGNSDYTF,TGTGCCAGCGGTGGGGGGACAGGGAACTCCGACTACACCTTC,33294,30,clonotype1,clonotype1_consensus_1
CATGCCTCAAGCCATT-1,True,CATGCCTCAAGCCATT-1_contig_3,True,622,TRB,None,None,TRBJ2-7,None,False,False,None,None,6308,4,clonotype1,None
CATGCCTCAAGCCATT-1,True,CATGCCTCAAGCCATT-1_contig_4,True,629,TRA,None,None,TRAJ26,TRAC,False,False,None,None,2458,1,clonotype1,None
CATGCCTCAAGCCATT-1,True,CATGCCTCAAGCCATT-1_contig_5,True,356,TRB,None,None,TRBJ2-1,None,False,False,None,None,1336,2,clonotype1,None
CATGCCTGTGACTACT-1,True,CATGCCTGTGACTACT-1_contig_1,True,555,TRA,TRAV3-3,None,TRAJ49,TRAC,True,True,CAVSGSTGYQNFYF,TGCGCAGTCAGTGGGAGCACGGGTTACCAGAACTTCTATTTT,2654,4,clonotype5,clonotype5_consensus_1
CATGCCTGTGACTACT-1,True,CATGCCTGTGACTACT-1_contig_2,True,572,TRB,TRBV12-2+TRBV13-2,None,TRBJ2-7,None,True,True,CASGVQGWEQYF,TGTGCCAGCGGTGTACAGGGGTGGGAACAGTACTTC,2034,3,clonotype5,clonotype5_consensus_2
CATGCCTTCTATCCTA-1,True,CATGCCTTCTATCCTA-1_contig_1,True,566,TRA,TRAV3-3,None,TRAJ49,TRAC,True,True,CAVSGSTGYQNFYF,TGCGCAGTCAGTGGGAGCACGGGTTACCAGAACTTCTATTTT,10388,6,clonotype5,clonotype5_consensus_1
CATGCCTTCTATCCTA-1,True,CATGCCTTCTATCCTA-1_contig_2,True,561,TRB,TRBV12-2+TRBV13-2,None,TRBJ2-7,None,True,True,CASGVQGWEQYF,TGTGCCAGCGGTGTACAGGGGTGGGAACAGTACTTC,35332,29,clonotype5,clonotype5_consensus_2
CATGCCTTCTATCCTA-1,True,CATGCCTTCTATCCTA-1_contig_3,True,551,TRA,TRAV6D-5,None,TRAJ38,TRAC,True,False,CTTVFWDNVGDNSKLIW,TGTACTACTGTGTTCTGGGATAATGTTGGTGACAACAGTAAGCTGATTTGG,14206,10,clonotype5,None
CATGCCTTCTATCCTA-1,True,CATGCCTTCTATCCTA-1_contig_4,True,357,TRB,None,None,TRBJ1-2,TRBC1,False,False,None,None,3488,2,clonotype5,None
CATGGCGAGTGTTTGC-1,True,CATGGCGAGTGTTTGC-1_contig_1,True,531,TRA,TRAV14N-3,None,TRAJ6,TRAC,True,True,CAARTSGGNYKPTF,TGTGCAGCAAGAACCTCAGGAGGAAACTACAAACCTACGTTT,12600,8,clonotype4,clonotype4_consensus_2
CATGGCGAGTGTTTGC-1,True,CATGGCGAGTGTTTGC-1_contig_2,True,549,TRA,TRAV8N-2,None,TRAJ13,TRAC,True,True,CATEDSGTYQRF,TGTGCTACTGAGGATTCTGGGACTTACCAGAGGTTT,14796,8,clonotype4,clonotype4_consensus_1
CATGGCGAGTGTTTGC-1,True,CATGGCGAGTGTTTGC-1_contig_3,True,603,TRB,TRBV12-2+TRBV13-2,None,TRBJ2-7,None,True,True,CASGTGGDYEQYF,TGTGCCAGCGGGACTGGGGGGGACTATGAACAGTACTTC,5914,5,clonotype4,clonotype4_consensus_3
CATGGCGCAGAAGCAC-1,True,CATGGCGCAGAAGCAC-1_contig_1,True,516,TRA,TRAV19,None,TRAJ39,TRAC,True,True,CAAGGNNAGAKLTF,TGCGCAGCAGGTGGGAATAATGCAGGTGCCAAGCTCACATTC,3064,2,clonotype1,clonotype1_consensus_2
CATGGCGCAGAAGCAC-1,True,CATGGCGCAGAAGCAC-1_contig_2,True,560,TRB,TRBV12-2+TRBV13-2,None,TRBJ1-2,TRBC1,True,True,CASGGGTGNSDYTF,TGTGCCAGCGGTGGGGGGACAGGGAACTCCGACTACACCTTC,7482,6,clonotype1,clonotype1_consensus_1
CATGGCGCAGAAGCAC-1,True,CATGGCGCAGAAGCAC-1_contig_3,True,622,TRB,None,None,TRBJ2-7,None,False,False,None,None,1504,1,clonotype1,None
CATGGCGGTAACGCGA-1,True,CATGGCGGTAACGCGA-1_contig_1,True,543,TRA,TRAV6-6,None,TRAJ24,TRAC,True,True,CAPLTTASLGKLQF,TGTGCTCCGTTGACAACTGCCAGTTTGGGGAAACTGCAGTTT,1312,2,clonotype2,clonotype2_consensus_2
CATGGCGGTAACGCGA-1,True,CATGGCGGTAACGCGA-1_contig_2,True,505,TRB,TRBV13-1,None,TRBJ2-4,None,True,True,CASSEGTNTLYF,TGTGCCAGCAGTGAAGGAACAAACACCTTGTACTTT,24912,23,clonotype2,clonotype2_consensus_1
CATGGCGGTAACGCGA-1,True,CATGGCGGTAACGCGA-1_contig_3,True,436,TRA,TRAV9D-2,None,TRAJ26,TRAC,True,False,CVLSRGNNYAQGLTF,TGTGTTCTGAGCAGGGGCAATAACTATGCCCAGGGATTAACCTTC,2522,2,clonotype2,None
CATGGCGGTAATCACC-1,True,CATGGCGGTAATCACC-1_contig_1,True,548,TRB,TRBV12-2+TRBV13-2,None,TRBJ2-1,None,True,True,CASGDPFQFF,TGTGCCAGCGGTGATCCTTTCCAGTTCTTC,6318,5,clonotype25,clonotype25_consensus_3
CATGGCGGTAATCACC-1,True,CATGGCGGTAATCACC-1_contig_2,True,507,TRB,TRBV5,None,TRBJ2-2,None,True,True,CASSTGQLYF,TGTGCCAGCAGCACCGGGCAGCTCTACTTT,2094,2,clonotype25,clonotype25_consensus_1
CATGGCGGTAATCACC-1,True,CATGGCGGTAATCACC-1_contig_3,True,660,TRA,TRAV9N-4,None,TRAJ22,TRAC,True,True,CALPSSGSWQLIF,TGTGCTCTCCCATCTTCTGGCAGCTGGCAACTCATCTTT,790,1,clonotype25,clonotype25_consensus_2
CATGGCGGTACTTGAC-1,True,CATGGCGGTACTTGAC-1_contig_1,True,555,TRA,TRAV3-3,None,TRAJ49,TRAC,True,True,CAVSGATGYQNFYF,TGCGCAGTCAGTGGGGCCACGGGTTACCAGAACTTCTATTTT,13494,17,clonotype10,clonotype10_consensus_3
CATGGCGGTACTTGAC-1,True,CATGGCGGTACTTGAC-1_contig_2,True,507,TRA,TRAV21-DV12,None,TRAJ42,TRAC,True,True,CILRVHGGSNAKLTF,TGTATCCTGAGAGTCCATGGAGGAAGCAATGCAAAGCTAACCTTC,10450,11,clonotype10,clonotype10_consensus_1
CATGGCGGTACTTGAC-1,True,CATGGCGGTACTTGAC-1_contig_3,True,561,TRB,TRBV12-2+TRBV13-2,None,TRBJ2-7,None,True,True,CASGVQGEQYF,TGTGCCAGCGGTGTTCAGGGAGAACAGTACTTC,24574,39,clonotype10,clonotype10_consensus_2
CATGGCGGTACTTGAC-1,True,CATGGCGGTACTTGAC-1_contig_4,True,355,TRB,None,None,TRBJ2-1,None,False,False,None,None,19190,36,clonotype10,None
CATGGCGGTCATATGC-1,True,CATGGCGGTCATATGC-1_contig_1,True,541,TRA,TRAV8-1,None,TRAJ30,TRAC,True,True,CATDTNAYKVIF,TGTGCTACTGACACAAATGCTTACAAAGTCATCTTT,2290,2,clonotype70,clonotype70_consensus_1
CATGGCGGTCATATGC-1,True,CATGGCGGTCATATGC-1_contig_2,True,457,TRB,None,None,TRBJ2-7,None,False,False,None,None,212,3,clonotype70,None
CATGGCGGTGTCCTCT-1,True,CATGGCGGTGTCCTCT-1_contig_1,True,523,TRA,TRAV14N-3,None,TRAJ6,TRAC,True,True,CAARSSGGNYKPTF,TGTGCAGCAAGGTCCTCAGGAGGAAACTACAAACCTACGTTT,9350,6,clonotype98,clonotype98_consensus_3
CATGGCGGTGTCCTCT-1,True,CATGGCGGTGTCCTCT-1_contig_2,True,576,TRB,TRBV31,None,TRBJ2-3,None,True,True,CAWSLLLGGSAETLYF,TGTGCCTGGAGTCTACTCCTGGGGGGAAGTGCAGAAACGCTGTATTTT,18194,8,clonotype98,clonotype98_consensus_1
CATGGCGGTGTCCTCT-1,True,CATGGCGGTGTCCTCT-1_contig_3,True,598,TRB,TRBV12-2+TRBV13-2,None,TRBJ2-7,None,True,True,CASGTGGDYEQYF,TGTGCCAGCGGGACTGGGGGGGATTATGAACAGTACTTC,9284,9,clonotype98,clonotype98_consensus_2
CATGGCGTCCCGACTT-1,True,CATGGCGTCCCGACTT-1_contig_1,True,515,TRA,TRAV6-6,None,TRAJ24,TRAC,True,True,CAPLTTASLGKLQF,TGTGCTCCGTTGACAACTGCCAGTTTGGGGAAACTGCAGTTT,3490,4,clonotype3,clonotype3_consensus_2
CATGGCGTCCCGACTT-1,True,CATGGCGTCCCGACTT-1_contig_2,True,505,TRB,TRBV13-1,None,TRBJ2-4,None,True,True,CASSEGTNTLYF,TGTGCCAGCAGTGAAGGAACAAACACCTTGTACTTT,34728,27,clonotype3,clonotype3_consensus_1
CATGGCGTCCCGACTT-1,True,CATGGCGTCCCGACTT-1_contig_3,True,727,TRA,TRAV9D-2,None,TRAJ26,TRAC,True,True,CVLSRGNNYAQGLTF,TGTGTTCTGAGCAGGGGCAATAACTATGCCCAGGGATTAACCTTC,1466,3,clonotype3,clonotype3_consensus_3
CATGGCGTCGGCTTGG-1,True,CATGGCGTCGGCTTGG-1_contig_1,True,555,TRA,TRAV3-3,None,TRAJ49,TRAC,True,True,CAVSGATGYQNFYF,TGCGCAGTCAGTGGGGCCACGGGTTACCAGAACTTCTATTTT,7334,7,clonotype10,clonotype10_consensus_3
CATGGCGTCGGCTTGG-1,True,CATGGCGTCGGCTTGG-1_contig_2,True,507,TRA,TRAV21-DV12,None,TRAJ42,TRAC,True,True,CILRVHGGSNAKLTF,TGTATCCTGAGAGTCCATGGAGGAAGCAATGCAAAGCTAACCTTC,12626,9,clonotype10,clonotype10_consensus_1
CATGGCGTCGGCTTGG-1,True,CATGGCGTCGGCTTGG-1_contig_3,True,559,TRB,TRBV12-2+TRBV13-2,None,TRBJ2-7,None,True,True,CASGVQGEQYF,TGTGCCAGCGGTGTTCAGGGAGAACAGTACTTC,6164,6,clonotype10,clonotype10_consensus_2
CATGGCGTCGGCTTGG-1,True,CATGGCGTCGGCTTGG-1_contig_4,True,328,TRB,None,None,TRBJ2-1,None,False,False,None,None,6836,11,clonotype10,None
CATGGCGTCGGCTTGG-1,True,CATGGCGTCGGCTTGG-1_contig_5,True,552,TRA,TRAV8N-2,None,TRAJ43,TRAC,True,False,CATDANNNNAPRF,TGTGCTACTGATGCCAATAACAACAATGCCCCACGATTT,4134,3,clonotype10,None
CATGGCGTCTGCTGTC-1,True,CATGGCGTCTGCTGTC-1_contig_1,True,566,TRA,TRAV16D-DV11,None,TRAJ26,TRAC,True,True,CAMREENNYAQGLTF,TGTGCTATGAGAGAGGAAAATAACTATGCCCAGGGATTAACCTTC,1850,1,clonotype12,clonotype12_consensus_2
CATGGCGTCTGCTGTC-1,True,CATGGCGTCTGCTGTC-1_contig_2,True,505,TRB,TRBV13-1,None,TRBJ2-3,None,True,True,CASGDSAETLYF,TGTGCCAGCGGGGACAGTGCAGAAACGCTGTATTTT,25322,21,clonotype12,clonotype12_consensus_1
CATGGCGTCTGCTGTC-1,True,CATGGCGTCTGCTGTC-1_contig_3,True,538,TRA,TRAV3D-3,None,TRAJ28,TRAC,True,False,CTSAQSVRGTGSNRLTF,TGTACTTCTGCGCAGTCAGTGAGGGGCACTGGGAGTAACAGGCTCACTTTT,1530,1,clonotype12,None
CATGGCGTCTGCTGTC-1,True,CATGGCGTCTGCTGTC-1_contig_4,True,448,TRB,None,None,TRBJ1-6,TRBC1,False,False,None,None,6830,6,clonotype12,None
CATGGCGTCTTGTATC-1,True,CATGGCGTCTTGTATC-1_contig_1,True,584,TRB,TRBV12-2+TRBV13-2,None,TRBJ1-2,TRBC1,True,True,CASGGGTGNSDYTF,TGTGCCAGCGGTGGGGGGACAGGGAACTCCGACTACACCTTC,8804,10,clonotype7,clonotype7_consensus_1
CATGGCGTCTTGTATC-1,True,CATGGCGTCTTGTATC-1_contig_2,True,679,TRB,None,None,TRBJ1-5,TRBC1,False,False,None,None,1796,1,clonotype7,None
CATTATCTCCTCAACC-1,True,CATTATCTCCTCAACC-1_contig_1,True,558,TRA,TRAV19,None,TRAJ39,TRAC,True,True,CAAGGNNAGAKLTF,TGCGCAGCAGGTGGGAATAATGCAGGTGCCAAGCTCACATTC,3814,4,clonotype1,clonotype1_consensus_2
CATTATCTCCTCAACC-1,True,CATTATCTCCTCAACC-1_contig_2,True,594,TRB,TRBV12-2+TRBV13-2,None,TRBJ1-2,TRBC1,True,True,CASGGGTGNSDYTF,TGTGCCAGCGGTGGGGGGACAGGGAACTCCGACTACACCTTC,5782,5,clonotype1,clonotype1_consensus_1
CATTCGCGTAGCTCCG-1,True,CATTCGCGTAGCTCCG-1_contig_1,True,530,TRA,TRAV19,None,TRAJ39,TRAC,True,True,CAAGGNNAGAKLTF,TGCGCAGCAGGTGGGAATAATGCAGGTGCCAAGCTCACATTC,6540,5,clonotype1,clonotype1_consensus_2
CATTCGCGTAGCTCCG-1,True,CATTCGCGTAGCTCCG-1_contig_2,True,570,TRB,TRBV12-2+TRBV13-2,None,TRBJ1-2,TRBC1,True,True,CASGGGTGNSDYTF,TGTGCCAGCGGTGGGGGGACAGGGAACTCCGACTACACCTTC,13618,13,clonotype1,clonotype1_consensus_1
CATTCGCGTCGGCATC-1,True,CATTCGCGTCGGCATC-1_contig_1,True,541,TRA,TRAV8D-1,None,TRAJ30,TRAC,True,True,CATDTNAYKVIF,TGTGCTACTGACACAAATGCTTACAAAGTCATCTTT,1928,2,clonotype13,clonotype13_consensus_1
CATTCGCGTCGGCATC-1,True,CATTCGCGTCGGCATC-1_contig_2,True,565,TRB,TRBV12-2+TRBV13-2,None,TRBJ1-5,TRBC1,True,True,CASGTGDNQAPLF,TGTGCCAGCGGGACAGGGGACAACCAGGCTCCGCTTTTT,5102,9,clonotype13,clonotype13_consensus_2
CATTCGCTCCAGGGCT-1,True,CATTCGCTCCAGGGCT-1_contig_1,True,505,TRB,TRBV13-1,None,TRBJ2-4,None,True,True,CASSEGTNTLYF,TGTGCCAGCAGTGAAGGAACAAACACCTTGTACTTT,18694,14,clonotype9,clonotype9_consensus_1
CATTCGCTCCAGGGCT-1,True,CATTCGCTCCAGGGCT-1_contig_2,True,734,TRA,TRAV9D-2,None,TRAJ26,TRAC,True,True,CVLSRGNNYAQGLTF,TGTGTTCTGAGCAGGGGCAATAACTATGCCCAGGGATTAACCTTC,3902,2,clonotype9,clonotype9_consensus_2
CATTCGCTCTAACGGT-1,True,CATTCGCTCTAACGGT-1_contig_1,True,521,TRA,TRAV8-1,None,TRAJ30,TRAC,True,True,CATDTNAYKVIF,TGTGCTACTGACACAAATGCTTACAAAGTCATCTTT,11328,10,clonotype14,clonotype14_consensus_1
CATTCGCTCTAACGGT-1,True,CATTCGCTCTAACGGT-1_contig_2,True,604,TRB,TRBV12-2+TRBV13-2,None,TRBJ1-5,TRBC1,True,True,CASGTGDNQAPLF,TGTGCCAGCGGTACAGGGGACAACCAGGCTCCGCTTTTT,47158,37,clonotype14,clonotype14_consensus_2
CATTCGCTCTAACGGT-1,True,CATTCGCTCTAACGGT-1_contig_3,True,367,TRB,None,None,TRBJ2-4,None,False,False,None,None,4506,6,clonotype14,None
CATTCGCTCTAACGGT-1,True,CATTCGCTCTAACGGT-1_contig_4,True,567,TRA,TRAV3-3,None,TRAJ37,TRAC,True,False,None,None,4870,5,clonotype14,None
CCAATCCAGGGAGTAA-1,True,CCAATCCAGGGAGTAA-1_contig_1,True,549,TRB,TRBV16,None,TRBJ2-5,None,True,True,CASSLGGGQDTQYF,TGTGCAAGCAGCTTAGGGGGGGGGCAAGACACCCAGTACTTT,10322,9,clonotype11,clonotype11_consensus_2
CCAATCCAGGGAGTAA-1,True,CCAATCCAGGGAGTAA-1_contig_2,True,569,TRA,TRAV4D-3,None,TRAJ27,TRAC,True,True,CAADGPNTGKLTF,TGTGCTGCTGACGGGCCCAATACAGGCAAATTAACCTTT,2870,4,clonotype11,clonotype11_consensus_1
CCAATCCAGGGAGTAA-1,True,CCAATCCAGGGAGTAA-1_contig_3,True,595,TRA,TRAV7-4,None,TRAJ31,TRAC,True,False,None,None,290,1,clonotype11,None
CCAATCCAGGGTGTGT-1,True,CCAATCCAGGGTGTGT-1_contig_1,True,549,TRB,TRBV16,None,TRBJ2-5,None,True,True,CASSLGGGQDTQYF,TGTGCAAGCAGCTTAGGGGGGGGCCAAGACACCCAGTACTTT,16148,14,clonotype8,clonotype8_consensus_1
CCAATCCAGGGTGTGT-1,True,CCAATCCAGGGTGTGT-1_contig_2,True,562,TRA,TRAV4D-3,None,TRAJ27,TRAC,True,True,CAADGPNTGKLTF,TGTGCTGCGGACGGACCCAATACAGGCAAATTAACCTTT,8280,6,clonotype8,clonotype8_consensus_2
CCAATCCAGGGTGTGT-1,True,CCAATCCAGGGTGTGT-1_contig_3,True,525,TRA,TRAV7N-6,None,TRAJ30,TRAC,True,True,CAVVDTNAYKVIF,TGTGCAGTGGTTGACACAAATGCTTACAAAGTCATCTTT,6296,4,clonotype8,clonotype8_consensus_3
CCAATCCAGTAGGCCA-1,True,CCAATCCAGTAGGCCA-1_contig_1,True,593,TRA,TRAV19,None,TRAJ39,TRAC,True,True,CAAGGNNAGAKLTF,TGCGCAGCAGGTGGGAATAATGCAGGTGCCAAGCTCACATTC,9186,6,clonotype1,clonotype1_consensus_2
CCAATCCAGTAGGCCA-1,True,CCAATCCAGTAGGCCA-1_contig_2,True,568,TRB,TRBV12-2+TRBV13-2,None,TRBJ1-2,TRBC1,True,True,CASGGGTGNSDYTF,TGTGCCAGCGGTGGGGGGACAGGGAACTCCGACTACACCTTC,11922,10,clonotype1,clonotype1_consensus_1
CCAATCCCAGCTCGCA-1,True,CCAATCCCAGCTCGCA-1_contig_1,True,558,TRA,TRAV19,None,TRAJ39,TRAC,True,True,CAAGGNNAGAKLTF,TGCGCAGCAGGTGGGAATAATGCAGGTGCCAAGCTCACATTC,3106,3,clonotype1,clonotype1_consensus_2
CCAATCCCAGCTCGCA-1,True,CCAATCCCAGCTCGCA-1_contig_2,True,568,TRB,TRBV12-2+TRBV13-2,None,TRBJ1-2,TRBC1,True,True,CASGGGTGNSDYTF,TGTGCCAGCGGTGGGGGGACAGGGAACTCCGACTACACCTTC,11344,10,clonotype1,clonotype1_consensus_1
CCAATCCGTACGCTGC-1,True,CCAATCCGTACGCTGC-1_contig_1,True,578,TRB,TRBV12-2+TRBV13-2,None,TRBJ1-5,TRBC1,True,True,CASGTGDNQAPLF,TGTGCCAGCGGTACAGGAGACAACCAGGCTCCGCTTTTT,15040,14,clonotype39,clonotype39_consensus_1
CCAATCCGTACGCTGC-1,True,CCAATCCGTACGCTGC-1_contig_2,True,466,TRB,None,None,TRBJ1-4,TRBC1,False,False,None,None,5864,4,clonotype39,None
CCAATCCGTGGTGTAG-1,True,CCAATCCGTGGTGTAG-1_contig_1,True,549,TRB,TRBV16,None,TRBJ2-5,None,True,True,CASSLGGGQDTQYF,TGTGCAAGCAGCTTAGGGGGGGGCCAAGACACCCAGTACTTT,7876,7,clonotype8,clonotype8_consensus_1
CCAATCCGTGGTGTAG-1,True,CCAATCCGTGGTGTAG-1_contig_2,True,559,TRA,TRAV4D-3,None,TRAJ27,TRAC,True,True,CAADGPNTGKLTF,TGTGCTGCGGACGGACCCAATACAGGCAAATTAACCTTT,12910,8,clonotype8,clonotype8_consensus_2
CCAATCCGTGGTGTAG-1,True,CCAATCCGTGGTGTAG-1_contig_3,True,525,TRA,TRAV7N-6,None,TRAJ30,TRAC,True,True,CAVVDTNAYKVIF,TGTGCAGTGGTTGACACAAATGCTTACAAAGTCATCTTT,15004,9,clonotype8,clonotype8_consensus_3
CCAATCCGTTCGGCAC-1,True,CCAATCCGTTCGGCAC-1_contig_1,True,549,TRB,TRBV16,None,TRBJ2-5,None,True,True,CASSLGGGQDTQYF,TGTGCAAGCAGCTTAGGGGGGGGCCAAGACACCCAGTACTTT,6484,5,clonotype54,clonotype54_consensus_1
CCAATCCGTTCGGCAC-1,True,CCAATCCGTTCGGCAC-1_contig_2,True,525,TRA,TRAV7N-6,None,TRAJ30,TRAC,True,True,CAVVDTNAYKVIF,TGTGCAGTGGTTGACACAAATGCTTACAAAGTCATCTTT,5472,4,clonotype54,clonotype54_consensus_2
CCAATCCTCCGCAGTG-1,True,CCAATCCTCCGCAGTG-1_contig_1,True,568,TRA,TRAV6-6,None,TRAJ24,TRAC,True,True,CAPLTTASLGKLQF,TGTGCTCCGTTGACAACTGCCAGTTTGGGGAAACTGCAGTTT,996,2,clonotype3,clonotype3_consensus_2
CCAATCCTCCGCAGTG-1,True,CCAATCCTCCGCAGTG-1_contig_2,True,505,TRB,TRBV13-1,None,TRBJ2-4,None,True,True,CASSEGTNTLYF,TGTGCCAGCAGTGAAGGAACAAACACCTTGTACTTT,13404,9,clonotype3,clonotype3_consensus_1
CCAATCCTCCGCAGTG-1,True,CCAATCCTCCGCAGTG-1_contig_3,True,704,TRA,TRAV9D-2,None,TRAJ26,TRAC,True,True,CVLSRGNNYAQGLTF,TGTGTTCTGAGCAGGGGCAATAACTATGCCCAGGGATTAACCTTC,2806,3,clonotype3,clonotype3_consensus_3
CCAATCCTCGCGGATC-1,True,CCAATCCTCGCGGATC-1_contig_1,True,512,TRB,TRBV13-1,None,TRBJ2-4,None,True,True,CASSEGTNTLYF,TGTGCCAGCAGTGAAGGAACAAACACCTTGTACTTT,5980,4,clonotype9,clonotype9_consensus_1
CCAATCCTCGCGGATC-1,True,CCAATCCTCGCGGATC-1_contig_2,True,671,TRA,TRAV9D-2,None,TRAJ26,TRAC,True,True,CVLSRGNNYAQGLTF,TGTGTTCTGAGCAGGGGCAATAACTATGCCCAGGGATTAACCTTC,3162,3,clonotype9,clonotype9_consensus_2
CCACCTAAGCTGCAAG-1,True,CCACCTAAGCTGCAAG-1_contig_1,True,558,TRA,TRAV19,None,TRAJ39,TRAC,True,True,CAAGGNNAGAKLTF,TGCGCAGCAGGTGGGAATAATGCAGGTGCCAAGCTCACATTC,18694,12,clonotype1,clonotype1_consensus_2
CCACCTAAGCTGCAAG-1,True,CCACCTAAGCTGCAAG-1_contig_2,True,568,TRB,TRBV12-2+TRBV13-2,None,TRBJ1-2,TRBC1,True,True,CASGGGTGNSDYTF,TGTGCCAGCGGTGGGGGGACAGGGAACTCCGACTACACCTTC,17242,17,clonotype1,clonotype1_consensus_1
CCACCTAAGCTGCAAG-1,True,CCACCTAAGCTGCAAG-1_contig_3,True,516,TRA,TRAV7-5,None,TRAJ45,TRAC,True,False,CSDTEGADRLTF,TGCAGTGATACAGAAGGTGCAGATAGACTCACCTTT,3072,1,clonotype1,None
CCACCTAAGCTGCAAG-1,True,CCACCTAAGCTGCAAG-1_contig_4,True,352,TRB,None,None,TRBJ2-1,None,False,False,None,None,1616,2,clonotype1,None
CCACCTAAGCTGCAAG-1,True,CCACCTAAGCTGCAAG-1_contig_5,True,346,TRB,None,None,TRBJ2-3,None,False,False,None,None,2268,1,clonotype1,None
CCACCTACACCCTATC-1,True,CCACCTACACCCTATC-1_contig_1,True,557,TRB,TRBV12-2+TRBV13-2,None,TRBJ2-7,None,True,True,CASGGQGEQYF,TGTGCCAGCGGGGGACAGGGTGAACAGTACTTC,2750,3,clonotype129,clonotype129_consensus_2
CCACCTACACCCTATC-1,True,CCACCTACACCCTATC-1_contig_2,True,675,TRA,TRAV9N-4,None,TRAJ26,TRAC,True,True,CALNYAQGLTF,TGTGCTCTGAACTATGCCCAGGGATTAACCTTC,2434,3,clonotype129,clonotype129_consensus_1
CCACGGAAGACTCGGA-1,True,CCACGGAAGACTCGGA-1_contig_1,True,514,TRA,TRAV6-6,None,TRAJ24,TRAC,True,True,CAPLTTASLGKLQF,TGTGCTCCGTTGACAACTGCCAGTTTGGGGAAACTGCAGTTT,4472,4,clonotype3,clonotype3_consensus_2
CCACGGAAGACTCGGA-1,True,CCACGGAAGACTCGGA-1_contig_2,True,515,TRB,TRBV13-1,None,TRBJ2-4,None,True,True,CASSEGTNTLYF,TGTGCCAGCAGTGAAGGAACAAACACCTTGTACTTT,22606,18,clonotype3,clonotype3_consensus_1
CCACGGAAGACTCGGA-1,True,CCACGGAAGACTCGGA-1_contig_3,True,749,TRA,TRAV9D-2,None,TRAJ26,TRAC,True,True,CVLSRGNNYAQGLTF,TGTGTTCTGAGCAGGGGCAATAACTATGCCCAGGGATTAACCTTC,8914,6,clonotype3,clonotype3_consensus_3
CCACGGAAGTGAACGC-1,True,CCACGGAAGTGAACGC-1_contig_1,True,518,TRA,TRAV6-6,None,TRAJ24,TRAC,True,True,CAPLTTASLGKLQF,TGTGCTCCGTTGACAACTGCCAGTTTGGGGAAACTGCAGTTT,6238,3,clonotype3,clonotype3_consensus_2
CCACGGAAGTGAACGC-1,True,CCACGGAAGTGAACGC-1_contig_2,True,512,TRB,TRBV13-1,None,TRBJ2-4,None,True,True,CASSEGTNTLYF,TGTGCCAGCAGTGAAGGAACAAACACCTTGTACTTT,3862,3,clonotype3,clonotype3_consensus_1
CCACGGAAGTGAACGC-1,True,CCACGGAAGTGAACGC-1_contig_3,True,785,TRA,TRAV9D-2,None,TRAJ26,TRAC,True,True,CVLSRGNNYAQGLTF,TGTGTTCTGAGCAGGGGCAATAACTATGCCCAGGGATTAACCTTC,11622,7,clonotype3,clonotype3_consensus_3
CCACGGAGTACGCACC-1,True,CCACGGAGTACGCACC-1_contig_1,True,537,TRA,TRAV3-3,None,TRAJ49,TRAC,True,True,CAVSGATGYQNFYF,TGCGCAGTCAGTGGGGCCACGGGTTACCAGAACTTCTATTTT,7466,6,clonotype43,clonotype43_consensus_1
CCACGGAGTACGCACC-1,True,CCACGGAGTACGCACC-1_contig_2,True,565,TRB,TRBV12-2+TRBV13-2,None,TRBJ2-7,None,True,True,CASGVQGGEQYF,TGTGCCAGCGGTGTGCAGGGGGGAGAACAGTACTTC,23024,23,clonotype43,clonotype43_consensus_2
CCACGGAGTACGCACC-1,True,CCACGGAGTACGCACC-1_contig_3,True,588,TRA,TRAV5-4,None,TRAJ37,TRAC,True,False,None,None,2600,1,clonotype43,None
CCACGGAGTACGCACC-1,True,CCACGGAGTACGCACC-1_contig_4,True,828,TRB,None,None,TRBJ1-6,None,False,False,None,None,874,1,clonotype43,None
CCACGGAGTAGCTGCC-1,True,CCACGGAGTAGCTGCC-1_contig_1,True,566,TRA,TRAV3-3,None,TRAJ49,TRAC,True,True,CAVSGATGYQNFYF,TGCGCAGTCAGTGGGGCCACGGGTTACCAGAACTTCTATTTT,16852,12,clonotype10,clonotype10_consensus_3
CCACGGAGTAGCTGCC-1,True,CCACGGAGTAGCTGCC-1_contig_2,True,507,TRA,TRAV21-DV12,None,TRAJ42,TRAC,True,True,CILRVHGGSNAKLTF,TGTATCCTGAGAGTCCATGGAGGAAGCAATGCAAAGCTAACCTTC,16822,11,clonotype10,clonotype10_consensus_1
CCACGGAGTAGCTGCC-1,True,CCACGGAGTAGCTGCC-1_contig_3,True,559,TRB,TRBV12-2+TRBV13-2,None,TRBJ2-7,None,True,True,CASGVQGEQYF,TGTGCCAGCGGTGTTCAGGGAGAACAGTACTTC,27602,27,clonotype10,clonotype10_consensus_2
CCACGGAGTAGCTGCC-1,True,CCACGGAGTAGCTGCC-1_contig_4,True,439,TRA,None,None,TRAJ41,TRAC,False,False,None,None,1566,1,clonotype10,None
CCACGGAGTAGCTGCC-1,True,CCACGGAGTAGCTGCC-1_contig_5,True,304,TRA,None,None,TRAJ24,TRAC,False,False,None,None,440,2,clonotype10,None
CCACGGAGTAGCTGCC-1,True,CCACGGAGTAGCTGCC-1_contig_6,True,332,TRB,None,None,TRBJ2-1,None,False,False,None,None,6682,10,clonotype10,None
CCACGGAGTCTCCACT-1,True,CCACGGAGTCTCCACT-1_contig_1,True,558,TRA,TRAV19,None,TRAJ39,TRAC,True,True,CAAGGNNAGAKLTF,TGCGCAGCAGGTGGGAATAATGCAGGTGCCAAGCTCACATTC,4704,3,clonotype19,clonotype19_consensus_1
CCACGGAGTCTCCACT-1,True,CCACGGAGTCTCCACT-1_contig_2,True,366,TRB,None,None,TRBJ2-1,None,False,False,None,None,1240,2,clonotype19,None
CCACGGATCAACACTG-1,True,CCACGGATCAACACTG-1_contig_1,True,551,TRA,TRAV16,None,TRAJ57,TRAC,True,True,CAMREPQGGSAKLIF,TGTGCTATGAGAGAGCCTCAAGGAGGGTCTGCGAAGCTCATCTTT,2338,1,clonotype22,clonotype22_consensus_3
CCACGGATCAACACTG-1,True,CCACGGATCAACACTG-1_contig_2,True,532,TRA,TRAV13-4-DV7,None,TRAJ58,TRAC,True,True,CAPMQQGTGSKLSF,TGTGCTCCTATGCAGCAAGGCACTGGGTCTAAGCTGTCATTT,1914,1,clonotype22,clonotype22_consensus_2
CCACGGATCAACACTG-1,True,CCACGGATCAACACTG-1_contig_3,True,525,TRB,TRBV17,None,TRBJ2-5,None,True,True,CASSRKGVQDTQYF,TGTGCTAGCAGTAGAAAGGGGGTCCAAGACACCCAGTACTTT,9370,5,clonotype22,clonotype22_consensus_1
CCACGGATCAACACTG-1,True,CCACGGATCAACACTG-1_contig_4,True,431,TRB,None,None,TRBJ2-3,None,False,False,None,None,3164,2,clonotype22,None
CCACGGATCCCTCTTT-1,True,CCACGGATCCCTCTTT-1_contig_1,True,569,TRA,TRAV19,None,TRAJ39,TRAC,True,True,CAAGGNNAGAKLTF,TGCGCAGCAGGTGGGAATAATGCAGGTGCCAAGCTCACATTC,2902,2,clonotype1,clonotype1_consensus_2
CCACGGATCCCTCTTT-1,True,CCACGGATCCCTCTTT-1_contig_2,True,566,TRB,TRBV12-2+TRBV13-2,None,TRBJ1-2,TRBC1,True,True,CASGGGTGNSDYTF,TGTGCCAGCGGTGGGGGGACAGGGAACTCCGACTACACCTTC,10758,8,clonotype1,clonotype1_consensus_1
CCACGGATCCCTCTTT-1,True,CCACGGATCCCTCTTT-1_contig_3,True,534,TRA,None,None,TRAJ18,TRAC,False,False,None,None,1350,1,clonotype1,None
CCACGGATCCCTCTTT-1,True,CCACGGATCCCTCTTT-1_contig_4,True,423,TRA,None,None,TRAJ22,TRAC,False,False,None,None,5168,2,clonotype1,None
CCACGGATCTATCCTA-1,True,CCACGGATCTATCCTA-1_contig_1,True,600,TRA,TRAV13-1,None,TRAJ58,TRAC,True,True,CASSMQQGTGSKLSF,TGTGCTTCTTCCATGCAGCAAGGCACTGGGTCTAAGCTGTCATTT,1562,2,clonotype171,clonotype171_consensus_2
CCACGGATCTATCCTA-1,True,CCACGGATCTATCCTA-1_contig_2,True,557,TRB,TRBV12-2+TRBV13-2,None,TRBJ2-1,None,True,True,CATEAAYAEQFF,TGTGCCACTGAGGCAGCCTATGCTGAGCAGTTCTTC,2888,2,clonotype171,clonotype171_consensus_1
CCACGGATCTTAGCCC-1,True,CCACGGATCTTAGCCC-1_contig_1,True,553,TRA,TRAV19,None,TRAJ44,TRAC,True,True,CAARTGSGGKLTL,TGCGCAGCACGGACTGGCAGTGGTGGAAAACTCACTTTG,2516,2,clonotype304,clonotype304_consensus_2
CCACGGATCTTAGCCC-1,True,CCACGGATCTTAGCCC-1_contig_2,True,521,TRB,TRBV13-1,None,TRBJ1-5,TRBC1,True,True,CASSDAGSGNQAPLF,TGTGCCAGCAGTGATGCGGGCAGTGGCAACCAGGCTCCGCTTTTT,6800,5,clonotype304,clonotype304_consensus_1
CCACTACAGTGGGCTA-1,True,CCACTACAGTGGGCTA-1_contig_1,True,555,TRB,TRBV13-2,None,TRBJ2-1,None,True,True,CASGAGDYAEQFF,TGTGCCAGCGGTGCTGGGGACTATGCTGAGCAGTTCTTC,1978,2,clonotype128,clonotype128_consensus_1
CCACTACAGTGGGCTA-1,True,CCACTACAGTGGGCTA-1_contig_2,True,564,TRA,TRAV4D-3,None,TRAJ34,TRAC,True,False,None,None,1150,1,clonotype128,None
CCACTACCACGTCTCT-1,True,CCACTACCACGTCTCT-1_contig_1,True,550,TRA,TRAV6-6,None,TRAJ24,TRAC,True,True,CAPLTTASLGKLQF,TGTGCTCCGTTGACAACTGCCAGTTTGGGGAAACTGCAGTTT,5354,2,clonotype2,clonotype2_consensus_2
CCACTACCACGTCTCT-1,True,CCACTACCACGTCTCT-1_contig_2,True,505,TRB,TRBV13-1,None,TRBJ2-4,None,True,True,CASSEGTNTLYF,TGTGCCAGCAGTGAAGGAACAAACACCTTGTACTTT,4774,3,clonotype2,clonotype2_consensus_1
CCACTACGTGATAAAC-1,True,CCACTACGTGATAAAC-1_contig_1,True,505,TRB,TRBV13-1,None,TRBJ2-4,None,True,True,CASSEGTNTLYF,TGTGCCAGCAGTGAAGGAACAAACACCTTGTACTTT,14488,12,clonotype9,clonotype9_consensus_1
CCACTACGTGATAAAC-1,True,CCACTACGTGATAAAC-1_contig_2,True,696,TRA,TRAV9D-2,None,TRAJ26,TRAC,True,True,CVLSRGNNYAQGLTF,TGTGTTCTGAGCAGGGGCAATAACTATGCCCAGGGATTAACCTTC,6170,5,clonotype9,clonotype9_consensus_2
CCACTACTCTCTTGAT-1,True,CCACTACTCTCTTGAT-1_contig_1,True,558,TRA,TRAV16N,None,TRAJ22,TRAC,True,True,CAMRGASSGSWQLIF,TGTGCTATGAGAGGGGCATCTTCTGGCAGCTGGCAACTCATCTTT,4620,3,clonotype163,clonotype163_consensus_1
CCACTACTCTCTTGAT-1,True,CCACTACTCTCTTGAT-1_contig_2,True,509,TRB,TRBV13-1,None,TRBJ2-7,None,True,True,CASSDAREQYF,TGTGCCAGCAGTGATGCACGTGAACAGTACTTC,4294,3,clonotype163,clonotype163_consensus_2
CCACTACTCTCTTGAT-1,True,CCACTACTCTCTTGAT-1_contig_3,True,570,TRA,TRAV12-2,None,TRAJ38,TRAC,True,False,None,None,1536,2,clonotype163,None
CCAGCGACACGGTGTC-1,True,CCAGCGACACGGTGTC-1_contig_1,True,549,TRB,TRBV16,None,TRBJ2-7,None,True,True,CASSLGGGGDEQYF,TGTGCAAGCAGCTTAGGTGGGGGGGGCGATGAACAGTACTTC,6258,5,clonotype50,clonotype50_consensus_1
CCAGCGACACGGTGTC-1,True,CCAGCGACACGGTGTC-1_contig_2,True,594,TRA,TRAV7-4,None,TRAJ27,TRAC,True,True,CAASEDANTGKLTF,TGTGCAGCTAGTGAGGACGCCAATACAGGCAAATTAACCTTT,4268,4,clonotype50,clonotype50_consensus_2
CCAGCGAGTGGTCTCG-1,True,CCAGCGAGTGGTCTCG-1_contig_1,True,538,TRA,TRAV8-1,None,TRAJ30,TRAC,True,True,CASDTNAYKVIF,TGTGCTTCTGACACAAATGCTTACAAAGTCATCTTT,12410,6,clonotype23,clonotype23_consensus_2
CCAGCGAGTGGTCTCG-1,True,CCAGCGAGTGGTCTCG-1_contig_2,True,587,TRB,TRBV12-2+TRBV13-2,None,TRBJ1-5,TRBC1,True,True,CASGTGDNQAPLF,TGTGCCAGCGGGACAGGGGACAACCAGGCTCCGCTTTTT,6088,4,clonotype23,clonotype23_consensus_1
CCAGCGAGTGGTCTCG-1,True,CCAGCGAGTGGTCTCG-1_contig_3,True,368,TRB,None,None,TRBJ2-1,None,False,False,None,None,1618,1,clonotype23,None
CCAGCGAGTTCAGCGC-1,True,CCAGCGAGTTCAGCGC-1_contig_1,True,512,TRA,TRAV13N-1,None,TRAJ57,TRAC,True,True,CAMANQGGSAKLIF,TGTGCTATGGCGAATCAAGGAGGGTCTGCGAAGCTCATCTTT,2980,2,clonotype305,clonotype305_consensus_1
CCAGCGAGTTCAGCGC-1,True,CCAGCGAGTTCAGCGC-1_contig_2,True,575,TRA,TRAV16,None,TRAJ50,TRAC,True,True,CAMREGLRASSSFSKLVF,TGTGCTATGAGAGAGGGCTTAAGAGCATCCTCCTCCTTCAGCAAGCTGGTGTTT,2226,1,clonotype305,clonotype305_consensus_2
CCAGCGAGTTCAGCGC-1,True,CCAGCGAGTTCAGCGC-1_contig_3,True,357,TRB,None,None,TRBJ2-7,None,False,False,None,None,4242,4,clonotype305,None
CCAGCGATCAACACCA-1,True,CCAGCGATCAACACCA-1_contig_1,True,549,TRB,TRBV16,None,TRBJ2-5,None,True,True,CASSLGGGQDTQYF,TGTGCAAGCAGCTTAGGGGGGGGGCAAGACACCCAGTACTTT,6788,6,clonotype11,clonotype11_consensus_2
CCAGCGATCAACACCA-1,True,CCAGCGATCAACACCA-1_contig_2,True,576,TRA,TRAV4D-3,None,TRAJ27,TRAC,True,True,CAADGPNTGKLTF,TGTGCTGCTGACGGGCCCAATACAGGCAAATTAACCTTT,11000,8,clonotype11,clonotype11_consensus_1
CCAGCGATCAGCACAT-1,True,CCAGCGATCAGCACAT-1_contig_1,True,555,TRA,TRAV7-3,None,TRAJ38,TRAC,True,True,CAVSAANVGDNSKLIW,TGTGCAGTGAGCGCGGCGAATGTTGGTGACAACAGTAAGCTGATTTGG,4978,4,clonotype21,clonotype21_consensus_3
CCAGCGATCAGCACAT-1,True,CCAGCGATCAGCACAT-1_contig_2,True,512,TRB,TRBV13-1,None,TRBJ2-7,None,True,True,CASSGGHLEQYF,TGTGCCAGCAGTGGGGGACACCTTGAACAGTACTTC,13664,10,clonotype21,clonotype21_consensus_2
CCAGCGATCAGCACAT-1,True,CCAGCGATCAGCACAT-1_contig_3,True,522,TRA,TRAV7N-6,None,TRAJ34,TRAC,True,True,CAISSNTNKVVF,TGTGCAATTTCTTCCAATACCAACAAAGTCGTCTTT,4468,3,clonotype21,clonotype21_consensus_1
CCAGCGATCCCTTGTG-1,True,CCAGCGATCCCTTGTG-1_contig_1,True,591,TRB,TRBV12-2+TRBV13-2,None,TRBJ2-7,None,True,True,CASGALWEQYF,TGTGCCAGCGGGGCTCTATGGGAACAGTACTTC,12464,10,clonotype306,clonotype306_consensus_1
CCAGCGATCCCTTGTG-1,True,CCAGCGATCCCTTGTG-1_contig_2,True,356,TRB,None,None,TRBJ2-1,None,False,False,None,None,2172,1,clonotype306,None
CCATGTCAGTCTCGGC-1,True,CCATGTCAGTCTCGGC-1_contig_1,True,622,TRA,TRAV14N-3,None,TRAJ6,TRAC,True,True,CAARTSGGNYKPTF,TGTGCAGCAAGAACCTCAGGAGGAAACTACAAACCTACGTTT,8046,5,clonotype47,clonotype47_consensus_1
CCATGTCAGTCTCGGC-1,True,CCATGTCAGTCTCGGC-1_contig_2,True,577,TRB,TRBV12-2+TRBV13-2,None,TRBJ2-7,None,True,True,CASGTGGDYEQYF,TGTGCCAGCGGGACTGGGGGGGACTATGAACAGTACTTC,7174,6,clonotype47,clonotype47_consensus_2
CCATGTCAGTCTCGGC-1,True,CCATGTCAGTCTCGGC-1_contig_3,True,386,TRA,TRAV8D-1,None,TRAJ30,TRAC,True,False,CATDTNAYKVIF,TGTGCTACTGACACAAATGCTTACAAAGTCATCTTT,3276,2,clonotype47,None
CCATGTCCATCGACGC-1,True,CCATGTCCATCGACGC-1_contig_1,True,547,TRA,TRAV3-3,None,TRAJ49,TRAC,True,True,CAVSGSTGYQNFYF,TGCGCAGTCAGTGGGAGCACGGGTTACCAGAACTTCTATTTT,1116,1,clonotype5,clonotype5_consensus_1
CCATGTCCATCGACGC-1,True,CCATGTCCATCGACGC-1_contig_2,True,562,TRB,TRBV12-2+TRBV13-2,None,TRBJ2-7,None,True,True,CASGVQGWEQYF,TGTGCCAGCGGTGTACAGGGGTGGGAACAGTACTTC,5400,4,clonotype5,clonotype5_consensus_2
CCATGTCCATCGACGC-1,True,CCATGTCCATCGACGC-1_contig_3,True,549,TRA,TRAV6D-5,None,TRAJ38,TRAC,True,False,CTTVFWDNVGDNSKLIW,TGTACTACTGTGTTCTGGGATAATGTTGGTGACAACAGTAAGCTGATTTGG,2978,2,clonotype5,None
CCATGTCTCTTAGCCC-1,True,CCATGTCTCTTAGCCC-1_contig_1,True,654,TRA,TRAV14N-3,None,TRAJ6,TRAC,True,True,CAARTSGGNYKPTF,TGTGCAGCAAGAACCTCAGGAGGAAACTACAAACCTACGTTT,19356,18,clonotype4,clonotype4_consensus_2
CCATGTCTCTTAGCCC-1,True,CCATGTCTCTTAGCCC-1_contig_2,True,549,TRA,TRAV8N-2,None,TRAJ13,TRAC,True,True,CATEDSGTYQRF,TGTGCTACTGAGGATTCTGGGACTTACCAGAGGTTT,20112,20,clonotype4,clonotype4_consensus_1
CCATGTCTCTTAGCCC-1,True,CCATGTCTCTTAGCCC-1_contig_3,True,568,TRB,TRBV12-2+TRBV13-2,None,TRBJ2-7,None,True,True,CASGTGGDYEQYF,TGTGCCAGCGGGACTGGGGGGGACTATGAACAGTACTTC,33090,57,clonotype4,clonotype4_consensus_3
CCATGTCTCTTAGCCC-1,True,CCATGTCTCTTAGCCC-1_contig_4,True,313,TRB,None,None,TRBJ2-5,None,False,False,None,None,1576,7,clonotype4,None
CCATTCGAGGTTCCTA-1,True,CCATTCGAGGTTCCTA-1_contig_1,True,527,TRA,TRAV8D-1,None,TRAJ30,TRAC,True,True,CATDTNAYKVIF,TGTGCTACTGACACAAATGCTTACAAAGTCATCTTT,7370,5,clonotype13,clonotype13_consensus_1
CCATTCGAGGTTCCTA-1,True,CCATTCGAGGTTCCTA-1_contig_2,True,597,TRB,TRBV12-2+TRBV13-2,None,TRBJ1-5,TRBC1,True,True,CASGTGDNQAPLF,TGTGCCAGCGGGACAGGGGACAACCAGGCTCCGCTTTTT,24352,22,clonotype13,clonotype13_consensus_2
CCATTCGAGGTTCCTA-1,True,CCATTCGAGGTTCCTA-1_contig_3,True,392,TRB,None,None,TRBJ2-1,None,False,False,None,None,5216,3,clonotype13,None
CCATTCGAGGTTCCTA-1,True,CCATTCGAGGTTCCTA-1_contig_4,True,528,TRA,TRAV14N-3,None,TRAJ35,TRAC,True,False,None,None,230,1,clonotype13,None
CCATTCGAGGTTCCTA-1,True,CCATTCGAGGTTCCTA-1_contig_5,True,369,TRB,None,None,TRBJ2-1,None,False,False,None,None,3710,9,clonotype13,None
CCATTCGAGGTTCCTA-1,True,CCATTCGAGGTTCCTA-1_contig_6,True,387,TRB,None,None,TRBJ2-7,None,False,False,None,None,1400,2,clonotype13,None
CCATTCGCAAAGAATC-1,True,CCATTCGCAAAGAATC-1_contig_1,True,549,TRB,TRBV16,None,TRBJ2-5,None,True,True,CASSLGGGQDTQYF,TGTGCAAGCAGCTTAGGGGGGGGCCAAGACACCCAGTACTTT,10516,11,clonotype15,clonotype15_consensus_1
CCATTCGCAAAGAATC-1,True,CCATTCGCAAAGAATC-1_contig_2,True,559,TRA,TRAV4D-3,None,TRAJ27,TRAC,True,True,CAADGPNTGKLTF,TGTGCTGCGGACGGACCCAATACAGGCAAATTAACCTTT,3860,5,clonotype15,clonotype15_consensus_2
CCATTCGTCAGCTTAG-1,True,CCATTCGTCAGCTTAG-1_contig_1,True,555,TRA,TRAV3-3,None,TRAJ49,TRAC,True,True,CAVSGSTGYQNFYF,TGCGCAGTCAGTGGGAGCACGGGTTACCAGAACTTCTATTTT,3436,2,clonotype33,clonotype33_consensus_1
CCATTCGTCAGCTTAG-1,True,CCATTCGTCAGCTTAG-1_contig_2,True,357,TRB,TRBV13-2,None,TRBJ2-7,None,True,False,CASGVQGWEQYF,TGTGCCAGCGGTGTACAGGGGTGGGAACAGTACTTC,2976,2,clonotype33,None
CCATTCGTCGCAAACT-1,True,CCATTCGTCGCAAACT-1_contig_1,True,517,TRA,TRAV6-6,None,TRAJ24,TRAC,True,True,CAPLTTASLGKLQF,TGTGCTCCGTTGACAACTGCCAGTTTGGGGAAACTGCAGTTT,2692,2,clonotype2,clonotype2_consensus_2
CCATTCGTCGCAAACT-1,True,CCATTCGTCGCAAACT-1_contig_2,True,505,TRB,TRBV13-1,None,TRBJ2-4,None,True,True,CASSEGTNTLYF,TGTGCCAGCAGTGAAGGAACAAACACCTTGTACTTT,20506,15,clonotype2,clonotype2_consensus_1
CCCAATCAGACGCAAC-1,True,CCCAATCAGACGCAAC-1_contig_1,True,558,TRA,TRAV19,None,TRAJ39,TRAC,True,True,CAAGGNNAGAKLTF,TGCGCAGCAGGTGGGAATAATGCAGGTGCCAAGCTCACATTC,22046,14,clonotype1,clonotype1_consensus_2
CCCAATCAGACGCAAC-1,True,CCCAATCAGACGCAAC-1_contig_2,True,571,TRB,TRBV12-2+TRBV13-2,None,TRBJ1-2,TRBC1,True,True,CASGGGTGNSDYTF,TGTGCCAGCGGTGGGGGGACAGGGAACTCCGACTACACCTTC,17992,16,clonotype1,clonotype1_consensus_1
CCCAATCAGACGCAAC-1,True,CCCAATCAGACGCAAC-1_contig_3,True,642,TRB,None,None,TRBJ2-7,None,False,False,None,None,1472,2,clonotype1,None
CCCAATCAGCCCTAAT-1,True,CCCAATCAGCCCTAAT-1_contig_1,True,547,TRA,TRAV6-6,None,TRAJ24,TRAC,True,True,CAPLTTASLGKLQF,TGTGCTCCGTTGACAACTGCCAGTTTGGGGAAACTGCAGTTT,3862,2,clonotype2,clonotype2_consensus_2
CCCAATCAGCCCTAAT-1,True,CCCAATCAGCCCTAAT-1_contig_2,True,512,TRB,TRBV13-1,None,TRBJ2-4,None,True,True,CASSEGTNTLYF,TGTGCCAGCAGTGAAGGAACAAACACCTTGTACTTT,4068,4,clonotype2,clonotype2_consensus_1
CCCAATCAGCCCTAAT-1,True,CCCAATCAGCCCTAAT-1_contig_3,True,375,TRA,TRAV9D-2,None,TRAJ26,TRAC,True,False,CVLSRGNNYAQGLTF,TGTGTTCTGAGCAGGGGCAATAACTATGCCCAGGGATTAACCTTC,2678,2,clonotype2,None
CCCAATCAGTGTGAAT-1,True,CCCAATCAGTGTGAAT-1_contig_1,True,515,TRA,TRAV6-6,None,TRAJ24,TRAC,True,True,CAPLTTASLGKLQF,TGTGCTCCGTTGACAACTGCCAGTTTGGGGAAACTGCAGTTT,3326,2,clonotype2,clonotype2_consensus_2
CCCAATCAGTGTGAAT-1,True,CCCAATCAGTGTGAAT-1_contig_2,True,512,TRB,TRBV13-1,None,TRBJ2-4,None,True,True,CASSEGTNTLYF,TGTGCCAGCAGTGAAGGAACAAACACCTTGTACTTT,10842,9,clonotype2,clonotype2_consensus_1
CCCAATCAGTGTGAAT-1,True,CCCAATCAGTGTGAAT-1_contig_3,True,476,TRA,TRAV9D-2,None,TRAJ25,TRAC,True,False,CVLSRGNNYAQGLTF,TGTGTTCTGAGCAGGGGCAATAACTATGCCCAGGGATTAACCTTC,10608,4,clonotype2,None
CCCAATCCACGCCAGT-1,True,CCCAATCCACGCCAGT-1_contig_1,True,539,TRA,TRAV14N-3,None,TRAJ6,TRAC,True,True,CAARTSGGNYKPTF,TGTGCAGCAAGAACCTCAGGAGGAAACTACAAACCTACGTTT,5306,4,clonotype4,clonotype4_consensus_2
CCCAATCCACGCCAGT-1,True,CCCAATCCACGCCAGT-1_contig_2,True,549,TRA,TRAV8N-2,None,TRAJ13,TRAC,True,True,CATEDSGTYQRF,TGTGCTACTGAGGATTCTGGGACTTACCAGAGGTTT,7558,5,clonotype4,clonotype4_consensus_1
CCCAATCCACGCCAGT-1,True,CCCAATCCACGCCAGT-1_contig_3,True,561,TRB,TRBV12-2+TRBV13-2,None,TRBJ2-7,None,True,True,CASGTGGDYEQYF,TGTGCCAGCGGGACTGGGGGGGACTATGAACAGTACTTC,5726,5,clonotype4,clonotype4_consensus_3
CCCAATCCACGCCAGT-1,True,CCCAATCCACGCCAGT-1_contig_4,True,366,TRB,None,None,TRBJ2-5,None,False,False,None,None,2614,2,clonotype4,None
CCCAATCTCCGTCAAA-1,True,CCCAATCTCCGTCAAA-1_contig_1,True,549,TRB,TRBV16,None,TRBJ2-5,None,True,True,CASSFGGAPDTQYF,TGTGCAAGCAGCTTTGGGGGGGCGCCAGACACCCAGTACTTT,18796,17,clonotype17,clonotype17_consensus_2
CCCAATCTCCGTCAAA-1,True,CCCAATCTCCGTCAAA-1_contig_2,True,597,TRA,TRAV14-2,None,TRAJ49,TRAC,True,True,CAAQGYQNFYF,TGTGCAGCACAGGGTTACCAGAACTTCTATTTT,16268,8,clonotype17,clonotype17_consensus_3
CCCAATCTCCGTCAAA-1,True,CCCAATCTCCGTCAAA-1_contig_3,True,561,TRA,TRAV4D-4,None,TRAJ45,TRAC,True,True,CAAYTEGADRLTF,TGTGCTGCCTATACAGAAGGTGCAGATAGACTCACCTTT,11990,9,clonotype17,clonotype17_consensus_1
CCCAATCTCCGTCAAA-1,True,CCCAATCTCCGTCAAA-1_contig_4,True,310,TRA,None,None,TRAJ44,TRAC,False,False,None,None,3570,2,clonotype17,None
CCCAATCTCCGTCAAA-1,True,CCCAATCTCCGTCAAA-1_contig_5,True,373,TRB,None,None,TRBJ1-3,TRBC1,False,False,None,None,7094,4,clonotype17,None
CCCAGTTAGATACACA-1,True,CCCAGTTAGATACACA-1_contig_1,True,558,TRA,TRAV19,None,TRAJ39,TRAC,True,True,CAAGGNNAGAKLTF,TGCGCAGCAGGTGGGAATAATGCAGGTGCCAAGCTCACATTC,6242,5,clonotype1,clonotype1_consensus_2
CCCAGTTAGATACACA-1,True,CCCAGTTAGATACACA-1_contig_2,True,588,TRB,TRBV12-2+TRBV13-2,None,TRBJ1-2,TRBC1,True,True,CASGGGTGNSDYTF,TGTGCCAGCGGTGGGGGGACAGGGAACTCCGACTACACCTTC,7476,5,clonotype1,clonotype1_consensus_1
CCCAGTTAGGTGGGTT-1,True,CCCAGTTAGGTGGGTT-1_contig_1,True,533,TRA,TRAV3D-3,None,TRAJ32,TRAC,True,True,CAVRNYGSSGNKLIF,TGCGCAGTCAGGAATTATGGGAGCAGTGGCAACAAGCTCATCTTT,21056,18,clonotype307,clonotype307_consensus_1
CCCAGTTAGGTGGGTT-1,True,CCCAGTTAGGTGGGTT-1_contig_2,True,527,TRB,TRBV13-3,None,TRBJ1-1,TRBC1,True,True,CASRGTGGNTEVFF,TGTGCCAGCAGGGGGACAGGGGGAAACACAGAAGTCTTCTTT,24180,16,clonotype307,clonotype307_consensus_2
CCCAGTTAGGTGGGTT-1,True,CCCAGTTAGGTGGGTT-1_contig_3,True,359,TRB,None,None,TRBJ2-3,None,False,False,None,None,2862,1,clonotype307,None
CCCAGTTAGGTGGGTT-1,True,CCCAGTTAGGTGGGTT-1_contig_4,True,353,TRB,None,None,TRBJ2-1,None,False,False,None,None,10008,8,clonotype307,None
CCCAGTTAGGTGGGTT-1,True,CCCAGTTAGGTGGGTT-1_contig_5,True,812,TRB,TRBV1,None,TRBJ1-1,TRBC1,True,False,None,None,8064,5,clonotype307,None
CCCAGTTGTCACACGC-1,True,CCCAGTTGTCACACGC-1_contig_1,True,549,TRB,TRBV16,None,TRBJ2-5,None,True,True,CASSFGGAPDTQYF,TGTGCAAGCAGCTTTGGGGGGGCGCCAGACACCCAGTACTTT,3902,4,clonotype308,clonotype308_consensus_2
CCCAGTTGTCACACGC-1,True,CCCAGTTGTCACACGC-1_contig_2,True,571,TRA,TRAV4D-4,None,TRAJ45,TRAC,True,True,CAAYTEGADRLTF,TGTGCTGCCTATACAGAAGGTGCAGATAGACTCACCTTT,3266,3,clonotype308,clonotype308_consensus_1
CCCAGTTGTCACACGC-1,True,CCCAGTTGTCACACGC-1_contig_3,True,536,TRA,TRAV8-1,None,TRAJ30,TRAC,True,True,CATDTNAYKVIF,TGTGCTACCGACACAAATGCTTACAAAGTCATCTTT,376,2,clonotype308,clonotype308_consensus_4
CCCAGTTGTCACACGC-1,True,CCCAGTTGTCACACGC-1_contig_4,True,565,TRB,TRBV12-2+TRBV13-2,None,TRBJ1-5,TRBC1,True,True,CASGTGDNQAPLF,TGTGCCAGCGGTACAGGAGACAACCAGGCTCCGCTTTTT,20590,21,clonotype308,clonotype308_consensus_3
CCCAGTTGTCACACGC-1,True,CCCAGTTGTCACACGC-1_contig_5,True,354,TRB,None,None,TRBJ2-1,None,False,False,None,None,3036,2,clonotype308,None
CCCAGTTGTCACACGC-1,True,CCCAGTTGTCACACGC-1_contig_6,True,563,TRA,TRAV15D-1-DV6D-1,None,TRAJ16,TRAC,True,False,None,None,1284,2,clonotype308,None
CCCAGTTGTCACACGC-1,True,CCCAGTTGTCACACGC-1_contig_7,True,402,TRB,None,None,TRBJ1-3,TRBC1,False,False,None,None,3370,4,clonotype308,None
CCCTCCTAGCTTCGCG-1,True,CCCTCCTAGCTTCGCG-1_contig_1,True,544,TRA,TRAV8-1,None,TRAJ30,TRAC,True,True,CATDTNAYKVIF,TGTGCTACTGACACAAATGCTTACAAAGTCATCTTT,4424,3,clonotype13,clonotype13_consensus_1
CCCTCCTAGCTTCGCG-1,True,CCCTCCTAGCTTCGCG-1_contig_2,True,586,TRB,TRBV12-2+TRBV13-2,None,TRBJ1-5,TRBC1,True,True,CASGTGDNQAPLF,TGTGCCAGCGGGACAGGGGACAACCAGGCTCCGCTTTTT,19760,19,clonotype13,clonotype13_consensus_2
CCCTCCTAGCTTCGCG-1,True,CCCTCCTAGCTTCGCG-1_contig_3,True,314,TRB,None,None,TRBJ2-3,None,False,False,None,None,6464,5,clonotype13,None
CCCTCCTAGCTTCGCG-1,True,CCCTCCTAGCTTCGCG-1_contig_4,True,501,TRB,TRBV10,None,TRBJ2-1,None,True,False,None,None,268,1,clonotype13,None
CCCTCCTAGCTTCGCG-1,True,CCCTCCTAGCTTCGCG-1_contig_5,True,514,TRA,TRAV13N-1,None,TRAJ45,TRAC,True,False,None,None,228,1,clonotype13,None
CCCTCCTTCATAGCAC-1,True,CCCTCCTTCATAGCAC-1_contig_1,True,554,TRA,TRAV6-6,None,TRAJ24,TRAC,True,True,CAPLTTASLGKLQF,TGTGCTCCGTTGACAACTGCCAGTTTGGGGAAACTGCAGTTT,11642,6,clonotype3,clonotype3_consensus_2
CCCTCCTTCATAGCAC-1,True,CCCTCCTTCATAGCAC-1_contig_2,True,512,TRB,TRBV13-1,None,TRBJ2-4,None,True,True,CASSEGTNTLYF,TGTGCCAGCAGTGAAGGAACAAACACCTTGTACTTT,30390,22,clonotype3,clonotype3_consensus_1
CCCTCCTTCATAGCAC-1,True,CCCTCCTTCATAGCAC-1_contig_3,True,732,TRA,TRAV9D-2,None,TRAJ26,TRAC,True,True,CVLSRGNNYAQGLTF,TGTGTTCTGAGCAGGGGCAATAACTATGCCCAGGGATTAACCTTC,8250,5,clonotype3,clonotype3_consensus_3
CCCTCCTTCATAGCAC-1,True,CCCTCCTTCATAGCAC-1_contig_4,True,344,TRB,None,None,TRBJ2-7,None,False,False,None,None,3346,3,clonotype3,None
CCCTCCTTCCTCCTAG-1,True,CCCTCCTTCCTCCTAG-1_contig_1,True,593,TRA,TRAV19,None,TRAJ39,TRAC,True,True,CAAGGNNAGAKLTF,TGCGCAGCAGGTGGGAATAATGCAGGTGCCAAGCTCACATTC,4668,5,clonotype1,clonotype1_consensus_2
CCCTCCTTCCTCCTAG-1,True,CCCTCCTTCCTCCTAG-1_contig_2,True,600,TRB,TRBV12-2+TRBV13-2,None,TRBJ1-2,TRBC1,True,True,CASGGGTGNSDYTF,TGTGCCAGCGGTGGGGGGACAGGGAACTCCGACTACACCTTC,21538,16,clonotype1,clonotype1_consensus_1
CCCTCCTTCCTCCTAG-1,True,CCCTCCTTCCTCCTAG-1_contig_3,True,356,TRB,None,None,TRBJ2-1,None,False,False,None,None,3426,2,clonotype1,None
CCCTCCTTCGAGGTAG-1,True,CCCTCCTTCGAGGTAG-1_contig_1,True,532,TRA,TRAV19,None,TRAJ39,TRAC,True,True,CAAGGNNAGAKLTF,TGCGCAGCAGGTGGGAATAATGCAGGTGCCAAGCTCACATTC,5564,5,clonotype1,clonotype1_consensus_2
CCCTCCTTCGAGGTAG-1,True,CCCTCCTTCGAGGTAG-1_contig_2,True,533,TRB,TRBV13-2,None,TRBJ1-2,TRBC1,True,True,CASGGGTGNSDYTF,TGTGCCAGCGGTGGGGGGACAGGGAACTCCGACTACACCTTC,5578,6,clonotype1,clonotype1_consensus_1
CCCTCCTTCGCATGAT-1,True,CCCTCCTTCGCATGAT-1_contig_1,True,512,TRB,TRBV13-1,None,TRBJ2-4,None,True,True,CASSEGTNTLYF,TGTGCCAGCAGTGAAGGAACAAACACCTTGTACTTT,34644,25,clonotype9,clonotype9_consensus_1
CCCTCCTTCGCATGAT-1,True,CCCTCCTTCGCATGAT-1_contig_2,True,705,TRA,TRAV9D-2,None,TRAJ26,TRAC,True,True,CVLSRGNNYAQGLTF,TGTGTTCTGAGCAGGGGCAATAACTATGCCCAGGGATTAACCTTC,9156,5,clonotype9,clonotype9_consensus_2
CCCTCCTTCGTAGATC-1,True,CCCTCCTTCGTAGATC-1_contig_1,True,556,TRA,TRAV19,None,TRAJ39,TRAC,True,True,CAAGGNNAGAKLTF,TGCGCAGCAGGTGGGAATAATGCAGGTGCCAAGCTCACATTC,4092,2,clonotype1,clonotype1_consensus_2
CCCTCCTTCGTAGATC-1,True,CCCTCCTTCGTAGATC-1_contig_2,True,603,TRB,TRBV12-2+TRBV13-2,None,TRBJ1-2,TRBC1,True,True,CASGGGTGNSDYTF,TGTGCCAGCGGTGGGGGGACAGGGAACTCCGACTACACCTTC,7050,5,clonotype1,clonotype1_consensus_1
CCCTCCTTCGTAGATC-1,True,CCCTCCTTCGTAGATC-1_contig_3,True,503,TRA,TRAV7-5,None,TRAJ45,TRAC,True,False,CSDTEGADRLTF,TGCAGTGATACAGAAGGTGCAGATAGACTCACCTTT,902,1,clonotype1,None
CCCTCCTTCGTAGATC-1,True,CCCTCCTTCGTAGATC-1_contig_4,True,311,TRB,None,None,TRBJ2-7,None,False,False,None,None,1306,1,clonotype1,None
CCCTCCTTCGTAGATC-1,True,CCCTCCTTCGTAGATC-1_contig_5,True,357,TRB,None,None,TRBJ2-1,None,False,False,None,None,10824,6,clonotype1,None
CCGGGATAGAGGTACC-1,True,CCGGGATAGAGGTACC-1_contig_1,True,558,TRA,TRAV19,None,TRAJ39,TRAC,True,True,CAAGGNNAGAKLTF,TGCGCAGCAGGTGGGAATAATGCAGGTGCCAAGCTCACATTC,1472,2,clonotype1,clonotype1_consensus_2
CCGGGATAGAGGTACC-1,True,CCGGGATAGAGGTACC-1_contig_2,True,577,TRB,TRBV12-2+TRBV13-2,None,TRBJ1-2,TRBC1,True,True,CASGGGTGNSDYTF,TGTGCCAGCGGTGGGGGGACAGGGAACTCCGACTACACCTTC,10232,10,clonotype1,clonotype1_consensus_1
CCGGGATAGCATCATC-1,True,CCGGGATAGCATCATC-1_contig_1,True,549,TRB,TRBV16,None,TRBJ2-5,None,True,True,CASSLGGYQDTQYF,TGTGCAAGCAGCTTAGGGGGCTACCAAGACACCCAGTACTTT,3286,2,clonotype28,clonotype28_consensus_2
CCGGGATAGCATCATC-1,True,CCGGGATAGCATCATC-1_contig_2,True,555,TRA,TRAV4-3,None,TRAJ27,TRAC,True,True,CAAANTNTGKLTF,TGTGCTGCTGCTAACACCAATACAGGCAAATTAACCTTT,1336,1,clonotype28,clonotype28_consensus_1
CCGGGATGTATAATGG-1,True,CCGGGATGTATAATGG-1_contig_1,True,520,TRB,TRBV5,None,TRBJ1-5,TRBC1,True,True,CASSQAGENNQAPLF,TGTGCCAGCAGCCAAGCAGGGGAGAACAACCAGGCTCCGCTTTTT,3332,2,clonotype52,clonotype52_consensus_2
CCGGGATGTATAATGG-1,True,CCGGGATGTATAATGG-1_contig_2,True,725,TRA,TRAV9D-3,None,TRAJ26,TRAC,True,True,CALSVNYAQGLTF,TGTGCTCTGAGTGTCAACTATGCCCAGGGATTAACCTTC,2286,1,clonotype52,clonotype52_consensus_1
CCGGGATGTGGACGAT-1,True,CCGGGATGTGGACGAT-1_contig_1,True,443,TRA,TRAV6-6,None,TRAJ24,None,True,True,CAPLTTASLGKLQF,TGTGCTCCGTTGACAACTGCCAGTTTGGGGAAACTGCAGTTT,236,1,clonotype2,clonotype2_consensus_2
CCGGGATGTGGACGAT-1,True,CCGGGATGTGGACGAT-1_contig_2,True,512,TRB,TRBV13-1,None,TRBJ2-4,None,True,True,CASSEGTNTLYF,TGTGCCAGCAGTGAAGGAACAAACACCTTGTACTTT,2534,4,clonotype2,clonotype2_consensus_1
CCGGGATGTGGACGAT-1,True,CCGGGATGTGGACGAT-1_contig_3,True,571,TRB,TRBV12-2+TRBV13-2,None,TRBJ2-5,None,True,False,CASGDW,TGTGCCAGCGGTGACTGG,1934,2,clonotype2,None
CCGGGATGTGGACGAT-1,True,CCGGGATGTGGACGAT-1_contig_4,True,795,TRA,TRAV9D-2,None,TRAJ26,TRAC,True,False,CVLSRGNNYAQGLTF,TGTGTTCTGAGCAGGGGCAATAACTATGCCCAGGGATTAACCTTC,4096,2,clonotype2,None
CCGGGATTCCGAAGAG-1,True,CCGGGATTCCGAAGAG-1_contig_1,True,556,TRA,TRAV19,None,TRAJ39,TRAC,True,True,CAAGGNNAGAKLTF,TGCGCAGCAGGTGGGAATAATGCAGGTGCCAAGCTCACATTC,1312,1,clonotype1,clonotype1_consensus_2
CCGGGATTCCGAAGAG-1,True,CCGGGATTCCGAAGAG-1_contig_2,True,567,TRB,TRBV12-2+TRBV13-2,None,TRBJ1-2,TRBC1,True,True,CASGGGTGNSDYTF,TGTGCCAGCGGTGGGGGGACAGGGAACTCCGACTACACCTTC,2128,2,clonotype1,clonotype1_consensus_1
CCGGGATTCCGAAGAG-1,True,CCGGGATTCCGAAGAG-1_contig_3,True,302,TRB,None,None,TRBJ2-5,None,False,False,None,None,2036,1,clonotype1,None
CCGGTAGAGATAGCAT-1,True,CCGGTAGAGATAGCAT-1_contig_1,True,556,TRA,TRAV19,None,TRAJ39,TRAC,True,True,CAAGGNNAGAKLTF,TGCGCAGCAGGTGGGAATAATGCAGGTGCCAAGCTCACATTC,2956,3,clonotype1,clonotype1_consensus_2
CCGGTAGAGATAGCAT-1,True,CCGGTAGAGATAGCAT-1_contig_2,True,565,TRB,TRBV12-2+TRBV13-2,None,TRBJ1-2,TRBC1,True,True,CASGGGTGNSDYTF,TGTGCCAGCGGTGGGGGGACAGGGAACTCCGACTACACCTTC,5166,5,clonotype1,clonotype1_consensus_1
CCGGTAGAGATAGCAT-1,True,CCGGTAGAGATAGCAT-1_contig_3,True,545,TRA,TRAV7-5,None,TRAJ45,TRAC,True,False,CSDTEGADRLTF,TGCAGTGATACAGAAGGTGCAGATAGACTCACCTTT,646,1,clonotype1,None
CCGGTAGAGATAGGAG-1,True,CCGGTAGAGATAGGAG-1_contig_1,True,563,TRA,TRAV14D-3-DV8,None,TRAJ6,TRAC,True,True,CAARTSGGNYKPTF,TGTGCAGCAAGAACCTCAGGAGGAAACTACAAACCTACGTTT,2226,1,clonotype51,clonotype51_consensus_2
CCGGTAGAGATAGGAG-1,True,CCGGTAGAGATAGGAG-1_contig_2,True,569,TRB,TRBV12-2+TRBV13-2,None,TRBJ2-7,None,True,True,CASGAGGDYEQYF,TGTGCCAGCGGTGCTGGGGGGGACTATGAACAGTACTTC,20934,20,clonotype51,clonotype51_consensus_1
CCGGTAGAGGCAGTCA-1,True,CCGGTAGAGGCAGTCA-1_contig_1,True,556,TRA,TRAV19,None,TRAJ39,TRAC,True,True,CAAGGNNAGAKLTF,TGCGCAGCAGGTGGGAATAATGCAGGTGCCAAGCTCACATTC,9798,5,clonotype1,clonotype1_consensus_2
CCGGTAGAGGCAGTCA-1,True,CCGGTAGAGGCAGTCA-1_contig_2,True,568,TRB,TRBV12-2+TRBV13-2,None,TRBJ1-2,TRBC1,True,True,CASGGGTGNSDYTF,TGTGCCAGCGGTGGGGGGACAGGGAACTCCGACTACACCTTC,9582,8,clonotype1,clonotype1_consensus_1
CCGGTAGAGTCCATAC-1,True,CCGGTAGAGTCCATAC-1_contig_1,True,549,TRB,TRBV16,None,TRBJ2-5,None,True,True,CASSLGGGQDTQYF,TGTGCAAGCAGCTTAGGGGGGGGCCAAGACACCCAGTACTTT,12600,9,clonotype8,clonotype8_consensus_1
CCGGTAGAGTCCATAC-1,True,CCGGTAGAGTCCATAC-1_contig_2,True,606,TRA,TRAV4D-3,None,TRAJ27,TRAC,True,True,CAADGPNTGKLTF,TGTGCTGCGGACGGACCCAATACAGGCAAATTAACCTTT,11150,8,clonotype8,clonotype8_consensus_2
CCGGTAGAGTCCATAC-1,True,CCGGTAGAGTCCATAC-1_contig_3,True,525,TRA,TRAV7N-6,None,TRAJ30,TRAC,True,True,CAVVDTNAYKVIF,TGTGCAGTGGTTGACACAAATGCTTACAAAGTCATCTTT,5004,2,clonotype8,clonotype8_consensus_3
CCGGTAGAGTGCGTGA-1,True,CCGGTAGAGTGCGTGA-1_contig_1,True,505,TRB,TRBV13-1,None,TRBJ2-4,None,True,True,CASSEGTNTLYF,TGTGCCAGCAGTGAAGGAACAAACACCTTGTACTTT,25190,20,clonotype6,clonotype6_consensus_1
CCGGTAGGTAACGACG-1,True,CCGGTAGGTAACGACG-1_contig_1,True,570,TRB,TRBV12-2+TRBV13-2,None,TRBJ2-3,None,True,True,CASGDAPPGEGTLYF,TGTGCCAGCGGTGATGCACCTCCAGGGGAGGGAACGCTGTATTTT,25288,21,clonotype37,clonotype37_consensus_2
CCGGTAGGTAACGACG-1,True,CCGGTAGGTAACGACG-1_contig_2,True,509,TRA,TRAV13N-3,None,TRAJ49,TRAC,True,True,CAMGGYQNFYF,TGTGCTATGGGGGGTTACCAGAACTTCTATTTT,5766,4,clonotype37,clonotype37_consensus_1
CCGGTAGGTCTGCGGT-1,True,CCGGTAGGTCTGCGGT-1_contig_1,True,553,TRA,TRAV6-6,None,TRAJ24,TRAC,True,True,CAPLTTASLGKLQF,TGTGCTCCGTTGACAACTGCCAGTTTGGGGAAACTGCAGTTT,6046,3,clonotype2,clonotype2_consensus_2
CCGGTAGGTCTGCGGT-1,True,CCGGTAGGTCTGCGGT-1_contig_2,True,512,TRB,TRBV13-1,None,TRBJ2-4,None,True,True,CASSEGTNTLYF,TGTGCCAGCAGTGAAGGAACAAACACCTTGTACTTT,21058,16,clonotype2,clonotype2_consensus_1
CCGGTAGGTCTGCGGT-1,True,CCGGTAGGTCTGCGGT-1_contig_3,True,477,TRB,None,None,TRBJ2-7,None,False,False,None,None,3496,3,clonotype2,None
CCGGTAGGTCTGCGGT-1,True,CCGGTAGGTCTGCGGT-1_contig_4,True,427,TRA,TRAV9D-2,None,TRAJ26,TRAC,True,False,CVLSRGNNYAQGLTF,TGTGTTCTGAGCAGGGGCAATAACTATGCCCAGGGATTAACCTTC,9698,5,clonotype2,None
CCGGTAGGTGCGCTTG-1,True,CCGGTAGGTGCGCTTG-1_contig_1,True,588,TRB,TRBV12-2+TRBV13-2,None,TRBJ1-2,TRBC1,True,True,CASGGGTGNSDYTF,TGTGCCAGCGGTGGGGGGACAGGGAACTCCGACTACACCTTC,42990,39,clonotype7,clonotype7_consensus_1
CCGGTAGGTGCGCTTG-1,True,CCGGTAGGTGCGCTTG-1_contig_2,True,328,TRA,None,None,TRAJ37,TRAC,False,False,None,None,2112,1,clonotype7,None
CCGGTAGGTGCGCTTG-1,True,CCGGTAGGTGCGCTTG-1_contig_3,True,301,TRB,TRBV13-1,None,TRBJ2-4,None,True,False,CASSEGTNTLYF,TGTGCCAGCAGTGAAGGAACAAACACCTTGTACTTT,2590,1,clonotype7,None
CCGGTAGGTGCGCTTG-1,True,CCGGTAGGTGCGCTTG-1_contig_4,True,569,TRB,None,None,TRBJ2-7,None,False,False,None,None,1590,2,clonotype7,None
CCGTACTAGTGAACAT-1,True,CCGTACTAGTGAACAT-1_contig_1,True,584,TRB,TRBV26,None,TRBJ1-1,TRBC1,True,True,CASSRGNTEVFF,TGTGCCAGCAGCCGCGGAAACACAGAAGTCTTCTTT,4060,3,clonotype27,clonotype27_consensus_2
CCGTACTAGTGAACAT-1,True,CCGTACTAGTGAACAT-1_contig_2,True,587,TRA,TRAV3-4,None,TRAJ49,TRAC,True,True,CAVRGGYQNFYF,TGCGCAGTCAGGGGGGGTTACCAGAACTTCTATTTT,2400,1,clonotype27,clonotype27_consensus_1
CCGTACTAGTGGGCTA-1,True,CCGTACTAGTGGGCTA-1_contig_1,True,538,TRA,TRAV8-1,None,TRAJ30,TRAC,True,True,CATDTNAYKVIF,TGTGCTACTGACACAAATGCTTACAAAGTCATCTTT,6854,4,clonotype45,clonotype45_consensus_1
CCGTACTAGTGGGCTA-1,True,CCGTACTAGTGGGCTA-1_contig_2,True,586,TRB,TRBV12-2+TRBV13-2,None,TRBJ1-5,TRBC1,True,True,CASGTGDNQAPLF,TGTGCCAGCGGGACAGGAGACAACCAGGCTCCGCTTTTT,6428,5,clonotype45,clonotype45_consensus_2
CCGTACTCAGCCAGAA-1,True,CCGTACTCAGCCAGAA-1_contig_1,True,549,TRB,TRBV16,None,TRBJ2-7,None,True,True,CASSLGGGGDEQYF,TGTGCAAGCAGCTTAGGTGGGGGGGGCGATGAACAGTACTTC,15818,14,clonotype50,clonotype50_consensus_1
CCGTACTCAGCCAGAA-1,True,CCGTACTCAGCCAGAA-1_contig_2,True,594,TRA,TRAV7-4,None,TRAJ27,TRAC,True,True,CAASEDANTGKLTF,TGTGCAGCTAGTGAGGACGCCAATACAGGCAAATTAACCTTT,7754,5,clonotype50,clonotype50_consensus_2
CCGTACTCATTAGGCT-1,True,CCGTACTCATTAGGCT-1_contig_1,True,549,TRB,TRBV16,None,TRBJ2-5,None,True,True,CASSLGGYQDTQYF,TGTGCAAGCAGCTTAGGGGGCTACCAAGACACCCAGTACTTT,1390,1,clonotype28,clonotype28_consensus_2
CCGTACTCATTAGGCT-1,True,CCGTACTCATTAGGCT-1_contig_2,True,532,TRA,TRAV4-3,None,TRAJ27,TRAC,True,True,CAAANTNTGKLTF,TGTGCTGCTGCTAACACCAATACAGGCAAATTAACCTTT,2390,2,clonotype28,clonotype28_consensus_1
CCGTACTGTAATCGTC-1,True,CCGTACTGTAATCGTC-1_contig_1,True,549,TRB,TRBV16,None,TRBJ2-7,None,True,True,CASSLGGGGDEQYF,TGTGCAAGCAGCTTAGGTGGGGGGGGCGATGAACAGTACTTC,12694,15,clonotype50,clonotype50_consensus_1
CCGTACTGTAATCGTC-1,True,CCGTACTGTAATCGTC-1_contig_2,True,594,TRA,TRAV7-4,None,TRAJ27,TRAC,True,True,CAASEDANTGKLTF,TGTGCAGCTAGTGAGGACGCCAATACAGGCAAATTAACCTTT,7378,4,clonotype50,clonotype50_consensus_2
CCGTACTGTGTGAAAT-1,True,CCGTACTGTGTGAAAT-1_contig_1,True,549,TRB,TRBV16,None,TRBJ2-5,None,True,True,CASSPGGVQDTQYF,TGTGCAAGCAGCCCGGGGGGGGTCCAAGACACCCAGTACTTT,7348,6,clonotype309,clonotype309_consensus_1
CCGTACTGTGTGAAAT-1,True,CCGTACTGTGTGAAAT-1_contig_2,True,444,TRA,TRAV6-6,None,TRAJ47,None,True,True,CALLLDYANKMIF,TGTGCTCTTTTGCTGGACTATGCAAACAAGATGATCTTT,2206,1,clonotype309,clonotype309_consensus_2
CCGTACTGTGTGAAAT-1,True,CCGTACTGTGTGAAAT-1_contig_3,True,503,TRA,TRAV12-3,None,TRAJ48,TRAC,True,False,None,None,3984,2,clonotype309,None
CCGTACTTCCTCAATT-1,True,CCGTACTTCCTCAATT-1_contig_1,True,596,TRA,TRAV14N-3,None,TRAJ6,TRAC,True,True,CAARTSGGNYKPTF,TGTGCAGCAAGAACCTCAGGAGGAAACTACAAACCTACGTTT,1920,2,clonotype4,clonotype4_consensus_2
CCGTACTTCCTCAATT-1,True,CCGTACTTCCTCAATT-1_contig_2,True,549,TRA,TRAV8N-2,None,TRAJ13,TRAC,True,True,CATEDSGTYQRF,TGTGCTACTGAGGATTCTGGGACTTACCAGAGGTTT,2204,1,clonotype4,clonotype4_consensus_1
CCGTACTTCCTCAATT-1,True,CCGTACTTCCTCAATT-1_contig_3,True,608,TRB,TRBV12-2+TRBV13-2,None,TRBJ2-7,None,True,True,CASGTGGDYEQYF,TGTGCCAGCGGGACTGGGGGGGACTATGAACAGTACTTC,4712,4,clonotype4,clonotype4_consensus_3
CCGTACTTCGAATGGG-1,True,CCGTACTTCGAATGGG-1_contig_1,True,535,TRA,TRAV19,None,TRAJ39,TRAC,True,True,CAAGGNNAGAKLTF,TGCGCAGCAGGTGGGAATAATGCAGGTGCCAAGCTCACATTC,5826,3,clonotype19,clonotype19_consensus_1
CCGTGGAAGCGATGAC-1,True,CCGTGGAAGCGATGAC-1_contig_1,True,566,TRA,TRAV3-3,None,TRAJ49,TRAC,True,True,CAVSGATGYQNFYF,TGCGCAGTCAGTGGGGCCACGGGTTACCAGAACTTCTATTTT,7714,6,clonotype10,clonotype10_consensus_3
CCGTGGAAGCGATGAC-1,True,CCGTGGAAGCGATGAC-1_contig_2,True,507,TRA,TRAV21-DV12,None,TRAJ42,TRAC,True,True,CILRVHGGSNAKLTF,TGTATCCTGAGAGTCCATGGAGGAAGCAATGCAAAGCTAACCTTC,11832,10,clonotype10,clonotype10_consensus_1
CCGTGGAAGCGATGAC-1,True,CCGTGGAAGCGATGAC-1_contig_3,True,573,TRB,TRBV12-2+TRBV13-2,None,TRBJ2-7,None,True,True,CASGVQGEQYF,TGTGCCAGCGGTGTTCAGGGAGAACAGTACTTC,31428,27,clonotype10,clonotype10_consensus_2
CCGTGGAAGCGATGAC-1,True,CCGTGGAAGCGATGAC-1_contig_4,True,429,TRB,None,None,TRBJ2-1,None,False,False,None,None,13644,19,clonotype10,None
CCGTGGACAAACCTAC-1,True,CCGTGGACAAACCTAC-1_contig_1,True,522,TRA,TRAV6-6,None,TRAJ24,TRAC,True,True,CAPLTTASLGKLQF,TGTGCTCCGTTGACAACTGCCAGTTTGGGGAAACTGCAGTTT,2166,4,clonotype2,clonotype2_consensus_2
CCGTGGACAAACCTAC-1,True,CCGTGGACAAACCTAC-1_contig_2,True,505,TRB,TRBV13-1,None,TRBJ2-4,None,True,True,CASSEGTNTLYF,TGTGCCAGCAGTGAAGGAACAAACACCTTGTACTTT,6466,6,clonotype2,clonotype2_consensus_1
CCGTGGACAAACCTAC-1,True,CCGTGGACAAACCTAC-1_contig_3,True,317,TRB,TRBV13-2,None,TRBJ2-5,None,True,False,CASGDW,TGTGCCAGCGGTGACTGG,2712,2,clonotype2,None
CCGTGGAGTCTTGATG-1,True,CCGTGGAGTCTTGATG-1_contig_1,True,524,TRA,TRAV6-6,None,TRAJ24,TRAC,True,True,CAPLTTASLGKLQF,TGTGCTCCGTTGACAACTGCCAGTTTGGGGAAACTGCAGTTT,11792,6,clonotype3,clonotype3_consensus_2
CCGTGGAGTCTTGATG-1,True,CCGTGGAGTCTTGATG-1_contig_2,True,512,TRB,TRBV13-1,None,TRBJ2-4,None,True,True,CASSEGTNTLYF,TGTGCCAGCAGTGAAGGAACAAACACCTTGTACTTT,31520,25,clonotype3,clonotype3_consensus_1
CCGTGGAGTCTTGATG-1,True,CCGTGGAGTCTTGATG-1_contig_3,True,715,TRA,TRAV9D-2,None,TRAJ26,TRAC,True,True,CVLSRGNNYAQGLTF,TGTGTTCTGAGCAGGGGCAATAACTATGCCCAGGGATTAACCTTC,4486,3,clonotype3,clonotype3_consensus_3
CCGTGGAGTCTTGATG-1,True,CCGTGGAGTCTTGATG-1_contig_4,True,924,TRA,TRAV6-6,None,TRAJ24,TRAC,True,False,CAPLTTASLGKLQF,TGTGCTCCGTTGACAACTGCCAGTTTGGGGAAACTGCAGTTT,1982,2,clonotype3,clonotype3_consensus_2
CCGTGGAGTGAAATCA-1,True,CCGTGGAGTGAAATCA-1_contig_1,True,517,TRA,TRAV6-6,None,TRAJ24,TRAC,True,True,CAPLTTASLGKLQF,TGTGCTCCGTTGACAACTGCCAGTTTGGGGAAACTGCAGTTT,4952,3,clonotype2,clonotype2_consensus_2
CCGTGGAGTGAAATCA-1,True,CCGTGGAGTGAAATCA-1_contig_2,True,505,TRB,TRBV13-1,None,TRBJ2-4,None,True,True,CASSEGTNTLYF,TGTGCCAGCAGTGAAGGAACAAACACCTTGTACTTT,4372,4,clonotype2,clonotype2_consensus_1
CCGTGGAGTGACGGTA-1,True,CCGTGGAGTGACGGTA-1_contig_1,True,544,TRA,TRAV13-1,None,TRAJ58,TRAC,True,True,CASSMQQGTGSKLSF,TGTGCTTCTTCCATGCAGCAAGGCACTGGGTCTAAGCTGTCATTT,5360,3,clonotype171,clonotype171_consensus_2
CCGTGGAGTGACGGTA-1,True,CCGTGGAGTGACGGTA-1_contig_2,True,490,TRB,TRBV12-2+TRBV13-2,None,TRBJ2-1,None,True,True,CATEAAYAEQFF,TGTGCCACTGAGGCAGCCTATGCTGAGCAGTTCTTC,1522,3,clonotype171,clonotype171_consensus_1
CCGTGGAGTGACGGTA-1,True,CCGTGGAGTGACGGTA-1_contig_3,True,389,TRA,TRAV16,None,TRAJ57,TRAC,True,False,CAMRENQGGSAKLIF,TGTGCTATGAGAGAGAATCAAGGAGGGTCTGCGAAGCTCATCTTT,3552,3,clonotype171,None
CCGTGGATCGCCATAA-1,True,CCGTGGATCGCCATAA-1_contig_1,True,566,TRA,TRAV16,None,TRAJ57,TRAC,True,True,CAMREPQGGSAKLIF,TGTGCTATGAGAGAGCCTCAAGGAGGGTCTGCGAAGCTCATCTTT,3738,2,clonotype22,clonotype22_consensus_3
CCGTGGATCGCCATAA-1,True,CCGTGGATCGCCATAA-1_contig_2,True,532,TRA,TRAV13-4-DV7,None,TRAJ58,TRAC,True,True,CAPMQQGTGSKLSF,TGTGCTCCTATGCAGCAAGGCACTGGGTCTAAGCTGTCATTT,6284,6,clonotype22,clonotype22_consensus_2
CCGTGGATCGCCATAA-1,True,CCGTGGATCGCCATAA-1_contig_3,True,525,TRB,TRBV17,None,TRBJ2-5,None,True,True,CASSRKGVQDTQYF,TGTGCTAGCAGTAGAAAGGGGGTCCAAGACACCCAGTACTTT,43474,29,clonotype22,clonotype22_consensus_1
CCGTGGATCTGTTTGT-1,True,CCGTGGATCTGTTTGT-1_contig_1,True,585,TRA,TRAV14N-3,None,TRAJ6,TRAC,True,True,CAARTSGGNYKPTF,TGTGCAGCAAGAACCTCAGGAGGAAACTACAAACCTACGTTT,9888,6,clonotype4,clonotype4_consensus_2
CCGTGGATCTGTTTGT-1,True,CCGTGGATCTGTTTGT-1_contig_2,True,549,TRA,TRAV8N-2,None,TRAJ13,TRAC,True,True,CATEDSGTYQRF,TGTGCTACTGAGGATTCTGGGACTTACCAGAGGTTT,9076,5,clonotype4,clonotype4_consensus_1
CCGTGGATCTGTTTGT-1,True,CCGTGGATCTGTTTGT-1_contig_3,True,566,TRB,TRBV12-2+TRBV13-2,None,TRBJ2-7,None,True,True,CASGTGGDYEQYF,TGTGCCAGCGGGACTGGGGGGGACTATGAACAGTACTTC,9300,10,clonotype4,clonotype4_consensus_3
CCGTTCAAGCCACCTG-1,True,CCGTTCAAGCCACCTG-1_contig_1,True,512,TRB,TRBV13-1,None,TRBJ2-4,None,True,True,CASSEGTNTLYF,TGTGCCAGCAGTGAAGGAACAAACACCTTGTACTTT,4036,4,clonotype6,clonotype6_consensus_1
CCGTTCAAGCCACCTG-1,True,CCGTTCAAGCCACCTG-1_contig_2,True,430,TRA,TRAV9D-2,None,TRAJ26,TRAC,True,False,CVLSRGNNYAQGLTF,TGTGTTCTGAGCAGGGGCAATAACTATGCCCAGGGATTAACCTTC,1018,1,clonotype6,None
CCGTTCACAAGGACTG-1,True,CCGTTCACAAGGACTG-1_contig_1,True,537,TRA,TRAV3D-3,None,TRAJ30,TRAC,True,True,CAVRADTNAYKVIF,TGCGCAGTCAGGGCTGACACAAATGCTTACAAAGTCATCTTT,2812,4,clonotype310,clonotype310_consensus_1
CCGTTCACAAGGACTG-1,True,CCGTTCACAAGGACTG-1_contig_2,True,550,TRB,TRBV12-2+TRBV13-2,None,TRBJ2-1,None,True,False,CASAGGDYAEQFF,TGTGCCAGCGCGGGGGGGGACTATGCTGAGCAGTTCTTC,4460,3,clonotype310,None
CCGTTCAGTCCGCTGA-1,True,CCGTTCAGTCCGCTGA-1_contig_1,True,539,TRA,TRAV8-1,None,TRAJ30,TRAC,True,True,CASDTNAYKVIF,TGTGCTTCTGACACAAATGCTTACAAAGTCATCTTT,6644,4,clonotype23,clonotype23_consensus_2
CCGTTCAGTCCGCTGA-1,True,CCGTTCAGTCCGCTGA-1_contig_2,True,543,TRB,TRBV13-2,None,TRBJ1-5,TRBC1,True,True,CASGTGDNQAPLF,TGTGCCAGCGGGACAGGGGACAACCAGGCTCCGCTTTTT,1832,2,clonotype23,clonotype23_consensus_1
CCGTTCAGTCCGCTGA-1,True,CCGTTCAGTCCGCTGA-1_contig_3,True,402,TRB,None,None,TRBJ2-1,None,False,False,None,None,1918,2,clonotype23,None
CCGTTCAGTTAAGACA-1,True,CCGTTCAGTTAAGACA-1_contig_1,True,527,TRB,TRBV15,None,TRBJ1-3,TRBC1,True,True,CASSLNRGSSGNTLYF,TGTGCCAGCAGTTTAAACAGGGGGAGTTCTGGAAATACGCTCTATTTT,10788,6,clonotype117,clonotype117_consensus_1
CCGTTCAGTTCACCTC-1,True,CCGTTCAGTTCACCTC-1_contig_1,True,593,TRA,TRAV19,None,TRAJ39,TRAC,True,True,CAAGGNNAGAKLTF,TGCGCAGCAGGTGGGAATAATGCAGGTGCCAAGCTCACATTC,8218,5,clonotype1,clonotype1_consensus_2
CCGTTCAGTTCACCTC-1,True,CCGTTCAGTTCACCTC-1_contig_2,True,568,TRB,TRBV12-2+TRBV13-2,None,TRBJ1-2,TRBC1,True,True,CASGGGTGNSDYTF,TGTGCCAGCGGTGGGGGGACAGGGAACTCCGACTACACCTTC,7964,7,clonotype1,clonotype1_consensus_1
CCGTTCATCAAACAAG-1,True,CCGTTCATCAAACAAG-1_contig_1,True,519,TRA,TRAV6-6,None,TRAJ24,TRAC,True,True,CAPLTTASLGKLQF,TGTGCTCCGTTGACAACTGCCAGTTTGGGGAAACTGCAGTTT,9662,6,clonotype3,clonotype3_consensus_2
CCGTTCATCAAACAAG-1,True,CCGTTCATCAAACAAG-1_contig_2,True,512,TRB,TRBV13-1,None,TRBJ2-4,None,True,True,CASSEGTNTLYF,TGTGCCAGCAGTGAAGGAACAAACACCTTGTACTTT,6296,8,clonotype3,clonotype3_consensus_1
CCGTTCATCAAACAAG-1,True,CCGTTCATCAAACAAG-1_contig_3,True,712,TRA,TRAV9D-2,None,TRAJ26,TRAC,True,True,CVLSRGNNYAQGLTF,TGTGTTCTGAGCAGGGGCAATAACTATGCCCAGGGATTAACCTTC,8442,5,clonotype3,clonotype3_consensus_3
CCGTTCATCAAACAAG-1,True,CCGTTCATCAAACAAG-1_contig_4,True,467,TRB,None,None,TRBJ2-7,None,False,False,None,None,806,1,clonotype3,None
CCTAAAGAGAGTTGGC-1,True,CCTAAAGAGAGTTGGC-1_contig_1,True,549,TRB,TRBV16,None,TRBJ2-7,None,True,True,CASSLGGGLDEQYF,TGTGCAAGCAGCTTAGGGGGGGGGCTCGATGAACAGTACTTC,22802,17,clonotype26,clonotype26_consensus_1
CCTAAAGAGAGTTGGC-1,True,CCTAAAGAGAGTTGGC-1_contig_2,True,565,Multi,TRDV1,None,TRAJ45,TRAC,True,False,CGGTEGADRLTF,TGTGGAGGGACAGAAGGTGCAGATAGACTCACCTTT,7742,3,clonotype26,None
CCTAAAGAGATCCCGC-1,True,CCTAAAGAGATCCCGC-1_contig_1,True,552,TRB,TRBV16,None,TRBJ2-4,None,True,True,CASSSPWGGQNTLYF,TGTGCAAGCAGCTCCCCCTGGGGGGGTCAAAACACCTTGTACTTT,3608,5,clonotype311,clonotype311_consensus_2
CCTAAAGAGATCCCGC-1,True,CCTAAAGAGATCCCGC-1_contig_2,True,586,TRA,TRAV12D-2,None,TRAJ24,TRAC,True,True,CAFPASLGKLQF,TGTGCTTTTCCTGCCAGTTTGGGGAAACTGCAGTTT,5330,4,clonotype311,clonotype311_consensus_1
CCTAAAGAGGCACATG-1,True,CCTAAAGAGGCACATG-1_contig_1,True,549,TRB,TRBV16,None,TRBJ2-5,None,True,True,CASSLGGGQDTQYF,TGTGCAAGCAGCTTAGGGGGGGGCCAAGACACCCAGTACTTT,15692,16,clonotype8,clonotype8_consensus_1
CCTAAAGAGGCACATG-1,True,CCTAAAGAGGCACATG-1_contig_2,True,549,TRA,TRAV4D-3,None,TRAJ27,TRAC,True,True,CAADGPNTGKLTF,TGTGCTGCGGACGGACCCAATACAGGCAAATTAACCTTT,13236,7,clonotype8,clonotype8_consensus_2
CCTAAAGAGGCACATG-1,True,CCTAAAGAGGCACATG-1_contig_3,True,525,TRA,TRAV7N-6,None,TRAJ30,TRAC,True,True,CAVVDTNAYKVIF,TGTGCAGTGGTTGACACAAATGCTTACAAAGTCATCTTT,18776,11,clonotype8,clonotype8_consensus_3
CCTAAAGAGGCTAGCA-1,True,CCTAAAGAGGCTAGCA-1_contig_1,True,597,TRB,TRBV12-2+TRBV13-2,None,TRBJ2-7,None,True,True,CASGVQGGEQYF,TGTGCCAGCGGTGTGCAGGGGGGAGAACAGTACTTC,35360,32,clonotype312,clonotype312_consensus_1
CCTAAAGAGGCTAGCA-1,True,CCTAAAGAGGCTAGCA-1_contig_2,True,585,TRA,TRAV5-4,None,TRAJ37,TRAC,True,False,None,None,5106,6,clonotype312,None
CCTAAAGAGTAGGCCA-1,True,CCTAAAGAGTAGGCCA-1_contig_1,True,537,TRA,TRAV4D-3,None,TRAJ27,TRAC,True,True,CAADGPNTGKLTF,TGTGCTGCGGACGGACCCAATACAGGCAAATTAACCTTT,3158,3,clonotype130,clonotype130_consensus_1
CCTAAAGGTCTTCTCG-1,True,CCTAAAGGTCTTCTCG-1_contig_1,True,555,TRA,TRAV3-3,None,TRAJ49,TRAC,True,True,CAVSGATGYQNFYF,TGCGCAGTCAGTGGGGCCACGGGTTACCAGAACTTCTATTTT,3640,3,clonotype10,clonotype10_consensus_3
CCTAAAGGTCTTCTCG-1,True,CCTAAAGGTCTTCTCG-1_contig_2,True,507,TRA,TRAV21-DV12,None,TRAJ42,TRAC,True,True,CILRVHGGSNAKLTF,TGTATCCTGAGAGTCCATGGAGGAAGCAATGCAAAGCTAACCTTC,2984,2,clonotype10,clonotype10_consensus_1
CCTAAAGGTCTTCTCG-1,True,CCTAAAGGTCTTCTCG-1_contig_3,True,542,TRB,TRBV12-2+TRBV13-2,None,TRBJ2-7,None,True,True,CASGVQGEQYF,TGTGCCAGCGGTGTTCAGGGAGAACAGTACTTC,4882,5,clonotype10,clonotype10_consensus_2
CCTAAAGGTTAAAGAC-1,True,CCTAAAGGTTAAAGAC-1_contig_1,True,522,TRA,TRAV6-6,None,TRAJ24,TRAC,True,True,CAPLTTASLGKLQF,TGTGCTCCGTTGACAACTGCCAGTTTGGGGAAACTGCAGTTT,5634,5,clonotype3,clonotype3_consensus_2
CCTAAAGGTTAAAGAC-1,True,CCTAAAGGTTAAAGAC-1_contig_2,True,505,TRB,TRBV13-1,None,TRBJ2-4,None,True,True,CASSEGTNTLYF,TGTGCCAGCAGTGAAGGAACAAACACCTTGTACTTT,33574,32,clonotype3,clonotype3_consensus_1
CCTAAAGGTTAAAGAC-1,True,CCTAAAGGTTAAAGAC-1_contig_3,True,705,TRA,TRAV9D-2,None,TRAJ26,TRAC,True,True,CVLSRGNNYAQGLTF,TGTGTTCTGAGCAGGGGCAATAACTATGCCCAGGGATTAACCTTC,10952,9,clonotype3,clonotype3_consensus_3
CCTAAAGGTTAAAGAC-1,True,CCTAAAGGTTAAAGAC-1_contig_4,True,417,TRA,None,None,TRAJ17,TRAC,False,False,None,None,1134,3,clonotype3,None
CCTAAAGGTTAAAGAC-1,True,CCTAAAGGTTAAAGAC-1_contig_5,True,373,TRB,None,None,TRBJ2-7,None,False,False,None,None,592,1,clonotype3,None
CCTAAAGTCCGTCAAA-1,True,CCTAAAGTCCGTCAAA-1_contig_1,True,666,TRA,TRAV14N-3,None,TRAJ6,TRAC,True,True,CAARTSGGNYKPTF,TGTGCAGCAAGAACCTCAGGAGGAAACTACAAACCTACGTTT,11046,6,clonotype4,clonotype4_consensus_2
CCTAAAGTCCGTCAAA-1,True,CCTAAAGTCCGTCAAA-1_contig_2,True,549,TRA,TRAV8N-2,None,TRAJ13,TRAC,True,True,CATEDSGTYQRF,TGTGCTACTGAGGATTCTGGGACTTACCAGAGGTTT,42302,23,clonotype4,clonotype4_consensus_1
CCTAAAGTCCGTCAAA-1,True,CCTAAAGTCCGTCAAA-1_contig_3,True,565,TRB,TRBV12-2+TRBV13-2,None,TRBJ2-7,None,True,True,CASGTGGDYEQYF,TGTGCCAGCGGGACTGGGGGGGACTATGAACAGTACTTC,3770,3,clonotype4,clonotype4_consensus_3
CCTAAAGTCCGTCATC-1,True,CCTAAAGTCCGTCATC-1_contig_1,True,540,TRA,TRAV8-1,None,TRAJ31,TRAC,True,True,CATDSNNRIFF,TGTGCTACTGATAGCAATAACAGAATCTTCTTT,8812,6,clonotype313,clonotype313_consensus_1
CCTAAAGTCCGTCATC-1,True,CCTAAAGTCCGTCATC-1_contig_2,True,570,TRB,TRBV12-2+TRBV13-2,None,TRBJ1-5,TRBC1,True,True,CASGDGDIQAPLF,TGTGCCAGCGGTGATGGGGACATCCAGGCTCCGCTTTTT,7520,5,clonotype313,clonotype313_consensus_2
CCTAAAGTCCGTCATC-1,True,CCTAAAGTCCGTCATC-1_contig_3,True,642,TRB,None,None,TRBJ2-7,None,False,False,None,None,5538,4,clonotype313,None
CCTACACAGGACGAAA-1,True,CCTACACAGGACGAAA-1_contig_1,True,559,TRA,TRAV4D-3,None,TRAJ27,TRAC,True,True,CAADGPNTGKLTF,TGTGCTGCGGACGGACCCAATACAGGCAAATTAACCTTT,9204,6,clonotype130,clonotype130_consensus_1
CCTACACCACGAGAGT-1,True,CCTACACCACGAGAGT-1_contig_1,True,559,TRA,TRAV8-1,None,TRAJ30,TRAC,True,True,CATDTNAYKVIF,TGTGCTACCGACACAAATGCTTACAAAGTCATCTTT,8348,7,clonotype38,clonotype38_consensus_1
CCTACACCACGAGAGT-1,True,CCTACACCACGAGAGT-1_contig_2,True,560,TRB,TRBV12-2+TRBV13-2,None,TRBJ1-5,TRBC1,True,True,CASGTGDNQAPLF,TGTGCCAGCGGTACAGGAGACAACCAGGCTCCGCTTTTT,15010,13,clonotype38,clonotype38_consensus_2
CCTACACCACGAGAGT-1,True,CCTACACCACGAGAGT-1_contig_3,True,459,TRB,None,None,TRBJ1-4,TRBC1,False,False,None,None,8638,5,clonotype38,None
CCTACACCACGAGAGT-1,True,CCTACACCACGAGAGT-1_contig_4,True,663,TRB,None,None,TRBJ2-5,None,False,False,None,None,6432,4,clonotype38,None
CCTACACCACGAGAGT-1,True,CCTACACCACGAGAGT-1_contig_5,True,335,TRB,None,None,TRBJ2-1,None,False,False,None,None,6596,3,clonotype38,None
CCTACACGTATATGAG-1,True,CCTACACGTATATGAG-1_contig_1,True,711,TRB,TRBV12-1,None,TRBJ2-7,None,True,True,CASSAPYEQYF,TGTGCCAGCAGTGCACCGTATGAACAGTACTTC,3560,3,clonotype127,clonotype127_consensus_1
CCTACACGTCGAAAGC-1,True,CCTACACGTCGAAAGC-1_contig_1,True,581,TRA,TRAV6-6,None,TRAJ24,TRAC,True,True,CAPLTTASLGKLQF,TGTGCTCCGTTGACAACTGCCAGTTTGGGGAAACTGCAGTTT,4942,3,clonotype3,clonotype3_consensus_2
CCTACACGTCGAAAGC-1,True,CCTACACGTCGAAAGC-1_contig_2,True,505,TRB,TRBV13-1,None,TRBJ2-4,None,True,True,CASSEGTNTLYF,TGTGCCAGCAGTGAAGGAACAAACACCTTGTACTTT,18420,15,clonotype3,clonotype3_consensus_1
CCTACACGTCGAAAGC-1,True,CCTACACGTCGAAAGC-1_contig_3,True,740,TRA,TRAV9D-2,None,TRAJ26,TRAC,True,True,CVLSRGNNYAQGLTF,TGTGTTCTGAGCAGGGGCAATAACTATGCCCAGGGATTAACCTTC,10334,7,clonotype3,clonotype3_consensus_3
CCTACCACACACTGCG-1,True,CCTACCACACACTGCG-1_contig_1,True,582,TRB,TRBV12-2+TRBV13-2,None,TRBJ1-2,TRBC1,True,True,CASGGGTGNSDYTF,TGTGCCAGCGGTGGGGGGACAGGGAACTCCGACTACACCTTC,3414,3,clonotype7,clonotype7_consensus_1
CCTACCACACAGCCCA-1,True,CCTACCACACAGCCCA-1_contig_1,True,519,TRA,TRAV6-6,None,TRAJ24,TRAC,True,True,CAPLTTASLGKLQF,TGTGCTCCGTTGACAACTGCCAGTTTGGGGAAACTGCAGTTT,1660,1,clonotype2,clonotype2_consensus_2
CCTACCACACAGCCCA-1,True,CCTACCACACAGCCCA-1_contig_2,True,512,TRB,TRBV13-1,None,TRBJ2-4,None,True,True,CASSEGTNTLYF,TGTGCCAGCAGTGAAGGAACAAACACCTTGTACTTT,4560,3,clonotype2,clonotype2_consensus_1
CCTACCAGTAATAGCA-1,True,CCTACCAGTAATAGCA-1_contig_1,True,639,TRA,TRAV14N-3,None,TRAJ6,TRAC,True,True,CAARTSGGNYKPTF,TGTGCAGCAAGAACCTCAGGAGGAAACTACAAACCTACGTTT,2778,4,clonotype4,clonotype4_consensus_2
CCTACCAGTAATAGCA-1,True,CCTACCAGTAATAGCA-1_contig_2,True,549,TRA,TRAV8N-2,None,TRAJ13,TRAC,True,True,CATEDSGTYQRF,TGTGCTACTGAGGATTCTGGGACTTACCAGAGGTTT,2302,1,clonotype4,clonotype4_consensus_1
CCTACCAGTAATAGCA-1,True,CCTACCAGTAATAGCA-1_contig_3,True,564,TRB,TRBV12-2+TRBV13-2,None,TRBJ2-7,None,True,True,CASGTGGDYEQYF,TGTGCCAGCGGGACTGGGGGGGACTATGAACAGTACTTC,6872,5,clonotype4,clonotype4_consensus_3
CCTACCAGTGTTAAGA-1,True,CCTACCAGTGTTAAGA-1_contig_1,True,552,TRA,TRAV8N-2,None,TRAJ26,TRAC,True,True,CATDDNYAQGLTF,TGTGCTACTGACGATAACTATGCCCAGGGATTAACCTTC,6576,5,clonotype314,clonotype314_consensus_1
CCTACCAGTGTTAAGA-1,True,CCTACCAGTGTTAAGA-1_contig_2,True,570,TRB,TRBV12-2+TRBV13-2,None,TRBJ2-7,None,True,True,CASGTGDEQYF,TGTGCCAGCGGGACAGGGGATGAACAGTACTTC,9006,8,clonotype314,clonotype314_consensus_2
CCTAGCTTCCACGTGG-1,True,CCTAGCTTCCACGTGG-1_contig_1,True,556,TRB,TRBV12-2+TRBV13-2,None,TRBJ2-7,None,True,True,CASGDPRPYF,TGTGCCAGCGGTGATCCCAGACCGTACTTC,4700,3,clonotype315,clonotype315_consensus_2
CCTAGCTTCCACGTGG-1,True,CCTAGCTTCCACGTGG-1_contig_2,True,555,TRA,TRAV3-3,None,TRAJ49,TRAC,True,True,CAVSGNTGYQNFYF,TGCGCAGTCAGTGGAAACACGGGTTACCAGAACTTCTATTTT,7668,6,clonotype315,clonotype315_consensus_1
CCTAGCTTCCACGTGG-1,True,CCTAGCTTCCACGTGG-1_contig_3,True,558,TRB,TRBV23,None,TRBJ2-2,None,True,False,None,None,2690,1,clonotype315,None
CCTATTAAGATCCTGT-1,True,CCTATTAAGATCCTGT-1_contig_1,True,517,TRA,TRAV19,None,TRAJ39,TRAC,True,True,CAAGGNNAGAKLTF,TGCGCAGCAGGTGGGAATAATGCAGGTGCCAAGCTCACATTC,6488,5,clonotype19,clonotype19_consensus_1
CCTATTAGTCACACGC-1,True,CCTATTAGTCACACGC-1_contig_1,True,539,TRA,TRAV8-1,None,TRAJ30,TRAC,True,True,CAKDTNAYKVIF,TGTGCTAAAGACACAAATGCTTACAAAGTCATCTTT,3770,6,clonotype172,clonotype172_consensus_1
CCTATTAGTCACACGC-1,True,CCTATTAGTCACACGC-1_contig_2,True,579,TRB,TRBV12-2+TRBV13-2,None,TRBJ2-1,None,True,True,CASERGALAEQFF,TGTGCCAGCGAAAGGGGGGCGCTGGCTGAGCAGTTCTTC,29510,26,clonotype172,clonotype172_consensus_2
CCTCAGTCAATCGAAA-1,True,CCTCAGTCAATCGAAA-1_contig_1,True,516,TRA,TRAV6-6,None,TRAJ24,TRAC,True,True,CAPLTTASLGKLQF,TGTGCTCCGTTGACAACTGCCAGTTTGGGGAAACTGCAGTTT,1686,2,clonotype3,clonotype3_consensus_2
CCTCAGTCAATCGAAA-1,True,CCTCAGTCAATCGAAA-1_contig_2,True,505,TRB,TRBV13-1,None,TRBJ2-4,None,True,True,CASSEGTNTLYF,TGTGCCAGCAGTGAAGGAACAAACACCTTGTACTTT,13434,12,clonotype3,clonotype3_consensus_1
CCTCAGTCAATCGAAA-1,True,CCTCAGTCAATCGAAA-1_contig_3,True,704,TRA,TRAV9D-2,None,TRAJ26,TRAC,True,True,CVLSRGNNYAQGLTF,TGTGTTCTGAGCAGGGGCAATAACTATGCCCAGGGATTAACCTTC,4722,5,clonotype3,clonotype3_consensus_3
CCTCAGTCATCCCACT-1,True,CCTCAGTCATCCCACT-1_contig_1,True,563,TRB,TRBV12-2+TRBV13-2,None,TRBJ2-7,None,True,True,CASGGQGEQYF,TGTGCCAGCGGGGGACAGGGTGAACAGTACTTC,1406,1,clonotype129,clonotype129_consensus_2
CCTCAGTCATCCCACT-1,True,CCTCAGTCATCCCACT-1_contig_2,True,705,TRA,TRAV9N-4,None,TRAJ26,TRAC,True,True,CALNYAQGLTF,TGTGCTCTGAACTATGCCCAGGGATTAACCTTC,4388,3,clonotype129,clonotype129_consensus_1
CCTCAGTGTACGCACC-1,True,CCTCAGTGTACGCACC-1_contig_1,True,558,TRA,TRAV19,None,TRAJ39,TRAC,True,True,CAAGGNNAGAKLTF,TGCGCAGCAGGTGGGAATAATGCAGGTGCCAAGCTCACATTC,8266,5,clonotype1,clonotype1_consensus_2
CCTCAGTGTACGCACC-1,True,CCTCAGTGTACGCACC-1_contig_2,True,568,TRB,TRBV12-2+TRBV13-2,None,TRBJ1-2,TRBC1,True,True,CASGGGTGNSDYTF,TGTGCCAGCGGTGGGGGGACAGGGAACTCCGACTACACCTTC,18230,15,clonotype1,clonotype1_consensus_1
CCTCAGTGTACGCACC-1,True,CCTCAGTGTACGCACC-1_contig_3,True,396,TRB,None,None,TRBJ2-7,None,False,False,None,None,2830,2,clonotype1,None
CCTCAGTGTACGCACC-1,True,CCTCAGTGTACGCACC-1_contig_4,True,370,TRB,None,None,TRBJ2-1,None,False,False,None,None,18292,8,clonotype1,None
CCTCAGTGTCTCCATC-1,True,CCTCAGTGTCTCCATC-1_contig_1,True,569,TRA,TRAV14D-2,None,TRAJ6,TRAC,True,True,CAARTSGGNYKPTF,TGTGCAGCAAGGACCTCAGGAGGAAACTACAAACCTACGTTT,11122,9,clonotype316,clonotype316_consensus_2
CCTCAGTGTCTCCATC-1,True,CCTCAGTGTCTCCATC-1_contig_2,True,566,TRB,TRBV12-2+TRBV13-2,None,TRBJ2-7,None,True,True,CASGLGGDYEQYF,TGTGCCAGCGGACTGGGGGGGGATTATGAACAGTACTTC,15110,11,clonotype316,clonotype316_consensus_1
CCTCAGTGTCTCCATC-1,True,CCTCAGTGTCTCCATC-1_contig_3,True,545,TRB,TRBV10,None,TRBJ1-4,TRBC1,True,False,None,None,5352,3,clonotype316,None
CCTCAGTGTTCCGTCT-1,True,CCTCAGTGTTCCGTCT-1_contig_1,True,555,TRA,TRAV7-3,None,TRAJ38,TRAC,True,True,CAVSAANVGDNSKLIW,TGTGCAGTGAGCGCGGCGAATGTTGGTGACAACAGTAAGCTGATTTGG,21634,14,clonotype21,clonotype21_consensus_3
CCTCAGTGTTCCGTCT-1,True,CCTCAGTGTTCCGTCT-1_contig_2,True,505,TRB,TRBV13-1,None,TRBJ2-7,None,True,True,CASSGGHLEQYF,TGTGCCAGCAGTGGGGGACACCTTGAACAGTACTTC,32412,26,clonotype21,clonotype21_consensus_2
CCTCAGTGTTCCGTCT-1,True,CCTCAGTGTTCCGTCT-1_contig_3,True,522,TRA,TRAV7N-6,None,TRAJ34,TRAC,True,True,CAISSNTNKVVF,TGTGCAATTTCTTCCAATACCAACAAAGTCGTCTTT,10590,10,clonotype21,clonotype21_consensus_1
CCTCAGTTCACGGTTA-1,True,CCTCAGTTCACGGTTA-1_contig_1,True,555,TRB,TRBV12-2+TRBV13-2,None,TRBJ2-1,None,True,True,CASGDPFQFF,TGTGCCAGCGGTGATCCTTTCCAGTTCTTC,4790,5,clonotype25,clonotype25_consensus_3
CCTCAGTTCACGGTTA-1,True,CCTCAGTTCACGGTTA-1_contig_2,True,507,TRB,TRBV5,None,TRBJ2-2,None,True,True,CASSTGQLYF,TGTGCCAGCAGCACCGGGCAGCTCTACTTT,1556,3,clonotype25,clonotype25_consensus_1
CCTCAGTTCACGGTTA-1,True,CCTCAGTTCACGGTTA-1_contig_3,True,663,TRA,TRAV9N-4,None,TRAJ22,TRAC,True,True,CALPSSGSWQLIF,TGTGCTCTCCCATCTTCTGGCAGCTGGCAACTCATCTTT,5212,4,clonotype25,clonotype25_consensus_2
CCTCTGAAGCCATCGC-1,True,CCTCTGAAGCCATCGC-1_contig_1,True,519,TRA,TRAV8-1,None,TRAJ30,TRAC,True,True,CASDTNAYKVIF,TGTGCTTCTGACACAAATGCTTACAAAGTCATCTTT,3770,3,clonotype23,clonotype23_consensus_2
CCTCTGAAGCCATCGC-1,True,CCTCTGAAGCCATCGC-1_contig_2,True,565,TRB,TRBV12-2+TRBV13-2,None,TRBJ1-5,TRBC1,True,True,CASGTGDNQAPLF,TGTGCCAGCGGGACAGGGGACAACCAGGCTCCGCTTTTT,5274,6,clonotype23,clonotype23_consensus_1
CCTCTGAAGGCTACGA-1,True,CCTCTGAAGGCTACGA-1_contig_1,True,603,TRA,TRAV14D-3-DV8,None,TRAJ6,TRAC,True,True,CAARTSGGNYKPTF,TGTGCAGCAAGAACCTCAGGAGGAAACTACAAACCTACGTTT,6620,5,clonotype51,clonotype51_consensus_2
CCTCTGAAGGCTACGA-1,True,CCTCTGAAGGCTACGA-1_contig_2,True,609,TRB,TRBV12-2+TRBV13-2,None,TRBJ2-7,None,True,True,CASGAGGDYEQYF,TGTGCCAGCGGTGCTGGGGGGGACTATGAACAGTACTTC,1154,1,clonotype51,clonotype51_consensus_1
CCTCTGACATGCAATC-1,True,CCTCTGACATGCAATC-1_contig_1,True,584,TRB,TRBV26,None,TRBJ1-1,TRBC1,True,True,CASSRGNTEVFF,TGTGCCAGCAGCCGCGGAAACACAGAAGTCTTCTTT,20000,10,clonotype27,clonotype27_consensus_2
CCTCTGACATGCAATC-1,True,CCTCTGACATGCAATC-1_contig_2,True,587,TRA,TRAV3-4,None,TRAJ49,TRAC,True,True,CAVRGGYQNFYF,TGCGCAGTCAGGGGGGGTTACCAGAACTTCTATTTT,4368,4,clonotype27,clonotype27_consensus_1
CCTCTGAGTTCCAACA-1,True,CCTCTGAGTTCCAACA-1_contig_1,True,558,TRA,TRAV19,None,TRAJ39,TRAC,True,True,CAAGGNNAGAKLTF,TGCGCAGCAGGTGGGAATAATGCAGGTGCCAAGCTCACATTC,17294,14,clonotype1,clonotype1_consensus_2
CCTCTGAGTTCCAACA-1,True,CCTCTGAGTTCCAACA-1_contig_2,True,599,TRB,TRBV12-2+TRBV13-2,None,TRBJ1-2,TRBC1,True,True,CASGGGTGNSDYTF,TGTGCCAGCGGTGGGGGGACAGGGAACTCCGACTACACCTTC,14004,15,clonotype1,clonotype1_consensus_1
CCTCTGAGTTCCAACA-1,True,CCTCTGAGTTCCAACA-1_contig_3,True,300,TRB,None,None,TRBJ2-1,None,False,False,None,None,3224,2,clonotype1,None
CCTCTGAGTTCCAACA-1,True,CCTCTGAGTTCCAACA-1_contig_4,True,619,TRA,None,None,TRAJ43,TRAC,False,False,None,None,3936,4,clonotype1,None
CCTCTGATCACCGTAA-1,True,CCTCTGATCACCGTAA-1_contig_1,True,502,TRB,TRBV13-1,None,TRBJ2-7,None,True,True,CASSGGNEQYF,TGTGCCAGCAGTGGGGGCAATGAACAGTACTTC,17288,15,clonotype173,clonotype173_consensus_1
CCTCTGATCACCGTAA-1,True,CCTCTGATCACCGTAA-1_contig_2,True,671,TRA,TRAV9-4,None,TRAJ39,TRAC,True,True,CAVSGNNNAGAKLTF,TGTGCTGTGAGCGGGAATAATAATGCAGGTGCCAAGCTCACATTC,7226,6,clonotype173,clonotype173_consensus_2
CCTTACGAGGCGTACA-1,True,CCTTACGAGGCGTACA-1_contig_1,True,522,TRB,TRBV5,None,TRBJ1-5,TRBC1,True,True,CASSHPGQNNQAPLF,TGTGCCAGCAGCCACCCGGGACAGAACAACCAGGCTCCGCTTTTT,4082,3,clonotype317,clonotype317_consensus_1
CCTTACGAGGCGTACA-1,True,CCTTACGAGGCGTACA-1_contig_2,True,600,TRA,TRAV12D-3,None,TRAJ26,TRAC,True,True,CALSENYAQGLTF,TGTGCTCTGAGTGAGAACTATGCCCAGGGATTAACCTTC,2962,3,clonotype317,clonotype317_consensus_2
CCTTACGAGGCGTACA-1,True,CCTTACGAGGCGTACA-1_contig_3,True,541,TRA,TRAV14N-3,None,TRAJ23,TRAC,True,False,None,None,2086,1,clonotype317,None
CCTTACGAGGCGTACA-1,True,CCTTACGAGGCGTACA-1_contig_4,True,359,TRB,None,None,TRBJ2-7,None,False,False,None,None,2462,1,clonotype317,None
CCTTACGAGGCGTACA-1,True,CCTTACGAGGCGTACA-1_contig_5,True,422,TRB,None,None,TRBJ2-3,None,False,False,None,None,7606,4,clonotype317,None
CCTTACGCAATGGTCT-1,True,CCTTACGCAATGGTCT-1_contig_1,True,552,TRA,TRAV16D-DV11,None,TRAJ9,TRAC,True,True,CAMRESNMGYKLTF,TGTGCTATGAGAGAGAGCAACATGGGCTACAAACTTACCTTC,3750,2,clonotype32,clonotype32_consensus_1
CCTTACGCAATGGTCT-1,True,CCTTACGCAATGGTCT-1_contig_2,True,633,TRB,TRBV20,None,TRBJ1-6,TRBC1,True,True,CADRSYNSPLYF,TGTGCCGACAGGTCCTATAATTCGCCCCTCTACTTT,5572,3,clonotype32,clonotype32_consensus_2
CCTTACGCAATGGTCT-1,True,CCTTACGCAATGGTCT-1_contig_3,True,461,TRB,None,None,TRBJ2-7,None,False,False,None,None,1834,2,clonotype32,None
CCTTACGCAGAGTGTG-1,True,CCTTACGCAGAGTGTG-1_contig_1,True,519,TRA,TRAV19,None,TRAJ39,TRAC,True,True,CAAGGNNAGAKLTF,TGCGCAGCAGGTGGGAATAATGCAGGTGCCAAGCTCACATTC,4532,4,clonotype1,clonotype1_consensus_2
CCTTACGCAGAGTGTG-1,True,CCTTACGCAGAGTGTG-1_contig_2,True,619,TRB,TRBV12-2+TRBV13-2,None,TRBJ1-2,TRBC1,True,True,CASGGGTGNSDYTF,TGTGCCAGCGGTGGGGGGACAGGGAACTCCGACTACACCTTC,43864,38,clonotype1,clonotype1_consensus_1
CCTTACGCAGAGTGTG-1,True,CCTTACGCAGAGTGTG-1_contig_3,True,463,TRB,None,None,TRBJ2-5,None,False,False,None,None,4140,5,clonotype1,None
CCTTACGCAGAGTGTG-1,True,CCTTACGCAGAGTGTG-1_contig_4,True,394,TRB,TRBV19,None,TRBJ2-4,None,True,False,CQQYRTASQNTLYF,TGCCAGCAGTATAGGACAGCTAGTCAAAACACCTTGTACTTT,9194,6,clonotype1,None
CCTTACGCAGAGTGTG-1,True,CCTTACGCAGAGTGTG-1_contig_5,True,400,TRB,None,None,TRBJ2-7,None,False,False,None,None,6932,4,clonotype1,None
CCTTACGCAGAGTGTG-1,True,CCTTACGCAGAGTGTG-1_contig_6,True,481,TRA,TRAV13N-1,None,TRAJ12,TRAC,True,False,None,None,3550,3,clonotype1,None
CCTTACGCATGGTTGT-1,True,CCTTACGCATGGTTGT-1_contig_1,True,556,TRB,TRBV12-2+TRBV13-2,None,TRBJ2-1,None,True,True,CASGDPFQFF,TGTGCCAGCGGTGATCCTTTCCAGTTCTTC,6428,6,clonotype58,clonotype58_consensus_2
CCTTACGCATGGTTGT-1,True,CCTTACGCATGGTTGT-1_contig_2,True,507,TRB,TRBV5,None,TRBJ2-2,None,True,True,CASSTGQLYF,TGTGCCAGCAGCACCGGGCAGCTCTACTTT,8018,4,clonotype58,clonotype58_consensus_1
CCTTACGGTAACGCGA-1,True,CCTTACGGTAACGCGA-1_contig_1,True,549,TRB,TRBV16,None,TRBJ2-5,None,True,True,CASSLGGGQDTQYF,TGTGCAAGCAGCTTAGGGGGGGGGCAAGACACCCAGTACTTT,16014,19,clonotype11,clonotype11_consensus_2
CCTTACGGTAACGCGA-1,True,CCTTACGGTAACGCGA-1_contig_2,True,586,TRA,TRAV4D-3,None,TRAJ27,TRAC,True,True,CAADGPNTGKLTF,TGTGCTGCTGACGGGCCCAATACAGGCAAATTAACCTTT,48826,42,clonotype11,clonotype11_consensus_1
CCTTACGGTAACGCGA-1,True,CCTTACGGTAACGCGA-1_contig_3,True,312,TRA,TRAV9D-4,None,None,TRAC,False,False,None,None,3392,1,clonotype11,None
CCTTACGGTAACGCGA-1,True,CCTTACGGTAACGCGA-1_contig_4,True,595,TRA,TRAV7-4,None,TRAJ31,TRAC,True,False,None,None,3286,3,clonotype11,None
CCTTACGGTCAAGCGA-1,True,CCTTACGGTCAAGCGA-1_contig_1,True,502,TRA,TRAV7-5,None,TRAJ33,TRAC,True,True,CAVDSNYQLIW,TGTGCAGTGGACAGCAACTATCAGTTGATCTGG,5268,3,clonotype318,clonotype318_consensus_1
CCTTACGGTCAAGCGA-1,True,CCTTACGGTCAAGCGA-1_contig_2,True,344,TRB,None,None,TRBJ2-1,None,False,False,None,None,2744,1,clonotype318,None
CCTTACGGTCAAGCGA-1,True,CCTTACGGTCAAGCGA-1_contig_3,True,395,TRB,None,None,TRBJ1-3,TRBC1,False,False,None,None,546,1,clonotype318,None
CCTTACGGTCAAGCGA-1,True,CCTTACGGTCAAGCGA-1_contig_4,True,658,TRB,TRBV23,None,TRBJ1-2,TRBC1,True,False,None,None,3432,2,clonotype318,None
CCTTACGGTGAGGGTT-1,True,CCTTACGGTGAGGGTT-1_contig_1,True,566,TRA,TRAV3-3,None,TRAJ49,TRAC,True,True,CAVSGATGYQNFYF,TGCGCAGTCAGTGGGGCCACGGGTTACCAGAACTTCTATTTT,3644,3,clonotype10,clonotype10_consensus_3
CCTTACGGTGAGGGTT-1,True,CCTTACGGTGAGGGTT-1_contig_2,True,495,TRA,TRAV21-DV12,None,TRAJ42,TRAC,True,True,CILRVHGGSNAKLTF,TGTATCCTGAGAGTCCATGGAGGAAGCAATGCAAAGCTAACCTTC,3230,2,clonotype10,clonotype10_consensus_1
CCTTACGGTGAGGGTT-1,True,CCTTACGGTGAGGGTT-1_contig_3,True,559,TRB,TRBV12-2+TRBV13-2,None,TRBJ2-7,None,True,True,CASGVQGEQYF,TGTGCCAGCGGTGTTCAGGGAGAACAGTACTTC,6430,5,clonotype10,clonotype10_consensus_2
CCTTACGGTGAGGGTT-1,True,CCTTACGGTGAGGGTT-1_contig_4,True,366,TRB,None,None,TRBJ2-1,None,False,False,None,None,1150,2,clonotype10,None
CCTTACGGTGTTCTTT-1,True,CCTTACGGTGTTCTTT-1_contig_1,True,555,TRA,TRAV3-3,None,TRAJ49,TRAC,True,True,CAVSGSTGYQNFYF,TGCGCAGTCAGTGGGAGCACGGGTTACCAGAACTTCTATTTT,12196,9,clonotype5,clonotype5_consensus_1
CCTTACGGTGTTCTTT-1,True,CCTTACGGTGTTCTTT-1_contig_2,True,566,TRB,TRBV12-2+TRBV13-2,None,TRBJ2-7,None,True,True,CASGVQGWEQYF,TGTGCCAGCGGTGTACAGGGGTGGGAACAGTACTTC,12682,12,clonotype5,clonotype5_consensus_2
CCTTACGGTGTTCTTT-1,True,CCTTACGGTGTTCTTT-1_contig_3,True,605,TRB,None,None,TRBJ1-1,TRBC1,False,False,None,None,3022,2,clonotype5,None
CCTTACGGTGTTCTTT-1,True,CCTTACGGTGTTCTTT-1_contig_4,True,304,TRA,TRAV6D-5,None,None,TRAC,False,False,None,None,2208,1,clonotype5,None
CCTTACGTCCCATTTA-1,True,CCTTACGTCCCATTTA-1_contig_1,True,558,TRA,TRAV19,None,TRAJ39,TRAC,True,True,CAAGGNNAGAKLTF,TGCGCAGCAGGTGGGAATAATGCAGGTGCCAAGCTCACATTC,7592,8,clonotype1,clonotype1_consensus_2
CCTTACGTCCCATTTA-1,True,CCTTACGTCCCATTTA-1_contig_2,True,610,TRB,TRBV12-2+TRBV13-2,None,TRBJ1-2,TRBC1,True,True,CASGGGTGNSDYTF,TGTGCCAGCGGTGGGGGGACAGGGAACTCCGACTACACCTTC,44268,39,clonotype1,clonotype1_consensus_1
CCTTACGTCCCATTTA-1,True,CCTTACGTCCCATTTA-1_contig_3,True,314,TRB,TRBV13-1,None,TRBJ2-4,None,True,False,CASSEGTNTLYF,TGTGCCAGCAGTGAAGGAACAAACACCTTGTACTTT,2864,4,clonotype1,None
CCTTACGTCCCATTTA-1,True,CCTTACGTCCCATTTA-1_contig_4,True,589,TRA,TRAV7-5,None,TRAJ45,TRAC,True,False,CSDTEGADRLTF,TGCAGTGATACAGAAGGTGCAGATAGACTCACCTTT,652,2,clonotype1,None
CCTTACGTCGTCACGG-1,True,CCTTACGTCGTCACGG-1_contig_1,True,555,TRA,TRAV3-3,None,TRAJ49,TRAC,True,True,CAVSGATGYQNFYF,TGCGCAGTCAGTGGGGCCACGGGTTACCAGAACTTCTATTTT,17176,17,clonotype10,clonotype10_consensus_3
CCTTACGTCGTCACGG-1,True,CCTTACGTCGTCACGG-1_contig_2,True,493,TRA,TRAV21-DV12,None,TRAJ42,TRAC,True,True,CILRVHGGSNAKLTF,TGTATCCTGAGAGTCCATGGAGGAAGCAATGCAAAGCTAACCTTC,17238,20,clonotype10,clonotype10_consensus_1
CCTTACGTCGTCACGG-1,True,CCTTACGTCGTCACGG-1_contig_3,True,561,TRB,TRBV12-2+TRBV13-2,None,TRBJ2-7,None,True,True,CASGVQGEQYF,TGTGCCAGCGGTGTTCAGGGAGAACAGTACTTC,35904,48,clonotype10,clonotype10_consensus_2
CCTTCCCAGGATGCGT-1,True,CCTTCCCAGGATGCGT-1_contig_1,True,529,TRA,TRAV7D-5,None,TRAJ16,TRAC,True,True,CAVSSPATSSGQKLVF,TGTGCAGTGAGCAGCCCCGCAACTTCAAGTGGCCAGAAGCTGGTTTTT,10188,8,clonotype319,clonotype319_consensus_2
CCTTCCCAGGATGCGT-1,True,CCTTCCCAGGATGCGT-1_contig_2,True,608,TRB,TRBV12-2,None,TRBJ1-2,TRBC1,True,True,CASSLSTGGVNSDYTF,TGTGCCAGCTCTCTATCGACAGGGGGCGTGAACTCCGACTACACCTTC,2754,2,clonotype319,clonotype319_consensus_1
CCTTCCCAGGATGCGT-1,True,CCTTCCCAGGATGCGT-1_contig_3,True,556,TRB,TRBV29,None,TRBJ1-4,TRBC1,True,True,CASSLSNERLFF,TGTGCTAGCAGTTTATCCAACGAAAGATTATTTTTC,9178,5,clonotype319,clonotype319_consensus_3
CCTTCCCAGGATGCGT-1,True,CCTTCCCAGGATGCGT-1_contig_4,True,663,TRB,None,None,TRBJ1-3,TRBC1,False,False,None,None,3380,2,clonotype319,None
CCTTCCCAGGATGCGT-1,True,CCTTCCCAGGATGCGT-1_contig_5,True,606,TRB,TRBV5,None,TRBJ2-7,None,True,False,None,None,1550,1,clonotype319,None
CCTTCCCAGGATGCGT-1,True,CCTTCCCAGGATGCGT-1_contig_6,True,539,TRA,TRAV6-3,None,TRAJ6,TRAC,True,False,CYESPPSGGNYKPTF,TGCTATGAGAGCCCCCCCTCAGGAGGAAACTACAAACCTACGTTT,1622,1,clonotype319,None
CCTTCCCAGGATGCGT-1,True,CCTTCCCAGGATGCGT-1_contig_7,True,375,TRB,None,None,TRBJ2-4,None,False,False,None,None,4952,3,clonotype319,None
CCTTCCCAGGATGCGT-1,True,CCTTCCCAGGATGCGT-1_contig_8,True,542,TRA,TRAV4-3,None,TRAJ38,TRAC,True,False,None,None,1136,2,clonotype319,None
CCTTCCCAGGGAAACA-1,True,CCTTCCCAGGGAAACA-1_contig_1,True,541,TRA,TRAV8D-1,None,TRAJ30,TRAC,True,True,CATDTNAYKVIF,TGTGCTACTGACACAAATGCTTACAAAGTCATCTTT,12512,9,clonotype13,clonotype13_consensus_1
CCTTCCCAGGGAAACA-1,True,CCTTCCCAGGGAAACA-1_contig_2,True,583,TRB,TRBV12-2+TRBV13-2,None,TRBJ1-5,TRBC1,True,True,CASGTGDNQAPLF,TGTGCCAGCGGGACAGGGGACAACCAGGCTCCGCTTTTT,20730,21,clonotype13,clonotype13_consensus_2
CCTTCCCAGGGAAACA-1,True,CCTTCCCAGGGAAACA-1_contig_3,True,343,TRB,None,None,TRBJ2-1,None,False,False,None,None,6766,3,clonotype13,None
CCTTCCCAGGGAAACA-1,True,CCTTCCCAGGGAAACA-1_contig_4,True,399,TRA,TRAV14N-3,None,TRAJ35,TRAC,True,False,None,None,4828,2,clonotype13,None
CCTTCCCAGGGAAACA-1,True,CCTTCCCAGGGAAACA-1_contig_5,True,367,TRB,None,None,TRBJ2-1,None,False,False,None,None,3512,4,clonotype13,None
CCTTCCCCACAACGTT-1,True,CCTTCCCCACAACGTT-1_contig_1,True,507,TRA,TRAV8D-1,None,TRAJ30,TRAC,True,True,CATDTNAYKVIF,TGTGCTACTGACACAAATGCTTACAAAGTCATCTTT,3550,2,clonotype70,clonotype70_consensus_1
CCTTCCCCACAACGTT-1,True,CCTTCCCCACAACGTT-1_contig_2,True,550,TRB,TRBV12-2+TRBV13-2,None,TRBJ1-5,TRBC1,True,False,CASGTGDNQAPLF,TGTGCCAGCGGGACAGGGGACAACCAGGCTCCGCTTTTT,1012,1,clonotype70,None
CCTTCCCCACAACGTT-1,True,CCTTCCCCACAACGTT-1_contig_3,True,368,TRB,None,None,TRBJ2-1,None,False,False,None,None,1448,1,clonotype70,None
CCTTCCCGTCGCCATG-1,True,CCTTCCCGTCGCCATG-1_contig_1,True,550,TRA,TRAV6-6,None,TRAJ24,TRAC,True,True,CAPLTTASLGKLQF,TGTGCTCCGTTGACAACTGCCAGTTTGGGGAAACTGCAGTTT,6992,5,clonotype2,clonotype2_consensus_2
CCTTCCCGTCGCCATG-1,True,CCTTCCCGTCGCCATG-1_contig_2,True,512,TRB,TRBV13-1,None,TRBJ2-4,None,True,True,CASSEGTNTLYF,TGTGCCAGCAGTGAAGGAACAAACACCTTGTACTTT,10928,9,clonotype2,clonotype2_consensus_1
CCTTCGAAGAATTCCC-1,True,CCTTCGAAGAATTCCC-1_contig_1,True,538,TRA,TRAV8D-1,None,TRAJ34,TRAC,True,True,CASPNTNKVVF,TGTGCGTCCCCCAATACCAACAAAGTCGTCTTT,184,2,clonotype320,clonotype320_consensus_2
CCTTCGAAGAATTCCC-1,True,CCTTCGAAGAATTCCC-1_contig_2,True,707,TRA,TRAV9-2,None,TRAJ42,TRAC,True,True,CVLSEGSNAKLTF,TGTGTTTTGAGCGAGGGAAGCAATGCAAAGCTAACCTTC,4326,5,clonotype320,clonotype320_consensus_1
CCTTCGAAGAATTCCC-1,True,CCTTCGAAGAATTCCC-1_contig_3,True,561,TRB,TRBV20,None,TRBJ2-4,None,True,True,CGARETQNTLYF,TGTGGTGCTAGGGAGACACAAAACACCTTGTACTTT,5046,4,clonotype320,clonotype320_consensus_3
CCTTCGAAGTGAAGTT-1,True,CCTTCGAAGTGAAGTT-1_contig_1,True,529,TRA,TRAV6-6,None,TRAJ24,TRAC,True,True,CAPLTTASLGKLQF,TGTGCTCCGTTGACAACTGCCAGTTTGGGGAAACTGCAGTTT,12716,9,clonotype3,clonotype3_consensus_2
CCTTCGAAGTGAAGTT-1,True,CCTTCGAAGTGAAGTT-1_contig_2,True,505,TRB,TRBV13-1,None,TRBJ2-4,None,True,True,CASSEGTNTLYF,TGTGCCAGCAGTGAAGGAACAAACACCTTGTACTTT,47194,37,clonotype3,clonotype3_consensus_1
CCTTCGAAGTGAAGTT-1,True,CCTTCGAAGTGAAGTT-1_contig_3,True,673,TRA,TRAV9D-2,None,TRAJ26,TRAC,True,True,CVLSRGNNYAQGLTF,TGTGTTCTGAGCAGGGGCAATAACTATGCCCAGGGATTAACCTTC,12150,6,clonotype3,clonotype3_consensus_3
CCTTCGAAGTGAAGTT-1,True,CCTTCGAAGTGAAGTT-1_contig_4,True,566,TRB,TRBV12-2+TRBV13-2,None,TRBJ2-5,None,True,False,CASGDW,TGTGCCAGCGGTGACTGG,1096,1,clonotype3,None
CCTTCGAAGTGGGTTG-1,True,CCTTCGAAGTGGGTTG-1_contig_1,True,549,TRA,TRAV8N-2,None,TRAJ13,TRAC,True,True,CATEDSGTYQRF,TGTGCTACTGAGGATTCTGGGACTTACCAGAGGTTT,6212,4,clonotype36,clonotype36_consensus_1
CCTTCGAAGTGGGTTG-1,True,CCTTCGAAGTGGGTTG-1_contig_2,True,599,TRB,TRBV12-2+TRBV13-2,None,TRBJ2-7,None,True,True,CASGTGGDYEQYF,TGTGCCAGCGGGACTGGGGGGGACTATGAACAGTACTTC,6456,4,clonotype36,clonotype36_consensus_2
CCTTCGAGTCGCTTCT-1,True,CCTTCGAGTCGCTTCT-1_contig_1,True,558,TRA,TRAV19,None,TRAJ39,TRAC,True,True,CAAGGNNAGAKLTF,TGCGCAGCAGGTGGGAATAATGCAGGTGCCAAGCTCACATTC,15934,13,clonotype1,clonotype1_consensus_2
CCTTCGAGTCGCTTCT-1,True,CCTTCGAGTCGCTTCT-1_contig_2,True,613,TRB,TRBV12-2+TRBV13-2,None,TRBJ1-2,TRBC1,True,True,CASGGGTGNSDYTF,TGTGCCAGCGGTGGGGGGACAGGGAACTCCGACTACACCTTC,46160,53,clonotype1,clonotype1_consensus_1
CCTTCGAGTCGCTTCT-1,True,CCTTCGAGTCGCTTCT-1_contig_3,True,579,TRB,None,None,TRBJ2-1,None,False,False,None,None,7986,6,clonotype1,None
CCTTCGAGTCGCTTCT-1,True,CCTTCGAGTCGCTTCT-1_contig_4,True,629,TRB,None,None,TRBJ2-7,None,False,False,None,None,4970,4,clonotype1,None
CCTTCGAGTCGCTTCT-1,True,CCTTCGAGTCGCTTCT-1_contig_5,True,505,TRA,TRAV7-5,None,TRAJ45,TRAC,True,False,CSDTEGADRLTF,TGCAGTGATACAGAAGGTGCAGATAGACTCACCTTT,2514,2,clonotype1,None
CCTTCGAGTTATCGGT-1,True,CCTTCGAGTTATCGGT-1_contig_1,True,597,TRA,TRAV14N-3,None,TRAJ6,TRAC,True,True,CAARTSGGNYKPTF,TGTGCAGCAAGAACCTCAGGAGGAAACTACAAACCTACGTTT,5392,3,clonotype4,clonotype4_consensus_2
CCTTCGAGTTATCGGT-1,True,CCTTCGAGTTATCGGT-1_contig_2,True,549,TRA,TRAV8N-2,None,TRAJ13,TRAC,True,True,CATEDSGTYQRF,TGTGCTACTGAGGATTCTGGGACTTACCAGAGGTTT,2204,2,clonotype4,clonotype4_consensus_1
CCTTCGAGTTATCGGT-1,True,CCTTCGAGTTATCGGT-1_contig_3,True,565,TRB,TRBV12-2+TRBV13-2,None,TRBJ2-7,None,True,True,CASGTGGDYEQYF,TGTGCCAGCGGGACTGGGGGGGACTATGAACAGTACTTC,7100,6,clonotype4,clonotype4_consensus_3
CCTTCGATCATCTGCC-1,True,CCTTCGATCATCTGCC-1_contig_1,True,565,TRB,TRBV12-2+TRBV13-2,None,TRBJ1-5,TRBC1,True,True,CASGTGDNQAPLF,TGTGCCAGCGGTACAGGAGACAACCAGGCTCCGCTTTTT,7292,10,clonotype39,clonotype39_consensus_1
CCTTTCTAGCAGCGTA-1,True,CCTTTCTAGCAGCGTA-1_contig_1,True,545,TRB,TRBV16,None,TRBJ2-7,None,True,True,CASSLGGGLDEQYF,TGTGCAAGCAGCTTAGGGGGGGGGCTCGATGAACAGTACTTC,17600,24,clonotype321,clonotype321_consensus_1
CCTTTCTAGCAGCGTA-1,True,CCTTTCTAGCAGCGTA-1_contig_2,True,555,TRA,TRAV3-3,None,TRAJ49,TRAC,True,True,CAVSGATGYQNFYF,TGCGCAGTCAGTGGGGCCACGGGTTACCAGAACTTCTATTTT,5140,6,clonotype321,clonotype321_consensus_3
CCTTTCTAGCAGCGTA-1,True,CCTTTCTAGCAGCGTA-1_contig_3,True,507,TRA,TRAV21-DV12,None,TRAJ42,TRAC,True,True,CILRVHGGSNAKLTF,TGTATCCTGAGAGTCCATGGAGGAAGCAATGCAAAGCTAACCTTC,6682,5,clonotype321,clonotype321_consensus_2
CCTTTCTAGCAGCGTA-1,True,CCTTTCTAGCAGCGTA-1_contig_4,True,560,TRB,TRBV12-2+TRBV13-2,None,TRBJ2-7,None,True,True,CASGVQGEQYF,TGTGCCAGCGGTGTTCAGGGAGAACAGTACTTC,22714,31,clonotype321,clonotype321_consensus_4
CCTTTCTAGCAGCGTA-1,True,CCTTTCTAGCAGCGTA-1_contig_5,True,417,TRB,None,None,TRBJ2-1,None,False,False,None,None,7376,9,clonotype321,None
CCTTTCTAGCAGCGTA-1,True,CCTTTCTAGCAGCGTA-1_contig_6,True,596,Multi,TRDV1,None,TRAJ45,TRAC,True,False,CGGTEGADRLTF,TGTGGAGGGACAGAAGGTGCAGATAGACTCACCTTT,10060,9,clonotype321,None
CCTTTCTTCGCTTGTC-1,True,CCTTTCTTCGCTTGTC-1_contig_1,True,542,TRA,TRAV6-6,None,TRAJ24,TRAC,True,True,CAPLTTASLGKLQF,TGTGCTCCGTTGACAACTGCCAGTTTGGGGAAACTGCAGTTT,4836,4,clonotype2,clonotype2_consensus_2
CCTTTCTTCGCTTGTC-1,True,CCTTTCTTCGCTTGTC-1_contig_2,True,512,TRB,TRBV13-1,None,TRBJ2-4,None,True,True,CASSEGTNTLYF,TGTGCCAGCAGTGAAGGAACAAACACCTTGTACTTT,39412,33,clonotype2,clonotype2_consensus_1
CCTTTCTTCGCTTGTC-1,True,CCTTTCTTCGCTTGTC-1_contig_3,True,436,TRA,TRAV9D-2,None,TRAJ26,TRAC,True,False,CVLSRGNNYAQGLTF,TGTGTTCTGAGCAGGGGCAATAACTATGCCCAGGGATTAACCTTC,7064,3,clonotype2,None
CGAACATAGAATAGGG-1,True,CGAACATAGAATAGGG-1_contig_1,True,653,TRA,TRAV14N-3,None,TRAJ6,TRAC,True,True,CAARTSGGNYKPTF,TGTGCAGCAAGAACCTCAGGAGGAAACTACAAACCTACGTTT,8496,6,clonotype4,clonotype4_consensus_2
CGAACATAGAATAGGG-1,True,CGAACATAGAATAGGG-1_contig_2,True,549,TRA,TRAV8N-2,None,TRAJ13,TRAC,True,True,CATEDSGTYQRF,TGTGCTACTGAGGATTCTGGGACTTACCAGAGGTTT,21354,16,clonotype4,clonotype4_consensus_1
CGAACATAGAATAGGG-1,True,CGAACATAGAATAGGG-1_contig_3,True,631,TRB,TRBV12-2+TRBV13-2,None,TRBJ2-7,None,True,True,CASGTGGDYEQYF,TGTGCCAGCGGGACTGGGGGGGACTATGAACAGTACTTC,15670,16,clonotype4,clonotype4_consensus_3
CGAACATAGATGGGTC-1,True,CGAACATAGATGGGTC-1_contig_1,True,521,TRA,TRAV6-6,None,TRAJ24,TRAC,True,True,CAPLTTASLGKLQF,TGTGCTCCGTTGACAACTGCCAGTTTGGGGAAACTGCAGTTT,2630,2,clonotype2,clonotype2_consensus_2
CGAACATAGATGGGTC-1,True,CGAACATAGATGGGTC-1_contig_2,True,505,TRB,TRBV13-1,None,TRBJ2-4,None,True,True,CASSEGTNTLYF,TGTGCCAGCAGTGAAGGAACAAACACCTTGTACTTT,4250,4,clonotype2,clonotype2_consensus_1
CGAACATAGATGGGTC-1,True,CGAACATAGATGGGTC-1_contig_3,True,354,TRB,None,None,TRBJ2-7,None,False,False,None,None,60,1,clonotype2,None
CGAACATAGATGGGTC-1,True,CGAACATAGATGGGTC-1_contig_4,True,361,TRA,TRAV9D-2,None,TRAJ26,TRAC,True,False,CVLSRGNNYAQGLTF,TGTGTTCTGAGCAGGGGCAATAACTATGCCCAGGGATTAACCTTC,5124,3,clonotype2,None
CGAACATAGCCGATTT-1,True,CGAACATAGCCGATTT-1_contig_1,True,512,TRB,TRBV13-1,None,TRBJ2-5,None,True,True,CASSDGDDTQYF,TGTGCCAGCAGTGACGGGGACGACACCCAGTACTTT,20180,15,clonotype174,clonotype174_consensus_1
CGAACATAGCCGATTT-1,True,CGAACATAGCCGATTT-1_contig_2,True,376,TRB,None,None,TRBJ2-4,None,False,False,None,None,2518,3,clonotype174,None
CGAACATAGCCGATTT-1,True,CGAACATAGCCGATTT-1_contig_3,True,657,TRB,None,None,TRBJ1-2,TRBC1,False,False,None,None,2904,3,clonotype174,None
CGAACATAGCCGATTT-1,True,CGAACATAGCCGATTT-1_contig_4,True,381,TRA,TRAV9D-2,None,None,TRAC,False,False,None,None,10090,8,clonotype174,None
CGAACATAGTTAAGTG-1,True,CGAACATAGTTAAGTG-1_contig_1,True,549,TRB,TRBV16,None,TRBJ2-7,None,True,True,CASSLGGGLDEQYF,TGTGCAAGCAGCTTAGGGGGGGGGCTCGATGAACAGTACTTC,45116,61,clonotype26,clonotype26_consensus_1
CGAACATAGTTAAGTG-1,True,CGAACATAGTTAAGTG-1_contig_2,True,564,TRB,TRBV12-2+TRBV13-2,None,TRBJ1-5,TRBC1,True,False,None,None,1614,3,clonotype26,None
CGAACATAGTTAAGTG-1,True,CGAACATAGTTAAGTG-1_contig_3,True,556,Multi,TRDV1,None,TRAJ45,TRAC,True,False,CGGTEGADRLTF,TGTGGAGGGACAGAAGGTGCAGATAGACTCACCTTT,22414,20,clonotype26,None
CGAACATCACACATGT-1,True,CGAACATCACACATGT-1_contig_1,True,558,TRA,TRAV19,None,TRAJ39,TRAC,True,True,CAAGGNNAGAKLTF,TGCGCAGCAGGTGGGAATAATGCAGGTGCCAAGCTCACATTC,11360,8,clonotype1,clonotype1_consensus_2
CGAACATCACACATGT-1,True,CGAACATCACACATGT-1_contig_2,True,571,TRB,TRBV12-2+TRBV13-2,None,TRBJ1-2,TRBC1,True,True,CASGGGTGNSDYTF,TGTGCCAGCGGTGGGGGGACAGGGAACTCCGACTACACCTTC,34300,28,clonotype1,clonotype1_consensus_1
CGAACATCACACATGT-1,True,CGAACATCACACATGT-1_contig_3,True,590,TRB,None,None,TRBJ2-2,None,False,False,None,None,1678,1,clonotype1,None
CGAACATCATTTGCCC-1,True,CGAACATCATTTGCCC-1_contig_1,True,555,TRA,TRAV3-3,None,TRAJ49,TRAC,True,True,CAVSGATGYQNFYF,TGCGCAGTCAGTGGGGCCACGGGTTACCAGAACTTCTATTTT,15926,13,clonotype10,clonotype10_consensus_3
CGAACATCATTTGCCC-1,True,CGAACATCATTTGCCC-1_contig_2,True,507,TRA,TRAV21-DV12,None,TRAJ42,TRAC,True,True,CILRVHGGSNAKLTF,TGTATCCTGAGAGTCCATGGAGGAAGCAATGCAAAGCTAACCTTC,32218,21,clonotype10,clonotype10_consensus_1
CGAACATCATTTGCCC-1,True,CGAACATCATTTGCCC-1_contig_3,True,885,TRB,TRBV12-2+TRBV13-2,None,TRBJ2-7,None,True,True,CASGVQGEQYF,TGTGCCAGCGGTGTTCAGGGAGAACAGTACTTC,15200,14,clonotype10,clonotype10_consensus_2
CGAACATCATTTGCCC-1,True,CGAACATCATTTGCCC-1_contig_4,True,328,TRB,None,None,TRBJ2-1,None,False,False,None,None,8122,11,clonotype10,None
CGAACATGTAACGCGA-1,True,CGAACATGTAACGCGA-1_contig_1,True,508,TRB,TRBV13-1,None,TRBJ2-3,None,True,True,CASEGQGAETLYF,TGTGCCAGCGAGGGACAGGGTGCAGAAACGCTGTATTTT,3572,3,clonotype156,clonotype156_consensus_1
CGAACATGTAATAGCA-1,True,CGAACATGTAATAGCA-1_contig_1,True,467,TRA,TRAV16N,None,TRAJ15,None,True,True,CAMREAQGGRALIF,TGTGCTATGAGAGAGGCTCAGGGAGGCAGAGCTCTGATATTT,2218,1,clonotype322,clonotype322_consensus_2
CGAACATGTAATAGCA-1,True,CGAACATGTAATAGCA-1_contig_2,True,502,TRB,TRBV13-1,None,TRBJ2-2,None,True,True,CASSGPRQLYF,TGTGCCAGCAGTGGGCCCCGGCAGCTCTACTTT,9466,8,clonotype322,clonotype322_consensus_1
CGAACATGTAATAGCA-1,True,CGAACATGTAATAGCA-1_contig_3,True,536,TRA,TRAV6N-7,None,TRAJ31,TRAC,True,False,None,None,5424,6,clonotype322,None
CGAACATGTTATTCTC-1,True,CGAACATGTTATTCTC-1_contig_1,True,532,TRA,TRAV13-4-DV7,None,TRAJ58,TRAC,True,True,CAPMQQGTGSKLSF,TGTGCTCCTATGCAGCAAGGCACTGGGTCTAAGCTGTCATTT,8218,13,clonotype18,clonotype18_consensus_2
CGAACATGTTATTCTC-1,True,CGAACATGTTATTCTC-1_contig_2,True,525,TRB,TRBV17,None,TRBJ2-5,None,True,True,CASSRKGVQDTQYF,TGTGCTAGCAGTAGAAAGGGGGTCCAAGACACCCAGTACTTT,42452,64,clonotype18,clonotype18_consensus_1
CGAACATGTTATTCTC-1,True,CGAACATGTTATTCTC-1_contig_3,True,423,TRA,None,None,TRAJ26,TRAC,False,False,None,None,2306,5,clonotype18,None
CGAACATGTTATTCTC-1,True,CGAACATGTTATTCTC-1_contig_4,True,446,TRB,None,None,TRBJ2-3,None,False,False,None,None,17906,25,clonotype18,None
CGAACATGTTCCTCCA-1,True,CGAACATGTTCCTCCA-1_contig_1,True,512,TRA,TRAV6-6,None,TRAJ24,TRAC,True,True,CAPLTTASLGKLQF,TGTGCTCCGTTGACAACTGCCAGTTTGGGGAAACTGCAGTTT,662,3,clonotype3,clonotype3_consensus_2
CGAACATGTTCCTCCA-1,True,CGAACATGTTCCTCCA-1_contig_2,True,505,TRB,TRBV13-1,None,TRBJ2-4,None,True,True,CASSEGTNTLYF,TGTGCCAGCAGTGAAGGAACAAACACCTTGTACTTT,13442,12,clonotype3,clonotype3_consensus_1
CGAACATGTTCCTCCA-1,True,CGAACATGTTCCTCCA-1_contig_3,True,705,TRA,TRAV9D-2,None,TRAJ26,TRAC,True,True,CVLSRGNNYAQGLTF,TGTGTTCTGAGCAGGGGCAATAACTATGCCCAGGGATTAACCTTC,7254,4,clonotype3,clonotype3_consensus_3
CGAACATGTTCCTCCA-1,True,CGAACATGTTCCTCCA-1_contig_4,True,358,TRB,None,None,TRBJ2-7,None,False,False,None,None,3068,1,clonotype3,None
CGAACATTCAGGCAAG-1,True,CGAACATTCAGGCAAG-1_contig_1,True,539,TRA,TRAV8-1,None,TRAJ30,TRAC,True,True,CATDTNAYKVIF,TGTGCTACTGACACAAATGCTTACAAAGTCATCTTT,8850,6,clonotype14,clonotype14_consensus_1
CGAACATTCAGGCAAG-1,True,CGAACATTCAGGCAAG-1_contig_2,True,585,TRB,TRBV12-2+TRBV13-2,None,TRBJ1-5,TRBC1,True,True,CASGTGDNQAPLF,TGTGCCAGCGGTACAGGGGACAACCAGGCTCCGCTTTTT,31386,27,clonotype14,clonotype14_consensus_2
CGAACATTCAGGCAAG-1,True,CGAACATTCAGGCAAG-1_contig_3,True,301,TRB,None,None,TRBJ2-7,None,False,False,None,None,4192,3,clonotype14,None
CGAACATTCAGGCAAG-1,True,CGAACATTCAGGCAAG-1_contig_4,True,428,TRA,None,None,TRAJ26,TRAC,False,False,None,None,3138,1,clonotype14,None
CGAACATTCAGGCAAG-1,True,CGAACATTCAGGCAAG-1_contig_5,True,567,TRA,TRAV3-3,None,TRAJ37,TRAC,True,False,None,None,14032,8,clonotype14,None
CGAATGTAGGTGTTAA-1,True,CGAATGTAGGTGTTAA-1_contig_1,True,550,TRA,TRAV6-6,None,TRAJ24,TRAC,True,True,CAPLTTASLGKLQF,TGTGCTCCGTTGACAACTGCCAGTTTGGGGAAACTGCAGTTT,17242,12,clonotype2,clonotype2_consensus_2
CGAATGTAGGTGTTAA-1,True,CGAATGTAGGTGTTAA-1_contig_2,True,505,TRB,TRBV13-1,None,TRBJ2-4,None,True,True,CASSEGTNTLYF,TGTGCCAGCAGTGAAGGAACAAACACCTTGTACTTT,53974,48,clonotype2,clonotype2_consensus_1
CGAATGTAGGTGTTAA-1,True,CGAATGTAGGTGTTAA-1_contig_3,True,399,TRA,TRAV9D-2,None,TRAJ26,TRAC,True,False,CVLSRGNNYAQGLTF,TGTGTTCTGAGCAGGGGCAATAACTATGCCCAGGGATTAACCTTC,3090,2,clonotype2,None
CGAATGTCAATCCAAC-1,True,CGAATGTCAATCCAAC-1_contig_1,True,517,TRA,TRAV6-6,None,TRAJ24,TRAC,True,True,CAPLTTASLGKLQF,TGTGCTCCGTTGACAACTGCCAGTTTGGGGAAACTGCAGTTT,9388,5,clonotype3,clonotype3_consensus_2
CGAATGTCAATCCAAC-1,True,CGAATGTCAATCCAAC-1_contig_2,True,505,TRB,TRBV13-1,None,TRBJ2-4,None,True,True,CASSEGTNTLYF,TGTGCCAGCAGTGAAGGAACAAACACCTTGTACTTT,44904,32,clonotype3,clonotype3_consensus_1
CGAATGTCAATCCAAC-1,True,CGAATGTCAATCCAAC-1_contig_3,True,722,TRA,TRAV9D-2,None,TRAJ26,TRAC,True,True,CVLSRGNNYAQGLTF,TGTGTTCTGAGCAGGGGCAATAACTATGCCCAGGGATTAACCTTC,9382,7,clonotype3,clonotype3_consensus_3
CGAATGTCAATCCAAC-1,True,CGAATGTCAATCCAAC-1_contig_4,True,942,TRA,TRAV6-6,None,TRAJ24,TRAC,True,False,CAPLTTASLGKLQF,TGTGCTCCGTTGACAACTGCCAGTTTGGGGAAACTGCAGTTT,872,1,clonotype3,clonotype3_consensus_2
CGAATGTCAGGACCCT-1,True,CGAATGTCAGGACCCT-1_contig_1,True,535,TRA,TRAV8-1,None,TRAJ48,TRAC,True,True,CATDGNEKITF,TGTGCTACTGATGGAAATGAGAAAATAACTTTT,5512,3,clonotype55,clonotype55_consensus_2
CGAATGTCAGGACCCT-1,True,CGAATGTCAGGACCCT-1_contig_2,True,541,TRB,TRBV12-2+TRBV13-2,None,TRBJ2-1,None,True,True,CASGAGDYAEQFF,TGTGCCAGCGGTGCTGGGGACTATGCTGAGCAGTTCTTC,3916,3,clonotype55,clonotype55_consensus_1
CGAATGTCAGGACCCT-1,True,CGAATGTCAGGACCCT-1_contig_3,True,337,TRB,None,None,TRBJ2-7,None,False,False,None,None,3974,2,clonotype55,None
CGAATGTCAGGCTCAC-1,True,CGAATGTCAGGCTCAC-1_contig_1,True,541,TRA,TRAV8D-1,None,TRAJ30,TRAC,True,True,CALDTNAYKVIF,TGTGCCCTCGACACAAATGCTTACAAAGTCATCTTT,6030,8,clonotype48,clonotype48_consensus_2
CGAATGTCAGGCTCAC-1,True,CGAATGTCAGGCTCAC-1_contig_2,True,516,TRB,TRBV13-2,None,TRBJ2-1,None,True,True,CASGTGDYAEQFF,TGTGCCAGCGGGACTGGGGACTATGCTGAGCAGTTCTTC,3318,4,clonotype48,clonotype48_consensus_1
CGAATGTCAGTACACT-1,True,CGAATGTCAGTACACT-1_contig_1,True,547,TRA,TRAV16D-DV11,None,TRAJ26,TRAC,True,True,CAMREENNYAQGLTF,TGTGCTATGAGAGAGGAAAATAACTATGCCCAGGGATTAACCTTC,7908,5,clonotype12,clonotype12_consensus_2
CGAATGTCAGTACACT-1,True,CGAATGTCAGTACACT-1_contig_2,True,505,TRB,TRBV13-1,None,TRBJ2-3,None,True,True,CASGDSAETLYF,TGTGCCAGCGGGGACAGTGCAGAAACGCTGTATTTT,43180,36,clonotype12,clonotype12_consensus_1
CGAATGTCAGTACACT-1,True,CGAATGTCAGTACACT-1_contig_3,True,575,TRA,TRAV3D-3,None,TRAJ28,TRAC,True,False,CTSAQSVRGTGSNRLTF,TGTACTTCTGCGCAGTCAGTGAGGGGCACTGGGAGTAACAGGCTCACTTTT,6474,6,clonotype12,None
CGAATGTCAGTACACT-1,True,CGAATGTCAGTACACT-1_contig_4,True,492,TRB,None,None,TRBJ1-6,TRBC1,False,False,None,None,19730,13,clonotype12,None
CGAATGTCATCCAACA-1,True,CGAATGTCATCCAACA-1_contig_1,True,651,TRA,TRAV14N-3,None,TRAJ6,TRAC,True,True,CAARTSGGNYKPTF,TGTGCAGCAAGAACCTCAGGAGGAAACTACAAACCTACGTTT,13734,8,clonotype4,clonotype4_consensus_2
CGAATGTCATCCAACA-1,True,CGAATGTCATCCAACA-1_contig_2,True,549,TRA,TRAV8N-2,None,TRAJ13,TRAC,True,True,CATEDSGTYQRF,TGTGCTACTGAGGATTCTGGGACTTACCAGAGGTTT,13146,6,clonotype4,clonotype4_consensus_1
CGAATGTCATCCAACA-1,True,CGAATGTCATCCAACA-1_contig_3,True,586,TRB,TRBV12-2+TRBV13-2,None,TRBJ2-7,None,True,True,CASGTGGDYEQYF,TGTGCCAGCGGGACTGGGGGGGACTATGAACAGTACTTC,18396,20,clonotype4,clonotype4_consensus_3
CGAATGTTCGCAAGCC-1,True,CGAATGTTCGCAAGCC-1_contig_1,True,544,TRA,TRAV6-6,None,TRAJ24,TRAC,True,True,CAPLTTASLGKLQF,TGTGCTCCGTTGACAACTGCCAGTTTGGGGAAACTGCAGTTT,7996,5,clonotype3,clonotype3_consensus_2
CGAATGTTCGCAAGCC-1,True,CGAATGTTCGCAAGCC-1_contig_2,True,505,TRB,TRBV13-1,None,TRBJ2-4,None,True,True,CASSEGTNTLYF,TGTGCCAGCAGTGAAGGAACAAACACCTTGTACTTT,23464,19,clonotype3,clonotype3_consensus_1
CGAATGTTCGCAAGCC-1,True,CGAATGTTCGCAAGCC-1_contig_3,True,702,TRA,TRAV9D-2,None,TRAJ26,TRAC,True,True,CVLSRGNNYAQGLTF,TGTGTTCTGAGCAGGGGCAATAACTATGCCCAGGGATTAACCTTC,20010,9,clonotype3,clonotype3_consensus_3
CGAATGTTCGCAAGCC-1,True,CGAATGTTCGCAAGCC-1_contig_4,True,357,TRB,None,None,TRBJ2-7,None,False,False,None,None,2186,1,clonotype3,None
CGACCTTCACGCATCG-1,True,CGACCTTCACGCATCG-1_contig_1,True,505,TRB,TRBV13-1,None,TRBJ2-3,None,True,True,CASGDSAETLYF,TGTGCCAGCGGGGACAGTGCAGAAACGCTGTATTTT,4148,3,clonotype24,clonotype24_consensus_1
CGACCTTCACGCATCG-1,True,CGACCTTCACGCATCG-1_contig_2,True,378,TRB,None,None,TRBJ1-6,TRBC1,False,False,None,None,2532,1,clonotype24,None
CGACCTTGTCGAGTTT-1,True,CGACCTTGTCGAGTTT-1_contig_1,True,573,TRA,TRAV19,None,TRAJ39,TRAC,True,True,CAAGGNNAGAKLTF,TGCGCAGCAGGTGGGAATAATGCAGGTGCCAAGCTCACATTC,12792,9,clonotype1,clonotype1_consensus_2
CGACCTTGTCGAGTTT-1,True,CGACCTTGTCGAGTTT-1_contig_2,True,567,TRB,TRBV12-2+TRBV13-2,None,TRBJ1-2,TRBC1,True,True,CASGGGTGNSDYTF,TGTGCCAGCGGTGGGGGGACAGGGAACTCCGACTACACCTTC,3324,3,clonotype1,clonotype1_consensus_1
CGACCTTGTCGAGTTT-1,True,CGACCTTGTCGAGTTT-1_contig_3,True,337,TRB,None,None,TRBJ2-1,None,False,False,None,None,3758,1,clonotype1,None
CGACCTTTCCTCGCAT-1,True,CGACCTTTCCTCGCAT-1_contig_1,True,549,TRB,TRBV16,None,TRBJ2-5,None,True,True,CASSFGGGQDTQYF,TGTGCAAGCAGCTTTGGGGGCGGCCAAGACACCCAGTACTTT,14376,12,clonotype175,clonotype175_consensus_1
CGACCTTTCCTCGCAT-1,True,CGACCTTTCCTCGCAT-1_contig_2,True,516,TRA,TRAV6-6,None,TRAJ22,TRAC,True,True,CALGTLSSGSWQLIF,TGTGCTCTGGGGACCCTATCTTCTGGCAGCTGGCAACTCATCTTT,6642,4,clonotype175,clonotype175_consensus_2
CGACCTTTCCTCGCAT-1,True,CGACCTTTCCTCGCAT-1_contig_3,True,559,TRA,TRAV12-1,None,TRAJ9,TRAC,True,True,CALRGNMGYKLTF,TGTGCTCTGAGAGGCAACATGGGCTACAAACTTACCTTC,11780,7,clonotype175,clonotype175_consensus_3
CGACCTTTCGAGGTAG-1,True,CGACCTTTCGAGGTAG-1_contig_1,True,484,TRA,TRAV8-1,None,TRAJ30,None,True,True,CATDTNAYKVIF,TGTGCTACTGACACAAATGCTTACAAAGTCATCTTT,688,1,clonotype13,clonotype13_consensus_1
CGACCTTTCGAGGTAG-1,True,CGACCTTTCGAGGTAG-1_contig_2,True,565,TRB,TRBV12-2+TRBV13-2,None,TRBJ1-5,TRBC1,True,True,CASGTGDNQAPLF,TGTGCCAGCGGGACAGGGGACAACCAGGCTCCGCTTTTT,5502,6,clonotype13,clonotype13_consensus_2
CGACCTTTCGAGGTAG-1,True,CGACCTTTCGAGGTAG-1_contig_3,True,497,TRA,TRAV7D-5,None,TRAJ31,TRAC,True,False,CSERSNNRIFF,TGCAGTGAGCGAAGCAATAACAGAATCTTCTTT,2670,3,clonotype13,None
CGACCTTTCGTTACAG-1,True,CGACCTTTCGTTACAG-1_contig_1,True,572,TRB,TRBV12-2+TRBV13-2,None,TRBJ2-1,None,True,True,CASGDPFQFF,TGTGCCAGCGGTGATCCTTTCCAGTTCTTC,11372,12,clonotype25,clonotype25_consensus_3
CGACCTTTCGTTACAG-1,True,CGACCTTTCGTTACAG-1_contig_2,True,507,TRB,TRBV5,None,TRBJ2-2,None,True,True,CASSTGQLYF,TGTGCCAGCAGCACCGGGCAGCTCTACTTT,22822,14,clonotype25,clonotype25_consensus_1
CGACCTTTCGTTACAG-1,True,CGACCTTTCGTTACAG-1_contig_3,True,719,TRA,TRAV9N-4,None,TRAJ22,TRAC,True,True,CALPSSGSWQLIF,TGTGCTCTCCCATCTTCTGGCAGCTGGCAACTCATCTTT,21618,12,clonotype25,clonotype25_consensus_2
CGACCTTTCGTTACAG-1,True,CGACCTTTCGTTACAG-1_contig_4,True,551,TRA,TRAV10N,None,TRAJ35,TRAC,True,False,CSKHQTGFASALTF,TGCAGCAAGCACCAGACAGGCTTTGCAAGTGCGCTGACATTT,2486,1,clonotype25,None
CGACCTTTCGTTACAG-1,True,CGACCTTTCGTTACAG-1_contig_5,True,368,TRB,None,None,TRBJ2-7,None,False,False,None,None,4958,3,clonotype25,None
CGACCTTTCTGCCAGG-1,True,CGACCTTTCTGCCAGG-1_contig_1,True,632,TRB,TRBV12-2+TRBV13-2,None,TRBJ1-4,TRBC1,True,True,CASGDAPERLFF,TGTGCCAGCGGTGATGCTCCCGAAAGATTATTTTTC,5350,5,clonotype41,clonotype41_consensus_1
CGACTTCGTTAGAACA-1,True,CGACTTCGTTAGAACA-1_contig_1,True,557,TRA,TRAV15-2-DV6-2,None,TRAJ39,TRAC,True,True,CALSEPNNNAGAKLTF,TGCGCTCTCTCGGAACCTAATAATAATGCAGGTGCCAAGCTCACATTC,3522,2,clonotype131,clonotype131_consensus_1
CGACTTCGTTAGAACA-1,True,CGACTTCGTTAGAACA-1_contig_2,True,557,TRB,TRBV12-2+TRBV13-2,None,TRBJ2-1,None,True,True,CASGAGDYAEQFF,TGTGCCAGCGGGGCGGGAGACTATGCTGAGCAGTTCTTC,10308,7,clonotype131,clonotype131_consensus_2
CGAGAAGAGAAACCTA-1,True,CGAGAAGAGAAACCTA-1_contig_1,True,558,TRA,TRAV19,None,TRAJ39,TRAC,True,True,CAAGGNNAGAKLTF,TGCGCAGCAGGTGGGAATAATGCAGGTGCCAAGCTCACATTC,19852,13,clonotype1,clonotype1_consensus_2
CGAGAAGAGAAACCTA-1,True,CGAGAAGAGAAACCTA-1_contig_2,True,569,TRB,TRBV12-2+TRBV13-2,None,TRBJ1-2,TRBC1,True,True,CASGGGTGNSDYTF,TGTGCCAGCGGTGGGGGGACAGGGAACTCCGACTACACCTTC,20410,17,clonotype1,clonotype1_consensus_1
CGAGAAGAGTACATGA-1,True,CGAGAAGAGTACATGA-1_contig_1,True,512,TRB,TRBV13-1,None,TRBJ2-4,None,True,True,CASSEGTNTLYF,TGTGCCAGCAGTGAAGGAACAAACACCTTGTACTTT,2848,2,clonotype6,clonotype6_consensus_1
CGAGAAGAGTACATGA-1,True,CGAGAAGAGTACATGA-1_contig_2,True,359,TRB,TRBV13-2,None,TRBJ2-5,None,True,False,CASGDW,TGTGCCAGCGGTGACTGG,2658,2,clonotype6,None
CGAGAAGAGTACATGA-1,True,CGAGAAGAGTACATGA-1_contig_3,True,430,TRA,TRAV9D-2,None,TRAJ26,TRAC,True,False,CVLSRGNNYAQGLTF,TGTGTTCTGAGCAGGGGCAATAACTATGCCCAGGGATTAACCTTC,4206,3,clonotype6,None
CGAGAAGAGTCTCCTC-1,True,CGAGAAGAGTCTCCTC-1_contig_1,True,519,TRA,TRAV6-6,None,TRAJ24,TRAC,True,True,CAPLTTASLGKLQF,TGTGCTCCGTTGACAACTGCCAGTTTGGGGAAACTGCAGTTT,6336,5,clonotype3,clonotype3_consensus_2
CGAGAAGAGTCTCCTC-1,True,CGAGAAGAGTCTCCTC-1_contig_2,True,505,TRB,TRBV13-1,None,TRBJ2-4,None,True,True,CASSEGTNTLYF,TGTGCCAGCAGTGAAGGAACAAACACCTTGTACTTT,14354,12,clonotype3,clonotype3_consensus_1
CGAGAAGAGTCTCCTC-1,True,CGAGAAGAGTCTCCTC-1_contig_3,True,723,TRA,TRAV9D-2,None,TRAJ26,TRAC,True,True,CVLSRGNNYAQGLTF,TGTGTTCTGAGCAGGGGCAATAACTATGCCCAGGGATTAACCTTC,16950,10,clonotype3,clonotype3_consensus_3
CGAGAAGAGTCTCCTC-1,True,CGAGAAGAGTCTCCTC-1_contig_4,True,480,TRA,TRAV10D,None,TRAJ30,None,True,False,None,None,38,1,clonotype3,None
CGAGAAGCAAGAAAGG-1,True,CGAGAAGCAAGAAAGG-1_contig_1,True,574,TRA,TRAV3D-3,None,TRAJ26,TRAC,True,True,CAVSANNYAQGLTF,TGCGCAGTCAGTGCAAATAACTATGCCCAGGGATTAACCTTC,3808,2,clonotype176,clonotype176_consensus_1
CGAGAAGCAAGAAAGG-1,True,CGAGAAGCAAGAAAGG-1_contig_2,True,571,TRB,TRBV2,None,TRBJ2-3,None,True,True,CASSQEGGGRFAETLYF,TGTGCCAGCAGCCAAGAGGGGGGGGGGCGTTTTGCAGAAACGCTGTATTTT,6828,5,clonotype176,clonotype176_consensus_2
CGAGAAGCAGACAAGC-1,True,CGAGAAGCAGACAAGC-1_contig_1,True,505,TRB,TRBV13-1,None,TRBJ2-4,None,True,True,CASSEGTNTLYF,TGTGCCAGCAGTGAAGGAACAAACACCTTGTACTTT,2772,4,clonotype6,clonotype6_consensus_1
CGAGAAGCATTACCTT-1,True,CGAGAAGCATTACCTT-1_contig_1,True,505,TRB,TRBV13-1,None,TRBJ2-3,None,True,True,CASGDSAETLYF,TGTGCCAGCGGGGACAGTGCAGAAACGCTGTATTTT,6674,4,clonotype24,clonotype24_consensus_1
CGAGAAGCATTACCTT-1,True,CGAGAAGCATTACCTT-1_contig_2,True,534,TRA,TRAV16D-DV11,None,TRAJ26,TRAC,True,False,CAMREENNYAQGLTF,TGTGCTATGAGAGAGGAAAATAACTATGCCCAGGGATTAACCTTC,4682,2,clonotype24,None
CGAGAAGCATTACCTT-1,True,CGAGAAGCATTACCTT-1_contig_3,True,616,TRB,None,None,TRBJ2-5,None,False,False,None,None,5242,3,clonotype24,None
CGAGAAGCATTACCTT-1,True,CGAGAAGCATTACCTT-1_contig_4,True,567,TRA,TRAV3D-3,None,TRAJ28,TRAC,True,False,CTSAQSVRGTGSNRLTF,TGTACTTCTGCGCAGTCAGTGAGGGGCACTGGGAGTAACAGGCTCACTTTT,1990,2,clonotype24,None
CGAGAAGCATTCTCAT-1,True,CGAGAAGCATTCTCAT-1_contig_1,True,591,TRB,TRBV12-2+TRBV13-2,None,TRBJ2-7,None,True,True,CASGAPYEQYF,TGTGCCAGCGGTGCCCCCTATGAACAGTACTTC,14560,12,clonotype60,clonotype60_consensus_2
CGAGAAGCATTCTCAT-1,True,CGAGAAGCATTCTCAT-1_contig_2,True,558,TRA,TRAV4D-3,None,TRAJ17,TRAC,True,True,CAAPNSAGNKLTF,TGTGCTGCGCCTAACAGTGCAGGGAACAAGCTAACTTTT,6390,5,clonotype60,clonotype60_consensus_1
CGAGAAGGTAATCACC-1,True,CGAGAAGGTAATCACC-1_contig_1,True,549,TRB,TRBV16,None,TRBJ2-5,None,True,True,CASSLGGGQDTQYF,TGTGCAAGCAGCTTAGGGGGGGGCCAAGACACCCAGTACTTT,3510,4,clonotype8,clonotype8_consensus_1
CGAGAAGGTAATCACC-1,True,CGAGAAGGTAATCACC-1_contig_2,True,565,TRA,TRAV4D-3,None,TRAJ27,TRAC,True,True,CAADGPNTGKLTF,TGTGCTGCGGACGGACCCAATACAGGCAAATTAACCTTT,1102,2,clonotype8,clonotype8_consensus_2
CGAGAAGGTAATCACC-1,True,CGAGAAGGTAATCACC-1_contig_3,True,525,TRA,TRAV7N-6,None,TRAJ30,TRAC,True,True,CAVVDTNAYKVIF,TGTGCAGTGGTTGACACAAATGCTTACAAAGTCATCTTT,638,1,clonotype8,clonotype8_consensus_3
CGAGAAGGTCTAGCGC-1,True,CGAGAAGGTCTAGCGC-1_contig_1,True,549,TRB,TRBV16,None,TRBJ2-7,None,True,True,CASSFGGGADEQYF,TGTGCAAGCAGCTTTGGTGGGGGGGCGGATGAACAGTACTTC,7290,9,clonotype20,clonotype20_consensus_2
CGAGAAGGTCTAGCGC-1,True,CGAGAAGGTCTAGCGC-1_contig_2,True,581,TRA,TRAV13D-2,None,TRAJ11,TRAC,True,True,CAIDLDSGYNKLTF,TGTGCTATAGATCTTGACTCGGGATACAACAAACTCACTTTT,12710,9,clonotype20,clonotype20_consensus_1
CGAGAAGGTCTAGTCA-1,True,CGAGAAGGTCTAGTCA-1_contig_1,True,593,TRA,TRAV19,None,TRAJ39,TRAC,True,True,CAAGGNNAGAKLTF,TGCGCAGCAGGTGGGAATAATGCAGGTGCCAAGCTCACATTC,2572,2,clonotype1,clonotype1_consensus_2
CGAGAAGGTCTAGTCA-1,True,CGAGAAGGTCTAGTCA-1_contig_2,True,595,TRB,TRBV12-2+TRBV13-2,None,TRBJ1-2,TRBC1,True,True,CASGGGTGNSDYTF,TGTGCCAGCGGTGGGGGGACAGGGAACTCCGACTACACCTTC,1870,2,clonotype1,clonotype1_consensus_1
CGAGAAGGTCTAGTCA-1,True,CGAGAAGGTCTAGTCA-1_contig_3,True,506,TRA,TRAV7-5,None,TRAJ45,TRAC,True,False,CSDTEGADRLTF,TGCAGTGATACAGAAGGTGCAGATAGACTCACCTTT,2238,1,clonotype1,None
CGAGAAGTCTGTTGAG-1,True,CGAGAAGTCTGTTGAG-1_contig_1,True,558,TRA,TRAV19,None,TRAJ39,TRAC,True,True,CAAGGNNAGAKLTF,TGCGCAGCAGGTGGGAATAATGCAGGTGCCAAGCTCACATTC,3374,3,clonotype1,clonotype1_consensus_2
CGAGAAGTCTGTTGAG-1,True,CGAGAAGTCTGTTGAG-1_contig_2,True,567,TRB,TRBV12-2+TRBV13-2,None,TRBJ1-2,TRBC1,True,True,CASGGGTGNSDYTF,TGTGCCAGCGGTGGGGGGACAGGGAACTCCGACTACACCTTC,5868,5,clonotype1,clonotype1_consensus_1
CGAGCACCACTAGTAC-1,True,CGAGCACCACTAGTAC-1_contig_1,True,512,TRB,TRBV13-1,None,TRBJ2-4,None,True,True,CASSEGTNTLYF,TGTGCCAGCAGTGAAGGAACAAACACCTTGTACTTT,2912,2,clonotype6,clonotype6_consensus_1
CGAGCACGTAACGACG-1,True,CGAGCACGTAACGACG-1_contig_1,True,558,TRA,TRAV19,None,TRAJ39,TRAC,True,True,CAAGGNNAGAKLTF,TGCGCAGCAGGTGGGAATAATGCAGGTGCCAAGCTCACATTC,4846,4,clonotype1,clonotype1_consensus_2
CGAGCACGTAACGACG-1,True,CGAGCACGTAACGACG-1_contig_2,True,570,TRB,TRBV12-2+TRBV13-2,None,TRBJ1-2,TRBC1,True,True,CASGGGTGNSDYTF,TGTGCCAGCGGTGGGGGGACAGGGAACTCCGACTACACCTTC,31174,28,clonotype1,clonotype1_consensus_1
CGAGCACGTGACAAAT-1,True,CGAGCACGTGACAAAT-1_contig_1,True,558,TRA,TRAV4-3,None,TRAJ30,TRAC,True,True,CAADPDTNAYKVIF,TGTGCTGCTGACCCCGACACAAATGCTTACAAAGTCATCTTT,14372,11,clonotype323,clonotype323_consensus_1
CGAGCACGTGACAAAT-1,True,CGAGCACGTGACAAAT-1_contig_2,True,440,TRB,TRBV29,None,TRBJ1-3,TRBC1,True,True,CASRSNSGNTLYF,TGTGCTAGCAGGTCAAATTCTGGAAATACGCTCTATTTT,7192,4,clonotype323,clonotype323_consensus_2
CGAGCACGTGACAAAT-1,True,CGAGCACGTGACAAAT-1_contig_3,True,382,TRB,None,None,TRBJ2-7,None,False,False,None,None,3904,3,clonotype323,None
CGAGCACGTTGCGCAC-1,True,CGAGCACGTTGCGCAC-1_contig_1,True,505,TRB,TRBV13-1,None,TRBJ2-4,None,True,True,CASSEGTNTLYF,TGTGCCAGCAGTGAAGGAACAAACACCTTGTACTTT,10278,8,clonotype9,clonotype9_consensus_1
CGAGCACGTTGCGCAC-1,True,CGAGCACGTTGCGCAC-1_contig_2,True,732,TRA,TRAV9D-2,None,TRAJ26,TRAC,True,True,CVLSRGNNYAQGLTF,TGTGTTCTGAGCAGGGGCAATAACTATGCCCAGGGATTAACCTTC,9166,5,clonotype9,clonotype9_consensus_2
CGAGCACTCGACAGCC-1,True,CGAGCACTCGACAGCC-1_contig_1,True,603,TRA,TRAV14D-3-DV8,None,TRAJ6,TRAC,True,True,CAARTSGGNYKPTF,TGTGCAGCAAGAACCTCAGGAGGAAACTACAAACCTACGTTT,6242,5,clonotype51,clonotype51_consensus_2
CGAGCACTCGACAGCC-1,True,CGAGCACTCGACAGCC-1_contig_2,True,565,TRB,TRBV12-2+TRBV13-2,None,TRBJ2-7,None,True,True,CASGAGGDYEQYF,TGTGCCAGCGGTGCTGGGGGGGACTATGAACAGTACTTC,3960,6,clonotype51,clonotype51_consensus_1
CGAGCCAAGCTCCTCT-1,True,CGAGCCAAGCTCCTCT-1_contig_1,True,537,TRA,TRAV3-3,None,TRAJ49,TRAC,True,True,CAVSGSTGYQNFYF,TGCGCAGTCAGTGGGAGCACGGGTTACCAGAACTTCTATTTT,10188,8,clonotype5,clonotype5_consensus_1
CGAGCCAAGCTCCTCT-1,True,CGAGCCAAGCTCCTCT-1_contig_2,True,564,TRB,TRBV12-2+TRBV13-2,None,TRBJ2-7,None,True,True,CASGVQGWEQYF,TGTGCCAGCGGTGTACAGGGGTGGGAACAGTACTTC,24236,17,clonotype5,clonotype5_consensus_2
CGAGCCAAGCTCCTCT-1,True,CGAGCCAAGCTCCTCT-1_contig_3,True,639,TRB,None,None,TRBJ2-5,None,False,False,None,None,11772,9,clonotype5,None
CGAGCCAAGCTCCTCT-1,True,CGAGCCAAGCTCCTCT-1_contig_4,True,539,TRA,TRAV6D-5,None,TRAJ38,TRAC,True,False,CTTVFWDNVGDNSKLIW,TGTACTACTGTGTTCTGGGATAATGTTGGTGACAACAGTAAGCTGATTTGG,10998,9,clonotype5,None
CGAGCCAAGCTCCTCT-1,True,CGAGCCAAGCTCCTCT-1_contig_5,True,365,TRB,None,None,TRBJ1-1,TRBC1,False,False,None,None,10544,5,clonotype5,None
CGAGCCAAGGTGTTAA-1,True,CGAGCCAAGGTGTTAA-1_contig_1,True,519,TRA,TRAV6-6,None,TRAJ24,TRAC,True,True,CAPLTTASLGKLQF,TGTGCTCCGTTGACAACTGCCAGTTTGGGGAAACTGCAGTTT,1784,2,clonotype3,clonotype3_consensus_2
CGAGCCAAGGTGTTAA-1,True,CGAGCCAAGGTGTTAA-1_contig_2,True,505,TRB,TRBV13-1,None,TRBJ2-4,None,True,True,CASSEGTNTLYF,TGTGCCAGCAGTGAAGGAACAAACACCTTGTACTTT,6292,6,clonotype3,clonotype3_consensus_1
CGAGCCAAGGTGTTAA-1,True,CGAGCCAAGGTGTTAA-1_contig_3,True,704,TRA,TRAV9D-2,None,TRAJ26,TRAC,True,True,CVLSRGNNYAQGLTF,TGTGTTCTGAGCAGGGGCAATAACTATGCCCAGGGATTAACCTTC,3632,3,clonotype3,clonotype3_consensus_3
CGAGCCAAGTGCCATT-1,True,CGAGCCAAGTGCCATT-1_contig_1,True,519,TRA,TRAV6-6,None,TRAJ24,TRAC,True,True,CAPLTTASLGKLQF,TGTGCTCCGTTGACAACTGCCAGTTTGGGGAAACTGCAGTTT,3864,5,clonotype3,clonotype3_consensus_2
CGAGCCAAGTGCCATT-1,True,CGAGCCAAGTGCCATT-1_contig_2,True,512,TRB,TRBV13-1,None,TRBJ2-4,None,True,True,CASSEGTNTLYF,TGTGCCAGCAGTGAAGGAACAAACACCTTGTACTTT,9342,8,clonotype3,clonotype3_consensus_1
CGAGCCAAGTGCCATT-1,True,CGAGCCAAGTGCCATT-1_contig_3,True,739,TRA,TRAV9D-2,None,TRAJ26,TRAC,True,True,CVLSRGNNYAQGLTF,TGTGTTCTGAGCAGGGGCAATAACTATGCCCAGGGATTAACCTTC,3784,3,clonotype3,clonotype3_consensus_3
CGAGCCACATGTAGTC-1,True,CGAGCCACATGTAGTC-1_contig_1,True,553,TRA,TRAV7-5,None,TRAJ23,TRAC,True,True,CAVSMNYNQGKLIF,TGTGCAGTGAGCATGAATTATAACCAGGGGAAGCTTATCTTT,4830,4,clonotype157,clonotype157_consensus_1
CGAGCCACATGTAGTC-1,True,CGAGCCACATGTAGTC-1_contig_2,True,460,TRB,None,None,TRBJ2-1,None,False,False,None,None,1772,1,clonotype157,None
CGAGCCAGTATAGTAG-1,True,CGAGCCAGTATAGTAG-1_contig_1,True,505,TRB,TRBV13-1,None,TRBJ2-3,None,True,True,CASGDSAETLYF,TGTGCCAGCGGGGACAGTGCAGAAACGCTGTATTTT,15366,11,clonotype24,clonotype24_consensus_1
CGAGCCAGTATAGTAG-1,True,CGAGCCAGTATAGTAG-1_contig_2,True,427,TRB,None,None,TRBJ1-6,TRBC1,False,False,None,None,1958,1,clonotype24,None
CGATCGGAGACAAAGG-1,True,CGATCGGAGACAAAGG-1_contig_1,True,556,TRB,TRBV20,None,TRBJ1-6,TRBC1,True,True,CADRSYNSPLYF,TGTGCCGACAGGTCCTATAATTCGCCCCTCTACTTT,10232,6,clonotype132,clonotype132_consensus_1
CGATCGGAGACGACGT-1,True,CGATCGGAGACGACGT-1_contig_1,True,512,TRB,TRBV13-1,None,TRBJ2-4,None,True,True,CASSEGTNTLYF,TGTGCCAGCAGTGAAGGAACAAACACCTTGTACTTT,8924,7,clonotype6,clonotype6_consensus_1
CGATCGGAGCAGGCTA-1,True,CGATCGGAGCAGGCTA-1_contig_1,True,565,TRB,TRBV12-2+TRBV13-2,None,TRBJ1-5,TRBC1,True,True,CASGTGDNQAPLF,TGTGCCAGCGGGACAGGGGACAACCAGGCTCCGCTTTTT,2180,3,clonotype16,clonotype16_consensus_1
CGATCGGAGCGAGAAA-1,True,CGATCGGAGCGAGAAA-1_contig_1,True,515,TRA,TRAV7D-2,None,TRAJ6,TRAC,True,True,CAAPTSGGNYKPTF,TGTGCAGCCCCAACCTCAGGAGGAAACTACAAACCTACGTTT,1070,1,clonotype133,clonotype133_consensus_2
CGATCGGAGCGAGAAA-1,True,CGATCGGAGCGAGAAA-1_contig_2,True,564,TRB,TRBV12-2+TRBV13-2,None,TRBJ2-7,None,True,True,CASGEGQNYEQYF,TGTGCCAGCGGTGAGGGACAGAATTATGAACAGTACTTC,2870,2,clonotype133,clonotype133_consensus_1
CGATCGGCAGGGTACA-1,True,CGATCGGCAGGGTACA-1_contig_1,True,562,TRA,TRAV16,None,TRAJ52,TRAC,True,True,CAMREGHTGANTGKLTF,TGTGCTATGAGAGAGGGCCACACTGGAGCTAACACTGGAAAGCTCACGTTT,3778,3,clonotype84,clonotype84_consensus_1
CGATCGGCAGGGTACA-1,True,CGATCGGCAGGGTACA-1_contig_2,True,605,TRB,TRBV12-2,None,TRBJ2-5,None,True,True,CASSLQGVQDTQYF,TGTGCCAGCTCTCTCCAGGGGGTCCAAGACACCCAGTACTTT,580,1,clonotype84,clonotype84_consensus_2
CGATCGGCAGGGTACA-1,True,CGATCGGCAGGGTACA-1_contig_3,True,558,TRA,TRAV8N-2,None,TRAJ53,TRAC,True,False,None,None,1708,2,clonotype84,None
CGATCGGCAGGGTACA-1,True,CGATCGGCAGGGTACA-1_contig_4,True,332,TRB,None,None,TRBJ2-1,None,False,False,None,None,4952,2,clonotype84,None
CGATGGCCACGGACAA-1,True,CGATGGCCACGGACAA-1_contig_1,True,541,TRA,TRAV6-6,None,TRAJ24,TRAC,True,True,CAPLTTASLGKLQF,TGTGCTCCGTTGACAACTGCCAGTTTGGGGAAACTGCAGTTT,3554,3,clonotype3,clonotype3_consensus_2
CGATGGCCACGGACAA-1,True,CGATGGCCACGGACAA-1_contig_2,True,505,TRB,TRBV13-1,None,TRBJ2-4,None,True,True,CASSEGTNTLYF,TGTGCCAGCAGTGAAGGAACAAACACCTTGTACTTT,66336,56,clonotype3,clonotype3_consensus_1
CGATGGCCACGGACAA-1,True,CGATGGCCACGGACAA-1_contig_3,True,674,TRA,TRAV9D-2,None,TRAJ26,TRAC,True,True,CVLSRGNNYAQGLTF,TGTGTTCTGAGCAGGGGCAATAACTATGCCCAGGGATTAACCTTC,4862,2,clonotype3,clonotype3_consensus_3
CGATGGCCACGGACAA-1,True,CGATGGCCACGGACAA-1_contig_4,True,345,TRB,None,None,TRBJ2-7,None,False,False,None,None,1730,1,clonotype3,None
CGATGGCCAGTAAGCG-1,True,CGATGGCCAGTAAGCG-1_contig_1,True,519,TRA,TRAV6-6,None,TRAJ24,TRAC,True,True,CAPLTTASLGKLQF,TGTGCTCCGTTGACAACTGCCAGTTTGGGGAAACTGCAGTTT,12538,9,clonotype3,clonotype3_consensus_2
CGATGGCCAGTAAGCG-1,True,CGATGGCCAGTAAGCG-1_contig_2,True,512,TRB,TRBV13-1,None,TRBJ2-4,None,True,True,CASSEGTNTLYF,TGTGCCAGCAGTGAAGGAACAAACACCTTGTACTTT,59140,58,clonotype3,clonotype3_consensus_1
CGATGGCCAGTAAGCG-1,True,CGATGGCCAGTAAGCG-1_contig_3,True,767,TRA,TRAV9D-2,None,TRAJ26,TRAC,True,True,CVLSRGNNYAQGLTF,TGTGTTCTGAGCAGGGGCAATAACTATGCCCAGGGATTAACCTTC,5280,7,clonotype3,clonotype3_consensus_3
CGATGGCCATGCCTTC-1,True,CGATGGCCATGCCTTC-1_contig_1,True,583,TRA,TRAV6-6,None,TRAJ24,TRAC,True,True,CAPLTTASLGKLQF,TGTGCTCCGTTGACAACTGCCAGTTTGGGGAAACTGCAGTTT,18696,14,clonotype3,clonotype3_consensus_2
CGATGGCCATGCCTTC-1,True,CGATGGCCATGCCTTC-1_contig_2,True,505,TRB,TRBV13-1,None,TRBJ2-4,None,True,True,CASSEGTNTLYF,TGTGCCAGCAGTGAAGGAACAAACACCTTGTACTTT,24780,18,clonotype3,clonotype3_consensus_1
CGATGGCCATGCCTTC-1,True,CGATGGCCATGCCTTC-1_contig_3,True,696,TRA,TRAV9D-2,None,TRAJ26,TRAC,True,True,CVLSRGNNYAQGLTF,TGTGTTCTGAGCAGGGGCAATAACTATGCCCAGGGATTAACCTTC,11540,9,clonotype3,clonotype3_consensus_3
CGATGGCCATGCCTTC-1,True,CGATGGCCATGCCTTC-1_contig_4,True,355,TRB,None,None,TRBJ2-7,None,False,False,None,None,2606,1,clonotype3,None
CGATGGCGTCCGCTGA-1,True,CGATGGCGTCCGCTGA-1_contig_1,True,512,TRB,TRBV13-1,None,TRBJ2-4,None,True,True,CASSEGTNTLYF,TGTGCCAGCAGTGAAGGAACAAACACCTTGTACTTT,4550,4,clonotype6,clonotype6_consensus_1
CGATGGCTCGCGTAGC-1,True,CGATGGCTCGCGTAGC-1_contig_1,True,520,TRA,TRAV8D-1,None,TRAJ31,TRAC,True,True,CATDSNNRIFF,TGTGCTACTGATAGCAATAACAGAATCTTCTTT,878,1,clonotype324,clonotype324_consensus_1
CGATGGCTCGCGTAGC-1,True,CGATGGCTCGCGTAGC-1_contig_2,True,574,TRA,TRAV3D-3,None,TRAJ30,TRAC,True,True,CAVRADTNAYKVIF,TGCGCAGTCAGGGCTGACACAAATGCTTACAAAGTCATCTTT,1540,2,clonotype324,clonotype324_consensus_2
CGATGGCTCGTACGGC-1,True,CGATGGCTCGTACGGC-1_contig_1,True,525,TRA,TRAV14N-3,None,TRAJ6,TRAC,True,True,CAARTSGGNYKPTF,TGTGCAGCAAGAACCTCAGGAGGAAACTACAAACCTACGTTT,3824,2,clonotype4,clonotype4_consensus_2
CGATGGCTCGTACGGC-1,True,CGATGGCTCGTACGGC-1_contig_2,True,549,TRA,TRAV8N-2,None,TRAJ13,TRAC,True,True,CATEDSGTYQRF,TGTGCTACTGAGGATTCTGGGACTTACCAGAGGTTT,5484,3,clonotype4,clonotype4_consensus_1
CGATGGCTCGTACGGC-1,True,CGATGGCTCGTACGGC-1_contig_3,True,567,TRB,TRBV12-2+TRBV13-2,None,TRBJ2-7,None,True,True,CASGTGGDYEQYF,TGTGCCAGCGGGACTGGGGGGGACTATGAACAGTACTTC,4212,6,clonotype4,clonotype4_consensus_3
CGATGTAAGAGGACGG-1,True,CGATGTAAGAGGACGG-1_contig_1,True,551,TRA,TRAV8-1,None,TRAJ30,TRAC,True,True,CATDTNAYKVIF,TGTGCTACTGACACAAATGCTTACAAAGTCATCTTT,4198,3,clonotype112,clonotype112_consensus_1
CGATGTAAGAGGACGG-1,True,CGATGTAAGAGGACGG-1_contig_2,True,569,TRB,TRBV12-2+TRBV13-2,None,TRBJ1-5,TRBC1,True,True,CASGTGDNQAPLF,TGTGCCAGCGGAACAGGGGACAACCAGGCTCCGCTTTTT,5580,5,clonotype112,clonotype112_consensus_2
CGATGTAAGAGGACGG-1,True,CGATGTAAGAGGACGG-1_contig_3,True,372,TRB,None,None,TRBJ2-5,None,False,False,None,None,5118,4,clonotype112,None
CGATGTAAGAGGACGG-1,True,CGATGTAAGAGGACGG-1_contig_4,True,578,TRA,TRAV12D-2,None,TRAJ40,TRAC,True,False,CPVLLCFESSNTGNYKYVF,TGCCCTGTACTTCTGTGCTTTGAGTCCTCTAATACAGGAAACTACAAATACGTCTTT,3334,2,clonotype112,None
CGATGTACACCAACCG-1,True,CGATGTACACCAACCG-1_contig_1,True,505,TRB,TRBV13-1,None,TRBJ2-4,None,True,True,CASSEGTNTLYF,TGTGCCAGCAGTGAAGGAACAAACACCTTGTACTTT,14678,11,clonotype9,clonotype9_consensus_1
CGATGTACACCAACCG-1,True,CGATGTACACCAACCG-1_contig_2,True,674,TRA,TRAV9D-2,None,TRAJ26,TRAC,True,True,CVLSRGNNYAQGLTF,TGTGTTCTGAGCAGGGGCAATAACTATGCCCAGGGATTAACCTTC,7598,6,clonotype9,clonotype9_consensus_2
CGATGTAGTATAAACG-1,True,CGATGTAGTATAAACG-1_contig_1,True,565,TRA,TRAV6-6,None,TRAJ24,TRAC,True,True,CAPLTTASLGKLQF,TGTGCTCCGTTGACAACTGCCAGTTTGGGGAAACTGCAGTTT,11028,8,clonotype2,clonotype2_consensus_2
CGATGTAGTATAAACG-1,True,CGATGTAGTATAAACG-1_contig_2,True,512,TRB,TRBV13-1,None,TRBJ2-4,None,True,True,CASSEGTNTLYF,TGTGCCAGCAGTGAAGGAACAAACACCTTGTACTTT,13638,11,clonotype2,clonotype2_consensus_1
CGATGTAGTATAAACG-1,True,CGATGTAGTATAAACG-1_contig_3,True,438,TRA,TRAV9D-2,None,TRAJ26,TRAC,True,False,CVLSRGNNYAQGLTF,TGTGTTCTGAGCAGGGGCAATAACTATGCCCAGGGATTAACCTTC,448,2,clonotype2,None
CGATGTAGTATAATGG-1,True,CGATGTAGTATAATGG-1_contig_1,True,549,TRB,TRBV16,None,TRBJ2-7,None,True,True,CASSFGGGADEQYF,TGTGCAAGCAGCTTTGGTGGGGGGGCGGATGAACAGTACTTC,27042,26,clonotype20,clonotype20_consensus_2
CGATGTAGTATAATGG-1,True,CGATGTAGTATAATGG-1_contig_2,True,541,TRA,TRAV13D-2,None,TRAJ11,TRAC,True,True,CAIDLDSGYNKLTF,TGTGCTATAGATCTTGACTCGGGATACAACAAACTCACTTTT,16358,12,clonotype20,clonotype20_consensus_1
CGATGTAGTATAATGG-1,True,CGATGTAGTATAATGG-1_contig_3,True,603,TRB,TRBV13-1,None,TRBJ1-2,TRBC1,True,False,None,None,2760,2,clonotype20,None
CGATGTAGTGGCTCCA-1,True,CGATGTAGTGGCTCCA-1_contig_1,True,523,TRB,TRBV14,None,TRBJ2-1,None,True,True,CASSFGPANYAEQFF,TGTGCCAGCAGTTTCGGGCCAGCTAACTATGCTGAGCAGTTCTTC,7096,5,clonotype325,clonotype325_consensus_1
CGATGTATCAACCAAC-1,True,CGATGTATCAACCAAC-1_contig_1,True,570,TRA,TRAV14N-3,None,TRAJ6,TRAC,True,True,CAARTSGGNYKPTF,TGTGCAGCAAGAACCTCAGGAGGAAACTACAAACCTACGTTT,16786,15,clonotype4,clonotype4_consensus_2
CGATGTATCAACCAAC-1,True,CGATGTATCAACCAAC-1_contig_2,True,549,TRA,TRAV8N-2,None,TRAJ13,TRAC,True,True,CATEDSGTYQRF,TGTGCTACTGAGGATTCTGGGACTTACCAGAGGTTT,20190,15,clonotype4,clonotype4_consensus_1
CGATGTATCAACCAAC-1,True,CGATGTATCAACCAAC-1_contig_3,True,604,TRB,TRBV12-2+TRBV13-2,None,TRBJ2-7,None,True,True,CASGTGGDYEQYF,TGTGCCAGCGGGACTGGGGGGGACTATGAACAGTACTTC,36452,50,clonotype4,clonotype4_consensus_3
CGATGTATCATTGCCC-1,True,CGATGTATCATTGCCC-1_contig_1,True,526,TRA,TRAV14N-3,None,TRAJ6,TRAC,True,True,CAARTSGGNYKPTF,TGTGCAGCAAGAACCTCAGGAGGAAACTACAAACCTACGTTT,16198,12,clonotype4,clonotype4_consensus_2
CGATGTATCATTGCCC-1,True,CGATGTATCATTGCCC-1_contig_2,True,549,TRA,TRAV8N-2,None,TRAJ13,TRAC,True,True,CATEDSGTYQRF,TGTGCTACTGAGGATTCTGGGACTTACCAGAGGTTT,34576,23,clonotype4,clonotype4_consensus_1
CGATGTATCATTGCCC-1,True,CGATGTATCATTGCCC-1_contig_3,True,568,TRB,TRBV12-2+TRBV13-2,None,TRBJ2-7,None,True,True,CASGTGGDYEQYF,TGTGCCAGCGGGACTGGGGGGGACTATGAACAGTACTTC,24684,26,clonotype4,clonotype4_consensus_3
CGATGTATCGTTGCCT-1,True,CGATGTATCGTTGCCT-1_contig_1,True,537,TRA,TRAV3-3,None,TRAJ49,TRAC,True,True,CAVSGATGYQNFYF,TGCGCAGTCAGTGGGGCCACGGGTTACCAGAACTTCTATTTT,13908,15,clonotype10,clonotype10_consensus_3
CGATGTATCGTTGCCT-1,True,CGATGTATCGTTGCCT-1_contig_2,True,507,TRA,TRAV21-DV12,None,TRAJ42,TRAC,True,True,CILRVHGGSNAKLTF,TGTATCCTGAGAGTCCATGGAGGAAGCAATGCAAAGCTAACCTTC,15730,14,clonotype10,clonotype10_consensus_1
CGATGTATCGTTGCCT-1,True,CGATGTATCGTTGCCT-1_contig_3,True,572,TRB,TRBV12-2+TRBV13-2,None,TRBJ2-7,None,True,True,CASGVQGEQYF,TGTGCCAGCGGTGTTCAGGGAGAACAGTACTTC,19872,27,clonotype10,clonotype10_consensus_2
CGATGTATCGTTGCCT-1,True,CGATGTATCGTTGCCT-1_contig_4,True,739,TRB,None,None,TRBJ1-3,TRBC1,False,False,None,None,27598,30,clonotype10,None
CGATTGAGTTTGTTTC-1,True,CGATTGAGTTTGTTTC-1_contig_1,True,549,TRA,TRAV8N-2,None,TRAJ13,TRAC,True,True,CATEDSGTYQRF,TGTGCTACTGAGGATTCTGGGACTTACCAGAGGTTT,5968,4,clonotype36,clonotype36_consensus_1
CGATTGAGTTTGTTTC-1,True,CGATTGAGTTTGTTTC-1_contig_2,True,578,TRB,TRBV12-2+TRBV13-2,None,TRBJ2-7,None,True,True,CASGTGGDYEQYF,TGTGCCAGCGGGACTGGGGGGGACTATGAACAGTACTTC,5004,7,clonotype36,clonotype36_consensus_2
CGATTGATCACATACG-1,True,CGATTGATCACATACG-1_contig_1,True,521,TRA,TRAV8-1,None,TRAJ30,TRAC,True,True,CATDTNAYKVIF,TGTGCTACTGACACAAATGCTTACAAAGTCATCTTT,26784,20,clonotype14,clonotype14_consensus_1
CGATTGATCACATACG-1,True,CGATTGATCACATACG-1_contig_2,True,600,TRB,TRBV12-2+TRBV13-2,None,TRBJ1-5,TRBC1,True,True,CASGTGDNQAPLF,TGTGCCAGCGGTACAGGGGACAACCAGGCTCCGCTTTTT,33254,31,clonotype14,clonotype14_consensus_2
CGATTGATCACATACG-1,True,CGATTGATCACATACG-1_contig_3,True,567,TRA,TRAV3-3,None,TRAJ37,TRAC,True,False,None,None,11590,11,clonotype14,None
CGATTGATCAGCTCGG-1,True,CGATTGATCAGCTCGG-1_contig_1,True,571,TRB,TRBV12-2+TRBV13-2,None,TRBJ1-2,TRBC1,True,True,CASGGGTGNSDYTF,TGTGCCAGCGGTGGGGGGACAGGGAACTCCGACTACACCTTC,14402,12,clonotype7,clonotype7_consensus_1
CGATTGATCAGCTCGG-1,True,CGATTGATCAGCTCGG-1_contig_2,True,320,TRB,None,None,TRBJ1-4,TRBC1,False,False,None,None,1974,3,clonotype7,None
CGATTGATCAGCTCGG-1,True,CGATTGATCAGCTCGG-1_contig_3,True,319,TRB,None,None,TRBJ2-7,None,False,False,None,None,4636,5,clonotype7,None
CGCGGTAAGGCGACAT-1,True,CGCGGTAAGGCGACAT-1_contig_1,True,655,TRB,TRBV12-2+TRBV13-2,None,TRBJ1-4,TRBC1,True,True,CASGDAPERLFF,TGTGCCAGCGGTGATGCTCCCGAAAGATTATTTTTC,29486,31,clonotype326,clonotype326_consensus_2
CGCGGTAAGGCGACAT-1,True,CGCGGTAAGGCGACAT-1_contig_2,True,546,TRA,TRAV8-1,None,TRAJ30,TRAC,True,True,CATDTNAYKVIF,TGTGCTACTGACACAAATGCTTACAAAGTCATCTTT,4054,3,clonotype326,clonotype326_consensus_1
CGCGGTAAGGCGACAT-1,True,CGCGGTAAGGCGACAT-1_contig_3,True,514,TRA,TRAV6-5,None,TRAJ30,TRAC,True,False,None,None,4106,4,clonotype326,None
CGCGGTAAGGCGACAT-1,True,CGCGGTAAGGCGACAT-1_contig_4,True,370,TRB,None,None,TRBJ2-1,None,False,False,None,None,20410,12,clonotype326,None
CGCGGTAAGGCGACAT-1,True,CGCGGTAAGGCGACAT-1_contig_5,True,583,Multi,TRDV1,None,TRAJ43,TRAC,True,False,CGGLNNAPRF,TGTGGAGGCCTCAACAATGCCCCACGATTT,16112,15,clonotype326,None
CGCGGTACACGGACAA-1,True,CGCGGTACACGGACAA-1_contig_1,True,561,TRA,TRAV8-1,None,TRAJ31,TRAC,True,True,CATDADSNNRIFF,TGTGCTACTGATGCGGATAGCAATAACAGAATCTTCTTT,3628,3,clonotype177,clonotype177_consensus_1
CGCGGTACACGGACAA-1,True,CGCGGTACACGGACAA-1_contig_2,True,588,TRB,TRBV12-2+TRBV13-2,None,TRBJ2-2,None,True,True,CASGTGDTGQLYF,TGTGCCAGCGGGACAGGGGACACCGGGCAGCTCTACTTT,16452,14,clonotype177,clonotype177_consensus_2
CGCGGTACACGGACAA-1,True,CGCGGTACACGGACAA-1_contig_3,True,321,TRB,None,None,TRBJ2-7,None,False,False,None,None,1792,2,clonotype177,None
CGCGGTACACGGACAA-1,True,CGCGGTACACGGACAA-1_contig_4,True,602,TRA,TRAV12D-2,None,TRAJ31,TRAC,True,False,CPVLLCFECGGNSNNRIFF,TGCCCTGTACTTCTGTGCTTTGAGTGTGGGGGGAATAGCAATAACAGAATCTTCTTT,4240,2,clonotype177,None
CGCGGTACAGCCAGAA-1,True,CGCGGTACAGCCAGAA-1_contig_1,True,549,TRB,TRBV16,None,TRBJ2-5,None,True,True,CASSLGGGQDTQYF,TGTGCAAGCAGCTTAGGGGGGGGCCAAGACACCCAGTACTTT,23872,21,clonotype54,clonotype54_consensus_1
CGCGGTACAGCCAGAA-1,True,CGCGGTACAGCCAGAA-1_contig_2,True,525,TRA,TRAV7N-6,None,TRAJ30,TRAC,True,True,CAVVDTNAYKVIF,TGTGCAGTGGTTGACACAAATGCTTACAAAGTCATCTTT,11266,7,clonotype54,clonotype54_consensus_2
CGCGGTAGTCCTCTTG-1,True,CGCGGTAGTCCTCTTG-1_contig_1,True,517,TRA,TRAV6-6,None,TRAJ24,TRAC,True,True,CAPLTTASLGKLQF,TGTGCTCCGTTGACAACTGCCAGTTTGGGGAAACTGCAGTTT,14142,8,clonotype3,clonotype3_consensus_2
CGCGGTAGTCCTCTTG-1,True,CGCGGTAGTCCTCTTG-1_contig_2,True,505,TRB,TRBV13-1,None,TRBJ2-4,None,True,True,CASSEGTNTLYF,TGTGCCAGCAGTGAAGGAACAAACACCTTGTACTTT,46530,36,clonotype3,clonotype3_consensus_1
CGCGGTAGTCCTCTTG-1,True,CGCGGTAGTCCTCTTG-1_contig_3,True,733,TRA,TRAV9D-2,None,TRAJ26,TRAC,True,True,CVLSRGNNYAQGLTF,TGTGTTCTGAGCAGGGGCAATAACTATGCCCAGGGATTAACCTTC,11212,6,clonotype3,clonotype3_consensus_3
CGCGGTATCCAGTATG-1,True,CGCGGTATCCAGTATG-1_contig_1,True,525,TRB,TRBV17,None,TRBJ2-5,None,True,True,CASSRKGAQDTQYF,TGTGCTAGCAGTAGGAAGGGGGCGCAAGACACCCAGTACTTT,18288,10,clonotype134,clonotype134_consensus_1
CGCGGTATCCAGTATG-1,True,CGCGGTATCCAGTATG-1_contig_2,True,570,TRB,TRBV20,None,TRBJ1-6,TRBC1,True,True,CADRSYNSPLYF,TGTGCCGACAGGTCCTATAATTCGCCCCTCTACTTT,31200,17,clonotype134,clonotype134_consensus_2
CGCGGTATCCAGTATG-1,True,CGCGGTATCCAGTATG-1_contig_3,True,451,TRB,None,None,TRBJ2-7,None,False,False,None,None,1580,1,clonotype134,None
CGCGGTATCCAGTATG-1,True,CGCGGTATCCAGTATG-1_contig_4,True,353,TRB,None,None,TRBJ2-1,None,False,False,None,None,4530,4,clonotype134,None
CGCGGTATCCTCTAGC-1,True,CGCGGTATCCTCTAGC-1_contig_1,True,478,TRB,TRBV12-2+TRBV13-2,None,TRBJ1-2,None,True,True,CASGGGTGNSDYTF,TGTGCCAGCGGTGGGGGGACAGGGAACTCCGACTACACCTTC,1022,1,clonotype7,clonotype7_consensus_1
CGCGGTATCCTCTAGC-1,True,CGCGGTATCCTCTAGC-1_contig_2,True,353,TRB,None,None,TRBJ2-1,None,False,False,None,None,2578,2,clonotype7,None
CGCGGTATCCTCTAGC-1,True,CGCGGTATCCTCTAGC-1_contig_3,True,358,TRB,TRBV13-2,None,TRBJ1-2,TRBC1,True,False,CASGGGTGNSDYTF,TGTGCCAGCGGTGGGGGGACAGGGAACTCCGACTACACCTTC,1722,2,clonotype7,clonotype7_consensus_1
CGCGGTATCCTGCAGG-1,True,CGCGGTATCCTGCAGG-1_contig_1,True,525,TRB,TRBV17,None,TRBJ2-5,None,True,True,CASSRKGSQDTQYF,TGTGCTAGCAGTAGAAAGGGGAGCCAAGACACCCAGTACTTT,9126,7,clonotype94,clonotype94_consensus_1
CGCGGTATCCTGCAGG-1,True,CGCGGTATCCTGCAGG-1_contig_2,True,583,TRA,TRAV12D-2,None,TRAJ26,TRAC,True,False,None,None,5300,3,clonotype94,None
CGCGGTATCGCTGATA-1,True,CGCGGTATCGCTGATA-1_contig_1,True,527,TRA,TRAV7D-5,None,TRAJ16,TRAC,True,True,CAVSSPATSSGQKLVF,TGTGCAGTGAGCAGCCCCGCAACTTCAAGTGGCCAGAAGCTGGTTTTT,12732,7,clonotype30,clonotype30_consensus_2
CGCGGTATCGCTGATA-1,True,CGCGGTATCGCTGATA-1_contig_2,True,602,TRB,TRBV12-2,None,TRBJ1-2,TRBC1,True,True,CASSLSTGGVNSDYTF,TGTGCCAGCTCTCTATCGACAGGGGGCGTGAACTCCGACTACACCTTC,4328,4,clonotype30,clonotype30_consensus_1
CGCGGTATCGCTGATA-1,True,CGCGGTATCGCTGATA-1_contig_3,True,335,TRB,None,None,TRBJ2-4,None,False,False,None,None,5474,4,clonotype30,None
CGCGGTATCGCTGATA-1,True,CGCGGTATCGCTGATA-1_contig_4,True,603,TRB,TRBV3,None,TRBJ1-2,TRBC1,True,False,None,None,1864,2,clonotype30,None
CGCGGTATCGTTTAGG-1,True,CGCGGTATCGTTTAGG-1_contig_1,True,505,TRB,TRBV13-1,None,TRBJ2-4,None,True,True,CASSEGTNTLYF,TGTGCCAGCAGTGAAGGAACAAACACCTTGTACTTT,25344,20,clonotype9,clonotype9_consensus_1
CGCGGTATCGTTTAGG-1,True,CGCGGTATCGTTTAGG-1_contig_2,True,731,TRA,TRAV9D-2,None,TRAJ26,TRAC,True,True,CVLSRGNNYAQGLTF,TGTGTTCTGAGCAGGGGCAATAACTATGCCCAGGGATTAACCTTC,6070,5,clonotype9,clonotype9_consensus_2
CGCGTTTAGAAGGTTT-1,True,CGCGTTTAGAAGGTTT-1_contig_1,True,558,TRA,TRAV19,None,TRAJ39,TRAC,True,True,CAAGGNNAGAKLTF,TGCGCAGCAGGTGGGAATAATGCAGGTGCCAAGCTCACATTC,8934,5,clonotype19,clonotype19_consensus_1
CGCGTTTAGAAGGTTT-1,True,CGCGTTTAGAAGGTTT-1_contig_2,True,434,TRB,TRBV12-2+TRBV13-2,None,TRBJ1-2,None,True,False,CASGGGTGNSDYTF,TGTGCCAGCGGTGGGGGGACAGGGAACTCCGACTACACCTTC,270,1,clonotype19,None
CGCGTTTAGTACTTGC-1,True,CGCGTTTAGTACTTGC-1_contig_1,True,522,TRB,TRBV5,None,TRBJ2-7,None,True,True,CASSQDWGGAVEQYF,TGTGCCAGCAGCCAAGACTGGGGGGGCGCAGTTGAACAGTACTTC,31240,19,clonotype327,clonotype327_consensus_1
CGCGTTTAGTACTTGC-1,True,CGCGTTTAGTACTTGC-1_contig_2,True,568,TRA,TRAV15D-1-DV6D-1,None,TRAJ53,TRAC,True,True,CALWEPPSGGSNYKLTF,TGTGCTCTCTGGGAGCCCCCCAGTGGAGGCAGCAATTACAAACTGACATTT,8860,10,clonotype327,clonotype327_consensus_2
CGCGTTTCAGACGCTC-1,True,CGCGTTTCAGACGCTC-1_contig_1,True,558,TRA,TRAV19,None,TRAJ39,TRAC,True,True,CAAGGNNAGAKLTF,TGCGCAGCAGGTGGGAATAATGCAGGTGCCAAGCTCACATTC,6112,5,clonotype1,clonotype1_consensus_2
CGCGTTTCAGACGCTC-1,True,CGCGTTTCAGACGCTC-1_contig_2,True,577,TRB,TRBV12-2+TRBV13-2,None,TRBJ1-2,TRBC1,True,True,CASGGGTGNSDYTF,TGTGCCAGCGGTGGGGGGACAGGGAACTCCGACTACACCTTC,9580,11,clonotype1,clonotype1_consensus_1
CGCGTTTCATGTAAGA-1,True,CGCGTTTCATGTAAGA-1_contig_1,True,521,TRA,TRAV6-6,None,TRAJ24,TRAC,True,True,CAPLTTASLGKLQF,TGTGCTCCGTTGACAACTGCCAGTTTGGGGAAACTGCAGTTT,4570,3,clonotype3,clonotype3_consensus_2
CGCGTTTCATGTAAGA-1,True,CGCGTTTCATGTAAGA-1_contig_2,True,505,TRB,TRBV13-1,None,TRBJ2-4,None,True,True,CASSEGTNTLYF,TGTGCCAGCAGTGAAGGAACAAACACCTTGTACTTT,5950,4,clonotype3,clonotype3_consensus_1
CGCGTTTCATGTAAGA-1,True,CGCGTTTCATGTAAGA-1_contig_3,True,753,TRA,TRAV9D-2,None,TRAJ26,TRAC,True,True,CVLSRGNNYAQGLTF,TGTGTTCTGAGCAGGGGCAATAACTATGCCCAGGGATTAACCTTC,6906,5,clonotype3,clonotype3_consensus_3
CGCGTTTCATGTAAGA-1,True,CGCGTTTCATGTAAGA-1_contig_4,True,356,TRB,None,None,TRBJ2-7,None,False,False,None,None,2106,2,clonotype3,None
CGCGTTTGTGACGCCT-1,True,CGCGTTTGTGACGCCT-1_contig_1,True,549,TRB,TRBV16,None,TRBJ2-5,None,True,True,CASSLGGGQDTQYF,TGTGCAAGCAGCTTAGGGGGGGGCCAAGACACCCAGTACTTT,5188,5,clonotype8,clonotype8_consensus_1
CGCGTTTGTGACGCCT-1,True,CGCGTTTGTGACGCCT-1_contig_2,True,562,TRA,TRAV4D-3,None,TRAJ27,TRAC,True,True,CAADGPNTGKLTF,TGTGCTGCGGACGGACCCAATACAGGCAAATTAACCTTT,8576,5,clonotype8,clonotype8_consensus_2
CGCGTTTGTGACGCCT-1,True,CGCGTTTGTGACGCCT-1_contig_3,True,525,TRA,TRAV7N-6,None,TRAJ30,TRAC,True,True,CAVVDTNAYKVIF,TGTGCAGTGGTTGACACAAATGCTTACAAAGTCATCTTT,6622,4,clonotype8,clonotype8_consensus_3
CGCGTTTGTGCATCTA-1,True,CGCGTTTGTGCATCTA-1_contig_1,True,558,TRA,TRAV16,None,TRAJ57,TRAC,True,True,CAMREGQGGSAKLIF,TGTGCTATGAGAGAGGGCCAAGGAGGGTCTGCGAAGCTCATCTTT,3692,2,clonotype328,clonotype328_consensus_2
CGCGTTTGTGCATCTA-1,True,CGCGTTTGTGCATCTA-1_contig_2,True,565,TRB,TRBV12-2+TRBV13-2,None,TRBJ2-1,None,True,True,CASEAAYAEQFF,TGTGCCAGCGAAGCAGCCTATGCTGAGCAGTTCTTC,12822,10,clonotype328,clonotype328_consensus_1
CGCGTTTGTGCATCTA-1,True,CGCGTTTGTGCATCTA-1_contig_3,True,338,Multi,TRDV1,None,None,TRAC,False,False,None,None,1836,1,clonotype328,None
CGCGTTTGTGCTTCTC-1,True,CGCGTTTGTGCTTCTC-1_contig_1,True,558,TRA,TRAV19,None,TRAJ39,TRAC,True,True,CAAGGNNAGAKLTF,TGCGCAGCAGGTGGGAATAATGCAGGTGCCAAGCTCACATTC,1374,2,clonotype1,clonotype1_consensus_2
CGCGTTTGTGCTTCTC-1,True,CGCGTTTGTGCTTCTC-1_contig_2,True,570,TRB,TRBV12-2+TRBV13-2,None,TRBJ1-2,TRBC1,True,True,CASGGGTGNSDYTF,TGTGCCAGCGGTGGGGGGACAGGGAACTCCGACTACACCTTC,4734,3,clonotype1,clonotype1_consensus_1
CGCGTTTTCCTTGCCA-1,True,CGCGTTTTCCTTGCCA-1_contig_1,True,556,TRA,TRAV19,None,TRAJ39,TRAC,True,True,CAAGGNNAGAKLTF,TGCGCAGCAGGTGGGAATAATGCAGGTGCCAAGCTCACATTC,7982,5,clonotype96,clonotype96_consensus_2
CGCGTTTTCCTTGCCA-1,True,CGCGTTTTCCTTGCCA-1_contig_2,True,514,TRB,TRBV13-2,None,TRBJ1-2,TRBC1,True,True,CASGGQTNSDYTF,TGTGCCAGCGGTGGACAAACAAACTCCGACTACACCTTC,6208,8,clonotype96,clonotype96_consensus_1
CGCTATCAGAAAGTGG-1,True,CGCTATCAGAAAGTGG-1_contig_1,True,556,TRA,TRAV19,None,TRAJ39,TRAC,True,True,CAAGGNNAGAKLTF,TGCGCAGCAGGTGGGAATAATGCAGGTGCCAAGCTCACATTC,30414,18,clonotype1,clonotype1_consensus_2
CGCTATCAGAAAGTGG-1,True,CGCTATCAGAAAGTGG-1_contig_2,True,567,TRB,TRBV12-2+TRBV13-2,None,TRBJ1-2,TRBC1,True,True,CASGGGTGNSDYTF,TGTGCCAGCGGTGGGGGGACAGGGAACTCCGACTACACCTTC,15648,17,clonotype1,clonotype1_consensus_1
CGCTATCAGACTGTAA-1,True,CGCTATCAGACTGTAA-1_contig_1,True,549,TRB,TRBV16,None,TRBJ2-5,None,True,True,CASSLGGYQDTQYF,TGTGCAAGCAGCTTAGGGGGCTACCAAGACACCCAGTACTTT,1760,2,clonotype28,clonotype28_consensus_2
CGCTATCAGACTGTAA-1,True,CGCTATCAGACTGTAA-1_contig_2,True,555,TRA,TRAV4-3,None,TRAJ27,TRAC,True,True,CAAANTNTGKLTF,TGTGCTGCTGCTAACACCAATACAGGCAAATTAACCTTT,10156,6,clonotype28,clonotype28_consensus_1
CGCTATCAGACTGTAA-1,True,CGCTATCAGACTGTAA-1_contig_3,True,365,TRB,None,None,TRBJ2-2,None,False,False,None,None,2504,2,clonotype28,None
CGCTATCAGTGAATTG-1,True,CGCTATCAGTGAATTG-1_contig_1,True,558,TRA,TRAV19,None,TRAJ39,TRAC,True,True,CAAGGNNAGAKLTF,TGCGCAGCAGGTGGGAATAATGCAGGTGCCAAGCTCACATTC,22716,16,clonotype1,clonotype1_consensus_2
CGCTATCAGTGAATTG-1,True,CGCTATCAGTGAATTG-1_contig_2,True,603,TRB,TRBV12-2+TRBV13-2,None,TRBJ1-2,TRBC1,True,True,CASGGGTGNSDYTF,TGTGCCAGCGGTGGGGGGACAGGGAACTCCGACTACACCTTC,45150,45,clonotype1,clonotype1_consensus_1
CGCTATCAGTGAATTG-1,True,CGCTATCAGTGAATTG-1_contig_3,True,348,TRB,None,None,TRBJ2-1,None,False,False,None,None,3284,3,clonotype1,None
CGCTATCCACCTGGTG-1,True,CGCTATCCACCTGGTG-1_contig_1,True,558,TRA,TRAV19,None,TRAJ39,TRAC,True,True,CAAGGNNAGAKLTF,TGCGCAGCAGGTGGGAATAATGCAGGTGCCAAGCTCACATTC,13318,15,clonotype1,clonotype1_consensus_2
CGCTATCCACCTGGTG-1,True,CGCTATCCACCTGGTG-1_contig_2,True,590,TRB,TRBV12-2+TRBV13-2,None,TRBJ1-2,TRBC1,True,True,CASGGGTGNSDYTF,TGTGCCAGCGGTGGGGGGACAGGGAACTCCGACTACACCTTC,18396,15,clonotype1,clonotype1_consensus_1
CGCTATCCACCTGGTG-1,True,CGCTATCCACCTGGTG-1_contig_3,True,368,TRB,None,None,TRBJ2-1,None,False,False,None,None,13446,12,clonotype1,None
CGCTATCCACCTGGTG-1,True,CGCTATCCACCTGGTG-1_contig_4,True,450,TRA,TRAV7-5,None,TRAJ45,TRAC,True,False,CSDTEGADRLTF,TGCAGTGATACAGAAGGTGCAGATAGACTCACCTTT,2080,2,clonotype1,None
CGCTATCTCGAATCCA-1,True,CGCTATCTCGAATCCA-1_contig_1,True,535,TRA,TRAV19,None,TRAJ39,TRAC,True,True,CAAGGNNAGAKLTF,TGCGCAGCAGGTGGGAATAATGCAGGTGCCAAGCTCACATTC,4024,2,clonotype19,clonotype19_consensus_1
CGCTGGAAGTTAAGTG-1,True,CGCTGGAAGTTAAGTG-1_contig_1,True,505,TRB,TRBV13-1,None,TRBJ2-4,None,True,True,CASSEGTNTLYF,TGTGCCAGCAGTGAAGGAACAAACACCTTGTACTTT,14832,15,clonotype9,clonotype9_consensus_1
CGCTGGAAGTTAAGTG-1,True,CGCTGGAAGTTAAGTG-1_contig_2,True,721,TRA,TRAV9D-2,None,TRAJ26,TRAC,True,True,CVLSRGNNYAQGLTF,TGTGTTCTGAGCAGGGGCAATAACTATGCCCAGGGATTAACCTTC,5064,4,clonotype9,clonotype9_consensus_2
CGCTGGAGTACAGTTC-1,True,CGCTGGAGTACAGTTC-1_contig_1,True,561,TRA,TRAV4-3,None,TRAJ42,TRAC,True,True,CAADNSGGSNAKLTF,TGTGCTGCTGATAATTCTGGAGGAAGCAATGCAAAGCTAACCTTC,8604,6,clonotype29,clonotype29_consensus_2
CGCTGGAGTACAGTTC-1,True,CGCTGGAGTACAGTTC-1_contig_2,True,512,TRB,TRBV13-1,None,TRBJ2-1,None,True,True,CASGGAYAEQFF,TGTGCCAGCGGGGGGGCGTATGCTGAGCAGTTCTTC,8646,8,clonotype29,clonotype29_consensus_1
CGCTGGAGTACAGTTC-1,True,CGCTGGAGTACAGTTC-1_contig_3,True,566,TRA,TRAV12-2,None,TRAJ34,TRAC,True,True,CALSGNTNKVVF,TGTGCTTTGAGTGGCAATACCAACAAAGTCGTCTTT,13256,8,clonotype29,clonotype29_consensus_3
CGCTGGAGTTCCATGA-1,True,CGCTGGAGTTCCATGA-1_contig_1,True,580,TRB,TRBV12-2+TRBV13-2,None,TRBJ2-7,None,True,True,CASGAGGDYEQYF,TGTGCCAGCGGTGCTGGGGGGGACTATGAACAGTACTTC,9448,9,clonotype106,clonotype106_consensus_1
CGCTGGAGTTGGGACA-1,True,CGCTGGAGTTGGGACA-1_contig_1,True,566,TRA,TRAV3-3,None,TRAJ45,TRAC,True,True,CAVRNTEGADRLTF,TGCGCAGTCAGGAATACAGAAGGTGCAGATAGACTCACCTTT,10580,6,clonotype329,clonotype329_consensus_1
CGCTGGATCTGAGTGT-1,True,CGCTGGATCTGAGTGT-1_contig_1,True,570,TRA,TRAV14N-3,None,TRAJ6,TRAC,True,True,CAARTSGGNYKPTF,TGTGCAGCAAGAACCTCAGGAGGAAACTACAAACCTACGTTT,4680,2,clonotype4,clonotype4_consensus_2
CGCTGGATCTGAGTGT-1,True,CGCTGGATCTGAGTGT-1_contig_2,True,549,TRA,TRAV8N-2,None,TRAJ13,TRAC,True,True,CATEDSGTYQRF,TGTGCTACTGAGGATTCTGGGACTTACCAGAGGTTT,7658,5,clonotype4,clonotype4_consensus_1
CGCTGGATCTGAGTGT-1,True,CGCTGGATCTGAGTGT-1_contig_3,True,563,TRB,TRBV12-2+TRBV13-2,None,TRBJ2-7,None,True,True,CASGTGGDYEQYF,TGTGCCAGCGGGACTGGGGGGGACTATGAACAGTACTTC,4072,4,clonotype4,clonotype4_consensus_3
CGCTTCAAGCTGATAA-1,True,CGCTTCAAGCTGATAA-1_contig_1,True,551,TRA,TRAV6-6,None,TRAJ24,TRAC,True,True,CAPLTTASLGKLQF,TGTGCTCCGTTGACAACTGCCAGTTTGGGGAAACTGCAGTTT,2330,1,clonotype2,clonotype2_consensus_2
CGCTTCAAGCTGATAA-1,True,CGCTTCAAGCTGATAA-1_contig_2,True,505,TRB,TRBV13-1,None,TRBJ2-4,None,True,True,CASSEGTNTLYF,TGTGCCAGCAGTGAAGGAACAAACACCTTGTACTTT,9490,8,clonotype2,clonotype2_consensus_1
CGCTTCAAGTGTCCCG-1,True,CGCTTCAAGTGTCCCG-1_contig_1,True,542,TRA,TRAV8-1,None,TRAJ34,TRAC,True,True,CATDVSNTNKVVF,TGTGCTACTGATGTTTCCAATACCAACAAAGTCGTCTTT,2392,2,clonotype90,clonotype90_consensus_2
CGCTTCAAGTGTCCCG-1,True,CGCTTCAAGTGTCCCG-1_contig_2,True,565,TRB,TRBV12-2+TRBV13-2,None,TRBJ1-5,TRBC1,True,True,CASGTGDNQAPLF,TGTGCCAGCGGGACAGGGGACAACCAGGCTCCGCTTTTT,3786,3,clonotype90,clonotype90_consensus_1
CGCTTCAAGTGTCCCG-1,True,CGCTTCAAGTGTCCCG-1_contig_3,True,369,TRB,None,None,TRBJ2-7,None,False,False,None,None,7002,5,clonotype90,None
CGCTTCACAAAGTGCG-1,True,CGCTTCACAAAGTGCG-1_contig_1,True,544,TRA,TRAV8D-1,None,TRAJ49,TRAC,True,True,CATDATGYQNFYF,TGTGCTACTGATGCGACGGGTTACCAGAACTTCTATTTT,1646,1,clonotype71,clonotype71_consensus_2
CGCTTCACAAAGTGCG-1,True,CGCTTCACAAAGTGCG-1_contig_2,True,565,TRB,TRBV12-2+TRBV13-2,None,TRBJ2-1,None,True,True,CASGAGDYAEQFF,TGTGCCAGCGGTGCTGGGGATTATGCTGAGCAGTTCTTC,3882,5,clonotype71,clonotype71_consensus_1
CGCTTCACAAGGACTG-1,True,CGCTTCACAAGGACTG-1_contig_1,True,562,TRA,TRAV16D-DV11,None,TRAJ22,TRAC,True,True,CAMRASSGSWQLIF,TGTGCTATGAGGGCATCTTCTGGCAGCTGGCAACTCATCTTT,2174,1,clonotype330,clonotype330_consensus_3
CGCTTCACAAGGACTG-1,True,CGCTTCACAAGGACTG-1_contig_2,True,524,TRA,TRAV14N-3,None,TRAJ6,TRAC,True,True,CAARTSGGNYKPTF,TGTGCAGCAAGAACCTCAGGAGGAAACTACAAACCTACGTTT,1292,1,clonotype330,clonotype330_consensus_2
CGCTTCACAAGGACTG-1,True,CGCTTCACAAGGACTG-1_contig_3,True,509,TRB,TRBV13-1,None,TRBJ2-7,None,True,True,CASSAPYEQYF,TGTGCCAGCAGTGCACCGTATGAACAGTACTTC,5282,6,clonotype330,clonotype330_consensus_1
CGCTTCACAAGGACTG-1,True,CGCTTCACAAGGACTG-1_contig_4,True,480,TRA,TRAV12-2,None,TRAJ38,TRAC,True,False,CALTP,TGTGCTTTGACCCCA,1548,1,clonotype330,None
CGCTTCAGTCAGAGGT-1,True,CGCTTCAGTCAGAGGT-1_contig_1,True,541,TRA,TRAV8D-1,None,TRAJ30,TRAC,True,True,CATDTNAYKVIF,TGTGCTACTGACACAAATGCTTACAAAGTCATCTTT,6690,4,clonotype31,clonotype31_consensus_1
CGCTTCAGTCAGAGGT-1,True,CGCTTCAGTCAGAGGT-1_contig_2,True,558,TRB,TRBV12-2+TRBV13-2,None,TRBJ1-5,TRBC1,True,True,CASGTGDNQAPLF,TGTGCCAGCGGTACAGGAGACAACCAGGCTCCGCTTTTT,11820,11,clonotype31,clonotype31_consensus_2
CGCTTCAGTCAGAGGT-1,True,CGCTTCAGTCAGAGGT-1_contig_3,True,426,TRB,None,None,TRBJ2-1,None,False,False,None,None,12386,7,clonotype31,None
CGCTTCAGTCAGAGGT-1,True,CGCTTCAGTCAGAGGT-1_contig_4,True,442,TRB,None,None,TRBJ1-3,TRBC1,False,False,None,None,10498,8,clonotype31,None
CGGACACAGCGTTGCC-1,True,CGGACACAGCGTTGCC-1_contig_1,True,573,TRA,TRAV6-6,None,TRAJ24,TRAC,True,True,CAPLTTASLGKLQF,TGTGCTCCGTTGACAACTGCCAGTTTGGGGAAACTGCAGTTT,10220,6,clonotype3,clonotype3_consensus_2
CGGACACAGCGTTGCC-1,True,CGGACACAGCGTTGCC-1_contig_2,True,505,TRB,TRBV13-1,None,TRBJ2-4,None,True,True,CASSEGTNTLYF,TGTGCCAGCAGTGAAGGAACAAACACCTTGTACTTT,23752,20,clonotype3,clonotype3_consensus_1
CGGACACAGCGTTGCC-1,True,CGGACACAGCGTTGCC-1_contig_3,True,722,TRA,TRAV9D-2,None,TRAJ26,TRAC,True,True,CVLSRGNNYAQGLTF,TGTGTTCTGAGCAGGGGCAATAACTATGCCCAGGGATTAACCTTC,7496,5,clonotype3,clonotype3_consensus_3
CGGACACAGGGATACC-1,True,CGGACACAGGGATACC-1_contig_1,True,513,TRA,TRAV6-6,None,TRAJ24,TRAC,True,True,CAPLTTASLGKLQF,TGTGCTCCGTTGACAACTGCCAGTTTGGGGAAACTGCAGTTT,618,2,clonotype2,clonotype2_consensus_2
CGGACACAGGGATACC-1,True,CGGACACAGGGATACC-1_contig_2,True,512,TRB,TRBV13-1,None,TRBJ2-4,None,True,True,CASSEGTNTLYF,TGTGCCAGCAGTGAAGGAACAAACACCTTGTACTTT,10272,11,clonotype2,clonotype2_consensus_1
CGGACACCATTCACTT-1,True,CGGACACCATTCACTT-1_contig_1,True,502,TRA,TRAV6N-6,None,TRAJ21,TRAC,True,True,CVLSNYNVLYF,TGCGTTCTGTCTAATTACAACGTGCTTTACTTC,5158,2,clonotype331,clonotype331_consensus_1
CGGACACCATTCACTT-1,True,CGGACACCATTCACTT-1_contig_2,True,511,TRB,TRBV13-1,None,TRBJ1-5,TRBC1,True,True,CASSDSYNNQAPLF,TGTGCCAGCTCAGACAGTTATAACAACCAGGCTCCGCTTTTT,3860,2,clonotype331,clonotype331_consensus_2
CGGACACCATTCACTT-1,True,CGGACACCATTCACTT-1_contig_3,True,353,TRB,None,None,TRBJ2-1,None,False,False,None,None,1570,4,clonotype331,None
CGGACACGTTATGCGT-1,True,CGGACACGTTATGCGT-1_contig_1,True,512,TRB,TRBV13-1,None,TRBJ2-4,None,True,True,CASSEGTNTLYF,TGTGCCAGCAGTGAAGGAACAAACACCTTGTACTTT,18376,15,clonotype9,clonotype9_consensus_1
CGGACACGTTATGCGT-1,True,CGGACACGTTATGCGT-1_contig_2,True,706,TRA,TRAV9D-2,None,TRAJ26,TRAC,True,True,CVLSRGNNYAQGLTF,TGTGTTCTGAGCAGGGGCAATAACTATGCCCAGGGATTAACCTTC,8088,6,clonotype9,clonotype9_consensus_2
CGGACACTCGTTGCCT-1,True,CGGACACTCGTTGCCT-1_contig_1,True,549,TRB,TRBV16,None,TRBJ2-5,None,True,True,CASSLGGGQDTQYF,TGTGCAAGCAGCTTAGGGGGGGGGCAAGACACCCAGTACTTT,11156,9,clonotype11,clonotype11_consensus_2
CGGACACTCGTTGCCT-1,True,CGGACACTCGTTGCCT-1_contig_2,True,589,TRA,TRAV4D-3,None,TRAJ27,TRAC,True,True,CAADGPNTGKLTF,TGTGCTGCTGACGGGCCCAATACAGGCAAATTAACCTTT,7342,7,clonotype11,clonotype11_consensus_1
CGGACACTCGTTGCCT-1,True,CGGACACTCGTTGCCT-1_contig_3,True,591,TRB,TRBV12-2+TRBV13-2,None,TRBJ2-5,None,True,False,None,None,1782,1,clonotype11,None
CGGACGTAGTTGAGAT-1,True,CGGACGTAGTTGAGAT-1_contig_1,True,577,TRA,TRAV3D-3,None,TRAJ32,TRAC,True,True,CAVRNYGSSGNKLIF,TGCGCAGTCAGGAATTATGGGAGCAGTGGCAACAAGCTCATCTTT,3502,3,clonotype178,clonotype178_consensus_1
CGGACGTAGTTGAGAT-1,True,CGGACGTAGTTGAGAT-1_contig_2,True,511,TRB,TRBV13-1,None,TRBJ2-5,None,True,True,CASRGLGGPDTQYF,TGTGCCAGCAGAGGACTGGGGGGACCAGACACCCAGTACTTT,5834,7,clonotype178,clonotype178_consensus_2
CGGACGTAGTTGAGAT-1,True,CGGACGTAGTTGAGAT-1_contig_3,True,485,TRA,TRAV9-4,None,TRAJ35,TRAC,True,False,None,None,3846,2,clonotype178,None
CGGACGTAGTTGAGAT-1,True,CGGACGTAGTTGAGAT-1_contig_4,True,433,TRB,None,None,TRBJ2-7,None,False,False,None,None,2184,1,clonotype178,None
CGGACGTAGTTGAGAT-1,True,CGGACGTAGTTGAGAT-1_contig_5,True,542,TRB,TRBV10,None,TRBJ2-4,None,True,False,None,None,408,1,clonotype178,None
CGGACGTCAAAGTCAA-1,True,CGGACGTCAAAGTCAA-1_contig_1,True,595,TRA,TRAV14-2,None,TRAJ49,TRAC,True,True,CAAQGYQNFYF,TGTGCAGCACAGGGTTACCAGAACTTCTATTTT,5186,3,clonotype332,clonotype332_consensus_2
CGGACGTCAAAGTCAA-1,True,CGGACGTCAAAGTCAA-1_contig_2,True,559,TRA,TRAV4D-4,None,TRAJ45,TRAC,True,True,CAAYTEGADRLTF,TGTGCTGCCTATACAGAAGGTGCAGATAGACTCACCTTT,1964,2,clonotype332,clonotype332_consensus_1
CGGACGTGTATCACCA-1,True,CGGACGTGTATCACCA-1_contig_1,True,555,TRA,TRAV3-3,None,TRAJ49,TRAC,True,True,CAVSGATGYQNFYF,TGCGCAGTCAGTGGGGCCACGGGTTACCAGAACTTCTATTTT,9350,22,clonotype10,clonotype10_consensus_3
CGGACGTGTATCACCA-1,True,CGGACGTGTATCACCA-1_contig_2,True,507,TRA,TRAV21-DV12,None,TRAJ42,TRAC,True,True,CILRVHGGSNAKLTF,TGTATCCTGAGAGTCCATGGAGGAAGCAATGCAAAGCTAACCTTC,15724,28,clonotype10,clonotype10_consensus_1
CGGACGTGTATCACCA-1,True,CGGACGTGTATCACCA-1_contig_3,True,594,TRB,TRBV12-2+TRBV13-2,None,TRBJ2-7,None,True,True,CASGVQGEQYF,TGTGCCAGCGGTGTTCAGGGAGAACAGTACTTC,20946,67,clonotype10,clonotype10_consensus_2
CGGACGTGTATCACCA-1,True,CGGACGTGTATCACCA-1_contig_4,True,352,TRB,None,None,TRBJ2-1,None,False,False,None,None,19546,57,clonotype10,None
CGGACGTGTATCACCA-1,True,CGGACGTGTATCACCA-1_contig_5,True,384,TRA,None,None,TRAJ27,TRAC,False,False,None,None,1138,4,clonotype10,None
CGGACGTGTATCACCA-1,True,CGGACGTGTATCACCA-1_contig_6,True,437,TRA,None,None,TRAJ41,TRAC,False,False,None,None,1562,3,clonotype10,None
CGGACGTGTATCACCA-1,True,CGGACGTGTATCACCA-1_contig_7,True,306,TRA,None,None,TRAJ18,TRAC,False,False,None,None,518,4,clonotype10,None
CGGACGTGTGGGTCAA-1,True,CGGACGTGTGGGTCAA-1_contig_1,True,514,TRA,TRAV6-6,None,TRAJ24,TRAC,True,True,CAPLTTASLGKLQF,TGTGCTCCGTTGACAACTGCCAGTTTGGGGAAACTGCAGTTT,2438,3,clonotype3,clonotype3_consensus_2
CGGACGTGTGGGTCAA-1,True,CGGACGTGTGGGTCAA-1_contig_2,True,505,TRB,TRBV13-1,None,TRBJ2-4,None,True,True,CASSEGTNTLYF,TGTGCCAGCAGTGAAGGAACAAACACCTTGTACTTT,12684,12,clonotype3,clonotype3_consensus_1
CGGACGTGTGGGTCAA-1,True,CGGACGTGTGGGTCAA-1_contig_3,True,692,TRA,TRAV9D-2,None,TRAJ26,TRAC,True,True,CVLSRGNNYAQGLTF,TGTGTTCTGAGCAGGGGCAATAACTATGCCCAGGGATTAACCTTC,4822,3,clonotype3,clonotype3_consensus_3
CGGACGTTCATCTGCC-1,True,CGGACGTTCATCTGCC-1_contig_1,True,509,TRA,TRAV4-2,None,TRAJ35,TRAC,True,True,CAVEPQTGFASALTF,TGTGCTGTTGAGCCCCAGACAGGCTTTGCAAGTGCGCTGACATTT,3552,2,clonotype85,clonotype85_consensus_3
CGGACGTTCATCTGCC-1,True,CGGACGTTCATCTGCC-1_contig_2,True,543,TRA,TRAV8-1,None,TRAJ30,TRAC,True,True,CATDTNAYKVIF,TGTGCTACTGACACAAATGCTTACAAAGTCATCTTT,2454,3,clonotype85,clonotype85_consensus_1
CGGACGTTCATCTGCC-1,True,CGGACGTTCATCTGCC-1_contig_3,True,565,TRB,TRBV12-2+TRBV13-2,None,TRBJ1-5,TRBC1,True,True,CASGTGDNQAPLF,TGTGCCAGCGGGACAGGGGATAACCAGGCTCCGCTTTTT,5216,5,clonotype85,clonotype85_consensus_2
CGGACGTTCATCTGCC-1,True,CGGACGTTCATCTGCC-1_contig_4,True,372,TRB,None,None,TRBJ2-7,None,False,False,None,None,4592,2,clonotype85,None
CGGACTGAGCGTAATA-1,True,CGGACTGAGCGTAATA-1_contig_1,True,505,TRB,TRBV13-1,None,TRBJ2-1,None,True,True,CASGGAYAEQFF,TGTGCCAGCGGGGGGGCGTATGCTGAGCAGTTCTTC,5220,4,clonotype107,clonotype107_consensus_1
CGGACTGAGCGTAATA-1,True,CGGACTGAGCGTAATA-1_contig_2,True,566,TRA,TRAV12-2,None,TRAJ34,TRAC,True,True,CALSGNTNKVVF,TGTGCTTTGAGTGGCAATACCAACAAAGTCGTCTTT,4268,4,clonotype107,clonotype107_consensus_2
CGGACTGAGCTGCGAA-1,True,CGGACTGAGCTGCGAA-1_contig_1,True,555,TRA,TRAV7-3,None,TRAJ38,TRAC,True,True,CAVSAANVGDNSKLIW,TGTGCAGTGAGCGCGGCGAATGTTGGTGACAACAGTAAGCTGATTTGG,10582,7,clonotype21,clonotype21_consensus_3
CGGACTGAGCTGCGAA-1,True,CGGACTGAGCTGCGAA-1_contig_2,True,512,TRB,TRBV13-1,None,TRBJ2-7,None,True,True,CASSGGHLEQYF,TGTGCCAGCAGTGGGGGACACCTTGAACAGTACTTC,14596,12,clonotype21,clonotype21_consensus_2
CGGACTGAGCTGCGAA-1,True,CGGACTGAGCTGCGAA-1_contig_3,True,522,TRA,TRAV7N-6,None,TRAJ34,TRAC,True,True,CAISSNTNKVVF,TGTGCAATTTCTTCCAATACCAACAAAGTCGTCTTT,3946,4,clonotype21,clonotype21_consensus_1
CGGACTGAGCTGTTCA-1,True,CGGACTGAGCTGTTCA-1_contig_1,True,566,TRA,TRAV3-3,None,TRAJ49,TRAC,True,True,CAVSGSTGYQNFYF,TGCGCAGTCAGTGGGAGCACGGGTTACCAGAACTTCTATTTT,22254,18,clonotype5,clonotype5_consensus_1
CGGACTGAGCTGTTCA-1,True,CGGACTGAGCTGTTCA-1_contig_2,True,577,TRB,TRBV12-2+TRBV13-2,None,TRBJ2-7,None,True,True,CASGVQGWEQYF,TGTGCCAGCGGTGTACAGGGGTGGGAACAGTACTTC,21488,20,clonotype5,clonotype5_consensus_2
CGGACTGAGCTGTTCA-1,True,CGGACTGAGCTGTTCA-1_contig_3,True,356,TRB,None,None,TRBJ1-1,TRBC1,False,False,None,None,2914,5,clonotype5,None
CGGACTGAGCTGTTCA-1,True,CGGACTGAGCTGTTCA-1_contig_4,True,559,TRA,TRAV6D-5,None,TRAJ38,TRAC,True,False,CTTVFWDNVGDNSKLIW,TGTACTACTGTGTTCTGGGATAATGTTGGTGACAACAGTAAGCTGATTTGG,4926,7,clonotype5,None
CGGACTGAGCTGTTCA-1,True,CGGACTGAGCTGTTCA-1_contig_5,True,372,TRB,None,None,TRBJ2-5,None,False,False,None,None,11266,8,clonotype5,None
CGGACTGAGTTCCACA-1,True,CGGACTGAGTTCCACA-1_contig_1,True,523,TRA,TRAV8D-1,None,TRAJ30,TRAC,True,True,CATDTNAYKVIF,TGTGCTACTGACACAAATGCTTACAAAGTCATCTTT,17818,14,clonotype31,clonotype31_consensus_1
CGGACTGAGTTCCACA-1,True,CGGACTGAGTTCCACA-1_contig_2,True,565,TRB,TRBV12-2+TRBV13-2,None,TRBJ1-5,TRBC1,True,True,CASGTGDNQAPLF,TGTGCCAGCGGTACAGGAGACAACCAGGCTCCGCTTTTT,16664,17,clonotype31,clonotype31_consensus_2
CGGACTGAGTTCCACA-1,True,CGGACTGAGTTCCACA-1_contig_3,True,584,TRA,TRAV6N-7,None,TRAJ48,TRAC,True,False,CTTVLWVINYGNEKITF,TGTACTACTGTGCTCTGGGTGATCAACTATGGAAATGAGAAAATAACTTTT,3918,4,clonotype31,None
CGGACTGAGTTCCACA-1,True,CGGACTGAGTTCCACA-1_contig_4,True,475,TRB,None,None,TRBJ1-3,TRBC1,False,False,None,None,11424,13,clonotype31,None
CGGACTGAGTTCCACA-1,True,CGGACTGAGTTCCACA-1_contig_5,True,370,TRB,None,None,TRBJ2-7,None,False,False,None,None,1428,1,clonotype31,None
CGGACTGAGTTCCACA-1,True,CGGACTGAGTTCCACA-1_contig_6,True,431,TRB,None,None,TRBJ2-1,None,False,False,None,None,25448,19,clonotype31,None
CGGACTGCAAAGAATC-1,True,CGGACTGCAAAGAATC-1_contig_1,True,519,TRA,TRAV6-6,None,TRAJ24,TRAC,True,True,CAPLTTASLGKLQF,TGTGCTCCGTTGACAACTGCCAGTTTGGGGAAACTGCAGTTT,17468,10,clonotype3,clonotype3_consensus_2
CGGACTGCAAAGAATC-1,True,CGGACTGCAAAGAATC-1_contig_2,True,505,TRB,TRBV13-1,None,TRBJ2-4,None,True,True,CASSEGTNTLYF,TGTGCCAGCAGTGAAGGAACAAACACCTTGTACTTT,15182,11,clonotype3,clonotype3_consensus_1
CGGACTGCAAAGAATC-1,True,CGGACTGCAAAGAATC-1_contig_3,True,715,TRA,TRAV9D-2,None,TRAJ26,TRAC,True,True,CVLSRGNNYAQGLTF,TGTGTTCTGAGCAGGGGCAATAACTATGCCCAGGGATTAACCTTC,13348,7,clonotype3,clonotype3_consensus_3
CGGACTGCACTCGACG-1,True,CGGACTGCACTCGACG-1_contig_1,True,558,TRA,TRAV19,None,TRAJ39,TRAC,True,True,CAAGGNNAGAKLTF,TGCGCAGCAGGTGGGAATAATGCAGGTGCCAAGCTCACATTC,22038,12,clonotype1,clonotype1_consensus_2
CGGACTGCACTCGACG-1,True,CGGACTGCACTCGACG-1_contig_2,True,589,TRB,TRBV12-2+TRBV13-2,None,TRBJ1-2,TRBC1,True,True,CASGGGTGNSDYTF,TGTGCCAGCGGTGGGGGGACAGGGAACTCCGACTACACCTTC,22802,20,clonotype1,clonotype1_consensus_1
CGGACTGTCTTCGGTC-1,True,CGGACTGTCTTCGGTC-1_contig_1,True,558,TRA,TRAV19,None,TRAJ39,TRAC,True,True,CAAGGNNAGAKLTF,TGCGCAGCAGGTGGGAATAATGCAGGTGCCAAGCTCACATTC,11724,7,clonotype1,clonotype1_consensus_2
CGGACTGTCTTCGGTC-1,True,CGGACTGTCTTCGGTC-1_contig_2,True,568,TRB,TRBV12-2+TRBV13-2,None,TRBJ1-2,TRBC1,True,True,CASGGGTGNSDYTF,TGTGCCAGCGGTGGGGGGACAGGGAACTCCGACTACACCTTC,22578,22,clonotype1,clonotype1_consensus_1
CGGACTGTCTTTCCTC-1,True,CGGACTGTCTTTCCTC-1_contig_1,True,549,TRB,TRBV16,None,TRBJ2-5,None,True,True,CASSLGGGQDTQYF,TGTGCAAGCAGCTTAGGGGGGGGGCAAGACACCCAGTACTTT,5722,5,clonotype11,clonotype11_consensus_2
CGGACTGTCTTTCCTC-1,True,CGGACTGTCTTTCCTC-1_contig_2,True,588,TRA,TRAV4D-3,None,TRAJ27,TRAC,True,True,CAADGPNTGKLTF,TGTGCTGCTGACGGGCCCAATACAGGCAAATTAACCTTT,10052,7,clonotype11,clonotype11_consensus_1
CGGAGCTAGATCCTGT-1,True,CGGAGCTAGATCCTGT-1_contig_1,True,540,TRA,TRAV3D-3,None,TRAJ32,TRAC,True,True,CAVRPYGSSGNKLIF,TGCGCAGTCAGGCCTTATGGGAGCAGTGGCAACAAGCTCATCTTT,2914,3,clonotype59,clonotype59_consensus_1
CGGAGCTAGATCCTGT-1,True,CGGAGCTAGATCCTGT-1_contig_2,True,512,TRB,TRBV13-1,None,TRBJ2-1,None,True,True,CASSNNYAEQFF,TGTGCCAGCAGTAACAACTATGCTGAGCAGTTCTTC,6284,8,clonotype59,clonotype59_consensus_2
CGGAGCTAGATCCTGT-1,True,CGGAGCTAGATCCTGT-1_contig_3,True,550,TRA,TRAV6-6,None,TRAJ27,TRAC,True,False,None,None,988,2,clonotype59,None
CGGAGCTAGATCCTGT-1,True,CGGAGCTAGATCCTGT-1_contig_4,True,497,TRB,TRBV10,None,TRBJ2-4,None,True,False,CASS*,TGTGCCAGCAGCTAA,544,1,clonotype59,None
CGGAGCTAGATGGCGT-1,True,CGGAGCTAGATGGCGT-1_contig_1,True,512,TRB,TRBV13-1,None,TRBJ2-4,None,True,True,CASSEGTNTLYF,TGTGCCAGCAGTGAAGGAACAAACACCTTGTACTTT,11084,11,clonotype9,clonotype9_consensus_1
CGGAGCTAGATGGCGT-1,True,CGGAGCTAGATGGCGT-1_contig_2,True,738,TRA,TRAV9D-2,None,TRAJ26,TRAC,True,True,CVLSRGNNYAQGLTF,TGTGTTCTGAGCAGGGGCAATAACTATGCCCAGGGATTAACCTTC,12638,7,clonotype9,clonotype9_consensus_2
CGGAGCTAGATGGCGT-1,True,CGGAGCTAGATGGCGT-1_contig_3,True,991,TRA,TRAV10D,None,TRAJ24,TRAC,True,False,None,None,1404,3,clonotype9,None
CGGAGCTAGGCATGGT-1,True,CGGAGCTAGGCATGGT-1_contig_1,True,566,TRA,TRAV3-3,None,TRAJ49,TRAC,True,True,CAVSGSTGYQNFYF,TGCGCAGTCAGTGGGAGCACGGGTTACCAGAACTTCTATTTT,18074,12,clonotype5,clonotype5_consensus_1
CGGAGCTAGGCATGGT-1,True,CGGAGCTAGGCATGGT-1_contig_2,True,562,TRB,TRBV12-2+TRBV13-2,None,TRBJ2-7,None,True,True,CASGVQGWEQYF,TGTGCCAGCGGTGTACAGGGGTGGGAACAGTACTTC,7800,9,clonotype5,clonotype5_consensus_2
CGGAGCTAGGCATGGT-1,True,CGGAGCTAGGCATGGT-1_contig_3,True,612,TRB,None,None,TRBJ2-5,None,False,False,None,None,4348,4,clonotype5,None
CGGAGCTAGGCATGGT-1,True,CGGAGCTAGGCATGGT-1_contig_4,True,392,TRB,None,None,TRBJ2-5,None,False,False,None,None,27058,21,clonotype5,None
CGGAGCTAGGCATGGT-1,True,CGGAGCTAGGCATGGT-1_contig_5,True,497,TRA,TRAV6D-5,None,TRAJ38,TRAC,True,False,CTTVFWDNVGDNSKLIW,TGTACTACTGTGTTCTGGGATAATGTTGGTGACAACAGTAAGCTGATTTGG,9030,4,clonotype5,None
CGGAGCTAGGCATGGT-1,True,CGGAGCTAGGCATGGT-1_contig_6,True,303,TRA,None,None,TRAJ17,TRAC,False,False,None,None,1370,2,clonotype5,None
CGGAGCTCACCTCGGA-1,True,CGGAGCTCACCTCGGA-1_contig_1,True,552,TRA,TRAV16,None,TRAJ37,TRAC,True,True,CAMREENTGKLIF,TGTGCTATGAGAGAGGAAAATACCGGAAAACTCATCTTT,2790,2,clonotype333,clonotype333_consensus_1
CGGAGCTCACCTCGGA-1,True,CGGAGCTCACCTCGGA-1_contig_2,True,525,TRB,TRBV17,None,TRBJ2-5,None,True,True,CASSSKGVQDTQYF,TGTGCTAGCAGTAGCAAGGGAGTCCAAGACACCCAGTACTTT,24596,14,clonotype333,clonotype333_consensus_2
CGGAGCTCACCTCGGA-1,True,CGGAGCTCACCTCGGA-1_contig_3,True,437,TRA,TRAV9-2,None,TRAJ49,TRAC,True,False,CCVLLC,TGCTGTGTACTTCTGTGT,1648,1,clonotype333,None
CGGAGCTCACCTCGGA-1,True,CGGAGCTCACCTCGGA-1_contig_4,True,340,TRB,None,None,TRBJ2-7,None,False,False,None,None,4078,2,clonotype333,None
CGGAGCTCACTAGTAC-1,True,CGGAGCTCACTAGTAC-1_contig_1,True,528,TRB,TRBV13-2,None,TRBJ1-2,TRBC1,True,True,CASGGGTGNSDYTF,TGTGCCAGCGGTGGGGGGACAGGGAACTCCGACTACACCTTC,1648,3,clonotype7,clonotype7_consensus_1
CGGAGCTCATCCGCGA-1,True,CGGAGCTCATCCGCGA-1_contig_1,True,547,TRA,TRAV8D-1,None,TRAJ5,TRAC,True,True,CATDGDTGLGQLTF,TGTGCTACTGATGGGGACACAGGTCTGGGGCAGCTCACTTTC,10664,9,clonotype89,clonotype89_consensus_2
CGGAGCTCATCCGCGA-1,True,CGGAGCTCATCCGCGA-1_contig_2,True,586,TRB,TRBV12-2+TRBV13-2,None,TRBJ1-5,TRBC1,True,True,CASGDGDIQAPLF,TGTGCCAGCGGTGATGGGGACATCCAGGCTCCGCTTTTT,43314,60,clonotype89,clonotype89_consensus_1
CGGAGCTCATCCGCGA-1,True,CGGAGCTCATCCGCGA-1_contig_3,True,511,TRB,TRBV31,None,TRBJ2-7,None,True,False,None,None,6296,5,clonotype89,None
CGGAGCTCATCCGCGA-1,True,CGGAGCTCATCCGCGA-1_contig_4,True,468,TRB,TRBV31,None,TRBJ2-7,None,True,False,None,None,11966,18,clonotype89,None
CGGAGCTGTCGAAAGC-1,True,CGGAGCTGTCGAAAGC-1_contig_1,True,579,TRA,TRAV6-6,None,TRAJ24,TRAC,True,True,CAPLTTASLGKLQF,TGTGCTCCGTTGACAACTGCCAGTTTGGGGAAACTGCAGTTT,2228,3,clonotype3,clonotype3_consensus_2
CGGAGCTGTCGAAAGC-1,True,CGGAGCTGTCGAAAGC-1_contig_2,True,505,TRB,TRBV13-1,None,TRBJ2-4,None,True,True,CASSEGTNTLYF,TGTGCCAGCAGTGAAGGAACAAACACCTTGTACTTT,29904,26,clonotype3,clonotype3_consensus_1
CGGAGCTGTCGAAAGC-1,True,CGGAGCTGTCGAAAGC-1_contig_3,True,703,TRA,TRAV9D-2,None,TRAJ26,TRAC,True,True,CVLSRGNNYAQGLTF,TGTGTTCTGAGCAGGGGCAATAACTATGCCCAGGGATTAACCTTC,12000,6,clonotype3,clonotype3_consensus_3
CGGAGCTGTTAGAACA-1,True,CGGAGCTGTTAGAACA-1_contig_1,True,512,TRB,TRBV13-1,None,TRBJ2-4,None,True,True,CASSEGTNTLYF,TGTGCCAGCAGTGAAGGAACAAACACCTTGTACTTT,22926,17,clonotype9,clonotype9_consensus_1
CGGAGCTGTTAGAACA-1,True,CGGAGCTGTTAGAACA-1_contig_2,True,706,TRA,TRAV9D-2,None,TRAJ26,TRAC,True,True,CVLSRGNNYAQGLTF,TGTGTTCTGAGCAGGGGCAATAACTATGCCCAGGGATTAACCTTC,4112,2,clonotype9,clonotype9_consensus_2
CGGAGCTTCCCTCAGT-1,True,CGGAGCTTCCCTCAGT-1_contig_1,True,682,TRA,TRAV14N-3,None,TRAJ6,TRAC,True,True,CAARTSGGNYKPTF,TGTGCAGCAAGAACCTCAGGAGGAAACTACAAACCTACGTTT,19504,12,clonotype4,clonotype4_consensus_2
CGGAGCTTCCCTCAGT-1,True,CGGAGCTTCCCTCAGT-1_contig_2,True,549,TRA,TRAV8N-2,None,TRAJ13,TRAC,True,True,CATEDSGTYQRF,TGTGCTACTGAGGATTCTGGGACTTACCAGAGGTTT,12134,6,clonotype4,clonotype4_consensus_1
CGGAGCTTCCCTCAGT-1,True,CGGAGCTTCCCTCAGT-1_contig_3,True,588,TRB,TRBV12-2+TRBV13-2,None,TRBJ2-7,None,True,True,CASGTGGDYEQYF,TGTGCCAGCGGGACTGGGGGGGACTATGAACAGTACTTC,29680,36,clonotype4,clonotype4_consensus_3
CGGAGTCAGAGGTTGC-1,True,CGGAGTCAGAGGTTGC-1_contig_1,True,541,TRA,TRAV8D-1,None,TRAJ30,TRAC,True,True,CATDTNAYKVIF,TGTGCTACTGACACAAATGCTTACAAAGTCATCTTT,8704,4,clonotype13,clonotype13_consensus_1
CGGAGTCAGAGGTTGC-1,True,CGGAGTCAGAGGTTGC-1_contig_2,True,566,TRB,TRBV12-2+TRBV13-2,None,TRBJ1-5,TRBC1,True,True,CASGTGDNQAPLF,TGTGCCAGCGGGACAGGGGACAACCAGGCTCCGCTTTTT,9286,7,clonotype13,clonotype13_consensus_2
CGGAGTCAGTTATCGC-1,True,CGGAGTCAGTTATCGC-1_contig_1,True,494,TRA,TRAV3-3,None,TRAJ49,None,True,True,CAVSGSTGYQNFYF,TGCGCAGTCAGTGGGAGCACGGGTTACCAGAACTTCTATTTT,8548,6,clonotype5,clonotype5_consensus_1
CGGAGTCAGTTATCGC-1,True,CGGAGTCAGTTATCGC-1_contig_2,True,562,TRB,TRBV12-2+TRBV13-2,None,TRBJ2-7,None,True,True,CASGVQGWEQYF,TGTGCCAGCGGTGTACAGGGGTGGGAACAGTACTTC,6154,9,clonotype5,clonotype5_consensus_2
CGGAGTCAGTTATCGC-1,True,CGGAGTCAGTTATCGC-1_contig_3,True,527,TRB,None,None,TRBJ1-1,TRBC1,False,False,None,None,180,1,clonotype5,None
CGGAGTCTCATAACCG-1,True,CGGAGTCTCATAACCG-1_contig_1,True,538,TRA,TRAV4-3,None,TRAJ42,TRAC,True,True,CAADNSGGSNAKLTF,TGTGCTGCTGATAATTCTGGAGGAAGCAATGCAAAGCTAACCTTC,5146,4,clonotype29,clonotype29_consensus_2
CGGAGTCTCATAACCG-1,True,CGGAGTCTCATAACCG-1_contig_2,True,505,TRB,TRBV13-1,None,TRBJ2-1,None,True,True,CASGGAYAEQFF,TGTGCCAGCGGGGGGGCGTATGCTGAGCAGTTCTTC,18738,13,clonotype29,clonotype29_consensus_1
CGGAGTCTCATAACCG-1,True,CGGAGTCTCATAACCG-1_contig_3,True,566,TRA,TRAV12-2,None,TRAJ34,TRAC,True,True,CALSGNTNKVVF,TGTGCTTTGAGTGGCAATACCAACAAAGTCGTCTTT,6014,5,clonotype29,clonotype29_consensus_3
CGGAGTCTCATAACCG-1,True,CGGAGTCTCATAACCG-1_contig_4,True,573,TRB,TRBV12-1,None,TRBJ2-7,None,True,False,CQLFRQGREQYF,TGCCAGCTCTTCCGACAGGGGAGAGAACAGTACTTC,1000,1,clonotype29,None
CGGCTAGAGCAGACTG-1,True,CGGCTAGAGCAGACTG-1_contig_1,True,558,TRB,TRBV12-2+TRBV13-2,None,TRBJ2-7,None,True,True,CASGAPYEQYF,TGTGCCAGCGGTGCCCCCTATGAACAGTACTTC,1190,1,clonotype60,clonotype60_consensus_2
CGGCTAGAGCAGACTG-1,True,CGGCTAGAGCAGACTG-1_contig_2,True,562,TRA,TRAV4D-3,None,TRAJ17,TRAC,True,True,CAAPNSAGNKLTF,TGTGCTGCGCCTAACAGTGCAGGGAACAAGCTAACTTTT,5084,3,clonotype60,clonotype60_consensus_1
CGGCTAGAGTGACTCT-1,True,CGGCTAGAGTGACTCT-1_contig_1,True,549,TRB,TRBV16,None,TRBJ2-5,None,True,True,CASSWGGGQDTQYF,TGTGCAAGCAGCTGGGGGGGCGGGCAAGACACCCAGTACTTT,5848,6,clonotype46,clonotype46_consensus_1
CGGCTAGAGTGACTCT-1,True,CGGCTAGAGTGACTCT-1_contig_2,True,465,TRB,TRBV10,None,TRBJ1-6,TRBC1,True,False,CQQLRGGAYNSPLYF,TGCCAGCAGCTAAGAGGGGGAGCCTATAATTCGCCCCTCTACTTT,200,1,clonotype46,None
CGGCTAGCAAACGCGA-1,True,CGGCTAGCAAACGCGA-1_contig_1,True,555,TRA,TRAV8-1,None,TRAJ6,TRAC,True,True,CATDSTSGGNYKPTF,TGTGCTACTGATTCAACCTCAGGAGGAAACTACAAACCTACGTTT,4090,5,clonotype73,clonotype73_consensus_2
CGGCTAGCAAACGCGA-1,True,CGGCTAGCAAACGCGA-1_contig_2,True,508,TRB,TRBV13-1,None,TRBJ2-1,None,True,True,CASSGGDYAEQFF,TGTGCCAGCAGTGGGGGGGACTATGCTGAGCAGTTCTTC,9210,8,clonotype73,clonotype73_consensus_1
CGGCTAGCAAACGCGA-1,True,CGGCTAGCAAACGCGA-1_contig_3,True,438,TRB,None,None,TRBJ1-2,TRBC1,False,False,None,None,3762,5,clonotype73,None
CGGCTAGCAAGCCATT-1,True,CGGCTAGCAAGCCATT-1_contig_1,True,541,TRA,TRAV8D-1,None,TRAJ30,TRAC,True,True,CATDTNAYKVIF,TGTGCTACTGACACAAATGCTTACAAAGTCATCTTT,1600,1,clonotype13,clonotype13_consensus_1
CGGCTAGCAAGCCATT-1,True,CGGCTAGCAAGCCATT-1_contig_2,True,564,TRB,TRBV12-2+TRBV13-2,None,TRBJ1-5,TRBC1,True,True,CASGTGDNQAPLF,TGTGCCAGCGGGACAGGGGACAACCAGGCTCCGCTTTTT,5008,6,clonotype13,clonotype13_consensus_2
CGGCTAGCAAGCCATT-1,True,CGGCTAGCAAGCCATT-1_contig_3,True,608,TRA,TRAV14N-3,None,TRAJ35,TRAC,True,False,None,None,1906,1,clonotype13,None
CGGCTAGCAAGCCATT-1,True,CGGCTAGCAAGCCATT-1_contig_4,True,358,TRB,None,None,TRBJ2-1,None,False,False,None,None,1800,3,clonotype13,None
CGGCTAGCACCGCTAG-1,True,CGGCTAGCACCGCTAG-1_contig_1,True,527,TRA,TRAV7D-5,None,TRAJ16,TRAC,True,True,CAVSSPATSSGQKLVF,TGTGCAGTGAGCAGCCCCGCAACTTCAAGTGGCCAGAAGCTGGTTTTT,26142,16,clonotype30,clonotype30_consensus_2
CGGCTAGCACCGCTAG-1,True,CGGCTAGCACCGCTAG-1_contig_2,True,611,TRB,TRBV12-2,None,TRBJ1-2,TRBC1,True,True,CASSLSTGGVNSDYTF,TGTGCCAGCTCTCTATCGACAGGGGGCGTGAACTCCGACTACACCTTC,7930,7,clonotype30,clonotype30_consensus_1
CGGCTAGCACCGCTAG-1,True,CGGCTAGCACCGCTAG-1_contig_3,True,398,TRB,None,None,TRBJ1-3,TRBC1,False,False,None,None,8622,5,clonotype30,None
CGGCTAGCACCGCTAG-1,True,CGGCTAGCACCGCTAG-1_contig_4,True,603,TRB,TRBV3,None,TRBJ1-2,TRBC1,True,False,None,None,12580,9,clonotype30,None
CGGCTAGGTCTGATTG-1,True,CGGCTAGGTCTGATTG-1_contig_1,True,505,TRB,TRBV13-1,None,TRBJ2-4,None,True,True,CASSEGTNTLYF,TGTGCCAGCAGTGAAGGAACAAACACCTTGTACTTT,1474,2,clonotype9,clonotype9_consensus_1
CGGCTAGGTCTGATTG-1,True,CGGCTAGGTCTGATTG-1_contig_2,True,635,TRA,TRAV9D-2,None,TRAJ26,None,True,True,CVLSRGNNYAQGLTF,TGTGTTCTGAGCAGGGGCAATAACTATGCCCAGGGATTAACCTTC,1472,1,clonotype9,clonotype9_consensus_2
CGGCTAGGTCTGATTG-1,True,CGGCTAGGTCTGATTG-1_contig_3,True,431,TRA,TRAV6-6,None,TRAJ24,TRAC,True,False,None,None,3924,2,clonotype9,None
CGGCTAGGTGGCGAAT-1,True,CGGCTAGGTGGCGAAT-1_contig_1,True,518,TRA,TRAV19,None,TRAJ39,TRAC,True,True,CAAGGNNAGAKLTF,TGCGCAGCAGGTGGGAATAATGCAGGTGCCAAGCTCACATTC,1724,3,clonotype1,clonotype1_consensus_2
CGGCTAGGTGGCGAAT-1,True,CGGCTAGGTGGCGAAT-1_contig_2,True,566,TRB,TRBV12-2+TRBV13-2,None,TRBJ1-2,TRBC1,True,True,CASGGGTGNSDYTF,TGTGCCAGCGGTGGGGGGACAGGGAACTCCGACTACACCTTC,6732,6,clonotype1,clonotype1_consensus_1
CGGCTAGGTGGCGAAT-1,True,CGGCTAGGTGGCGAAT-1_contig_3,True,345,TRB,None,None,TRBJ2-7,None,False,False,None,None,3050,2,clonotype1,None
CGGCTAGTCATTGCCC-1,True,CGGCTAGTCATTGCCC-1_contig_1,True,534,TRB,TRBV16,None,TRBJ2-5,None,True,True,CASSLGGYQDTQYF,TGTGCAAGCAGCTTAGGGGGCTACCAAGACACCCAGTACTTT,2468,3,clonotype28,clonotype28_consensus_2
CGGCTAGTCATTGCCC-1,True,CGGCTAGTCATTGCCC-1_contig_2,True,555,TRA,TRAV4-3,None,TRAJ27,TRAC,True,True,CAAANTNTGKLTF,TGTGCTGCTGCTAACACCAATACAGGCAAATTAACCTTT,3808,3,clonotype28,clonotype28_consensus_1
CGGCTAGTCTTGCAAG-1,True,CGGCTAGTCTTGCAAG-1_contig_1,True,566,TRA,TRAV3-3,None,TRAJ49,TRAC,True,True,CAVSGATGYQNFYF,TGCGCAGTCAGTGGGGCCACGGGTTACCAGAACTTCTATTTT,15816,13,clonotype10,clonotype10_consensus_3
CGGCTAGTCTTGCAAG-1,True,CGGCTAGTCTTGCAAG-1_contig_2,True,507,TRA,TRAV21-DV12,None,TRAJ42,TRAC,True,True,CILRVHGGSNAKLTF,TGTATCCTGAGAGTCCATGGAGGAAGCAATGCAAAGCTAACCTTC,18746,11,clonotype10,clonotype10_consensus_1
CGGCTAGTCTTGCAAG-1,True,CGGCTAGTCTTGCAAG-1_contig_3,True,560,TRB,TRBV12-2+TRBV13-2,None,TRBJ2-7,None,True,True,CASGVQGEQYF,TGTGCCAGCGGTGTTCAGGGAGAACAGTACTTC,23892,24,clonotype10,clonotype10_consensus_2
CGGCTAGTCTTGCAAG-1,True,CGGCTAGTCTTGCAAG-1_contig_4,True,577,TRA,None,None,TRAJ18,TRAC,False,False,None,None,2706,2,clonotype10,None
CGGCTAGTCTTGCAAG-1,True,CGGCTAGTCTTGCAAG-1_contig_5,True,335,TRB,None,None,TRBJ2-3,None,False,False,None,None,2592,2,clonotype10,None
CGGGTCAAGAAACCTA-1,True,CGGGTCAAGAAACCTA-1_contig_1,True,515,TRB,TRBV13-1,None,TRBJ2-1,None,True,True,CASSAGDYAEQFF,TGTGCCAGCAGTGCTGGGGACTATGCTGAGCAGTTCTTC,15550,11,clonotype334,clonotype334_consensus_1
CGGGTCAAGATGTGGC-1,True,CGGGTCAAGATGTGGC-1_contig_1,True,532,TRA,TRAV19,None,TRAJ39,TRAC,True,True,CAAGGNNAGAKLTF,TGCGCAGCAGGTGGGAATAATGCAGGTGCCAAGCTCACATTC,5476,5,clonotype1,clonotype1_consensus_2
CGGGTCAAGATGTGGC-1,True,CGGGTCAAGATGTGGC-1_contig_2,True,568,TRB,TRBV12-2+TRBV13-2,None,TRBJ1-2,TRBC1,True,True,CASGGGTGNSDYTF,TGTGCCAGCGGTGGGGGGACAGGGAACTCCGACTACACCTTC,11536,9,clonotype1,clonotype1_consensus_1
CGGGTCAAGGTAGCCA-1,True,CGGGTCAAGGTAGCCA-1_contig_1,True,527,TRA,TRAV19,None,TRAJ39,TRAC,True,True,CAAGGNNAGAKLTF,TGCGCAGCAGGTGGGAATAATGCAGGTGCCAAGCTCACATTC,3542,2,clonotype1,clonotype1_consensus_2
CGGGTCAAGGTAGCCA-1,True,CGGGTCAAGGTAGCCA-1_contig_2,True,569,TRB,TRBV12-2+TRBV13-2,None,TRBJ1-2,TRBC1,True,True,CASGGGTGNSDYTF,TGTGCCAGCGGTGGGGGGACAGGGAACTCCGACTACACCTTC,4428,4,clonotype1,clonotype1_consensus_1
CGGGTCACAAGCGATG-1,True,CGGGTCACAAGCGATG-1_contig_1,True,554,TRB,TRBV20,None,TRBJ1-6,TRBC1,True,True,CADRSYNSPLYF,TGTGCCGACAGGTCCTATAATTCGCCCCTCTACTTT,7684,4,clonotype132,clonotype132_consensus_1
CGGGTCACAAGCGATG-1,True,CGGGTCACAAGCGATG-1_contig_2,True,369,TRB,None,None,TRBJ2-7,None,False,False,None,None,1368,1,clonotype132,None
CGGGTCACATACAGCT-1,True,CGGGTCACATACAGCT-1_contig_1,True,547,TRA,TRAV13D-2,None,TRAJ27,TRAC,True,True,CAPGGNTNTGKLTF,TGTGCCCCGGGGGGGAACACCAATACAGGCAAATTAACCTTT,3330,2,clonotype335,clonotype335_consensus_2
CGGGTCACATACAGCT-1,True,CGGGTCACATACAGCT-1_contig_2,True,573,TRB,TRBV12-2+TRBV13-2,None,TRBJ2-3,None,True,True,CASGDDWGGGAETLYF,TGTGCCAGCGGTGATGATTGGGGGGGCGGAGCAGAAACGCTGTATTTT,5028,5,clonotype335,clonotype335_consensus_1
CGGGTCACATACAGCT-1,True,CGGGTCACATACAGCT-1_contig_3,True,513,TRB,TRBV23,None,TRBJ2-5,None,True,False,CASSLATGVQDTQYF,TGTGCCAGCAGTCTCGCGACTGGGGTCCAAGACACCCAGTACTTT,5612,4,clonotype335,None
CGGGTCACATGGGACA-1,True,CGGGTCACATGGGACA-1_contig_1,True,510,TRA,TRAV4-2,None,TRAJ35,TRAC,True,True,CAVEPQTGFASALTF,TGTGCTGTTGAGCCCCAGACAGGCTTTGCAAGTGCGCTGACATTT,2568,3,clonotype336,clonotype336_consensus_2
CGGGTCACATGGGACA-1,True,CGGGTCACATGGGACA-1_contig_2,True,542,TRA,TRAV8-1,None,TRAJ30,TRAC,True,True,CATDTNAYKVIF,TGTGCTACTGACACAAATGCTTACAAAGTCATCTTT,3338,3,clonotype336,clonotype336_consensus_1
CGGGTCACATGGGACA-1,True,CGGGTCACATGGGACA-1_contig_3,True,356,TRB,TRBV13-2,None,TRBJ1-5,TRBC1,True,False,CASGTGDNQAPLF,TGTGCCAGCGGGACAGGGGATAACCAGGCTCCGCTTTTT,2010,2,clonotype336,None
CGGGTCAGTGAGGCTA-1,True,CGGGTCAGTGAGGCTA-1_contig_1,True,568,TRA,TRAV8-1,None,TRAJ30,TRAC,True,True,CATDTNAYKVIF,TGTGCTACTGACACAAATGCTTACAAAGTCATCTTT,5522,3,clonotype14,clonotype14_consensus_1
CGGGTCAGTGAGGCTA-1,True,CGGGTCAGTGAGGCTA-1_contig_2,True,584,TRB,TRBV12-2+TRBV13-2,None,TRBJ1-5,TRBC1,True,True,CASGTGDNQAPLF,TGTGCCAGCGGTACAGGGGACAACCAGGCTCCGCTTTTT,15384,11,clonotype14,clonotype14_consensus_2
CGGGTCAGTGAGGCTA-1,True,CGGGTCAGTGAGGCTA-1_contig_3,True,567,TRA,TRAV3-3,None,TRAJ37,TRAC,True,False,None,None,2092,2,clonotype14,None
CGGGTCAGTTTGGGCC-1,True,CGGGTCAGTTTGGGCC-1_contig_1,True,540,TRA,TRAV8-1,None,TRAJ30,TRAC,True,True,CATDTNAYKVIF,TGTGCTACTGACACAAATGCTTACAAAGTCATCTTT,7470,4,clonotype14,clonotype14_consensus_1
CGGGTCAGTTTGGGCC-1,True,CGGGTCAGTTTGGGCC-1_contig_2,True,565,TRB,TRBV12-2+TRBV13-2,None,TRBJ1-5,TRBC1,True,True,CASGTGDNQAPLF,TGTGCCAGCGGTACAGGGGACAACCAGGCTCCGCTTTTT,5702,5,clonotype14,clonotype14_consensus_2
CGGGTCAGTTTGGGCC-1,True,CGGGTCAGTTTGGGCC-1_contig_3,True,567,TRA,TRAV3-3,None,TRAJ37,TRAC,True,False,None,None,3832,3,clonotype14,None
CGGTTAAAGTGGTCCC-1,True,CGGTTAAAGTGGTCCC-1_contig_1,True,549,TRB,TRBV16,None,TRBJ2-5,None,True,True,CASSFGGAPDTQYF,TGTGCAAGCAGCTTTGGGGGGGCGCCAGACACCCAGTACTTT,3018,4,clonotype17,clonotype17_consensus_2
CGGTTAAAGTGGTCCC-1,True,CGGTTAAAGTGGTCCC-1_contig_2,True,515,TRA,TRAV14-2,None,TRAJ49,TRAC,True,True,CAAQGYQNFYF,TGTGCAGCACAGGGTTACCAGAACTTCTATTTT,1342,2,clonotype17,clonotype17_consensus_3
CGGTTAAAGTGGTCCC-1,True,CGGTTAAAGTGGTCCC-1_contig_3,True,579,TRA,TRAV4D-4,None,TRAJ45,TRAC,True,True,CAAYTEGADRLTF,TGTGCTGCCTATACAGAAGGTGCAGATAGACTCACCTTT,6506,7,clonotype17,clonotype17_consensus_1
CGGTTAAAGTGGTCCC-1,True,CGGTTAAAGTGGTCCC-1_contig_4,True,368,TRB,None,None,TRBJ1-3,TRBC1,False,False,None,None,212,1,clonotype17,None
CGGTTAAAGTGGTCCC-1,True,CGGTTAAAGTGGTCCC-1_contig_5,True,336,TRB,None,None,TRBJ2-1,None,False,False,None,None,3122,2,clonotype17,None
CGGTTAAAGTGGTCCC-1,True,CGGTTAAAGTGGTCCC-1_contig_6,True,327,TRB,None,None,TRBJ2-2,None,False,False,None,None,2260,1,clonotype17,None
CGGTTAATCATCTGTT-1,True,CGGTTAATCATCTGTT-1_contig_1,True,500,TRA,TRAV6-6,None,TRAJ24,TRAC,True,True,CAPLTTASLGKLQF,TGTGCTCCGTTGACAACTGCCAGTTTGGGGAAACTGCAGTTT,1254,2,clonotype2,clonotype2_consensus_2
CGGTTAATCATCTGTT-1,True,CGGTTAATCATCTGTT-1_contig_2,True,505,TRB,TRBV13-1,None,TRBJ2-4,None,True,True,CASSEGTNTLYF,TGTGCCAGCAGTGAAGGAACAAACACCTTGTACTTT,17938,12,clonotype2,clonotype2_consensus_1
CGGTTAATCATCTGTT-1,True,CGGTTAATCATCTGTT-1_contig_3,True,429,TRA,TRAV9D-2,None,TRAJ26,TRAC,True,False,CVLSRGNNYAQGLTF,TGTGTTCTGAGCAGGGGCAATAACTATGCCCAGGGATTAACCTTC,1890,2,clonotype2,None
CGGTTAATCCACTCCA-1,True,CGGTTAATCCACTCCA-1_contig_1,True,594,TRB,TRBV31,None,TRBJ2-4,None,True,True,CAWDNQNTLYF,TGTGCCTGGGACAATCAAAACACCTTGTACTTT,2016,1,clonotype337,clonotype337_consensus_3
CGGTTAATCCACTCCA-1,True,CGGTTAATCCACTCCA-1_contig_2,True,544,TRA,TRAV14N-3,None,TRAJ6,TRAC,True,True,CAARTSGGNYKPTF,TGTGCAGCAAGAACCTCAGGAGGAAACTACAAACCTACGTTT,2718,1,clonotype337,clonotype337_consensus_2
CGGTTAATCCACTCCA-1,True,CGGTTAATCCACTCCA-1_contig_3,True,549,TRA,TRAV8N-2,None,TRAJ13,TRAC,True,True,CATEDSGTYQRF,TGTGCTACTGAGGATTCTGGGACTTACCAGAGGTTT,4196,2,clonotype337,clonotype337_consensus_1
CGTAGCGAGGCTCAGA-1,True,CGTAGCGAGGCTCAGA-1_contig_1,True,558,TRA,TRAV19,None,TRAJ39,TRAC,True,True,CAAGGNNAGAKLTF,TGCGCAGCAGGTGGGAATAATGCAGGTGCCAAGCTCACATTC,16358,19,clonotype1,clonotype1_consensus_2
CGTAGCGAGGCTCAGA-1,True,CGTAGCGAGGCTCAGA-1_contig_2,True,584,TRB,TRBV12-2+TRBV13-2,None,TRBJ1-2,TRBC1,True,True,CASGGGTGNSDYTF,TGTGCCAGCGGTGGGGGGACAGGGAACTCCGACTACACCTTC,42294,70,clonotype1,clonotype1_consensus_1
CGTAGCGAGGCTCAGA-1,True,CGTAGCGAGGCTCAGA-1_contig_3,True,302,TRB,TRBV13-1,None,TRBJ2-4,None,True,False,CASSEGTNTLYF,TGTGCCAGCAGTGAAGGAACAAACACCTTGTACTTT,978,1,clonotype1,None
CGTAGCGAGGCTCAGA-1,True,CGTAGCGAGGCTCAGA-1_contig_4,True,357,TRB,None,None,TRBJ2-7,None,False,False,None,None,2886,8,clonotype1,None
CGTAGCGAGGCTCAGA-1,True,CGTAGCGAGGCTCAGA-1_contig_5,True,347,TRB,None,None,TRBJ1-4,TRBC1,False,False,None,None,1696,1,clonotype1,None
CGTAGCGAGGCTCAGA-1,True,CGTAGCGAGGCTCAGA-1_contig_6,True,543,TRA,TRAV7-5,None,TRAJ45,TRAC,True,False,CSDTEGADRLTF,TGCAGTGATACAGAAGGTGCAGATAGACTCACCTTT,2716,3,clonotype1,None
CGTAGCGAGGCTCAGA-1,True,CGTAGCGAGGCTCAGA-1_contig_7,True,344,TRB,None,None,TRBJ2-1,None,False,False,None,None,7674,7,clonotype1,None
CGTAGCGCATGAGCGA-1,True,CGTAGCGCATGAGCGA-1_contig_1,True,556,TRA,TRAV19,None,TRAJ39,TRAC,True,True,CAAGGNNAGAKLTF,TGCGCAGCAGGTGGGAATAATGCAGGTGCCAAGCTCACATTC,6152,5,clonotype1,clonotype1_consensus_2
CGTAGCGCATGAGCGA-1,True,CGTAGCGCATGAGCGA-1_contig_2,True,579,TRB,TRBV12-2+TRBV13-2,None,TRBJ1-2,TRBC1,True,True,CASGGGTGNSDYTF,TGTGCCAGCGGTGGGGGGACAGGGAACTCCGACTACACCTTC,10296,7,clonotype1,clonotype1_consensus_1
CGTAGCGCATGAGCGA-1,True,CGTAGCGCATGAGCGA-1_contig_3,True,352,TRB,None,None,TRBJ2-1,None,False,False,None,None,6022,4,clonotype1,None
CGTAGCGCATGAGCGA-1,True,CGTAGCGCATGAGCGA-1_contig_4,True,638,TRB,None,None,TRBJ2-7,None,False,False,None,None,3494,3,clonotype1,None
CGTAGGCAGACACGAC-1,True,CGTAGGCAGACACGAC-1_contig_1,True,644,TRA,TRAV14N-3,None,TRAJ6,TRAC,True,True,CAARTSGGNYKPTF,TGTGCAGCAAGAACCTCAGGAGGAAACTACAAACCTACGTTT,6512,4,clonotype4,clonotype4_consensus_2
CGTAGGCAGACACGAC-1,True,CGTAGGCAGACACGAC-1_contig_2,True,549,TRA,TRAV8N-2,None,TRAJ13,TRAC,True,True,CATEDSGTYQRF,TGTGCTACTGAGGATTCTGGGACTTACCAGAGGTTT,15182,10,clonotype4,clonotype4_consensus_1
CGTAGGCAGACACGAC-1,True,CGTAGGCAGACACGAC-1_contig_3,True,566,TRB,TRBV12-2+TRBV13-2,None,TRBJ2-7,None,True,True,CASGTGGDYEQYF,TGTGCCAGCGGGACTGGGGGGGACTATGAACAGTACTTC,31298,30,clonotype4,clonotype4_consensus_3
CGTAGGCAGTTTCCTT-1,True,CGTAGGCAGTTTCCTT-1_contig_1,True,644,TRA,TRAV14N-3,None,TRAJ6,TRAC,True,True,CAARTSGGNYKPTF,TGTGCAGCAAGAACCTCAGGAGGAAACTACAAACCTACGTTT,21504,15,clonotype4,clonotype4_consensus_2
CGTAGGCAGTTTCCTT-1,True,CGTAGGCAGTTTCCTT-1_contig_2,True,549,TRA,TRAV8N-2,None,TRAJ13,TRAC,True,True,CATEDSGTYQRF,TGTGCTACTGAGGATTCTGGGACTTACCAGAGGTTT,40090,30,clonotype4,clonotype4_consensus_1
CGTAGGCAGTTTCCTT-1,True,CGTAGGCAGTTTCCTT-1_contig_3,True,621,TRB,TRBV12-2+TRBV13-2,None,TRBJ2-7,None,True,True,CASGTGGDYEQYF,TGTGCCAGCGGGACTGGGGGGGACTATGAACAGTACTTC,11158,17,clonotype4,clonotype4_consensus_3
CGTAGGCCATGGTTGT-1,True,CGTAGGCCATGGTTGT-1_contig_1,True,558,TRA,TRAV19,None,TRAJ39,TRAC,True,True,CAAGGNNAGAKLTF,TGCGCAGCAGGTGGGAATAATGCAGGTGCCAAGCTCACATTC,14888,10,clonotype1,clonotype1_consensus_2
CGTAGGCCATGGTTGT-1,True,CGTAGGCCATGGTTGT-1_contig_2,True,568,TRB,TRBV12-2+TRBV13-2,None,TRBJ1-2,TRBC1,True,True,CASGGGTGNSDYTF,TGTGCCAGCGGTGGGGGGACAGGGAACTCCGACTACACCTTC,15756,13,clonotype1,clonotype1_consensus_1
CGTAGGCCATGGTTGT-1,True,CGTAGGCCATGGTTGT-1_contig_3,True,354,TRB,None,None,TRBJ2-1,None,False,False,None,None,10516,5,clonotype1,None
CGTAGGCGTAAATGAC-1,True,CGTAGGCGTAAATGAC-1_contig_1,True,519,TRA,TRAV6-6,None,TRAJ24,TRAC,True,True,CAPLTTASLGKLQF,TGTGCTCCGTTGACAACTGCCAGTTTGGGGAAACTGCAGTTT,9764,7,clonotype3,clonotype3_consensus_2
CGTAGGCGTAAATGAC-1,True,CGTAGGCGTAAATGAC-1_contig_2,True,512,TRB,TRBV13-1,None,TRBJ2-4,None,True,True,CASSEGTNTLYF,TGTGCCAGCAGTGAAGGAACAAACACCTTGTACTTT,56454,48,clonotype3,clonotype3_consensus_1
CGTAGGCGTAAATGAC-1,True,CGTAGGCGTAAATGAC-1_contig_3,True,692,TRA,TRAV9D-2,None,TRAJ26,TRAC,True,True,CVLSRGNNYAQGLTF,TGTGTTCTGAGCAGGGGCAATAACTATGCCCAGGGATTAACCTTC,10358,7,clonotype3,clonotype3_consensus_3
CGTAGGCGTAAATGAC-1,True,CGTAGGCGTAAATGAC-1_contig_4,True,610,TRA,TRAV10D,None,TRAJ30,None,True,False,None,None,476,1,clonotype3,None
CGTAGGCTCAAACAAG-1,True,CGTAGGCTCAAACAAG-1_contig_1,True,519,TRA,TRAV6-6,None,TRAJ24,TRAC,True,True,CAPLTTASLGKLQF,TGTGCTCCGTTGACAACTGCCAGTTTGGGGAAACTGCAGTTT,4346,3,clonotype3,clonotype3_consensus_2
CGTAGGCTCAAACAAG-1,True,CGTAGGCTCAAACAAG-1_contig_2,True,505,TRB,TRBV13-1,None,TRBJ2-4,None,True,True,CASSEGTNTLYF,TGTGCCAGCAGTGAAGGAACAAACACCTTGTACTTT,15910,11,clonotype3,clonotype3_consensus_1
CGTAGGCTCAAACAAG-1,True,CGTAGGCTCAAACAAG-1_contig_3,True,707,TRA,TRAV9D-2,None,TRAJ26,TRAC,True,True,CVLSRGNNYAQGLTF,TGTGTTCTGAGCAGGGGCAATAACTATGCCCAGGGATTAACCTTC,6402,3,clonotype3,clonotype3_consensus_3
CGTCACTCACTAGTAC-1,True,CGTCACTCACTAGTAC-1_contig_1,True,541,TRA,TRAV8D-1,None,TRAJ30,TRAC,True,True,CATDTNAYKVIF,TGTGCTACTGACACAAATGCTTACAAAGTCATCTTT,2784,3,clonotype13,clonotype13_consensus_1
CGTCACTCACTAGTAC-1,True,CGTCACTCACTAGTAC-1_contig_2,True,951,TRB,TRBV12-2+TRBV13-2,None,TRBJ1-5,TRBC1,True,True,CASGTGDNQAPLF,TGTGCCAGCGGGACAGGGGACAACCAGGCTCCGCTTTTT,4360,7,clonotype13,clonotype13_consensus_2
CGTCACTCACTAGTAC-1,True,CGTCACTCACTAGTAC-1_contig_3,True,391,TRB,None,None,TRBJ2-7,None,False,False,None,None,1886,1,clonotype13,None
CGTCACTCAGTGGAGT-1,True,CGTCACTCAGTGGAGT-1_contig_1,True,605,TRB,TRBV3,None,TRBJ1-5,TRBC1,True,True,CASSPLRGNNQAPLF,TGTGCCAGCAGCCCCCTCCGCGGTAACAACCAGGCTCCGCTTTTT,16926,10,clonotype338,clonotype338_consensus_1
CGTCACTCAGTGGAGT-1,True,CGTCACTCAGTGGAGT-1_contig_2,True,509,TRA,TRAV12-1,None,TRAJ35,TRAC,True,False,CPVLLCSETGFASALTF,TGCCCTGTACTACTGTGCTCTGAAACAGGCTTTGCAAGTGCGCTGACATTT,1982,1,clonotype338,None
CGTCACTCAGTGGAGT-1,True,CGTCACTCAGTGGAGT-1_contig_3,True,422,TRA,TRAV6-6,None,TRAJ37,TRAC,True,False,None,None,546,1,clonotype338,None
CGTCACTCAGTGGAGT-1,True,CGTCACTCAGTGGAGT-1_contig_4,True,346,TRB,None,None,TRBJ2-7,None,False,False,None,None,6156,3,clonotype338,None
CGTCACTGTCTTCTCG-1,True,CGTCACTGTCTTCTCG-1_contig_1,True,597,TRB,TRBV12-2+TRBV13-2,None,TRBJ2-4,None,True,True,CASSEGTNTLYF,TGTGCCAGCAGTGAAGGAACAAACACCTTGTACTTT,2794,4,clonotype6,clonotype6_consensus_1
CGTCACTGTTGGAGGT-1,True,CGTCACTGTTGGAGGT-1_contig_1,True,549,TRB,TRBV16,None,TRBJ2-5,None,True,True,CASSLGGPQDTQYF,TGTGCAAGCAGCTTAGGGGGTCCCCAAGACACCCAGTACTTT,1962,4,clonotype111,clonotype111_consensus_1
CGTCACTGTTGGAGGT-1,True,CGTCACTGTTGGAGGT-1_contig_2,True,684,TRA,TRAV9-2,None,TRAJ30,TRAC,True,True,CVLDDTNAYKVIF,TGTGTTTTGGATGACACAAATGCTTACAAAGTCATCTTT,2528,1,clonotype111,clonotype111_consensus_2
CGTCACTGTTTGCATG-1,True,CGTCACTGTTTGCATG-1_contig_1,True,563,TRA,TRAV14N-3,None,TRAJ22,TRAC,True,True,CAASDNSGSWQLIF,TGTGCAGCAAGTGATAATTCTGGCAGCTGGCAACTCATCTTT,32316,24,clonotype339,clonotype339_consensus_1
CGTCACTGTTTGCATG-1,True,CGTCACTGTTTGCATG-1_contig_2,True,518,TRB,TRBV13-1,None,TRBJ1-5,TRBC1,True,True,CASSDAYNNQAPLF,TGTGCCAGCAGTGACGCCTATAACAACCAGGCTCCGCTTTTT,30312,25,clonotype339,clonotype339_consensus_2
CGTCACTGTTTGCATG-1,True,CGTCACTGTTTGCATG-1_contig_3,True,367,TRB,None,None,TRBJ2-7,None,False,False,None,None,1776,4,clonotype339,None
CGTCACTGTTTGCATG-1,True,CGTCACTGTTTGCATG-1_contig_4,True,413,TRB,None,None,TRBJ2-1,None,False,False,None,None,10732,8,clonotype339,None
CGTCAGGAGCTAGTCT-1,True,CGTCAGGAGCTAGTCT-1_contig_1,True,555,TRA,TRAV3-3,None,TRAJ49,TRAC,True,True,CAVSGATGYQNFYF,TGCGCAGTCAGTGGGGCCACGGGTTACCAGAACTTCTATTTT,16912,10,clonotype10,clonotype10_consensus_3
CGTCAGGAGCTAGTCT-1,True,CGTCAGGAGCTAGTCT-1_contig_2,True,507,TRA,TRAV21-DV12,None,TRAJ42,TRAC,True,True,CILRVHGGSNAKLTF,TGTATCCTGAGAGTCCATGGAGGAAGCAATGCAAAGCTAACCTTC,12950,9,clonotype10,clonotype10_consensus_1
CGTCAGGAGCTAGTCT-1,True,CGTCAGGAGCTAGTCT-1_contig_3,True,586,TRB,TRBV12-2+TRBV13-2,None,TRBJ2-7,None,True,True,CASGVQGEQYF,TGTGCCAGCGGTGTTCAGGGAGAACAGTACTTC,37666,33,clonotype10,clonotype10_consensus_2
CGTCAGGAGTCAAGCG-1,True,CGTCAGGAGTCAAGCG-1_contig_1,True,558,TRA,TRAV19,None,TRAJ39,TRAC,True,True,CAAGGNNAGAKLTF,TGCGCAGCAGGTGGGAATAATGCAGGTGCCAAGCTCACATTC,19244,16,clonotype1,clonotype1_consensus_2
CGTCAGGAGTCAAGCG-1,True,CGTCAGGAGTCAAGCG-1_contig_2,True,571,TRB,TRBV12-2+TRBV13-2,None,TRBJ1-2,TRBC1,True,True,CASGGGTGNSDYTF,TGTGCCAGCGGTGGGGGGACAGGGAACTCCGACTACACCTTC,47650,59,clonotype1,clonotype1_consensus_1
CGTCAGGAGTCAAGCG-1,True,CGTCAGGAGTCAAGCG-1_contig_3,True,622,TRB,None,None,TRBJ2-7,None,False,False,None,None,3540,3,clonotype1,None
CGTCAGGAGTCAAGCG-1,True,CGTCAGGAGTCAAGCG-1_contig_4,True,333,TRB,None,None,TRBJ2-1,None,False,False,None,None,5602,7,clonotype1,None
CGTCAGGAGTGTTAGA-1,True,CGTCAGGAGTGTTAGA-1_contig_1,True,558,TRA,TRAV19,None,TRAJ39,TRAC,True,True,CAAGGNNAGAKLTF,TGCGCAGCAGGTGGGAATAATGCAGGTGCCAAGCTCACATTC,10176,7,clonotype1,clonotype1_consensus_2
CGTCAGGAGTGTTAGA-1,True,CGTCAGGAGTGTTAGA-1_contig_2,True,568,TRB,TRBV12-2+TRBV13-2,None,TRBJ1-2,TRBC1,True,True,CASGGGTGNSDYTF,TGTGCCAGCGGTGGGGGGACAGGGAACTCCGACTACACCTTC,25112,27,clonotype1,clonotype1_consensus_1
CGTCAGGAGTGTTAGA-1,True,CGTCAGGAGTGTTAGA-1_contig_3,True,400,TRB,None,None,TRBJ2-7,None,False,False,None,None,12534,9,clonotype1,None
CGTCAGGGTGTCGCTG-1,True,CGTCAGGGTGTCGCTG-1_contig_1,True,558,TRA,TRAV16,None,TRAJ57,TRAC,True,True,CAMREPQGGSAKLIF,TGTGCTATGAGAGAGCCTCAAGGAGGGTCTGCGAAGCTCATCTTT,3676,3,clonotype22,clonotype22_consensus_3
CGTCAGGGTGTCGCTG-1,True,CGTCAGGGTGTCGCTG-1_contig_2,True,532,TRA,TRAV13-4-DV7,None,TRAJ58,TRAC,True,True,CAPMQQGTGSKLSF,TGTGCTCCTATGCAGCAAGGCACTGGGTCTAAGCTGTCATTT,7188,6,clonotype22,clonotype22_consensus_2
CGTCAGGGTGTCGCTG-1,True,CGTCAGGGTGTCGCTG-1_contig_3,True,525,TRB,TRBV17,None,TRBJ2-5,None,True,True,CASSRKGVQDTQYF,TGTGCTAGCAGTAGAAAGGGGGTCCAAGACACCCAGTACTTT,47626,38,clonotype22,clonotype22_consensus_1
CGTCAGGGTGTCGCTG-1,True,CGTCAGGGTGTCGCTG-1_contig_4,True,576,TRB,TRBV1,None,TRBJ1-3,TRBC1,True,False,None,None,3228,2,clonotype22,None
CGTCAGGGTGTCGCTG-1,True,CGTCAGGGTGTCGCTG-1_contig_5,True,326,TRB,None,None,TRBJ2-7,None,False,False,None,None,12062,10,clonotype22,None
CGTCAGGTCGCTTAGA-1,True,CGTCAGGTCGCTTAGA-1_contig_1,True,532,TRA,TRAV19,None,TRAJ39,TRAC,True,True,CAAGGNNAGAKLTF,TGCGCAGCAGGTGGGAATAATGCAGGTGCCAAGCTCACATTC,2100,1,clonotype1,clonotype1_consensus_2
CGTCAGGTCGCTTAGA-1,True,CGTCAGGTCGCTTAGA-1_contig_2,True,614,TRB,TRBV12-2+TRBV13-2,None,TRBJ1-2,TRBC1,True,True,CASGGGTGNSDYTF,TGTGCCAGCGGTGGGGGGACAGGGAACTCCGACTACACCTTC,3386,3,clonotype1,clonotype1_consensus_1
CGTCCATAGACACGAC-1,True,CGTCCATAGACACGAC-1_contig_1,True,566,TRA,TRAV3-3,None,TRAJ49,TRAC,True,True,CAVSGSTGYQNFYF,TGCGCAGTCAGTGGGAGCACGGGTTACCAGAACTTCTATTTT,7680,4,clonotype33,clonotype33_consensus_1
CGTCCATAGACACGAC-1,True,CGTCCATAGACACGAC-1_contig_2,True,524,TRA,TRAV6D-5,None,TRAJ38,TRAC,True,False,CTTVFWDNVGDNSKLIW,TGTACTACTGTGTTCTGGGATAATGTTGGTGACAACAGTAAGCTGATTTGG,6270,4,clonotype33,None
CGTCCATAGACACGAC-1,True,CGTCCATAGACACGAC-1_contig_3,True,609,TRB,None,None,TRBJ2-5,None,False,False,None,None,1326,1,clonotype33,None
CGTCCATAGATAGCAT-1,True,CGTCCATAGATAGCAT-1_contig_1,True,546,TRA,TRAV6-6,None,TRAJ24,TRAC,True,True,CAPLTTASLGKLQF,TGTGCTCCGTTGACAACTGCCAGTTTGGGGAAACTGCAGTTT,2354,2,clonotype2,clonotype2_consensus_2
CGTCCATAGATAGCAT-1,True,CGTCCATAGATAGCAT-1_contig_2,True,512,TRB,TRBV13-1,None,TRBJ2-4,None,True,True,CASSEGTNTLYF,TGTGCCAGCAGTGAAGGAACAAACACCTTGTACTTT,6352,6,clonotype2,clonotype2_consensus_1
CGTCCATAGATAGCAT-1,True,CGTCCATAGATAGCAT-1_contig_3,True,825,TRA,TRAV9D-2,None,TRAJ26,TRAC,True,False,CVLSRGNNYAQGLTF,TGTGTTCTGAGCAGGGGCAATAACTATGCCCAGGGATTAACCTTC,3392,3,clonotype2,None
CGTCCATAGATATACG-1,True,CGTCCATAGATATACG-1_contig_1,True,571,TRA,TRAV14N-3,None,TRAJ26,TRAC,True,True,CAARGNNYAQGLTF,TGTGCAGCAAGGGGGAATAACTATGCCCAGGGATTAACCTTC,1934,1,clonotype340,clonotype340_consensus_1
CGTCCATAGATATACG-1,True,CGTCCATAGATATACG-1_contig_2,True,560,TRB,TRBV12-2,None,TRBJ2-5,None,True,True,CASSPTGGADTQYF,TGTGCCAGCTCTCCGACTGGGGGGGCAGACACCCAGTACTTT,4978,3,clonotype340,clonotype340_consensus_2
CGTCCATAGCCCAATT-1,True,CGTCCATAGCCCAATT-1_contig_1,True,564,TRB,TRBV13-2,None,TRBJ2-1,None,True,True,CASGDPFQFF,TGTGCCAGCGGTGATCCTTTCCAGTTCTTC,5124,5,clonotype25,clonotype25_consensus_3
CGTCCATAGCCCAATT-1,True,CGTCCATAGCCCAATT-1_contig_2,True,507,TRB,TRBV5,None,TRBJ2-2,None,True,True,CASSTGQLYF,TGTGCCAGCAGCACCGGGCAGCTCTACTTT,17164,11,clonotype25,clonotype25_consensus_1
CGTCCATAGCCCAATT-1,True,CGTCCATAGCCCAATT-1_contig_3,True,739,TRA,TRAV9N-4,None,TRAJ22,TRAC,True,True,CALPSSGSWQLIF,TGTGCTCTCCCATCTTCTGGCAGCTGGCAACTCATCTTT,11624,9,clonotype25,clonotype25_consensus_2
CGTCCATAGCCCAATT-1,True,CGTCCATAGCCCAATT-1_contig_4,True,472,TRA,TRAV10N,None,TRAJ35,TRAC,True,False,CSKHQTGFASALTF,TGCAGCAAGCACCAGACAGGCTTTGCAAGTGCGCTGACATTT,770,1,clonotype25,None
CGTCCATAGCCTCGTG-1,True,CGTCCATAGCCTCGTG-1_contig_1,True,514,TRA,TRAV6-6,None,TRAJ24,TRAC,True,True,CAPLTTASLGKLQF,TGTGCTCCGTTGACAACTGCCAGTTTGGGGAAACTGCAGTTT,1988,1,clonotype3,clonotype3_consensus_2
CGTCCATAGCCTCGTG-1,True,CGTCCATAGCCTCGTG-1_contig_2,True,512,TRB,TRBV13-1,None,TRBJ2-4,None,True,True,CASSEGTNTLYF,TGTGCCAGCAGTGAAGGAACAAACACCTTGTACTTT,13738,12,clonotype3,clonotype3_consensus_1
CGTCCATAGCCTCGTG-1,True,CGTCCATAGCCTCGTG-1_contig_3,True,706,TRA,TRAV9D-2,None,TRAJ26,TRAC,True,True,CVLSRGNNYAQGLTF,TGTGTTCTGAGCAGGGGCAATAACTATGCCCAGGGATTAACCTTC,3128,2,clonotype3,clonotype3_consensus_3
CGTCCATAGGATCGCA-1,True,CGTCCATAGGATCGCA-1_contig_1,True,549,TRB,TRBV16,None,TRBJ2-5,None,True,True,CASSLGGGQDTQYF,TGTGCAAGCAGCTTAGGGGGGGGCCAAGACACCCAGTACTTT,5684,10,clonotype8,clonotype8_consensus_1
CGTCCATAGGATCGCA-1,True,CGTCCATAGGATCGCA-1_contig_2,True,587,TRA,TRAV4D-3,None,TRAJ27,TRAC,True,True,CAADGPNTGKLTF,TGTGCTGCGGACGGACCCAATACAGGCAAATTAACCTTT,18030,16,clonotype8,clonotype8_consensus_2
CGTCCATAGGATCGCA-1,True,CGTCCATAGGATCGCA-1_contig_3,True,525,TRA,TRAV7N-6,None,TRAJ30,TRAC,True,True,CAVVDTNAYKVIF,TGTGCAGTGGTTGACACAAATGCTTACAAAGTCATCTTT,8326,7,clonotype8,clonotype8_consensus_3
CGTCCATAGGATCGCA-1,True,CGTCCATAGGATCGCA-1_contig_4,True,467,TRB,None,None,TRBJ1-6,TRBC1,False,False,None,None,6714,5,clonotype8,None
CGTCCATGTCCGAGTC-1,True,CGTCCATGTCCGAGTC-1_contig_1,True,561,TRA,TRAV4-3,None,TRAJ42,TRAC,True,True,CAADNSGGSNAKLTF,TGTGCTGCTGATAATTCTGGAGGAAGCAATGCAAAGCTAACCTTC,4250,3,clonotype29,clonotype29_consensus_2
CGTCCATGTCCGAGTC-1,True,CGTCCATGTCCGAGTC-1_contig_2,True,512,TRB,TRBV13-1,None,TRBJ2-1,None,True,True,CASGGAYAEQFF,TGTGCCAGCGGGGGGGCGTATGCTGAGCAGTTCTTC,3322,3,clonotype29,clonotype29_consensus_1
CGTCCATGTCCGAGTC-1,True,CGTCCATGTCCGAGTC-1_contig_3,True,566,TRA,TRAV12-2,None,TRAJ34,TRAC,True,True,CALSGNTNKVVF,TGTGCTTTGAGTGGCAATACCAACAAAGTCGTCTTT,11606,7,clonotype29,clonotype29_consensus_3
CGTCCATGTCCGAGTC-1,True,CGTCCATGTCCGAGTC-1_contig_4,True,314,TRB,None,None,TRBJ2-2,None,False,False,None,None,2438,1,clonotype29,None
CGTCCATGTCTGCAAT-1,True,CGTCCATGTCTGCAAT-1_contig_1,True,559,TRB,TRBV12-2+TRBV13-2,None,TRBJ2-1,None,True,True,CASGAGAEQFF,TGTGCCAGCGGTGCAGGAGCTGAGCAGTTCTTC,6060,5,clonotype341,clonotype341_consensus_1
CGTCCATGTGTCGCTG-1,True,CGTCCATGTGTCGCTG-1_contig_1,True,541,TRA,TRAV8D-1,None,TRAJ30,TRAC,True,True,CATDTNAYKVIF,TGTGCTACTGACACAAATGCTTACAAAGTCATCTTT,7794,4,clonotype13,clonotype13_consensus_1
CGTCCATGTGTCGCTG-1,True,CGTCCATGTGTCGCTG-1_contig_2,True,536,TRB,TRBV13-2,None,TRBJ1-5,TRBC1,True,True,CASGTGDNQAPLF,TGTGCCAGCGGGACAGGGGACAACCAGGCTCCGCTTTTT,3506,5,clonotype13,clonotype13_consensus_2
CGTCCATGTGTCGCTG-1,True,CGTCCATGTGTCGCTG-1_contig_3,True,534,TRA,TRAV14N-3,None,TRAJ35,TRAC,True,False,None,None,1900,1,clonotype13,None
CGTCCATTCTTTAGTC-1,True,CGTCCATTCTTTAGTC-1_contig_1,True,521,TRA,TRAV6-6,None,TRAJ24,TRAC,True,True,CAPLTTASLGKLQF,TGTGCTCCGTTGACAACTGCCAGTTTGGGGAAACTGCAGTTT,2258,1,clonotype3,clonotype3_consensus_2
CGTCCATTCTTTAGTC-1,True,CGTCCATTCTTTAGTC-1_contig_2,True,505,TRB,TRBV13-1,None,TRBJ2-4,None,True,True,CASSEGTNTLYF,TGTGCCAGCAGTGAAGGAACAAACACCTTGTACTTT,11318,8,clonotype3,clonotype3_consensus_1
CGTCCATTCTTTAGTC-1,True,CGTCCATTCTTTAGTC-1_contig_3,True,703,TRA,TRAV9D-2,None,TRAJ26,TRAC,True,True,CVLSRGNNYAQGLTF,TGTGTTCTGAGCAGGGGCAATAACTATGCCCAGGGATTAACCTTC,1144,1,clonotype3,clonotype3_consensus_3
CGTCTACAGTTAACGA-1,True,CGTCTACAGTTAACGA-1_contig_1,True,502,TRB,TRBV13-1,None,TRBJ2-7,None,True,True,CASSAPYEQYF,TGTGCCAGCAGTGCACCGTATGAACAGTACTTC,1096,1,clonotype342,clonotype342_consensus_2
CGTCTACAGTTAACGA-1,True,CGTCTACAGTTAACGA-1_contig_2,True,574,TRB,TRBV13-1,None,TRBJ1-4,TRBC1,True,True,CASSGGERLFF,TGTGCCAGCAGTGGGGGCGAAAGATTATTTTTC,1226,1,clonotype342,clonotype342_consensus_4
CGTCTACAGTTAACGA-1,True,CGTCTACAGTTAACGA-1_contig_3,True,514,TRA,TRAV12-3,None,TRAJ45,TRAC,True,True,CALSPYTEGADRLTF,TGTGCTCTGAGTCCCTATACAGAAGGTGCAGATAGACTCACCTTT,2212,1,clonotype342,clonotype342_consensus_3
CGTCTACAGTTAACGA-1,True,CGTCTACAGTTAACGA-1_contig_4,True,549,TRA,TRAV8N-2,None,TRAJ13,TRAC,True,True,CATEDSGTYQRF,TGTGCTACTGAGGATTCTGGGACTTACCAGAGGTTT,1198,2,clonotype342,clonotype342_consensus_1
CGTCTACAGTTAGGTA-1,True,CGTCTACAGTTAGGTA-1_contig_1,True,549,TRB,TRBV16,None,TRBJ2-5,None,True,True,CASSLGGGQDTQYF,TGTGCAAGCAGCTTAGGGGGGGGCCAAGACACCCAGTACTTT,5686,13,clonotype15,clonotype15_consensus_1
CGTCTACAGTTAGGTA-1,True,CGTCTACAGTTAGGTA-1_contig_2,True,560,TRA,TRAV4D-3,None,TRAJ27,TRAC,True,True,CAADGPNTGKLTF,TGTGCTGCGGACGGACCCAATACAGGCAAATTAACCTTT,7570,7,clonotype15,clonotype15_consensus_2
CGTCTACCAGGAATCG-1,True,CGTCTACCAGGAATCG-1_contig_1,True,580,TRA,TRAV6-6,None,TRAJ32,TRAC,True,True,CALGDYGSSGNKLIF,TGTGCTCTGGGTGATTATGGGAGCAGTGGCAACAAGCTCATCTTT,6576,4,clonotype343,clonotype343_consensus_1
CGTCTACCAGGAATCG-1,True,CGTCTACCAGGAATCG-1_contig_2,True,525,TRB,TRBV17,None,TRBJ2-4,None,True,True,CASSRGLGQNTLYF,TGTGCTAGCAGTAGGGGACTGGGTCAAAACACCTTGTACTTT,23686,16,clonotype343,clonotype343_consensus_2
CGTCTACGTAAGAGGA-1,True,CGTCTACGTAAGAGGA-1_contig_1,True,593,TRA,TRAV19,None,TRAJ39,TRAC,True,True,CAAGGNNAGAKLTF,TGCGCAGCAGGTGGGAATAATGCAGGTGCCAAGCTCACATTC,2656,4,clonotype1,clonotype1_consensus_2
CGTCTACGTAAGAGGA-1,True,CGTCTACGTAAGAGGA-1_contig_2,True,570,TRB,TRBV12-2+TRBV13-2,None,TRBJ1-2,TRBC1,True,True,CASGGGTGNSDYTF,TGTGCCAGCGGTGGGGGGACAGGGAACTCCGACTACACCTTC,12376,11,clonotype1,clonotype1_consensus_1
CGTCTACGTAAGAGGA-1,True,CGTCTACGTAAGAGGA-1_contig_3,True,332,TRB,None,None,TRBJ2-1,None,False,False,None,None,5006,2,clonotype1,None
CGTCTACGTGATAAGT-1,True,CGTCTACGTGATAAGT-1_contig_1,True,558,TRA,TRAV19,None,TRAJ39,TRAC,True,True,CAAGGNNAGAKLTF,TGCGCAGCAGGTGGGAATAATGCAGGTGCCAAGCTCACATTC,7218,3,clonotype1,clonotype1_consensus_2
CGTCTACGTGATAAGT-1,True,CGTCTACGTGATAAGT-1_contig_2,True,572,TRB,TRBV12-2+TRBV13-2,None,TRBJ1-2,TRBC1,True,True,CASGGGTGNSDYTF,TGTGCCAGCGGTGGGGGGACAGGGAACTCCGACTACACCTTC,9332,8,clonotype1,clonotype1_consensus_1
CGTCTACGTGATAAGT-1,True,CGTCTACGTGATAAGT-1_contig_3,True,660,TRB,None,None,TRBJ2-7,None,False,False,None,None,6878,4,clonotype1,None
CGTCTACGTTCAGACT-1,True,CGTCTACGTTCAGACT-1_contig_1,True,555,TRA,TRAV3-3,None,TRAJ49,TRAC,True,True,CAVSGATGYQNFYF,TGCGCAGTCAGTGGGGCCACGGGTTACCAGAACTTCTATTTT,14978,13,clonotype64,clonotype64_consensus_1
CGTCTACGTTCAGACT-1,True,CGTCTACGTTCAGACT-1_contig_2,True,564,TRB,TRBV12-2+TRBV13-2,None,TRBJ2-5,None,True,True,CASGVQGDTQYF,TGTGCCAGCGGTGTTCAGGGGGACACCCAGTACTTT,22766,20,clonotype64,clonotype64_consensus_2
CGTCTACGTTCAGACT-1,True,CGTCTACGTTCAGACT-1_contig_3,True,451,TRB,None,None,TRBJ2-7,None,False,False,None,None,9150,6,clonotype64,None
CGTCTACGTTCAGACT-1,True,CGTCTACGTTCAGACT-1_contig_4,True,362,TRB,None,None,TRBJ1-5,TRBC1,False,False,None,None,4360,4,clonotype64,None
CGTCTACGTTCAGACT-1,True,CGTCTACGTTCAGACT-1_contig_5,True,552,TRA,TRAV8N-2,None,TRAJ43,TRAC,True,False,CATDANNNNAPRF,TGTGCTACTGATGCCAATAACAACAATGCCCCACGATTT,11562,11,clonotype64,None
CGTCTACTCCTTTCTC-1,True,CGTCTACTCCTTTCTC-1_contig_1,True,549,TRB,TRBV16,None,TRBJ2-5,None,True,True,CASSLGGGQDTQYF,TGTGCAAGCAGCTTAGGGGGGGGCCAAGACACCCAGTACTTT,17550,17,clonotype8,clonotype8_consensus_1
CGTCTACTCCTTTCTC-1,True,CGTCTACTCCTTTCTC-1_contig_2,True,564,TRA,TRAV4D-3,None,TRAJ27,TRAC,True,True,CAADGPNTGKLTF,TGTGCTGCGGACGGACCCAATACAGGCAAATTAACCTTT,13154,10,clonotype8,clonotype8_consensus_2
CGTCTACTCCTTTCTC-1,True,CGTCTACTCCTTTCTC-1_contig_3,True,525,TRA,TRAV7N-6,None,TRAJ30,TRAC,True,True,CAVVDTNAYKVIF,TGTGCAGTGGTTGACACAAATGCTTACAAAGTCATCTTT,10800,7,clonotype8,clonotype8_consensus_3
CGTCTACTCCTTTCTC-1,True,CGTCTACTCCTTTCTC-1_contig_4,True,408,TRB,None,None,TRBJ1-6,TRBC1,False,False,None,None,3042,3,clonotype8,None
CGTCTACTCGTCTGAA-1,True,CGTCTACTCGTCTGAA-1_contig_1,True,525,TRA,TRAV14N-3,None,TRAJ6,TRAC,True,True,CAARTSGGNYKPTF,TGTGCAGCAAGAACCTCAGGAGGAAACTACAAACCTACGTTT,8036,4,clonotype47,clonotype47_consensus_1
CGTCTACTCGTCTGAA-1,True,CGTCTACTCGTCTGAA-1_contig_2,True,564,TRB,TRBV12-2+TRBV13-2,None,TRBJ2-7,None,True,True,CASGTGGDYEQYF,TGTGCCAGCGGGACTGGGGGGGACTATGAACAGTACTTC,6938,7,clonotype47,clonotype47_consensus_2
CGTGAGCAGAAAGTGG-1,True,CGTGAGCAGAAAGTGG-1_contig_1,True,549,TRB,TRBV16,None,TRBJ2-5,None,True,True,CASSLGGGQDTQYF,TGTGCAAGCAGCTTAGGGGGGGGCCAAGACACCCAGTACTTT,27082,31,clonotype344,clonotype344_consensus_1
CGTGAGCAGAAAGTGG-1,True,CGTGAGCAGAAAGTGG-1_contig_2,True,562,TRB,TRBV12-2+TRBV13-2,None,TRBJ1-4,TRBC1,True,True,CASGDAPERLFF,TGTGCCAGCGGTGATGCTCCCGAAAGATTATTTTTC,7938,12,clonotype344,clonotype344_consensus_4
CGTGAGCAGAAAGTGG-1,True,CGTGAGCAGAAAGTGG-1_contig_3,True,579,TRA,TRAV4D-3,None,TRAJ27,TRAC,True,True,CAADGPNTGKLTF,TGTGCTGCGGACGGACCCAATACAGGCAAATTAACCTTT,22912,27,clonotype344,clonotype344_consensus_2
CGTGAGCAGAAAGTGG-1,True,CGTGAGCAGAAAGTGG-1_contig_4,True,525,TRA,TRAV7N-6,None,TRAJ30,TRAC,True,True,CAVVDTNAYKVIF,TGTGCAGTGGTTGACACAAATGCTTACAAAGTCATCTTT,10198,10,clonotype344,clonotype344_consensus_3
CGTGAGCAGAAAGTGG-1,True,CGTGAGCAGAAAGTGG-1_contig_5,True,546,Multi,TRDV1,None,TRAJ43,TRAC,True,False,CGGLNNAPRF,TGTGGAGGCCTCAACAATGCCCCACGATTT,5016,5,clonotype344,None
CGTGTAACAAACCTAC-1,True,CGTGTAACAAACCTAC-1_contig_1,True,555,TRA,TRAV3-3,None,TRAJ49,TRAC,True,True,CAVSGSTGYQNFYF,TGCGCAGTCAGTGGGAGCACGGGTTACCAGAACTTCTATTTT,1996,3,clonotype5,clonotype5_consensus_1
CGTGTAACAAACCTAC-1,True,CGTGTAACAAACCTAC-1_contig_2,True,560,TRB,TRBV12-2+TRBV13-2,None,TRBJ2-7,None,True,True,CASGVQGWEQYF,TGTGCCAGCGGTGTACAGGGGTGGGAACAGTACTTC,1722,3,clonotype5,clonotype5_consensus_2
CGTGTAAGTTTGGCGC-1,True,CGTGTAAGTTTGGCGC-1_contig_1,True,512,TRB,TRBV13-1,None,TRBJ2-4,None,True,True,CASSEGTNTLYF,TGTGCCAGCAGTGAAGGAACAAACACCTTGTACTTT,3162,4,clonotype6,clonotype6_consensus_1
CGTGTAAGTTTGGCGC-1,True,CGTGTAAGTTTGGCGC-1_contig_2,True,822,TRA,TRAV9D-2,None,TRAJ26,TRAC,True,False,CVLSRGNNYAQGLTF,TGTGTTCTGAGCAGGGGCAATAACTATGCCCAGGGATTAACCTTC,3818,3,clonotype6,None
CGTGTCTAGTAGGTGC-1,True,CGTGTCTAGTAGGTGC-1_contig_1,True,507,TRA,TRAV21-DV12,None,TRAJ42,TRAC,True,True,CILRVHGGSNAKLTF,TGTATCCTGAGAGTCCATGGAGGAAGCAATGCAAAGCTAACCTTC,5880,8,clonotype72,clonotype72_consensus_1
CGTGTCTAGTAGGTGC-1,True,CGTGTCTAGTAGGTGC-1_contig_2,True,559,TRB,TRBV12-2+TRBV13-2,None,TRBJ2-7,None,True,True,CASGVQGEQYF,TGTGCCAGCGGTGTTCAGGGAGAACAGTACTTC,10476,14,clonotype72,clonotype72_consensus_2
CGTGTCTCAAAGCAAT-1,True,CGTGTCTCAAAGCAAT-1_contig_1,True,679,TRA,TRAV14N-3,None,TRAJ6,TRAC,True,True,CAARTSGGNYKPTF,TGTGCAGCAAGAACCTCAGGAGGAAACTACAAACCTACGTTT,19650,17,clonotype4,clonotype4_consensus_2
CGTGTCTCAAAGCAAT-1,True,CGTGTCTCAAAGCAAT-1_contig_2,True,549,TRA,TRAV8N-2,None,TRAJ13,TRAC,True,True,CATEDSGTYQRF,TGTGCTACTGAGGATTCTGGGACTTACCAGAGGTTT,27202,18,clonotype4,clonotype4_consensus_1
CGTGTCTCAAAGCAAT-1,True,CGTGTCTCAAAGCAAT-1_contig_3,True,624,TRB,TRBV12-2+TRBV13-2,None,TRBJ2-7,None,True,True,CASGTGGDYEQYF,TGTGCCAGCGGGACTGGGGGGGACTATGAACAGTACTTC,24158,31,clonotype4,clonotype4_consensus_3
CGTGTCTCAAAGCAAT-1,True,CGTGTCTCAAAGCAAT-1_contig_4,True,480,TRB,None,None,TRBJ2-5,None,False,False,None,None,3120,10,clonotype4,None
CGTGTCTCAAAGCAAT-1,True,CGTGTCTCAAAGCAAT-1_contig_5,True,315,TRB,TRBV13-1,None,TRBJ2-4,None,True,False,CASSEGTNTLYF,TGTGCCAGCAGTGAAGGAACAAACACCTTGTACTTT,1142,1,clonotype4,None
CGTGTCTCAATGTTGC-1,True,CGTGTCTCAATGTTGC-1_contig_1,True,558,TRA,TRAV19,None,TRAJ39,TRAC,True,True,CAAGGNNAGAKLTF,TGCGCAGCAGGTGGGAATAATGCAGGTGCCAAGCTCACATTC,3026,3,clonotype1,clonotype1_consensus_2
CGTGTCTCAATGTTGC-1,True,CGTGTCTCAATGTTGC-1_contig_2,True,568,TRB,TRBV12-2+TRBV13-2,None,TRBJ1-2,TRBC1,True,True,CASGGGTGNSDYTF,TGTGCCAGCGGTGGGGGGACAGGGAACTCCGACTACACCTTC,4464,4,clonotype1,clonotype1_consensus_1
CGTGTCTCAATGTTGC-1,True,CGTGTCTCAATGTTGC-1_contig_3,True,447,TRB,None,None,TRBJ2-5,None,False,False,None,None,1130,1,clonotype1,None
CGTGTCTCAATGTTGC-1,True,CGTGTCTCAATGTTGC-1_contig_4,True,352,TRB,None,None,TRBJ2-1,None,False,False,None,None,3026,1,clonotype1,None
CGTGTCTCAATGTTGC-1,True,CGTGTCTCAATGTTGC-1_contig_5,True,444,TRB,None,None,TRBJ2-7,None,False,False,None,None,2294,2,clonotype1,None
CGTGTCTCAATGTTGC-1,True,CGTGTCTCAATGTTGC-1_contig_6,True,575,TRA,TRAV3D-3,None,TRAJ28,TRAC,True,False,CTSAQSVRGTGSNRLTF,TGTACTTCTGCGCAGTCAGTGAGGGGCACTGGGAGTAACAGGCTCACTTTT,2314,4,clonotype1,None
CGTGTCTCAATGTTGC-1,True,CGTGTCTCAATGTTGC-1_contig_7,True,507,TRA,TRAV7-5,None,TRAJ45,TRAC,True,False,CSDTEGADRLTF,TGCAGTGATACAGAAGGTGCAGATAGACTCACCTTT,1104,2,clonotype1,None
CGTGTCTCATCACGTA-1,True,CGTGTCTCATCACGTA-1_contig_1,True,556,TRA,TRAV19,None,TRAJ39,TRAC,True,True,CAAGGNNAGAKLTF,TGCGCAGCAGGTGGGAATAATGCAGGTGCCAAGCTCACATTC,6266,5,clonotype1,clonotype1_consensus_2
CGTGTCTCATCACGTA-1,True,CGTGTCTCATCACGTA-1_contig_2,True,605,TRB,TRBV12-2+TRBV13-2,None,TRBJ1-2,TRBC1,True,True,CASGGGTGNSDYTF,TGTGCCAGCGGTGGGGGGACAGGGAACTCCGACTACACCTTC,9850,13,clonotype1,clonotype1_consensus_1
CGTGTCTCATCACGTA-1,True,CGTGTCTCATCACGTA-1_contig_3,True,631,TRB,None,None,TRBJ2-7,None,False,False,None,None,1802,2,clonotype1,None
CGTGTCTGTAACGCGA-1,True,CGTGTCTGTAACGCGA-1_contig_1,True,578,TRA,TRAV19,None,TRAJ39,TRAC,True,True,CAAGGNNAGAKLTF,TGCGCAGCAGGTGGGAATAATGCAGGTGCCAAGCTCACATTC,5394,5,clonotype1,clonotype1_consensus_2
CGTGTCTGTAACGCGA-1,True,CGTGTCTGTAACGCGA-1_contig_2,True,600,TRB,TRBV12-2+TRBV13-2,None,TRBJ1-2,TRBC1,True,True,CASGGGTGNSDYTF,TGTGCCAGCGGTGGGGGGACAGGGAACTCCGACTACACCTTC,11062,12,clonotype1,clonotype1_consensus_1
CGTGTCTGTAACGCGA-1,True,CGTGTCTGTAACGCGA-1_contig_3,True,441,TRB,None,None,TRBJ1-3,TRBC1,False,False,None,None,4782,4,clonotype1,None
CGTGTCTGTAACGCGA-1,True,CGTGTCTGTAACGCGA-1_contig_4,True,506,TRA,TRAV7-5,None,TRAJ45,TRAC,True,False,CSDTEGADRLTF,TGCAGTGATACAGAAGGTGCAGATAGACTCACCTTT,2128,1,clonotype1,None
CGTGTCTGTTAAGACA-1,True,CGTGTCTGTTAAGACA-1_contig_1,True,558,TRA,TRAV19,None,TRAJ39,TRAC,True,True,CAAGGNNAGAKLTF,TGCGCAGCAGGTGGGAATAATGCAGGTGCCAAGCTCACATTC,5124,4,clonotype1,clonotype1_consensus_2
CGTGTCTGTTAAGACA-1,True,CGTGTCTGTTAAGACA-1_contig_2,True,568,TRB,TRBV12-2+TRBV13-2,None,TRBJ1-2,TRBC1,True,True,CASGGGTGNSDYTF,TGTGCCAGCGGTGGGGGGACAGGGAACTCCGACTACACCTTC,3328,3,clonotype1,clonotype1_consensus_1
CGTGTCTGTTAAGACA-1,True,CGTGTCTGTTAAGACA-1_contig_3,True,356,TRB,None,None,TRBJ2-7,None,False,False,None,None,10212,5,clonotype1,None
CGTGTCTTCACTTACT-1,True,CGTGTCTTCACTTACT-1_contig_1,True,519,TRA,TRAV8-1,None,TRAJ30,TRAC,True,True,CASDTNAYKVIF,TGTGCTTCTGACACAAATGCTTACAAAGTCATCTTT,916,1,clonotype23,clonotype23_consensus_2
CGTGTCTTCACTTACT-1,True,CGTGTCTTCACTTACT-1_contig_2,True,565,TRB,TRBV12-2+TRBV13-2,None,TRBJ1-5,TRBC1,True,True,CASGTGDNQAPLF,TGTGCCAGCGGGACAGGGGACAACCAGGCTCCGCTTTTT,4166,7,clonotype23,clonotype23_consensus_1
CGTTAGAAGAAGGGTA-1,True,CGTTAGAAGAAGGGTA-1_contig_1,True,550,TRA,TRAV8-1,None,TRAJ30,TRAC,True,True,CASDTNAYKVIF,TGTGCTTCTGACACAAATGCTTACAAAGTCATCTTT,11748,9,clonotype23,clonotype23_consensus_2
CGTTAGAAGAAGGGTA-1,True,CGTTAGAAGAAGGGTA-1_contig_2,True,616,TRB,TRBV12-2+TRBV13-2,None,TRBJ1-5,TRBC1,True,True,CASGTGDNQAPLF,TGTGCCAGCGGGACAGGGGACAACCAGGCTCCGCTTTTT,16172,15,clonotype23,clonotype23_consensus_1
CGTTAGAAGAAGGGTA-1,True,CGTTAGAAGAAGGGTA-1_contig_3,True,341,TRB,None,None,TRBJ2-7,None,False,False,None,None,3694,3,clonotype23,None
CGTTAGACAGTGACAG-1,True,CGTTAGACAGTGACAG-1_contig_1,True,556,TRA,TRAV19,None,TRAJ39,TRAC,True,True,CAAGGNNAGAKLTF,TGCGCAGCAGGTGGGAATAATGCAGGTGCCAAGCTCACATTC,1234,1,clonotype1,clonotype1_consensus_2
CGTTAGACAGTGACAG-1,True,CGTTAGACAGTGACAG-1_contig_2,True,671,TRB,TRBV13-2,None,TRBJ1-2,TRBC1,True,True,CASGGGTGNSDYTF,TGTGCCAGCGGTGGGGGGACAGGGAACTCCGACTACACCTTC,2880,2,clonotype1,clonotype1_consensus_1
CGTTAGAGTCCGTTAA-1,True,CGTTAGAGTCCGTTAA-1_contig_1,True,552,TRA,TRAV6-6,None,TRAJ24,TRAC,True,True,CAPLTTASLGKLQF,TGTGCTCCGTTGACAACTGCCAGTTTGGGGAAACTGCAGTTT,3610,2,clonotype69,clonotype69_consensus_3
CGTTAGAGTCCGTTAA-1,True,CGTTAGAGTCCGTTAA-1_contig_2,True,558,TRA,TRAV19,None,TRAJ39,TRAC,True,True,CAAGGNNAGAKLTF,TGCGCAGCAGGTGGGAATAATGCAGGTGCCAAGCTCACATTC,10772,6,clonotype69,clonotype69_consensus_4
CGTTAGAGTCCGTTAA-1,True,CGTTAGAGTCCGTTAA-1_contig_3,True,505,TRB,TRBV13-1,None,TRBJ2-4,None,True,True,CASSEGTNTLYF,TGTGCCAGCAGTGAAGGAACAAACACCTTGTACTTT,10148,8,clonotype69,clonotype69_consensus_2
CGTTAGAGTCCGTTAA-1,True,CGTTAGAGTCCGTTAA-1_contig_4,True,583,TRB,TRBV12-2+TRBV13-2,None,TRBJ1-2,TRBC1,True,True,CASGGGTGNSDYTF,TGTGCCAGCGGTGGGGGGACAGGGAACTCCGACTACACCTTC,7044,6,clonotype69,clonotype69_consensus_1
CGTTAGAGTCCGTTAA-1,True,CGTTAGAGTCCGTTAA-1_contig_5,True,379,TRB,None,None,TRBJ2-1,None,False,False,None,None,4596,2,clonotype69,None
CGTTAGAGTCCGTTAA-1,True,CGTTAGAGTCCGTTAA-1_contig_6,True,355,TRA,TRAV9D-2,None,TRAJ25,TRAC,True,False,CVLSRGNNYAQGLTF,TGTGTTCTGAGCAGGGGCAATAACTATGCCCAGGGATTAACCTTC,2208,1,clonotype69,None
CGTTAGAGTCCGTTAA-1,True,CGTTAGAGTCCGTTAA-1_contig_7,True,353,TRB,None,None,TRBJ2-7,None,False,False,None,None,4828,5,clonotype69,None
CGTTAGAGTCCGTTAA-1,True,CGTTAGAGTCCGTTAA-1_contig_8,True,358,TRA,TRAV9D-2,None,TRAJ26,TRAC,True,False,CVLSRGNNYAQGLTF,TGTGTTCTGAGCAGGGGCAATAACTATGCCCAGGGATTAACCTTC,3024,1,clonotype69,None
CGTTAGAGTCGACTGC-1,True,CGTTAGAGTCGACTGC-1_contig_1,True,532,TRA,TRAV8-1,None,TRAJ30,TRAC,True,True,CATDTNAYKVIF,TGTGCTACTGACACAAATGCTTACAAAGTCATCTTT,7964,7,clonotype14,clonotype14_consensus_1
CGTTAGAGTCGACTGC-1,True,CGTTAGAGTCGACTGC-1_contig_2,True,581,TRB,TRBV12-2+TRBV13-2,None,TRBJ1-5,TRBC1,True,True,CASGTGDNQAPLF,TGTGCCAGCGGTACAGGGGACAACCAGGCTCCGCTTTTT,39464,44,clonotype14,clonotype14_consensus_2
CGTTAGAGTCGACTGC-1,True,CGTTAGAGTCGACTGC-1_contig_3,True,391,TRA,None,None,TRAJ17,TRAC,False,False,None,None,1668,1,clonotype14,None
CGTTAGAGTCGACTGC-1,True,CGTTAGAGTCGACTGC-1_contig_4,True,355,TRB,None,None,TRBJ2-7,None,False,False,None,None,10136,9,clonotype14,None
CGTTAGAGTCGACTGC-1,True,CGTTAGAGTCGACTGC-1_contig_5,True,406,TRA,None,None,TRAJ26,TRAC,False,False,None,None,1100,1,clonotype14,None
CGTTAGAGTCGACTGC-1,True,CGTTAGAGTCGACTGC-1_contig_6,True,363,TRB,None,None,TRBJ2-1,None,False,False,None,None,6744,3,clonotype14,None
CGTTAGAGTCGACTGC-1,True,CGTTAGAGTCGACTGC-1_contig_7,True,567,TRA,TRAV3-3,None,TRAJ37,TRAC,True,False,None,None,4308,4,clonotype14,None
CGTTAGAGTTCTGTTT-1,True,CGTTAGAGTTCTGTTT-1_contig_1,True,549,TRB,TRBV16,None,TRBJ2-5,None,True,True,CASSLGGYQDTQYF,TGTGCAAGCAGCTTAGGGGGCTACCAAGACACCCAGTACTTT,11406,9,clonotype28,clonotype28_consensus_2
CGTTAGAGTTCTGTTT-1,True,CGTTAGAGTTCTGTTT-1_contig_2,True,532,TRA,TRAV4-3,None,TRAJ27,TRAC,True,True,CAAANTNTGKLTF,TGTGCTGCTGCTAACACCAATACAGGCAAATTAACCTTT,2746,2,clonotype28,clonotype28_consensus_1
CGTTCTGCACCCATGG-1,True,CGTTCTGCACCCATGG-1_contig_1,True,558,TRA,TRAV19,None,TRAJ39,TRAC,True,True,CAAGGNNAGAKLTF,TGCGCAGCAGGTGGGAATAATGCAGGTGCCAAGCTCACATTC,11916,7,clonotype1,clonotype1_consensus_2
CGTTCTGCACCCATGG-1,True,CGTTCTGCACCCATGG-1_contig_2,True,568,TRB,TRBV12-2+TRBV13-2,None,TRBJ1-2,TRBC1,True,True,CASGGGTGNSDYTF,TGTGCCAGCGGTGGGGGGACAGGGAACTCCGACTACACCTTC,14404,11,clonotype1,clonotype1_consensus_1
CGTTCTGCAGTGGGAT-1,True,CGTTCTGCAGTGGGAT-1_contig_1,True,579,TRB,TRBV12-2+TRBV13-2,None,TRBJ1-5,TRBC1,True,True,CASGTGDNQAPLF,TGTGCCAGCGGGACAGGGGACAACCAGGCTCCGCTTTTT,11852,10,clonotype16,clonotype16_consensus_1
CGTTCTGCAGTGGGAT-1,True,CGTTCTGCAGTGGGAT-1_contig_2,True,370,TRB,None,None,TRBJ2-7,None,False,False,None,None,3442,5,clonotype16,None
CGTTCTGCAGTTAACC-1,True,CGTTCTGCAGTTAACC-1_contig_1,True,519,TRA,TRAV6-6,None,TRAJ24,TRAC,True,True,CAPLTTASLGKLQF,TGTGCTCCGTTGACAACTGCCAGTTTGGGGAAACTGCAGTTT,5410,3,clonotype3,clonotype3_consensus_2
CGTTCTGCAGTTAACC-1,True,CGTTCTGCAGTTAACC-1_contig_2,True,512,TRB,TRBV13-1,None,TRBJ2-4,None,True,True,CASSEGTNTLYF,TGTGCCAGCAGTGAAGGAACAAACACCTTGTACTTT,61122,47,clonotype3,clonotype3_consensus_1
CGTTCTGCAGTTAACC-1,True,CGTTCTGCAGTTAACC-1_contig_3,True,671,TRA,TRAV9D-2,None,TRAJ26,TRAC,True,True,CVLSRGNNYAQGLTF,TGTGTTCTGAGCAGGGGCAATAACTATGCCCAGGGATTAACCTTC,4246,3,clonotype3,clonotype3_consensus_3
CGTTCTGCAGTTAACC-1,True,CGTTCTGCAGTTAACC-1_contig_4,True,380,TRB,None,None,TRBJ2-7,None,False,False,None,None,1426,1,clonotype3,None
CGTTCTGCATGATCCA-1,True,CGTTCTGCATGATCCA-1_contig_1,True,566,TRA,TRAV16,None,TRAJ57,TRAC,True,True,CAMREPQGGSAKLIF,TGTGCTATGAGAGAGCCTCAAGGAGGGTCTGCGAAGCTCATCTTT,5048,3,clonotype22,clonotype22_consensus_3
CGTTCTGCATGATCCA-1,True,CGTTCTGCATGATCCA-1_contig_2,True,532,TRA,TRAV13-4-DV7,None,TRAJ58,TRAC,True,True,CAPMQQGTGSKLSF,TGTGCTCCTATGCAGCAAGGCACTGGGTCTAAGCTGTCATTT,15092,16,clonotype22,clonotype22_consensus_2
CGTTCTGCATGATCCA-1,True,CGTTCTGCATGATCCA-1_contig_3,True,525,TRB,TRBV17,None,TRBJ2-5,None,True,True,CASSRKGVQDTQYF,TGTGCTAGCAGTAGAAAGGGGGTCCAAGACACCCAGTACTTT,54856,43,clonotype22,clonotype22_consensus_1
CGTTCTGTCCACTCCA-1,True,CGTTCTGTCCACTCCA-1_contig_1,True,548,TRA,TRAV8N-2,None,TRAJ13,TRAC,True,True,CATEDSGTYQRF,TGTGCTACTGAGGATTCTGGGACTTACCAGAGGTTT,3162,5,clonotype36,clonotype36_consensus_1
CGTTCTGTCCACTCCA-1,True,CGTTCTGTCCACTCCA-1_contig_2,True,568,TRB,TRBV12-2+TRBV13-2,None,TRBJ2-7,None,True,True,CASGTGGDYEQYF,TGTGCCAGCGGGACTGGGGGGGACTATGAACAGTACTTC,7294,6,clonotype36,clonotype36_consensus_2
CGTTCTGTCCCTTGCA-1,True,CGTTCTGTCCCTTGCA-1_contig_1,True,530,TRA,TRAV19,None,TRAJ39,TRAC,True,True,CAAGGNNAGAKLTF,TGCGCAGCAGGTGGGAATAATGCAGGTGCCAAGCTCACATTC,6510,5,clonotype1,clonotype1_consensus_2
CGTTCTGTCCCTTGCA-1,True,CGTTCTGTCCCTTGCA-1_contig_2,True,599,TRB,TRBV12-2+TRBV13-2,None,TRBJ1-2,TRBC1,True,True,CASGGGTGNSDYTF,TGTGCCAGCGGTGGGGGGACAGGGAACTCCGACTACACCTTC,25576,27,clonotype1,clonotype1_consensus_1
CGTTGGGAGGAATGGA-1,True,CGTTGGGAGGAATGGA-1_contig_1,True,564,TRA,TRAV16D-DV11,None,TRAJ26,TRAC,True,True,CAMREENNYAQGLTF,TGTGCTATGAGAGAGGAAAATAACTATGCCCAGGGATTAACCTTC,8778,5,clonotype12,clonotype12_consensus_2
CGTTGGGAGGAATGGA-1,True,CGTTGGGAGGAATGGA-1_contig_2,True,512,TRB,TRBV13-1,None,TRBJ2-3,None,True,True,CASGDSAETLYF,TGTGCCAGCGGGGACAGTGCAGAAACGCTGTATTTT,9776,7,clonotype12,clonotype12_consensus_1
CGTTGGGAGGAATGGA-1,True,CGTTGGGAGGAATGGA-1_contig_3,True,449,TRB,None,None,TRBJ1-6,TRBC1,False,False,None,None,7504,5,clonotype12,None
CGTTGGGAGGAATGGA-1,True,CGTTGGGAGGAATGGA-1_contig_4,True,567,TRA,TRAV3D-3,None,TRAJ28,TRAC,True,False,CTSAQSVRGTGSNRLTF,TGTACTTCTGCGCAGTCAGTGAGGGGCACTGGGAGTAACAGGCTCACTTTT,3508,3,clonotype12,None
CGTTGGGAGGCCCTTG-1,True,CGTTGGGAGGCCCTTG-1_contig_1,True,549,TRB,TRBV16,None,TRBJ2-5,None,True,True,CASSLGGGQDTQYF,TGTGCAAGCAGCTTAGGGGGGGGCCAAGACACCCAGTACTTT,5800,6,clonotype54,clonotype54_consensus_1
CGTTGGGAGGCCCTTG-1,True,CGTTGGGAGGCCCTTG-1_contig_2,True,525,TRA,TRAV7N-6,None,TRAJ30,TRAC,True,True,CAVVDTNAYKVIF,TGTGCAGTGGTTGACACAAATGCTTACAAAGTCATCTTT,3554,2,clonotype54,clonotype54_consensus_2
CGTTGGGCAGGACCCT-1,True,CGTTGGGCAGGACCCT-1_contig_1,True,518,TRA,TRAV7D-2,None,TRAJ6,TRAC,True,True,CAAPTSGGNYKPTF,TGTGCAGCCCCAACCTCAGGAGGAAACTACAAACCTACGTTT,4628,2,clonotype133,clonotype133_consensus_2
CGTTGGGCAGGACCCT-1,True,CGTTGGGCAGGACCCT-1_contig_2,True,558,TRB,TRBV12-2+TRBV13-2,None,TRBJ2-7,None,True,True,CASGEGQNYEQYF,TGTGCCAGCGGTGAGGGACAGAATTATGAACAGTACTTC,1372,2,clonotype133,clonotype133_consensus_1
CGTTGGGGTCCAGTAT-1,True,CGTTGGGGTCCAGTAT-1_contig_1,True,505,TRB,TRBV13-1,None,TRBJ2-4,None,True,True,CASSEGTNTLYF,TGTGCCAGCAGTGAAGGAACAAACACCTTGTACTTT,53550,40,clonotype9,clonotype9_consensus_1
CGTTGGGGTCCAGTAT-1,True,CGTTGGGGTCCAGTAT-1_contig_2,True,669,TRA,TRAV9D-2,None,TRAJ26,TRAC,True,True,CVLSRGNNYAQGLTF,TGTGTTCTGAGCAGGGGCAATAACTATGCCCAGGGATTAACCTTC,5930,6,clonotype9,clonotype9_consensus_2
CGTTGGGGTCTGATCA-1,True,CGTTGGGGTCTGATCA-1_contig_1,True,515,TRB,TRBV14,None,TRBJ2-1,None,True,True,CASSFRGYEAEQFF,TGTGCCAGCAGCTTCAGGGGGTATGAGGCTGAGCAGTTCTTC,2364,2,clonotype345,clonotype345_consensus_1
CGTTGGGGTCTGATCA-1,True,CGTTGGGGTCTGATCA-1_contig_2,True,547,TRA,TRAV10,None,TRAJ43,TRAC,True,True,CAAFNNNNAPRF,TGTGCAGCATTCAATAACAACAATGCCCCACGATTT,6514,4,clonotype345,clonotype345_consensus_2
CGTTGGGGTGTGTGCC-1,True,CGTTGGGGTGTGTGCC-1_contig_1,True,558,TRA,TRAV19,None,TRAJ39,TRAC,True,True,CAAGGNNAGAKLTF,TGCGCAGCAGGTGGGAATAATGCAGGTGCCAAGCTCACATTC,6756,6,clonotype1,clonotype1_consensus_2
CGTTGGGGTGTGTGCC-1,True,CGTTGGGGTGTGTGCC-1_contig_2,True,568,TRB,TRBV12-2+TRBV13-2,None,TRBJ1-2,TRBC1,True,True,CASGGGTGNSDYTF,TGTGCCAGCGGTGGGGGGACAGGGAACTCCGACTACACCTTC,7874,7,clonotype1,clonotype1_consensus_1
CGTTGGGTCACAACGT-1,True,CGTTGGGTCACAACGT-1_contig_1,True,541,TRA,TRAV14N-3,None,TRAJ6,TRAC,True,True,CAARTSGGNYKPTF,TGTGCAGCAAGAACCTCAGGAGGAAACTACAAACCTACGTTT,2370,2,clonotype346,clonotype346_consensus_2
CGTTGGGTCACAACGT-1,True,CGTTGGGTCACAACGT-1_contig_2,True,502,TRB,TRBV13-1,None,TRBJ1-4,TRBC1,True,True,CASSGGERLFF,TGTGCCAGCAGTGGGGGCGAAAGATTATTTTTC,2204,2,clonotype346,clonotype346_consensus_3
CGTTGGGTCACAACGT-1,True,CGTTGGGTCACAACGT-1_contig_3,True,549,TRA,TRAV8N-2,None,TRAJ13,TRAC,True,True,CATEDSGTYQRF,TGTGCTACTGAGGATTCTGGGACTTACCAGAGGTTT,2628,1,clonotype346,clonotype346_consensus_1
CTAACTTAGAACAATC-1,True,CTAACTTAGAACAATC-1_contig_1,True,505,TRB,TRBV13-1,None,TRBJ2-4,None,True,True,CASSEGTNTLYF,TGTGCCAGCAGTGAAGGAACAAACACCTTGTACTTT,4422,5,clonotype9,clonotype9_consensus_1
CTAACTTAGAACAATC-1,True,CTAACTTAGAACAATC-1_contig_2,True,757,TRA,TRAV9D-2,None,TRAJ26,TRAC,True,True,CVLSRGNNYAQGLTF,TGTGTTCTGAGCAGGGGCAATAACTATGCCCAGGGATTAACCTTC,7850,4,clonotype9,clonotype9_consensus_2
CTAACTTAGAACAATC-1,True,CTAACTTAGAACAATC-1_contig_3,True,329,TRA,TRAV6-6,None,TRAJ24,None,True,False,None,None,490,1,clonotype9,None
CTAACTTAGAGGGATA-1,True,CTAACTTAGAGGGATA-1_contig_1,True,543,TRA,TRAV6-6,None,TRAJ24,TRAC,True,True,CAPLTTASLGKLQF,TGTGCTCCGTTGACAACTGCCAGTTTGGGGAAACTGCAGTTT,5474,4,clonotype3,clonotype3_consensus_2
CTAACTTAGAGGGATA-1,True,CTAACTTAGAGGGATA-1_contig_2,True,512,TRB,TRBV13-1,None,TRBJ2-4,None,True,True,CASSEGTNTLYF,TGTGCCAGCAGTGAAGGAACAAACACCTTGTACTTT,25494,22,clonotype3,clonotype3_consensus_1
CTAACTTAGAGGGATA-1,True,CTAACTTAGAGGGATA-1_contig_3,True,724,TRA,TRAV9D-2,None,TRAJ26,TRAC,True,True,CVLSRGNNYAQGLTF,TGTGTTCTGAGCAGGGGCAATAACTATGCCCAGGGATTAACCTTC,9818,6,clonotype3,clonotype3_consensus_3
CTAACTTAGAGGGATA-1,True,CTAACTTAGAGGGATA-1_contig_4,True,415,TRB,None,None,TRBJ2-7,None,False,False,None,None,4512,2,clonotype3,None
CTAACTTAGGTGATTA-1,True,CTAACTTAGGTGATTA-1_contig_1,True,542,TRA,TRAV8-1,None,TRAJ34,TRAC,True,True,CATDVSNTNKVVF,TGTGCTACTGATGTATCCAATACCAACAAAGTCGTCTTT,5888,4,clonotype82,clonotype82_consensus_2
CTAACTTAGGTGATTA-1,True,CTAACTTAGGTGATTA-1_contig_2,True,565,TRB,TRBV12-2+TRBV13-2,None,TRBJ1-5,TRBC1,True,True,CASGTGDNQAPLF,TGTGCCAGCGGGACAGGGGACAACCAGGCTCCGCTTTTT,8856,7,clonotype82,clonotype82_consensus_1
CTAACTTAGGTGATTA-1,True,CTAACTTAGGTGATTA-1_contig_3,True,547,TRA,TRAV7D-3,None,TRAJ35,TRAC,True,False,None,None,510,1,clonotype82,None
CTAACTTAGGTGATTA-1,True,CTAACTTAGGTGATTA-1_contig_4,True,403,TRB,None,None,TRBJ2-7,None,False,False,None,None,1648,1,clonotype82,None
CTAACTTAGTGAATTG-1,True,CTAACTTAGTGAATTG-1_contig_1,True,577,TRA,TRAV3D-3,None,TRAJ32,TRAC,True,True,CAVRNYGSSGNKLIF,TGCGCAGTCAGGAATTATGGGAGCAGTGGCAACAAGCTCATCTTT,532,2,clonotype178,clonotype178_consensus_1
CTAACTTAGTGAATTG-1,True,CTAACTTAGTGAATTG-1_contig_2,True,518,TRB,TRBV13-1,None,TRBJ2-5,None,True,True,CASRGLGGPDTQYF,TGTGCCAGCAGAGGACTGGGGGGACCAGACACCCAGTACTTT,6128,7,clonotype178,clonotype178_consensus_2
CTAACTTAGTGAATTG-1,True,CTAACTTAGTGAATTG-1_contig_3,True,432,TRA,None,None,TRAJ26,TRAC,False,False,None,None,4180,4,clonotype178,None
CTAACTTCAGTGAGTG-1,True,CTAACTTCAGTGAGTG-1_contig_1,True,561,TRB,TRBV12-2+TRBV13-2,None,TRBJ1-5,TRBC1,True,True,CASGTGDNQAPLF,TGTGCCAGCGGTACAGGGGACAACCAGGCTCCGCTTTTT,2228,3,clonotype88,clonotype88_consensus_1
CTAACTTGTCCGACGT-1,True,CTAACTTGTCCGACGT-1_contig_1,True,600,TRB,TRBV12-2+TRBV13-2,None,TRBJ1-2,TRBC1,True,True,CASGGGTGNSDYTF,TGTGCCAGCGGTGGGGGGACAGGGAACTCCGACTACACCTTC,2616,4,clonotype7,clonotype7_consensus_1
CTAACTTGTTCTGAAC-1,True,CTAACTTGTTCTGAAC-1_contig_1,True,549,TRB,TRBV16,None,TRBJ2-5,None,True,True,CASSLGGGQDTQYF,TGTGCAAGCAGCTTAGGGGGGGGCCAAGACACCCAGTACTTT,12542,20,clonotype8,clonotype8_consensus_1
CTAACTTGTTCTGAAC-1,True,CTAACTTGTTCTGAAC-1_contig_2,True,601,TRA,TRAV4D-3,None,TRAJ27,TRAC,True,True,CAADGPNTGKLTF,TGTGCTGCGGACGGACCCAATACAGGCAAATTAACCTTT,41392,30,clonotype8,clonotype8_consensus_2
CTAACTTGTTCTGAAC-1,True,CTAACTTGTTCTGAAC-1_contig_3,True,525,TRA,TRAV7N-6,None,TRAJ30,TRAC,True,True,CAVVDTNAYKVIF,TGTGCAGTGGTTGACACAAATGCTTACAAAGTCATCTTT,17722,13,clonotype8,clonotype8_consensus_3
CTAAGACAGCAGGCTA-1,True,CTAAGACAGCAGGCTA-1_contig_1,True,556,TRA,TRAV19,None,TRAJ39,TRAC,True,True,CAAGGNNAGAKLTF,TGCGCAGCAGGTGGGAATAATGCAGGTGCCAAGCTCACATTC,10690,9,clonotype179,clonotype179_consensus_2
CTAAGACAGCAGGCTA-1,True,CTAAGACAGCAGGCTA-1_contig_2,True,602,TRB,TRBV12-2+TRBV13-2,None,TRBJ1-2,TRBC1,True,True,CASGGGTGASDYTF,TGTGCCAGCGGTGGGGGGACAGGGGCCTCCGACTACACCTTC,39642,55,clonotype179,clonotype179_consensus_1
CTAAGACAGCAGGCTA-1,True,CTAAGACAGCAGGCTA-1_contig_3,True,406,TRB,None,None,TRBJ2-4,None,False,False,None,None,4714,4,clonotype179,None
CTAAGACAGCAGGCTA-1,True,CTAAGACAGCAGGCTA-1_contig_4,True,356,TRB,None,None,TRBJ2-1,None,False,False,None,None,19268,17,clonotype179,None
CTAAGACAGCAGGCTA-1,True,CTAAGACAGCAGGCTA-1_contig_5,True,538,TRA,TRAV11,None,TRAJ50,TRAC,True,False,CWMTLPPTSVWWEIASSSFSKLVF,TGCTGGATGACACTGCCACCTACATCTGTGTGGTGGGAAATAGCATCCTCCTCCTTCAGCAAGCTGGTGTTT,1936,3,clonotype179,None
CTAAGACAGTACGCGA-1,True,CTAAGACAGTACGCGA-1_contig_1,True,558,TRA,TRAV19,None,TRAJ39,TRAC,True,True,CAAGGNNAGAKLTF,TGCGCAGCAGGTGGGAATAATGCAGGTGCCAAGCTCACATTC,24826,23,clonotype1,clonotype1_consensus_2
CTAAGACAGTACGCGA-1,True,CTAAGACAGTACGCGA-1_contig_2,True,571,TRB,TRBV12-2+TRBV13-2,None,TRBJ1-2,TRBC1,True,True,CASGGGTGNSDYTF,TGTGCCAGCGGTGGGGGGACAGGGAACTCCGACTACACCTTC,41008,56,clonotype1,clonotype1_consensus_1
CTAAGACAGTACGCGA-1,True,CTAAGACAGTACGCGA-1_contig_3,True,342,TRB,None,None,TRBJ2-1,None,False,False,None,None,3840,3,clonotype1,None
CTAAGACAGTACGCGA-1,True,CTAAGACAGTACGCGA-1_contig_4,True,625,TRB,None,None,TRBJ2-7,None,False,False,None,None,3238,4,clonotype1,None
CTAAGACAGTACGCGA-1,True,CTAAGACAGTACGCGA-1_contig_5,True,430,TRB,None,None,TRBJ2-5,None,False,False,None,None,3612,5,clonotype1,None
CTAAGACCATAGTAAG-1,True,CTAAGACCATAGTAAG-1_contig_1,True,549,TRB,TRBV16,None,TRBJ2-7,None,True,True,CASSLGGGLDEQYF,TGTGCAAGCAGCTTAGGGGGGGGGCTCGATGAACAGTACTTC,9158,7,clonotype26,clonotype26_consensus_1
CTAAGACCATAGTAAG-1,True,CTAAGACCATAGTAAG-1_contig_2,True,483,Multi,TRDV1,None,TRAJ45,TRAC,True,False,CGGTEGADRLTF,TGTGGAGGGACAGAAGGTGCAGATAGACTCACCTTT,2092,1,clonotype26,None
CTAAGACGTAGAGTGC-1,True,CTAAGACGTAGAGTGC-1_contig_1,True,515,TRA,TRAV6-6,None,TRAJ24,TRAC,True,True,CAPLTTASLGKLQF,TGTGCTCCGTTGACAACTGCCAGTTTGGGGAAACTGCAGTTT,4008,4,clonotype2,clonotype2_consensus_2
CTAAGACGTAGAGTGC-1,True,CTAAGACGTAGAGTGC-1_contig_2,True,505,TRB,TRBV13-1,None,TRBJ2-4,None,True,True,CASSEGTNTLYF,TGTGCCAGCAGTGAAGGAACAAACACCTTGTACTTT,9994,9,clonotype2,clonotype2_consensus_1
CTAAGACGTCCAGTTA-1,True,CTAAGACGTCCAGTTA-1_contig_1,True,558,TRA,TRAV19,None,TRAJ39,TRAC,True,True,CAAGGNNAGAKLTF,TGCGCAGCAGGTGGGAATAATGCAGGTGCCAAGCTCACATTC,28190,18,clonotype1,clonotype1_consensus_2
CTAAGACGTCCAGTTA-1,True,CTAAGACGTCCAGTTA-1_contig_2,True,571,TRB,TRBV12-2+TRBV13-2,None,TRBJ1-2,TRBC1,True,True,CASGGGTGNSDYTF,TGTGCCAGCGGTGGGGGGACAGGGAACTCCGACTACACCTTC,24178,24,clonotype1,clonotype1_consensus_1
CTAAGACGTCCAGTTA-1,True,CTAAGACGTCCAGTTA-1_contig_3,True,339,TRB,None,None,TRBJ2-3,None,False,False,None,None,2896,1,clonotype1,None
CTAAGACTCCGCGCAA-1,True,CTAAGACTCCGCGCAA-1_contig_1,True,480,TRA,TRAV3-3,None,TRAJ49,None,True,True,CAVSGSTGYQNFYF,TGCGCAGTCAGTGGGAGCACGGGTTACCAGAACTTCTATTTT,1542,1,clonotype5,clonotype5_consensus_1
CTAAGACTCCGCGCAA-1,True,CTAAGACTCCGCGCAA-1_contig_2,True,565,TRB,TRBV12-2+TRBV13-2,None,TRBJ2-7,None,True,True,CASGVQGWEQYF,TGTGCCAGCGGTGTACAGGGGTGGGAACAGTACTTC,2576,3,clonotype5,clonotype5_consensus_2
CTAAGACTCCGCGCAA-1,True,CTAAGACTCCGCGCAA-1_contig_3,True,495,TRA,TRAV6D-5,None,TRAJ38,TRAC,True,False,CTTVFWDNVGDNSKLIW,TGTACTACTGTGTTCTGGGATAATGTTGGTGACAACAGTAAGCTGATTTGG,3762,2,clonotype5,None
CTAATGGCATATGGTC-1,True,CTAATGGCATATGGTC-1_contig_1,True,565,TRA,TRAV6-6,None,TRAJ24,TRAC,True,True,CAPLTTASLGKLQF,TGTGCTCCGTTGACAACTGCCAGTTTGGGGAAACTGCAGTTT,6194,6,clonotype2,clonotype2_consensus_2
CTAATGGCATATGGTC-1,True,CTAATGGCATATGGTC-1_contig_2,True,505,TRB,TRBV13-1,None,TRBJ2-4,None,True,True,CASSEGTNTLYF,TGTGCCAGCAGTGAAGGAACAAACACCTTGTACTTT,23194,20,clonotype2,clonotype2_consensus_1
CTAATGGGTGTTTGTG-1,True,CTAATGGGTGTTTGTG-1_contig_1,True,549,TRB,TRBV16,None,TRBJ2-5,None,True,True,CASSLGGGQDTQYF,TGTGCAAGCAGCTTAGGGGGGGGCCAAGACACCCAGTACTTT,7718,6,clonotype15,clonotype15_consensus_1
CTAATGGGTGTTTGTG-1,True,CTAATGGGTGTTTGTG-1_contig_2,True,559,TRA,TRAV4D-3,None,TRAJ27,TRAC,True,True,CAADGPNTGKLTF,TGTGCTGCGGACGGACCCAATACAGGCAAATTAACCTTT,4644,4,clonotype15,clonotype15_consensus_2
CTAATGGGTGTTTGTG-1,True,CTAATGGGTGTTTGTG-1_contig_3,True,406,TRB,TRBV26,None,TRBJ1-1,TRBC1,True,False,CASSRGNTEVFF,TGTGCCAGCAGCCGCGGAAACACAGAAGTCTTCTTT,1920,1,clonotype15,None
CTAATGGTCAGCGACC-1,True,CTAATGGTCAGCGACC-1_contig_1,True,558,TRA,TRAV19,None,TRAJ39,TRAC,True,True,CAAGGNNAGAKLTF,TGCGCAGCAGGTGGGAATAATGCAGGTGCCAAGCTCACATTC,22414,13,clonotype1,clonotype1_consensus_2
CTAATGGTCAGCGACC-1,True,CTAATGGTCAGCGACC-1_contig_2,True,580,TRB,TRBV12-2+TRBV13-2,None,TRBJ1-2,TRBC1,True,True,CASGGGTGNSDYTF,TGTGCCAGCGGTGGGGGGACAGGGAACTCCGACTACACCTTC,33756,34,clonotype1,clonotype1_consensus_1
CTAATGGTCAGTTGAC-1,True,CTAATGGTCAGTTGAC-1_contig_1,True,505,TRB,TRBV13-1,None,TRBJ2-4,None,True,True,CASSEGTNTLYF,TGTGCCAGCAGTGAAGGAACAAACACCTTGTACTTT,10300,6,clonotype6,clonotype6_consensus_1
CTAATGGTCAGTTGAC-1,True,CTAATGGTCAGTTGAC-1_contig_2,True,400,TRA,TRAV9D-2,None,TRAJ26,TRAC,True,False,CVLSRGNNYAQGLTF,TGTGTTCTGAGCAGGGGCAATAACTATGCCCAGGGATTAACCTTC,1730,1,clonotype6,None
CTAATGGTCATCTGCC-1,True,CTAATGGTCATCTGCC-1_contig_1,True,552,TRA,TRAV6-6,None,TRAJ24,TRAC,True,True,CAPLTTASLGKLQF,TGTGCTCCGTTGACAACTGCCAGTTTGGGGAAACTGCAGTTT,6754,3,clonotype2,clonotype2_consensus_2
CTAATGGTCATCTGCC-1,True,CTAATGGTCATCTGCC-1_contig_2,True,505,TRB,TRBV13-1,None,TRBJ2-4,None,True,True,CASSEGTNTLYF,TGTGCCAGCAGTGAAGGAACAAACACCTTGTACTTT,20442,18,clonotype2,clonotype2_consensus_1
CTAATGGTCATCTGCC-1,True,CTAATGGTCATCTGCC-1_contig_3,True,465,TRA,TRAV9D-2,None,TRAJ26,TRAC,True,False,CVLSRGNNYAQGLTF,TGTGTTCTGAGCAGGGGCAATAACTATGCCCAGGGATTAACCTTC,6982,4,clonotype2,None
CTAATGGTCATCTGCC-1,True,CTAATGGTCATCTGCC-1_contig_4,True,430,TRB,None,None,TRBJ2-7,None,False,False,None,None,3048,2,clonotype2,None
CTAATGGTCCGGCACA-1,True,CTAATGGTCCGGCACA-1_contig_1,True,549,TRB,TRBV16,None,TRBJ2-5,None,True,True,CASSLGGGQDTQYF,TGTGCAAGCAGCTTAGGGGGGGGCCAAGACACCCAGTACTTT,2306,5,clonotype8,clonotype8_consensus_1
CTAATGGTCCGGCACA-1,True,CTAATGGTCCGGCACA-1_contig_2,True,582,TRA,TRAV4D-3,None,TRAJ27,TRAC,True,True,CAADGPNTGKLTF,TGTGCTGCGGACGGACCCAATACAGGCAAATTAACCTTT,5808,6,clonotype8,clonotype8_consensus_2
CTAATGGTCCGGCACA-1,True,CTAATGGTCCGGCACA-1_contig_3,True,525,TRA,TRAV7N-6,None,TRAJ30,TRAC,True,True,CAVVDTNAYKVIF,TGTGCAGTGGTTGACACAAATGCTTACAAAGTCATCTTT,4414,3,clonotype8,clonotype8_consensus_3
CTAATGGTCGGCATCG-1,True,CTAATGGTCGGCATCG-1_contig_1,True,555,TRA,TRAV3-3,None,TRAJ49,TRAC,True,True,CAVSGSTGYQNFYF,TGCGCAGTCAGTGGGAGCACGGGTTACCAGAACTTCTATTTT,2046,1,clonotype5,clonotype5_consensus_1
CTAATGGTCGGCATCG-1,True,CTAATGGTCGGCATCG-1_contig_2,True,563,TRB,TRBV12-2+TRBV13-2,None,TRBJ2-7,None,True,True,CASGVQGWEQYF,TGTGCCAGCGGTGTACAGGGGTGGGAACAGTACTTC,5412,7,clonotype5,clonotype5_consensus_2
CTAATGGTCGGCATCG-1,True,CTAATGGTCGGCATCG-1_contig_3,True,554,TRA,TRAV6D-5,None,TRAJ38,TRAC,True,False,CTTVFWDNVGDNSKLIW,TGTACTACTGTGTTCTGGGATAATGTTGGTGACAACAGTAAGCTGATTTGG,1970,1,clonotype5,None
CTAATGGTCGTAGATC-1,True,CTAATGGTCGTAGATC-1_contig_1,True,505,TRB,TRBV13-1,None,TRBJ2-4,None,True,True,CASSEGTNTLYF,TGTGCCAGCAGTGAAGGAACAAACACCTTGTACTTT,2870,3,clonotype6,clonotype6_consensus_1
CTACACCAGTTCCACA-1,True,CTACACCAGTTCCACA-1_contig_1,True,507,TRB,TRBV13-2,None,TRBJ2-1,None,True,True,CASGDPFQFF,TGTGCCAGCGGTGATCCTTTCCAGTTCTTC,790,2,clonotype347,clonotype347_consensus_1
CTACACCGTATATGGA-1,True,CTACACCGTATATGGA-1_contig_1,True,530,TRA,TRAV14-1,None,TRAJ32,TRAC,True,True,CAASPLGSSGNKLIF,TGTGCAGCAAGTCCTCTTGGGAGCAGTGGCAACAAGCTCATCTTT,6430,3,clonotype63,clonotype63_consensus_1
CTACACCGTATATGGA-1,True,CTACACCGTATATGGA-1_contig_2,True,538,TRA,TRAV8-1,None,TRAJ30,TRAC,True,True,CATDTNAYKVIF,TGTGCTACTGACACAAATGCTTACAAAGTCATCTTT,2284,3,clonotype63,clonotype63_consensus_2
CTACACCGTATATGGA-1,True,CTACACCGTATATGGA-1_contig_3,True,565,TRB,TRBV12-2+TRBV13-2,None,TRBJ1-5,TRBC1,True,True,CASGTGDNQAPLF,TGTGCCAGCGGGACAGGGGACAACCAGGCTCCGCTTTTT,6526,8,clonotype63,clonotype63_consensus_3
CTACACCGTATATGGA-1,True,CTACACCGTATATGGA-1_contig_4,True,310,TRB,None,None,TRBJ2-2,None,False,False,None,None,2234,1,clonotype63,None
CTACACCGTATATGGA-1,True,CTACACCGTATATGGA-1_contig_5,True,391,TRB,None,None,TRBJ2-7,None,False,False,None,None,4148,3,clonotype63,None
CTACACCGTCGCGGTT-1,True,CTACACCGTCGCGGTT-1_contig_1,True,549,TRB,TRBV16,None,TRBJ2-5,None,True,True,CASSLGGGQDTQYF,TGTGCAAGCAGCTTAGGGGGGGGGCAAGACACCCAGTACTTT,5102,5,clonotype348,clonotype348_consensus_4
CTACACCGTCGCGGTT-1,True,CTACACCGTCGCGGTT-1_contig_2,True,550,TRA,TRAV8-1,None,TRAJ34,TRAC,True,True,CATDVSNTNKVVF,TGTGCTACTGATGTTTCCAATACCAACAAAGTCGTCTTT,5578,3,clonotype348,clonotype348_consensus_3
CTACACCGTCGCGGTT-1,True,CTACACCGTCGCGGTT-1_contig_3,True,561,TRA,TRAV4D-3,None,TRAJ27,TRAC,True,True,CAADGPNTGKLTF,TGTGCTGCTGACGGGCCCAATACAGGCAAATTAACCTTT,9384,4,clonotype348,clonotype348_consensus_1
CTACACCGTCGCGGTT-1,True,CTACACCGTCGCGGTT-1_contig_4,True,602,TRB,TRBV12-2+TRBV13-2,None,TRBJ1-5,TRBC1,True,True,CASGTGDNQAPLF,TGTGCCAGCGGGACAGGGGACAACCAGGCTCCGCTTTTT,4936,5,clonotype348,clonotype348_consensus_2
CTACACCGTCGCGGTT-1,True,CTACACCGTCGCGGTT-1_contig_5,True,349,TRB,None,None,TRBJ2-1,None,False,False,None,None,4346,3,clonotype348,None
CTACACCGTCGCGGTT-1,True,CTACACCGTCGCGGTT-1_contig_6,True,360,TRB,None,None,TRBJ2-7,None,False,False,None,None,2680,2,clonotype348,None
CTACACCGTGAGGGTT-1,True,CTACACCGTGAGGGTT-1_contig_1,True,549,TRB,TRBV16,None,TRBJ2-7,None,True,True,CASSLGGGGDEQYF,TGTGCAAGCAGCTTAGGTGGGGGGGGCGATGAACAGTACTTC,7462,9,clonotype50,clonotype50_consensus_1
CTACACCGTGAGGGTT-1,True,CTACACCGTGAGGGTT-1_contig_2,True,594,TRA,TRAV7-4,None,TRAJ27,TRAC,True,True,CAASEDANTGKLTF,TGTGCAGCTAGTGAGGACGCCAATACAGGCAAATTAACCTTT,8688,5,clonotype50,clonotype50_consensus_2
CTACACCTCAGTCAGT-1,True,CTACACCTCAGTCAGT-1_contig_1,True,525,TRA,TRAV6-6,None,TRAJ24,TRAC,True,True,CAPLTTASLGKLQF,TGTGCTCCGTTGACAACTGCCAGTTTGGGGAAACTGCAGTTT,16618,14,clonotype3,clonotype3_consensus_2
CTACACCTCAGTCAGT-1,True,CTACACCTCAGTCAGT-1_contig_2,True,512,TRB,TRBV13-1,None,TRBJ2-4,None,True,True,CASSEGTNTLYF,TGTGCCAGCAGTGAAGGAACAAACACCTTGTACTTT,44090,38,clonotype3,clonotype3_consensus_1
CTACACCTCAGTCAGT-1,True,CTACACCTCAGTCAGT-1_contig_3,True,704,TRA,TRAV9D-2,None,TRAJ26,TRAC,True,True,CVLSRGNNYAQGLTF,TGTGTTCTGAGCAGGGGCAATAACTATGCCCAGGGATTAACCTTC,8224,7,clonotype3,clonotype3_consensus_3
CTACACCTCAGTCAGT-1,True,CTACACCTCAGTCAGT-1_contig_4,True,379,TRB,None,None,TRBJ2-7,None,False,False,None,None,4500,2,clonotype3,None
CTACACCTCTCGCTTG-1,True,CTACACCTCTCGCTTG-1_contig_1,True,578,TRA,TRAV19,None,TRAJ39,TRAC,True,True,CAAGGNNAGAKLTF,TGCGCAGCAGGTGGGAATAATGCAGGTGCCAAGCTCACATTC,4832,2,clonotype1,clonotype1_consensus_2
CTACACCTCTCGCTTG-1,True,CTACACCTCTCGCTTG-1_contig_2,True,606,TRB,TRBV12-2+TRBV13-2,None,TRBJ1-2,TRBC1,True,True,CASGGGTGNSDYTF,TGTGCCAGCGGTGGGGGGACAGGGAACTCCGACTACACCTTC,3138,2,clonotype1,clonotype1_consensus_1
CTACACCTCTCGCTTG-1,True,CTACACCTCTCGCTTG-1_contig_3,True,411,TRB,None,None,TRBJ2-2,None,False,False,None,None,1106,1,clonotype1,None
CTACATTAGACATAAC-1,True,CTACATTAGACATAAC-1_contig_1,True,517,TRA,TRAV7D-2,None,TRAJ31,TRAC,True,True,CAASIEDSNNRIFF,TGTGCAGCAAGCATAGAGGATAGCAATAACAGAATCTTCTTT,1964,1,clonotype110,clonotype110_consensus_1
CTACATTAGACATAAC-1,True,CTACATTAGACATAAC-1_contig_2,True,502,TRB,TRBV13-1,None,TRBJ2-2,None,True,True,CASSDPGQLYF,TGTGCCAGCAGTGACCCCGGGCAGCTCTACTTT,7498,5,clonotype110,clonotype110_consensus_3
CTACATTAGACATAAC-1,True,CTACATTAGACATAAC-1_contig_3,True,538,TRA,TRAV16N,None,TRAJ22,TRAC,True,True,CAMREGDSSGSWQLIF,TGTGCTATGAGAGAGGGCGACTCTTCTGGCAGCTGGCAACTCATCTTT,1242,1,clonotype110,clonotype110_consensus_2
CTACATTAGACATAAC-1,True,CTACATTAGACATAAC-1_contig_4,True,390,TRB,None,None,TRBJ1-3,TRBC1,False,False,None,None,2770,1,clonotype110,None
CTACATTAGACTAGAT-1,True,CTACATTAGACTAGAT-1_contig_1,True,503,TRB,TRBV13-1,None,TRBJ2-7,None,True,True,CASSGGHLEQYF,TGTGCCAGCAGTGGGGGACACCTTGAACAGTACTTC,7540,5,clonotype122,clonotype122_consensus_2
CTACATTAGACTAGAT-1,True,CTACATTAGACTAGAT-1_contig_2,True,522,TRA,TRAV7N-6,None,TRAJ34,TRAC,True,True,CAISSNTNKVVF,TGTGCAATTTCTTCCAATACCAACAAAGTCGTCTTT,3176,3,clonotype122,clonotype122_consensus_1
CTACATTAGCCCTAAT-1,True,CTACATTAGCCCTAAT-1_contig_1,True,512,TRB,TRBV13-1,None,TRBJ2-4,None,True,True,CASSEGTNTLYF,TGTGCCAGCAGTGAAGGAACAAACACCTTGTACTTT,2656,2,clonotype6,clonotype6_consensus_1
CTACATTAGCCCTAAT-1,True,CTACATTAGCCCTAAT-1_contig_2,True,574,TRB,TRBV12-2,None,TRBJ2-7,None,True,False,None,None,2276,4,clonotype6,None
CTACATTAGCCCTAAT-1,True,CTACATTAGCCCTAAT-1_contig_3,True,550,TRA,TRAV13D-4,None,TRAJ9,TRAC,True,False,None,None,1700,1,clonotype6,None
CTACATTAGTACGTAA-1,True,CTACATTAGTACGTAA-1_contig_1,True,539,TRA,TRAV8-1,None,TRAJ30,TRAC,True,True,CATDTNAYKVIF,TGTGCTACTGACACAAATGCTTACAAAGTCATCTTT,2144,3,clonotype99,clonotype99_consensus_1
CTACATTAGTACGTAA-1,True,CTACATTAGTACGTAA-1_contig_2,True,580,TRB,TRBV12-2+TRBV13-2,None,TRBJ1-5,TRBC1,True,True,CASGTGDNQAPLF,TGTGCCAGCGGGACAGGGGATAACCAGGCTCCGCTTTTT,3128,2,clonotype99,clonotype99_consensus_2
CTACATTCAAACTGTC-1,True,CTACATTCAAACTGTC-1_contig_1,True,621,TRA,TRAV12D-3,None,TRAJ33,TRAC,True,True,CALSDSNYQLIW,TGTGCTCTGAGTGATAGCAACTATCAGTTGATCTGG,1336,6,clonotype349,clonotype349_consensus_2
CTACATTCAAACTGTC-1,True,CTACATTCAAACTGTC-1_contig_2,True,520,TRB,TRBV13-3,None,TRBJ2-1,None,True,True,CASSWQNYAEQFF,TGTGCCAGCAGTTGGCAGAACTATGCTGAGCAGTTCTTC,2890,4,clonotype349,clonotype349_consensus_1
CTACATTCACCTCGTT-1,True,CTACATTCACCTCGTT-1_contig_1,True,509,TRA,TRAV3-3,None,TRAJ49,TRAC,True,True,CAVSGATGYQNFYF,TGCGCAGTCAGTGGGGCCACGGGTTACCAGAACTTCTATTTT,3524,2,clonotype64,clonotype64_consensus_1
CTACATTCACCTCGTT-1,True,CTACATTCACCTCGTT-1_contig_2,True,617,TRB,TRBV12-2+TRBV13-2,None,TRBJ2-5,None,True,True,CASGVQGDTQYF,TGTGCCAGCGGTGTTCAGGGGGACACCCAGTACTTT,7016,5,clonotype64,clonotype64_consensus_2
CTACATTCACCTCGTT-1,True,CTACATTCACCTCGTT-1_contig_3,True,974,TRB,TRBV12-2,None,TRBJ2-5,None,True,False,None,None,12238,11,clonotype64,None
CTACATTCACCTCGTT-1,True,CTACATTCACCTCGTT-1_contig_4,True,552,TRA,TRAV8N-2,None,TRAJ43,TRAC,True,False,CATDANNNNAPRF,TGTGCTACTGATGCCAATAACAACAATGCCCCACGATTT,794,1,clonotype64,None
CTACATTGTCTAGGTT-1,True,CTACATTGTCTAGGTT-1_contig_1,True,512,TRB,TRBV26,None,TRBJ1-1,TRBC1,True,True,CASSRGNTEVFF,TGTGCCAGCAGCCGCGGAAACACAGAAGTCTTCTTT,6382,5,clonotype27,clonotype27_consensus_2
CTACATTGTCTAGGTT-1,True,CTACATTGTCTAGGTT-1_contig_2,True,599,TRA,TRAV3-4,None,TRAJ49,TRAC,True,True,CAVRGGYQNFYF,TGCGCAGTCAGGGGGGGTTACCAGAACTTCTATTTT,6160,5,clonotype27,clonotype27_consensus_1
CTACATTGTCTAGGTT-1,True,CTACATTGTCTAGGTT-1_contig_3,True,446,TRB,None,None,TRBJ2-1,None,False,False,None,None,10388,7,clonotype27,None
CTACATTGTCTAGGTT-1,True,CTACATTGTCTAGGTT-1_contig_4,True,489,TRB,TRBV10,None,TRBJ1-4,TRBC1,True,False,None,None,2540,2,clonotype27,None
CTACCCAAGATCGGGT-1,True,CTACCCAAGATCGGGT-1_contig_1,True,523,TRA,TRAV8-1,None,TRAJ30,TRAC,True,True,CASDTNAYKVIF,TGTGCTTCTGACACAAATGCTTACAAAGTCATCTTT,3796,3,clonotype23,clonotype23_consensus_2
CTACCCAAGATCGGGT-1,True,CTACCCAAGATCGGGT-1_contig_2,True,564,TRB,TRBV12-2+TRBV13-2,None,TRBJ1-5,TRBC1,True,True,CASGTGDNQAPLF,TGTGCCAGCGGGACAGGGGACAACCAGGCTCCGCTTTTT,5224,4,clonotype23,clonotype23_consensus_1
CTACCCAAGATCGGGT-1,True,CTACCCAAGATCGGGT-1_contig_3,True,552,TRA,TRAV4-4-DV10,None,TRAJ50,TRAC,True,False,None,None,656,1,clonotype23,None
CTACCCACAGCTATTG-1,True,CTACCCACAGCTATTG-1_contig_1,True,546,TRA,TRAV13N-1,None,TRAJ57,TRAC,True,True,CAMANQGGSAKLIF,TGTGCTATGGCGAATCAAGGAGGGTCTGCGAAGCTCATCTTT,4006,2,clonotype350,clonotype350_consensus_1
CTACCCACAGCTATTG-1,True,CTACCCACAGCTATTG-1_contig_2,True,463,TRB,None,None,TRBJ2-7,None,False,False,None,None,4722,2,clonotype350,None
CTACCCAGTTACGCGC-1,True,CTACCCAGTTACGCGC-1_contig_1,True,527,TRA,TRAV14D-1,None,TRAJ22,TRAC,True,True,CAASASSGSWQLIF,TGTGCAGCAAGTGCGTCTTCTGGCAGCTGGCAACTCATCTTT,11080,5,clonotype56,clonotype56_consensus_1
CTACCCAGTTACGCGC-1,True,CTACCCAGTTACGCGC-1_contig_2,True,508,TRB,TRBV14,None,TRBJ2-5,None,True,True,CASSPGTDDTQYF,TGTGCCAGCAGTCCCGGGACAGATGACACCCAGTACTTT,2252,1,clonotype56,clonotype56_consensus_2
CTACCCATCACCGTAA-1,True,CTACCCATCACCGTAA-1_contig_1,True,526,TRA,TRAV7D-5,None,TRAJ16,TRAC,True,True,CAVSSPATSSGQKLVF,TGTGCAGTGAGCAGCCCCGCAACTTCAAGTGGCCAGAAGCTGGTTTTT,9274,6,clonotype351,clonotype351_consensus_3
CTACCCATCACCGTAA-1,True,CTACCCATCACCGTAA-1_contig_2,True,646,TRB,TRBV12-2,None,TRBJ1-2,TRBC1,True,True,CASSLSTGGVNSDYTF,TGTGCCAGCTCTCTATCGACAGGGGGCGTGAACTCCGACTACACCTTC,1954,2,clonotype351,clonotype351_consensus_2
CTACCCATCACCGTAA-1,True,CTACCCATCACCGTAA-1_contig_3,True,502,TRB,TRBV13-1,None,TRBJ1-4,TRBC1,True,True,CASSGGERLFF,TGTGCCAGCAGTGGGGGCGAAAGATTATTTTTC,2622,2,clonotype351,clonotype351_consensus_1
CTACCCATCACCGTAA-1,True,CTACCCATCACCGTAA-1_contig_4,True,301,TRB,None,None,TRBJ2-4,None,False,False,None,None,19218,10,clonotype351,None
CTACCCATCACCGTAA-1,True,CTACCCATCACCGTAA-1_contig_5,True,462,TRB,None,None,TRBJ1-3,TRBC1,False,False,None,None,6276,2,clonotype351,None
CTACCCATCCTTTCGG-1,True,CTACCCATCCTTTCGG-1_contig_1,True,512,TRB,TRBV13-1,None,TRBJ2-4,None,True,True,CASSEGTNTLYF,TGTGCCAGCAGTGAAGGAACAAACACCTTGTACTTT,3098,3,clonotype6,clonotype6_consensus_1
CTACGTCAGGAATTAC-1,True,CTACGTCAGGAATTAC-1_contig_1,True,563,TRA,TRAV8-1,None,TRAJ30,TRAC,True,True,CAKDTNAYKVIF,TGTGCTAAAGACACAAATGCTTACAAAGTCATCTTT,6446,4,clonotype172,clonotype172_consensus_1
CTACGTCAGGAATTAC-1,True,CTACGTCAGGAATTAC-1_contig_2,True,576,TRB,TRBV12-2+TRBV13-2,None,TRBJ2-1,None,True,True,CASERGALAEQFF,TGTGCCAGCGAAAGGGGGGCGCTGGCTGAGCAGTTCTTC,10452,11,clonotype172,clonotype172_consensus_2
CTACGTCAGGAATTAC-1,True,CTACGTCAGGAATTAC-1_contig_3,True,455,TRA,None,None,TRAJ22,TRAC,False,False,None,None,4272,4,clonotype172,None
CTACGTCAGGAATTAC-1,True,CTACGTCAGGAATTAC-1_contig_4,True,777,TRB,None,None,TRBJ1-2,TRBC1,False,False,None,None,13400,8,clonotype172,None
CTACGTCAGGGTATCG-1,True,CTACGTCAGGGTATCG-1_contig_1,True,549,TRA,TRAV6-6,None,TRAJ24,TRAC,True,True,CAPLTTASLGKLQF,TGTGCTCCGTTGACAACTGCCAGTTTGGGGAAACTGCAGTTT,8388,7,clonotype3,clonotype3_consensus_2
CTACGTCAGGGTATCG-1,True,CTACGTCAGGGTATCG-1_contig_2,True,512,TRB,TRBV13-1,None,TRBJ2-4,None,True,True,CASSEGTNTLYF,TGTGCCAGCAGTGAAGGAACAAACACCTTGTACTTT,22914,20,clonotype3,clonotype3_consensus_1
CTACGTCAGGGTATCG-1,True,CTACGTCAGGGTATCG-1_contig_3,True,640,TRA,TRAV9D-2,None,TRAJ26,TRAC,True,True,CVLSRGNNYAQGLTF,TGTGTTCTGAGCAGGGGCAATAACTATGCCCAGGGATTAACCTTC,14214,9,clonotype3,clonotype3_consensus_3
CTACGTCCAAGCCGCT-1,True,CTACGTCCAAGCCGCT-1_contig_1,True,551,TRB,TRBV12-2+TRBV13-2,None,TRBJ2-7,None,True,True,CASGGVDEQYF,TGTGCCAGCGGAGGGGTGGATGAACAGTACTTC,3896,3,clonotype180,clonotype180_consensus_1
CTACGTCCAAGCCGCT-1,True,CTACGTCCAAGCCGCT-1_contig_2,True,565,TRA,TRAV12-1,None,TRAJ44,TRAC,True,True,CALSPVTGSGGKLTL,TGTGCTCTGAGTCCTGTTACTGGCAGTGGTGGAAAACTCACTTTG,1676,1,clonotype180,clonotype180_consensus_2
CTACGTCGTGTCTGAT-1,True,CTACGTCGTGTCTGAT-1_contig_1,True,512,TRB,TRBV13-1,None,TRBJ2-1,None,True,True,CASGGAYAEQFF,TGTGCCAGCGGGGGGGCGTATGCTGAGCAGTTCTTC,6148,8,clonotype352,clonotype352_consensus_2
CTACGTCGTGTCTGAT-1,True,CTACGTCGTGTCTGAT-1_contig_2,True,539,TRA,TRAV8-1,None,TRAJ30,TRAC,True,True,CATDTNAYKVIF,TGTGCTACTGACACAAATGCTTACAAAGTCATCTTT,564,1,clonotype352,clonotype352_consensus_1
CTACGTCGTGTCTGAT-1,True,CTACGTCGTGTCTGAT-1_contig_3,True,629,TRB,TRBV12-2+TRBV13-2,None,TRBJ1-5,TRBC1,True,True,CASGTGDNQAPLF,TGTGCCAGCGGTACAGGGGATAACCAGGCTCCGCTTTTT,1558,4,clonotype352,clonotype352_consensus_3
CTACGTCGTGTCTGAT-1,True,CTACGTCGTGTCTGAT-1_contig_4,True,346,TRA,TRAV9-4,None,TRAJ34,TRAC,True,False,CAVSTNTNRVVF,TGTGCTGTGAGCACCAATACCAACAGAGTCGTCTTT,76,1,clonotype352,None
CTACGTCGTGTCTGAT-1,True,CTACGTCGTGTCTGAT-1_contig_5,True,525,TRB,TRBV12-1,None,TRBJ2-7,None,True,False,CQLFRQGREQYF,TGCCAGCTCTTCCGACAGGGGAGAGAACAGTACTTC,2006,3,clonotype352,None
CTACGTCTCAGGCAAG-1,True,CTACGTCTCAGGCAAG-1_contig_1,True,570,TRB,TRBV12-2+TRBV13-2,None,TRBJ1-5,TRBC1,True,True,CASGTGDNQAPLF,TGTGCCAGCGGGACAGGGGACAACCAGGCTCCGCTTTTT,2328,3,clonotype16,clonotype16_consensus_1
CTAGAGTAGCTGAAAT-1,True,CTAGAGTAGCTGAAAT-1_contig_1,True,512,TRA,TRAV13D-1,None,TRAJ11,TRAC,True,True,CAMERASGYNKLTF,TGTGCTATGGAACGGGCCTCGGGATACAACAAACTCACTTTT,10492,6,clonotype353,clonotype353_consensus_1
CTAGAGTAGCTGAAAT-1,True,CTAGAGTAGCTGAAAT-1_contig_2,True,544,TRB,TRBV10,None,TRBJ2-5,None,True,True,CASSPGTGGDTQYF,TGTGCCAGCAGCCCCGGGACTGGGGGAGACACCCAGTACTTT,11972,9,clonotype353,clonotype353_consensus_2
CTAGAGTAGCTGAAAT-1,True,CTAGAGTAGCTGAAAT-1_contig_3,True,522,TRB,TRBV15,None,TRBJ2-3,None,True,False,CVPAVGTGSAETLYF,TGTGTGCCAGCAGTCGGGACTGGAAGTGCAGAAACGCTGTATTTT,3870,2,clonotype353,None
CTAGCCTAGACGACGT-1,True,CTAGCCTAGACGACGT-1_contig_1,True,549,TRB,TRBV16,None,TRBJ2-5,None,True,True,CASSLGGGQDTQYF,TGTGCAAGCAGCTTAGGGGGGGGCCAAGACACCCAGTACTTT,34320,31,clonotype8,clonotype8_consensus_1
CTAGCCTAGACGACGT-1,True,CTAGCCTAGACGACGT-1_contig_2,True,569,TRA,TRAV4D-3,None,TRAJ27,TRAC,True,True,CAADGPNTGKLTF,TGTGCTGCGGACGGACCCAATACAGGCAAATTAACCTTT,10154,6,clonotype8,clonotype8_consensus_2
CTAGCCTAGACGACGT-1,True,CTAGCCTAGACGACGT-1_contig_3,True,525,TRA,TRAV7N-6,None,TRAJ30,TRAC,True,True,CAVVDTNAYKVIF,TGTGCAGTGGTTGACACAAATGCTTACAAAGTCATCTTT,18794,11,clonotype8,clonotype8_consensus_3
CTAGCCTAGACGCACA-1,True,CTAGCCTAGACGCACA-1_contig_1,True,554,TRA,TRAV16,None,TRAJ23,TRAC,True,True,CAMREGFYYNQGKLIF,TGTGCTATGAGAGAGGGCTTTTATTATAACCAGGGGAAGCTTATCTTT,3822,2,clonotype181,clonotype181_consensus_1
CTAGCCTAGACGCACA-1,True,CTAGCCTAGACGCACA-1_contig_2,True,555,TRB,TRBV29,None,TRBJ2-5,None,True,True,CASSPTGPQDTQYF,TGTGCTAGCAGTCCGACAGGGCCCCAAGACACCCAGTACTTT,5830,5,clonotype181,clonotype181_consensus_2
CTAGCCTAGACGCACA-1,True,CTAGCCTAGACGCACA-1_contig_3,True,545,TRB,None,None,TRBJ1-2,TRBC1,False,False,None,None,7576,6,clonotype181,None
CTAGCCTAGAGTGACC-1,True,CTAGCCTAGAGTGACC-1_contig_1,True,519,TRA,TRAV6-6,None,TRAJ24,TRAC,True,True,CAPLTTASLGKLQF,TGTGCTCCGTTGACAACTGCCAGTTTGGGGAAACTGCAGTTT,5402,3,clonotype3,clonotype3_consensus_2
CTAGCCTAGAGTGACC-1,True,CTAGCCTAGAGTGACC-1_contig_2,True,505,TRB,TRBV13-1,None,TRBJ2-4,None,True,True,CASSEGTNTLYF,TGTGCCAGCAGTGAAGGAACAAACACCTTGTACTTT,40240,29,clonotype3,clonotype3_consensus_1
CTAGCCTAGAGTGACC-1,True,CTAGCCTAGAGTGACC-1_contig_3,True,712,TRA,TRAV9D-2,None,TRAJ26,TRAC,True,True,CVLSRGNNYAQGLTF,TGTGTTCTGAGCAGGGGCAATAACTATGCCCAGGGATTAACCTTC,4528,5,clonotype3,clonotype3_consensus_3
CTAGCCTCAGGGTATG-1,True,CTAGCCTCAGGGTATG-1_contig_1,True,558,TRA,TRAV19,None,TRAJ39,TRAC,True,True,CAAGGNNAGAKLTF,TGCGCAGCAGGTGGGAATAATGCAGGTGCCAAGCTCACATTC,13616,8,clonotype1,clonotype1_consensus_2
CTAGCCTCAGGGTATG-1,True,CTAGCCTCAGGGTATG-1_contig_2,True,603,TRB,TRBV12-2+TRBV13-2,None,TRBJ1-2,TRBC1,True,True,CASGGGTGNSDYTF,TGTGCCAGCGGTGGGGGGACAGGGAACTCCGACTACACCTTC,36590,30,clonotype1,clonotype1_consensus_1
CTAGCCTCAGGGTATG-1,True,CTAGCCTCAGGGTATG-1_contig_3,True,354,TRB,None,None,TRBJ2-7,None,False,False,None,None,7820,8,clonotype1,None
CTAGCCTGTTCGCGAC-1,True,CTAGCCTGTTCGCGAC-1_contig_1,True,716,TRA,TRAV9N-4,None,TRAJ26,TRAC,True,True,CALSYAQGLTF,TGTGCTCTGAGCTATGCCCAGGGATTAACCTTC,4982,4,clonotype354,clonotype354_consensus_1
CTAGCCTTCCACTCCA-1,True,CTAGCCTTCCACTCCA-1_contig_1,True,549,TRB,TRBV16,None,TRBJ2-7,None,True,True,CASSFGGGADEQYF,TGTGCAAGCAGCTTTGGTGGGGGGGCGGATGAACAGTACTTC,12016,10,clonotype20,clonotype20_consensus_2
CTAGCCTTCCACTCCA-1,True,CTAGCCTTCCACTCCA-1_contig_2,True,517,TRA,TRAV13D-2,None,TRAJ11,TRAC,True,True,CAIDLDSGYNKLTF,TGTGCTATAGATCTTGACTCGGGATACAACAAACTCACTTTT,7986,6,clonotype20,clonotype20_consensus_1
CTAGCCTTCGAGAACG-1,True,CTAGCCTTCGAGAACG-1_contig_1,True,517,TRB,TRBV13-2,None,TRBJ1-4,TRBC1,True,True,CASGDAPERLFF,TGTGCCAGCGGTGATGCTCCCGAAAGATTATTTTTC,7628,8,clonotype41,clonotype41_consensus_1
CTAGCCTTCGAGAACG-1,True,CTAGCCTTCGAGAACG-1_contig_2,True,556,Multi,TRDV1,None,TRAJ43,TRAC,True,False,CGGLNNAPRF,TGTGGAGGCCTCAACAATGCCCCACGATTT,7360,3,clonotype41,None
CTAGCCTTCGGATGGA-1,True,CTAGCCTTCGGATGGA-1_contig_1,True,571,TRB,TRBV12-2+TRBV13-2,None,TRBJ1-2,TRBC1,True,True,CASGGGTGNSDYTF,TGTGCCAGCGGTGGGGGGACAGGGAACTCCGACTACACCTTC,6874,5,clonotype7,clonotype7_consensus_1
CTAGTGACAATAGCGG-1,True,CTAGTGACAATAGCGG-1_contig_1,True,560,TRA,TRAV4D-3,None,TRAJ27,TRAC,True,True,CAADGPNTGKLTF,TGTGCTGCGGACGGACCCAATACAGGCAAATTAACCTTT,10496,6,clonotype182,clonotype182_consensus_1
CTAGTGACAATAGCGG-1,True,CTAGTGACAATAGCGG-1_contig_2,True,525,TRA,TRAV7N-6,None,TRAJ30,TRAC,True,True,CAVVDTNAYKVIF,TGTGCAGTGGTTGACACAAATGCTTACAAAGTCATCTTT,4742,2,clonotype182,clonotype182_consensus_2
CTAGTGACAATAGCGG-1,True,CTAGTGACAATAGCGG-1_contig_3,True,373,TRB,None,None,TRBJ1-2,TRBC1,False,False,None,None,1622,1,clonotype182,None
CTAGTGACAATAGCGG-1,True,CTAGTGACAATAGCGG-1_contig_4,True,471,TRB,TRBV13-3,None,TRBJ1-3,TRBC1,True,False,CASSEHPLSGNTLYF,TGTGCCAGCAGTGAGCACCCCCTTTCTGGAAATACGCTCTATTTT,1506,1,clonotype182,None
CTAGTGACAGATCCAT-1,True,CTAGTGACAGATCCAT-1_contig_1,True,549,TRB,TRBV16,None,TRBJ2-5,None,True,True,CASSLGGGPDTQYF,TGTGCAAGCAGCTTAGGAGGGGGGCCAGACACCCAGTACTTT,7000,6,clonotype355,clonotype355_consensus_1
CTAGTGACAGATCCAT-1,True,CTAGTGACAGATCCAT-1_contig_2,True,528,TRA,TRAV4-3,None,TRAJ27,TRAC,True,True,CAAYNTNTGKLTF,TGTGCTGCCTATAACACCAATACAGGCAAATTAACCTTT,4442,4,clonotype355,clonotype355_consensus_2
CTAGTGACAGATCCAT-1,True,CTAGTGACAGATCCAT-1_contig_3,True,546,TRA,TRAV14N-3,None,TRAJ39,TRAC,True,False,None,None,1606,1,clonotype355,None
CTAGTGACAGTGGAGT-1,True,CTAGTGACAGTGGAGT-1_contig_1,True,538,TRA,TRAV8-1,None,TRAJ30,TRAC,True,True,CASDTNAYKVIF,TGTGCTTCTGACACAAATGCTTACAAAGTCATCTTT,3624,2,clonotype126,clonotype126_consensus_1
CTAGTGACAGTGGAGT-1,True,CTAGTGACAGTGGAGT-1_contig_2,True,530,TRB,TRBV13-2,None,TRBJ1-5,TRBC1,True,False,CASGTGDNQAPLF,TGTGCCAGCGGGACAGGGGACAACCAGGCTCCGCTTTTT,1424,2,clonotype126,None
CTAGTGACATCTATGG-1,True,CTAGTGACATCTATGG-1_contig_1,True,556,TRA,TRAV19,None,TRAJ39,TRAC,True,True,CAAGGNNAGAKLTF,TGCGCAGCAGGTGGGAATAATGCAGGTGCCAAGCTCACATTC,2682,3,clonotype1,clonotype1_consensus_2
CTAGTGACATCTATGG-1,True,CTAGTGACATCTATGG-1_contig_2,True,582,TRB,TRBV12-2+TRBV13-2,None,TRBJ1-2,TRBC1,True,True,CASGGGTGNSDYTF,TGTGCCAGCGGTGGGGGGACAGGGAACTCCGACTACACCTTC,8136,6,clonotype1,clonotype1_consensus_1
CTAGTGAGTACCAGTT-1,True,CTAGTGAGTACCAGTT-1_contig_1,True,518,TRA,TRAV8-1,None,TRAJ30,TRAC,True,True,CATDTNAYKVIF,TGTGCTACTGACACAAATGCTTACAAAGTCATCTTT,1288,1,clonotype13,clonotype13_consensus_1
CTAGTGAGTACCAGTT-1,True,CTAGTGAGTACCAGTT-1_contig_2,True,596,TRB,TRBV12-2+TRBV13-2,None,TRBJ1-5,TRBC1,True,True,CASGTGDNQAPLF,TGTGCCAGCGGGACAGGGGACAACCAGGCTCCGCTTTTT,4156,3,clonotype13,clonotype13_consensus_2
CTAGTGAGTACCAGTT-1,True,CTAGTGAGTACCAGTT-1_contig_3,True,499,TRB,TRBV10,None,TRBJ2-1,None,True,False,None,None,3550,2,clonotype13,None
CTAGTGAGTATCTGCA-1,True,CTAGTGAGTATCTGCA-1_contig_1,True,558,TRA,TRAV19,None,TRAJ39,TRAC,True,True,CAAGGNNAGAKLTF,TGCGCAGCAGGTGGGAATAATGCAGGTGCCAAGCTCACATTC,5850,3,clonotype1,clonotype1_consensus_2
CTAGTGAGTATCTGCA-1,True,CTAGTGAGTATCTGCA-1_contig_2,True,582,TRB,TRBV12-2+TRBV13-2,None,TRBJ1-2,TRBC1,True,True,CASGGGTGNSDYTF,TGTGCCAGCGGTGGGGGGACAGGGAACTCCGACTACACCTTC,5340,4,clonotype1,clonotype1_consensus_1
CTAGTGAGTTAGGGTG-1,True,CTAGTGAGTTAGGGTG-1_contig_1,True,560,TRA,TRAV6-6,None,TRAJ24,TRAC,True,True,CAPLTTASLGKLQF,TGTGCTCCGTTGACAACTGCCAGTTTGGGGAAACTGCAGTTT,5144,3,clonotype3,clonotype3_consensus_2
CTAGTGAGTTAGGGTG-1,True,CTAGTGAGTTAGGGTG-1_contig_2,True,505,TRB,TRBV13-1,None,TRBJ2-4,None,True,True,CASSEGTNTLYF,TGTGCCAGCAGTGAAGGAACAAACACCTTGTACTTT,26836,20,clonotype3,clonotype3_consensus_1
CTAGTGAGTTAGGGTG-1,True,CTAGTGAGTTAGGGTG-1_contig_3,True,712,TRA,TRAV9D-2,None,TRAJ26,TRAC,True,True,CVLSRGNNYAQGLTF,TGTGTTCTGAGCAGGGGCAATAACTATGCCCAGGGATTAACCTTC,6710,5,clonotype3,clonotype3_consensus_3
CTAGTGATCGGAAACG-1,True,CTAGTGATCGGAAACG-1_contig_1,True,505,TRB,TRBV13-1,None,TRBJ2-4,None,True,True,CASSEGTNTLYF,TGTGCCAGCAGTGAAGGAACAAACACCTTGTACTTT,1976,3,clonotype6,clonotype6_consensus_1
CTCACACAGAGACGAA-1,True,CTCACACAGAGACGAA-1_contig_1,True,555,TRA,TRAV3-3,None,TRAJ49,TRAC,True,True,CAVSGATGYQNFYF,TGCGCAGTCAGTGGGGCCACGGGTTACCAGAACTTCTATTTT,7332,9,clonotype10,clonotype10_consensus_3
CTCACACAGAGACGAA-1,True,CTCACACAGAGACGAA-1_contig_2,True,507,TRA,TRAV21-DV12,None,TRAJ42,TRAC,True,True,CILRVHGGSNAKLTF,TGTATCCTGAGAGTCCATGGAGGAAGCAATGCAAAGCTAACCTTC,18098,10,clonotype10,clonotype10_consensus_1
CTCACACAGAGACGAA-1,True,CTCACACAGAGACGAA-1_contig_3,True,559,TRB,TRBV12-2+TRBV13-2,None,TRBJ2-7,None,True,True,CASGVQGEQYF,TGTGCCAGCGGTGTTCAGGGAGAACAGTACTTC,25524,27,clonotype10,clonotype10_consensus_2
CTCACACCAAGCCGTC-1,True,CTCACACCAAGCCGTC-1_contig_1,True,549,TRA,TRAV6-6,None,TRAJ24,TRAC,True,True,CAPLTTASLGKLQF,TGTGCTCCGTTGACAACTGCCAGTTTGGGGAAACTGCAGTTT,4222,3,clonotype3,clonotype3_consensus_2
CTCACACCAAGCCGTC-1,True,CTCACACCAAGCCGTC-1_contig_2,True,505,TRB,TRBV13-1,None,TRBJ2-4,None,True,True,CASSEGTNTLYF,TGTGCCAGCAGTGAAGGAACAAACACCTTGTACTTT,25476,22,clonotype3,clonotype3_consensus_1
CTCACACCAAGCCGTC-1,True,CTCACACCAAGCCGTC-1_contig_3,True,691,TRA,TRAV9D-2,None,TRAJ26,TRAC,True,True,CVLSRGNNYAQGLTF,TGTGTTCTGAGCAGGGGCAATAACTATGCCCAGGGATTAACCTTC,3908,3,clonotype3,clonotype3_consensus_3
CTCACACCAGTTCCCT-1,True,CTCACACCAGTTCCCT-1_contig_1,True,558,TRA,TRAV19,None,TRAJ39,TRAC,True,True,CAAGGNNAGAKLTF,TGCGCAGCAGGTGGGAATAATGCAGGTGCCAAGCTCACATTC,2664,4,clonotype1,clonotype1_consensus_2
CTCACACCAGTTCCCT-1,True,CTCACACCAGTTCCCT-1_contig_2,True,589,TRB,TRBV12-2+TRBV13-2,None,TRBJ1-2,TRBC1,True,True,CASGGGTGNSDYTF,TGTGCCAGCGGTGGGGGGACAGGGAACTCCGACTACACCTTC,8822,11,clonotype1,clonotype1_consensus_1
CTCACACGTCATATGC-1,True,CTCACACGTCATATGC-1_contig_1,True,566,TRA,TRAV3-3,None,TRAJ49,TRAC,True,True,CAVSGATGYQNFYF,TGCGCAGTCAGTGGGGCCACGGGTTACCAGAACTTCTATTTT,10174,8,clonotype10,clonotype10_consensus_3
CTCACACGTCATATGC-1,True,CTCACACGTCATATGC-1_contig_2,True,507,TRA,TRAV21-DV12,None,TRAJ42,TRAC,True,True,CILRVHGGSNAKLTF,TGTATCCTGAGAGTCCATGGAGGAAGCAATGCAAAGCTAACCTTC,14748,11,clonotype10,clonotype10_consensus_1
CTCACACGTCATATGC-1,True,CTCACACGTCATATGC-1_contig_3,True,559,TRB,TRBV12-2+TRBV13-2,None,TRBJ2-7,None,True,True,CASGVQGEQYF,TGTGCCAGCGGTGTTCAGGGAGAACAGTACTTC,31118,30,clonotype10,clonotype10_consensus_2
CTCACACGTCATATGC-1,True,CTCACACGTCATATGC-1_contig_4,True,718,TRB,None,None,TRBJ1-3,TRBC1,False,False,None,None,20336,15,clonotype10,None
CTCACACTCCGATATG-1,True,CTCACACTCCGATATG-1_contig_1,True,512,TRB,TRBV26,None,TRBJ1-1,TRBC1,True,True,CASSRGNTEVFF,TGTGCCAGCAGCCGCGGAAACACAGAAGTCTTCTTT,8864,5,clonotype27,clonotype27_consensus_2
CTCACACTCCGATATG-1,True,CTCACACTCCGATATG-1_contig_2,True,564,TRA,TRAV3-4,None,TRAJ49,TRAC,True,True,CAVRGGYQNFYF,TGCGCAGTCAGGGGGGGTTACCAGAACTTCTATTTT,6786,5,clonotype27,clonotype27_consensus_1
CTCACACTCCGATATG-1,True,CTCACACTCCGATATG-1_contig_3,True,300,TRB,None,None,TRBJ2-1,None,False,False,None,None,13156,7,clonotype27,None
CTCACACTCGCCTGTT-1,True,CTCACACTCGCCTGTT-1_contig_1,True,559,TRA,TRAV10N,None,TRAJ7,TRAC,True,True,CAPEPDYSNNRLTL,TGTGCACCGGAACCGGACTACAGCAACAACAGACTTACTTTG,2072,1,clonotype183,clonotype183_consensus_2
CTCACACTCGCCTGTT-1,True,CTCACACTCGCCTGTT-1_contig_2,True,574,TRB,TRBV12-2+TRBV13-2,None,TRBJ2-2,None,True,True,CASGGTGGANTGQLYF,TGTGCCAGCGGTGGGACTGGGGGGGCTAACACCGGGCAGCTCTACTTT,2996,3,clonotype183,clonotype183_consensus_1
CTCAGAAGTGCACGAA-1,True,CTCAGAAGTGCACGAA-1_contig_1,True,561,TRA,TRAV4-3,None,TRAJ42,TRAC,True,True,CAADNSGGSNAKLTF,TGTGCTGCTGATAATTCTGGAGGAAGCAATGCAAAGCTAACCTTC,5936,3,clonotype29,clonotype29_consensus_2
CTCAGAAGTGCACGAA-1,True,CTCAGAAGTGCACGAA-1_contig_2,True,512,TRB,TRBV13-1,None,TRBJ2-1,None,True,True,CASGGAYAEQFF,TGTGCCAGCGGGGGGGCGTATGCTGAGCAGTTCTTC,9020,9,clonotype29,clonotype29_consensus_1
CTCAGAAGTGCACGAA-1,True,CTCAGAAGTGCACGAA-1_contig_3,True,566,TRA,TRAV12-2,None,TRAJ34,TRAC,True,True,CALSGNTNKVVF,TGTGCTTTGAGTGGCAATACCAACAAAGTCGTCTTT,3430,2,clonotype29,clonotype29_consensus_3
CTCAGAAGTGCACGAA-1,True,CTCAGAAGTGCACGAA-1_contig_4,True,556,TRB,TRBV12-1,None,TRBJ2-7,None,True,False,CQLFRQGREQYF,TGCCAGCTCTTCCGACAGGGGAGAGAACAGTACTTC,3026,2,clonotype29,None
CTCAGAATCAGGTTCA-1,True,CTCAGAATCAGGTTCA-1_contig_1,True,555,TRA,TRAV3-3,None,TRAJ49,TRAC,True,True,CAVSGATGYQNFYF,TGCGCAGTCAGTGGGGCCACGGGTTACCAGAACTTCTATTTT,2602,2,clonotype10,clonotype10_consensus_3
CTCAGAATCAGGTTCA-1,True,CTCAGAATCAGGTTCA-1_contig_2,True,507,TRA,TRAV21-DV12,None,TRAJ42,TRAC,True,True,CILRVHGGSNAKLTF,TGTATCCTGAGAGTCCATGGAGGAAGCAATGCAAAGCTAACCTTC,7050,4,clonotype10,clonotype10_consensus_1
CTCAGAATCAGGTTCA-1,True,CTCAGAATCAGGTTCA-1_contig_3,True,553,TRB,TRBV12-2+TRBV13-2,None,TRBJ2-7,None,True,True,CASGVQGEQYF,TGTGCCAGCGGTGTTCAGGGAGAACAGTACTTC,7408,8,clonotype10,clonotype10_consensus_2
CTCAGAATCCAGTATG-1,True,CTCAGAATCCAGTATG-1_contig_1,True,566,TRA,TRAV3-3,None,TRAJ49,TRAC,True,True,CAVSGATGYQNFYF,TGCGCAGTCAGTGGGGCCACGGGTTACCAGAACTTCTATTTT,2104,1,clonotype10,clonotype10_consensus_3
CTCAGAATCCAGTATG-1,True,CTCAGAATCCAGTATG-1_contig_2,True,507,TRA,TRAV21-DV12,None,TRAJ42,TRAC,True,True,CILRVHGGSNAKLTF,TGTATCCTGAGAGTCCATGGAGGAAGCAATGCAAAGCTAACCTTC,2754,1,clonotype10,clonotype10_consensus_1
CTCAGAATCCAGTATG-1,True,CTCAGAATCCAGTATG-1_contig_3,True,562,TRB,TRBV12-2+TRBV13-2,None,TRBJ2-7,None,True,True,CASGVQGEQYF,TGTGCCAGCGGTGTTCAGGGAGAACAGTACTTC,13294,12,clonotype10,clonotype10_consensus_2
CTCAGAATCCAGTATG-1,True,CTCAGAATCCAGTATG-1_contig_4,True,337,TRB,None,None,TRBJ2-1,None,False,False,None,None,2366,2,clonotype10,None
CTCAGAATCGGCGCTA-1,True,CTCAGAATCGGCGCTA-1_contig_1,True,527,TRA,TRAV19,None,TRAJ39,TRAC,True,True,CAAGGNNAGAKLTF,TGCGCAGCAGGTGGGAATAATGCAGGTGCCAAGCTCACATTC,1382,3,clonotype1,clonotype1_consensus_2
CTCAGAATCGGCGCTA-1,True,CTCAGAATCGGCGCTA-1_contig_2,True,570,TRB,TRBV12-2+TRBV13-2,None,TRBJ1-2,TRBC1,True,True,CASGGGTGNSDYTF,TGTGCCAGCGGTGGGGGGACAGGGAACTCCGACTACACCTTC,8566,6,clonotype1,clonotype1_consensus_1
CTCATTAAGGACTGGT-1,True,CTCATTAAGGACTGGT-1_contig_1,True,603,TRB,TRBV12-2+TRBV13-2,None,TRBJ1-5,TRBC1,True,True,CASGTGDNQAPLF,TGTGCCAGCGGGACAGGGGACAACCAGGCTCCGCTTTTT,3856,3,clonotype16,clonotype16_consensus_1
CTCATTAAGGCACATG-1,True,CTCATTAAGGCACATG-1_contig_1,True,549,TRB,TRBV16,None,TRBJ2-5,None,True,True,CASSLGGNQDTQYF,TGTGCAAGCAGCTTGGGGGGTAACCAAGACACCCAGTACTTT,7014,8,clonotype135,clonotype135_consensus_1
CTCATTACAGTCGTGC-1,True,CTCATTACAGTCGTGC-1_contig_1,True,632,TRB,TRBV12-2+TRBV13-2,None,TRBJ1-5,TRBC1,True,True,CASGTGDNQAPLF,TGTGCCAGCGGTACAGGAGACAACCAGGCTCCGCTTTTT,3724,3,clonotype39,clonotype39_consensus_1
CTCCTAGCAATTGCTG-1,True,CTCCTAGCAATTGCTG-1_contig_1,True,558,TRB,TRBV12-2+TRBV13-2,None,TRBJ2-7,None,True,True,CASGVQGEQYF,TGTGCCAGCGGTGTTCAGGGAGAACAGTACTTC,2872,3,clonotype184,clonotype184_consensus_1
CTCCTAGCAATTGCTG-1,True,CTCCTAGCAATTGCTG-1_contig_2,True,386,TRB,None,None,TRBJ2-1,None,False,False,None,None,3238,2,clonotype184,None
CTCCTAGCACGGTAAG-1,True,CTCCTAGCACGGTAAG-1_contig_1,True,533,TRA,TRAV6-6,None,TRAJ24,TRAC,True,True,CAPLTTASLGKLQF,TGTGCTCCGTTGACAACTGCCAGTTTGGGGAAACTGCAGTTT,13536,8,clonotype2,clonotype2_consensus_2
CTCCTAGCACGGTAAG-1,True,CTCCTAGCACGGTAAG-1_contig_2,True,505,TRB,TRBV13-1,None,TRBJ2-4,None,True,True,CASSEGTNTLYF,TGTGCCAGCAGTGAAGGAACAAACACCTTGTACTTT,23908,18,clonotype2,clonotype2_consensus_1
CTCCTAGCACGGTAAG-1,True,CTCCTAGCACGGTAAG-1_contig_3,True,817,TRA,TRAV9D-2,None,TRAJ26,TRAC,True,False,CVLSRGNNYAQGLTF,TGTGTTCTGAGCAGGGGCAATAACTATGCCCAGGGATTAACCTTC,6702,6,clonotype2,None
CTCCTAGCAGACAAAT-1,True,CTCCTAGCAGACAAAT-1_contig_1,True,555,TRA,TRAV7-3,None,TRAJ38,TRAC,True,True,CAVSAANVGDNSKLIW,TGTGCAGTGAGCGCGGCGAATGTTGGTGACAACAGTAAGCTGATTTGG,8748,7,clonotype21,clonotype21_consensus_3
CTCCTAGCAGACAAAT-1,True,CTCCTAGCAGACAAAT-1_contig_2,True,505,TRB,TRBV13-1,None,TRBJ2-7,None,True,True,CASSGGHLEQYF,TGTGCCAGCAGTGGGGGACACCTTGAACAGTACTTC,15108,12,clonotype21,clonotype21_consensus_2
CTCCTAGCAGACAAAT-1,True,CTCCTAGCAGACAAAT-1_contig_3,True,522,TRA,TRAV7N-6,None,TRAJ34,TRAC,True,True,CAISSNTNKVVF,TGTGCAATTTCTTCCAATACCAACAAAGTCGTCTTT,16736,9,clonotype21,clonotype21_consensus_1
CTCCTAGCAGACGCTC-1,True,CTCCTAGCAGACGCTC-1_contig_1,True,519,TRA,TRAV6-6,None,TRAJ24,TRAC,True,True,CAPLTTASLGKLQF,TGTGCTCCGTTGACAACTGCCAGTTTGGGGAAACTGCAGTTT,9186,9,clonotype2,clonotype2_consensus_2
CTCCTAGCAGACGCTC-1,True,CTCCTAGCAGACGCTC-1_contig_2,True,505,TRB,TRBV13-1,None,TRBJ2-4,None,True,True,CASSEGTNTLYF,TGTGCCAGCAGTGAAGGAACAAACACCTTGTACTTT,58038,49,clonotype2,clonotype2_consensus_1
CTCCTAGCAGACGCTC-1,True,CTCCTAGCAGACGCTC-1_contig_3,True,511,TRA,TRAV10D,None,TRAJ30,None,True,False,None,None,244,1,clonotype2,None
CTCCTAGCAGACGCTC-1,True,CTCCTAGCAGACGCTC-1_contig_4,True,434,TRA,TRAV9D-2,None,TRAJ26,TRAC,True,False,CVLSRGNNYAQGLTF,TGTGTTCTGAGCAGGGGCAATAACTATGCCCAGGGATTAACCTTC,6836,7,clonotype2,None
CTCCTAGGTTGATTCG-1,True,CTCCTAGGTTGATTCG-1_contig_1,True,549,TRB,TRBV16,None,TRBJ2-7,None,True,True,CASSFGGGADEQYF,TGTGCAAGCAGCTTTGGTGGGGGGGCGGATGAACAGTACTTC,16748,12,clonotype20,clonotype20_consensus_2
CTCCTAGGTTGATTCG-1,True,CTCCTAGGTTGATTCG-1_contig_2,True,557,TRA,TRAV13D-2,None,TRAJ11,TRAC,True,True,CAIDLDSGYNKLTF,TGTGCTATAGATCTTGACTCGGGATACAACAAACTCACTTTT,17440,14,clonotype20,clonotype20_consensus_1
CTCCTAGGTTGATTCG-1,True,CTCCTAGGTTGATTCG-1_contig_3,True,335,TRB,TRBV13-1,None,TRBJ1-2,TRBC1,True,False,None,None,2414,1,clonotype20,None
CTCCTAGGTTTAAGCC-1,True,CTCCTAGGTTTAAGCC-1_contig_1,True,552,TRA,TRAV6-6,None,TRAJ24,TRAC,True,True,CAPLTTASLGKLQF,TGTGCTCCGTTGACAACTGCCAGTTTGGGGAAACTGCAGTTT,7818,6,clonotype3,clonotype3_consensus_2
CTCCTAGGTTTAAGCC-1,True,CTCCTAGGTTTAAGCC-1_contig_2,True,505,TRB,TRBV13-1,None,TRBJ2-4,None,True,True,CASSEGTNTLYF,TGTGCCAGCAGTGAAGGAACAAACACCTTGTACTTT,58214,62,clonotype3,clonotype3_consensus_1
CTCCTAGGTTTAAGCC-1,True,CTCCTAGGTTTAAGCC-1_contig_3,True,723,TRA,TRAV9D-2,None,TRAJ26,TRAC,True,True,CVLSRGNNYAQGLTF,TGTGTTCTGAGCAGGGGCAATAACTATGCCCAGGGATTAACCTTC,8050,6,clonotype3,clonotype3_consensus_3
CTCCTAGGTTTAAGCC-1,True,CTCCTAGGTTTAAGCC-1_contig_4,True,593,TRA,TRAV10D,None,TRAJ30,None,True,False,None,None,200,2,clonotype3,None
CTCCTAGTCATCTGCC-1,True,CTCCTAGTCATCTGCC-1_contig_1,True,505,TRB,TRBV13-1,None,TRBJ2-4,None,True,True,CASSEGTNTLYF,TGTGCCAGCAGTGAAGGAACAAACACCTTGTACTTT,10204,9,clonotype9,clonotype9_consensus_1
CTCCTAGTCATCTGCC-1,True,CTCCTAGTCATCTGCC-1_contig_2,True,697,TRA,TRAV9D-2,None,TRAJ26,TRAC,True,True,CVLSRGNNYAQGLTF,TGTGTTCTGAGCAGGGGCAATAACTATGCCCAGGGATTAACCTTC,1836,1,clonotype9,clonotype9_consensus_2
CTCCTAGTCGTTACGA-1,True,CTCCTAGTCGTTACGA-1_contig_1,True,549,TRB,TRBV16,None,TRBJ2-5,None,True,True,CASSLGGGQDTQYF,TGTGCAAGCAGCTTAGGGGGGGGCCAAGACACCCAGTACTTT,6884,15,clonotype356,clonotype356_consensus_2
CTCCTAGTCGTTACGA-1,True,CTCCTAGTCGTTACGA-1_contig_2,True,655,TRA,TRAV14N-3,None,TRAJ6,TRAC,True,True,CAARTSGGNYKPTF,TGTGCAGCAAGAACCTCAGGAGGAAACTACAAACCTACGTTT,17822,14,clonotype356,clonotype356_consensus_3
CTCCTAGTCGTTACGA-1,True,CTCCTAGTCGTTACGA-1_contig_3,True,549,TRA,TRAV8N-2,None,TRAJ13,TRAC,True,True,CATEDSGTYQRF,TGTGCTACTGAGGATTCTGGGACTTACCAGAGGTTT,22098,16,clonotype356,clonotype356_consensus_1
CTCCTAGTCGTTACGA-1,True,CTCCTAGTCGTTACGA-1_contig_4,True,565,TRB,TRBV12-2+TRBV13-2,None,TRBJ2-7,None,True,True,CASGTGGDYEQYF,TGTGCCAGCGGGACTGGGGGGGACTATGAACAGTACTTC,15260,18,clonotype356,clonotype356_consensus_4
CTCCTAGTCGTTACGA-1,True,CTCCTAGTCGTTACGA-1_contig_5,True,316,TRA,TRAV4D-3,None,TRAJ27,TRAC,True,False,CAADGPNTGKLTF,TGTGCTGCGGACGGACCCAATACAGGCAAATTAACCTTT,7142,6,clonotype356,None
CTCCTAGTCTCTTGAT-1,True,CTCCTAGTCTCTTGAT-1_contig_1,True,505,TRB,TRBV13-1,None,TRBJ2-4,None,True,True,CASSEGTNTLYF,TGTGCCAGCAGTGAAGGAACAAACACCTTGTACTTT,4582,5,clonotype6,clonotype6_consensus_1
CTCGAAAAGAAACCAT-1,True,CTCGAAAAGAAACCAT-1_contig_1,True,596,TRB,TRBV3,None,TRBJ2-7,None,True,True,CASSLGQYEQYF,TGTGCCAGCAGCTTAGGACAGTATGAACAGTACTTC,2436,2,clonotype357,clonotype357_consensus_2
CTCGAAAAGAAACCAT-1,True,CTCGAAAAGAAACCAT-1_contig_2,True,519,TRA,TRAV6-6,None,TRAJ30,TRAC,True,True,CALGEETNAYKVIF,TGTGCTCTGGGTGAAGAAACAAATGCTTACAAAGTCATCTTT,2498,2,clonotype357,clonotype357_consensus_1
CTCGAAAAGGCACATG-1,True,CTCGAAAAGGCACATG-1_contig_1,True,582,TRA,TRAV12D-1,None,TRAJ5,TRAC,True,True,CALSDQGVVGQLTF,TGTGCTCTGAGTGATCAAGGGGTTGTGGGGCAGCTCACTTTC,12950,9,clonotype136,clonotype136_consensus_2
CTCGAAAAGGCACATG-1,True,CTCGAAAAGGCACATG-1_contig_2,True,505,TRB,TRBV13-1,None,TRBJ2-5,None,True,True,CASSDGDDTQYF,TGTGCCAGCAGTGACGGGGACGACACCCAGTACTTT,15164,14,clonotype136,clonotype136_consensus_1
CTCGAAAAGGCACATG-1,True,CTCGAAAAGGCACATG-1_contig_3,True,455,TRB,None,None,TRBJ2-7,None,False,False,None,None,1914,3,clonotype136,None
CTCGAAAAGGCACATG-1,True,CTCGAAAAGGCACATG-1_contig_4,True,707,TRB,None,None,TRBJ1-2,TRBC1,False,False,None,None,5228,4,clonotype136,None
CTCGAAAAGGCACATG-1,True,CTCGAAAAGGCACATG-1_contig_5,True,821,TRA,TRAV9D-2,None,TRAJ2,TRAC,True,False,CSERGGLSGKLTF,TGTTCTGAGCGCGGAGGACTAAGTGGTAAATTAACATTC,6804,6,clonotype136,None
CTCGAAAAGGTGCAAC-1,True,CTCGAAAAGGTGCAAC-1_contig_1,True,563,TRB,TRBV12-2+TRBV13-2,None,TRBJ1-5,TRBC1,True,True,CASGTGDNQAPLF,TGTGCCAGCGGTACAGGGGACAACCAGGCTCCGCTTTTT,9400,7,clonotype88,clonotype88_consensus_1
CTCGAAAAGGTGCAAC-1,True,CTCGAAAAGGTGCAAC-1_contig_2,True,332,TRB,None,None,TRBJ2-1,None,False,False,None,None,2102,1,clonotype88,None
CTCGAAAAGGTGCAAC-1,True,CTCGAAAAGGTGCAAC-1_contig_3,True,582,TRA,TRAV7-4,None,TRAJ32,TRAC,True,False,None,None,1666,2,clonotype88,None
CTCGAAAAGGTGCAAC-1,True,CTCGAAAAGGTGCAAC-1_contig_4,True,357,TRB,None,None,TRBJ1-2,TRBC1,False,False,None,None,3542,2,clonotype88,None
CTCGAAACACGAAATA-1,True,CTCGAAACACGAAATA-1_contig_1,True,542,TRA,TRAV16D-DV11,None,TRAJ26,TRAC,True,True,CAMREENNYAQGLTF,TGTGCTATGAGAGAGGAAAATAACTATGCCCAGGGATTAACCTTC,8814,7,clonotype12,clonotype12_consensus_2
CTCGAAACACGAAATA-1,True,CTCGAAACACGAAATA-1_contig_2,True,505,TRB,TRBV13-1,None,TRBJ2-3,None,True,True,CASGDSAETLYF,TGTGCCAGCGGGGACAGTGCAGAAACGCTGTATTTT,44976,52,clonotype12,clonotype12_consensus_1
CTCGAAACACGAAATA-1,True,CTCGAAACACGAAATA-1_contig_3,True,451,TRB,None,None,TRBJ1-6,TRBC1,False,False,None,None,16128,12,clonotype12,None
CTCGAAACACGAAATA-1,True,CTCGAAACACGAAATA-1_contig_4,True,575,TRA,TRAV3D-3,None,TRAJ28,TRAC,True,False,CTSAQSVRGTGSNRLTF,TGTACTTCTGCGCAGTCAGTGAGGGGCACTGGGAGTAACAGGCTCACTTTT,6214,7,clonotype12,None
CTCGAAACATCACAAC-1,True,CTCGAAACATCACAAC-1_contig_1,True,519,TRA,TRAV6-6,None,TRAJ24,TRAC,True,True,CAPLTTASLGKLQF,TGTGCTCCGTTGACAACTGCCAGTTTGGGGAAACTGCAGTTT,2626,3,clonotype3,clonotype3_consensus_2
CTCGAAACATCACAAC-1,True,CTCGAAACATCACAAC-1_contig_2,True,505,TRB,TRBV13-1,None,TRBJ2-4,None,True,True,CASSEGTNTLYF,TGTGCCAGCAGTGAAGGAACAAACACCTTGTACTTT,35712,24,clonotype3,clonotype3_consensus_1
CTCGAAACATCACAAC-1,True,CTCGAAACATCACAAC-1_contig_3,True,740,TRA,TRAV9D-2,None,TRAJ26,TRAC,True,True,CVLSRGNNYAQGLTF,TGTGTTCTGAGCAGGGGCAATAACTATGCCCAGGGATTAACCTTC,13936,8,clonotype3,clonotype3_consensus_3
CTCGAAAGTAGCTGCC-1,True,CTCGAAAGTAGCTGCC-1_contig_1,True,558,TRA,TRAV19,None,TRAJ39,TRAC,True,True,CAAGGNNAGAKLTF,TGCGCAGCAGGTGGGAATAATGCAGGTGCCAAGCTCACATTC,8774,9,clonotype1,clonotype1_consensus_2
CTCGAAAGTAGCTGCC-1,True,CTCGAAAGTAGCTGCC-1_contig_2,True,586,TRB,TRBV12-2+TRBV13-2,None,TRBJ1-2,TRBC1,True,True,CASGGGTGNSDYTF,TGTGCCAGCGGTGGGGGGACAGGGAACTCCGACTACACCTTC,35196,32,clonotype1,clonotype1_consensus_1
CTCGAAAGTAGCTGCC-1,True,CTCGAAAGTAGCTGCC-1_contig_3,True,337,TRB,None,None,TRBJ1-5,TRBC1,False,False,None,None,2510,1,clonotype1,None
CTCGAAAGTAGCTGCC-1,True,CTCGAAAGTAGCTGCC-1_contig_4,True,497,TRA,TRAV7-5,None,TRAJ45,TRAC,True,False,CSDTEGADRLTF,TGCAGTGATACAGAAGGTGCAGATAGACTCACCTTT,1712,2,clonotype1,None
CTCGAAAGTAGCTGCC-1,True,CTCGAAAGTAGCTGCC-1_contig_5,True,350,TRB,None,None,TRBJ2-3,None,False,False,None,None,1990,1,clonotype1,None
CTCGAAAGTAGCTGCC-1,True,CTCGAAAGTAGCTGCC-1_contig_6,True,362,TRB,None,None,TRBJ2-1,None,False,False,None,None,8792,5,clonotype1,None
CTCGAAAGTCGAGTTT-1,True,CTCGAAAGTCGAGTTT-1_contig_1,True,537,TRA,TRAV6-6,None,TRAJ24,TRAC,True,True,CAPLTTASLGKLQF,TGTGCTCCGTTGACAACTGCCAGTTTGGGGAAACTGCAGTTT,682,2,clonotype2,clonotype2_consensus_2
CTCGAAAGTCGAGTTT-1,True,CTCGAAAGTCGAGTTT-1_contig_2,True,505,TRB,TRBV13-1,None,TRBJ2-4,None,True,True,CASSEGTNTLYF,TGTGCCAGCAGTGAAGGAACAAACACCTTGTACTTT,18826,16,clonotype2,clonotype2_consensus_1
CTCGAAAGTCGAGTTT-1,True,CTCGAAAGTCGAGTTT-1_contig_3,True,524,TRB,TRBV13-2,None,TRBJ2-5,None,True,False,CASGDW,TGTGCCAGCGGTGACTGG,1544,1,clonotype2,None
CTCGAAAGTCGAGTTT-1,True,CTCGAAAGTCGAGTTT-1_contig_4,True,796,TRA,TRAV9D-2,None,TRAJ26,TRAC,True,False,CVLSRGNNYAQGLTF,TGTGTTCTGAGCAGGGGCAATAACTATGCCCAGGGATTAACCTTC,7070,3,clonotype2,None
CTCGAGGAGAATTGTG-1,True,CTCGAGGAGAATTGTG-1_contig_1,True,512,TRB,TRBV13-1,None,TRBJ2-3,None,True,True,CASGDSAETLYF,TGTGCCAGCGGGGACAGTGCAGAAACGCTGTATTTT,35876,31,clonotype24,clonotype24_consensus_1
CTCGAGGAGAATTGTG-1,True,CTCGAGGAGAATTGTG-1_contig_2,True,415,TRA,None,None,TRAJ26,TRAC,False,False,None,None,3088,1,clonotype24,None
CTCGAGGAGAATTGTG-1,True,CTCGAGGAGAATTGTG-1_contig_3,True,356,TRB,None,None,TRBJ2-7,None,False,False,None,None,7826,5,clonotype24,None
CTCGAGGAGAATTGTG-1,True,CTCGAGGAGAATTGTG-1_contig_4,True,696,TRA,TRAV16D-DV11,None,TRAJ26,TRAC,True,False,CAMREENNYAQGLTF,TGTGCTATGAGAGAGGAAAATAACTATGCCCAGGGATTAACCTTC,1514,1,clonotype24,None
CTCGAGGAGAATTGTG-1,True,CTCGAGGAGAATTGTG-1_contig_5,True,575,TRA,TRAV3D-3,None,TRAJ28,TRAC,True,False,CTSAQSVRGTGSNRLTF,TGTACTTCTGCGCAGTCAGTGAGGGGCACTGGGAGTAACAGGCTCACTTTT,5882,4,clonotype24,None
CTCGAGGAGAATTGTG-1,True,CTCGAGGAGAATTGTG-1_contig_6,True,447,TRB,None,None,TRBJ1-6,TRBC1,False,False,None,None,12602,7,clonotype24,None
CTCGAGGAGAATTGTG-1,True,CTCGAGGAGAATTGTG-1_contig_7,True,485,TRA,TRAV16D-DV11,None,TRAJ26,TRAC,True,False,None,None,2180,2,clonotype24,None
CTCGAGGAGACACTAA-1,True,CTCGAGGAGACACTAA-1_contig_1,True,555,TRB,TRBV12-2+TRBV13-2,None,TRBJ2-7,None,True,True,CASGGQGEQYF,TGTGCCAGCGGGGGACAGGGGGAACAGTACTTC,14120,11,clonotype358,clonotype358_consensus_2
CTCGAGGAGACACTAA-1,True,CTCGAGGAGACACTAA-1_contig_2,True,585,TRA,TRAV9N-4,None,TRAJ26,None,True,True,CALNYAQGLTF,TGTGCTCTGAACTATGCCCAGGGATTAACCTTC,2072,1,clonotype358,clonotype358_consensus_1
CTCGAGGAGACACTAA-1,True,CTCGAGGAGACACTAA-1_contig_3,True,406,TRA,TRAV13N-4,None,TRAJ22,TRAC,True,False,CAMGFW,TGTGCTATGGGCTTCTGG,5738,4,clonotype358,None
CTCGAGGAGACGACGT-1,True,CTCGAGGAGACGACGT-1_contig_1,True,558,TRA,TRAV19,None,TRAJ39,TRAC,True,True,CAAGGNNAGAKLTF,TGCGCAGCAGGTGGGAATAATGCAGGTGCCAAGCTCACATTC,3344,3,clonotype97,clonotype97_consensus_3
CTCGAGGAGACGACGT-1,True,CTCGAGGAGACGACGT-1_contig_2,True,512,TRB,TRBV13-1,None,TRBJ2-4,None,True,True,CASSEGTNTLYF,TGTGCCAGCAGTGAAGGAACAAACACCTTGTACTTT,2292,2,clonotype97,clonotype97_consensus_1
CTCGAGGAGACGACGT-1,True,CTCGAGGAGACGACGT-1_contig_3,True,607,TRB,TRBV12-2+TRBV13-2,None,TRBJ1-2,TRBC1,True,True,CASGGGTGNSDYTF,TGTGCCAGCGGTGGGGGGACAGGGAACTCCGACTACACCTTC,2282,3,clonotype97,clonotype97_consensus_2
CTCGAGGAGACGACGT-1,True,CTCGAGGAGACGACGT-1_contig_4,True,433,TRA,TRAV7-5,None,TRAJ45,None,True,False,CSDTEGADRLTF,TGCAGTGATACAGAAGGTGCAGATAGACTCACCTTT,176,1,clonotype97,None
CTCGAGGAGACGACGT-1,True,CTCGAGGAGACGACGT-1_contig_5,True,301,TRB,None,None,TRBJ2-5,None,False,False,None,None,1678,1,clonotype97,None
CTCGAGGAGATATGCA-1,True,CTCGAGGAGATATGCA-1_contig_1,True,549,TRB,TRBV16,None,TRBJ2-5,None,True,True,CASSLGGGQDTQYF,TGTGCAAGCAGCTTAGGGGGGGGCCAAGACACCCAGTACTTT,8786,8,clonotype8,clonotype8_consensus_1
CTCGAGGAGATATGCA-1,True,CTCGAGGAGATATGCA-1_contig_2,True,559,TRA,TRAV4D-3,None,TRAJ27,TRAC,True,True,CAADGPNTGKLTF,TGTGCTGCGGACGGACCCAATACAGGCAAATTAACCTTT,11240,7,clonotype8,clonotype8_consensus_2
CTCGAGGAGATATGCA-1,True,CTCGAGGAGATATGCA-1_contig_3,True,525,TRA,TRAV7N-6,None,TRAJ30,TRAC,True,True,CAVVDTNAYKVIF,TGTGCAGTGGTTGACACAAATGCTTACAAAGTCATCTTT,9682,7,clonotype8,clonotype8_consensus_3
CTCGAGGAGATATGCA-1,True,CTCGAGGAGATATGCA-1_contig_4,True,356,TRB,None,None,TRBJ2-7,None,False,False,None,None,4492,2,clonotype8,None
CTCGAGGCAAATACAG-1,True,CTCGAGGCAAATACAG-1_contig_1,True,519,TRA,TRAV6-6,None,TRAJ24,TRAC,True,True,CAPLTTASLGKLQF,TGTGCTCCGTTGACAACTGCCAGTTTGGGGAAACTGCAGTTT,12580,8,clonotype3,clonotype3_consensus_2
CTCGAGGCAAATACAG-1,True,CTCGAGGCAAATACAG-1_contig_2,True,512,TRB,TRBV13-1,None,TRBJ2-4,None,True,True,CASSEGTNTLYF,TGTGCCAGCAGTGAAGGAACAAACACCTTGTACTTT,17752,12,clonotype3,clonotype3_consensus_1
CTCGAGGCAAATACAG-1,True,CTCGAGGCAAATACAG-1_contig_3,True,748,TRA,TRAV9D-2,None,TRAJ26,TRAC,True,True,CVLSRGNNYAQGLTF,TGTGTTCTGAGCAGGGGCAATAACTATGCCCAGGGATTAACCTTC,7718,5,clonotype3,clonotype3_consensus_3
CTCGAGGCAAATACAG-1,True,CTCGAGGCAAATACAG-1_contig_4,True,587,TRB,TRBV12-2+TRBV13-2,None,TRBJ2-5,None,True,False,CASGDW,TGTGCCAGCGGTGACTGG,1696,2,clonotype3,None
CTCGAGGCACATCCAA-1,True,CTCGAGGCACATCCAA-1_contig_1,True,517,TRA,TRAV6-6,None,TRAJ24,TRAC,True,True,CAPLTTASLGKLQF,TGTGCTCCGTTGACAACTGCCAGTTTGGGGAAACTGCAGTTT,7412,4,clonotype2,clonotype2_consensus_2
CTCGAGGCACATCCAA-1,True,CTCGAGGCACATCCAA-1_contig_2,True,505,TRB,TRBV13-1,None,TRBJ2-4,None,True,True,CASSEGTNTLYF,TGTGCCAGCAGTGAAGGAACAAACACCTTGTACTTT,22260,18,clonotype2,clonotype2_consensus_1
CTCGAGGCACATCCAA-1,True,CTCGAGGCACATCCAA-1_contig_3,True,591,TRB,TRBV12-2+TRBV13-2,None,None,TRBC1,False,False,None,None,4778,3,clonotype2,None
CTCGAGGCACATCCAA-1,True,CTCGAGGCACATCCAA-1_contig_4,True,796,TRA,TRAV9D-2,None,TRAJ26,TRAC,True,False,CVLSRGNNYAQGLTF,TGTGTTCTGAGCAGGGGCAATAACTATGCCCAGGGATTAACCTTC,12790,6,clonotype2,None
CTCGAGGGTGAGTGAC-1,True,CTCGAGGGTGAGTGAC-1_contig_1,True,540,TRA,TRAV3D-3,None,TRAJ32,TRAC,True,True,CAVRPYGSSGNKLIF,TGCGCAGTCAGGCCTTATGGGAGCAGTGGCAACAAGCTCATCTTT,6210,6,clonotype59,clonotype59_consensus_1
CTCGAGGGTGAGTGAC-1,True,CTCGAGGGTGAGTGAC-1_contig_2,True,512,TRB,TRBV13-1,None,TRBJ2-1,None,True,True,CASSNNYAEQFF,TGTGCCAGCAGTAACAACTATGCTGAGCAGTTCTTC,5236,5,clonotype59,clonotype59_consensus_2
CTCGAGGGTGAGTGAC-1,True,CTCGAGGGTGAGTGAC-1_contig_3,True,545,TRB,TRBV10,None,TRBJ2-4,None,True,False,CASS*,TGTGCCAGCAGCTAA,1646,1,clonotype59,None
CTCGAGGTCCTTAATC-1,True,CTCGAGGTCCTTAATC-1_contig_1,True,549,TRA,TRAV6-6,None,TRAJ24,TRAC,True,True,CAPLTTASLGKLQF,TGTGCTCCGTTGACAACTGCCAGTTTGGGGAAACTGCAGTTT,5988,3,clonotype3,clonotype3_consensus_2
CTCGAGGTCCTTAATC-1,True,CTCGAGGTCCTTAATC-1_contig_2,True,512,TRB,TRBV13-1,None,TRBJ2-4,None,True,True,CASSEGTNTLYF,TGTGCCAGCAGTGAAGGAACAAACACCTTGTACTTT,16540,12,clonotype3,clonotype3_consensus_1
CTCGAGGTCCTTAATC-1,True,CTCGAGGTCCTTAATC-1_contig_3,True,702,TRA,TRAV9D-2,None,TRAJ26,TRAC,True,True,CVLSRGNNYAQGLTF,TGTGTTCTGAGCAGGGGCAATAACTATGCCCAGGGATTAACCTTC,8334,4,clonotype3,clonotype3_consensus_3
CTCGAGGTCCTTAATC-1,True,CTCGAGGTCCTTAATC-1_contig_4,True,666,TRA,TRAV10D,None,TRAJ30,TRAC,True,False,None,None,1888,1,clonotype3,None
CTCGAGGTCCTTAATC-1,True,CTCGAGGTCCTTAATC-1_contig_5,True,447,TRB,None,None,TRBJ2-7,None,False,False,None,None,684,1,clonotype3,None
CTCGAGGTCGGATGTT-1,True,CTCGAGGTCGGATGTT-1_contig_1,True,556,TRA,TRAV19,None,TRAJ39,TRAC,True,True,CAAGGNNAGAKLTF,TGCGCAGCAGGTGGGAATAATGCAGGTGCCAAGCTCACATTC,10968,8,clonotype1,clonotype1_consensus_2
CTCGAGGTCGGATGTT-1,True,CTCGAGGTCGGATGTT-1_contig_2,True,603,TRB,TRBV12-2+TRBV13-2,None,TRBJ1-2,TRBC1,True,True,CASGGGTGNSDYTF,TGTGCCAGCGGTGGGGGGACAGGGAACTCCGACTACACCTTC,14792,14,clonotype1,clonotype1_consensus_1
CTCGAGGTCGGATGTT-1,True,CTCGAGGTCGGATGTT-1_contig_3,True,328,TRB,None,None,TRBJ2-1,None,False,False,None,None,9770,6,clonotype1,None
CTCGAGGTCGGATGTT-1,True,CTCGAGGTCGGATGTT-1_contig_4,True,507,TRA,TRAV7-5,None,TRAJ45,TRAC,True,False,CSDTEGADRLTF,TGCAGTGATACAGAAGGTGCAGATAGACTCACCTTT,316,1,clonotype1,None
CTCGAGGTCTTACCGC-1,True,CTCGAGGTCTTACCGC-1_contig_1,True,520,TRA,TRAV6-6,None,TRAJ30,TRAC,True,True,CALGEETNAYKVIF,TGTGCTCTGGGTGAAGAAACAAATGCTTACAAAGTCATCTTT,2594,2,clonotype359,clonotype359_consensus_1
CTCGAGGTCTTACCGC-1,True,CTCGAGGTCTTACCGC-1_contig_2,True,528,TRA,TRAV6-4,None,TRAJ18,TRAC,True,False,None,None,2136,1,clonotype359,None
CTCGGAGAGCCTTGAT-1,True,CTCGGAGAGCCTTGAT-1_contig_1,True,555,TRA,TRAV7-3,None,TRAJ38,TRAC,True,True,CAVSAANVGDNSKLIW,TGTGCAGTGAGCGCGGCGAATGTTGGTGACAACAGTAAGCTGATTTGG,7158,4,clonotype21,clonotype21_consensus_3
CTCGGAGAGCCTTGAT-1,True,CTCGGAGAGCCTTGAT-1_contig_2,True,512,TRB,TRBV13-1,None,TRBJ2-7,None,True,True,CASSGGHLEQYF,TGTGCCAGCAGTGGGGGACACCTTGAACAGTACTTC,3670,3,clonotype21,clonotype21_consensus_2
CTCGGAGAGCCTTGAT-1,True,CTCGGAGAGCCTTGAT-1_contig_3,True,522,TRA,TRAV7N-6,None,TRAJ34,TRAC,True,True,CAISSNTNKVVF,TGTGCAATTTCTTCCAATACCAACAAAGTCGTCTTT,4572,2,clonotype21,clonotype21_consensus_1
CTCGGAGAGCCTTGAT-1,True,CTCGGAGAGCCTTGAT-1_contig_4,True,655,TRA,None,None,TRAJ26,TRAC,False,False,None,None,1944,1,clonotype21,None
CTCGGAGCATAGAAAC-1,True,CTCGGAGCATAGAAAC-1_contig_1,True,553,TRA,TRAV19,None,TRAJ39,TRAC,True,True,CAAGGNNAGAKLTF,TGCGCAGCAGGTGGGAATAATGCAGGTGCCAAGCTCACATTC,4470,2,clonotype19,clonotype19_consensus_1
CTCGGAGCATAGAAAC-1,True,CTCGGAGCATAGAAAC-1_contig_2,True,348,TRA,TRAV7-5,None,TRAJ45,TRAC,True,False,CSDTEGADRLTF,TGCAGTGATACAGAAGGTGCAGATAGACTCACCTTT,3054,2,clonotype19,None
CTCGGAGGTCTAAACC-1,True,CTCGGAGGTCTAAACC-1_contig_1,True,558,TRA,TRAV19,None,TRAJ39,TRAC,True,True,CAAGGNNAGAKLTF,TGCGCAGCAGGTGGGAATAATGCAGGTGCCAAGCTCACATTC,9426,9,clonotype1,clonotype1_consensus_2
CTCGGAGGTCTAAACC-1,True,CTCGGAGGTCTAAACC-1_contig_2,True,570,TRB,TRBV12-2+TRBV13-2,None,TRBJ1-2,TRBC1,True,True,CASGGGTGNSDYTF,TGTGCCAGCGGTGGGGGGACAGGGAACTCCGACTACACCTTC,16374,14,clonotype1,clonotype1_consensus_1
CTCGGAGGTCTAAACC-1,True,CTCGGAGGTCTAAACC-1_contig_3,True,540,TRA,TRAV7-5,None,TRAJ45,TRAC,True,False,CSDTEGADRLTF,TGCAGTGATACAGAAGGTGCAGATAGACTCACCTTT,1574,1,clonotype1,None
CTCGGAGGTCTAAACC-1,True,CTCGGAGGTCTAAACC-1_contig_4,True,304,TRB,None,None,TRBJ2-5,None,False,False,None,None,5008,7,clonotype1,None
CTCGGAGGTGCCTGGT-1,True,CTCGGAGGTGCCTGGT-1_contig_1,True,519,TRA,TRAV7-3,None,TRAJ38,TRAC,True,True,CAVSAANVGDNSKLIW,TGTGCAGTGAGCGCGGCGAATGTTGGTGACAACAGTAAGCTGATTTGG,1960,3,clonotype49,clonotype49_consensus_2
CTCGGAGGTGCCTGGT-1,True,CTCGGAGGTGCCTGGT-1_contig_2,True,512,TRB,TRBV13-1,None,TRBJ2-7,None,True,True,CASSGGHLEQYF,TGTGCCAGCAGTGGGGGACACCTTGAACAGTACTTC,7014,9,clonotype49,clonotype49_consensus_1
CTCGGAGGTTATCGGT-1,True,CTCGGAGGTTATCGGT-1_contig_1,True,571,TRB,TRBV12-2+TRBV13-2,None,TRBJ1-2,TRBC1,True,True,CASGGGTGNSDYTF,TGTGCCAGCGGTGGGGGGACAGGGAACTCCGACTACACCTTC,8692,8,clonotype7,clonotype7_consensus_1
CTCGGAGGTTATCGGT-1,True,CTCGGAGGTTATCGGT-1_contig_2,True,438,TRA,TRAV7-5,None,TRAJ45,TRAC,True,False,CSDTEGADRLTF,TGCAGTGATACAGAAGGTGCAGATAGACTCACCTTT,602,1,clonotype7,None
CTCGGAGTCAACGCTA-1,True,CTCGGAGTCAACGCTA-1_contig_1,True,574,TRB,TRBV1,None,TRBJ1-3,TRBC1,True,True,CTCSADRGRSGNTLYF,TGCACCTGCAGTGCAGATCGGGGGCGCTCTGGAAATACGCTCTATTTT,11858,8,clonotype360,clonotype360_consensus_1
CTCGGAGTCAACGCTA-1,True,CTCGGAGTCAACGCTA-1_contig_2,True,565,TRA,TRAV16D-DV11,None,TRAJ26,TRAC,True,True,CAMREVDNYAQGLTF,TGTGCTATGAGAGAGGTGGATAACTATGCCCAGGGATTAACCTTC,15752,9,clonotype360,clonotype360_consensus_2
CTCGGAGTCAACGCTA-1,True,CTCGGAGTCAACGCTA-1_contig_3,True,527,TRA,TRAV6-6,None,TRAJ32,TRAC,True,False,None,None,7024,5,clonotype360,None
CTCGGAGTCACTCTTA-1,True,CTCGGAGTCACTCTTA-1_contig_1,True,577,TRA,TRAV3D-3,None,TRAJ32,TRAC,True,True,CAVRPYGSSGNKLIF,TGCGCAGTCAGGCCGTATGGGAGCAGTGGCAACAAGCTCATCTTT,1952,2,clonotype361,clonotype361_consensus_1
CTCGGAGTCACTCTTA-1,True,CTCGGAGTCACTCTTA-1_contig_2,True,518,TRA,TRAV6-6,None,TRAJ31,TRAC,True,False,None,None,1168,2,clonotype361,None
CTCGGAGTCCTAGAAC-1,True,CTCGGAGTCCTAGAAC-1_contig_1,True,555,TRA,TRAV3-3,None,TRAJ49,TRAC,True,True,CAVSGSTGYQNFYF,TGCGCAGTCAGTGGGAGCACGGGTTACCAGAACTTCTATTTT,6134,5,clonotype5,clonotype5_consensus_1
CTCGGAGTCCTAGAAC-1,True,CTCGGAGTCCTAGAAC-1_contig_2,True,620,TRB,TRBV12-2+TRBV13-2,None,TRBJ2-7,None,True,True,CASGVQGWEQYF,TGTGCCAGCGGTGTACAGGGGTGGGAACAGTACTTC,7768,7,clonotype5,clonotype5_consensus_2
CTCGGAGTCCTAGAAC-1,True,CTCGGAGTCCTAGAAC-1_contig_3,True,562,TRA,TRAV6D-5,None,TRAJ38,TRAC,True,False,CTTVFWDNVGDNSKLIW,TGTACTACTGTGTTCTGGGATAATGTTGGTGACAACAGTAAGCTGATTTGG,5242,5,clonotype5,None
CTCGGAGTCGATGAGG-1,True,CTCGGAGTCGATGAGG-1_contig_1,True,565,TRA,TRAV15-2-DV6-2,None,TRAJ39,TRAC,True,True,CALSEPNNNAGAKLTF,TGCGCTCTCTCGGAACCTAATAATAATGCAGGTGCCAAGCTCACATTC,10410,8,clonotype131,clonotype131_consensus_1
CTCGGAGTCGATGAGG-1,True,CTCGGAGTCGATGAGG-1_contig_2,True,699,TRB,TRBV12-2+TRBV13-2,None,TRBJ2-1,None,True,True,CASGAGDYAEQFF,TGTGCCAGCGGGGCGGGAGACTATGCTGAGCAGTTCTTC,5440,5,clonotype131,clonotype131_consensus_2
CTCGGAGTCGATGAGG-1,True,CTCGGAGTCGATGAGG-1_contig_3,True,429,TRB,None,None,TRBJ2-3,None,False,False,None,None,9666,4,clonotype131,None
CTCGGGAAGTGTGGCA-1,True,CTCGGGAAGTGTGGCA-1_contig_1,True,549,TRB,TRBV16,None,TRBJ2-5,None,True,True,CASSLGGGQDTQYF,TGTGCAAGCAGCTTAGGGGGGGGCCAAGACACCCAGTACTTT,2376,2,clonotype8,clonotype8_consensus_1
CTCGGGAAGTGTGGCA-1,True,CTCGGGAAGTGTGGCA-1_contig_2,True,561,TRA,TRAV4D-3,None,TRAJ27,TRAC,True,True,CAADGPNTGKLTF,TGTGCTGCGGACGGACCCAATACAGGCAAATTAACCTTT,3700,4,clonotype8,clonotype8_consensus_2
CTCGGGAAGTGTGGCA-1,True,CTCGGGAAGTGTGGCA-1_contig_3,True,525,TRA,TRAV7N-6,None,TRAJ30,TRAC,True,True,CAVVDTNAYKVIF,TGTGCAGTGGTTGACACAAATGCTTACAAAGTCATCTTT,3134,3,clonotype8,clonotype8_consensus_3
CTCGGGAAGTGTGGCA-1,True,CTCGGGAAGTGTGGCA-1_contig_4,True,370,TRB,None,None,TRBJ2-7,None,False,False,None,None,1634,3,clonotype8,None
CTCGGGACAGACGCCT-1,True,CTCGGGACAGACGCCT-1_contig_1,True,558,TRA,TRAV4-3,None,TRAJ47,TRAC,True,True,CAAEGVDYANKMIF,TGTGCTGCTGAGGGTGTGGACTATGCAAACAAGATGATCTTT,10444,14,clonotype79,clonotype79_consensus_1
CTCGGGACAGACGCCT-1,True,CTCGGGACAGACGCCT-1_contig_2,True,527,TRB,TRBV15,None,TRBJ1-3,TRBC1,True,True,CASSLNRGSSGNTLYF,TGTGCCAGCAGTTTAAACAGGGGGAGTTCTGGAAATACGCTCTATTTT,33638,45,clonotype79,clonotype79_consensus_2
CTCGGGACAGACGCCT-1,True,CTCGGGACAGACGCCT-1_contig_3,True,305,TRB,None,None,TRBJ1-6,TRBC1,False,False,None,None,1822,2,clonotype79,None
CTCGGGACAGACGCCT-1,True,CTCGGGACAGACGCCT-1_contig_4,True,433,TRB,None,None,TRBJ2-7,None,False,False,None,None,29250,49,clonotype79,None
CTCGGGACAGTATGCT-1,True,CTCGGGACAGTATGCT-1_contig_1,True,537,TRA,TRAV3-3,None,TRAJ49,TRAC,True,True,CAVSGSTGYQNFYF,TGCGCAGTCAGTGGGAGCACGGGTTACCAGAACTTCTATTTT,3934,3,clonotype5,clonotype5_consensus_1
CTCGGGACAGTATGCT-1,True,CTCGGGACAGTATGCT-1_contig_2,True,562,TRB,TRBV12-2+TRBV13-2,None,TRBJ2-7,None,True,True,CASGVQGWEQYF,TGTGCCAGCGGTGTACAGGGGTGGGAACAGTACTTC,4784,6,clonotype5,clonotype5_consensus_2
CTCGGGACAGTATGCT-1,True,CTCGGGACAGTATGCT-1_contig_3,True,577,TRB,None,None,TRBJ1-1,TRBC1,False,False,None,None,2906,2,clonotype5,None
CTCGGGACAGTATGCT-1,True,CTCGGGACAGTATGCT-1_contig_4,True,540,TRA,TRAV6D-5,None,TRAJ38,TRAC,True,False,CTTVFWDNVGDNSKLIW,TGTACTACTGTGTTCTGGGATAATGTTGGTGACAACAGTAAGCTGATTTGG,662,1,clonotype5,None
CTCGGGACAGTATGCT-1,True,CTCGGGACAGTATGCT-1_contig_5,True,779,TRB,None,None,TRBJ2-5,None,False,False,None,None,4702,3,clonotype5,None
CTCGGGAGTGTTTGGT-1,True,CTCGGGAGTGTTTGGT-1_contig_1,True,593,TRA,TRAV19,None,TRAJ39,TRAC,True,True,CAAGGNNAGAKLTF,TGCGCAGCAGGTGGGAATAATGCAGGTGCCAAGCTCACATTC,2194,1,clonotype1,clonotype1_consensus_2
CTCGGGAGTGTTTGGT-1,True,CTCGGGAGTGTTTGGT-1_contig_2,True,626,TRB,TRBV12-2+TRBV13-2,None,TRBJ1-2,TRBC1,True,True,CASGGGTGNSDYTF,TGTGCCAGCGGTGGGGGGACAGGGAACTCCGACTACACCTTC,5078,5,clonotype1,clonotype1_consensus_1
CTCGTACAGCAAATCA-1,True,CTCGTACAGCAAATCA-1_contig_1,True,527,TRA,TRAV19,None,TRAJ39,TRAC,True,True,CAAGGNNAGAKLTF,TGCGCAGCAGGTGGGAATAATGCAGGTGCCAAGCTCACATTC,5494,4,clonotype1,clonotype1_consensus_2
CTCGTACAGCAAATCA-1,True,CTCGTACAGCAAATCA-1_contig_2,True,563,TRB,TRBV12-2+TRBV13-2,None,TRBJ1-2,TRBC1,True,True,CASGGGTGNSDYTF,TGTGCCAGCGGTGGGGGGACAGGGAACTCCGACTACACCTTC,6440,7,clonotype1,clonotype1_consensus_1
CTCGTACAGCAAATCA-1,True,CTCGTACAGCAAATCA-1_contig_3,True,334,TRB,None,None,TRBJ2-2,None,False,False,None,None,3126,2,clonotype1,None
CTCGTACAGCTAGTCT-1,True,CTCGTACAGCTAGTCT-1_contig_1,True,549,TRA,TRAV3-3,None,TRAJ31,TRAC,True,True,CAVSAGNNRIFF,TGCGCAGTCAGTGCAGGCAATAACAGAATCTTCTTT,4128,3,clonotype34,clonotype34_consensus_2
CTCGTACAGCTAGTCT-1,True,CTCGTACAGCTAGTCT-1_contig_2,True,504,TRB,TRBV13-1,None,TRBJ2-3,None,True,True,CASEGQGAETLYF,TGTGCCAGCGAGGGACAGGGTGCAGAAACGCTGTATTTT,5540,5,clonotype34,clonotype34_consensus_1
CTCGTACAGGACGAAA-1,True,CTCGTACAGGACGAAA-1_contig_1,True,558,TRA,TRAV19,None,TRAJ39,TRAC,True,True,CAAGGNNAGAKLTF,TGCGCAGCAGGTGGGAATAATGCAGGTGCCAAGCTCACATTC,6506,3,clonotype1,clonotype1_consensus_2
CTCGTACAGGACGAAA-1,True,CTCGTACAGGACGAAA-1_contig_2,True,566,TRB,TRBV12-2+TRBV13-2,None,TRBJ1-2,TRBC1,True,True,CASGGGTGNSDYTF,TGTGCCAGCGGTGGGGGGACAGGGAACTCCGACTACACCTTC,6388,6,clonotype1,clonotype1_consensus_1
CTCGTACCAAAGCGGT-1,True,CTCGTACCAAAGCGGT-1_contig_1,True,556,TRA,TRAV19,None,TRAJ39,TRAC,True,True,CAAGGNNAGAKLTF,TGCGCAGCAGGTGGGAATAATGCAGGTGCCAAGCTCACATTC,2772,3,clonotype1,clonotype1_consensus_2
CTCGTACCAAAGCGGT-1,True,CTCGTACCAAAGCGGT-1_contig_2,True,587,TRB,TRBV12-2+TRBV13-2,None,TRBJ1-2,TRBC1,True,True,CASGGGTGNSDYTF,TGTGCCAGCGGTGGGGGGACAGGGAACTCCGACTACACCTTC,2214,4,clonotype1,clonotype1_consensus_1
CTCGTACCAAAGCGGT-1,True,CTCGTACCAAAGCGGT-1_contig_3,True,384,TRA,TRAV7-5,None,TRAJ45,TRAC,True,False,CSDTEGADRLTF,TGCAGTGATACAGAAGGTGCAGATAGACTCACCTTT,1488,1,clonotype1,None
CTCGTACCACATTTCT-1,True,CTCGTACCACATTTCT-1_contig_1,True,558,TRA,TRAV3-3,None,TRAJ32,TRAC,True,True,CAVRAYGSSGNKLIF,TGCGCAGTCAGAGCTTATGGGAGCAGTGGCAACAAGCTCATCTTT,11212,9,clonotype137,clonotype137_consensus_2
CTCGTACCACATTTCT-1,True,CTCGTACCACATTTCT-1_contig_2,True,561,TRB,TRBV13-3,None,TRBJ2-2,None,True,True,CASSATSNTGQLYF,TGTGCCAGCAGTGCGACATCAAACACCGGGCAGCTCTACTTT,5360,3,clonotype137,clonotype137_consensus_1
CTCGTACGTTACGCGC-1,True,CTCGTACGTTACGCGC-1_contig_1,True,544,TRA,TRAV13N-1,None,TRAJ57,TRAC,True,True,CAMANQGGSAKLIF,TGTGCTATGGCGAATCAAGGAGGGTCTGCGAAGCTCATCTTT,4852,4,clonotype114,clonotype114_consensus_1
CTCGTACGTTACGCGC-1,True,CTCGTACGTTACGCGC-1_contig_2,True,525,TRB,TRBV17,None,TRBJ2-5,None,True,True,CASSRKGVQDTQYF,TGTGCTAGCAGTAGGAAAGGGGTCCAAGACACCCAGTACTTT,17894,12,clonotype114,clonotype114_consensus_2
CTCGTACGTTACGCGC-1,True,CTCGTACGTTACGCGC-1_contig_3,True,560,TRA,TRAV16,None,TRAJ50,TRAC,True,True,CAMREGLRASSSFSKLVF,TGTGCTATGAGAGAGGGCTTAAGAGCATCCTCCTCCTTCAGCAAGCTGGTGTTT,3440,2,clonotype114,clonotype114_consensus_3
CTCGTACTCTGGAGCC-1,True,CTCGTACTCTGGAGCC-1_contig_1,True,564,TRB,TRBV12-2+TRBV13-2,None,TRBJ2-7,None,True,True,CASGEGQNYEQYF,TGTGCCAGCGGTGAGGGACAGAATTATGAACAGTACTTC,3922,5,clonotype362,clonotype362_consensus_1
CTCGTCACAACAACCT-1,True,CTCGTCACAACAACCT-1_contig_1,True,516,TRA,TRAV6-6,None,TRAJ24,TRAC,True,True,CAPLTTASLGKLQF,TGTGCTCCGTTGACAACTGCCAGTTTGGGGAAACTGCAGTTT,6888,5,clonotype2,clonotype2_consensus_2
CTCGTCACAACAACCT-1,True,CTCGTCACAACAACCT-1_contig_2,True,512,TRB,TRBV13-1,None,TRBJ2-4,None,True,True,CASSEGTNTLYF,TGTGCCAGCAGTGAAGGAACAAACACCTTGTACTTT,10650,8,clonotype2,clonotype2_consensus_1
CTCGTCACACGGTGTC-1,True,CTCGTCACACGGTGTC-1_contig_1,True,549,TRB,TRBV16,None,TRBJ2-5,None,True,True,CASSFGGGEDTQYF,TGTGCAAGCAGCTTTGGGGGGGGGGAAGACACCCAGTACTTT,17366,19,clonotype40,clonotype40_consensus_2
CTCGTCACACGGTGTC-1,True,CTCGTCACACGGTGTC-1_contig_2,True,510,TRA,TRAV16,None,TRAJ49,TRAC,True,True,CAMRESNTGYQNFYF,TGTGCTATGAGAGAGTCGAACACGGGTTACCAGAACTTCTATTTT,3272,3,clonotype40,clonotype40_consensus_1
CTCGTCAGTCACAAGG-1,True,CTCGTCAGTCACAAGG-1_contig_1,True,536,TRA,TRAV19,None,TRAJ39,TRAC,True,True,CAAGGNNAGAKLTF,TGCGCAGCAGGTGGGAATAATGCAGGTGCCAAGCTCACATTC,7290,5,clonotype1,clonotype1_consensus_2
CTCGTCAGTCACAAGG-1,True,CTCGTCAGTCACAAGG-1_contig_2,True,677,TRB,TRBV12-2+TRBV13-2,None,TRBJ1-2,TRBC1,True,True,CASGGGTGNSDYTF,TGTGCCAGCGGTGGGGGGACAGGGAACTCCGACTACACCTTC,9612,7,clonotype1,clonotype1_consensus_1
CTCGTCAGTCACAAGG-1,True,CTCGTCAGTCACAAGG-1_contig_3,True,300,TRB,None,None,TRBJ2-5,None,False,False,None,None,2302,2,clonotype1,None
CTCGTCAGTGCATCTA-1,True,CTCGTCAGTGCATCTA-1_contig_1,True,530,TRA,TRAV19,None,TRAJ39,TRAC,True,True,CAAGGNNAGAKLTF,TGCGCAGCAGGTGGGAATAATGCAGGTGCCAAGCTCACATTC,3008,3,clonotype19,clonotype19_consensus_1
CTCGTCAGTTAAGAAC-1,True,CTCGTCAGTTAAGAAC-1_contig_1,True,558,TRA,TRAV19,None,TRAJ39,TRAC,True,True,CAAGGNNAGAKLTF,TGCGCAGCAGGTGGGAATAATGCAGGTGCCAAGCTCACATTC,33184,19,clonotype1,clonotype1_consensus_2
CTCGTCAGTTAAGAAC-1,True,CTCGTCAGTTAAGAAC-1_contig_2,True,597,TRB,TRBV12-2+TRBV13-2,None,TRBJ1-2,TRBC1,True,True,CASGGGTGNSDYTF,TGTGCCAGCGGTGGGGGGACAGGGAACTCCGACTACACCTTC,27336,24,clonotype1,clonotype1_consensus_1
CTCGTCAGTTAAGAAC-1,True,CTCGTCAGTTAAGAAC-1_contig_3,True,532,TRB,None,None,TRBJ2-1,None,False,False,None,None,8850,7,clonotype1,None
CTCGTCAGTTAAGAAC-1,True,CTCGTCAGTTAAGAAC-1_contig_4,True,321,TRB,None,None,TRBJ2-7,None,False,False,None,None,5562,4,clonotype1,None
CTCTAATAGTGGACGT-1,True,CTCTAATAGTGGACGT-1_contig_1,True,651,TRA,TRAV14N-3,None,TRAJ6,TRAC,True,True,CAARTSGGNYKPTF,TGTGCAGCAAGAACCTCAGGAGGAAACTACAAACCTACGTTT,13108,13,clonotype4,clonotype4_consensus_2
CTCTAATAGTGGACGT-1,True,CTCTAATAGTGGACGT-1_contig_2,True,549,TRA,TRAV8N-2,None,TRAJ13,TRAC,True,True,CATEDSGTYQRF,TGTGCTACTGAGGATTCTGGGACTTACCAGAGGTTT,43670,41,clonotype4,clonotype4_consensus_1
CTCTAATAGTGGACGT-1,True,CTCTAATAGTGGACGT-1_contig_3,True,574,TRB,TRBV12-2+TRBV13-2,None,TRBJ2-7,None,True,True,CASGTGGDYEQYF,TGTGCCAGCGGGACTGGGGGGGACTATGAACAGTACTTC,16714,21,clonotype4,clonotype4_consensus_3
CTCTAATAGTGGACGT-1,True,CTCTAATAGTGGACGT-1_contig_4,True,435,TRB,None,None,TRBJ2-5,None,False,False,None,None,1486,4,clonotype4,None
CTCTAATCAAAGCGGT-1,True,CTCTAATCAAAGCGGT-1_contig_1,True,558,TRA,TRAV19,None,TRAJ39,TRAC,True,True,CAAGGNNAGAKLTF,TGCGCAGCAGGTGGGAATAATGCAGGTGCCAAGCTCACATTC,5784,4,clonotype1,clonotype1_consensus_2
CTCTAATCAAAGCGGT-1,True,CTCTAATCAAAGCGGT-1_contig_2,True,636,TRB,TRBV12-2+TRBV13-2,None,TRBJ1-2,TRBC1,True,True,CASGGGTGNSDYTF,TGTGCCAGCGGTGGGGGGACAGGGAACTCCGACTACACCTTC,10558,12,clonotype1,clonotype1_consensus_1
CTCTAATGTAGAGTGC-1,True,CTCTAATGTAGAGTGC-1_contig_1,True,512,TRB,TRBV13-1,None,TRBJ2-4,None,True,True,CASSEGTNTLYF,TGTGCCAGCAGTGAAGGAACAAACACCTTGTACTTT,8030,9,clonotype9,clonotype9_consensus_1
CTCTAATGTAGAGTGC-1,True,CTCTAATGTAGAGTGC-1_contig_2,True,732,TRA,TRAV9D-2,None,TRAJ26,TRAC,True,True,CVLSRGNNYAQGLTF,TGTGTTCTGAGCAGGGGCAATAACTATGCCCAGGGATTAACCTTC,9992,6,clonotype9,clonotype9_consensus_2
CTCTAATGTCTCCACT-1,True,CTCTAATGTCTCCACT-1_contig_1,True,517,TRA,TRAV6-6,None,TRAJ24,TRAC,True,True,CAPLTTASLGKLQF,TGTGCTCCGTTGACAACTGCCAGTTTGGGGAAACTGCAGTTT,11194,7,clonotype76,clonotype76_consensus_1
CTCTAATGTCTCCACT-1,True,CTCTAATGTCTCCACT-1_contig_2,True,437,TRB,TRBV13-1,None,TRBJ2-4,None,True,False,CASSEGTNTLYF,TGTGCCAGCAGTGAAGGAACAAACACCTTGTACTTT,1250,4,clonotype76,None
CTCTAATGTCTCCACT-1,True,CTCTAATGTCTCCACT-1_contig_3,True,469,TRA,TRAV9D-2,None,TRAJ26,TRAC,True,False,CVLSRGNNYAQGLTF,TGTGTTCTGAGCAGGGGCAATAACTATGCCCAGGGATTAACCTTC,7140,3,clonotype76,None
CTCTAATGTTAAGAAC-1,True,CTCTAATGTTAAGAAC-1_contig_1,True,559,TRA,TRAV10N,None,TRAJ23,TRAC,True,True,CAASNRYNQGKLIF,TGTGCAGCAAGCAACCGGTATAACCAGGGGAAGCTTATCTTT,3186,3,clonotype149,clonotype149_consensus_1
CTCTAATGTTAAGAAC-1,True,CTCTAATGTTAAGAAC-1_contig_2,True,585,TRB,TRBV12-2+TRBV13-2,None,TRBJ2-5,None,True,True,CASGTGDTQYF,TGTGCCAGCGGCACCGGGGACACCCAGTACTTT,2630,5,clonotype149,clonotype149_consensus_2
CTCTAATTCACTCTTA-1,True,CTCTAATTCACTCTTA-1_contig_1,True,588,TRB,TRBV12-2+TRBV13-2,None,TRBJ2-1,None,True,True,CASGGNAEQFF,TGTGCCAGCGGTGGGAATGCTGAGCAGTTCTTC,13896,14,clonotype363,clonotype363_consensus_2
CTCTAATTCACTCTTA-1,True,CTCTAATTCACTCTTA-1_contig_2,True,693,TRA,TRAV9-4,None,TRAJ26,TRAC,True,True,CAVSAAAQGLTF,TGTGCTGTGAGCGCGGCTGCCCAGGGATTAACCTTC,3234,2,clonotype363,clonotype363_consensus_1
CTCTACGAGATGCCAG-1,True,CTCTACGAGATGCCAG-1_contig_1,True,552,TRA,TRAV4D-4,None,TRAJ26,TRAC,True,True,CGNYAQGLTF,TGTGGGAACTATGCCCAGGGATTAACCTTC,1644,2,clonotype185,clonotype185_consensus_2
CTCTACGAGATGCCAG-1,True,CTCTACGAGATGCCAG-1_contig_2,True,526,TRA,TRAV8-1,None,TRAJ30,TRAC,True,True,CATDAHTNAYKVIF,TGTGCTACTGATGCACACACAAATGCTTACAAAGTCATCTTT,3426,2,clonotype185,clonotype185_consensus_3
CTCTACGAGATGCCAG-1,True,CTCTACGAGATGCCAG-1_contig_3,True,515,TRB,TRBV13-1,None,TRBJ2-1,None,True,True,CASTGGDYAEQFF,TGTGCCAGCACCGGGGGGGACTATGCTGAGCAGTTCTTC,6874,5,clonotype185,clonotype185_consensus_1
CTCTACGAGTACGTAA-1,True,CTCTACGAGTACGTAA-1_contig_1,True,544,TRA,TRAV16D-DV11,None,TRAJ26,TRAC,True,True,CAMREENNYAQGLTF,TGTGCTATGAGAGAGGAAAATAACTATGCCCAGGGATTAACCTTC,4964,3,clonotype12,clonotype12_consensus_2
CTCTACGAGTACGTAA-1,True,CTCTACGAGTACGTAA-1_contig_2,True,507,TRB,TRBV13-1,None,TRBJ2-3,None,True,True,CASGDSAETLYF,TGTGCCAGCGGGGACAGTGCAGAAACGCTGTATTTT,6884,5,clonotype12,clonotype12_consensus_1
CTCTACGCAAGCTGGA-1,True,CTCTACGCAAGCTGGA-1_contig_1,True,603,TRA,TRAV14D-3-DV8,None,TRAJ6,TRAC,True,True,CAARTSGGNYKPTF,TGTGCAGCAAGAACCTCAGGAGGAAACTACAAACCTACGTTT,2324,2,clonotype51,clonotype51_consensus_2
CTCTACGCAAGCTGGA-1,True,CTCTACGCAAGCTGGA-1_contig_2,True,565,TRB,TRBV12-2+TRBV13-2,None,TRBJ2-7,None,True,True,CASGAGGDYEQYF,TGTGCCAGCGGTGCTGGGGGGGACTATGAACAGTACTTC,3486,3,clonotype51,clonotype51_consensus_1
CTCTACGGTAGCGTAG-1,True,CTCTACGGTAGCGTAG-1_contig_1,True,555,TRA,TRAV3-3,None,TRAJ49,TRAC,True,True,CAVSGATGYQNFYF,TGCGCAGTCAGTGGGGCCACGGGTTACCAGAACTTCTATTTT,4016,2,clonotype10,clonotype10_consensus_3
CTCTACGGTAGCGTAG-1,True,CTCTACGGTAGCGTAG-1_contig_2,True,507,TRA,TRAV21-DV12,None,TRAJ42,TRAC,True,True,CILRVHGGSNAKLTF,TGTATCCTGAGAGTCCATGGAGGAAGCAATGCAAAGCTAACCTTC,8872,6,clonotype10,clonotype10_consensus_1
CTCTACGGTAGCGTAG-1,True,CTCTACGGTAGCGTAG-1_contig_3,True,585,TRB,TRBV12-2+TRBV13-2,None,TRBJ2-7,None,True,True,CASGVQGEQYF,TGTGCCAGCGGTGTTCAGGGAGAACAGTACTTC,10090,8,clonotype10,clonotype10_consensus_2
CTCTACGGTCTCTTAT-1,True,CTCTACGGTCTCTTAT-1_contig_1,True,550,TRA,TRAV19,None,TRAJ39,TRAC,True,True,CAAGGNNAGAKLTF,TGCGCAGCAGGTGGGAATAATGCAGGTGCCAAGCTCACATTC,9182,4,clonotype1,clonotype1_consensus_2
CTCTACGGTCTCTTAT-1,True,CTCTACGGTCTCTTAT-1_contig_2,True,568,TRB,TRBV12-2+TRBV13-2,None,TRBJ1-2,TRBC1,True,True,CASGGGTGNSDYTF,TGTGCCAGCGGTGGGGGGACAGGGAACTCCGACTACACCTTC,8418,8,clonotype1,clonotype1_consensus_1
CTCTACGGTCTCTTAT-1,True,CTCTACGGTCTCTTAT-1_contig_3,True,324,TRB,None,None,TRBJ2-1,None,False,False,None,None,5672,6,clonotype1,None
CTCTGGTAGACAAAGG-1,True,CTCTGGTAGACAAAGG-1_contig_1,True,523,TRA,TRAV4-2,None,TRAJ35,TRAC,True,True,CAVEPQTGFASALTF,TGTGCTGTTGAGCCCCAGACAGGCTTTGCAAGTGCGCTGACATTT,2904,1,clonotype85,clonotype85_consensus_3
CTCTGGTAGACAAAGG-1,True,CTCTGGTAGACAAAGG-1_contig_2,True,553,TRA,TRAV8-1,None,TRAJ30,TRAC,True,True,CATDTNAYKVIF,TGTGCTACTGACACAAATGCTTACAAAGTCATCTTT,1450,1,clonotype85,clonotype85_consensus_1
CTCTGGTAGACAAAGG-1,True,CTCTGGTAGACAAAGG-1_contig_3,True,557,TRB,TRBV12-2+TRBV13-2,None,TRBJ1-5,TRBC1,True,True,CASGTGDNQAPLF,TGTGCCAGCGGGACAGGGGATAACCAGGCTCCGCTTTTT,3234,3,clonotype85,clonotype85_consensus_2
CTCTGGTAGACAAAGG-1,True,CTCTGGTAGACAAAGG-1_contig_4,True,809,TRB,None,None,TRBJ2-4,None,False,False,None,None,2720,2,clonotype85,None
CTCTGGTAGCCAGAAC-1,True,CTCTGGTAGCCAGAAC-1_contig_1,True,562,TRA,TRAV16D-DV11,None,TRAJ26,TRAC,True,True,CAMREENNYAQGLTF,TGTGCTATGAGAGAGGAAAATAACTATGCCCAGGGATTAACCTTC,3380,2,clonotype12,clonotype12_consensus_2
CTCTGGTAGCCAGAAC-1,True,CTCTGGTAGCCAGAAC-1_contig_2,True,505,TRB,TRBV13-1,None,TRBJ2-3,None,True,True,CASGDSAETLYF,TGTGCCAGCGGGGACAGTGCAGAAACGCTGTATTTT,56416,46,clonotype12,clonotype12_consensus_1
CTCTGGTAGCCAGAAC-1,True,CTCTGGTAGCCAGAAC-1_contig_3,True,575,TRA,TRAV3D-3,None,TRAJ28,TRAC,True,False,CTSAQSVRGTGSNRLTF,TGTACTTCTGCGCAGTCAGTGAGGGGCACTGGGAGTAACAGGCTCACTTTT,3348,2,clonotype12,None
CTCTGGTAGCCAGAAC-1,True,CTCTGGTAGCCAGAAC-1_contig_4,True,376,TRB,None,None,TRBJ1-6,TRBC1,False,False,None,None,11528,8,clonotype12,None
CTCTGGTGTTTGTGTG-1,True,CTCTGGTGTTTGTGTG-1_contig_1,True,593,TRA,TRAV19,None,TRAJ39,TRAC,True,True,CAAGGNNAGAKLTF,TGCGCAGCAGGTGGGAATAATGCAGGTGCCAAGCTCACATTC,16970,14,clonotype1,clonotype1_consensus_2
CTCTGGTGTTTGTGTG-1,True,CTCTGGTGTTTGTGTG-1_contig_2,True,569,TRB,TRBV12-2+TRBV13-2,None,TRBJ1-2,TRBC1,True,True,CASGGGTGNSDYTF,TGTGCCAGCGGTGGGGGGACAGGGAACTCCGACTACACCTTC,51358,60,clonotype1,clonotype1_consensus_1
CTCTGGTGTTTGTGTG-1,True,CTCTGGTGTTTGTGTG-1_contig_3,True,642,TRB,None,None,TRBJ2-7,None,False,False,None,None,790,1,clonotype1,None
CTCTGGTGTTTGTGTG-1,True,CTCTGGTGTTTGTGTG-1_contig_4,True,517,TRB,TRBV12-2+TRBV13-2,None,TRBJ1-2,TRBC1,True,False,CASGGGTGNSDYTF,TGTGCCAGCGGTGGGGGGACAGGGAACTCCGACTACACCTTC,6114,6,clonotype1,clonotype1_consensus_1
CTCTGGTTCCCAAGAT-1,True,CTCTGGTTCCCAAGAT-1_contig_1,True,518,TRA,TRAV8-1,None,TRAJ34,TRAC,True,True,CATDVSNTNKVVF,TGTGCTACTGATGTTTCCAATACCAACAAAGTCGTCTTT,2074,2,clonotype364,clonotype364_consensus_3
CTCTGGTTCCCAAGAT-1,True,CTCTGGTTCCCAAGAT-1_contig_2,True,478,TRA,TRAV8D-1,None,TRAJ30,TRAC,True,True,CATDTNAYKVIF,TGTGCTACTGACACAAATGCTTACAAAGTCATCTTT,1438,1,clonotype364,clonotype364_consensus_1
CTCTGGTTCCCAAGAT-1,True,CTCTGGTTCCCAAGAT-1_contig_3,True,581,TRB,TRBV12-2+TRBV13-2,None,TRBJ1-5,TRBC1,True,True,CASGTGDNQAPLF,TGTGCCAGCGGGACAGGGGACAACCAGGCTCCGCTTTTT,23278,19,clonotype364,clonotype364_consensus_2
CTCTGGTTCCCAAGAT-1,True,CTCTGGTTCCCAAGAT-1_contig_4,True,366,TRB,None,None,TRBJ2-1,None,False,False,None,None,15060,9,clonotype364,None
CTCTGGTTCCCAAGAT-1,True,CTCTGGTTCCCAAGAT-1_contig_5,True,563,TRA,TRAV14N-3,None,TRAJ35,TRAC,True,False,None,None,2790,2,clonotype364,None
CTGAAACCAAGCCTAT-1,True,CTGAAACCAAGCCTAT-1_contig_1,True,549,TRB,TRBV16,None,TRBJ2-5,None,True,True,CASSLGGGQDTQYF,TGTGCAAGCAGCTTAGGGGGGGGCCAAGACACCCAGTACTTT,16132,13,clonotype8,clonotype8_consensus_1
CTGAAACCAAGCCTAT-1,True,CTGAAACCAAGCCTAT-1_contig_2,True,572,TRA,TRAV4D-3,None,TRAJ27,TRAC,True,True,CAADGPNTGKLTF,TGTGCTGCGGACGGACCCAATACAGGCAAATTAACCTTT,7652,5,clonotype8,clonotype8_consensus_2
CTGAAACCAAGCCTAT-1,True,CTGAAACCAAGCCTAT-1_contig_3,True,525,TRA,TRAV7N-6,None,TRAJ30,TRAC,True,True,CAVVDTNAYKVIF,TGTGCAGTGGTTGACACAAATGCTTACAAAGTCATCTTT,10618,8,clonotype8,clonotype8_consensus_3
CTGAAACCAAGCCTAT-1,True,CTGAAACCAAGCCTAT-1_contig_4,True,370,TRB,None,None,TRBJ2-7,None,False,False,None,None,11856,7,clonotype8,None
CTGAAACCACTAGTAC-1,True,CTGAAACCACTAGTAC-1_contig_1,True,512,TRB,TRBV13-1,None,TRBJ2-4,None,True,True,CASSEGTNTLYF,TGTGCCAGCAGTGAAGGAACAAACACCTTGTACTTT,15674,16,clonotype9,clonotype9_consensus_1
CTGAAACCACTAGTAC-1,True,CTGAAACCACTAGTAC-1_contig_2,True,704,TRA,TRAV9D-2,None,TRAJ26,TRAC,True,True,CVLSRGNNYAQGLTF,TGTGTTCTGAGCAGGGGCAATAACTATGCCCAGGGATTAACCTTC,4812,4,clonotype9,clonotype9_consensus_2
CTGAAACCACTAGTAC-1,True,CTGAAACCACTAGTAC-1_contig_3,True,1023,TRA,TRAV10D,None,TRAJ24,TRAC,True,False,None,None,2012,3,clonotype9,None
CTGAAACGTACCGTTA-1,True,CTGAAACGTACCGTTA-1_contig_1,True,505,TRB,TRBV13-1,None,TRBJ2-4,None,True,True,CASSEGTNTLYF,TGTGCCAGCAGTGAAGGAACAAACACCTTGTACTTT,10768,8,clonotype6,clonotype6_consensus_1
CTGAAACGTGTTGGGA-1,True,CTGAAACGTGTTGGGA-1_contig_1,True,558,TRA,TRAV19,None,TRAJ39,TRAC,True,True,CAAGGNNAGAKLTF,TGCGCAGCAGGTGGGAATAATGCAGGTGCCAAGCTCACATTC,10586,6,clonotype1,clonotype1_consensus_2
CTGAAACGTGTTGGGA-1,True,CTGAAACGTGTTGGGA-1_contig_2,True,593,TRB,TRBV12-2+TRBV13-2,None,TRBJ1-2,TRBC1,True,True,CASGGGTGNSDYTF,TGTGCCAGCGGTGGGGGGACAGGGAACTCCGACTACACCTTC,32368,29,clonotype1,clonotype1_consensus_1
CTGAAACGTGTTGGGA-1,True,CTGAAACGTGTTGGGA-1_contig_3,True,369,TRB,None,None,TRBJ2-1,None,False,False,None,None,6408,3,clonotype1,None
CTGAAACTCATAAAGG-1,True,CTGAAACTCATAAAGG-1_contig_1,True,526,TRA,TRAV8-1,None,TRAJ12,TRAC,True,True,CATDATGGYKVVF,TGTGCTACTGATGCTACTGGAGGCTATAAAGTGGTCTTT,2442,1,clonotype365,clonotype365_consensus_3
CTGAAACTCATAAAGG-1,True,CTGAAACTCATAAAGG-1_contig_2,True,514,TRA,TRAV6N-6,None,TRAJ23,TRAC,True,True,CALSDLIYNQGKLIF,TGCGCTCTGAGTGATCTTATTTATAACCAGGGGAAGCTTATCTTT,932,1,clonotype365,clonotype365_consensus_2
CTGAAACTCATAAAGG-1,True,CTGAAACTCATAAAGG-1_contig_3,True,583,TRB,TRBV12-2+TRBV13-2,None,TRBJ2-1,None,True,True,CASGAGDYAEQFF,TGTGCCAGCGGGGCCGGAGACTATGCTGAGCAGTTCTTC,2510,2,clonotype365,clonotype365_consensus_1
CTGAAACTCGGCGGTT-1,True,CTGAAACTCGGCGGTT-1_contig_1,True,549,TRB,TRBV16,None,TRBJ2-5,None,True,True,CASSWGGGQDTQYF,TGTGCAAGCAGCTGGGGGGGCGGGCAAGACACCCAGTACTTT,12218,11,clonotype366,clonotype366_consensus_2
CTGAAACTCGGCGGTT-1,True,CTGAAACTCGGCGGTT-1_contig_2,True,512,TRB,TRBV26,None,TRBJ1-1,TRBC1,True,True,CASSRGNTEVFF,TGTGCCAGCAGCCGCGGAAACACAGAAGTCTTCTTT,5182,2,clonotype366,clonotype366_consensus_1
CTGAAACTCGGCGGTT-1,True,CTGAAACTCGGCGGTT-1_contig_3,True,516,TRA,TRAV6-6,None,TRAJ39,TRAC,True,True,CALGDWNNAGAKLTF,TGTGCTCTGGGTGATTGGAATAATGCAGGTGCCAAGCTCACATTC,540,4,clonotype366,clonotype366_consensus_3
CTGAAACTCGGCGGTT-1,True,CTGAAACTCGGCGGTT-1_contig_4,True,348,TRB,None,None,TRBJ2-1,None,False,False,None,None,4366,4,clonotype366,None
CTGAAGTAGCTGCCCA-1,True,CTGAAGTAGCTGCCCA-1_contig_1,True,552,TRA,TRAV3-3,None,TRAJ49,TRAC,True,True,CAVSGSTGYQNFYF,TGCGCAGTCAGTGGGAGCACGGGTTACCAGAACTTCTATTTT,19626,15,clonotype5,clonotype5_consensus_1
CTGAAGTAGCTGCCCA-1,True,CTGAAGTAGCTGCCCA-1_contig_2,True,587,TRB,TRBV12-2+TRBV13-2,None,TRBJ2-7,None,True,True,CASGVQGWEQYF,TGTGCCAGCGGTGTACAGGGGTGGGAACAGTACTTC,35320,37,clonotype5,clonotype5_consensus_2
CTGAAGTAGCTGCCCA-1,True,CTGAAGTAGCTGCCCA-1_contig_3,True,646,TRB,None,None,TRBJ2-5,None,False,False,None,None,7758,5,clonotype5,None
CTGAAGTAGCTGCCCA-1,True,CTGAAGTAGCTGCCCA-1_contig_4,True,498,TRB,None,None,TRBJ1-1,TRBC1,False,False,None,None,5120,3,clonotype5,None
CTGAAGTAGCTGCCCA-1,True,CTGAAGTAGCTGCCCA-1_contig_5,True,558,TRA,TRAV6D-5,None,TRAJ38,TRAC,True,False,CTTVFWDNVGDNSKLIW,TGTACTACTGTGTTCTGGGATAATGTTGGTGACAACAGTAAGCTGATTTGG,9722,8,clonotype5,None
CTGAAGTCAATCAGAA-1,True,CTGAAGTCAATCAGAA-1_contig_1,True,602,TRB,TRBV3,None,TRBJ2-5,None,True,True,CASSSGQYQDTQYF,TGTGCCAGCAGCTCCGGACAGTACCAAGACACCCAGTACTTT,50818,35,clonotype367,clonotype367_consensus_2
CTGAAGTCAATCAGAA-1,True,CTGAAGTCAATCAGAA-1_contig_2,True,555,TRA,TRAV3-3,None,TRAJ37,TRAC,True,True,CAVSGPGNTGKLIF,TGCGCAGTCAGTGGACCAGGCAATACCGGAAAACTCATCTTT,8742,5,clonotype367,clonotype367_consensus_1
CTGAAGTCAATCAGAA-1,True,CTGAAGTCAATCAGAA-1_contig_3,True,533,TRA,TRAV13-2,None,TRAJ52,TRAC,True,False,None,None,5602,4,clonotype367,None
CTGAAGTCAGCTTAAC-1,True,CTGAAGTCAGCTTAAC-1_contig_1,True,555,TRA,TRAV3-3,None,TRAJ49,TRAC,True,True,CAVSGATGYQNFYF,TGCGCAGTCAGTGGGGCCACGGGTTACCAGAACTTCTATTTT,8682,10,clonotype10,clonotype10_consensus_3
CTGAAGTCAGCTTAAC-1,True,CTGAAGTCAGCTTAAC-1_contig_2,True,507,TRA,TRAV21-DV12,None,TRAJ42,TRAC,True,True,CILRVHGGSNAKLTF,TGTATCCTGAGAGTCCATGGAGGAAGCAATGCAAAGCTAACCTTC,17132,16,clonotype10,clonotype10_consensus_1
CTGAAGTCAGCTTAAC-1,True,CTGAAGTCAGCTTAAC-1_contig_3,True,560,TRB,TRBV12-2+TRBV13-2,None,TRBJ2-7,None,True,True,CASGVQGEQYF,TGTGCCAGCGGTGTTCAGGGAGAACAGTACTTC,27712,30,clonotype10,clonotype10_consensus_2
CTGAAGTCAGCTTAAC-1,True,CTGAAGTCAGCTTAAC-1_contig_4,True,394,TRB,None,None,TRBJ2-1,None,False,False,None,None,12998,15,clonotype10,None
CTGAAGTCAGCTTAAC-1,True,CTGAAGTCAGCTTAAC-1_contig_5,True,303,TRB,None,None,TRBJ2-3,None,False,False,None,None,1058,1,clonotype10,None
CTGAAGTGTTAAGGGC-1,True,CTGAAGTGTTAAGGGC-1_contig_1,True,549,TRB,TRBV16,None,TRBJ2-5,None,True,True,CASSLGGGQDTQYF,TGTGCAAGCAGCTTAGGGGGGGGCCAAGACACCCAGTACTTT,5712,6,clonotype8,clonotype8_consensus_1
CTGAAGTGTTAAGGGC-1,True,CTGAAGTGTTAAGGGC-1_contig_2,True,558,TRA,TRAV4D-3,None,TRAJ27,TRAC,True,True,CAADGPNTGKLTF,TGTGCTGCGGACGGACCCAATACAGGCAAATTAACCTTT,3088,2,clonotype8,clonotype8_consensus_2
CTGAAGTGTTAAGGGC-1,True,CTGAAGTGTTAAGGGC-1_contig_3,True,525,TRA,TRAV7N-6,None,TRAJ30,TRAC,True,True,CAVVDTNAYKVIF,TGTGCAGTGGTTGACACAAATGCTTACAAAGTCATCTTT,2646,2,clonotype8,clonotype8_consensus_3
CTGAAGTGTTCGGCAC-1,True,CTGAAGTGTTCGGCAC-1_contig_1,True,507,TRB,TRBV31,None,TRBJ2-4,None,True,True,CAWDNQNTLYF,TGTGCCTGGGACAATCAAAACACCTTGTACTTT,4022,3,clonotype368,clonotype368_consensus_3
CTGAAGTGTTCGGCAC-1,True,CTGAAGTGTTCGGCAC-1_contig_2,True,559,TRB,TRBV12-2+TRBV13-2,None,TRBJ2-4,None,True,True,CASGTGDTLYF,TGTGCCAGCGGTACGGGCGACACCTTGTACTTT,1766,2,clonotype368,clonotype368_consensus_2
CTGAAGTGTTCGGCAC-1,True,CTGAAGTGTTCGGCAC-1_contig_3,True,549,TRA,TRAV8N-2,None,TRAJ13,TRAC,True,True,CATEDSGTYQRF,TGTGCTACTGAGGATTCTGGGACTTACCAGAGGTTT,1292,1,clonotype368,clonotype368_consensus_1
CTGAAGTTCATCGGAT-1,True,CTGAAGTTCATCGGAT-1_contig_1,True,555,TRA,TRAV3-3,None,TRAJ49,TRAC,True,True,CAVSGSTGYQNFYF,TGCGCAGTCAGTGGGAGCACGGGTTACCAGAACTTCTATTTT,2774,4,clonotype5,clonotype5_consensus_1
CTGAAGTTCATCGGAT-1,True,CTGAAGTTCATCGGAT-1_contig_2,True,561,TRB,TRBV12-2+TRBV13-2,None,TRBJ2-7,None,True,True,CASGVQGWEQYF,TGTGCCAGCGGTGTACAGGGGTGGGAACAGTACTTC,16482,13,clonotype5,clonotype5_consensus_2
CTGAAGTTCATCGGAT-1,True,CTGAAGTTCATCGGAT-1_contig_3,True,539,TRA,TRAV6D-5,None,TRAJ38,TRAC,True,False,CTTVFWDNVGDNSKLIW,TGTACTACTGTGTTCTGGGATAATGTTGGTGACAACAGTAAGCTGATTTGG,6432,4,clonotype5,None
CTGAAGTTCGTAGGTT-1,True,CTGAAGTTCGTAGGTT-1_contig_1,True,549,TRB,TRBV16,None,TRBJ2-5,None,True,True,CASSLGGGQDTQYF,TGTGCAAGCAGCTTAGGGGGGGGCCAAGACACCCAGTACTTT,21122,22,clonotype369,clonotype369_consensus_1
CTGAAGTTCGTAGGTT-1,True,CTGAAGTTCGTAGGTT-1_contig_2,True,546,TRA,TRAV13D-2,None,TRAJ26,TRAC,True,True,CAIDRYAQGLTF,TGTGCTATAGATCGCTATGCCCAGGGATTAACCTTC,10292,6,clonotype369,clonotype369_consensus_3
CTGAAGTTCGTAGGTT-1,True,CTGAAGTTCGTAGGTT-1_contig_3,True,645,TRB,TRBV12-2+TRBV13-2,None,TRBJ1-5,TRBC1,True,True,CASGTGDNQAPLF,TGTGCCAGCGGTACAGGAGACAACCAGGCTCCGCTTTTT,6316,6,clonotype369,clonotype369_consensus_2
CTGAAGTTCGTAGGTT-1,True,CTGAAGTTCGTAGGTT-1_contig_4,True,371,TRB,None,None,TRBJ1-4,TRBC1,False,False,None,None,2974,1,clonotype369,None
CTGAAGTTCGTAGGTT-1,True,CTGAAGTTCGTAGGTT-1_contig_5,True,313,TRA,TRAV6-6,None,None,TRAC,False,False,None,None,1060,2,clonotype369,None
CTGATAGCAAACCCAT-1,True,CTGATAGCAAACCCAT-1_contig_1,True,532,TRA,TRAV8-1,None,TRAJ30,TRAC,True,True,CASDTNAYKVIF,TGTGCTTCTGACACAAATGCTTACAAAGTCATCTTT,2818,1,clonotype23,clonotype23_consensus_2
CTGATAGCAAACCCAT-1,True,CTGATAGCAAACCCAT-1_contig_2,True,563,TRB,TRBV12-2+TRBV13-2,None,TRBJ1-5,TRBC1,True,True,CASGTGDNQAPLF,TGTGCCAGCGGGACAGGGGACAACCAGGCTCCGCTTTTT,7824,5,clonotype23,clonotype23_consensus_1
CTGATAGCAAACCCAT-1,True,CTGATAGCAAACCCAT-1_contig_3,True,551,TRA,TRAV4-4-DV10,None,TRAJ50,TRAC,True,False,None,None,524,1,clonotype23,None
CTGATAGCAAACCCAT-1,True,CTGATAGCAAACCCAT-1_contig_4,True,573,TRB,None,None,TRBJ2-2,None,False,False,None,None,3310,3,clonotype23,None
CTGATAGGTAGATTAG-1,True,CTGATAGGTAGATTAG-1_contig_1,True,562,TRB,TRBV12-2+TRBV13-2,None,TRBJ2-7,None,True,True,CASGVQGWEQYF,TGTGCCAGCGGTGTACAGGGGTGGGAACAGTACTTC,2844,2,clonotype138,clonotype138_consensus_1
CTGATAGGTAGATTAG-1,True,CTGATAGGTAGATTAG-1_contig_2,True,400,TRA,TRAV8-1,None,TRAJ30,TRAC,True,False,CATDTNAYKVIF,TGTGCTACTGACACAAATGCTTACAAAGTCATCTTT,2758,1,clonotype138,None
CTGATAGGTAGATTAG-1,True,CTGATAGGTAGATTAG-1_contig_3,True,531,TRB,TRBV10,None,TRBJ2-1,None,True,False,None,None,2328,1,clonotype138,None
CTGATAGGTCGCCATG-1,True,CTGATAGGTCGCCATG-1_contig_1,True,555,TRA,TRAV3-3,None,TRAJ49,TRAC,True,True,CAVSGSTGYQNFYF,TGCGCAGTCAGTGGGAGCACGGGTTACCAGAACTTCTATTTT,2922,3,clonotype33,clonotype33_consensus_1
CTGATAGGTCGCCATG-1,True,CTGATAGGTCGCCATG-1_contig_2,True,603,TRB,None,None,TRBJ1-1,TRBC1,False,False,None,None,6216,4,clonotype33,None
CTGATAGGTCTGCGGT-1,True,CTGATAGGTCTGCGGT-1_contig_1,True,520,TRA,TRAV19,None,TRAJ39,TRAC,True,True,CAAGGNNAGAKLTF,TGCGCAGCAGGTGGGAATAATGCAGGTGCCAAGCTCACATTC,4748,4,clonotype1,clonotype1_consensus_2
CTGATAGGTCTGCGGT-1,True,CTGATAGGTCTGCGGT-1_contig_2,True,567,TRB,TRBV12-2+TRBV13-2,None,TRBJ1-2,TRBC1,True,True,CASGGGTGNSDYTF,TGTGCCAGCGGTGGGGGGACAGGGAACTCCGACTACACCTTC,3956,4,clonotype1,clonotype1_consensus_1
CTGATAGGTCTGCGGT-1,True,CTGATAGGTCTGCGGT-1_contig_3,True,326,TRB,None,None,TRBJ2-7,None,False,False,None,None,4262,2,clonotype1,None
CTGATAGGTTTAGCTG-1,True,CTGATAGGTTTAGCTG-1_contig_1,True,561,TRA,TRAV8-1,None,TRAJ48,TRAC,True,True,CATDGNEKITF,TGTGCTACTGATGGAAATGAGAAAATAACTTTT,186,2,clonotype55,clonotype55_consensus_2
CTGATAGGTTTAGCTG-1,True,CTGATAGGTTTAGCTG-1_contig_2,True,567,TRB,TRBV12-2+TRBV13-2,None,TRBJ2-1,None,True,True,CASGAGDYAEQFF,TGTGCCAGCGGTGCTGGGGACTATGCTGAGCAGTTCTTC,4150,5,clonotype55,clonotype55_consensus_1
CTGATAGTCCACTGGG-1,True,CTGATAGTCCACTGGG-1_contig_1,True,558,TRA,TRAV19,None,TRAJ39,TRAC,True,True,CAAGGNNAGAKLTF,TGCGCAGCAGGTGGGAATAATGCAGGTGCCAAGCTCACATTC,9436,8,clonotype1,clonotype1_consensus_2
CTGATAGTCCACTGGG-1,True,CTGATAGTCCACTGGG-1_contig_2,True,569,TRB,TRBV12-2+TRBV13-2,None,TRBJ1-2,TRBC1,True,True,CASGGGTGNSDYTF,TGTGCCAGCGGTGGGGGGACAGGGAACTCCGACTACACCTTC,22786,18,clonotype1,clonotype1_consensus_1
CTGATAGTCCACTGGG-1,True,CTGATAGTCCACTGGG-1_contig_3,True,353,TRA,None,None,TRAJ25,TRAC,False,False,None,None,114,1,clonotype1,None
CTGATAGTCCACTGGG-1,True,CTGATAGTCCACTGGG-1_contig_4,True,353,TRB,None,None,TRBJ2-1,None,False,False,None,None,3432,2,clonotype1,None
CTGATAGTCCACTGGG-1,True,CTGATAGTCCACTGGG-1_contig_5,True,390,TRB,None,None,TRBJ2-7,None,False,False,None,None,3332,2,clonotype1,None
CTGATAGTCCACTGGG-1,True,CTGATAGTCCACTGGG-1_contig_6,True,497,TRA,TRAV7-5,None,TRAJ45,TRAC,True,False,CSDTEGADRLTF,TGCAGTGATACAGAAGGTGCAGATAGACTCACCTTT,1876,1,clonotype1,None
CTGATCCAGAACTCGG-1,True,CTGATCCAGAACTCGG-1_contig_1,True,536,TRA,TRAV19,None,TRAJ39,TRAC,True,True,CAAGGNNAGAKLTF,TGCGCAGCAGGTGGGAATAATGCAGGTGCCAAGCTCACATTC,9500,7,clonotype1,clonotype1_consensus_2
CTGATCCAGAACTCGG-1,True,CTGATCCAGAACTCGG-1_contig_2,True,568,TRB,TRBV12-2+TRBV13-2,None,TRBJ1-2,TRBC1,True,True,CASGGGTGNSDYTF,TGTGCCAGCGGTGGGGGGACAGGGAACTCCGACTACACCTTC,8740,6,clonotype1,clonotype1_consensus_1
CTGATCCAGGTAGCTG-1,True,CTGATCCAGGTAGCTG-1_contig_1,True,538,TRA,TRAV19,None,TRAJ39,TRAC,True,True,CAAGGNNAGAKLTF,TGCGCAGCAGGTGGGAATAATGCAGGTGCCAAGCTCACATTC,7272,4,clonotype1,clonotype1_consensus_2
CTGATCCAGGTAGCTG-1,True,CTGATCCAGGTAGCTG-1_contig_2,True,599,TRB,TRBV12-2+TRBV13-2,None,TRBJ1-2,TRBC1,True,True,CASGGGTGNSDYTF,TGTGCCAGCGGTGGGGGGACAGGGAACTCCGACTACACCTTC,13834,15,clonotype1,clonotype1_consensus_1
CTGATCCAGGTGATTA-1,True,CTGATCCAGGTGATTA-1_contig_1,True,514,TRA,TRAV3-3,None,TRAJ49,TRAC,True,True,CAVSGSTGYQNFYF,TGCGCAGTCAGTGGGAGCACGGGTTACCAGAACTTCTATTTT,9550,5,clonotype5,clonotype5_consensus_1
CTGATCCAGGTGATTA-1,True,CTGATCCAGGTGATTA-1_contig_2,True,554,TRB,TRBV12-2+TRBV13-2,None,TRBJ2-7,None,True,True,CASGVQGWEQYF,TGTGCCAGCGGTGTACAGGGGTGGGAACAGTACTTC,2664,2,clonotype5,clonotype5_consensus_2
CTGATCCAGGTGATTA-1,True,CTGATCCAGGTGATTA-1_contig_3,True,527,TRA,TRAV6D-5,None,TRAJ38,TRAC,True,False,CTTVFWDNVGDNSKLIW,TGTACTACTGTGTTCTGGGATAATGTTGGTGACAACAGTAAGCTGATTTGG,5006,2,clonotype5,None
CTGATCCCACACTGCG-1,True,CTGATCCCACACTGCG-1_contig_1,True,516,TRA,TRAV19,None,TRAJ39,TRAC,True,True,CAAGGNNAGAKLTF,TGCGCAGCAGGTGGGAATAATGCAGGTGCCAAGCTCACATTC,2810,2,clonotype1,clonotype1_consensus_2
CTGATCCCACACTGCG-1,True,CTGATCCCACACTGCG-1_contig_2,True,567,TRB,TRBV12-2+TRBV13-2,None,TRBJ1-2,TRBC1,True,True,CASGGGTGNSDYTF,TGTGCCAGCGGTGGGGGGACAGGGAACTCCGACTACACCTTC,3850,3,clonotype1,clonotype1_consensus_1
CTGATCCCACACTGCG-1,True,CTGATCCCACACTGCG-1_contig_3,True,341,TRB,None,None,TRBJ2-1,None,False,False,None,None,5562,3,clonotype1,None
CTGATCCTCTGCTGCT-1,True,CTGATCCTCTGCTGCT-1_contig_1,True,551,TRA,TRAV6-6,None,TRAJ24,TRAC,True,True,CAPLTTASLGKLQF,TGTGCTCCGTTGACAACTGCCAGTTTGGGGAAACTGCAGTTT,2662,2,clonotype2,clonotype2_consensus_2
CTGATCCTCTGCTGCT-1,True,CTGATCCTCTGCTGCT-1_contig_2,True,505,TRB,TRBV13-1,None,TRBJ2-4,None,True,True,CASSEGTNTLYF,TGTGCCAGCAGTGAAGGAACAAACACCTTGTACTTT,4930,5,clonotype2,clonotype2_consensus_1
CTGATCCTCTGCTGCT-1,True,CTGATCCTCTGCTGCT-1_contig_3,True,762,TRA,TRAV9D-2,None,TRAJ25,TRAC,True,False,CVLSRGNNYAQGLTF,TGTGTTCTGAGCAGGGGCAATAACTATGCCCAGGGATTAACCTTC,2154,2,clonotype2,None
CTGATCCTCTGCTGCT-1,True,CTGATCCTCTGCTGCT-1_contig_4,True,431,TRB,None,None,TRBJ2-7,None,False,False,None,None,2008,1,clonotype2,None
CTGCCTAAGCTAAACA-1,True,CTGCCTAAGCTAAACA-1_contig_1,True,537,TRA,TRAV6-6,None,TRAJ24,TRAC,True,True,CAPLTTASLGKLQF,TGTGCTCCGTTGACAACTGCCAGTTTGGGGAAACTGCAGTTT,4800,3,clonotype3,clonotype3_consensus_2
CTGCCTAAGCTAAACA-1,True,CTGCCTAAGCTAAACA-1_contig_2,True,512,TRB,TRBV13-1,None,TRBJ2-4,None,True,True,CASSEGTNTLYF,TGTGCCAGCAGTGAAGGAACAAACACCTTGTACTTT,24404,18,clonotype3,clonotype3_consensus_1
CTGCCTAAGCTAAACA-1,True,CTGCCTAAGCTAAACA-1_contig_3,True,715,TRA,TRAV9D-2,None,TRAJ26,TRAC,True,True,CVLSRGNNYAQGLTF,TGTGTTCTGAGCAGGGGCAATAACTATGCCCAGGGATTAACCTTC,4526,2,clonotype3,clonotype3_consensus_3
CTGCCTAAGCTAAACA-1,True,CTGCCTAAGCTAAACA-1_contig_4,True,368,TRB,None,None,TRBJ2-7,None,False,False,None,None,2746,2,clonotype3,None
CTGCCTAAGTGGTAGC-1,True,CTGCCTAAGTGGTAGC-1_contig_1,True,615,TRB,TRBV12-2+TRBV13-2,None,TRBJ2-5,None,True,True,CASGTGDTQYF,TGTGCCAGCGGCACCGGGGACACCCAGTACTTT,4186,4,clonotype370,clonotype370_consensus_2
CTGCCTAAGTGGTAGC-1,True,CTGCCTAAGTGGTAGC-1_contig_2,True,522,TRA,TRAV7N-6,None,TRAJ6,TRAC,True,True,CASSGGNYKPTF,TGTGCATCCTCAGGAGGAAACTACAAACCTACGTTT,9208,5,clonotype370,clonotype370_consensus_1
CTGCCTAAGTGGTAGC-1,True,CTGCCTAAGTGGTAGC-1_contig_3,True,511,TRB,TRBV23,None,TRBJ2-1,None,True,False,None,None,1754,1,clonotype370,None
CTGCCTAGTATGAAAC-1,True,CTGCCTAGTATGAAAC-1_contig_1,True,509,TRB,TRBV13-1,None,TRBJ2-7,None,True,True,CASSDPGQGYF,TGTGCCAGCAGTGATCCGGGACAGGGTTACTTC,1762,1,clonotype80,clonotype80_consensus_1
CTGCCTAGTATGAAAC-1,True,CTGCCTAGTATGAAAC-1_contig_2,True,567,TRA,TRAV16N,None,TRAJ22,TRAC,True,True,CAMREGGSSGSWQLIF,TGTGCTATGAGAGAGGGAGGATCTTCTGGCAGCTGGCAACTCATCTTT,3106,2,clonotype80,clonotype80_consensus_2
CTGCCTAGTCAACTGT-1,True,CTGCCTAGTCAACTGT-1_contig_1,True,555,TRA,TRAV7-3,None,TRAJ38,TRAC,True,True,CAVSAANVGDNSKLIW,TGTGCAGTGAGCGCGGCGAATGTTGGTGACAACAGTAAGCTGATTTGG,1736,1,clonotype21,clonotype21_consensus_3
CTGCCTAGTCAACTGT-1,True,CTGCCTAGTCAACTGT-1_contig_2,True,505,TRB,TRBV13-1,None,TRBJ2-7,None,True,True,CASSGGHLEQYF,TGTGCCAGCAGTGGGGGACACCTTGAACAGTACTTC,2796,3,clonotype21,clonotype21_consensus_2
CTGCCTAGTCAACTGT-1,True,CTGCCTAGTCAACTGT-1_contig_3,True,522,TRA,TRAV7N-6,None,TRAJ34,TRAC,True,True,CAISSNTNKVVF,TGTGCAATTTCTTCCAATACCAACAAAGTCGTCTTT,1910,1,clonotype21,clonotype21_consensus_1
CTGCCTAGTTAAAGAC-1,True,CTGCCTAGTTAAAGAC-1_contig_1,True,581,TRA,TRAV19,None,TRAJ39,TRAC,True,True,CAAGGNNAGAKLTF,TGCGCAGCAGGTGGGAATAATGCAGGTGCCAAGCTCACATTC,372,3,clonotype1,clonotype1_consensus_2
CTGCCTAGTTAAAGAC-1,True,CTGCCTAGTTAAAGAC-1_contig_2,True,567,TRB,TRBV12-2+TRBV13-2,None,TRBJ1-2,TRBC1,True,True,CASGGGTGNSDYTF,TGTGCCAGCGGTGGGGGGACAGGGAACTCCGACTACACCTTC,10174,9,clonotype1,clonotype1_consensus_1
CTGCGGAAGATGGGTC-1,True,CTGCGGAAGATGGGTC-1_contig_1,True,524,TRA,TRAV6-6,None,TRAJ24,TRAC,True,True,CAPLTTASLGKLQF,TGTGCTCCGTTGACAACTGCCAGTTTGGGGAAACTGCAGTTT,2992,3,clonotype2,clonotype2_consensus_2
CTGCGGAAGATGGGTC-1,True,CTGCGGAAGATGGGTC-1_contig_2,True,505,TRB,TRBV13-1,None,TRBJ2-4,None,True,True,CASSEGTNTLYF,TGTGCCAGCAGTGAAGGAACAAACACCTTGTACTTT,4892,4,clonotype2,clonotype2_consensus_1
CTGCGGAAGATGGGTC-1,True,CTGCGGAAGATGGGTC-1_contig_3,True,357,TRA,TRAV9D-2,None,TRAJ26,TRAC,True,False,CVLSRGNNYAQGLTF,TGTGTTCTGAGCAGGGGCAATAACTATGCCCAGGGATTAACCTTC,1174,1,clonotype2,None
CTGCGGAAGATGGGTC-1,True,CTGCGGAAGATGGGTC-1_contig_4,True,320,TRA,None,None,TRAJ18,TRAC,False,False,None,None,2826,1,clonotype2,None
CTGCGGAAGCGTGAAC-1,True,CTGCGGAAGCGTGAAC-1_contig_1,True,566,TRA,TRAV3-3,None,TRAJ49,TRAC,True,True,CAVSGSTGYQNFYF,TGCGCAGTCAGTGGGAGCACGGGTTACCAGAACTTCTATTTT,8196,4,clonotype5,clonotype5_consensus_1
CTGCGGAAGCGTGAAC-1,True,CTGCGGAAGCGTGAAC-1_contig_2,True,559,TRB,TRBV12-2+TRBV13-2,None,TRBJ2-7,None,True,True,CASGVQGWEQYF,TGTGCCAGCGGTGTACAGGGGTGGGAACAGTACTTC,5616,6,clonotype5,clonotype5_consensus_2
CTGCGGAAGCGTGAAC-1,True,CTGCGGAAGCGTGAAC-1_contig_3,True,641,TRB,None,None,TRBJ1-1,TRBC1,False,False,None,None,5324,4,clonotype5,None
CTGCGGAAGTAATCCC-1,True,CTGCGGAAGTAATCCC-1_contig_1,True,573,TRA,TRAV4D-4,None,TRAJ26,TRAC,True,True,CGNYAQGLTF,TGTGGGAACTATGCCCAGGGATTAACCTTC,19276,11,clonotype185,clonotype185_consensus_2
CTGCGGAAGTAATCCC-1,True,CTGCGGAAGTAATCCC-1_contig_2,True,573,TRA,TRAV8-1,None,TRAJ30,TRAC,True,True,CATDAHTNAYKVIF,TGTGCTACTGATGCACACACAAATGCTTACAAAGTCATCTTT,7940,4,clonotype185,clonotype185_consensus_3
CTGCGGAAGTAATCCC-1,True,CTGCGGAAGTAATCCC-1_contig_3,True,508,TRB,TRBV13-1,None,TRBJ2-1,None,True,True,CASTGGDYAEQFF,TGTGCCAGCACCGGGGGGGACTATGCTGAGCAGTTCTTC,37744,27,clonotype185,clonotype185_consensus_1
CTGCGGAAGTAATCCC-1,True,CTGCGGAAGTAATCCC-1_contig_4,True,329,TRB,None,None,TRBJ2-4,None,False,False,None,None,2380,1,clonotype185,None
CTGCGGACATTTCAGG-1,True,CTGCGGACATTTCAGG-1_contig_1,True,507,TRA,TRAV21-DV12,None,TRAJ42,TRAC,True,True,CILRVHGGSNAKLTF,TGTATCCTGAGAGTCCATGGAGGAAGCAATGCAAAGCTAACCTTC,5226,7,clonotype72,clonotype72_consensus_1
CTGCGGACATTTCAGG-1,True,CTGCGGACATTTCAGG-1_contig_2,True,575,TRB,TRBV12-2+TRBV13-2,None,TRBJ2-7,None,True,True,CASGVQGEQYF,TGTGCCAGCGGTGTTCAGGGAGAACAGTACTTC,29030,22,clonotype72,clonotype72_consensus_2
CTGCGGACATTTCAGG-1,True,CTGCGGACATTTCAGG-1_contig_3,True,349,TRB,None,None,TRBJ2-1,None,False,False,None,None,532,1,clonotype72,None
CTGCGGAGTAGGGACT-1,True,CTGCGGAGTAGGGACT-1_contig_1,True,517,TRA,TRAV6-6,None,TRAJ24,TRAC,True,True,CAPLTTASLGKLQF,TGTGCTCCGTTGACAACTGCCAGTTTGGGGAAACTGCAGTTT,3018,2,clonotype2,clonotype2_consensus_2
CTGCGGAGTAGGGACT-1,True,CTGCGGAGTAGGGACT-1_contig_2,True,505,TRB,TRBV13-1,None,TRBJ2-4,None,True,True,CASSEGTNTLYF,TGTGCCAGCAGTGAAGGAACAAACACCTTGTACTTT,18262,14,clonotype2,clonotype2_consensus_1
CTGCGGAGTAGGGACT-1,True,CTGCGGAGTAGGGACT-1_contig_3,True,426,TRA,TRAV9D-2,None,TRAJ26,TRAC,True,False,CVLSRGNNYAQGLTF,TGTGTTCTGAGCAGGGGCAATAACTATGCCCAGGGATTAACCTTC,6822,4,clonotype2,None
CTGCGGAGTTCCACGG-1,True,CTGCGGAGTTCCACGG-1_contig_1,True,504,TRB,TRBV5,None,TRBJ1-5,TRBC1,True,True,CASSQAGENNQAPLF,TGTGCCAGCAGCCAAGCAGGGGAGAACAACCAGGCTCCGCTTTTT,10276,6,clonotype52,clonotype52_consensus_2
CTGCGGAGTTCCACGG-1,True,CTGCGGAGTTCCACGG-1_contig_2,True,539,TRA,TRAV12D-3,None,TRAJ26,TRAC,True,True,CALSVNYAQGLTF,TGTGCTCTGAGTGTCAACTATGCCCAGGGATTAACCTTC,8604,5,clonotype52,clonotype52_consensus_1
CTGCGGAGTTCCACGG-1,True,CTGCGGAGTTCCACGG-1_contig_3,True,629,TRB,TRBV2,None,TRBJ2-5,None,True,False,None,None,2932,3,clonotype52,None
CTGCGGAGTTCCACGG-1,True,CTGCGGAGTTCCACGG-1_contig_4,True,566,TRA,TRAV8D-2,None,TRAJ9,TRAC,True,False,CAPNMGYKLTF,TGTGCTCCAAACATGGGCTACAAACTTACCTTC,10070,7,clonotype52,None
CTGCGGATCGTTGCCT-1,True,CTGCGGATCGTTGCCT-1_contig_1,True,549,TRB,TRBV16,None,TRBJ2-5,None,True,True,CASSFGGGEDTQYF,TGTGCAAGCAGCTTTGGGGGGGGGGAAGACACCCAGTACTTT,4542,4,clonotype74,clonotype74_consensus_1
CTGCGGATCGTTGCCT-1,True,CTGCGGATCGTTGCCT-1_contig_2,True,385,TRB,None,None,TRBJ2-7,None,False,False,None,None,3730,2,clonotype74,None
CTGCTGTAGACACGAC-1,True,CTGCTGTAGACACGAC-1_contig_1,True,555,TRA,TRAV3-3,None,TRAJ49,TRAC,True,True,CAVSGSTGYQNFYF,TGCGCAGTCAGTGGGAGCACGGGTTACCAGAACTTCTATTTT,11556,9,clonotype5,clonotype5_consensus_1
CTGCTGTAGACACGAC-1,True,CTGCTGTAGACACGAC-1_contig_2,True,629,TRB,TRBV12-2+TRBV13-2,None,TRBJ2-7,None,True,True,CASGVQGWEQYF,TGTGCCAGCGGTGTACAGGGGTGGGAACAGTACTTC,37884,48,clonotype5,clonotype5_consensus_2
CTGCTGTAGACACGAC-1,True,CTGCTGTAGACACGAC-1_contig_3,True,356,TRB,None,None,TRBJ1-2,TRBC1,False,False,None,None,16604,16,clonotype5,None
CTGCTGTAGACACGAC-1,True,CTGCTGTAGACACGAC-1_contig_4,True,531,TRA,TRAV6D-5,None,TRAJ38,TRAC,True,False,CTTVFWDNVGDNSKLIW,TGTACTACTGTGTTCTGGGATAATGTTGGTGACAACAGTAAGCTGATTTGG,9648,8,clonotype5,None
CTGCTGTAGAGACGAA-1,True,CTGCTGTAGAGACGAA-1_contig_1,True,550,TRA,TRAV6-6,None,TRAJ24,TRAC,True,True,CAPLTTASLGKLQF,TGTGCTCCGTTGACAACTGCCAGTTTGGGGAAACTGCAGTTT,11280,7,clonotype3,clonotype3_consensus_2
CTGCTGTAGAGACGAA-1,True,CTGCTGTAGAGACGAA-1_contig_2,True,512,TRB,TRBV13-1,None,TRBJ2-4,None,True,True,CASSEGTNTLYF,TGTGCCAGCAGTGAAGGAACAAACACCTTGTACTTT,25436,20,clonotype3,clonotype3_consensus_1
CTGCTGTAGAGACGAA-1,True,CTGCTGTAGAGACGAA-1_contig_3,True,722,TRA,TRAV9D-2,None,TRAJ26,TRAC,True,True,CVLSRGNNYAQGLTF,TGTGTTCTGAGCAGGGGCAATAACTATGCCCAGGGATTAACCTTC,10124,8,clonotype3,clonotype3_consensus_3
CTGCTGTAGAGACGAA-1,True,CTGCTGTAGAGACGAA-1_contig_4,True,593,TRA,TRAV10D,None,TRAJ30,None,True,False,None,None,538,1,clonotype3,None
CTGCTGTAGCGCTTAT-1,True,CTGCTGTAGCGCTTAT-1_contig_1,True,564,TRB,TRBV12-2+TRBV13-2,None,TRBJ1-5,TRBC1,True,True,CASGTGDNQAPLF,TGTGCCAGCGGTACAGGAGACAACCAGGCTCCGCTTTTT,13190,9,clonotype39,clonotype39_consensus_1
CTGCTGTAGCGCTTAT-1,True,CTGCTGTAGCGCTTAT-1_contig_2,True,527,TRA,TRAV6N-7,None,TRAJ48,TRAC,True,False,CTTVLWVINYGNEKITF,TGTACTACTGTGCTCTGGGTGATCAACTATGGAAATGAGAAAATAACTTTT,1194,1,clonotype39,None
CTGCTGTAGCGCTTAT-1,True,CTGCTGTAGCGCTTAT-1_contig_3,True,403,TRB,None,None,TRBJ1-3,TRBC1,False,False,None,None,5440,5,clonotype39,None
CTGCTGTAGCGCTTAT-1,True,CTGCTGTAGCGCTTAT-1_contig_4,True,318,TRA,TRAV8D-1,None,TRAJ30,TRAC,True,False,CATDTNAYKVIF,TGTGCTACTGACACAAATGCTTACAAAGTCATCTTT,724,1,clonotype39,None
CTGCTGTCAAAGTCAA-1,True,CTGCTGTCAAAGTCAA-1_contig_1,True,539,TRA,TRAV14N-3,None,TRAJ6,TRAC,True,True,CAARTSGGNYKPTF,TGTGCAGCAAGAACCTCAGGAGGAAACTACAAACCTACGTTT,17706,11,clonotype4,clonotype4_consensus_2
CTGCTGTCAAAGTCAA-1,True,CTGCTGTCAAAGTCAA-1_contig_2,True,549,TRA,TRAV8N-2,None,TRAJ13,TRAC,True,True,CATEDSGTYQRF,TGTGCTACTGAGGATTCTGGGACTTACCAGAGGTTT,31338,19,clonotype4,clonotype4_consensus_1
CTGCTGTCAAAGTCAA-1,True,CTGCTGTCAAAGTCAA-1_contig_3,True,575,TRB,TRBV12-2+TRBV13-2,None,TRBJ2-7,None,True,True,CASGTGGDYEQYF,TGTGCCAGCGGGACTGGGGGGGACTATGAACAGTACTTC,22332,24,clonotype4,clonotype4_consensus_3
CTGCTGTCAGATCGGA-1,True,CTGCTGTCAGATCGGA-1_contig_1,True,555,TRA,TRAV3-3,None,TRAJ49,TRAC,True,True,CAVSGATGYQNFYF,TGCGCAGTCAGTGGGGCCACGGGTTACCAGAACTTCTATTTT,1342,2,clonotype65,clonotype65_consensus_2
CTGCTGTCAGATCGGA-1,True,CTGCTGTCAGATCGGA-1_contig_2,True,605,TRB,TRBV12-2+TRBV13-2,None,TRBJ2-7,None,True,True,CASGVQGEQYF,TGTGCCAGCGGTGTTCAGGGAGAACAGTACTTC,4870,4,clonotype65,clonotype65_consensus_1
CTGCTGTCAGATCGGA-1,True,CTGCTGTCAGATCGGA-1_contig_3,True,422,TRB,TRBV5,None,TRBJ1-5,None,True,False,CASSHPGQNNQAPLF,TGTGCCAGCAGCCACCCGGGACAGAACAACCAGGCTCCGCTTTTT,30,1,clonotype65,None
CTGCTGTCAGATCGGA-1,True,CTGCTGTCAGATCGGA-1_contig_4,True,331,TRB,None,None,TRBJ2-1,None,False,False,None,None,3402,2,clonotype65,None
CTGCTGTCATAAAGGT-1,True,CTGCTGTCATAAAGGT-1_contig_1,True,549,TRB,TRBV16,None,TRBJ2-5,None,True,True,CASSLGGGQDTQYF,TGTGCAAGCAGCTTAGGGGGGGGCCAAGACACCCAGTACTTT,13128,12,clonotype8,clonotype8_consensus_1
CTGCTGTCATAAAGGT-1,True,CTGCTGTCATAAAGGT-1_contig_2,True,567,TRA,TRAV4D-3,None,TRAJ27,TRAC,True,True,CAADGPNTGKLTF,TGTGCTGCGGACGGACCCAATACAGGCAAATTAACCTTT,16246,12,clonotype8,clonotype8_consensus_2
CTGCTGTCATAAAGGT-1,True,CTGCTGTCATAAAGGT-1_contig_3,True,525,TRA,TRAV7N-6,None,TRAJ30,TRAC,True,True,CAVVDTNAYKVIF,TGTGCAGTGGTTGACACAAATGCTTACAAAGTCATCTTT,6702,3,clonotype8,clonotype8_consensus_3
CTGCTGTGTAGCGTCC-1,True,CTGCTGTGTAGCGTCC-1_contig_1,True,560,TRA,TRAV4D-3,None,TRAJ27,TRAC,True,True,CAADGPNTGKLTF,TGTGCTGCTGACGGGCCCAATACAGGCAAATTAACCTTT,7178,4,clonotype57,clonotype57_consensus_1
CTGCTGTTCCTTGACC-1,True,CTGCTGTTCCTTGACC-1_contig_1,True,549,TRB,TRBV16,None,TRBJ2-5,None,True,True,CASSLGGGQDTQYF,TGTGCAAGCAGCTTAGGGGGGGGCCAAGACACCCAGTACTTT,8744,7,clonotype15,clonotype15_consensus_1
CTGCTGTTCCTTGACC-1,True,CTGCTGTTCCTTGACC-1_contig_2,True,532,TRA,TRAV4D-3,None,TRAJ27,TRAC,True,True,CAADGPNTGKLTF,TGTGCTGCGGACGGACCCAATACAGGCAAATTAACCTTT,2438,3,clonotype15,clonotype15_consensus_2
CTGCTGTTCTCATTCA-1,True,CTGCTGTTCTCATTCA-1_contig_1,True,566,TRA,TRAV3-3,None,TRAJ49,TRAC,True,True,CAVSGSTGYQNFYF,TGCGCAGTCAGTGGGAGCACGGGTTACCAGAACTTCTATTTT,5412,3,clonotype33,clonotype33_consensus_1
CTGCTGTTCTCATTCA-1,True,CTGCTGTTCTCATTCA-1_contig_2,True,654,TRA,TRAV6D-5,None,TRAJ38,None,True,False,CTTVFWDNVGDNSKLIW,TGTACTACTGTGTTCTGGGATAATGTTGGTGACAACAGTAAGCTGATTTGG,9228,4,clonotype33,None
CTGGTCTAGCTATGCT-1,True,CTGGTCTAGCTATGCT-1_contig_1,True,549,TRB,TRBV16,None,TRBJ2-7,None,True,True,CASSFGGGADEQYF,TGTGCAAGCAGCTTTGGTGGGGGGGCGGATGAACAGTACTTC,16702,13,clonotype20,clonotype20_consensus_2
CTGGTCTAGCTATGCT-1,True,CTGGTCTAGCTATGCT-1_contig_2,True,540,TRA,TRAV13D-2,None,TRAJ11,TRAC,True,True,CAIDLDSGYNKLTF,TGTGCTATAGATCTTGACTCGGGATACAACAAACTCACTTTT,3732,4,clonotype20,clonotype20_consensus_1
CTGGTCTAGCTGAACG-1,True,CTGGTCTAGCTGAACG-1_contig_1,True,522,TRB,TRBV5,None,TRBJ1-5,TRBC1,True,True,CASSQAGENNQAPLF,TGTGCCAGCAGCCAAGCAGGGGAGAACAACCAGGCTCCGCTTTTT,10852,7,clonotype139,clonotype139_consensus_1
CTGGTCTAGCTGAACG-1,True,CTGGTCTAGCTGAACG-1_contig_2,True,546,TRA,TRAV8D-2,None,TRAJ9,TRAC,True,False,CAPNMGYKLTF,TGTGCTCCAAACATGGGCTACAAACTTACCTTC,1968,1,clonotype139,None
CTGGTCTAGGCTAGGT-1,True,CTGGTCTAGGCTAGGT-1_contig_1,True,547,TRA,TRAV6-6,None,TRAJ24,TRAC,True,True,CAPLTTASLGKLQF,TGTGCTCCGTTGACAACTGCCAGTTTGGGGAAACTGCAGTTT,12058,8,clonotype2,clonotype2_consensus_2
CTGGTCTAGGCTAGGT-1,True,CTGGTCTAGGCTAGGT-1_contig_2,True,512,TRB,TRBV13-1,None,TRBJ2-4,None,True,True,CASSEGTNTLYF,TGTGCCAGCAGTGAAGGAACAAACACCTTGTACTTT,27106,23,clonotype2,clonotype2_consensus_1
CTGGTCTAGGCTAGGT-1,True,CTGGTCTAGGCTAGGT-1_contig_3,True,480,TRB,None,None,TRBJ2-7,None,False,False,None,None,8750,5,clonotype2,None
CTGGTCTCAAGCTGAG-1,True,CTGGTCTCAAGCTGAG-1_contig_1,True,556,TRA,TRAV19,None,TRAJ39,TRAC,True,True,CAAGGNNAGAKLTF,TGCGCAGCAGGTGGGAATAATGCAGGTGCCAAGCTCACATTC,4354,2,clonotype1,clonotype1_consensus_2
CTGGTCTCAAGCTGAG-1,True,CTGGTCTCAAGCTGAG-1_contig_2,True,568,TRB,TRBV12-2+TRBV13-2,None,TRBJ1-2,TRBC1,True,True,CASGGGTGNSDYTF,TGTGCCAGCGGTGGGGGGACAGGGAACTCCGACTACACCTTC,6356,4,clonotype1,clonotype1_consensus_1
CTGGTCTCACACAGAG-1,True,CTGGTCTCACACAGAG-1_contig_1,True,537,TRA,TRAV3-3,None,TRAJ49,TRAC,True,True,CAVSGATGYQNFYF,TGCGCAGTCAGTGGGGCCACGGGTTACCAGAACTTCTATTTT,10070,6,clonotype10,clonotype10_consensus_3
CTGGTCTCACACAGAG-1,True,CTGGTCTCACACAGAG-1_contig_2,True,507,TRA,TRAV21-DV12,None,TRAJ42,TRAC,True,True,CILRVHGGSNAKLTF,TGTATCCTGAGAGTCCATGGAGGAAGCAATGCAAAGCTAACCTTC,20868,16,clonotype10,clonotype10_consensus_1
CTGGTCTCACACAGAG-1,True,CTGGTCTCACACAGAG-1_contig_3,True,559,TRB,TRBV12-2+TRBV13-2,None,TRBJ2-7,None,True,True,CASGVQGEQYF,TGTGCCAGCGGTGTTCAGGGAGAACAGTACTTC,9550,8,clonotype10,clonotype10_consensus_2
CTGGTCTCATCATCCC-1,True,CTGGTCTCATCATCCC-1_contig_1,True,516,TRA,TRAV8-1,None,TRAJ31,TRAC,True,True,CATDGNNRIFF,TGTGCTACTGACGGCAATAACAGAATCTTCTTT,3284,2,clonotype186,clonotype186_consensus_1
CTGGTCTCATCATCCC-1,True,CTGGTCTCATCATCCC-1_contig_2,True,508,TRB,TRBV13-1,None,TRBJ2-2,None,True,True,CATSTGDTGQLYF,TGTGCCACCTCGACAGGGGACACCGGGCAGCTCTACTTT,10548,10,clonotype186,clonotype186_consensus_2
CTGGTCTGTCAGATAA-1,True,CTGGTCTGTCAGATAA-1_contig_1,True,558,TRA,TRAV19,None,TRAJ39,TRAC,True,True,CAAGGNNAGAKLTF,TGCGCAGCAGGTGGGAATAATGCAGGTGCCAAGCTCACATTC,4288,3,clonotype1,clonotype1_consensus_2
CTGGTCTGTCAGATAA-1,True,CTGGTCTGTCAGATAA-1_contig_2,True,592,TRB,TRBV12-2+TRBV13-2,None,TRBJ1-2,TRBC1,True,True,CASGGGTGNSDYTF,TGTGCCAGCGGTGGGGGGACAGGGAACTCCGACTACACCTTC,6210,5,clonotype1,clonotype1_consensus_1
CTGGTCTTCAGGCGAA-1,True,CTGGTCTTCAGGCGAA-1_contig_1,True,505,TRB,TRBV13-1,None,TRBJ2-3,None,True,True,CASGDSAETLYF,TGTGCCAGCGGGGACAGTGCAGAAACGCTGTATTTT,45674,34,clonotype24,clonotype24_consensus_1
CTGGTCTTCAGGCGAA-1,True,CTGGTCTTCAGGCGAA-1_contig_2,True,565,TRA,TRAV3D-3,None,TRAJ28,TRAC,True,False,CTSAQSVRGTGSNRLTF,TGTACTTCTGCGCAGTCAGTGAGGGGCACTGGGAGTAACAGGCTCACTTTT,2682,2,clonotype24,None
CTGGTCTTCAGGCGAA-1,True,CTGGTCTTCAGGCGAA-1_contig_3,True,466,TRB,None,None,TRBJ1-6,TRBC1,False,False,None,None,18530,12,clonotype24,None
CTGGTCTTCAGGCGAA-1,True,CTGGTCTTCAGGCGAA-1_contig_4,True,448,TRA,TRAV16D-DV11,None,TRAJ26,TRAC,True,False,None,None,3066,1,clonotype24,None
CTGGTCTTCAGGCGAA-1,True,CTGGTCTTCAGGCGAA-1_contig_5,True,317,TRB,None,None,TRBJ2-7,None,False,False,None,None,6068,3,clonotype24,None
CTGTGCTAGTTTAGGA-1,True,CTGTGCTAGTTTAGGA-1_contig_1,True,549,TRB,TRBV16,None,TRBJ2-5,None,True,True,CASSLGGGQDTQYF,TGTGCAAGCAGCTTAGGGGGGGGCCAAGACACCCAGTACTTT,4312,5,clonotype8,clonotype8_consensus_1
CTGTGCTAGTTTAGGA-1,True,CTGTGCTAGTTTAGGA-1_contig_2,True,565,TRA,TRAV4D-3,None,TRAJ27,TRAC,True,True,CAADGPNTGKLTF,TGTGCTGCGGACGGACCCAATACAGGCAAATTAACCTTT,2154,2,clonotype8,clonotype8_consensus_2
CTGTGCTAGTTTAGGA-1,True,CTGTGCTAGTTTAGGA-1_contig_3,True,525,TRA,TRAV7N-6,None,TRAJ30,TRAC,True,True,CAVVDTNAYKVIF,TGTGCAGTGGTTGACACAAATGCTTACAAAGTCATCTTT,5896,3,clonotype8,clonotype8_consensus_3
CTGTGCTAGTTTAGGA-1,True,CTGTGCTAGTTTAGGA-1_contig_4,True,447,TRB,None,None,TRBJ2-7,None,False,False,None,None,4076,3,clonotype8,None
CTGTGCTCAGTATGCT-1,True,CTGTGCTCAGTATGCT-1_contig_1,True,558,TRA,TRAV19,None,TRAJ39,TRAC,True,True,CAAGGNNAGAKLTF,TGCGCAGCAGGTGGGAATAATGCAGGTGCCAAGCTCACATTC,6578,4,clonotype1,clonotype1_consensus_2
CTGTGCTCAGTATGCT-1,True,CTGTGCTCAGTATGCT-1_contig_2,True,567,TRB,TRBV12-2+TRBV13-2,None,TRBJ1-2,TRBC1,True,True,CASGGGTGNSDYTF,TGTGCCAGCGGTGGGGGGACAGGGAACTCCGACTACACCTTC,6074,5,clonotype1,clonotype1_consensus_1
CTGTGCTCAGTATGCT-1,True,CTGTGCTCAGTATGCT-1_contig_3,True,564,TRB,None,None,TRBJ1-1,TRBC1,False,False,None,None,4690,5,clonotype1,None
CTGTGCTGTAGGGTAC-1,True,CTGTGCTGTAGGGTAC-1_contig_1,True,512,TRB,TRBV26,None,TRBJ1-1,TRBC1,True,True,CASSRGNTEVFF,TGTGCCAGCAGCCGCGGAAACACAGAAGTCTTCTTT,18316,12,clonotype27,clonotype27_consensus_2
CTGTGCTGTAGGGTAC-1,True,CTGTGCTGTAGGGTAC-1_contig_2,True,564,TRA,TRAV3-4,None,TRAJ49,TRAC,True,True,CAVRGGYQNFYF,TGCGCAGTCAGGGGGGGTTACCAGAACTTCTATTTT,3524,3,clonotype27,clonotype27_consensus_1
CTGTGCTGTAGGGTAC-1,True,CTGTGCTGTAGGGTAC-1_contig_3,True,471,TRA,TRAV12-3,None,TRAJ40,None,True,False,CPVLLCSECHVNTGNYKYVF,TGCCCTGTACTACTGTGCTCTGAGTGTCACGTTAATACAGGAAACTACAAATACGTCTTT,2054,1,clonotype27,None
CTGTGCTGTCATGCCG-1,True,CTGTGCTGTCATGCCG-1_contig_1,True,558,TRA,TRAV19,None,TRAJ39,TRAC,True,True,CAAGGNNAGAKLTF,TGCGCAGCAGGTGGGAATAATGCAGGTGCCAAGCTCACATTC,6470,6,clonotype1,clonotype1_consensus_2
CTGTGCTGTCATGCCG-1,True,CTGTGCTGTCATGCCG-1_contig_2,True,569,TRB,TRBV12-2+TRBV13-2,None,TRBJ1-2,TRBC1,True,True,CASGGGTGNSDYTF,TGTGCCAGCGGTGGGGGGACAGGGAACTCCGACTACACCTTC,11530,10,clonotype1,clonotype1_consensus_1
CTGTGCTGTCATGCCG-1,True,CTGTGCTGTCATGCCG-1_contig_3,True,304,TRB,None,None,TRBJ2-5,None,False,False,None,None,3774,2,clonotype1,None
CTGTGCTGTCTGGAGA-1,True,CTGTGCTGTCTGGAGA-1_contig_1,True,556,TRA,TRAV19,None,TRAJ39,TRAC,True,True,CAAGGNNAGAKLTF,TGCGCAGCAGGTGGGAATAATGCAGGTGCCAAGCTCACATTC,1868,1,clonotype1,clonotype1_consensus_2
CTGTGCTGTCTGGAGA-1,True,CTGTGCTGTCTGGAGA-1_contig_2,True,569,TRB,TRBV12-2+TRBV13-2,None,TRBJ1-2,TRBC1,True,True,CASGGGTGNSDYTF,TGTGCCAGCGGTGGGGGGACAGGGAACTCCGACTACACCTTC,5480,4,clonotype1,clonotype1_consensus_1
CTGTGCTGTCTGGAGA-1,True,CTGTGCTGTCTGGAGA-1_contig_3,True,332,TRB,None,None,TRBJ2-1,None,False,False,None,None,3764,3,clonotype1,None
CTGTGCTTCAAACAAG-1,True,CTGTGCTTCAAACAAG-1_contig_1,True,560,TRA,TRAV16D-DV11,None,TRAJ26,TRAC,True,True,CAMREENNYAQGLTF,TGTGCTATGAGAGAGGAAAATAACTATGCCCAGGGATTAACCTTC,7036,7,clonotype12,clonotype12_consensus_2
CTGTGCTTCAAACAAG-1,True,CTGTGCTTCAAACAAG-1_contig_2,True,512,TRB,TRBV13-1,None,TRBJ2-3,None,True,True,CASGDSAETLYF,TGTGCCAGCGGGGACAGTGCAGAAACGCTGTATTTT,46958,62,clonotype12,clonotype12_consensus_1
CTGTGCTTCAAACAAG-1,True,CTGTGCTTCAAACAAG-1_contig_3,True,459,TRB,None,None,TRBJ1-6,TRBC1,False,False,None,None,12552,13,clonotype12,None
CTGTGCTTCAAACAAG-1,True,CTGTGCTTCAAACAAG-1_contig_4,True,575,TRA,TRAV3D-3,None,TRAJ28,TRAC,True,False,CTSAQSVRGTGSNRLTF,TGTACTTCTGCGCAGTCAGTGAGGGGCACTGGGAGTAACAGGCTCACTTTT,4782,8,clonotype12,None
CTGTGCTTCAAACAAG-1,True,CTGTGCTTCAAACAAG-1_contig_5,True,625,TRB,None,None,TRBJ2-5,None,False,False,None,None,3620,4,clonotype12,None
CTGTGCTTCCGTAGTA-1,True,CTGTGCTTCCGTAGTA-1_contig_1,True,519,TRA,TRAV6-6,None,TRAJ24,TRAC,True,True,CAPLTTASLGKLQF,TGTGCTCCGTTGACAACTGCCAGTTTGGGGAAACTGCAGTTT,10254,5,clonotype3,clonotype3_consensus_2
CTGTGCTTCCGTAGTA-1,True,CTGTGCTTCCGTAGTA-1_contig_2,True,512,TRB,TRBV13-1,None,TRBJ2-4,None,True,True,CASSEGTNTLYF,TGTGCCAGCAGTGAAGGAACAAACACCTTGTACTTT,13320,12,clonotype3,clonotype3_consensus_1
CTGTGCTTCCGTAGTA-1,True,CTGTGCTTCCGTAGTA-1_contig_3,True,704,TRA,TRAV9D-2,None,TRAJ26,TRAC,True,True,CVLSRGNNYAQGLTF,TGTGTTCTGAGCAGGGGCAATAACTATGCCCAGGGATTAACCTTC,3612,3,clonotype3,clonotype3_consensus_3
CTGTTTAAGGTACTCT-1,True,CTGTTTAAGGTACTCT-1_contig_1,True,572,TRA,TRAV19,None,TRAJ39,TRAC,True,True,CAAGGNNAGAKLTF,TGCGCAGCAGGTGGGAATAATGCAGGTGCCAAGCTCACATTC,6674,4,clonotype1,clonotype1_consensus_2
CTGTTTAAGGTACTCT-1,True,CTGTTTAAGGTACTCT-1_contig_2,True,571,TRB,TRBV12-2+TRBV13-2,None,TRBJ1-2,TRBC1,True,True,CASGGGTGNSDYTF,TGTGCCAGCGGTGGGGGGACAGGGAACTCCGACTACACCTTC,19802,16,clonotype1,clonotype1_consensus_1
CTGTTTAAGGTACTCT-1,True,CTGTTTAAGGTACTCT-1_contig_3,True,368,TRB,None,None,TRBJ2-1,None,False,False,None,None,4694,5,clonotype1,None
CTGTTTAAGGTACTCT-1,True,CTGTTTAAGGTACTCT-1_contig_4,True,520,TRA,TRAV7-5,None,TRAJ45,TRAC,True,False,CSDTEGADRLTF,TGCAGTGATACAGAAGGTGCAGATAGACTCACCTTT,2134,1,clonotype1,None
CTGTTTAAGTTGAGAT-1,True,CTGTTTAAGTTGAGAT-1_contig_1,True,574,TRB,TRBV12-2+TRBV13-2,None,TRBJ2-7,None,True,True,CASGAPYEQYF,TGTGCCAGCGGTGCCCCCTATGAACAGTACTTC,5228,6,clonotype187,clonotype187_consensus_2
CTGTTTAAGTTGAGAT-1,True,CTGTTTAAGTTGAGAT-1_contig_2,True,558,TRA,TRAV4D-3,None,TRAJ17,TRAC,True,True,CAAPNSAGNKLTF,TGTGCTGCCCCCAACAGTGCAGGGAACAAGCTAACTTTT,3508,2,clonotype187,clonotype187_consensus_1
CTGTTTAAGTTGAGAT-1,True,CTGTTTAAGTTGAGAT-1_contig_3,True,566,TRA,TRAV3D-3,None,TRAJ21,TRAC,True,False,CTSAQSGPCNVLYF,TGTACTTCTGCGCAGTCAGGCCCCTGCAACGTGCTTTACTTC,3858,2,clonotype187,None
CTGTTTACAGTTCCCT-1,True,CTGTTTACAGTTCCCT-1_contig_1,True,560,TRB,TRBV12-2+TRBV13-2,None,TRBJ2-7,None,True,True,CASGDPGHRDF,TGTGCCAGCGGTGATCCGGGACACAGAGACTTC,3852,3,clonotype371,clonotype371_consensus_2
CTGTTTACAGTTCCCT-1,True,CTGTTTACAGTTCCCT-1_contig_2,True,565,TRA,TRAV15D-1-DV6D-1,None,TRAJ40,TRAC,True,True,CALWERPNTGNYKYVF,TGTGCTCTCTGGGAGCGCCCAAATACAGGAAACTACAAATACGTCTTT,5308,4,clonotype371,clonotype371_consensus_1
CTGTTTAGTTCCGGCA-1,True,CTGTTTAGTTCCGGCA-1_contig_1,True,505,TRB,TRBV13-1,None,TRBJ2-7,None,True,True,CASGTGGLEQYF,TGTGCCAGCGGGACTGGGGGTCTTGAACAGTACTTC,10154,10,clonotype372,clonotype372_consensus_1
CTGTTTAGTTCCGGCA-1,True,CTGTTTAGTTCCGGCA-1_contig_2,True,563,TRA,TRAV8D-2,None,TRAJ15,TRAC,True,True,CATDGGGRALIF,TGTGCTACAGATGGGGGAGGCAGAGCTCTGATATTT,18524,12,clonotype372,clonotype372_consensus_2
CTGTTTAGTTCCGGCA-1,True,CTGTTTAGTTCCGGCA-1_contig_3,True,537,TRA,TRAV4D-3,None,TRAJ6,TRAC,True,False,None,None,1766,2,clonotype372,None
CTTAACTCAGTAGAGC-1,True,CTTAACTCAGTAGAGC-1_contig_1,True,556,TRA,TRAV19,None,TRAJ39,TRAC,True,True,CAAGGNNAGAKLTF,TGCGCAGCAGGTGGGAATAATGCAGGTGCCAAGCTCACATTC,30510,22,clonotype1,clonotype1_consensus_2
CTTAACTCAGTAGAGC-1,True,CTTAACTCAGTAGAGC-1_contig_2,True,596,TRB,TRBV12-2+TRBV13-2,None,TRBJ1-2,TRBC1,True,True,CASGGGTGNSDYTF,TGTGCCAGCGGTGGGGGGACAGGGAACTCCGACTACACCTTC,29716,28,clonotype1,clonotype1_consensus_1
CTTAACTCAGTAGAGC-1,True,CTTAACTCAGTAGAGC-1_contig_3,True,325,TRB,None,None,TRBJ2-1,None,False,False,None,None,2106,4,clonotype1,None
CTTAACTGTAAGTTCC-1,True,CTTAACTGTAAGTTCC-1_contig_1,True,523,TRA,TRAV16D-DV11,None,TRAJ26,TRAC,True,True,CAMREENNYAQGLTF,TGTGCTATGAGAGAGGAAAATAACTATGCCCAGGGATTAACCTTC,2678,4,clonotype12,clonotype12_consensus_2
CTTAACTGTAAGTTCC-1,True,CTTAACTGTAAGTTCC-1_contig_2,True,505,TRB,TRBV13-1,None,TRBJ2-3,None,True,True,CASGDSAETLYF,TGTGCCAGCGGGGACAGTGCAGAAACGCTGTATTTT,10170,10,clonotype12,clonotype12_consensus_1
CTTAACTGTGTGCGTC-1,True,CTTAACTGTGTGCGTC-1_contig_1,True,559,TRB,TRBV13-3,None,TRBJ2-1,None,True,True,CASSDRGWYAEQFF,TGTGCCAGCAGTGACCGGGGATGGTATGCTGAGCAGTTCTTC,5342,4,clonotype140,clonotype140_consensus_1
CTTAACTGTGTGCGTC-1,True,CTTAACTGTGTGCGTC-1_contig_2,True,673,TRA,TRAV7-1,None,TRAJ31,TRAC,True,True,CAVSEGSNNRIFF,TGTGCAGTGAGCGAGGGAAGCAATAACAGAATCTTCTTT,17660,9,clonotype140,clonotype140_consensus_2
CTTAACTGTGTGCGTC-1,True,CTTAACTGTGTGCGTC-1_contig_3,True,314,TRA,TRAV9D-4,None,TRAJ37,TRAC,True,False,None,None,3098,1,clonotype140,None
CTTAACTGTGTGCGTC-1,True,CTTAACTGTGTGCGTC-1_contig_4,True,391,TRB,None,None,TRBJ2-7,None,False,False,None,None,1886,1,clonotype140,None
CTTACCGAGACTGTAA-1,True,CTTACCGAGACTGTAA-1_contig_1,True,549,TRB,TRBV16,None,TRBJ2-7,None,True,True,CASSFGGGADEQYF,TGTGCAAGCAGCTTTGGTGGGGGGGCGGATGAACAGTACTTC,6226,5,clonotype20,clonotype20_consensus_2
CTTACCGAGACTGTAA-1,True,CTTACCGAGACTGTAA-1_contig_2,True,551,TRA,TRAV13D-2,None,TRAJ11,TRAC,True,True,CAIDLDSGYNKLTF,TGTGCTATAGATCTTGACTCGGGATACAACAAACTCACTTTT,9306,5,clonotype20,clonotype20_consensus_1
CTTACCGAGACTGTAA-1,True,CTTACCGAGACTGTAA-1_contig_3,True,514,TRB,TRBV13-1,None,TRBJ1-2,TRBC1,True,False,None,None,2156,1,clonotype20,None
CTTACCGAGACTTTCG-1,True,CTTACCGAGACTTTCG-1_contig_1,True,594,TRA,TRAV6-6,None,TRAJ24,TRAC,True,True,CAPLTTASLGKLQF,TGTGCTCCGTTGACAACTGCCAGTTTGGGGAAACTGCAGTTT,2790,2,clonotype3,clonotype3_consensus_2
CTTACCGAGACTTTCG-1,True,CTTACCGAGACTTTCG-1_contig_2,True,505,TRB,TRBV13-1,None,TRBJ2-4,None,True,True,CASSEGTNTLYF,TGTGCCAGCAGTGAAGGAACAAACACCTTGTACTTT,9214,9,clonotype3,clonotype3_consensus_1
CTTACCGAGACTTTCG-1,True,CTTACCGAGACTTTCG-1_contig_3,True,752,TRA,TRAV9D-2,None,TRAJ26,TRAC,True,True,CVLSRGNNYAQGLTF,TGTGTTCTGAGCAGGGGCAATAACTATGCCCAGGGATTAACCTTC,3764,4,clonotype3,clonotype3_consensus_3
CTTACCGGTCGAAAGC-1,True,CTTACCGGTCGAAAGC-1_contig_1,True,556,TRA,TRAV19,None,TRAJ39,TRAC,True,True,CAAGGNNAGAKLTF,TGCGCAGCAGGTGGGAATAATGCAGGTGCCAAGCTCACATTC,8802,8,clonotype1,clonotype1_consensus_2
CTTACCGGTCGAAAGC-1,True,CTTACCGGTCGAAAGC-1_contig_2,True,575,TRB,TRBV12-2+TRBV13-2,None,TRBJ1-2,TRBC1,True,True,CASGGGTGNSDYTF,TGTGCCAGCGGTGGGGGGACAGGGAACTCCGACTACACCTTC,11378,9,clonotype1,clonotype1_consensus_1
CTTACCGGTCGAAAGC-1,True,CTTACCGGTCGAAAGC-1_contig_3,True,461,TRB,None,None,TRBJ2-7,None,False,False,None,None,440,2,clonotype1,None
CTTACCGGTCGAAAGC-1,True,CTTACCGGTCGAAAGC-1_contig_4,True,332,TRB,None,None,TRBJ2-1,None,False,False,None,None,3058,2,clonotype1,None
CTTACCGGTCTCCACT-1,True,CTTACCGGTCTCCACT-1_contig_1,True,561,TRA,TRAV4-3,None,TRAJ42,TRAC,True,True,CAADNSGGSNAKLTF,TGTGCTGCTGATAATTCTGGAGGAAGCAATGCAAAGCTAACCTTC,6300,3,clonotype373,clonotype373_consensus_1
CTTACCGGTCTCCACT-1,True,CTTACCGGTCTCCACT-1_contig_2,True,566,TRA,TRAV12-2,None,TRAJ34,TRAC,True,True,CALSGNTNKVVF,TGTGCTTTGAGTGGCAATACCAACAAAGTCGTCTTT,7778,6,clonotype373,clonotype373_consensus_2
CTTACCGGTCTCCACT-1,True,CTTACCGGTCTCCACT-1_contig_3,True,608,TRB,TRBV13-1,None,TRBJ2-1,None,True,False,CASGGAYAEQFF,TGTGCCAGCGGGGGGGCGTATGCTGAGCAGTTCTTC,1110,1,clonotype373,None
CTTACCGTCCAGTATG-1,True,CTTACCGTCCAGTATG-1_contig_1,True,549,TRB,TRBV16,None,TRBJ2-5,None,True,True,CASSWGGGQDTQYF,TGTGCAAGCAGCTGGGGGGGCGGGCAAGACACCCAGTACTTT,9662,10,clonotype46,clonotype46_consensus_1
CTTACCGTCGAATCCA-1,True,CTTACCGTCGAATCCA-1_contig_1,True,558,TRA,TRAV6-7-DV9,None,TRAJ47,TRAC,True,True,CALSDLDYANKMIF,TGTGCTCTGAGTGATCTGGACTATGCAAACAAGATGATCTTT,7740,3,clonotype188,clonotype188_consensus_1
CTTACCGTCGAATCCA-1,True,CTTACCGTCGAATCCA-1_contig_2,True,512,TRB,TRBV13-1,None,TRBJ2-4,None,True,True,CASSTGWNTLYF,TGTGCCAGCAGTACAGGGTGGAACACCTTGTACTTT,6366,5,clonotype188,clonotype188_consensus_2
CTTACCGTCGAATCCA-1,True,CTTACCGTCGAATCCA-1_contig_3,True,361,TRB,TRBV15,None,TRBJ1-3,TRBC1,True,False,CQQFTAGGNSGNTLYF,TGCCAGCAGTTTACGGCAGGGGGGAATTCTGGAAATACGCTCTATTTT,3498,1,clonotype188,None
CTTAGGAAGAATGTTG-1,True,CTTAGGAAGAATGTTG-1_contig_1,True,516,TRA,TRAV6-6,None,TRAJ24,TRAC,True,True,CAPLTTASLGKLQF,TGTGCTCCGTTGACAACTGCCAGTTTGGGGAAACTGCAGTTT,2112,2,clonotype2,clonotype2_consensus_2
CTTAGGAAGAATGTTG-1,True,CTTAGGAAGAATGTTG-1_contig_2,True,512,TRB,TRBV13-1,None,TRBJ2-4,None,True,True,CASSEGTNTLYF,TGTGCCAGCAGTGAAGGAACAAACACCTTGTACTTT,5458,4,clonotype2,clonotype2_consensus_1
CTTAGGAAGAATGTTG-1,True,CTTAGGAAGAATGTTG-1_contig_3,True,376,TRA,TRAV9D-2,None,TRAJ26,TRAC,True,False,CVLSRGNNYAQGLTF,TGTGTTCTGAGCAGGGGCAATAACTATGCCCAGGGATTAACCTTC,2766,1,clonotype2,None
CTTAGGAAGAGACGAA-1,True,CTTAGGAAGAGACGAA-1_contig_1,True,685,TRA,TRAV14N-3,None,TRAJ6,TRAC,True,True,CAARTSGGNYKPTF,TGTGCAGCAAGAACCTCAGGAGGAAACTACAAACCTACGTTT,10662,8,clonotype4,clonotype4_consensus_2
CTTAGGAAGAGACGAA-1,True,CTTAGGAAGAGACGAA-1_contig_2,True,549,TRA,TRAV8N-2,None,TRAJ13,TRAC,True,True,CATEDSGTYQRF,TGTGCTACTGAGGATTCTGGGACTTACCAGAGGTTT,11330,6,clonotype4,clonotype4_consensus_1
CTTAGGAAGAGACGAA-1,True,CTTAGGAAGAGACGAA-1_contig_3,True,565,TRB,TRBV12-2+TRBV13-2,None,TRBJ2-7,None,True,True,CASGTGGDYEQYF,TGTGCCAGCGGGACTGGGGGGGACTATGAACAGTACTTC,17570,18,clonotype4,clonotype4_consensus_3
CTTAGGAAGCGATATA-1,True,CTTAGGAAGCGATATA-1_contig_1,True,539,TRA,TRAV8-1,None,TRAJ30,TRAC,True,True,CATDTNAYKVIF,TGTGCTACTGACACAAATGCTTACAAAGTCATCTTT,2338,2,clonotype45,clonotype45_consensus_1
CTTAGGAAGCGATATA-1,True,CTTAGGAAGCGATATA-1_contig_2,True,637,TRB,TRBV12-2+TRBV13-2,None,TRBJ1-5,TRBC1,True,True,CASGTGDNQAPLF,TGTGCCAGCGGGACAGGAGACAACCAGGCTCCGCTTTTT,3764,2,clonotype45,clonotype45_consensus_2
CTTAGGAAGGAGCGTT-1,True,CTTAGGAAGGAGCGTT-1_contig_1,True,562,TRB,TRBV12-2+TRBV13-2,None,TRBJ1-4,TRBC1,True,True,CASGDAPERLFF,TGTGCCAGCGGTGATGCTCCCGAAAGATTATTTTTC,30068,28,clonotype41,clonotype41_consensus_1
CTTAGGAAGGAGCGTT-1,True,CTTAGGAAGGAGCGTT-1_contig_2,True,356,TRB,None,None,TRBJ2-1,None,False,False,None,None,7236,6,clonotype41,None
CTTAGGAAGGAGCGTT-1,True,CTTAGGAAGGAGCGTT-1_contig_3,True,377,TRB,None,None,TRBJ2-7,None,False,False,None,None,3348,3,clonotype41,None
CTTAGGAAGGAGCGTT-1,True,CTTAGGAAGGAGCGTT-1_contig_4,True,548,Multi,TRDV1,None,TRAJ43,TRAC,True,False,CGGLNNAPRF,TGTGGAGGCCTCAACAATGCCCCACGATTT,10764,9,clonotype41,None
CTTAGGAAGGTCATCT-1,True,CTTAGGAAGGTCATCT-1_contig_1,True,562,TRA,TRAV14D-1,None,TRAJ27,TRAC,True,True,CAQNPPSNTGKLTF,TGTGCACAAAATCCCCCATCCAATACAGGCAAATTAACCTTT,10012,7,clonotype53,clonotype53_consensus_2
CTTAGGAAGGTCATCT-1,True,CTTAGGAAGGTCATCT-1_contig_2,True,556,TRB,TRBV13-3,None,TRBJ1-3,TRBC1,True,True,CASSEHPLSGNTLYF,TGTGCCAGCAGTGAGCACCCCCTTTCTGGAAATACGCTCTATTTT,14020,9,clonotype53,clonotype53_consensus_1
CTTAGGAAGGTCATCT-1,True,CTTAGGAAGGTCATCT-1_contig_3,True,716,TRB,None,None,TRBJ2-5,None,False,False,None,None,1866,3,clonotype53,None
CTTAGGAAGGTCATCT-1,True,CTTAGGAAGGTCATCT-1_contig_4,True,377,TRB,None,None,TRBJ2-3,None,False,False,None,None,1828,1,clonotype53,None
CTTAGGAAGGTCATCT-1,True,CTTAGGAAGGTCATCT-1_contig_5,True,512,TRA,TRAV6-6,None,TRAJ26,TRAC,True,False,None,None,2396,3,clonotype53,None
CTTAGGAGTCCAGTGC-1,True,CTTAGGAGTCCAGTGC-1_contig_1,True,507,TRB,TRBV5,None,TRBJ2-2,None,True,True,CASSTGQLYF,TGTGCCAGCAGCACCGGGCAGCTCTACTTT,7454,5,clonotype152,clonotype152_consensus_1
CTTAGGAGTCCAGTGC-1,True,CTTAGGAGTCCAGTGC-1_contig_2,True,721,TRA,TRAV9N-4,None,TRAJ22,TRAC,True,True,CALPSSGSWQLIF,TGTGCTCTCCCATCTTCTGGCAGCTGGCAACTCATCTTT,9840,7,clonotype152,clonotype152_consensus_2
CTTAGGATCGTAGGAG-1,True,CTTAGGATCGTAGGAG-1_contig_1,True,546,TRA,TRAV7D-2,None,TRAJ31,TRAC,True,True,CAASIEDSNNRIFF,TGTGCAGCAAGCATAGAGGATAGCAATAACAGAATCTTCTTT,2392,1,clonotype374,clonotype374_consensus_1
CTTAGGATCGTAGGAG-1,True,CTTAGGATCGTAGGAG-1_contig_2,True,509,TRB,TRBV13-1,None,TRBJ2-2,None,True,True,CASSDPGQLYF,TGTGCCAGCAGTGACCCCGGGCAGCTCTACTTT,4120,4,clonotype374,clonotype374_consensus_2
CTTAGGATCGTAGGAG-1,True,CTTAGGATCGTAGGAG-1_contig_3,True,575,TRA,TRAV12-2,None,TRAJ37,TRAC,True,True,CALSPQTGNTGKLIF,TGTGCTTTGAGCCCCCAAACAGGCAATACCGGAAAACTCATCTTT,1038,1,clonotype374,clonotype374_consensus_3
CTTAGGATCGTAGGAG-1,True,CTTAGGATCGTAGGAG-1_contig_4,True,475,TRB,TRBV16,None,TRBJ2-7,None,True,False,CASSFGGGADEQYF,TGTGCAAGCAGCTTTGGTGGGGGGGCGGATGAACAGTACTTC,2064,2,clonotype374,None
CTTCTCTAGAGTCTGG-1,True,CTTCTCTAGAGTCTGG-1_contig_1,True,563,TRA,TRAV19,None,TRAJ39,TRAC,True,True,CAAGGNNAGAKLTF,TGCGCAGCAGGTGGGAATAATGCAGGTGCCAAGCTCACATTC,6000,4,clonotype1,clonotype1_consensus_2
CTTCTCTAGAGTCTGG-1,True,CTTCTCTAGAGTCTGG-1_contig_2,True,571,TRB,TRBV12-2+TRBV13-2,None,TRBJ1-2,TRBC1,True,True,CASGGGTGNSDYTF,TGTGCCAGCGGTGGGGGGACAGGGAACTCCGACTACACCTTC,15610,15,clonotype1,clonotype1_consensus_1
CTTCTCTAGCCCAGCT-1,True,CTTCTCTAGCCCAGCT-1_contig_1,True,525,TRB,TRBV17,None,TRBJ2-5,None,True,True,CASSRKGAQDTQYF,TGTGCTAGCAGTAGGAAGGGGGCGCAAGACACCCAGTACTTT,4348,2,clonotype134,clonotype134_consensus_1
CTTCTCTAGCCCAGCT-1,True,CTTCTCTAGCCCAGCT-1_contig_2,True,557,TRB,TRBV20,None,TRBJ1-6,TRBC1,True,True,CADRSYNSPLYF,TGTGCCGACAGGTCCTATAATTCGCCCCTCTACTTT,4036,2,clonotype134,clonotype134_consensus_2
CTTCTCTAGCCCAGCT-1,True,CTTCTCTAGCCCAGCT-1_contig_3,True,475,TRB,None,None,TRBJ2-7,None,False,False,None,None,3698,4,clonotype134,None
CTTCTCTAGGTGATTA-1,True,CTTCTCTAGGTGATTA-1_contig_1,True,539,TRA,TRAV8-1,None,TRAJ30,TRAC,True,True,CATDTNAYKVIF,TGTGCTACTGACACAAATGCTTACAAAGTCATCTTT,1106,2,clonotype13,clonotype13_consensus_1
CTTCTCTAGGTGATTA-1,True,CTTCTCTAGGTGATTA-1_contig_2,True,635,TRB,TRBV12-2+TRBV13-2,None,TRBJ1-5,TRBC1,True,True,CASGTGDNQAPLF,TGTGCCAGCGGGACAGGGGACAACCAGGCTCCGCTTTTT,4032,3,clonotype13,clonotype13_consensus_2
CTTCTCTGTCACACGC-1,True,CTTCTCTGTCACACGC-1_contig_1,True,515,TRB,TRBV13-1,None,TRBJ2-2,None,True,True,CATSTGDTGQLYF,TGTGCCACCTCGACAGGGGACACCGGGCAGCTCTACTTT,3516,3,clonotype375,clonotype375_consensus_1
CTTCTCTGTGTTGAGG-1,True,CTTCTCTGTGTTGAGG-1_contig_1,True,527,TRA,TRAV6-7-DV9,None,TRAJ27,TRAC,True,True,CALRDNTNTGKLTF,TGTGCTCTGAGGGATAACACCAATACAGGCAAATTAACCTTT,2840,2,clonotype376,clonotype376_consensus_2
CTTCTCTGTGTTGAGG-1,True,CTTCTCTGTGTTGAGG-1_contig_2,True,992,TRB,TRBV12-2,None,TRBJ2-7,None,True,True,CASSLRDIYEQYF,TGTGCCAGCTCTCTCAGGGACATCTATGAACAGTACTTC,4890,4,clonotype376,clonotype376_consensus_1
CTTCTCTTCGGTCCGA-1,True,CTTCTCTTCGGTCCGA-1_contig_1,True,509,TRB,TRBV13-1,None,TRBJ1-1,TRBC1,True,True,CASSDPAEVFF,TGTGCCAGCAGTGATCCAGCGGAAGTCTTCTTT,5022,3,clonotype101,clonotype101_consensus_1
CTTCTCTTCGGTCCGA-1,True,CTTCTCTTCGGTCCGA-1_contig_2,True,512,TRA,TRAV16D-DV11,None,TRAJ22,TRAC,True,True,CAMREALSSGSWQLIF,TGTGCTATGAGAGAGGCCCTATCTTCTGGCAGCTGGCAACTCATCTTT,2574,1,clonotype101,clonotype101_consensus_2
CTTCTCTTCGGTGTCG-1,True,CTTCTCTTCGGTGTCG-1_contig_1,True,562,TRA,TRAV14D-1,None,TRAJ27,TRAC,True,True,CAQNPPSNTGKLTF,TGTGCACAAAATCCCCCATCCAATACAGGCAAATTAACCTTT,11286,7,clonotype53,clonotype53_consensus_2
CTTCTCTTCGGTGTCG-1,True,CTTCTCTTCGGTGTCG-1_contig_2,True,603,TRB,TRBV13-3,None,TRBJ1-3,TRBC1,True,True,CASSEHPLSGNTLYF,TGTGCCAGCAGTGAGCACCCCCTTTCTGGAAATACGCTCTATTTT,3176,6,clonotype53,clonotype53_consensus_1
CTTCTCTTCTATCCTA-1,True,CTTCTCTTCTATCCTA-1_contig_1,True,541,TRA,TRAV8D-1,None,TRAJ30,TRAC,True,True,CALDTNAYKVIF,TGTGCCCTCGACACAAATGCTTACAAAGTCATCTTT,6480,5,clonotype48,clonotype48_consensus_2
CTTCTCTTCTATCCTA-1,True,CTTCTCTTCTATCCTA-1_contig_2,True,565,TRB,TRBV12-2+TRBV13-2,None,TRBJ2-1,None,True,True,CASGTGDYAEQFF,TGTGCCAGCGGGACTGGGGACTATGCTGAGCAGTTCTTC,1974,2,clonotype48,clonotype48_consensus_1
CTTCTCTTCTATCCTA-1,True,CTTCTCTTCTATCCTA-1_contig_3,True,538,TRA,TRAV6-6,None,TRAJ40,TRAC,True,False,CTTVLWVNTGNYKYVF,TGTACTACTGTGCTCTGGGTTAATACAGGAAACTACAAATACGTCTTT,2176,1,clonotype48,None
CTTCTCTTCTATCCTA-1,True,CTTCTCTTCTATCCTA-1_contig_4,True,388,TRB,None,None,TRBJ2-7,None,False,False,None,None,2450,1,clonotype48,None
CTTGGCTAGAGAGCTC-1,True,CTTGGCTAGAGAGCTC-1_contig_1,True,549,TRB,TRBV16,None,TRBJ2-5,None,True,True,CASSLGGGQDTQYF,TGTGCAAGCAGCTTAGGGGGGGGGCAAGACACCCAGTACTTT,1668,2,clonotype11,clonotype11_consensus_2
CTTGGCTAGAGAGCTC-1,True,CTTGGCTAGAGAGCTC-1_contig_2,True,496,TRA,TRAV4D-3,None,TRAJ27,None,True,True,CAADGPNTGKLTF,TGTGCTGCTGACGGGCCCAATACAGGCAAATTAACCTTT,1282,1,clonotype11,clonotype11_consensus_1
CTTGGCTAGAGAGCTC-1,True,CTTGGCTAGAGAGCTC-1_contig_3,True,595,TRA,TRAV7-4,None,TRAJ31,TRAC,True,False,None,None,1952,2,clonotype11,None
CTTGGCTAGTACGCCC-1,True,CTTGGCTAGTACGCCC-1_contig_1,True,549,TRB,TRBV16,None,TRBJ2-5,None,True,True,CASSWGGGQDTQYF,TGTGCAAGCAGCTGGGGGGGCGGGCAAGACACCCAGTACTTT,15346,15,clonotype44,clonotype44_consensus_1
CTTGGCTAGTACGCCC-1,True,CTTGGCTAGTACGCCC-1_contig_2,True,546,TRA,TRAV6-6,None,TRAJ39,TRAC,True,True,CALGDWNNAGAKLTF,TGTGCTCTGGGTGATTGGAATAATGCAGGTGCCAAGCTCACATTC,6072,5,clonotype44,clonotype44_consensus_2
CTTGGCTAGTACGCCC-1,True,CTTGGCTAGTACGCCC-1_contig_3,True,520,TRB,TRBV10,None,TRBJ1-6,TRBC1,True,False,CQQLRGGAYNSPLYF,TGCCAGCAGCTAAGAGGGGGAGCCTATAATTCGCCCCTCTACTTT,1956,1,clonotype44,None
CTTGGCTAGTACGCCC-1,True,CTTGGCTAGTACGCCC-1_contig_4,True,355,TRB,None,None,TRBJ2-1,None,False,False,None,None,3638,2,clonotype44,None
CTTGGCTCAGCGTAAG-1,True,CTTGGCTCAGCGTAAG-1_contig_1,True,505,TRB,TRBV13-1,None,TRBJ2-3,None,True,True,CASGDSAETLYF,TGTGCCAGCGGGGACAGTGCAGAAACGCTGTATTTT,7156,7,clonotype24,clonotype24_consensus_1
CTTGGCTCAGTGACAG-1,True,CTTGGCTCAGTGACAG-1_contig_1,True,641,TRA,TRAV14N-3,None,TRAJ6,TRAC,True,True,CAARTSGGNYKPTF,TGTGCAGCAAGAACCTCAGGAGGAAACTACAAACCTACGTTT,3614,3,clonotype4,clonotype4_consensus_2
CTTGGCTCAGTGACAG-1,True,CTTGGCTCAGTGACAG-1_contig_2,True,549,TRA,TRAV8N-2,None,TRAJ13,TRAC,True,True,CATEDSGTYQRF,TGTGCTACTGAGGATTCTGGGACTTACCAGAGGTTT,3950,4,clonotype4,clonotype4_consensus_1
CTTGGCTCAGTGACAG-1,True,CTTGGCTCAGTGACAG-1_contig_3,True,565,TRB,TRBV12-2+TRBV13-2,None,TRBJ2-7,None,True,True,CASGTGGDYEQYF,TGTGCCAGCGGGACTGGGGGGGACTATGAACAGTACTTC,5244,7,clonotype4,clonotype4_consensus_3
CTTGGCTGTAGCCTCG-1,True,CTTGGCTGTAGCCTCG-1_contig_1,True,525,TRA,TRAV14N-3,None,TRAJ6,TRAC,True,True,CAARTSGGNYKPTF,TGTGCAGCAAGAACCTCAGGAGGAAACTACAAACCTACGTTT,4732,3,clonotype78,clonotype78_consensus_2
CTTGGCTGTAGCCTCG-1,True,CTTGGCTGTAGCCTCG-1_contig_2,True,549,TRA,TRAV8N-2,None,TRAJ13,TRAC,True,True,CATEDSGTYQRF,TGTGCTACTGAGGATTCTGGGACTTACCAGAGGTTT,6922,4,clonotype78,clonotype78_consensus_1
CTTGGCTGTCCAGTGC-1,True,CTTGGCTGTCCAGTGC-1_contig_1,True,541,TRA,TRAV8D-1,None,TRAJ30,TRAC,True,True,CATDTNAYKVIF,TGTGCTACTGACACAAATGCTTACAAAGTCATCTTT,7746,6,clonotype13,clonotype13_consensus_1
CTTGGCTGTCCAGTGC-1,True,CTTGGCTGTCCAGTGC-1_contig_2,True,598,TRB,TRBV12-2+TRBV13-2,None,TRBJ1-5,TRBC1,True,True,CASGTGDNQAPLF,TGTGCCAGCGGGACAGGGGACAACCAGGCTCCGCTTTTT,20442,19,clonotype13,clonotype13_consensus_2
CTTGGCTGTCCAGTGC-1,True,CTTGGCTGTCCAGTGC-1_contig_3,True,654,TRA,TRAV14N-3,None,TRAJ35,TRAC,True,False,None,None,5618,3,clonotype13,None
CTTGGCTGTCCAGTGC-1,True,CTTGGCTGTCCAGTGC-1_contig_4,True,335,TRB,None,None,TRBJ2-1,None,False,False,None,None,5738,5,clonotype13,None
CTTGGCTGTCCAGTGC-1,True,CTTGGCTGTCCAGTGC-1_contig_5,True,402,TRB,None,None,TRBJ2-1,None,False,False,None,None,2362,1,clonotype13,None
CTTGGCTGTGTTAAGA-1,True,CTTGGCTGTGTTAAGA-1_contig_1,True,549,TRB,TRBV16,None,TRBJ2-5,None,True,True,CASSLGGGQDTQYF,TGTGCAAGCAGCTTAGGGGGGGGCCAAGACACCCAGTACTTT,7836,10,clonotype8,clonotype8_consensus_1
CTTGGCTGTGTTAAGA-1,True,CTTGGCTGTGTTAAGA-1_contig_2,True,565,TRA,TRAV4D-3,None,TRAJ27,TRAC,True,True,CAADGPNTGKLTF,TGTGCTGCGGACGGACCCAATACAGGCAAATTAACCTTT,19352,14,clonotype8,clonotype8_consensus_2
CTTGGCTGTGTTAAGA-1,True,CTTGGCTGTGTTAAGA-1_contig_3,True,525,TRA,TRAV7N-6,None,TRAJ30,TRAC,True,True,CAVVDTNAYKVIF,TGTGCAGTGGTTGACACAAATGCTTACAAAGTCATCTTT,9280,6,clonotype8,clonotype8_consensus_3
CTTGGCTGTTCGTGAT-1,True,CTTGGCTGTTCGTGAT-1_contig_1,True,558,TRA,TRAV19,None,TRAJ39,TRAC,True,True,CAAGGNNAGAKLTF,TGCGCAGCAGGTGGGAATAATGCAGGTGCCAAGCTCACATTC,6256,3,clonotype1,clonotype1_consensus_2
CTTGGCTGTTCGTGAT-1,True,CTTGGCTGTTCGTGAT-1_contig_2,True,594,TRB,TRBV12-2+TRBV13-2,None,TRBJ1-2,TRBC1,True,True,CASGGGTGNSDYTF,TGTGCCAGCGGTGGGGGGACAGGGAACTCCGACTACACCTTC,11156,12,clonotype1,clonotype1_consensus_1
CTTGGCTGTTCGTGAT-1,True,CTTGGCTGTTCGTGAT-1_contig_3,True,333,TRB,None,None,TRBJ2-1,None,False,False,None,None,730,2,clonotype1,None
CTTGGCTGTTCGTGAT-1,True,CTTGGCTGTTCGTGAT-1_contig_4,True,635,TRB,None,None,TRBJ2-7,None,False,False,None,None,786,1,clonotype1,None
CTTGGCTTCGATAGAA-1,True,CTTGGCTTCGATAGAA-1_contig_1,True,522,TRA,TRAV8-1,None,TRAJ30,TRAC,True,True,CATDARAYKVIF,TGTGCTACTGATGCACGGGCTTACAAAGTCATCTTT,7788,6,clonotype377,clonotype377_consensus_1
CTTGGCTTCGATAGAA-1,True,CTTGGCTTCGATAGAA-1_contig_2,True,566,TRB,TRBV12-2+TRBV13-2,None,TRBJ1-5,TRBC1,True,True,CASGTGDNQAPLF,TGTGCCAGCGGGACAGGGGACAACCAGGCTCCGCTTTTT,7862,6,clonotype377,clonotype377_consensus_2
CTTGGCTTCGATAGAA-1,True,CTTGGCTTCGATAGAA-1_contig_3,True,553,TRA,TRAV5-1,None,TRAJ18,TRAC,True,False,None,None,4094,2,clonotype377,None
CTTTGCGAGGCGACAT-1,True,CTTTGCGAGGCGACAT-1_contig_1,True,505,TRB,TRBV13-1,None,TRBJ2-4,None,True,True,CASSEGTNTLYF,TGTGCCAGCAGTGAAGGAACAAACACCTTGTACTTT,20530,16,clonotype9,clonotype9_consensus_1
CTTTGCGAGGCGACAT-1,True,CTTTGCGAGGCGACAT-1_contig_2,True,605,TRA,TRAV9D-2,None,TRAJ26,TRAC,True,True,CVLSRGNNYAQGLTF,TGTGTTCTGAGCAGGGGCAATAACTATGCCCAGGGATTAACCTTC,3104,2,clonotype9,clonotype9_consensus_2
CTTTGCGCACATGGGA-1,True,CTTTGCGCACATGGGA-1_contig_1,True,558,TRA,TRAV8-1,None,TRAJ30,TRAC,True,True,CATDTNAYKVIF,TGTGCTACCGACACAAATGCTTACAAAGTCATCTTT,2492,2,clonotype38,clonotype38_consensus_1
CTTTGCGCACATGGGA-1,True,CTTTGCGCACATGGGA-1_contig_2,True,564,TRB,TRBV12-2+TRBV13-2,None,TRBJ1-5,TRBC1,True,True,CASGTGDNQAPLF,TGTGCCAGCGGTACAGGAGACAACCAGGCTCCGCTTTTT,2302,3,clonotype38,clonotype38_consensus_2
CTTTGCGCACATGGGA-1,True,CTTTGCGCACATGGGA-1_contig_3,True,501,TRB,None,None,TRBJ1-4,TRBC1,False,False,None,None,2678,2,clonotype38,None
CTTTGCGGTAAGGATT-1,True,CTTTGCGGTAAGGATT-1_contig_1,True,558,TRA,TRAV19,None,TRAJ39,TRAC,True,True,CAAGGNNAGAKLTF,TGCGCAGCAGGTGGGAATAATGCAGGTGCCAAGCTCACATTC,3784,4,clonotype1,clonotype1_consensus_2
CTTTGCGGTAAGGATT-1,True,CTTTGCGGTAAGGATT-1_contig_2,True,560,TRB,TRBV12-2+TRBV13-2,None,TRBJ1-2,TRBC1,True,True,CASGGGTGNSDYTF,TGTGCCAGCGGTGGGGGGACAGGGAACTCCGACTACACCTTC,1880,2,clonotype1,clonotype1_consensus_1
CTTTGCGGTCGAACAG-1,True,CTTTGCGGTCGAACAG-1_contig_1,True,555,TRA,TRAV3-3,None,TRAJ49,TRAC,True,True,CAVSGSTGYQNFYF,TGCGCAGTCAGTGGGAGCACGGGTTACCAGAACTTCTATTTT,11584,8,clonotype5,clonotype5_consensus_1
CTTTGCGGTCGAACAG-1,True,CTTTGCGGTCGAACAG-1_contig_2,True,562,TRB,TRBV12-2+TRBV13-2,None,TRBJ2-7,None,True,True,CASGVQGWEQYF,TGTGCCAGCGGTGTACAGGGGTGGGAACAGTACTTC,28128,26,clonotype5,clonotype5_consensus_2
CTTTGCGGTCGAACAG-1,True,CTTTGCGGTCGAACAG-1_contig_3,True,526,TRA,TRAV6D-5,None,TRAJ38,TRAC,True,False,CTTVFWDNVGDNSKLIW,TGTACTACTGTGTTCTGGGATAATGTTGGTGACAACAGTAAGCTGATTTGG,3770,3,clonotype5,None
CTTTGCGGTCGAACAG-1,True,CTTTGCGGTCGAACAG-1_contig_4,True,893,TRB,None,None,TRBJ1-1,TRBC1,False,False,None,None,2914,2,clonotype5,None
CTTTGCGGTGCTCTTC-1,True,CTTTGCGGTGCTCTTC-1_contig_1,True,516,TRA,TRAV6-6,None,TRAJ24,TRAC,True,True,CAPLTTASLGKLQF,TGTGCTCCGTTGACAACTGCCAGTTTGGGGAAACTGCAGTTT,6584,4,clonotype3,clonotype3_consensus_2
CTTTGCGGTGCTCTTC-1,True,CTTTGCGGTGCTCTTC-1_contig_2,True,512,TRB,TRBV13-1,None,TRBJ2-4,None,True,True,CASSEGTNTLYF,TGTGCCAGCAGTGAAGGAACAAACACCTTGTACTTT,33056,28,clonotype3,clonotype3_consensus_1
CTTTGCGGTGCTCTTC-1,True,CTTTGCGGTGCTCTTC-1_contig_3,True,701,TRA,TRAV9D-2,None,TRAJ26,TRAC,True,True,CVLSRGNNYAQGLTF,TGTGTTCTGAGCAGGGGCAATAACTATGCCCAGGGATTAACCTTC,10666,7,clonotype3,clonotype3_consensus_3
CTTTGCGGTGCTCTTC-1,True,CTTTGCGGTGCTCTTC-1_contig_4,True,349,TRA,None,None,TRAJ2,TRAC,False,False,None,None,854,1,clonotype3,None
GAAACTCCATTCGACA-1,True,GAAACTCCATTCGACA-1_contig_1,True,536,TRA,TRAV6-6,None,TRAJ24,TRAC,True,True,CAPLTTASLGKLQF,TGTGCTCCGTTGACAACTGCCAGTTTGGGGAAACTGCAGTTT,13712,7,clonotype3,clonotype3_consensus_2
GAAACTCCATTCGACA-1,True,GAAACTCCATTCGACA-1_contig_2,True,505,TRB,TRBV13-1,None,TRBJ2-4,None,True,True,CASSEGTNTLYF,TGTGCCAGCAGTGAAGGAACAAACACCTTGTACTTT,19644,17,clonotype3,clonotype3_consensus_1
GAAACTCCATTCGACA-1,True,GAAACTCCATTCGACA-1_contig_3,True,705,TRA,TRAV9D-2,None,TRAJ26,TRAC,True,True,CVLSRGNNYAQGLTF,TGTGTTCTGAGCAGGGGCAATAACTATGCCCAGGGATTAACCTTC,6862,5,clonotype3,clonotype3_consensus_3
GAAACTCCATTCGACA-1,True,GAAACTCCATTCGACA-1_contig_4,True,516,TRB,TRBV13-1,None,TRBJ2-5,None,True,False,CASGDW,TGTGCCAGCGGTGACTGG,698,1,clonotype3,None
GAAACTCGTCACAAGG-1,True,GAAACTCGTCACAAGG-1_contig_1,True,549,TRB,TRBV16,None,TRBJ2-5,None,True,True,CASSFGGAPDTQYF,TGTGCAAGCAGCTTTGGGGGGGCGCCAGACACCCAGTACTTT,32392,34,clonotype17,clonotype17_consensus_2
GAAACTCGTCACAAGG-1,True,GAAACTCGTCACAAGG-1_contig_2,True,569,TRA,TRAV14-2,None,TRAJ49,TRAC,True,True,CAAQGYQNFYF,TGTGCAGCACAGGGTTACCAGAACTTCTATTTT,27094,21,clonotype17,clonotype17_consensus_3
GAAACTCGTCACAAGG-1,True,GAAACTCGTCACAAGG-1_contig_3,True,559,TRA,TRAV4D-4,None,TRAJ45,TRAC,True,True,CAAYTEGADRLTF,TGTGCTGCCTATACAGAAGGTGCAGATAGACTCACCTTT,14104,11,clonotype17,clonotype17_consensus_1
GAAACTCGTCCGCTGA-1,True,GAAACTCGTCCGCTGA-1_contig_1,True,559,TRA,TRAV10D,None,TRAJ58,TRAC,True,True,CAASSGLQGTGSKLSF,TGTGCAGCAAGCAGCGGGCTACAAGGCACTGGGTCTAAGCTGTCATTT,10698,9,clonotype378,clonotype378_consensus_1
GAAACTCGTCCGCTGA-1,True,GAAACTCGTCCGCTGA-1_contig_2,True,605,TRB,TRBV3,None,TRBJ2-4,None,True,True,CASSFDWGSQNTLYF,TGTGCCAGCAGCTTCGACTGGGGGAGTCAAAACACCTTGTACTTT,9336,12,clonotype378,clonotype378_consensus_2
GAAACTCGTCGATTGT-1,True,GAAACTCGTCGATTGT-1_contig_1,True,549,TRB,TRBV16,None,TRBJ2-5,None,True,True,CASSLGGGRDTQYF,TGTGCAAGCAGCTTAGGGGGGGGGCGAGACACCCAGTACTTT,2674,5,clonotype189,clonotype189_consensus_1
GAAACTCGTCGATTGT-1,True,GAAACTCGTCGATTGT-1_contig_2,True,603,TRA,TRAV12D-2,None,TRAJ22,TRAC,True,True,CALSDLSSGSWQLIF,TGTGCTTTGAGTGATCTCTCTTCTGGCAGCTGGCAACTCATCTTT,13672,8,clonotype189,clonotype189_consensus_2
GAAACTCGTCGATTGT-1,True,GAAACTCGTCGATTGT-1_contig_3,True,803,TRA,TRAV14N-3,None,TRAJ38,TRAC,True,False,CSKLVGDNSKLIW,TGCAGCAAGTTGGTTGGTGACAACAGTAAGCTGATTTGG,3952,4,clonotype189,None
GAAACTCGTCGATTGT-1,True,GAAACTCGTCGATTGT-1_contig_4,True,371,TRB,None,None,TRBJ2-1,None,False,False,None,None,3546,4,clonotype189,None
GAAACTCGTCTAGCGC-1,True,GAAACTCGTCTAGCGC-1_contig_1,True,549,TRB,TRBV16,None,TRBJ2-5,None,True,True,CASSLGGGQDTQYF,TGTGCAAGCAGCTTAGGGGGGGGCCAAGACACCCAGTACTTT,6336,5,clonotype8,clonotype8_consensus_1
GAAACTCGTCTAGCGC-1,True,GAAACTCGTCTAGCGC-1_contig_2,True,560,TRA,TRAV4D-3,None,TRAJ27,TRAC,True,True,CAADGPNTGKLTF,TGTGCTGCGGACGGACCCAATACAGGCAAATTAACCTTT,3122,3,clonotype8,clonotype8_consensus_2
GAAACTCGTCTAGCGC-1,True,GAAACTCGTCTAGCGC-1_contig_3,True,525,TRA,TRAV7N-6,None,TRAJ30,TRAC,True,True,CAVVDTNAYKVIF,TGTGCAGTGGTTGACACAAATGCTTACAAAGTCATCTTT,2224,1,clonotype8,clonotype8_consensus_3
GAAACTCTCACCCGAG-1,True,GAAACTCTCACCCGAG-1_contig_1,True,512,TRB,TRBV13-1,None,TRBJ2-4,None,True,True,CASSEGTNTLYF,TGTGCCAGCAGTGAAGGAACAAACACCTTGTACTTT,10308,8,clonotype9,clonotype9_consensus_1
GAAACTCTCACCCGAG-1,True,GAAACTCTCACCCGAG-1_contig_2,True,707,TRA,TRAV9D-2,None,TRAJ26,TRAC,True,True,CVLSRGNNYAQGLTF,TGTGTTCTGAGCAGGGGCAATAACTATGCCCAGGGATTAACCTTC,5802,4,clonotype9,clonotype9_consensus_2
GAAATGAGTCCAGTAT-1,True,GAAATGAGTCCAGTAT-1_contig_1,True,538,TRA,TRAV19,None,TRAJ39,TRAC,True,True,CAAGGNNAGAKLTF,TGCGCAGCAGGTGGGAATAATGCAGGTGCCAAGCTCACATTC,1328,1,clonotype1,clonotype1_consensus_2
GAAATGAGTCCAGTAT-1,True,GAAATGAGTCCAGTAT-1_contig_2,True,568,TRB,TRBV12-2+TRBV13-2,None,TRBJ1-2,TRBC1,True,True,CASGGGTGNSDYTF,TGTGCCAGCGGTGGGGGGACAGGGAACTCCGACTACACCTTC,5186,5,clonotype1,clonotype1_consensus_1
GAAATGAGTCGGCATC-1,True,GAAATGAGTCGGCATC-1_contig_1,True,573,TRA,TRAV19,None,TRAJ39,TRAC,True,True,CAAGGNNAGAKLTF,TGCGCAGCAGGTGGGAATAATGCAGGTGCCAAGCTCACATTC,14368,8,clonotype1,clonotype1_consensus_2
GAAATGAGTCGGCATC-1,True,GAAATGAGTCGGCATC-1_contig_2,True,600,TRB,TRBV12-2+TRBV13-2,None,TRBJ1-2,TRBC1,True,True,CASGGGTGNSDYTF,TGTGCCAGCGGTGGGGGGACAGGGAACTCCGACTACACCTTC,31286,27,clonotype1,clonotype1_consensus_1
GAAATGAGTCGGCATC-1,True,GAAATGAGTCGGCATC-1_contig_3,True,322,TRA,None,None,TRAJ42,TRAC,False,False,None,None,2632,1,clonotype1,None
GAAATGAGTCGGCATC-1,True,GAAATGAGTCGGCATC-1_contig_4,True,630,TRB,None,None,TRBJ2-7,None,False,False,None,None,8874,6,clonotype1,None
GAAATGAGTCGGCATC-1,True,GAAATGAGTCGGCATC-1_contig_5,True,390,TRB,None,None,TRBJ1-3,TRBC1,False,False,None,None,2992,2,clonotype1,None
GAAATGAGTCGGCATC-1,True,GAAATGAGTCGGCATC-1_contig_6,True,507,TRA,TRAV7-5,None,TRAJ45,TRAC,True,False,CSDTEGADRLTF,TGCAGTGATACAGAAGGTGCAGATAGACTCACCTTT,1904,1,clonotype1,None
GAAATGAGTGACTCAT-1,True,GAAATGAGTGACTCAT-1_contig_1,True,549,TRA,TRAV3-3,None,TRAJ31,TRAC,True,True,CAVSAGNNRIFF,TGCGCAGTCAGTGCAGGCAATAACAGAATCTTCTTT,1918,3,clonotype34,clonotype34_consensus_2
GAAATGAGTGACTCAT-1,True,GAAATGAGTGACTCAT-1_contig_2,True,515,TRB,TRBV13-1,None,TRBJ2-3,None,True,True,CASEGQGAETLYF,TGTGCCAGCGAGGGACAGGGTGCAGAAACGCTGTATTTT,3364,5,clonotype34,clonotype34_consensus_1
GAAATGAGTGACTCAT-1,True,GAAATGAGTGACTCAT-1_contig_3,True,343,TRB,None,None,TRBJ1-5,TRBC1,False,False,None,None,950,1,clonotype34,None
GAAATGATCAAACCGT-1,True,GAAATGATCAAACCGT-1_contig_1,True,566,TRA,TRAV3-3,None,TRAJ49,TRAC,True,True,CAVSGATGYQNFYF,TGCGCAGTCAGTGGGGCCACGGGTTACCAGAACTTCTATTTT,9962,11,clonotype10,clonotype10_consensus_3
GAAATGATCAAACCGT-1,True,GAAATGATCAAACCGT-1_contig_2,True,507,TRA,TRAV21-DV12,None,TRAJ42,TRAC,True,True,CILRVHGGSNAKLTF,TGTATCCTGAGAGTCCATGGAGGAAGCAATGCAAAGCTAACCTTC,26216,24,clonotype10,clonotype10_consensus_1
GAAATGATCAAACCGT-1,True,GAAATGATCAAACCGT-1_contig_3,True,557,TRB,TRBV12-2+TRBV13-2,None,TRBJ2-7,None,True,True,CASGVQGEQYF,TGTGCCAGCGGTGTTCAGGGAGAACAGTACTTC,29860,44,clonotype10,clonotype10_consensus_2
GAAATGATCAAACCGT-1,True,GAAATGATCAAACCGT-1_contig_4,True,514,TRA,None,None,TRAJ39,TRAC,False,False,None,None,3204,5,clonotype10,None
GAAATGATCAGCACAT-1,True,GAAATGATCAGCACAT-1_contig_1,True,532,TRA,TRAV3-3,None,TRAJ31,TRAC,True,True,CAVSAGNNRIFF,TGCGCAGTCAGTGCAGGCAATAACAGAATCTTCTTT,694,1,clonotype34,clonotype34_consensus_2
GAAATGATCAGCACAT-1,True,GAAATGATCAGCACAT-1_contig_2,True,510,TRB,TRBV13-1,None,TRBJ2-3,None,True,True,CASEGQGAETLYF,TGTGCCAGCGAGGGACAGGGTGCAGAAACGCTGTATTTT,1708,2,clonotype34,clonotype34_consensus_1
GAACATCCACTGTTAG-1,True,GAACATCCACTGTTAG-1_contig_1,True,597,TRA,TRAV14D-3-DV8,None,TRAJ6,TRAC,True,True,CAARTSGGNYKPTF,TGTGCAGCAAGAACCTCAGGAGGAAACTACAAACCTACGTTT,4026,2,clonotype51,clonotype51_consensus_2
GAACATCCACTGTTAG-1,True,GAACATCCACTGTTAG-1_contig_2,True,545,TRB,TRBV12-2+TRBV13-2,None,TRBJ2-7,None,True,True,CASGAGGDYEQYF,TGTGCCAGCGGTGCTGGGGGGGACTATGAACAGTACTTC,2774,3,clonotype51,clonotype51_consensus_1
GAACCTAAGTGGGCTA-1,True,GAACCTAAGTGGGCTA-1_contig_1,True,555,TRA,TRAV3-3,None,TRAJ49,TRAC,True,True,CAVSGATGYQNFYF,TGCGCAGTCAGTGGGGCCACGGGTTACCAGAACTTCTATTTT,1834,3,clonotype65,clonotype65_consensus_2
GAACCTAAGTGGGCTA-1,True,GAACCTAAGTGGGCTA-1_contig_2,True,595,TRB,TRBV12-2+TRBV13-2,None,TRBJ2-7,None,True,True,CASGVQGEQYF,TGTGCCAGCGGTGTTCAGGGAGAACAGTACTTC,3812,4,clonotype65,clonotype65_consensus_1
GAACCTAAGTGTCCAT-1,True,GAACCTAAGTGTCCAT-1_contig_1,True,566,TRB,TRBV12-2+TRBV13-2,None,TRBJ2-1,None,True,True,CASGDPFQFF,TGTGCCAGCGGTGATCCTTTCCAGTTCTTC,33582,29,clonotype25,clonotype25_consensus_3
GAACCTAAGTGTCCAT-1,True,GAACCTAAGTGTCCAT-1_contig_2,True,507,TRB,TRBV5,None,TRBJ2-2,None,True,True,CASSTGQLYF,TGTGCCAGCAGCACCGGGCAGCTCTACTTT,18032,10,clonotype25,clonotype25_consensus_1
GAACCTAAGTGTCCAT-1,True,GAACCTAAGTGTCCAT-1_contig_3,True,739,TRA,TRAV9N-4,None,TRAJ22,TRAC,True,True,CALPSSGSWQLIF,TGTGCTCTCCCATCTTCTGGCAGCTGGCAACTCATCTTT,11264,8,clonotype25,clonotype25_consensus_2
GAACCTAAGTGTCCAT-1,True,GAACCTAAGTGTCCAT-1_contig_4,True,532,TRA,TRAV10N,None,TRAJ35,TRAC,True,False,CSKHQTGFASALTF,TGCAGCAAGCACCAGACAGGCTTTGCAAGTGCGCTGACATTT,1024,1,clonotype25,None
GAACCTACATTAACCG-1,True,GAACCTACATTAACCG-1_contig_1,True,549,TRB,TRBV16,None,TRBJ2-5,None,True,True,CASSFGGAPDTQYF,TGTGCAAGCAGCTTTGGGGGGGCGCCAGACACCCAGTACTTT,2484,2,clonotype118,clonotype118_consensus_2
GAACCTACATTAACCG-1,True,GAACCTACATTAACCG-1_contig_2,True,560,TRA,TRAV4D-4,None,TRAJ45,TRAC,True,True,CAAYTEGADRLTF,TGTGCTGCCTATACAGAAGGTGCAGATAGACTCACCTTT,7508,3,clonotype118,clonotype118_consensus_1
GAACCTACATTACGAC-1,True,GAACCTACATTACGAC-1_contig_1,True,558,TRA,TRAV19,None,TRAJ39,TRAC,True,True,CAAGGNNAGAKLTF,TGCGCAGCAGGTGGGAATAATGCAGGTGCCAAGCTCACATTC,9378,7,clonotype1,clonotype1_consensus_2
GAACCTACATTACGAC-1,True,GAACCTACATTACGAC-1_contig_2,True,567,TRB,TRBV12-2+TRBV13-2,None,TRBJ1-2,TRBC1,True,True,CASGGGTGNSDYTF,TGTGCCAGCGGTGGGGGGACAGGGAACTCCGACTACACCTTC,7816,9,clonotype1,clonotype1_consensus_1
GAACCTACATTACGAC-1,True,GAACCTACATTACGAC-1_contig_3,True,409,TRB,None,None,TRBJ2-1,None,False,False,None,None,10366,8,clonotype1,None
GAACCTACATTACGAC-1,True,GAACCTACATTACGAC-1_contig_4,True,510,TRA,TRAV7-5,None,TRAJ45,TRAC,True,False,CSDTEGADRLTF,TGCAGTGATACAGAAGGTGCAGATAGACTCACCTTT,2004,1,clonotype1,None
GAACCTAGTGTTAAGA-1,True,GAACCTAGTGTTAAGA-1_contig_1,True,527,TRB,TRBV15,None,TRBJ1-3,TRBC1,True,True,CASSLNRGSSGNTLYF,TGTGCCAGCAGTTTAAACAGGGGGAGTTCTGGAAATACGCTCTATTTT,9922,6,clonotype117,clonotype117_consensus_1
GAACCTAGTTGATTGC-1,True,GAACCTAGTTGATTGC-1_contig_1,True,541,TRA,TRAV8D-1,None,TRAJ30,TRAC,True,True,CATDTNAYKVIF,TGTGCTACTGACACAAATGCTTACAAAGTCATCTTT,6694,6,clonotype31,clonotype31_consensus_1
GAACCTAGTTGATTGC-1,True,GAACCTAGTTGATTGC-1_contig_2,True,568,TRB,TRBV12-2+TRBV13-2,None,TRBJ1-5,TRBC1,True,True,CASGTGDNQAPLF,TGTGCCAGCGGTACAGGAGACAACCAGGCTCCGCTTTTT,19356,17,clonotype31,clonotype31_consensus_2
GAACCTAGTTGATTGC-1,True,GAACCTAGTTGATTGC-1_contig_3,True,438,TRB,None,None,TRBJ1-3,TRBC1,False,False,None,None,17828,9,clonotype31,None
GAACCTAGTTGATTGC-1,True,GAACCTAGTTGATTGC-1_contig_4,True,428,TRB,None,None,TRBJ2-1,None,False,False,None,None,3476,3,clonotype31,None
GAACGGAAGAATGTTG-1,True,GAACGGAAGAATGTTG-1_contig_1,True,562,TRA,TRAV14D-1,None,TRAJ22,TRAC,True,True,CAASASSGSWQLIF,TGTGCAGCAAGTGCGTCTTCTGGCAGCTGGCAACTCATCTTT,166,1,clonotype56,clonotype56_consensus_1
GAACGGAAGAATGTTG-1,True,GAACGGAAGAATGTTG-1_contig_2,True,517,TRB,TRBV14,None,TRBJ2-5,None,True,True,CASSPGTDDTQYF,TGTGCCAGCAGTCCCGGGACAGATGACACCCAGTACTTT,15092,9,clonotype56,clonotype56_consensus_2
GAACGGAAGCTAACTC-1,True,GAACGGAAGCTAACTC-1_contig_1,True,519,TRA,TRAV6-6,None,TRAJ24,TRAC,True,True,CAPLTTASLGKLQF,TGTGCTCCGTTGACAACTGCCAGTTTGGGGAAACTGCAGTTT,1856,1,clonotype2,clonotype2_consensus_2
GAACGGAAGCTAACTC-1,True,GAACGGAAGCTAACTC-1_contig_2,True,512,TRB,TRBV13-1,None,TRBJ2-4,None,True,True,CASSEGTNTLYF,TGTGCCAGCAGTGAAGGAACAAACACCTTGTACTTT,832,3,clonotype2,clonotype2_consensus_1
GAACGGAAGCTAACTC-1,True,GAACGGAAGCTAACTC-1_contig_3,True,369,TRA,TRAV9D-2,None,TRAJ26,TRAC,True,False,CVLSRGNNYAQGLTF,TGTGTTCTGAGCAGGGGCAATAACTATGCCCAGGGATTAACCTTC,6060,2,clonotype2,None
GAACGGACACCAGGCT-1,True,GAACGGACACCAGGCT-1_contig_1,True,549,TRB,TRBV16,None,TRBJ2-5,None,True,True,CASSFGGGEDTQYF,TGTGCAAGCAGCTTTGGGGGGGGGGAAGACACCCAGTACTTT,7764,5,clonotype40,clonotype40_consensus_2
GAACGGACACCAGGCT-1,True,GAACGGACACCAGGCT-1_contig_2,True,566,TRA,TRAV16,None,TRAJ49,TRAC,True,True,CAMRESNTGYQNFYF,TGTGCTATGAGAGAGTCGAACACGGGTTACCAGAACTTCTATTTT,3788,2,clonotype40,clonotype40_consensus_1
GAACGGACACCAGGCT-1,True,GAACGGACACCAGGCT-1_contig_3,True,434,TRB,None,None,TRBJ2-2,None,False,False,None,None,5900,3,clonotype40,None
GAACGGACATCGATGT-1,True,GAACGGACATCGATGT-1_contig_1,True,549,TRB,TRBV16,None,TRBJ2-7,None,True,True,CASSFGGGADEQYF,TGTGCAAGCAGCTTTGGTGGGGGGGCGGATGAACAGTACTTC,3982,3,clonotype379,clonotype379_consensus_3
GAACGGACATCGATGT-1,True,GAACGGACATCGATGT-1_contig_2,True,530,TRA,TRAV6-7-DV9,None,TRAJ47,TRAC,True,True,CALSDLDYANKMIF,TGTGCTCTGAGTGATCTGGACTATGCAAACAAGATGATCTTT,8488,7,clonotype379,clonotype379_consensus_1
GAACGGACATCGATGT-1,True,GAACGGACATCGATGT-1_contig_3,True,512,TRB,TRBV13-1,None,TRBJ2-4,None,True,True,CASSTGWNTLYF,TGTGCCAGCAGTACAGGGTGGAACACCTTGTACTTT,11288,10,clonotype379,clonotype379_consensus_2
GAACGGACATCGATGT-1,True,GAACGGACATCGATGT-1_contig_4,True,525,TRA,TRAV11,None,TRAJ11,TRAC,True,False,CVVDSGYNKLTF,TGTGTGGTGGACTCGGGATACAACAAACTCACTTTT,2646,5,clonotype379,None
GAACGGACATCGATGT-1,True,GAACGGACATCGATGT-1_contig_5,True,529,TRB,TRBV15,None,TRBJ1-3,TRBC1,True,False,CQQFTAGGNSGNTLYF,TGCCAGCAGTTTACGGCAGGGGGGAATTCTGGAAATACGCTCTATTTT,4644,3,clonotype379,None
GAACGGAGTAAGGGCT-1,True,GAACGGAGTAAGGGCT-1_contig_1,True,558,TRA,TRAV19,None,TRAJ39,TRAC,True,True,CAAGGNNAGAKLTF,TGCGCAGCAGGTGGGAATAATGCAGGTGCCAAGCTCACATTC,3550,2,clonotype1,clonotype1_consensus_2
GAACGGAGTAAGGGCT-1,True,GAACGGAGTAAGGGCT-1_contig_2,True,585,TRB,TRBV12-2+TRBV13-2,None,TRBJ1-2,TRBC1,True,True,CASGGGTGNSDYTF,TGTGCCAGCGGTGGGGGGACAGGGAACTCCGACTACACCTTC,5026,4,clonotype1,clonotype1_consensus_1
GAACGGATCTCGCTTG-1,True,GAACGGATCTCGCTTG-1_contig_1,True,515,TRA,TRAV6-6,None,TRAJ24,TRAC,True,True,CAPLTTASLGKLQF,TGTGCTCCGTTGACAACTGCCAGTTTGGGGAAACTGCAGTTT,1964,2,clonotype2,clonotype2_consensus_2
GAACGGATCTCGCTTG-1,True,GAACGGATCTCGCTTG-1_contig_2,True,512,TRB,TRBV13-1,None,TRBJ2-4,None,True,True,CASSEGTNTLYF,TGTGCCAGCAGTGAAGGAACAAACACCTTGTACTTT,32296,22,clonotype2,clonotype2_consensus_1
GAACGGATCTCGCTTG-1,True,GAACGGATCTCGCTTG-1_contig_3,True,430,TRA,TRAV9D-2,None,TRAJ2,TRAC,True,False,CSERGGLSGKLTF,TGTTCTGAGCGCGGAGGACTAAGTGGTAAATTAACATTC,2712,2,clonotype2,None
GAAGCAGAGAAACGCC-1,True,GAAGCAGAGAAACGCC-1_contig_1,True,517,TRA,TRAV6-6,None,TRAJ24,TRAC,True,True,CAPLTTASLGKLQF,TGTGCTCCGTTGACAACTGCCAGTTTGGGGAAACTGCAGTTT,1106,1,clonotype3,clonotype3_consensus_2
GAAGCAGAGAAACGCC-1,True,GAAGCAGAGAAACGCC-1_contig_2,True,505,TRB,TRBV13-1,None,TRBJ2-4,None,True,True,CASSEGTNTLYF,TGTGCCAGCAGTGAAGGAACAAACACCTTGTACTTT,22920,18,clonotype3,clonotype3_consensus_1
GAAGCAGAGAAACGCC-1,True,GAAGCAGAGAAACGCC-1_contig_3,True,704,TRA,TRAV9D-2,None,TRAJ26,TRAC,True,True,CVLSRGNNYAQGLTF,TGTGTTCTGAGCAGGGGCAATAACTATGCCCAGGGATTAACCTTC,3318,2,clonotype3,clonotype3_consensus_3
GAAGCAGAGAGCTGCA-1,True,GAAGCAGAGAGCTGCA-1_contig_1,True,549,TRB,TRBV16,None,TRBJ2-5,None,True,True,CASSLGGGQDTQYF,TGTGCAAGCAGCTTAGGGGGGGGCCAAGACACCCAGTACTTT,17102,12,clonotype8,clonotype8_consensus_1
GAAGCAGAGAGCTGCA-1,True,GAAGCAGAGAGCTGCA-1_contig_2,True,559,TRA,TRAV4D-3,None,TRAJ27,TRAC,True,True,CAADGPNTGKLTF,TGTGCTGCGGACGGACCCAATACAGGCAAATTAACCTTT,4582,3,clonotype8,clonotype8_consensus_2
GAAGCAGAGAGCTGCA-1,True,GAAGCAGAGAGCTGCA-1_contig_3,True,525,TRA,TRAV7N-6,None,TRAJ30,TRAC,True,True,CAVVDTNAYKVIF,TGTGCAGTGGTTGACACAAATGCTTACAAAGTCATCTTT,5428,3,clonotype8,clonotype8_consensus_3
GAAGCAGAGAGCTGCA-1,True,GAAGCAGAGAGCTGCA-1_contig_4,True,455,TRA,None,None,TRAJ26,TRAC,False,False,None,None,2520,1,clonotype8,None
GAAGCAGAGCAATATG-1,True,GAAGCAGAGCAATATG-1_contig_1,True,563,TRA,TRAV16D-DV11,None,TRAJ26,TRAC,True,True,CAMREENNYAQGLTF,TGTGCTATGAGAGAGGAAAATAACTATGCCCAGGGATTAACCTTC,15256,7,clonotype12,clonotype12_consensus_2
GAAGCAGAGCAATATG-1,True,GAAGCAGAGCAATATG-1_contig_2,True,505,TRB,TRBV13-1,None,TRBJ2-3,None,True,True,CASGDSAETLYF,TGTGCCAGCGGGGACAGTGCAGAAACGCTGTATTTT,24664,18,clonotype12,clonotype12_consensus_1
GAAGCAGAGCAATATG-1,True,GAAGCAGAGCAATATG-1_contig_3,True,575,TRA,TRAV3D-3,None,TRAJ28,TRAC,True,False,CTSAQSVRGTGSNRLTF,TGTACTTCTGCGCAGTCAGTGAGGGGCACTGGGAGTAACAGGCTCACTTTT,12050,7,clonotype12,None
GAAGCAGAGCAATATG-1,True,GAAGCAGAGCAATATG-1_contig_4,True,428,TRB,None,None,TRBJ2-5,None,False,False,None,None,8080,6,clonotype12,None
GAAGCAGAGCAATATG-1,True,GAAGCAGAGCAATATG-1_contig_5,True,450,TRB,None,None,TRBJ1-6,TRBC1,False,False,None,None,6486,4,clonotype12,None
GAAGCAGCATACTACG-1,True,GAAGCAGCATACTACG-1_contig_1,True,549,TRA,TRAV6-6,None,TRAJ24,TRAC,True,True,CAPLTTASLGKLQF,TGTGCTCCGTTGACAACTGCCAGTTTGGGGAAACTGCAGTTT,6588,5,clonotype2,clonotype2_consensus_2
GAAGCAGCATACTACG-1,True,GAAGCAGCATACTACG-1_contig_2,True,505,TRB,TRBV13-1,None,TRBJ2-4,None,True,True,CASSEGTNTLYF,TGTGCCAGCAGTGAAGGAACAAACACCTTGTACTTT,19784,16,clonotype2,clonotype2_consensus_1
GAAGCAGGTAAGCACG-1,True,GAAGCAGGTAAGCACG-1_contig_1,True,549,TRB,TRBV16,None,TRBJ2-5,None,True,True,CASSFGGGQDTQYF,TGTGCAAGCAGCTTTGGGGGCGGCCAAGACACCCAGTACTTT,33430,28,clonotype175,clonotype175_consensus_1
GAAGCAGGTAAGCACG-1,True,GAAGCAGGTAAGCACG-1_contig_2,True,533,TRA,TRAV6-6,None,TRAJ22,TRAC,True,True,CALGTLSSGSWQLIF,TGTGCTCTGGGGACCCTATCTTCTGGCAGCTGGCAACTCATCTTT,7486,4,clonotype175,clonotype175_consensus_2
GAAGCAGGTAAGCACG-1,True,GAAGCAGGTAAGCACG-1_contig_3,True,622,TRA,TRAV12-1,None,TRAJ9,TRAC,True,True,CALRGNMGYKLTF,TGTGCTCTGAGAGGCAACATGGGCTACAAACTTACCTTC,7164,4,clonotype175,clonotype175_consensus_3
GAAGCAGGTAAGCACG-1,True,GAAGCAGGTAAGCACG-1_contig_4,True,514,TRB,TRBV10,None,TRBJ2-3,None,True,False,None,None,4826,3,clonotype175,None
GAAGCAGGTCCGAGTC-1,True,GAAGCAGGTCCGAGTC-1_contig_1,True,519,TRA,TRAV6-6,None,TRAJ24,TRAC,True,True,CAPLTTASLGKLQF,TGTGCTCCGTTGACAACTGCCAGTTTGGGGAAACTGCAGTTT,9516,7,clonotype3,clonotype3_consensus_2
GAAGCAGGTCCGAGTC-1,True,GAAGCAGGTCCGAGTC-1_contig_2,True,505,TRB,TRBV13-1,None,TRBJ2-4,None,True,True,CASSEGTNTLYF,TGTGCCAGCAGTGAAGGAACAAACACCTTGTACTTT,63872,62,clonotype3,clonotype3_consensus_1
GAAGCAGGTCCGAGTC-1,True,GAAGCAGGTCCGAGTC-1_contig_3,True,745,TRA,TRAV9D-2,None,TRAJ26,TRAC,True,True,CVLSRGNNYAQGLTF,TGTGTTCTGAGCAGGGGCAATAACTATGCCCAGGGATTAACCTTC,4194,3,clonotype3,clonotype3_consensus_3
GAAGCAGTCAACCATG-1,True,GAAGCAGTCAACCATG-1_contig_1,True,517,TRB,TRBV14,None,TRBJ2-5,None,True,True,CASSFYRGDTQYF,TGTGCCAGCAGTTTCTACAGGGGAGACACCCAGTACTTT,7050,7,clonotype380,clonotype380_consensus_1
GAAGCAGTCGGCCGAT-1,True,GAAGCAGTCGGCCGAT-1_contig_1,True,558,TRA,TRAV19,None,TRAJ39,TRAC,True,True,CAAGGNNAGAKLTF,TGCGCAGCAGGTGGGAATAATGCAGGTGCCAAGCTCACATTC,10812,8,clonotype1,clonotype1_consensus_2
GAAGCAGTCGGCCGAT-1,True,GAAGCAGTCGGCCGAT-1_contig_2,True,625,TRB,TRBV12-2+TRBV13-2,None,TRBJ1-2,TRBC1,True,True,CASGGGTGNSDYTF,TGTGCCAGCGGTGGGGGGACAGGGAACTCCGACTACACCTTC,24506,22,clonotype1,clonotype1_consensus_1
GAAGCAGTCGGCCGAT-1,True,GAAGCAGTCGGCCGAT-1_contig_3,True,387,TRB,None,None,TRBJ2-1,None,False,False,None,None,6534,3,clonotype1,None
GAAGCAGTCGGCCGAT-1,True,GAAGCAGTCGGCCGAT-1_contig_4,True,505,TRA,TRAV7-5,None,TRAJ45,TRAC,True,False,CSDTEGADRLTF,TGCAGTGATACAGAAGGTGCAGATAGACTCACCTTT,1312,1,clonotype1,None
GAAGCAGTCTACTATC-1,True,GAAGCAGTCTACTATC-1_contig_1,True,590,TRB,TRBV12-2+TRBV13-2,None,TRBJ2-1,None,True,True,CASGDPFQFF,TGTGCCAGCGGTGATCCTTTCCAGTTCTTC,3774,4,clonotype25,clonotype25_consensus_3
GAAGCAGTCTACTATC-1,True,GAAGCAGTCTACTATC-1_contig_2,True,507,TRB,TRBV5,None,TRBJ2-2,None,True,True,CASSTGQLYF,TGTGCCAGCAGCACCGGGCAGCTCTACTTT,4012,4,clonotype25,clonotype25_consensus_1
GAAGCAGTCTACTATC-1,True,GAAGCAGTCTACTATC-1_contig_3,True,721,TRA,TRAV9N-4,None,TRAJ22,TRAC,True,True,CALPSSGSWQLIF,TGTGCTCTCCCATCTTCTGGCAGCTGGCAACTCATCTTT,5732,5,clonotype25,clonotype25_consensus_2
GAAGCAGTCTCGAGTA-1,True,GAAGCAGTCTCGAGTA-1_contig_1,True,514,TRA,TRAV6-6,None,TRAJ24,TRAC,True,True,CAPLTTASLGKLQF,TGTGCTCCGTTGACAACTGCCAGTTTGGGGAAACTGCAGTTT,6864,4,clonotype2,clonotype2_consensus_2
GAAGCAGTCTCGAGTA-1,True,GAAGCAGTCTCGAGTA-1_contig_2,True,505,TRB,TRBV13-1,None,TRBJ2-4,None,True,True,CASSEGTNTLYF,TGTGCCAGCAGTGAAGGAACAAACACCTTGTACTTT,23964,20,clonotype2,clonotype2_consensus_1
GAAGCAGTCTGCGGCA-1,True,GAAGCAGTCTGCGGCA-1_contig_1,True,549,TRB,TRBV16,None,TRBJ2-5,None,True,True,CASSLGGGGDTQYF,TGTGCAAGCAGCTTAGGCGGGGGAGGAGACACCCAGTACTTT,2182,2,clonotype190,clonotype190_consensus_1
GAATAAGAGAAAGTGG-1,True,GAATAAGAGAAAGTGG-1_contig_1,True,567,TRB,TRBV12-2+TRBV13-2,None,TRBJ1-5,TRBC1,True,True,CASGTGDNQAPLF,TGTGCCAGCGGGACAGGGGACAACCAGGCTCCGCTTTTT,6536,5,clonotype16,clonotype16_consensus_1
GAATAAGAGAAAGTGG-1,True,GAATAAGAGAAAGTGG-1_contig_2,True,531,TRA,TRAV14N-3,None,TRAJ35,TRAC,True,False,None,None,3292,3,clonotype16,None
GAATAAGAGAATTCCC-1,True,GAATAAGAGAATTCCC-1_contig_1,True,549,TRA,TRAV6-6,None,TRAJ24,TRAC,True,True,CAPLTTASLGKLQF,TGTGCTCCGTTGACAACTGCCAGTTTGGGGAAACTGCAGTTT,2298,1,clonotype2,clonotype2_consensus_2
GAATAAGAGAATTCCC-1,True,GAATAAGAGAATTCCC-1_contig_2,True,511,TRB,TRBV13-1,None,TRBJ2-4,None,True,True,CASSEGTNTLYF,TGTGCCAGCAGTGAAGGAACAAACACCTTGTACTTT,1148,4,clonotype2,clonotype2_consensus_1
GAATAAGAGAATTCCC-1,True,GAATAAGAGAATTCCC-1_contig_3,True,360,TRA,TRAV9D-2,None,TRAJ26,TRAC,True,False,CVLSRGNNYAQGLTF,TGTGTTCTGAGCAGGGGCAATAACTATGCCCAGGGATTAACCTTC,2964,1,clonotype2,None
GAATAAGAGCGAAGGG-1,True,GAATAAGAGCGAAGGG-1_contig_1,True,530,TRA,TRAV14N-3,None,TRAJ40,TRAC,True,True,CAATGVNTGNYKYVF,TGTGCAGCAACTGGTGTTAATACAGGAAACTACAAATACGTCTTT,9816,6,clonotype381,clonotype381_consensus_2
GAATAAGAGCGAAGGG-1,True,GAATAAGAGCGAAGGG-1_contig_2,True,590,TRB,TRBV12-2+TRBV13-2,None,TRBJ2-1,None,True,True,CASGGYAEQFF,TGTGCCAGCGGGGGCTATGCTGAGCAGTTCTTC,26826,23,clonotype381,clonotype381_consensus_1
GAATAAGGTCAAAGCG-1,True,GAATAAGGTCAAAGCG-1_contig_1,True,566,TRA,TRAV3-3,None,TRAJ49,TRAC,True,True,CAVSGSTGYQNFYF,TGCGCAGTCAGTGGGAGCACGGGTTACCAGAACTTCTATTTT,3320,2,clonotype5,clonotype5_consensus_1
GAATAAGGTCAAAGCG-1,True,GAATAAGGTCAAAGCG-1_contig_2,True,565,TRB,TRBV12-2+TRBV13-2,None,TRBJ2-7,None,True,True,CASGVQGWEQYF,TGTGCCAGCGGTGTACAGGGGTGGGAACAGTACTTC,16460,13,clonotype5,clonotype5_consensus_2
GAATAAGGTCAAAGCG-1,True,GAATAAGGTCAAAGCG-1_contig_3,True,440,TRB,None,None,TRBJ1-1,TRBC1,False,False,None,None,4028,2,clonotype5,None
GAATAAGGTCAAAGCG-1,True,GAATAAGGTCAAAGCG-1_contig_4,True,574,TRA,TRAV6D-5,None,TRAJ38,TRAC,True,False,CTTVFWDNVGDNSKLIW,TGTACTACTGTGTTCTGGGATAATGTTGGTGACAACAGTAAGCTGATTTGG,6856,4,clonotype5,None
GAATAAGGTCTGCAAT-1,True,GAATAAGGTCTGCAAT-1_contig_1,True,536,TRA,TRAV8-1,None,TRAJ30,TRAC,True,True,CAIDTNAYKVIF,TGTGCTATTGACACAAATGCTTACAAAGTCATCTTT,10012,6,clonotype382,clonotype382_consensus_2
GAATAAGGTCTGCAAT-1,True,GAATAAGGTCTGCAAT-1_contig_2,True,566,TRB,TRBV12-2+TRBV13-2,None,TRBJ2-1,None,True,True,CASGTGGYAEQFF,TGTGCCAGCGGGACAGGGGGCTATGCTGAGCAGTTCTTC,18780,17,clonotype382,clonotype382_consensus_1
GAATAAGGTCTGCAAT-1,True,GAATAAGGTCTGCAAT-1_contig_3,True,505,TRA,TRAV6-5,None,TRAJ30,TRAC,True,False,CALSPTQMLTK,TGTGCTCTGAGCCCGACACAAATGCTTACAAAG,3794,3,clonotype382,None
GAATAAGGTTAAGGGC-1,True,GAATAAGGTTAAGGGC-1_contig_1,True,547,TRA,TRAV19,None,TRAJ48,TRAC,True,True,CAADGNEKITF,TGCGCAGCAGATGGAAATGAGAAAATAACTTTT,1788,2,clonotype141,clonotype141_consensus_1
GAATAAGGTTAAGGGC-1,True,GAATAAGGTTAAGGGC-1_contig_2,True,549,TRB,TRBV16,None,TRBJ2-5,None,True,True,CASSLGGGEDTQYF,TGTGCAAGCAGCTTAGGAGGGGGCGAGGACACCCAGTACTTT,9994,8,clonotype141,clonotype141_consensus_2
GAATAAGGTTAGGGTG-1,True,GAATAAGGTTAGGGTG-1_contig_1,True,517,TRA,TRAV19,None,TRAJ39,TRAC,True,True,CAAGGNNAGAKLTF,TGCGCAGCAGGTGGGAATAATGCAGGTGCCAAGCTCACATTC,3956,5,clonotype1,clonotype1_consensus_2
GAATAAGGTTAGGGTG-1,True,GAATAAGGTTAGGGTG-1_contig_2,True,543,TRB,TRBV13-2,None,TRBJ1-2,TRBC1,True,True,CASGGGTGNSDYTF,TGTGCCAGCGGTGGGGGGACAGGGAACTCCGACTACACCTTC,21122,17,clonotype1,clonotype1_consensus_1
GAATAAGGTTGCTCCT-1,True,GAATAAGGTTGCTCCT-1_contig_1,True,541,TRA,TRAV8D-1,None,TRAJ30,TRAC,True,True,CATDTNAYKVIF,TGTGCTACTGACACAAATGCTTACAAAGTCATCTTT,5584,3,clonotype31,clonotype31_consensus_1
GAATAAGGTTGCTCCT-1,True,GAATAAGGTTGCTCCT-1_contig_2,True,591,TRB,TRBV12-2+TRBV13-2,None,TRBJ1-5,TRBC1,True,True,CASGTGDNQAPLF,TGTGCCAGCGGTACAGGAGACAACCAGGCTCCGCTTTTT,7214,4,clonotype31,clonotype31_consensus_2
GAATAAGGTTGCTCCT-1,True,GAATAAGGTTGCTCCT-1_contig_3,True,526,TRA,TRAV6N-7,None,TRAJ48,TRAC,True,False,CTTVLWVINYGNEKITF,TGTACTACTGTGCTCTGGGTGATCAACTATGGAAATGAGAAAATAACTTTT,3352,3,clonotype31,None
GAATAAGGTTGCTCCT-1,True,GAATAAGGTTGCTCCT-1_contig_4,True,649,TRB,None,None,TRBJ1-3,TRBC1,False,False,None,None,1638,1,clonotype31,None
GAATAAGTCACAAACC-1,True,GAATAAGTCACAAACC-1_contig_1,True,509,TRB,TRBV13-1,None,TRBJ2-5,None,True,True,CATGTGDTQYF,TGTGCCACCGGGACTGGGGACACCCAGTACTTT,1562,3,clonotype92,clonotype92_consensus_1
GAATAAGTCACAAACC-1,True,GAATAAGTCACAAACC-1_contig_2,True,542,TRA,TRAV14N-3,None,TRAJ26,TRAC,True,True,CAASGNYAQGLTF,TGTGCAGCAAGTGGAAACTATGCCCAGGGATTAACCTTC,15396,9,clonotype92,clonotype92_consensus_2
GAATAAGTCACAAACC-1,True,GAATAAGTCACAAACC-1_contig_3,True,522,TRA,TRAV11,None,TRAJ27,TRAC,True,False,CWMTLPPTSVWYNTNTGKLTF,TGCTGGATGACACTGCCACCTACATCTGTGTGGTATAACACCAATACAGGCAAATTAACCTTT,2188,1,clonotype92,None
GAATAAGTCTCCGGTT-1,True,GAATAAGTCTCCGGTT-1_contig_1,True,575,TRA,TRAV8-1,None,TRAJ30,TRAC,True,True,CASDTNAYKVIF,TGTGCCTCTGACACAAATGCTTACAAAGTCATCTTT,4376,3,clonotype383,clonotype383_consensus_1
GAATAAGTCTCCGGTT-1,True,GAATAAGTCTCCGGTT-1_contig_2,True,575,TRB,TRBV12-2+TRBV13-2,None,TRBJ1-5,TRBC1,True,True,CASGTGDNQAPLF,TGTGCCAGCGGGACAGGGGACAACCAGGCTCCGCTTTTT,18342,21,clonotype383,clonotype383_consensus_2
GAATGAAAGACAGGCT-1,True,GAATGAAAGACAGGCT-1_contig_1,True,549,TRA,TRAV3-3,None,TRAJ31,TRAC,True,True,CAVSAGNNRIFF,TGCGCAGTCAGTGCAGGCAATAACAGAATCTTCTTT,21028,12,clonotype34,clonotype34_consensus_2
GAATGAAAGACAGGCT-1,True,GAATGAAAGACAGGCT-1_contig_2,True,508,TRB,TRBV13-1,None,TRBJ2-3,None,True,True,CASEGQGAETLYF,TGTGCCAGCGAGGGACAGGGTGCAGAAACGCTGTATTTT,12776,9,clonotype34,clonotype34_consensus_1
GAATGAAAGCGTCAAG-1,True,GAATGAAAGCGTCAAG-1_contig_1,True,549,TRB,TRBV16,None,TRBJ2-5,None,True,True,CASSLGGGQDTQYF,TGTGCAAGCAGCTTAGGGGGGGGCCAAGACACCCAGTACTTT,14824,22,clonotype8,clonotype8_consensus_1
GAATGAAAGCGTCAAG-1,True,GAATGAAAGCGTCAAG-1_contig_2,True,584,TRA,TRAV4D-3,None,TRAJ27,TRAC,True,True,CAADGPNTGKLTF,TGTGCTGCGGACGGACCCAATACAGGCAAATTAACCTTT,27794,22,clonotype8,clonotype8_consensus_2
GAATGAAAGCGTCAAG-1,True,GAATGAAAGCGTCAAG-1_contig_3,True,525,TRA,TRAV7N-6,None,TRAJ30,TRAC,True,True,CAVVDTNAYKVIF,TGTGCAGTGGTTGACACAAATGCTTACAAAGTCATCTTT,24994,17,clonotype8,clonotype8_consensus_3
GAATGAAAGCGTCAAG-1,True,GAATGAAAGCGTCAAG-1_contig_4,True,608,TRB,None,None,TRBJ2-7,None,False,False,None,None,4406,4,clonotype8,None
GAATGAACACACGCTG-1,True,GAATGAACACACGCTG-1_contig_1,True,560,TRB,TRBV12-2+TRBV13-2,None,TRBJ2-7,None,True,True,CASGDGWGVKYF,TGTGCCAGCGGTGATGGCTGGGGGGTGAAGTACTTC,1488,2,clonotype384,clonotype384_consensus_1
GAATGAACACACGCTG-1,True,GAATGAACACACGCTG-1_contig_2,True,584,TRA,TRAV12D-2,None,TRAJ24,TRAC,True,True,CAFPASLGKLQF,TGTGCTTTTCCTGCCAGTTTGGGGAAACTGCAGTTT,5726,3,clonotype384,clonotype384_consensus_2
GAATGAACACCGGAAA-1,True,GAATGAACACCGGAAA-1_contig_1,True,669,TRA,TRAV9N-4,None,TRAJ4,TRAC,True,True,CALSPMLSGSFNKLTF,TGTGCTCTGAGCCCCATGTTATCTGGTAGCTTCAATAAGTTGACCTTT,5218,3,clonotype385,clonotype385_consensus_1
GAATGAACACCGGAAA-1,True,GAATGAACACCGGAAA-1_contig_2,True,522,TRB,TRBV5,None,TRBJ1-4,TRBC1,True,True,CASSQDPFSNERLFF,TGTGCCAGCAGCCAAGATCCGTTTTCCAACGAAAGATTATTTTTC,7480,5,clonotype385,clonotype385_consensus_2
GAATGAACACCGGAAA-1,True,GAATGAACACCGGAAA-1_contig_3,True,370,TRB,None,None,TRBJ1-3,TRBC1,False,False,None,None,11916,7,clonotype385,None
GAATGAACACTATCTT-1,True,GAATGAACACTATCTT-1_contig_1,True,556,TRA,TRAV19,None,TRAJ39,TRAC,True,True,CAAGGNNAGAKLTF,TGCGCAGCAGGTGGGAATAATGCAGGTGCCAAGCTCACATTC,5124,3,clonotype1,clonotype1_consensus_2
GAATGAACACTATCTT-1,True,GAATGAACACTATCTT-1_contig_2,True,560,TRB,TRBV12-2+TRBV13-2,None,TRBJ1-2,TRBC1,True,True,CASGGGTGNSDYTF,TGTGCCAGCGGTGGGGGGACAGGGAACTCCGACTACACCTTC,3460,2,clonotype1,clonotype1_consensus_1
GAATGAACACTATCTT-1,True,GAATGAACACTATCTT-1_contig_3,True,623,TRB,None,None,TRBJ2-7,None,False,False,None,None,632,2,clonotype1,None
GAATGAACACTATCTT-1,True,GAATGAACACTATCTT-1_contig_4,True,335,TRB,None,None,TRBJ2-1,None,False,False,None,None,2348,2,clonotype1,None
GAATGAAGTAGCGCTC-1,True,GAATGAAGTAGCGCTC-1_contig_1,True,549,TRB,TRBV16,None,TRBJ2-7,None,True,True,CASSLGGGLDEQYF,TGTGCAAGCAGCTTAGGGGGGGGGCTCGATGAACAGTACTTC,11248,9,clonotype26,clonotype26_consensus_1
GAATGAAGTAGCGCTC-1,True,GAATGAAGTAGCGCTC-1_contig_2,True,539,TRB,TRBV12-2+TRBV13-2,None,TRBJ1-5,TRBC1,True,False,None,None,2826,2,clonotype26,None
GAATGAAGTAGCGCTC-1,True,GAATGAAGTAGCGCTC-1_contig_3,True,611,Multi,TRDV1,None,TRAJ45,TRAC,True,False,CGGTEGADRLTF,TGTGGAGGGACAGAAGGTGCAGATAGACTCACCTTT,9552,6,clonotype26,None
GAATGAAGTGCACCAC-1,True,GAATGAAGTGCACCAC-1_contig_1,True,581,TRA,TRAV14-1,None,TRAJ32,TRAC,True,True,CAASPLGSSGNKLIF,TGTGCAGCAAGTCCTCTTGGGAGCAGTGGCAACAAGCTCATCTTT,16562,10,clonotype63,clonotype63_consensus_1
GAATGAAGTGCACCAC-1,True,GAATGAAGTGCACCAC-1_contig_2,True,591,TRA,TRAV8-1,None,TRAJ30,TRAC,True,True,CATDTNAYKVIF,TGTGCTACTGACACAAATGCTTACAAAGTCATCTTT,15150,10,clonotype63,clonotype63_consensus_2
GAATGAAGTGCACCAC-1,True,GAATGAAGTGCACCAC-1_contig_3,True,583,TRB,TRBV12-2+TRBV13-2,None,TRBJ1-5,TRBC1,True,True,CASGTGDNQAPLF,TGTGCCAGCGGGACAGGGGACAACCAGGCTCCGCTTTTT,30612,26,clonotype63,clonotype63_consensus_3
GAATGAAGTGCACCAC-1,True,GAATGAAGTGCACCAC-1_contig_4,True,485,TRB,None,None,TRBJ2-7,None,False,False,None,None,5580,5,clonotype63,None
GACACGCGTCGAGTTT-1,True,GACACGCGTCGAGTTT-1_contig_1,True,566,TRA,TRAV3-3,None,TRAJ49,TRAC,True,True,CAVSGSTGYQNFYF,TGCGCAGTCAGTGGGAGCACGGGTTACCAGAACTTCTATTTT,2130,3,clonotype191,clonotype191_consensus_1
GACACGCGTCGAGTTT-1,True,GACACGCGTCGAGTTT-1_contig_2,True,561,TRB,TRBV12-2+TRBV13-2,None,TRBJ2-7,None,True,True,CASGVQGWEQYF,TGTGCCAGCGGTGTACAGGGGTGGGAACAGTACTTC,1468,3,clonotype191,clonotype191_consensus_2
GACACGCGTCGAGTTT-1,True,GACACGCGTCGAGTTT-1_contig_3,True,564,TRB,TRBV12-2+TRBV13-2,None,TRBJ1-5,TRBC1,True,True,CASGTGDNQAPLF,TGTGCCAGCGGGACAGGGGACAACCAGGCTCCGCTTTTT,2464,3,clonotype191,clonotype191_consensus_3
GACACGCGTCGAGTTT-1,True,GACACGCGTCGAGTTT-1_contig_4,True,533,TRA,TRAV6D-5,None,TRAJ38,TRAC,True,False,CTTVFWDNVGDNSKLIW,TGTACTACTGTGTTCTGGGATAATGTTGGTGACAACAGTAAGCTGATTTGG,928,3,clonotype191,None
GACAGAGCAATAGCAA-1,True,GACAGAGCAATAGCAA-1_contig_1,True,572,TRB,TRBV12-2+TRBV13-2,None,TRBJ2-3,None,True,True,CASGDAPPGEGTLYF,TGTGCCAGCGGTGATGCACCTCCAGGGGAGGGAACGCTGTATTTT,23996,22,clonotype37,clonotype37_consensus_2
GACAGAGCAATAGCAA-1,True,GACAGAGCAATAGCAA-1_contig_2,True,515,TRA,TRAV13N-3,None,TRAJ49,TRAC,True,True,CAMGGYQNFYF,TGTGCTATGGGGGGTTACCAGAACTTCTATTTT,8124,5,clonotype37,clonotype37_consensus_1
GACAGAGCAATAGCAA-1,True,GACAGAGCAATAGCAA-1_contig_3,True,452,TRB,None,None,TRBJ2-7,None,False,False,None,None,4486,2,clonotype37,None
GACAGAGCAGGCTGAA-1,True,GACAGAGCAGGCTGAA-1_contig_1,True,597,TRB,TRBV12-2+TRBV13-2,None,TRBJ2-3,None,True,True,CASGDAPPGEGTLYF,TGTGCCAGCGGTGATGCACCTCCAGGGGAGGGAACGCTGTATTTT,45138,41,clonotype37,clonotype37_consensus_2
GACAGAGCAGGCTGAA-1,True,GACAGAGCAGGCTGAA-1_contig_2,True,512,TRA,TRAV13N-3,None,TRAJ49,TRAC,True,True,CAMGGYQNFYF,TGTGCTATGGGGGGTTACCAGAACTTCTATTTT,26688,19,clonotype37,clonotype37_consensus_1
GACAGAGCAGGCTGAA-1,True,GACAGAGCAGGCTGAA-1_contig_3,True,336,TRB,None,None,TRBJ2-7,None,False,False,None,None,3094,2,clonotype37,None
GACAGAGGTAGAGTGC-1,True,GACAGAGGTAGAGTGC-1_contig_1,True,541,TRA,TRAV8D-1,None,TRAJ30,TRAC,True,True,CATDTNAYKVIF,TGTGCTACTGACACAAATGCTTACAAAGTCATCTTT,3210,3,clonotype70,clonotype70_consensus_1
GACAGAGTCCCACTTG-1,True,GACAGAGTCCCACTTG-1_contig_1,True,555,TRA,TRAV3-3,None,TRAJ49,TRAC,True,True,CAVSGATGYQNFYF,TGCGCAGTCAGTGGGGCCACGGGTTACCAGAACTTCTATTTT,10346,7,clonotype65,clonotype65_consensus_2
GACAGAGTCCCACTTG-1,True,GACAGAGTCCCACTTG-1_contig_2,True,559,TRB,TRBV12-2+TRBV13-2,None,TRBJ2-7,None,True,True,CASGVQGEQYF,TGTGCCAGCGGTGTTCAGGGAGAACAGTACTTC,12958,11,clonotype65,clonotype65_consensus_1
GACAGAGTCCCACTTG-1,True,GACAGAGTCCCACTTG-1_contig_3,True,374,TRB,None,None,TRBJ2-1,None,False,False,None,None,4040,2,clonotype65,None
GACCAATCACTGTCGG-1,True,GACCAATCACTGTCGG-1_contig_1,True,530,TRA,TRAV16,None,TRAJ57,TRAC,True,True,CAMREPQGGSAKLIF,TGTGCTATGAGAGAGCCTCAAGGAGGGTCTGCGAAGCTCATCTTT,6180,6,clonotype22,clonotype22_consensus_3
GACCAATCACTGTCGG-1,True,GACCAATCACTGTCGG-1_contig_2,True,532,TRA,TRAV13-4-DV7,None,TRAJ58,TRAC,True,True,CAPMQQGTGSKLSF,TGTGCTCCTATGCAGCAAGGCACTGGGTCTAAGCTGTCATTT,11912,15,clonotype22,clonotype22_consensus_2
GACCAATCACTGTCGG-1,True,GACCAATCACTGTCGG-1_contig_3,True,525,TRB,TRBV17,None,TRBJ2-5,None,True,True,CASSRKGVQDTQYF,TGTGCTAGCAGTAGAAAGGGGGTCCAAGACACCCAGTACTTT,33928,40,clonotype22,clonotype22_consensus_1
GACCAATCACTGTCGG-1,True,GACCAATCACTGTCGG-1_contig_4,True,302,TRB,None,None,TRBJ2-3,None,False,False,None,None,18408,21,clonotype22,None
GACCAATCACTGTCGG-1,True,GACCAATCACTGTCGG-1_contig_5,True,641,TRB,TRBV1,None,TRBJ1-3,TRBC1,True,False,None,None,4840,5,clonotype22,None
GACCAATCAGTGGAGT-1,True,GACCAATCAGTGGAGT-1_contig_1,True,516,TRA,TRAV6-6,None,TRAJ24,TRAC,True,True,CAPLTTASLGKLQF,TGTGCTCCGTTGACAACTGCCAGTTTGGGGAAACTGCAGTTT,202,1,clonotype2,clonotype2_consensus_2
GACCAATCAGTGGAGT-1,True,GACCAATCAGTGGAGT-1_contig_2,True,512,TRB,TRBV13-1,None,TRBJ2-4,None,True,True,CASSEGTNTLYF,TGTGCCAGCAGTGAAGGAACAAACACCTTGTACTTT,18200,16,clonotype2,clonotype2_consensus_1
GACCAATCAGTGGAGT-1,True,GACCAATCAGTGGAGT-1_contig_3,True,432,TRA,TRAV9D-2,None,TRAJ26,TRAC,True,False,CVLSRGNNYAQGLTF,TGTGTTCTGAGCAGGGGCAATAACTATGCCCAGGGATTAACCTTC,2710,2,clonotype2,None
GACCAATGTAGCCTCG-1,True,GACCAATGTAGCCTCG-1_contig_1,True,593,TRA,TRAV19,None,TRAJ39,TRAC,True,True,CAAGGNNAGAKLTF,TGCGCAGCAGGTGGGAATAATGCAGGTGCCAAGCTCACATTC,10112,5,clonotype1,clonotype1_consensus_2
GACCAATGTAGCCTCG-1,True,GACCAATGTAGCCTCG-1_contig_2,True,568,TRB,TRBV12-2+TRBV13-2,None,TRBJ1-2,TRBC1,True,True,CASGGGTGNSDYTF,TGTGCCAGCGGTGGGGGGACAGGGAACTCCGACTACACCTTC,2476,2,clonotype1,clonotype1_consensus_1
GACCAATGTAGCCTCG-1,True,GACCAATGTAGCCTCG-1_contig_3,True,332,TRB,None,None,TRBJ2-7,None,False,False,None,None,1498,2,clonotype1,None
GACCAATGTAGCCTCG-1,True,GACCAATGTAGCCTCG-1_contig_4,True,325,TRB,None,None,TRBJ2-1,None,False,False,None,None,2626,1,clonotype1,None
GACCAATGTAGCCTCG-1,True,GACCAATGTAGCCTCG-1_contig_5,True,470,TRA,None,None,TRAJ37,TRAC,False,False,None,None,1420,3,clonotype1,None
GACCAATTCATCACCC-1,True,GACCAATTCATCACCC-1_contig_1,True,525,TRA,TRAV7N-6,None,TRAJ30,TRAC,True,True,CAVVDTNAYKVIF,TGTGCAGTGGTTGACACAAATGCTTACAAAGTCATCTTT,5692,2,clonotype386,clonotype386_consensus_1
GACCAATTCCGATATG-1,True,GACCAATTCCGATATG-1_contig_1,True,543,TRA,TRAV16D-DV11,None,TRAJ26,TRAC,True,True,CAMREENNYAQGLTF,TGTGCTATGAGAGAGGAAAATAACTATGCCCAGGGATTAACCTTC,1750,3,clonotype12,clonotype12_consensus_2
GACCAATTCCGATATG-1,True,GACCAATTCCGATATG-1_contig_2,True,507,TRB,TRBV13-1,None,TRBJ2-3,None,True,True,CASGDSAETLYF,TGTGCCAGCGGGGACAGTGCAGAAACGCTGTATTTT,6540,6,clonotype12,clonotype12_consensus_1
GACCAATTCCGATATG-1,True,GACCAATTCCGATATG-1_contig_3,True,567,TRA,TRAV3D-3,None,TRAJ28,TRAC,True,False,CTSAQSVRGTGSNRLTF,TGTACTTCTGCGCAGTCAGTGAGGGGCACTGGGAGTAACAGGCTCACTTTT,1982,2,clonotype12,None
GACCTGGAGCCAGAAC-1,True,GACCTGGAGCCAGAAC-1_contig_1,True,549,TRB,TRBV16,None,TRBJ2-5,None,True,True,CASSLGGGQDTQYF,TGTGCAAGCAGCTTAGGGGGGGGGCAAGACACCCAGTACTTT,7976,9,clonotype11,clonotype11_consensus_2
GACCTGGAGCCAGAAC-1,True,GACCTGGAGCCAGAAC-1_contig_2,True,545,TRA,TRAV4D-3,None,TRAJ27,TRAC,True,True,CAADGPNTGKLTF,TGTGCTGCTGACGGGCCCAATACAGGCAAATTAACCTTT,434,1,clonotype11,clonotype11_consensus_1
GACCTGGAGCCAGAAC-1,True,GACCTGGAGCCAGAAC-1_contig_3,True,595,TRA,TRAV7-4,None,TRAJ31,TRAC,True,False,None,None,2054,1,clonotype11,None
GACCTGGAGCCAGAAC-1,True,GACCTGGAGCCAGAAC-1_contig_4,True,560,TRA,TRAV12-3,None,TRAJ40,TRAC,True,False,CPVLLCSECHVNTGNYKYVF,TGCCCTGTACTACTGTGCTCTGAGTGTCACGTTAATACAGGAAACTACAAATACGTCTTT,2750,1,clonotype11,None
GACCTGGAGCTAACTC-1,True,GACCTGGAGCTAACTC-1_contig_1,True,539,TRA,TRAV8-1,None,TRAJ48,TRAC,True,True,CATDGNEKITF,TGTGCTACTGATGGAAATGAGAAAATAACTTTT,3296,3,clonotype387,clonotype387_consensus_4
GACCTGGAGCTAACTC-1,True,GACCTGGAGCTAACTC-1_contig_2,True,550,TRB,TRBV12-2+TRBV13-2,None,TRBJ1-3,TRBC1,True,True,CASAPGNTLYF,TGTGCCAGCGCCCCTGGAAATACGCTCTATTTT,1188,2,clonotype387,clonotype387_consensus_2
GACCTGGAGCTAACTC-1,True,GACCTGGAGCTAACTC-1_contig_3,True,555,TRA,TRAV8D-2,None,TRAJ4,TRAC,True,True,CATDPGSFNKLTF,TGTGCTACAGATCCTGGTAGCTTCAATAAGTTGACCTTT,8388,8,clonotype387,clonotype387_consensus_1
GACCTGGAGCTAACTC-1,True,GACCTGGAGCTAACTC-1_contig_4,True,568,TRB,TRBV12-2+TRBV13-2,None,TRBJ2-1,None,True,True,CASGAGDYAEQFF,TGTGCCAGCGGTGCTGGGGACTATGCTGAGCAGTTCTTC,15988,14,clonotype387,clonotype387_consensus_3
GACCTGGAGCTAACTC-1,True,GACCTGGAGCTAACTC-1_contig_5,True,330,TRB,None,None,TRBJ2-7,None,False,False,None,None,3238,2,clonotype387,None
GACCTGGCAGGTGCCT-1,True,GACCTGGCAGGTGCCT-1_contig_1,True,549,TRB,TRBV16,None,TRBJ2-5,None,True,True,CASSLGGFQDTQYF,TGTGCAAGCAGCTTAGGGGGATTCCAAGACACCCAGTACTTT,8590,9,clonotype388,clonotype388_consensus_2
GACCTGGCAGGTGCCT-1,True,GACCTGGCAGGTGCCT-1_contig_2,True,528,TRA,TRAV4-3,None,TRAJ50,TRAC,True,True,CAAPSSSFSKLVF,TGTGCTGCGCCATCCTCCTCCTTCAGCAAGCTGGTGTTT,1306,1,clonotype388,clonotype388_consensus_1
GACCTGGGTGAACCTT-1,True,GACCTGGGTGAACCTT-1_contig_1,True,549,TRB,TRBV16,None,TRBJ2-5,None,True,True,CASSLGGGQDTQYF,TGTGCAAGCAGCTTAGGGGGGGGCCAAGACACCCAGTACTTT,12728,17,clonotype15,clonotype15_consensus_1
GACCTGGGTGAACCTT-1,True,GACCTGGGTGAACCTT-1_contig_2,True,571,TRA,TRAV4D-3,None,TRAJ27,TRAC,True,True,CAADGPNTGKLTF,TGTGCTGCGGACGGACCCAATACAGGCAAATTAACCTTT,16768,14,clonotype15,clonotype15_consensus_2
GACCTGGGTTCGAATC-1,True,GACCTGGGTTCGAATC-1_contig_1,True,541,TRA,TRAV8D-1,None,TRAJ30,TRAC,True,True,CALDTNAYKVIF,TGTGCCCTCGACACAAATGCTTACAAAGTCATCTTT,4438,3,clonotype389,clonotype389_consensus_1
GACCTGGTCCACGTTC-1,True,GACCTGGTCCACGTTC-1_contig_1,True,580,TRA,TRAV16D-DV11,None,TRAJ9,TRAC,True,True,CAMRESNMGYKLTF,TGTGCTATGAGAGAGAGCAACATGGGCTACAAACTTACCTTC,2620,3,clonotype108,clonotype108_consensus_1
GACCTGGTCCACGTTC-1,True,GACCTGGTCCACGTTC-1_contig_2,True,525,TRB,TRBV17,None,TRBJ2-5,None,True,True,CASSRKGSQDTQYF,TGTGCTAGCAGTAGAAAGGGGAGCCAAGACACCCAGTACTTT,8768,6,clonotype108,clonotype108_consensus_2
GACCTGGTCTATCCTA-1,True,GACCTGGTCTATCCTA-1_contig_1,True,523,TRA,TRAV14N-3,None,TRAJ6,TRAC,True,True,CAARTSGGNYKPTF,TGTGCAGCAAGAACCTCAGGAGGAAACTACAAACCTACGTTT,7464,8,clonotype4,clonotype4_consensus_2
GACCTGGTCTATCCTA-1,True,GACCTGGTCTATCCTA-1_contig_2,True,549,TRA,TRAV8N-2,None,TRAJ13,TRAC,True,True,CATEDSGTYQRF,TGTGCTACTGAGGATTCTGGGACTTACCAGAGGTTT,4538,4,clonotype4,clonotype4_consensus_1
GACCTGGTCTATCCTA-1,True,GACCTGGTCTATCCTA-1_contig_3,True,591,TRB,TRBV12-2+TRBV13-2,None,TRBJ2-7,None,True,True,CASGTGGDYEQYF,TGTGCCAGCGGGACTGGGGGGGACTATGAACAGTACTTC,16370,15,clonotype4,clonotype4_consensus_3
GACGCGTAGAGGGCTT-1,True,GACGCGTAGAGGGCTT-1_contig_1,True,558,TRA,TRAV19,None,TRAJ39,TRAC,True,True,CAAGGNNAGAKLTF,TGCGCAGCAGGTGGGAATAATGCAGGTGCCAAGCTCACATTC,8210,6,clonotype1,clonotype1_consensus_2
GACGCGTAGAGGGCTT-1,True,GACGCGTAGAGGGCTT-1_contig_2,True,568,TRB,TRBV12-2+TRBV13-2,None,TRBJ1-2,TRBC1,True,True,CASGGGTGNSDYTF,TGTGCCAGCGGTGGGGGGACAGGGAACTCCGACTACACCTTC,14130,13,clonotype1,clonotype1_consensus_1
GACGCGTAGAGGGCTT-1,True,GACGCGTAGAGGGCTT-1_contig_3,True,339,TRB,None,None,TRBJ2-1,None,False,False,None,None,7242,4,clonotype1,None
GACGCGTAGAGGGCTT-1,True,GACGCGTAGAGGGCTT-1_contig_4,True,517,TRA,TRAV7-5,None,TRAJ45,TRAC,True,False,CSDTEGADRLTF,TGCAGTGATACAGAAGGTGCAGATAGACTCACCTTT,1566,1,clonotype1,None
GACGCGTAGTGCTGCC-1,True,GACGCGTAGTGCTGCC-1_contig_1,True,512,TRB,TRBV29,None,TRBJ2-5,None,True,True,CASSPPGQGADTQYF,TGTGCTAGCAGTCCCCCGGGACAGGGGGCAGACACCCAGTACTTT,652,3,clonotype390,clonotype390_consensus_1
GACGCGTAGTGCTGCC-1,True,GACGCGTAGTGCTGCC-1_contig_2,True,661,TRA,TRAV9-4,None,TRAJ33,TRAC,True,True,CAVSASNYQLIW,TGTGCTGTGAGCGCGAGCAACTATCAGTTGATCTGG,2036,1,clonotype390,clonotype390_consensus_2
GACGCGTAGTTGAGTA-1,True,GACGCGTAGTTGAGTA-1_contig_1,True,567,TRB,TRBV12-2+TRBV13-2,None,TRBJ1-2,TRBC1,True,True,CASGGGTGNSDYTF,TGTGCCAGCGGTGGGGGGACAGGGAACTCCGACTACACCTTC,6804,6,clonotype7,clonotype7_consensus_1
GACGCGTTCGCTGATA-1,True,GACGCGTTCGCTGATA-1_contig_1,True,549,TRB,TRBV16,None,TRBJ2-5,None,True,True,CASSLGGGQDTQYF,TGTGCAAGCAGCTTAGGGGGGGGCCAAGACACCCAGTACTTT,4504,5,clonotype8,clonotype8_consensus_1
GACGCGTTCGCTGATA-1,True,GACGCGTTCGCTGATA-1_contig_2,True,541,TRA,TRAV4D-3,None,TRAJ27,TRAC,True,True,CAADGPNTGKLTF,TGTGCTGCGGACGGACCCAATACAGGCAAATTAACCTTT,2738,2,clonotype8,clonotype8_consensus_2
GACGCGTTCGCTGATA-1,True,GACGCGTTCGCTGATA-1_contig_3,True,525,TRA,TRAV7N-6,None,TRAJ30,TRAC,True,True,CAVVDTNAYKVIF,TGTGCAGTGGTTGACACAAATGCTTACAAAGTCATCTTT,2384,1,clonotype8,clonotype8_consensus_3
GACGCGTTCGTGACAT-1,True,GACGCGTTCGTGACAT-1_contig_1,True,612,TRB,TRBV26,None,TRBJ1-1,TRBC1,True,True,CASSRGNTEVFF,TGTGCCAGCAGCCGCGGAAACACAGAAGTCTTCTTT,8974,8,clonotype27,clonotype27_consensus_2
GACGCGTTCGTGACAT-1,True,GACGCGTTCGTGACAT-1_contig_2,True,599,TRA,TRAV3-4,None,TRAJ49,TRAC,True,True,CAVRGGYQNFYF,TGCGCAGTCAGGGGGGGTTACCAGAACTTCTATTTT,2972,6,clonotype27,clonotype27_consensus_1
GACGCGTTCTTGACGA-1,True,GACGCGTTCTTGACGA-1_contig_1,True,522,TRB,TRBV5,None,TRBJ1-5,TRBC1,True,True,CASSHPGQNNQAPLF,TGTGCCAGCAGCCACCCGGGACAGAACAACCAGGCTCCGCTTTTT,15468,11,clonotype142,clonotype142_consensus_1
GACGCGTTCTTGACGA-1,True,GACGCGTTCTTGACGA-1_contig_2,True,600,TRA,TRAV12D-3,None,TRAJ26,TRAC,True,True,CALSESYAQGLTF,TGTGCTCTGAGTGAGAGCTATGCCCAGGGATTAACCTTC,4644,3,clonotype142,clonotype142_consensus_2
GACGCGTTCTTGACGA-1,True,GACGCGTTCTTGACGA-1_contig_3,True,411,TRA,None,None,TRAJ12,TRAC,False,False,None,None,2708,3,clonotype142,None
GACGCGTTCTTGACGA-1,True,GACGCGTTCTTGACGA-1_contig_4,True,542,TRB,TRBV10,None,TRBJ2-7,None,True,False,None,None,2798,2,clonotype142,None
GACGGCTCAGGGCATA-1,True,GACGGCTCAGGGCATA-1_contig_1,True,518,TRA,TRAV8-1,None,TRAJ30,TRAC,True,True,CASDTNAYKVIF,TGTGCTTCTGACACAAATGCTTACAAAGTCATCTTT,2334,3,clonotype23,clonotype23_consensus_2
GACGGCTCAGGGCATA-1,True,GACGGCTCAGGGCATA-1_contig_2,True,564,TRB,TRBV12-2+TRBV13-2,None,TRBJ1-5,TRBC1,True,True,CASGTGDNQAPLF,TGTGCCAGCGGGACAGGGGACAACCAGGCTCCGCTTTTT,6302,8,clonotype23,clonotype23_consensus_1
GACGGCTCAGGGCATA-1,True,GACGGCTCAGGGCATA-1_contig_3,True,367,TRB,None,None,TRBJ2-7,None,False,False,None,None,6358,6,clonotype23,None
GACGGCTGTACTCTCC-1,True,GACGGCTGTACTCTCC-1_contig_1,True,518,TRA,TRAV13N-1,None,TRAJ13,TRAC,True,True,CAMERGNSGTYQRF,TGTGCTATGGAACGTGGGAATTCTGGGACTTACCAGAGGTTT,4920,4,clonotype391,clonotype391_consensus_1
GACGGCTGTACTCTCC-1,True,GACGGCTGTACTCTCC-1_contig_2,True,562,TRB,TRBV12-2+TRBV13-2,None,TRBJ1-1,TRBC1,True,True,CASGAGGREVFF,TGTGCCAGCGGGGCAGGGGGCAGAGAAGTCTTCTTT,1326,1,clonotype391,clonotype391_consensus_2
GACGGCTTCCAATGGT-1,True,GACGGCTTCCAATGGT-1_contig_1,True,545,TRA,TRAV16D-DV11,None,TRAJ26,TRAC,True,True,CAMREENNYAQGLTF,TGTGCTATGAGAGAGGAAAATAACTATGCCCAGGGATTAACCTTC,4168,5,clonotype12,clonotype12_consensus_2
GACGGCTTCCAATGGT-1,True,GACGGCTTCCAATGGT-1_contig_2,True,512,TRB,TRBV13-1,None,TRBJ2-3,None,True,True,CASGDSAETLYF,TGTGCCAGCGGGGACAGTGCAGAAACGCTGTATTTT,10412,9,clonotype12,clonotype12_consensus_1
GACGGCTTCCAATGGT-1,True,GACGGCTTCCAATGGT-1_contig_3,True,370,TRB,None,None,TRBJ1-6,TRBC1,False,False,None,None,2040,2,clonotype12,None
GACGGCTTCCAATGGT-1,True,GACGGCTTCCAATGGT-1_contig_4,True,567,TRA,TRAV3D-3,None,TRAJ28,TRAC,True,False,CTSAQSVRGTGSNRLTF,TGTACTTCTGCGCAGTCAGTGAGGGGCACTGGGAGTAACAGGCTCACTTTT,1142,2,clonotype12,None
GACGGCTTCCACGACG-1,True,GACGGCTTCCACGACG-1_contig_1,True,549,TRB,TRBV16,None,TRBJ2-5,None,True,True,CASSLGGGQDTQYF,TGTGCAAGCAGCTTAGGGGGGGGCCAAGACACCCAGTACTTT,1774,1,clonotype15,clonotype15_consensus_1
GACGGCTTCCACGACG-1,True,GACGGCTTCCACGACG-1_contig_2,True,559,TRA,TRAV4D-3,None,TRAJ27,TRAC,True,True,CAADGPNTGKLTF,TGTGCTGCGGACGGACCCAATACAGGCAAATTAACCTTT,3524,2,clonotype15,clonotype15_consensus_2
GACGGCTTCCACGACG-1,True,GACGGCTTCCACGACG-1_contig_3,True,378,TRB,None,None,TRBJ1-3,TRBC1,False,False,None,None,1566,1,clonotype15,None
GACGGCTTCCTCAATT-1,True,GACGGCTTCCTCAATT-1_contig_1,True,542,TRA,TRAV9-1,None,TRAJ26,TRAC,True,True,CAVSADYAQGLTF,TGTGCTGTGAGCGCGGACTATGCCCAGGGATTAACCTTC,518,1,clonotype143,clonotype143_consensus_1
GACGGCTTCCTCAATT-1,True,GACGGCTTCCTCAATT-1_contig_2,True,914,TRB,TRBV12-2+TRBV13-2,None,TRBJ2-7,None,True,True,CASGGGLGSEQYF,TGTGCCAGCGGTGGGGGACTGGGGAGTGAACAGTACTTC,1392,4,clonotype143,clonotype143_consensus_2
GACGGCTTCGTTACGA-1,True,GACGGCTTCGTTACGA-1_contig_1,True,561,TRA,TRAV14N-3,None,TRAJ6,TRAC,True,True,CAARTSGGNYKPTF,TGTGCAGCAAGAACCTCAGGAGGAAACTACAAACCTACGTTT,11874,5,clonotype4,clonotype4_consensus_2
GACGGCTTCGTTACGA-1,True,GACGGCTTCGTTACGA-1_contig_2,True,549,TRA,TRAV8N-2,None,TRAJ13,TRAC,True,True,CATEDSGTYQRF,TGTGCTACTGAGGATTCTGGGACTTACCAGAGGTTT,19558,11,clonotype4,clonotype4_consensus_1
GACGGCTTCGTTACGA-1,True,GACGGCTTCGTTACGA-1_contig_3,True,567,TRB,TRBV12-2+TRBV13-2,None,TRBJ2-7,None,True,True,CASGTGGDYEQYF,TGTGCCAGCGGGACTGGGGGGGACTATGAACAGTACTTC,9894,11,clonotype4,clonotype4_consensus_3
GACGGCTTCTGTCCGT-1,True,GACGGCTTCTGTCCGT-1_contig_1,True,549,TRB,TRBV16,None,TRBJ2-5,None,True,True,CASSWGGGQDTQYF,TGTGCAAGCAGCTGGGGGGGCGGGCAAGACACCCAGTACTTT,17446,19,clonotype44,clonotype44_consensus_1
GACGGCTTCTGTCCGT-1,True,GACGGCTTCTGTCCGT-1_contig_2,True,553,TRA,TRAV6-6,None,TRAJ39,TRAC,True,True,CALGDWNNAGAKLTF,TGTGCTCTGGGTGATTGGAATAATGCAGGTGCCAAGCTCACATTC,14986,8,clonotype44,clonotype44_consensus_2
GACGGCTTCTGTCCGT-1,True,GACGGCTTCTGTCCGT-1_contig_3,True,473,TRA,None,None,TRAJ18,TRAC,False,False,None,None,2664,3,clonotype44,None
GACGGCTTCTGTCCGT-1,True,GACGGCTTCTGTCCGT-1_contig_4,True,728,TRB,TRBV10,None,TRBJ1-6,TRBC1,True,False,CQQLRGGAYNSPLYF,TGCCAGCAGCTAAGAGGGGGAGCCTATAATTCGCCCCTCTACTTT,5622,4,clonotype44,None
GACGGCTTCTGTCCGT-1,True,GACGGCTTCTGTCCGT-1_contig_5,True,377,TRB,None,None,TRBJ2-1,None,False,False,None,None,16940,8,clonotype44,None
GACGTGCTCCGCGGTA-1,True,GACGTGCTCCGCGGTA-1_contig_1,True,505,TRB,TRBV13-1,None,TRBJ2-4,None,True,True,CASSEGTNTLYF,TGTGCCAGCAGTGAAGGAACAAACACCTTGTACTTT,24778,18,clonotype6,clonotype6_consensus_1
GACGTGCTCCGCGGTA-1,True,GACGTGCTCCGCGGTA-1_contig_2,True,428,TRA,TRAV9D-2,None,TRAJ26,TRAC,True,False,CVLSRGNNYAQGLTF,TGTGTTCTGAGCAGGGGCAATAACTATGCCCAGGGATTAACCTTC,12922,7,clonotype6,None
GACGTGCTCCTGTAGA-1,True,GACGTGCTCCTGTAGA-1_contig_1,True,593,TRA,TRAV19,None,TRAJ39,TRAC,True,True,CAAGGNNAGAKLTF,TGCGCAGCAGGTGGGAATAATGCAGGTGCCAAGCTCACATTC,2940,2,clonotype1,clonotype1_consensus_2
GACGTGCTCCTGTAGA-1,True,GACGTGCTCCTGTAGA-1_contig_2,True,570,TRB,TRBV12-2+TRBV13-2,None,TRBJ1-2,TRBC1,True,True,CASGGGTGNSDYTF,TGTGCCAGCGGTGGGGGGACAGGGAACTCCGACTACACCTTC,9278,8,clonotype1,clonotype1_consensus_1
GACGTTAAGGCATGTG-1,True,GACGTTAAGGCATGTG-1_contig_1,True,512,TRB,TRBV13-1,None,TRBJ2-5,None,True,True,CASSDGDDTQYF,TGTGCCAGCAGTGACGGGGACGACACCCAGTACTTT,4124,3,clonotype174,clonotype174_consensus_1
GACGTTAAGGCATGTG-1,True,GACGTTAAGGCATGTG-1_contig_2,True,531,TRA,TRAV9D-2,None,TRAJ2,TRAC,True,False,CSERGGLSGKLTF,TGTTCTGAGCGCGGAGGACTAAGTGGTAAATTAACATTC,112,1,clonotype174,None
GACGTTAAGGCATGTG-1,True,GACGTTAAGGCATGTG-1_contig_3,True,528,TRB,None,None,TRBJ1-2,TRBC1,False,False,None,None,1920,1,clonotype174,None
GACGTTACACACCGAC-1,True,GACGTTACACACCGAC-1_contig_1,True,520,TRA,TRAV7D-2,None,TRAJ6,TRAC,True,True,CAAPTSGGNYKPTF,TGTGCAGCCCCAACCTCAGGAGGAAACTACAAACCTACGTTT,4028,3,clonotype133,clonotype133_consensus_2
GACGTTACACACCGAC-1,True,GACGTTACACACCGAC-1_contig_2,True,520,TRB,TRBV13-2,None,TRBJ2-7,None,True,True,CASGEGQNYEQYF,TGTGCCAGCGGTGAGGGACAGAATTATGAACAGTACTTC,1698,1,clonotype133,clonotype133_consensus_1
GACGTTACACCTTGTC-1,True,GACGTTACACCTTGTC-1_contig_1,True,552,TRA,TRAV8-1,None,TRAJ30,TRAC,True,True,CATDTNAYKVIF,TGTGCTACTGACACAAATGCTTACAAAGTCATCTTT,7618,4,clonotype13,clonotype13_consensus_1
GACGTTACACCTTGTC-1,True,GACGTTACACCTTGTC-1_contig_2,True,569,TRB,TRBV12-2+TRBV13-2,None,TRBJ1-5,TRBC1,True,True,CASGTGDNQAPLF,TGTGCCAGCGGGACAGGGGACAACCAGGCTCCGCTTTTT,9676,6,clonotype13,clonotype13_consensus_2
GACGTTACACCTTGTC-1,True,GACGTTACACCTTGTC-1_contig_3,True,533,TRA,TRAV4-3,None,TRAJ23,TRAC,True,False,None,None,6822,6,clonotype13,None
GACGTTACACGAAATA-1,True,GACGTTACACGAAATA-1_contig_1,True,519,TRA,TRAV6-6,None,TRAJ24,TRAC,True,True,CAPLTTASLGKLQF,TGTGCTCCGTTGACAACTGCCAGTTTGGGGAAACTGCAGTTT,3922,3,clonotype69,clonotype69_consensus_3
GACGTTACACGAAATA-1,True,GACGTTACACGAAATA-1_contig_2,True,558,TRA,TRAV19,None,TRAJ39,TRAC,True,True,CAAGGNNAGAKLTF,TGCGCAGCAGGTGGGAATAATGCAGGTGCCAAGCTCACATTC,7072,9,clonotype69,clonotype69_consensus_4
GACGTTACACGAAATA-1,True,GACGTTACACGAAATA-1_contig_3,True,505,TRB,TRBV13-1,None,TRBJ2-4,None,True,True,CASSEGTNTLYF,TGTGCCAGCAGTGAAGGAACAAACACCTTGTACTTT,13088,15,clonotype69,clonotype69_consensus_2
GACGTTACACGAAATA-1,True,GACGTTACACGAAATA-1_contig_4,True,629,TRB,TRBV12-2+TRBV13-2,None,TRBJ1-2,TRBC1,True,True,CASGGGTGNSDYTF,TGTGCCAGCGGTGGGGGGACAGGGAACTCCGACTACACCTTC,33896,44,clonotype69,clonotype69_consensus_1
GACGTTACACGAAATA-1,True,GACGTTACACGAAATA-1_contig_5,True,359,TRB,None,None,TRBJ2-1,None,False,False,None,None,13034,9,clonotype69,None
GACGTTACACGAAATA-1,True,GACGTTACACGAAATA-1_contig_6,True,377,TRB,None,None,TRBJ2-5,None,False,False,None,None,4842,4,clonotype69,None
GACGTTACACGTTGGC-1,True,GACGTTACACGTTGGC-1_contig_1,True,593,TRA,TRAV19,None,TRAJ39,TRAC,True,True,CAAGGNNAGAKLTF,TGCGCAGCAGGTGGGAATAATGCAGGTGCCAAGCTCACATTC,4088,2,clonotype1,clonotype1_consensus_2
GACGTTACACGTTGGC-1,True,GACGTTACACGTTGGC-1_contig_2,True,601,TRB,TRBV12-2+TRBV13-2,None,TRBJ1-2,TRBC1,True,True,CASGGGTGNSDYTF,TGTGCCAGCGGTGGGGGGACAGGGAACTCCGACTACACCTTC,34880,31,clonotype1,clonotype1_consensus_1
GACGTTAGTAGCTCCG-1,True,GACGTTAGTAGCTCCG-1_contig_1,True,509,TRB,TRBV13-1,None,TRBJ2-4,None,True,True,CASSEGTNTLYF,TGTGCCAGCAGTGAAGGAACAAACACCTTGTACTTT,2240,3,clonotype9,clonotype9_consensus_1
GACGTTAGTAGCTCCG-1,True,GACGTTAGTAGCTCCG-1_contig_2,True,732,TRA,TRAV9D-2,None,TRAJ26,TRAC,True,True,CVLSRGNNYAQGLTF,TGTGTTCTGAGCAGGGGCAATAACTATGCCCAGGGATTAACCTTC,7784,4,clonotype9,clonotype9_consensus_2
GACGTTATCGGCGCAT-1,True,GACGTTATCGGCGCAT-1_contig_1,True,519,TRA,TRAV6-6,None,TRAJ24,TRAC,True,True,CAPLTTASLGKLQF,TGTGCTCCGTTGACAACTGCCAGTTTGGGGAAACTGCAGTTT,5834,4,clonotype3,clonotype3_consensus_2
GACGTTATCGGCGCAT-1,True,GACGTTATCGGCGCAT-1_contig_2,True,512,TRB,TRBV13-1,None,TRBJ2-4,None,True,True,CASSEGTNTLYF,TGTGCCAGCAGTGAAGGAACAAACACCTTGTACTTT,42700,37,clonotype3,clonotype3_consensus_1
GACGTTATCGGCGCAT-1,True,GACGTTATCGGCGCAT-1_contig_3,True,772,TRA,TRAV9D-2,None,TRAJ26,TRAC,True,True,CVLSRGNNYAQGLTF,TGTGTTCTGAGCAGGGGCAATAACTATGCCCAGGGATTAACCTTC,7910,5,clonotype3,clonotype3_consensus_3
GACGTTATCGGCGCAT-1,True,GACGTTATCGGCGCAT-1_contig_4,True,395,TRA,None,None,TRAJ18,TRAC,False,False,None,None,3446,2,clonotype3,None
GACTAACAGAAGGTGA-1,True,GACTAACAGAAGGTGA-1_contig_1,True,569,TRB,TRBV12-2,None,TRBJ2-5,None,True,True,CASSLQGVQDTQYF,TGTGCCAGCTCTCTCCAGGGAGTCCAAGACACCCAGTACTTT,4002,3,clonotype392,clonotype392_consensus_1
GACTAACAGGCTAGGT-1,True,GACTAACAGGCTAGGT-1_contig_1,True,512,TRB,TRBV13-1,None,TRBJ2-1,None,True,True,CASGGAYAEQFF,TGTGCCAGCGGGGGGGCGTATGCTGAGCAGTTCTTC,4816,5,clonotype107,clonotype107_consensus_1
GACTAACAGGCTAGGT-1,True,GACTAACAGGCTAGGT-1_contig_2,True,566,TRA,TRAV12-2,None,TRAJ34,TRAC,True,True,CALSGNTNKVVF,TGTGCTTTGAGTGGCAATACCAACAAAGTCGTCTTT,4222,3,clonotype107,clonotype107_consensus_2
GACTAACAGTCCCACG-1,True,GACTAACAGTCCCACG-1_contig_1,True,566,TRA,TRAV3-3,None,TRAJ26,TRAC,True,True,CAVSEDNYAQGLTF,TGCGCAGTCAGTGAGGATAACTATGCCCAGGGATTAACCTTC,5078,5,clonotype192,clonotype192_consensus_1
GACTAACAGTCCCACG-1,True,GACTAACAGTCCCACG-1_contig_2,True,651,TRB,TRBV2,None,TRBJ2-3,None,True,True,CASSQDGGGRFAETLYF,TGTGCCAGCAGCCAAGATGGGGGGGGGCGCTTTGCAGAAACGCTGTATTTT,3054,3,clonotype192,clonotype192_consensus_2
GACTAACAGTCCCACG-1,True,GACTAACAGTCCCACG-1_contig_3,True,355,TRB,None,None,TRBJ2-1,None,False,False,None,None,3160,3,clonotype192,None
GACTAACGTACACCGC-1,True,GACTAACGTACACCGC-1_contig_1,True,556,TRA,TRAV19,None,TRAJ39,TRAC,True,True,CAAGGNNAGAKLTF,TGCGCAGCAGGTGGGAATAATGCAGGTGCCAAGCTCACATTC,2402,2,clonotype1,clonotype1_consensus_2
GACTAACGTACACCGC-1,True,GACTAACGTACACCGC-1_contig_2,True,591,TRB,TRBV12-2+TRBV13-2,None,TRBJ1-2,TRBC1,True,True,CASGGGTGNSDYTF,TGTGCCAGCGGTGGGGGGACAGGGAACTCCGACTACACCTTC,5522,3,clonotype1,clonotype1_consensus_1
GACTAACTCCGTACAA-1,True,GACTAACTCCGTACAA-1_contig_1,True,519,TRA,TRAV6-6,None,TRAJ24,TRAC,True,True,CAPLTTASLGKLQF,TGTGCTCCGTTGACAACTGCCAGTTTGGGGAAACTGCAGTTT,10778,9,clonotype3,clonotype3_consensus_2
GACTAACTCCGTACAA-1,True,GACTAACTCCGTACAA-1_contig_2,True,512,TRB,TRBV13-1,None,TRBJ2-4,None,True,True,CASSEGTNTLYF,TGTGCCAGCAGTGAAGGAACAAACACCTTGTACTTT,60222,53,clonotype3,clonotype3_consensus_1
GACTAACTCCGTACAA-1,True,GACTAACTCCGTACAA-1_contig_3,True,703,TRA,TRAV9D-2,None,TRAJ26,TRAC,True,True,CVLSRGNNYAQGLTF,TGTGTTCTGAGCAGGGGCAATAACTATGCCCAGGGATTAACCTTC,2996,3,clonotype3,clonotype3_consensus_3
GACTAACTCGACAGCC-1,True,GACTAACTCGACAGCC-1_contig_1,True,502,TRB,TRBV13-1,None,TRBJ2-5,None,True,True,CASSDAGTQYF,TGTGCCAGCAGTGATGCGGGCACCCAGTACTTT,1494,2,clonotype393,clonotype393_consensus_3
GACTAACTCGACAGCC-1,True,GACTAACTCGACAGCC-1_contig_2,True,573,TRA,TRAV16N,None,TRAJ22,TRAC,True,True,CAMREAASSGSWQLIF,TGTGCTATGAGAGAGGCAGCATCTTCTGGCAGCTGGCAACTCATCTTT,2624,1,clonotype393,clonotype393_consensus_2
GACTAACTCGACAGCC-1,True,GACTAACTCGACAGCC-1_contig_3,True,698,TRB,TRBV19,None,TRBJ1-3,TRBC1,True,True,CASTHRDSGNTLYF,TGTGCCAGCACCCACAGGGATTCTGGAAATACGCTCTATTTT,3588,3,clonotype393,clonotype393_consensus_1
GACTAACTCGACAGCC-1,True,GACTAACTCGACAGCC-1_contig_4,True,674,TRB,None,None,TRBJ2-3,None,False,False,None,None,364,2,clonotype393,None
GACTAACTCGACAGCC-1,True,GACTAACTCGACAGCC-1_contig_5,True,648,TRA,TRAV15-1-DV6-1,None,TRAJ34,TRAC,True,False,CALWGSSNTNKVVF,TGTGCTCTCTGGGGGTCTTCCAATACCAACAAAGTCGTCTTT,1436,1,clonotype393,None
GACTAACTCGATAGAA-1,True,GACTAACTCGATAGAA-1_contig_1,True,572,TRA,TRAV19,None,TRAJ39,TRAC,True,True,CAAGGNNAGAKLTF,TGCGCAGCAGGTGGGAATAATGCAGGTGCCAAGCTCACATTC,16080,9,clonotype1,clonotype1_consensus_2
GACTAACTCGATAGAA-1,True,GACTAACTCGATAGAA-1_contig_2,True,572,TRB,TRBV12-2+TRBV13-2,None,TRBJ1-2,TRBC1,True,True,CASGGGTGNSDYTF,TGTGCCAGCGGTGGGGGGACAGGGAACTCCGACTACACCTTC,10430,10,clonotype1,clonotype1_consensus_1
GACTAACTCGCCAAAT-1,True,GACTAACTCGCCAAAT-1_contig_1,True,523,TRA,TRAV8D-1,None,TRAJ30,TRAC,True,True,CATDTNAYKVIF,TGTGCTACTGACACAAATGCTTACAAAGTCATCTTT,5364,5,clonotype31,clonotype31_consensus_1
GACTAACTCGCCAAAT-1,True,GACTAACTCGCCAAAT-1_contig_2,True,564,TRB,TRBV12-2+TRBV13-2,None,TRBJ1-5,TRBC1,True,True,CASGTGDNQAPLF,TGTGCCAGCGGTACAGGAGACAACCAGGCTCCGCTTTTT,3370,3,clonotype31,clonotype31_consensus_2
GACTAACTCGCCAAAT-1,True,GACTAACTCGCCAAAT-1_contig_3,True,357,TRB,None,None,TRBJ2-7,None,False,False,None,None,1978,1,clonotype31,None
GACTACAAGACCTAGG-1,True,GACTACAAGACCTAGG-1_contig_1,True,544,TRA,TRAV8-1,None,TRAJ30,TRAC,True,True,CATDTNAYKVIF,TGTGCGACTGACACAAATGCTTACAAAGTCATCTTT,12488,7,clonotype394,clonotype394_consensus_2
GACTACAAGACCTAGG-1,True,GACTACAAGACCTAGG-1_contig_2,True,567,TRB,TRBV12-2+TRBV13-2,None,TRBJ1-5,TRBC1,True,True,CASGTGDNQAPLF,TGTGCCAGCGGTACAGGGGACAACCAGGCTCCGCTTTTT,17936,15,clonotype394,clonotype394_consensus_1
GACTACAAGACCTAGG-1,True,GACTACAAGACCTAGG-1_contig_3,True,523,TRA,TRAV4-3,None,TRAJ31,TRAC,True,False,None,None,3160,4,clonotype394,None
GACTACAAGACCTAGG-1,True,GACTACAAGACCTAGG-1_contig_4,True,428,TRB,None,None,TRBJ2-5,None,False,False,None,None,23044,12,clonotype394,None
GACTACAAGAGAACAG-1,True,GACTACAAGAGAACAG-1_contig_1,True,501,TRB,TRBV13-1,None,TRBJ2-4,None,True,True,CASSEGTNTLYF,TGTGCCAGCAGTGAAGGAACAAACACCTTGTACTTT,3420,3,clonotype6,clonotype6_consensus_1
GACTGCGAGCAGACTG-1,True,GACTGCGAGCAGACTG-1_contig_1,True,549,TRA,TRAV6-6,None,TRAJ24,TRAC,True,True,CAPLTTASLGKLQF,TGTGCTCCGTTGACAACTGCCAGTTTGGGGAAACTGCAGTTT,10312,8,clonotype3,clonotype3_consensus_2
GACTGCGAGCAGACTG-1,True,GACTGCGAGCAGACTG-1_contig_2,True,512,TRB,TRBV13-1,None,TRBJ2-4,None,True,True,CASSEGTNTLYF,TGTGCCAGCAGTGAAGGAACAAACACCTTGTACTTT,59132,45,clonotype3,clonotype3_consensus_1
GACTGCGAGCAGACTG-1,True,GACTGCGAGCAGACTG-1_contig_3,True,704,TRA,TRAV9D-2,None,TRAJ26,TRAC,True,True,CVLSRGNNYAQGLTF,TGTGTTCTGAGCAGGGGCAATAACTATGCCCAGGGATTAACCTTC,6402,3,clonotype3,clonotype3_consensus_3
GACTGCGAGCAGACTG-1,True,GACTGCGAGCAGACTG-1_contig_4,True,476,TRB,None,None,TRBJ2-7,None,False,False,None,None,1140,1,clonotype3,None
GACTGCGAGGTCATCT-1,True,GACTGCGAGGTCATCT-1_contig_1,True,519,TRA,TRAV6-6,None,TRAJ24,TRAC,True,True,CAPLTTASLGKLQF,TGTGCTCCGTTGACAACTGCCAGTTTGGGGAAACTGCAGTTT,1492,1,clonotype2,clonotype2_consensus_2
GACTGCGAGGTCATCT-1,True,GACTGCGAGGTCATCT-1_contig_2,True,512,TRB,TRBV13-1,None,TRBJ2-4,None,True,True,CASSEGTNTLYF,TGTGCCAGCAGTGAAGGAACAAACACCTTGTACTTT,10112,8,clonotype2,clonotype2_consensus_1
GACTGCGAGGTCATCT-1,True,GACTGCGAGGTCATCT-1_contig_3,True,430,TRA,TRAV9D-2,None,TRAJ26,TRAC,True,False,CVLSRGNNYAQGLTF,TGTGTTCTGAGCAGGGGCAATAACTATGCCCAGGGATTAACCTTC,7694,4,clonotype2,None
GACTGCGGTAAACCTC-1,True,GACTGCGGTAAACCTC-1_contig_1,True,555,TRA,TRAV3-3,None,TRAJ49,TRAC,True,True,CAVSGATGYQNFYF,TGCGCAGTCAGTGGGGCCACGGGTTACCAGAACTTCTATTTT,17656,13,clonotype10,clonotype10_consensus_3
GACTGCGGTAAACCTC-1,True,GACTGCGGTAAACCTC-1_contig_2,True,507,TRA,TRAV21-DV12,None,TRAJ42,TRAC,True,True,CILRVHGGSNAKLTF,TGTATCCTGAGAGTCCATGGAGGAAGCAATGCAAAGCTAACCTTC,14902,12,clonotype10,clonotype10_consensus_1
GACTGCGGTAAACCTC-1,True,GACTGCGGTAAACCTC-1_contig_3,True,580,TRB,TRBV12-2+TRBV13-2,None,TRBJ2-7,None,True,True,CASGVQGEQYF,TGTGCCAGCGGTGTTCAGGGAGAACAGTACTTC,30228,32,clonotype10,clonotype10_consensus_2
GACTGCGGTAAACCTC-1,True,GACTGCGGTAAACCTC-1_contig_4,True,440,TRB,TRBV13-1,None,TRBJ2-4,None,True,False,CASSEGTNTLYF,TGTGCCAGCAGTGAAGGAACAAACACCTTGTACTTT,516,1,clonotype10,None
GACTGCGGTAAACCTC-1,True,GACTGCGGTAAACCTC-1_contig_5,True,356,TRB,None,None,TRBJ2-1,None,False,False,None,None,8632,15,clonotype10,None
GACTGCGGTAACGACG-1,True,GACTGCGGTAACGACG-1_contig_1,True,566,TRA,TRAV3-3,None,TRAJ49,TRAC,True,True,CAVSGSTGYQNFYF,TGCGCAGTCAGTGGGAGCACGGGTTACCAGAACTTCTATTTT,6070,4,clonotype5,clonotype5_consensus_1
GACTGCGGTAACGACG-1,True,GACTGCGGTAACGACG-1_contig_2,True,558,TRB,TRBV12-2+TRBV13-2,None,TRBJ2-7,None,True,True,CASGVQGWEQYF,TGTGCCAGCGGTGTACAGGGGTGGGAACAGTACTTC,1476,3,clonotype5,clonotype5_consensus_2
GACTGCGGTAACGACG-1,True,GACTGCGGTAACGACG-1_contig_3,True,620,TRB,None,None,TRBJ2-5,None,False,False,None,None,858,1,clonotype5,None
GACTGCGGTAACGACG-1,True,GACTGCGGTAACGACG-1_contig_4,True,453,TRA,TRAV6D-5,None,TRAJ38,None,True,False,CTTVFWDNVGDNSKLIW,TGTACTACTGTGTTCTGGGATAATGTTGGTGACAACAGTAAGCTGATTTGG,1904,1,clonotype5,None
GACTGCGTCAGTACGT-1,True,GACTGCGTCAGTACGT-1_contig_1,True,549,TRB,TRBV16,None,TRBJ2-5,None,True,True,CASSLGGGQDTQYF,TGTGCAAGCAGCTTAGGGGGGGGCCAAGACACCCAGTACTTT,7140,7,clonotype8,clonotype8_consensus_1
GACTGCGTCAGTACGT-1,True,GACTGCGTCAGTACGT-1_contig_2,True,563,TRA,TRAV4D-3,None,TRAJ27,TRAC,True,True,CAADGPNTGKLTF,TGTGCTGCGGACGGACCCAATACAGGCAAATTAACCTTT,3838,3,clonotype8,clonotype8_consensus_2
GACTGCGTCAGTACGT-1,True,GACTGCGTCAGTACGT-1_contig_3,True,525,TRA,TRAV7N-6,None,TRAJ30,TRAC,True,True,CAVVDTNAYKVIF,TGTGCAGTGGTTGACACAAATGCTTACAAAGTCATCTTT,10386,5,clonotype8,clonotype8_consensus_3
GACTGCGTCCGTTGCT-1,True,GACTGCGTCCGTTGCT-1_contig_1,True,555,TRA,TRAV3-3,None,TRAJ49,TRAC,True,True,CAVSGSTGYQNFYF,TGCGCAGTCAGTGGGAGCACGGGTTACCAGAACTTCTATTTT,3082,2,clonotype5,clonotype5_consensus_1
GACTGCGTCCGTTGCT-1,True,GACTGCGTCCGTTGCT-1_contig_2,True,561,TRB,TRBV12-2+TRBV13-2,None,TRBJ2-7,None,True,True,CASGVQGWEQYF,TGTGCCAGCGGTGTACAGGGGTGGGAACAGTACTTC,7716,8,clonotype5,clonotype5_consensus_2
GACTGCGTCCGTTGCT-1,True,GACTGCGTCCGTTGCT-1_contig_3,True,550,TRA,TRAV6D-5,None,TRAJ38,TRAC,True,False,CTTVFWDNVGDNSKLIW,TGTACTACTGTGTTCTGGGATAATGTTGGTGACAACAGTAAGCTGATTTGG,8246,3,clonotype5,None
GAGCAGAAGATCACGG-1,True,GAGCAGAAGATCACGG-1_contig_1,True,610,TRA,TRAV3-1,None,TRAJ22,TRAC,True,True,CAVWSGSWQLIF,TGCGCAGTCTGGTCTGGCAGCTGGCAACTCATCTTT,5128,5,clonotype81,clonotype81_consensus_1
GAGCAGAAGATCACGG-1,True,GAGCAGAAGATCACGG-1_contig_2,True,577,TRB,TRBV12-2+TRBV13-2,None,TRBJ2-7,None,True,True,CASGAGGAVEQYF,TGTGCCAGCGGTGCTGGGGGGGCGGTTGAACAGTACTTC,4272,4,clonotype81,clonotype81_consensus_2
GAGCAGAAGTGCCAGA-1,True,GAGCAGAAGTGCCAGA-1_contig_1,True,512,TRB,TRBV13-1,None,TRBJ2-4,None,True,True,CASSEGTNTLYF,TGTGCCAGCAGTGAAGGAACAAACACCTTGTACTTT,8192,8,clonotype9,clonotype9_consensus_1
GAGCAGAAGTGCCAGA-1,True,GAGCAGAAGTGCCAGA-1_contig_2,True,704,TRA,TRAV9D-2,None,TRAJ26,TRAC,True,True,CVLSRGNNYAQGLTF,TGTGTTCTGAGCAGGGGCAATAACTATGCCCAGGGATTAACCTTC,7670,4,clonotype9,clonotype9_consensus_2
GAGCAGACACCGAAAG-1,True,GAGCAGACACCGAAAG-1_contig_1,True,555,TRA,TRAV3-3,None,TRAJ49,TRAC,True,True,CAVSGSTGYQNFYF,TGCGCAGTCAGTGGGAGCACGGGTTACCAGAACTTCTATTTT,5096,5,clonotype33,clonotype33_consensus_1
GAGCAGACAGGTCCAC-1,True,GAGCAGACAGGTCCAC-1_contig_1,True,549,TRB,TRBV16,None,TRBJ2-5,None,True,True,CASSLGGYQDTQYF,TGTGCAAGCAGCTTAGGGGGCTACCAAGACACCCAGTACTTT,8098,6,clonotype35,clonotype35_consensus_3
GAGCAGACAGGTCCAC-1,True,GAGCAGACAGGTCCAC-1_contig_2,True,528,TRA,TRAV4-3,None,TRAJ27,TRAC,True,True,CAAANTNTGKLTF,TGTGCTGCTGCTAACACCAATACAGGCAAATTAACCTTT,7610,5,clonotype35,clonotype35_consensus_2
GAGCAGACAGGTCCAC-1,True,GAGCAGACAGGTCCAC-1_contig_3,True,568,TRA,TRAV12-1,None,TRAJ48,TRAC,True,True,CALSDAGDYGNEKITF,TGTGCTCTGAGTGATGCAGGAGACTATGGAAATGAGAAAATAACTTTT,7000,7,clonotype35,clonotype35_consensus_1
GAGCAGACAGGTCCAC-1,True,GAGCAGACAGGTCCAC-1_contig_4,True,315,TRB,None,None,TRBJ2-7,None,False,False,None,None,1942,1,clonotype35,None
GAGCAGACAGGTCCAC-1,True,GAGCAGACAGGTCCAC-1_contig_5,True,407,TRB,None,None,TRBJ2-2,None,False,False,None,None,700,3,clonotype35,None
GAGCAGATCCGTAGTA-1,True,GAGCAGATCCGTAGTA-1_contig_1,True,536,TRA,TRAV19,None,TRAJ39,TRAC,True,True,CAAGGNNAGAKLTF,TGCGCAGCAGGTGGGAATAATGCAGGTGCCAAGCTCACATTC,11522,7,clonotype1,clonotype1_consensus_2
GAGCAGATCCGTAGTA-1,True,GAGCAGATCCGTAGTA-1_contig_2,True,568,TRB,TRBV12-2+TRBV13-2,None,TRBJ1-2,TRBC1,True,True,CASGGGTGNSDYTF,TGTGCCAGCGGTGGGGGGACAGGGAACTCCGACTACACCTTC,21104,15,clonotype1,clonotype1_consensus_1
GAGCAGATCCGTAGTA-1,True,GAGCAGATCCGTAGTA-1_contig_3,True,350,TRB,None,None,TRBJ2-7,None,False,False,None,None,4574,3,clonotype1,None
GAGCAGATCGTACCGG-1,True,GAGCAGATCGTACCGG-1_contig_1,True,552,TRA,TRAV8-1,None,TRAJ30,TRAC,True,True,CATDTNAYKVIF,TGTGCTACCGACACAAATGCTTACAAAGTCATCTTT,2840,2,clonotype104,clonotype104_consensus_1
GAGCAGATCGTACCGG-1,True,GAGCAGATCGTACCGG-1_contig_2,True,542,TRA,TRAV6N-7,None,TRAJ7,TRAC,True,False,CTTVLWVKDYSNNRLTL,TGTACTACTGTGCTCTGGGTGAAAGACTACAGCAACAACAGACTTACTTTG,3324,3,clonotype104,None
GAGCAGATCGTTGCCT-1,True,GAGCAGATCGTTGCCT-1_contig_1,True,558,TRB,TRBV12-2+TRBV13-2,None,TRBJ2-1,None,True,True,CASGDPFQFF,TGTGCCAGCGGTGATCCTTTCCAGTTCTTC,22120,20,clonotype25,clonotype25_consensus_3
GAGCAGATCGTTGCCT-1,True,GAGCAGATCGTTGCCT-1_contig_2,True,507,TRB,TRBV5,None,TRBJ2-2,None,True,True,CASSTGQLYF,TGTGCCAGCAGCACCGGGCAGCTCTACTTT,11228,6,clonotype25,clonotype25_consensus_1
GAGCAGATCGTTGCCT-1,True,GAGCAGATCGTTGCCT-1_contig_3,True,739,TRA,TRAV9N-4,None,TRAJ22,TRAC,True,True,CALPSSGSWQLIF,TGTGCTCTCCCATCTTCTGGCAGCTGGCAACTCATCTTT,10194,7,clonotype25,clonotype25_consensus_2
GAGCAGATCGTTGCCT-1,True,GAGCAGATCGTTGCCT-1_contig_4,True,547,TRA,TRAV10N,None,TRAJ35,TRAC,True,False,CSKHQTGFASALTF,TGCAGCAAGCACCAGACAGGCTTTGCAAGTGCGCTGACATTT,376,1,clonotype25,None
GAGGTGACAGCAGTTT-1,True,GAGGTGACAGCAGTTT-1_contig_1,True,562,TRA,TRAV16D-DV11,None,TRAJ26,TRAC,True,True,CAMREENNYAQGLTF,TGTGCTATGAGAGAGGAAAATAACTATGCCCAGGGATTAACCTTC,3786,3,clonotype395,clonotype395_consensus_1
GAGGTGACAGCAGTTT-1,True,GAGGTGACAGCAGTTT-1_contig_2,True,369,TRB,None,None,TRBJ2-7,None,False,False,None,None,1152,1,clonotype395,None
GAGGTGACAGCAGTTT-1,True,GAGGTGACAGCAGTTT-1_contig_3,True,567,TRA,TRAV3D-3,None,TRAJ28,TRAC,True,False,CTSAQSVRGTGSNRLTF,TGTACTTCTGCGCAGTCAGTGAGGGGCACTGGGAGTAACAGGCTCACTTTT,3958,2,clonotype395,None
GAGGTGAGTCTCTCTG-1,True,GAGGTGAGTCTCTCTG-1_contig_1,True,549,TRB,TRBV16,None,TRBJ2-5,None,True,True,CASSLGGGQDTQYF,TGTGCAAGCAGCTTAGGGGGGGGCCAAGACACCCAGTACTTT,11074,9,clonotype8,clonotype8_consensus_1
GAGGTGAGTCTCTCTG-1,True,GAGGTGAGTCTCTCTG-1_contig_2,True,580,TRA,TRAV4D-3,None,TRAJ27,TRAC,True,True,CAADGPNTGKLTF,TGTGCTGCGGACGGACCCAATACAGGCAAATTAACCTTT,2450,2,clonotype8,clonotype8_consensus_2
GAGGTGAGTCTCTCTG-1,True,GAGGTGAGTCTCTCTG-1_contig_3,True,467,TRA,TRAV7N-6,None,TRAJ30,TRAC,True,True,CAVVDTNAYKVIF,TGTGCAGTGGTTGACACAAATGCTTACAAAGTCATCTTT,1436,1,clonotype8,clonotype8_consensus_3
GAGGTGATCCATGAAC-1,True,GAGGTGATCCATGAAC-1_contig_1,True,541,TRA,TRAV8D-1,None,TRAJ30,TRAC,True,True,CATDTNAYKVIF,TGTGCTACTGACACAAATGCTTACAAAGTCATCTTT,1162,1,clonotype396,clonotype396_consensus_1
GAGGTGATCCATGAAC-1,True,GAGGTGATCCATGAAC-1_contig_2,True,549,TRA,TRAV8N-2,None,TRAJ13,TRAC,True,True,CATEDSGTYQRF,TGTGCTACTGAGGATTCTGGGACTTACCAGAGGTTT,1756,1,clonotype396,clonotype396_consensus_2
GAGGTGATCCATGAAC-1,True,GAGGTGATCCATGAAC-1_contig_3,True,926,TRB,TRBV12-2+TRBV13-2,None,TRBJ2-7,None,True,True,CASGTGGDYEQYF,TGTGCCAGCGGGACTGGGGGGGACTATGAACAGTACTTC,3620,4,clonotype396,clonotype396_consensus_3
GAGTCCGAGTATCGAA-1,True,GAGTCCGAGTATCGAA-1_contig_1,True,518,TRA,TRAV6-6,None,TRAJ24,TRAC,True,True,CAPLTTASLGKLQF,TGTGCTCCGTTGACAACTGCCAGTTTGGGGAAACTGCAGTTT,2976,2,clonotype3,clonotype3_consensus_2
GAGTCCGAGTATCGAA-1,True,GAGTCCGAGTATCGAA-1_contig_2,True,505,TRB,TRBV13-1,None,TRBJ2-4,None,True,True,CASSEGTNTLYF,TGTGCCAGCAGTGAAGGAACAAACACCTTGTACTTT,27726,25,clonotype3,clonotype3_consensus_1
GAGTCCGAGTATCGAA-1,True,GAGTCCGAGTATCGAA-1_contig_3,True,734,TRA,TRAV9D-2,None,TRAJ26,TRAC,True,True,CVLSRGNNYAQGLTF,TGTGTTCTGAGCAGGGGCAATAACTATGCCCAGGGATTAACCTTC,7566,6,clonotype3,clonotype3_consensus_3
GAGTCCGAGTATCGAA-1,True,GAGTCCGAGTATCGAA-1_contig_4,True,537,TRA,TRAV10D,None,TRAJ30,None,True,False,None,None,194,2,clonotype3,None
GAGTCCGAGTCCATAC-1,True,GAGTCCGAGTCCATAC-1_contig_1,True,556,TRA,TRAV19,None,TRAJ39,TRAC,True,True,CAAGGNNAGAKLTF,TGCGCAGCAGGTGGGAATAATGCAGGTGCCAAGCTCACATTC,33000,23,clonotype1,clonotype1_consensus_2
GAGTCCGAGTCCATAC-1,True,GAGTCCGAGTCCATAC-1_contig_2,True,603,TRB,TRBV12-2+TRBV13-2,None,TRBJ1-2,TRBC1,True,True,CASGGGTGNSDYTF,TGTGCCAGCGGTGGGGGGACAGGGAACTCCGACTACACCTTC,28954,23,clonotype1,clonotype1_consensus_1
GAGTCCGAGTCCATAC-1,True,GAGTCCGAGTCCATAC-1_contig_3,True,351,TRB,None,None,TRBJ2-1,None,False,False,None,None,5452,5,clonotype1,None
GAGTCCGAGTCCATAC-1,True,GAGTCCGAGTCCATAC-1_contig_4,True,645,TRB,None,None,TRBJ2-7,None,False,False,None,None,6936,6,clonotype1,None
GAGTCCGAGTCCATAC-1,True,GAGTCCGAGTCCATAC-1_contig_5,True,515,TRA,TRAV7-5,None,TRAJ45,TRAC,True,False,CSDTEGADRLTF,TGCAGTGATACAGAAGGTGCAGATAGACTCACCTTT,1082,1,clonotype1,None
GAGTCCGCAAGACACG-1,True,GAGTCCGCAAGACACG-1_contig_1,True,566,TRA,TRAV3-3,None,TRAJ49,TRAC,True,True,CAVSGATGYQNFYF,TGCGCAGTCAGTGGGGCCACGGGTTACCAGAACTTCTATTTT,8318,9,clonotype10,clonotype10_consensus_3
GAGTCCGCAAGACACG-1,True,GAGTCCGCAAGACACG-1_contig_2,True,507,TRA,TRAV21-DV12,None,TRAJ42,TRAC,True,True,CILRVHGGSNAKLTF,TGTATCCTGAGAGTCCATGGAGGAAGCAATGCAAAGCTAACCTTC,15310,14,clonotype10,clonotype10_consensus_1
GAGTCCGCAAGACACG-1,True,GAGTCCGCAAGACACG-1_contig_3,True,554,TRB,TRBV12-2+TRBV13-2,None,TRBJ2-7,None,True,True,CASGVQGEQYF,TGTGCCAGCGGTGTTCAGGGAGAACAGTACTTC,17590,26,clonotype10,clonotype10_consensus_2
GAGTCCGCAAGACACG-1,True,GAGTCCGCAAGACACG-1_contig_4,True,450,TRB,None,None,TRBJ2-1,None,False,False,None,None,22798,41,clonotype10,None
GATCAGTAGCCCAGCT-1,True,GATCAGTAGCCCAGCT-1_contig_1,True,522,TRB,TRBV5,None,TRBJ1-5,TRBC1,True,True,CASSQAGENNQAPLF,TGTGCCAGCAGCCAAGCAGGGGAGAACAACCAGGCTCCGCTTTTT,5468,3,clonotype139,clonotype139_consensus_1
GATCAGTAGCTAAGAT-1,True,GATCAGTAGCTAAGAT-1_contig_1,True,539,TRA,TRAV19,None,TRAJ39,TRAC,True,True,CAAGGNNAGAKLTF,TGCGCAGCAGGTGGGAATAATGCAGGTGCCAAGCTCACATTC,2944,2,clonotype1,clonotype1_consensus_2
GATCAGTAGCTAAGAT-1,True,GATCAGTAGCTAAGAT-1_contig_2,True,567,TRB,TRBV12-2+TRBV13-2,None,TRBJ1-2,TRBC1,True,True,CASGGGTGNSDYTF,TGTGCCAGCGGTGGGGGGACAGGGAACTCCGACTACACCTTC,6638,5,clonotype1,clonotype1_consensus_1
GATCAGTCACGGCGTT-1,True,GATCAGTCACGGCGTT-1_contig_1,True,492,TRA,TRAV6-5,None,TRAJ45,TRAC,True,True,CALIHTEGADRLTF,TGTGCTCTGATCCATACAGAAGGTGCAGATAGACTCACCTTT,2998,1,clonotype125,clonotype125_consensus_1
GATCAGTCACGGCGTT-1,True,GATCAGTCACGGCGTT-1_contig_2,True,580,TRB,TRBV12-2+TRBV13-2,None,TRBJ2-7,None,True,True,CASGALWEQYF,TGTGCCAGCGGGGCTCTATGGGAACAGTACTTC,3338,4,clonotype125,clonotype125_consensus_2
GATCAGTCACGGCGTT-1,True,GATCAGTCACGGCGTT-1_contig_3,True,363,TRB,None,None,TRBJ1-6,TRBC1,False,False,None,None,1884,1,clonotype125,None
GATCAGTCATTCCTGC-1,True,GATCAGTCATTCCTGC-1_contig_1,True,549,TRB,TRBV16,None,TRBJ2-5,None,True,True,CASSWGGGQDTQYF,TGTGCAAGCAGCTGGGGGGGCGGGCAAGACACCCAGTACTTT,10558,9,clonotype397,clonotype397_consensus_2
GATCAGTCATTCCTGC-1,True,GATCAGTCATTCCTGC-1_contig_2,True,584,TRB,TRBV26,None,TRBJ1-1,TRBC1,True,True,CASSRGNTEVFF,TGTGCCAGCAGCCGCGGAAACACAGAAGTCTTCTTT,3776,2,clonotype397,clonotype397_consensus_1
GATCAGTCATTCCTGC-1,True,GATCAGTCATTCCTGC-1_contig_3,True,391,TRB,None,None,TRBJ2-7,None,False,False,None,None,3170,4,clonotype397,None
GATCAGTCATTCCTGC-1,True,GATCAGTCATTCCTGC-1_contig_4,True,549,TRB,TRBV10,None,TRBJ1-6,TRBC1,True,False,CQQLRGGAYNSPLYF,TGCCAGCAGCTAAGAGGGGGAGCCTATAATTCGCCCCTCTACTTT,2500,2,clonotype397,None
GATCAGTCATTCCTGC-1,True,GATCAGTCATTCCTGC-1_contig_5,True,473,TRA,None,None,TRAJ49,TRAC,False,False,None,None,3222,1,clonotype397,None
GATCGATAGGCATGGT-1,True,GATCGATAGGCATGGT-1_contig_1,True,587,TRA,TRAV6-6,None,TRAJ24,TRAC,True,True,CAPLTTASLGKLQF,TGTGCTCCGTTGACAACTGCCAGTTTGGGGAAACTGCAGTTT,2816,2,clonotype2,clonotype2_consensus_2
GATCGATAGGCATGGT-1,True,GATCGATAGGCATGGT-1_contig_2,True,512,TRB,TRBV13-1,None,TRBJ2-4,None,True,True,CASSEGTNTLYF,TGTGCCAGCAGTGAAGGAACAAACACCTTGTACTTT,22088,18,clonotype2,clonotype2_consensus_1
GATCGATAGGCATGGT-1,True,GATCGATAGGCATGGT-1_contig_3,True,444,TRA,TRAV9D-2,None,TRAJ26,TRAC,True,False,CVLSRGNNYAQGLTF,TGTGTTCTGAGCAGGGGCAATAACTATGCCCAGGGATTAACCTTC,5424,3,clonotype2,None
GATCGATAGTACATGA-1,True,GATCGATAGTACATGA-1_contig_1,True,597,TRA,TRAV13N-1,None,TRAJ57,TRAC,True,True,CAMANQGGSAKLIF,TGTGCTATGGCGAATCAAGGAGGGTCTGCGAAGCTCATCTTT,6472,3,clonotype114,clonotype114_consensus_1
GATCGATAGTACATGA-1,True,GATCGATAGTACATGA-1_contig_2,True,525,TRB,TRBV17,None,TRBJ2-5,None,True,True,CASSRKGVQDTQYF,TGTGCTAGCAGTAGGAAAGGGGTCCAAGACACCCAGTACTTT,9120,11,clonotype114,clonotype114_consensus_2
GATCGATAGTACATGA-1,True,GATCGATAGTACATGA-1_contig_3,True,575,TRA,TRAV16,None,TRAJ50,TRAC,True,True,CAMREGLRASSSFSKLVF,TGTGCTATGAGAGAGGGCTTAAGAGCATCCTCCTCCTTCAGCAAGCTGGTGTTT,2224,2,clonotype114,clonotype114_consensus_3
GATCGATCACCAGTTA-1,True,GATCGATCACCAGTTA-1_contig_1,True,522,TRA,TRAV6-6,None,TRAJ24,TRAC,True,True,CAPLTTASLGKLQF,TGTGCTCCGTTGACAACTGCCAGTTTGGGGAAACTGCAGTTT,5598,4,clonotype76,clonotype76_consensus_1
GATCGATCACCAGTTA-1,True,GATCGATCACCAGTTA-1_contig_2,True,569,TRB,TRBV12-2+TRBV13-2,None,TRBJ2-5,None,True,False,CASGDW,TGTGCCAGCGGTGACTGG,3036,3,clonotype76,None
GATCGATTCAAGAAGT-1,True,GATCGATTCAAGAAGT-1_contig_1,True,589,TRB,TRBV12-2+TRBV13-2,None,TRBJ1-2,TRBC1,True,True,CASGGGTGNSDYTF,TGTGCCAGCGGTGGGGGGACAGGGAACTCCGACTACACCTTC,1594,2,clonotype7,clonotype7_consensus_1
GATCGATTCAAGAAGT-1,True,GATCGATTCAAGAAGT-1_contig_2,True,668,TRB,TRBV12-1,None,TRBJ2-7,None,True,False,CQLFRQGREQYF,TGCCAGCTCTTCCGACAGGGGAGAGAACAGTACTTC,630,1,clonotype7,None
GATCGATTCATGCAAC-1,True,GATCGATTCATGCAAC-1_contig_1,True,580,TRA,TRAV12D-2,None,TRAJ24,TRAC,True,True,CAFPASLGKLQF,TGTGCTTTTCCTGCCAGTTTGGGGAAACTGCAGTTT,2924,3,clonotype398,clonotype398_consensus_1
GATCGATTCGGTGTTA-1,True,GATCGATTCGGTGTTA-1_contig_1,True,502,TRB,TRBV13-1,None,TRBJ2-7,None,True,True,CASSAPYEQYF,TGTGCCAGCAGTGCACCGTATGAACAGTACTTC,3984,4,clonotype127,clonotype127_consensus_1
GATCGATTCTGACCTC-1,True,GATCGATTCTGACCTC-1_contig_1,True,593,TRA,TRAV19,None,TRAJ39,TRAC,True,True,CAAGGNNAGAKLTF,TGCGCAGCAGGTGGGAATAATGCAGGTGCCAAGCTCACATTC,2208,3,clonotype1,clonotype1_consensus_2
GATCGATTCTGACCTC-1,True,GATCGATTCTGACCTC-1_contig_2,True,568,TRB,TRBV12-2+TRBV13-2,None,TRBJ1-2,TRBC1,True,True,CASGGGTGNSDYTF,TGTGCCAGCGGTGGGGGGACAGGGAACTCCGACTACACCTTC,6562,7,clonotype1,clonotype1_consensus_1
GATCGATTCTGACCTC-1,True,GATCGATTCTGACCTC-1_contig_3,True,356,TRB,None,None,TRBJ2-1,None,False,False,None,None,5974,5,clonotype1,None
GATCGATTCTTCCTTC-1,True,GATCGATTCTTCCTTC-1_contig_1,True,549,TRB,TRBV16,None,TRBJ2-5,None,True,True,CASSLGGGQDTQYF,TGTGCAAGCAGCTTAGGGGGGGGGCAAGACACCCAGTACTTT,3236,8,clonotype11,clonotype11_consensus_2
GATCGATTCTTCCTTC-1,True,GATCGATTCTTCCTTC-1_contig_2,True,569,TRA,TRAV4D-3,None,TRAJ27,TRAC,True,True,CAADGPNTGKLTF,TGTGCTGCTGACGGGCCCAATACAGGCAAATTAACCTTT,6304,5,clonotype11,clonotype11_consensus_1
GATCGCGCAGCCAGAA-1,True,GATCGCGCAGCCAGAA-1_contig_1,True,543,TRA,TRAV8-1,None,TRAJ30,TRAC,True,True,CASDTNAYKVIF,TGTGCTTCTGACACAAATGCTTACAAAGTCATCTTT,5564,4,clonotype23,clonotype23_consensus_2
GATCGCGCAGCCAGAA-1,True,GATCGCGCAGCCAGAA-1_contig_2,True,579,TRB,TRBV12-2+TRBV13-2,None,TRBJ1-5,TRBC1,True,True,CASGTGDNQAPLF,TGTGCCAGCGGGACAGGGGACAACCAGGCTCCGCTTTTT,27726,23,clonotype23,clonotype23_consensus_1
GATCGCGCAGCCAGAA-1,True,GATCGCGCAGCCAGAA-1_contig_3,True,667,TRA,TRAV13D-4,None,TRAJ6,TRAC,True,False,None,None,450,1,clonotype23,None
GATCGCGGTAGGGACT-1,True,GATCGCGGTAGGGACT-1_contig_1,True,549,TRB,TRBV16,None,TRBJ2-5,None,True,True,CASSLGGGPDTQYF,TGTGCAAGCAGCTTAGGGGGTGGGCCGGACACCCAGTACTTT,14168,10,clonotype399,clonotype399_consensus_2
GATCGCGGTAGGGACT-1,True,GATCGCGGTAGGGACT-1_contig_2,True,567,TRA,TRAV4D-3,None,TRAJ27,TRAC,True,True,CAAYNTNTGKLTF,TGTGCTGCTTATAACACCAATACAGGCAAATTAACCTTT,44324,29,clonotype399,clonotype399_consensus_1
GATCGCGGTAGGGACT-1,True,GATCGCGGTAGGGACT-1_contig_3,True,419,TRA,TRAV13-1,None,TRAJ40,TRAC,True,False,None,None,110,3,clonotype399,None
GATCGCGGTAGGGACT-1,True,GATCGCGGTAGGGACT-1_contig_4,True,427,TRB,None,None,TRBJ2-7,None,False,False,None,None,9164,16,clonotype399,None
GATCGCGGTGTTTGTG-1,True,GATCGCGGTGTTTGTG-1_contig_1,True,532,TRA,TRAV13-4-DV7,None,TRAJ58,TRAC,True,True,CAPMQQGTGSKLSF,TGTGCTCCTATGCAGCAAGGCACTGGGTCTAAGCTGTCATTT,13720,19,clonotype18,clonotype18_consensus_2
GATCGCGGTGTTTGTG-1,True,GATCGCGGTGTTTGTG-1_contig_2,True,525,TRB,TRBV17,None,TRBJ2-5,None,True,True,CASSRKGVQDTQYF,TGTGCTAGCAGTAGAAAGGGGGTCCAAGACACCCAGTACTTT,44014,45,clonotype18,clonotype18_consensus_1
GATCGCGGTGTTTGTG-1,True,GATCGCGGTGTTTGTG-1_contig_3,True,318,TRB,None,None,TRBJ2-7,None,False,False,None,None,2732,5,clonotype18,None
GATCGCGGTGTTTGTG-1,True,GATCGCGGTGTTTGTG-1_contig_4,True,307,TRB,None,None,TRBJ2-3,None,False,False,None,None,6050,10,clonotype18,None
GATCGCGGTGTTTGTG-1,True,GATCGCGGTGTTTGTG-1_contig_5,True,605,TRB,TRBV1,None,TRBJ1-3,TRBC1,True,False,None,None,2070,2,clonotype18,None
GATCGCGGTGTTTGTG-1,True,GATCGCGGTGTTTGTG-1_contig_6,True,368,TRB,None,None,TRBJ2-1,None,False,False,None,None,2026,4,clonotype18,None
GATCGTAAGGTGGGTT-1,True,GATCGTAAGGTGGGTT-1_contig_1,True,550,TRA,TRAV6-6,None,TRAJ24,TRAC,True,True,CAPLTTASLGKLQF,TGTGCTCCGTTGACAACTGCCAGTTTGGGGAAACTGCAGTTT,8732,5,clonotype3,clonotype3_consensus_2
GATCGTAAGGTGGGTT-1,True,GATCGTAAGGTGGGTT-1_contig_2,True,512,TRB,TRBV13-1,None,TRBJ2-4,None,True,True,CASSEGTNTLYF,TGTGCCAGCAGTGAAGGAACAAACACCTTGTACTTT,18128,15,clonotype3,clonotype3_consensus_1
GATCGTAAGGTGGGTT-1,True,GATCGTAAGGTGGGTT-1_contig_3,True,669,TRA,TRAV9D-2,None,TRAJ26,TRAC,True,True,CVLSRGNNYAQGLTF,TGTGTTCTGAGCAGGGGCAATAACTATGCCCAGGGATTAACCTTC,5324,3,clonotype3,clonotype3_consensus_3
GATCGTACATACTACG-1,True,GATCGTACATACTACG-1_contig_1,True,561,TRA,TRAV8-1,None,TRAJ6,TRAC,True,True,CATDASSGGNYKPTF,TGTGCTACTGATGCTTCCTCAGGAGGAAACTACAAACCTACGTTT,2688,2,clonotype400,clonotype400_consensus_2
GATCGTACATACTACG-1,True,GATCGTACATACTACG-1_contig_2,True,508,TRB,TRBV13-1,None,TRBJ2-1,None,True,True,CASSGGDYAEQFF,TGTGCCAGCAGTGGGGGGGACTATGCTGAGCAGTTCTTC,12984,10,clonotype400,clonotype400_consensus_1
GATCGTACATACTACG-1,True,GATCGTACATACTACG-1_contig_3,True,563,TRA,TRAV10D,None,TRAJ2,TRAC,True,False,None,None,3290,2,clonotype400,None
GATCGTACATACTACG-1,True,GATCGTACATACTACG-1_contig_4,True,340,TRB,TRBV31,None,TRBJ1-2,TRBC1,True,False,CAWSAG,TGTGCCTGGAGTGCGGGG,3100,2,clonotype400,None
GATCTAGCATACGCTA-1,True,GATCTAGCATACGCTA-1_contig_1,True,556,TRA,TRAV19,None,TRAJ39,TRAC,True,True,CAAGGNNAGAKLTF,TGCGCAGCAGGTGGGAATAATGCAGGTGCCAAGCTCACATTC,10278,5,clonotype1,clonotype1_consensus_2
GATCTAGCATACGCTA-1,True,GATCTAGCATACGCTA-1_contig_2,True,568,TRB,TRBV12-2+TRBV13-2,None,TRBJ1-2,TRBC1,True,True,CASGGGTGNSDYTF,TGTGCCAGCGGTGGGGGGACAGGGAACTCCGACTACACCTTC,25672,25,clonotype1,clonotype1_consensus_1
GATCTAGCATACGCTA-1,True,GATCTAGCATACGCTA-1_contig_3,True,363,TRB,None,None,TRBJ2-1,None,False,False,None,None,15772,11,clonotype1,None
GATCTAGCATACGCTA-1,True,GATCTAGCATACGCTA-1_contig_4,True,505,TRA,TRAV7-5,None,TRAJ45,TRAC,True,False,CSDTEGADRLTF,TGCAGTGATACAGAAGGTGCAGATAGACTCACCTTT,710,1,clonotype1,None
GATCTAGCATGACATC-1,True,GATCTAGCATGACATC-1_contig_1,True,547,TRA,TRAV8-1,None,TRAJ30,TRAC,True,True,CATDTNAYKVIF,TGTGCTACCGACACAAATGCTTACAAAGTCATCTTT,1864,1,clonotype38,clonotype38_consensus_1
GATCTAGCATGACATC-1,True,GATCTAGCATGACATC-1_contig_2,True,565,TRB,TRBV12-2+TRBV13-2,None,TRBJ1-5,TRBC1,True,True,CASGTGDNQAPLF,TGTGCCAGCGGTACAGGAGACAACCAGGCTCCGCTTTTT,6960,6,clonotype38,clonotype38_consensus_2
GATCTAGCATGACATC-1,True,GATCTAGCATGACATC-1_contig_3,True,330,TRB,None,None,TRBJ1-4,TRBC1,False,False,None,None,2626,1,clonotype38,None
GATCTAGCATGACATC-1,True,GATCTAGCATGACATC-1_contig_4,True,631,TRB,None,None,TRBJ2-5,None,False,False,None,None,1096,1,clonotype38,None
GATCTAGGTCGGATCC-1,True,GATCTAGGTCGGATCC-1_contig_1,True,558,TRA,TRAV19,None,TRAJ39,TRAC,True,True,CAAGGNNAGAKLTF,TGCGCAGCAGGTGGGAATAATGCAGGTGCCAAGCTCACATTC,9402,7,clonotype1,clonotype1_consensus_2
GATCTAGGTCGGATCC-1,True,GATCTAGGTCGGATCC-1_contig_2,True,610,TRB,TRBV12-2+TRBV13-2,None,TRBJ1-2,TRBC1,True,True,CASGGGTGNSDYTF,TGTGCCAGCGGTGGGGGGACAGGGAACTCCGACTACACCTTC,19246,16,clonotype1,clonotype1_consensus_1
GATCTAGGTCGGATCC-1,True,GATCTAGGTCGGATCC-1_contig_3,True,329,TRB,None,None,TRBJ2-7,None,False,False,None,None,4914,3,clonotype1,None
GATCTAGGTGACCAAG-1,True,GATCTAGGTGACCAAG-1_contig_1,True,555,TRA,TRAV7-3,None,TRAJ38,TRAC,True,True,CAVSAANVGDNSKLIW,TGTGCAGTGAGCGCGGCGAATGTTGGTGACAACAGTAAGCTGATTTGG,6514,5,clonotype21,clonotype21_consensus_3
GATCTAGGTGACCAAG-1,True,GATCTAGGTGACCAAG-1_contig_2,True,512,TRB,TRBV13-1,None,TRBJ2-7,None,True,True,CASSGGHLEQYF,TGTGCCAGCAGTGGGGGACACCTTGAACAGTACTTC,4624,7,clonotype21,clonotype21_consensus_2
GATCTAGGTGACCAAG-1,True,GATCTAGGTGACCAAG-1_contig_3,True,522,TRA,TRAV7N-6,None,TRAJ34,TRAC,True,True,CAISSNTNKVVF,TGTGCAATTTCTTCCAATACCAACAAAGTCGTCTTT,11698,9,clonotype21,clonotype21_consensus_1
GATCTAGGTGAGGGAG-1,True,GATCTAGGTGAGGGAG-1_contig_1,True,519,TRA,TRAV6-6,None,TRAJ24,TRAC,True,True,CAPLTTASLGKLQF,TGTGCTCCGTTGACAACTGCCAGTTTGGGGAAACTGCAGTTT,11880,7,clonotype2,clonotype2_consensus_2
GATCTAGGTGAGGGAG-1,True,GATCTAGGTGAGGGAG-1_contig_2,True,505,TRB,TRBV13-1,None,TRBJ2-4,None,True,True,CASSEGTNTLYF,TGTGCCAGCAGTGAAGGAACAAACACCTTGTACTTT,33520,29,clonotype2,clonotype2_consensus_1
GATCTAGGTGAGGGAG-1,True,GATCTAGGTGAGGGAG-1_contig_3,True,376,TRA,TRAV9D-2,None,TRAJ26,TRAC,True,False,CVLSRGNNYAQGLTF,TGTGTTCTGAGCAGGGGCAATAACTATGCCCAGGGATTAACCTTC,2506,4,clonotype2,None
GATCTAGTCCTATGTT-1,True,GATCTAGTCCTATGTT-1_contig_1,True,558,TRA,TRAV19,None,TRAJ39,TRAC,True,True,CAAGGNNAGAKLTF,TGCGCAGCAGGTGGGAATAATGCAGGTGCCAAGCTCACATTC,18248,16,clonotype1,clonotype1_consensus_2
GATCTAGTCCTATGTT-1,True,GATCTAGTCCTATGTT-1_contig_2,True,569,TRB,TRBV12-2+TRBV13-2,None,TRBJ1-2,TRBC1,True,True,CASGGGTGNSDYTF,TGTGCCAGCGGTGGGGGGACAGGGAACTCCGACTACACCTTC,45368,39,clonotype1,clonotype1_consensus_1
GATCTAGTCCTATGTT-1,True,GATCTAGTCCTATGTT-1_contig_3,True,306,TRB,TRBV13-1,None,TRBJ2-4,None,True,False,CASSEGTNTLYF,TGTGCCAGCAGTGAAGGAACAAACACCTTGTACTTT,5682,8,clonotype1,None
GATCTAGTCCTATGTT-1,True,GATCTAGTCCTATGTT-1_contig_4,True,507,TRA,TRAV7-5,None,TRAJ45,TRAC,True,False,CSDTEGADRLTF,TGCAGTGATACAGAAGGTGCAGATAGACTCACCTTT,986,3,clonotype1,None
GATCTAGTCGCGCCAA-1,True,GATCTAGTCGCGCCAA-1_contig_1,True,549,TRB,TRBV16,None,TRBJ2-5,None,True,True,CASSLGGRGDTQYF,TGTGCAAGCAGCTTAGGGGGGCGCGGAGACACCCAGTACTTT,20094,17,clonotype401,clonotype401_consensus_2
GATCTAGTCGCGCCAA-1,True,GATCTAGTCGCGCCAA-1_contig_2,True,687,TRA,TRAV9-2,None,TRAJ30,TRAC,True,True,CVSDDTNAYKVIF,TGTGTTTCGGATGACACAAATGCTTACAAAGTCATCTTT,4132,3,clonotype401,clonotype401_consensus_1
GATGAAAGTGCCTGTG-1,True,GATGAAAGTGCCTGTG-1_contig_1,True,539,TRA,TRAV19,None,TRAJ39,TRAC,True,True,CAAGGNNAGAKLTF,TGCGCAGCAGGTGGGAATAATGCAGGTGCCAAGCTCACATTC,710,3,clonotype1,clonotype1_consensus_2
GATGAAAGTGCCTGTG-1,True,GATGAAAGTGCCTGTG-1_contig_2,True,569,TRB,TRBV12-2+TRBV13-2,None,TRBJ1-2,TRBC1,True,True,CASGGGTGNSDYTF,TGTGCCAGCGGTGGGGGGACAGGGAACTCCGACTACACCTTC,10174,7,clonotype1,clonotype1_consensus_1
GATGAAAGTGCTGTAT-1,True,GATGAAAGTGCTGTAT-1_contig_1,True,558,TRA,TRAV4D-3,None,TRAJ27,TRAC,True,True,CAADGPNTGKLTF,TGTGCTGCTGACGGGCCCAATACAGGCAAATTAACCTTT,2576,2,clonotype57,clonotype57_consensus_1
GATGAAAGTGCTGTAT-1,True,GATGAAAGTGCTGTAT-1_contig_2,True,595,TRA,TRAV7-4,None,TRAJ31,TRAC,True,False,None,None,2074,1,clonotype57,None
GATGAAAGTGCTGTAT-1,True,GATGAAAGTGCTGTAT-1_contig_3,True,313,TRB,TRBV13-2,None,TRBJ2-5,None,True,False,None,None,532,1,clonotype57,None
GATGAAATCAAGGTAA-1,True,GATGAAATCAAGGTAA-1_contig_1,True,505,TRB,TRBV13-1,None,TRBJ2-4,None,True,True,CASSEGTNTLYF,TGTGCCAGCAGTGAAGGAACAAACACCTTGTACTTT,13766,11,clonotype6,clonotype6_consensus_1
GATGAGGAGAACAATC-1,True,GATGAGGAGAACAATC-1_contig_1,True,522,TRA,TRAV6-6,None,TRAJ24,TRAC,True,True,CAPLTTASLGKLQF,TGTGCTCCGTTGACAACTGCCAGTTTGGGGAAACTGCAGTTT,7606,6,clonotype2,clonotype2_consensus_2
GATGAGGAGAACAATC-1,True,GATGAGGAGAACAATC-1_contig_2,True,503,TRB,TRBV13-1,None,TRBJ2-4,None,True,True,CASSEGTNTLYF,TGTGCCAGCAGTGAAGGAACAAACACCTTGTACTTT,13712,10,clonotype2,clonotype2_consensus_1
GATGAGGAGAACAATC-1,True,GATGAGGAGAACAATC-1_contig_3,True,376,TRA,TRAV9D-2,None,TRAJ26,TRAC,True,False,CVLSRGNNYAQGLTF,TGTGTTCTGAGCAGGGGCAATAACTATGCCCAGGGATTAACCTTC,2488,1,clonotype2,None
GATGAGGAGAATGTGT-1,True,GATGAGGAGAATGTGT-1_contig_1,True,554,TRA,TRAV8-1,None,TRAJ30,TRAC,True,True,CATDTNAYKVIF,TGTGCTACTGACACAAATGCTTACAAAGTCATCTTT,24926,16,clonotype14,clonotype14_consensus_1
GATGAGGAGAATGTGT-1,True,GATGAGGAGAATGTGT-1_contig_2,True,564,TRB,TRBV12-2+TRBV13-2,None,TRBJ1-5,TRBC1,True,True,CASGTGDNQAPLF,TGTGCCAGCGGTACAGGGGACAACCAGGCTCCGCTTTTT,36196,35,clonotype14,clonotype14_consensus_2
GATGAGGAGAATGTGT-1,True,GATGAGGAGAATGTGT-1_contig_3,True,567,TRA,TRAV3-3,None,TRAJ37,TRAC,True,False,None,None,3872,3,clonotype14,None
GATGAGGAGTAGCCGA-1,True,GATGAGGAGTAGCCGA-1_contig_1,True,546,TRA,TRAV8-1,None,TRAJ30,TRAC,True,True,CATDTNAYKVIF,TGTGCTACTGACACAAATGCTTACAAAGTCATCTTT,3658,4,clonotype14,clonotype14_consensus_1
GATGAGGAGTAGCCGA-1,True,GATGAGGAGTAGCCGA-1_contig_2,True,584,TRB,TRBV12-2+TRBV13-2,None,TRBJ1-5,TRBC1,True,True,CASGTGDNQAPLF,TGTGCCAGCGGTACAGGGGACAACCAGGCTCCGCTTTTT,21770,20,clonotype14,clonotype14_consensus_2
GATGAGGAGTAGCCGA-1,True,GATGAGGAGTAGCCGA-1_contig_3,True,818,TRB,None,None,TRBJ2-5,None,False,False,None,None,2260,3,clonotype14,None
GATGAGGAGTAGCCGA-1,True,GATGAGGAGTAGCCGA-1_contig_4,True,538,TRA,TRAV3-3,None,TRAJ37,TRAC,True,False,None,None,1320,1,clonotype14,None
GATGAGGAGTAGCCGA-1,True,GATGAGGAGTAGCCGA-1_contig_5,True,430,TRB,None,None,TRBJ2-7,None,False,False,None,None,6362,4,clonotype14,None
GATGAGGCATCATCCC-1,True,GATGAGGCATCATCCC-1_contig_1,True,509,TRB,TRBV13-1,None,TRBJ2-7,None,True,True,CASSGPLEQYF,TGTGCCAGCAGTGGGCCCCTGGAACAGTACTTC,9736,9,clonotype193,clonotype193_consensus_1
GATGAGGCATGCAATC-1,True,GATGAGGCATGCAATC-1_contig_1,True,518,TRA,TRAV6-6,None,TRAJ24,TRAC,True,True,CAPLTTASLGKLQF,TGTGCTCCGTTGACAACTGCCAGTTTGGGGAAACTGCAGTTT,6318,3,clonotype2,clonotype2_consensus_2
GATGAGGCATGCAATC-1,True,GATGAGGCATGCAATC-1_contig_2,True,505,TRB,TRBV13-1,None,TRBJ2-4,None,True,True,CASSEGTNTLYF,TGTGCCAGCAGTGAAGGAACAAACACCTTGTACTTT,46180,36,clonotype2,clonotype2_consensus_1
GATGAGGCATGCAATC-1,True,GATGAGGCATGCAATC-1_contig_3,True,581,TRB,None,None,TRBJ2-5,None,False,False,None,None,6506,4,clonotype2,None
GATGAGGCATGCAATC-1,True,GATGAGGCATGCAATC-1_contig_4,True,433,TRA,TRAV9D-2,None,TRAJ26,TRAC,True,False,CVLSRGNNYAQGLTF,TGTGTTCTGAGCAGGGGCAATAACTATGCCCAGGGATTAACCTTC,7770,3,clonotype2,None
GATGAGGGTACGCACC-1,True,GATGAGGGTACGCACC-1_contig_1,True,615,TRA,TRAV6-6,None,TRAJ24,TRAC,True,True,CAPLTTASLGKLQF,TGTGCTCCGTTGACAACTGCCAGTTTGGGGAAACTGCAGTTT,2630,2,clonotype2,clonotype2_consensus_2
GATGAGGGTACGCACC-1,True,GATGAGGGTACGCACC-1_contig_2,True,505,TRB,TRBV13-1,None,TRBJ2-4,None,True,True,CASSEGTNTLYF,TGTGCCAGCAGTGAAGGAACAAACACCTTGTACTTT,11436,11,clonotype2,clonotype2_consensus_1
GATGAGGGTACGCACC-1,True,GATGAGGGTACGCACC-1_contig_3,True,400,TRA,TRAV9D-2,None,TRAJ26,TRAC,True,False,CVLSRGNNYAQGLTF,TGTGTTCTGAGCAGGGGCAATAACTATGCCCAGGGATTAACCTTC,1882,1,clonotype2,None
GATGAGGGTCAGTGGA-1,True,GATGAGGGTCAGTGGA-1_contig_1,True,549,TRB,TRBV16,None,TRBJ2-5,None,True,True,CASSLGGGQDTQYF,TGTGCAAGCAGCTTAGGGGGGGGGCAAGACACCCAGTACTTT,3498,5,clonotype11,clonotype11_consensus_2
GATGAGGGTCAGTGGA-1,True,GATGAGGGTCAGTGGA-1_contig_2,True,555,TRA,TRAV4D-3,None,TRAJ27,TRAC,True,True,CAADGPNTGKLTF,TGTGCTGCTGACGGGCCCAATACAGGCAAATTAACCTTT,142,2,clonotype11,clonotype11_consensus_1
GATGAGGGTGTAACGG-1,True,GATGAGGGTGTAACGG-1_contig_1,True,570,TRA,TRAV14N-3,None,TRAJ6,TRAC,True,True,CAARTSGGNYKPTF,TGTGCAGCAAGAACCTCAGGAGGAAACTACAAACCTACGTTT,9204,8,clonotype4,clonotype4_consensus_2
GATGAGGGTGTAACGG-1,True,GATGAGGGTGTAACGG-1_contig_2,True,549,TRA,TRAV8N-2,None,TRAJ13,TRAC,True,True,CATEDSGTYQRF,TGTGCTACTGAGGATTCTGGGACTTACCAGAGGTTT,6262,4,clonotype4,clonotype4_consensus_1
GATGAGGGTGTAACGG-1,True,GATGAGGGTGTAACGG-1_contig_3,True,603,TRB,TRBV12-2+TRBV13-2,None,TRBJ2-7,None,True,True,CASGTGGDYEQYF,TGTGCCAGCGGGACTGGGGGGGACTATGAACAGTACTTC,17598,13,clonotype4,clonotype4_consensus_3
GATGAGGGTGTCGCTG-1,True,GATGAGGGTGTCGCTG-1_contig_1,True,600,TRA,TRAV16D-DV11,None,TRAJ26,TRAC,True,True,CAMREENNYAQGLTF,TGTGCTATGAGAGAGGAAAATAACTATGCCCAGGGATTAACCTTC,2688,2,clonotype12,clonotype12_consensus_2
GATGAGGGTGTCGCTG-1,True,GATGAGGGTGTCGCTG-1_contig_2,True,505,TRB,TRBV13-1,None,TRBJ2-3,None,True,True,CASGDSAETLYF,TGTGCCAGCGGGGACAGTGCAGAAACGCTGTATTTT,13670,11,clonotype12,clonotype12_consensus_1
GATGAGGGTGTCGCTG-1,True,GATGAGGGTGTCGCTG-1_contig_3,True,460,TRB,None,None,TRBJ1-6,TRBC1,False,False,None,None,11372,7,clonotype12,None
GATGAGGGTGTCGCTG-1,True,GATGAGGGTGTCGCTG-1_contig_4,True,638,TRA,TRAV3D-3,None,TRAJ27,TRAC,True,False,CTSAQSVRGTGSNRLTF,TGTACTTCTGCGCAGTCAGTGAGGGGCACTGGGAGTAACAGGCTCACTTTT,5272,4,clonotype12,None
GATGAGGTCATTATCC-1,True,GATGAGGTCATTATCC-1_contig_1,True,549,TRB,TRBV16,None,TRBJ2-7,None,True,True,CASSFGGGADEQYF,TGTGCAAGCAGCTTTGGTGGGGGGGCGGATGAACAGTACTTC,11076,11,clonotype20,clonotype20_consensus_2
GATGAGGTCATTATCC-1,True,GATGAGGTCATTATCC-1_contig_2,True,589,TRA,TRAV13D-2,None,TRAJ11,TRAC,True,True,CAIDLDSGYNKLTF,TGTGCTATAGATCTTGACTCGGGATACAACAAACTCACTTTT,22476,14,clonotype20,clonotype20_consensus_1
GATGAGGTCCACGCAG-1,True,GATGAGGTCCACGCAG-1_contig_1,True,568,TRB,TRBV12-2+TRBV13-2,None,TRBJ2-3,None,True,True,CASGDAPPGEGTLYF,TGTGCCAGCGGTGATGCACCTCCAGGGGAGGGAACGCTGTATTTT,1112,2,clonotype402,clonotype402_consensus_3
GATGAGGTCCACGCAG-1,True,GATGAGGTCCACGCAG-1_contig_2,True,549,TRB,TRBV16,None,TRBJ2-5,None,True,True,CASSLGGGQDTQYF,TGTGCAAGCAGCTTAGGGGGGGGCCAAGACACCCAGTACTTT,2122,2,clonotype402,clonotype402_consensus_1
GATGAGGTCCACGCAG-1,True,GATGAGGTCCACGCAG-1_contig_3,True,558,TRA,TRAV13N-3,None,TRAJ49,TRAC,True,True,CAMGGYQNFYF,TGTGCTATGGGGGGTTACCAGAACTTCTATTTT,1130,1,clonotype402,clonotype402_consensus_2
GATGAGGTCCACGCAG-1,True,GATGAGGTCCACGCAG-1_contig_4,True,601,TRB,TRBV3,None,TRBJ2-5,None,True,False,None,None,1442,1,clonotype402,None
GATGCTAAGATTACCC-1,True,GATGCTAAGATTACCC-1_contig_1,True,554,TRA,TRAV16D-DV11,None,TRAJ9,TRAC,True,True,CAMRESNMGYKLTF,TGTGCTATGAGAGAGAGCAACATGGGCTACAAACTTACCTTC,4270,3,clonotype66,clonotype66_consensus_1
GATGCTAAGATTACCC-1,True,GATGCTAAGATTACCC-1_contig_2,True,525,TRB,TRBV17,None,TRBJ2-5,None,True,True,CASSRKGAQDTQYF,TGTGCTAGCAGTAGGAAGGGGGCGCAAGACACCCAGTACTTT,9990,8,clonotype66,clonotype66_consensus_2
GATGCTAAGATTACCC-1,True,GATGCTAAGATTACCC-1_contig_3,True,537,TRB,TRBV20,None,TRBJ1-6,TRBC1,True,True,CADRSYNSPLYF,TGTGCCGACAGGTCCTATAATTCGCCCCTCTACTTT,17000,8,clonotype66,clonotype66_consensus_3
GATGCTAAGATTACCC-1,True,GATGCTAAGATTACCC-1_contig_4,True,356,TRB,None,None,TRBJ2-1,None,False,False,None,None,5046,4,clonotype66,None
GATGCTAAGTTAGGTA-1,True,GATGCTAAGTTAGGTA-1_contig_1,True,598,TRA,TRAV14-2,None,TRAJ6,TRAC,True,True,CAARTSGGNYKPTF,TGTGCAGCAAGAACCTCAGGAGGAAACTACAAACCTACGTTT,10014,5,clonotype403,clonotype403_consensus_1
GATGCTAAGTTAGGTA-1,True,GATGCTAAGTTAGGTA-1_contig_2,True,604,TRB,TRBV12-2+TRBV13-2,None,TRBJ2-7,None,True,True,CASGAGGDYEQYF,TGTGCCAGCGGTGCCGGGGGGGACTATGAACAGTACTTC,8186,10,clonotype403,clonotype403_consensus_2
GATGCTAAGTTAGGTA-1,True,GATGCTAAGTTAGGTA-1_contig_3,True,554,TRA,TRAV4-4-DV10,None,TRAJ31,TRAC,True,False,None,None,2524,1,clonotype403,None
GATGCTACATGTTCCC-1,True,GATGCTACATGTTCCC-1_contig_1,True,505,TRB,TRBV13-1,None,TRBJ2-1,None,True,True,CASGGAYAEQFF,TGTGCCAGCGGGGGGGCGTATGCTGAGCAGTTCTTC,4776,4,clonotype107,clonotype107_consensus_1
GATGCTACATGTTCCC-1,True,GATGCTACATGTTCCC-1_contig_2,True,566,TRA,TRAV12-2,None,TRAJ34,TRAC,True,True,CALSGNTNKVVF,TGTGCTTTGAGTGGCAATACCAACAAAGTCGTCTTT,882,2,clonotype107,clonotype107_consensus_2
GATGCTAGTAAACCTC-1,True,GATGCTAGTAAACCTC-1_contig_1,True,558,TRA,TRAV19,None,TRAJ39,TRAC,True,True,CAAGGNNAGAKLTF,TGCGCAGCAGGTGGGAATAATGCAGGTGCCAAGCTCACATTC,6544,4,clonotype1,clonotype1_consensus_2
GATGCTAGTAAACCTC-1,True,GATGCTAGTAAACCTC-1_contig_2,True,567,TRB,TRBV12-2+TRBV13-2,None,TRBJ1-2,TRBC1,True,True,CASGGGTGNSDYTF,TGTGCCAGCGGTGGGGGGACAGGGAACTCCGACTACACCTTC,3770,5,clonotype1,clonotype1_consensus_1
GATGCTAGTATCGCAT-1,True,GATGCTAGTATCGCAT-1_contig_1,True,549,TRB,TRBV16,None,TRBJ2-5,None,True,True,CASSLGGGQDTQYF,TGTGCAAGCAGCTTAGGGGGGGGCCAAGACACCCAGTACTTT,6486,6,clonotype61,clonotype61_consensus_1
GATGCTAGTCTACCTC-1,True,GATGCTAGTCTACCTC-1_contig_1,True,558,TRA,TRAV19,None,TRAJ39,TRAC,True,True,CAAGGNNAGAKLTF,TGCGCAGCAGGTGGGAATAATGCAGGTGCCAAGCTCACATTC,18642,12,clonotype1,clonotype1_consensus_2
GATGCTAGTCTACCTC-1,True,GATGCTAGTCTACCTC-1_contig_2,True,603,TRB,TRBV12-2+TRBV13-2,None,TRBJ1-2,TRBC1,True,True,CASGGGTGNSDYTF,TGTGCCAGCGGTGGGGGGACAGGGAACTCCGACTACACCTTC,54104,50,clonotype1,clonotype1_consensus_1
GATGCTAGTCTACCTC-1,True,GATGCTAGTCTACCTC-1_contig_3,True,481,TRB,None,None,TRBJ2-7,None,False,False,None,None,2592,3,clonotype1,None
GATGCTAGTTGCGTTA-1,True,GATGCTAGTTGCGTTA-1_contig_1,True,547,TRA,TRAV16D-DV11,None,TRAJ26,TRAC,True,True,CAMREENNYAQGLTF,TGTGCTATGAGAGAGGAAAATAACTATGCCCAGGGATTAACCTTC,4400,4,clonotype12,clonotype12_consensus_2
GATGCTAGTTGCGTTA-1,True,GATGCTAGTTGCGTTA-1_contig_2,True,505,TRB,TRBV13-1,None,TRBJ2-3,None,True,True,CASGDSAETLYF,TGTGCCAGCGGGGACAGTGCAGAAACGCTGTATTTT,27816,22,clonotype12,clonotype12_consensus_1
GATGCTAGTTGCGTTA-1,True,GATGCTAGTTGCGTTA-1_contig_3,True,575,TRA,TRAV3D-3,None,TRAJ28,TRAC,True,False,CTSAQSVRGTGSNRLTF,TGTACTTCTGCGCAGTCAGTGAGGGGCACTGGGAGTAACAGGCTCACTTTT,5042,4,clonotype12,None
GATGCTAGTTGCGTTA-1,True,GATGCTAGTTGCGTTA-1_contig_4,True,471,TRB,None,None,TRBJ1-6,TRBC1,False,False,None,None,9092,5,clonotype12,None
GATGCTATCCAGGGCT-1,True,GATGCTATCCAGGGCT-1_contig_1,True,558,TRA,TRAV19,None,TRAJ39,TRAC,True,True,CAAGGNNAGAKLTF,TGCGCAGCAGGTGGGAATAATGCAGGTGCCAAGCTCACATTC,21400,19,clonotype1,clonotype1_consensus_2
GATGCTATCCAGGGCT-1,True,GATGCTATCCAGGGCT-1_contig_2,True,587,TRB,TRBV12-2+TRBV13-2,None,TRBJ1-2,TRBC1,True,True,CASGGGTGNSDYTF,TGTGCCAGCGGTGGGGGGACAGGGAACTCCGACTACACCTTC,41546,47,clonotype1,clonotype1_consensus_1
GATGCTATCCAGGGCT-1,True,GATGCTATCCAGGGCT-1_contig_3,True,331,TRB,None,None,TRBJ2-1,None,False,False,None,None,6232,6,clonotype1,None
GATGCTATCCAGGGCT-1,True,GATGCTATCCAGGGCT-1_contig_4,True,504,TRA,TRAV7-5,None,TRAJ45,TRAC,True,False,CSDTEGADRLTF,TGCAGTGATACAGAAGGTGCAGATAGACTCACCTTT,856,2,clonotype1,None
GATGCTATCCAGGGCT-1,True,GATGCTATCCAGGGCT-1_contig_5,True,624,TRB,None,None,TRBJ2-7,None,False,False,None,None,5350,5,clonotype1,None
GATGCTATCCGCGGTA-1,True,GATGCTATCCGCGGTA-1_contig_1,True,607,TRB,TRBV12-2+TRBV13-2,None,TRBJ1-2,TRBC1,True,True,CASGGGTGNSDYTF,TGTGCCAGCGGTGGGGGGACAGGGAACTCCGACTACACCTTC,21682,22,clonotype7,clonotype7_consensus_1
GATGCTATCCGCGGTA-1,True,GATGCTATCCGCGGTA-1_contig_2,True,526,TRA,TRAV7-5,None,TRAJ45,TRAC,True,False,CSDTEGADRLTF,TGCAGTGATACAGAAGGTGCAGATAGACTCACCTTT,5182,3,clonotype7,None
GATGCTATCCGCGGTA-1,True,GATGCTATCCGCGGTA-1_contig_3,True,424,TRA,None,None,TRAJ26,TRAC,False,False,None,None,5590,7,clonotype7,None
GATGCTATCCGCGGTA-1,True,GATGCTATCCGCGGTA-1_contig_4,True,333,TRB,None,None,TRBJ2-1,None,False,False,None,None,2756,2,clonotype7,None
GATGCTATCCGCGGTA-1,True,GATGCTATCCGCGGTA-1_contig_5,True,358,TRB,None,None,TRBJ2-7,None,False,False,None,None,1992,1,clonotype7,None
GATGCTATCTGCAGTA-1,True,GATGCTATCTGCAGTA-1_contig_1,True,537,TRA,TRAV3-3,None,TRAJ45,TRAC,True,True,CAVRNTEGADRLTF,TGCGCAGTCAGGAATACAGAAGGTGCAGATAGACTCACCTTT,6034,6,clonotype404,clonotype404_consensus_1
GATGCTATCTGCAGTA-1,True,GATGCTATCTGCAGTA-1_contig_2,True,517,TRB,TRBV13-1,None,TRBJ2-2,None,True,True,CASSDRQEANTGQLYF,TGTGCCAGCAGTGATCGGCAGGAGGCAAACACCGGGCAGCTCTACTTT,23266,17,clonotype404,clonotype404_consensus_2
GATGCTATCTGCAGTA-1,True,GATGCTATCTGCAGTA-1_contig_3,True,363,TRB,None,None,TRBJ2-7,None,False,False,None,None,4188,2,clonotype404,None
GATTCAGAGCTGCGAA-1,True,GATTCAGAGCTGCGAA-1_contig_1,True,553,TRA,TRAV6-6,None,TRAJ24,TRAC,True,True,CAPLTTASLGKLQF,TGTGCTCCGTTGACAACTGCCAGTTTGGGGAAACTGCAGTTT,5410,4,clonotype2,clonotype2_consensus_2
GATTCAGAGCTGCGAA-1,True,GATTCAGAGCTGCGAA-1_contig_2,True,505,TRB,TRBV13-1,None,TRBJ2-4,None,True,True,CASSEGTNTLYF,TGTGCCAGCAGTGAAGGAACAAACACCTTGTACTTT,17620,17,clonotype2,clonotype2_consensus_1
GATTCAGAGCTGCGAA-1,True,GATTCAGAGCTGCGAA-1_contig_3,True,573,TRB,TRBV12-2+TRBV13-2,None,TRBJ2-5,None,True,False,CASGDW,TGTGCCAGCGGTGACTGG,5956,5,clonotype2,None
GATTCAGAGTACGATA-1,True,GATTCAGAGTACGATA-1_contig_1,True,596,TRB,TRBV12-2+TRBV13-2,None,TRBJ2-1,None,True,True,CASGAGDYAEQFF,TGTGCCAGCGGTGCTGGGGACTATGCTGAGCAGTTCTTC,4290,4,clonotype128,clonotype128_consensus_1
GATTCAGGTGAGCGAT-1,True,GATTCAGGTGAGCGAT-1_contig_1,True,519,TRA,TRAV6-6,None,TRAJ24,TRAC,True,True,CAPLTTASLGKLQF,TGTGCTCCGTTGACAACTGCCAGTTTGGGGAAACTGCAGTTT,2670,1,clonotype3,clonotype3_consensus_2
GATTCAGGTGAGCGAT-1,True,GATTCAGGTGAGCGAT-1_contig_2,True,505,TRB,TRBV13-1,None,TRBJ2-4,None,True,True,CASSEGTNTLYF,TGTGCCAGCAGTGAAGGAACAAACACCTTGTACTTT,8448,6,clonotype3,clonotype3_consensus_1
GATTCAGGTGAGCGAT-1,True,GATTCAGGTGAGCGAT-1_contig_3,True,706,TRA,TRAV9D-2,None,TRAJ26,TRAC,True,True,CVLSRGNNYAQGLTF,TGTGTTCTGAGCAGGGGCAATAACTATGCCCAGGGATTAACCTTC,790,1,clonotype3,clonotype3_consensus_3
GATTCAGTCACGAAGG-1,True,GATTCAGTCACGAAGG-1_contig_1,True,537,TRA,TRAV3-3,None,TRAJ49,TRAC,True,True,CAVSGATGYQNFYF,TGCGCAGTCAGTGGGGCCACGGGTTACCAGAACTTCTATTTT,8932,8,clonotype43,clonotype43_consensus_1
GATTCAGTCACGAAGG-1,True,GATTCAGTCACGAAGG-1_contig_2,True,564,TRB,TRBV12-2+TRBV13-2,None,TRBJ2-7,None,True,True,CASGVQGGEQYF,TGTGCCAGCGGTGTGCAGGGGGGAGAACAGTACTTC,34268,25,clonotype43,clonotype43_consensus_2
GATTCAGTCACGAAGG-1,True,GATTCAGTCACGAAGG-1_contig_3,True,505,TRB,None,None,TRBJ1-5,TRBC1,False,False,None,None,1004,1,clonotype43,None
GCAAACTAGTCGAGTG-1,True,GCAAACTAGTCGAGTG-1_contig_1,True,574,TRA,TRAV3D-3,None,TRAJ30,TRAC,True,True,CAVRADTNAYKVIF,TGCGCAGTCAGGGCTGACACAAATGCTTACAAAGTCATCTTT,3926,3,clonotype194,clonotype194_consensus_2
GCAAACTAGTCGAGTG-1,True,GCAAACTAGTCGAGTG-1_contig_2,True,565,TRB,TRBV12-2+TRBV13-2,None,TRBJ2-1,None,True,True,CASAGGDYAEQFF,TGTGCCAGCGCGGGGGGGGACTATGCTGAGCAGTTCTTC,9354,8,clonotype194,clonotype194_consensus_1
GCAAACTAGTCGAGTG-1,True,GCAAACTAGTCGAGTG-1_contig_3,True,499,TRB,TRBV14,None,TRBJ2-5,None,True,False,CQQCDTQYF,TGCCAGCAGTGCGACACCCAGTACTTT,1016,1,clonotype194,None
GCAAACTAGTTCGCGC-1,True,GCAAACTAGTTCGCGC-1_contig_1,True,541,TRA,TRAV8D-1,None,TRAJ30,TRAC,True,True,CALDTNAYKVIF,TGTGCCCTCGACACAAATGCTTACAAAGTCATCTTT,6122,4,clonotype48,clonotype48_consensus_2
GCAAACTAGTTCGCGC-1,True,GCAAACTAGTTCGCGC-1_contig_2,True,603,TRB,TRBV12-2+TRBV13-2,None,TRBJ2-1,None,True,True,CASGTGDYAEQFF,TGTGCCAGCGGGACTGGGGACTATGCTGAGCAGTTCTTC,8432,9,clonotype48,clonotype48_consensus_1
GCAAACTGTACAGTTC-1,True,GCAAACTGTACAGTTC-1_contig_1,True,555,TRA,TRAV3-3,None,TRAJ49,TRAC,True,True,CAVSGATGYQNFYF,TGCGCAGTCAGTGGGGCCACGGGTTACCAGAACTTCTATTTT,21136,13,clonotype10,clonotype10_consensus_3
GCAAACTGTACAGTTC-1,True,GCAAACTGTACAGTTC-1_contig_2,True,507,TRA,TRAV21-DV12,None,TRAJ42,TRAC,True,True,CILRVHGGSNAKLTF,TGTATCCTGAGAGTCCATGGAGGAAGCAATGCAAAGCTAACCTTC,8530,5,clonotype10,clonotype10_consensus_1
GCAAACTGTACAGTTC-1,True,GCAAACTGTACAGTTC-1_contig_3,True,557,TRB,TRBV12-2+TRBV13-2,None,TRBJ2-7,None,True,True,CASGVQGEQYF,TGTGCCAGCGGTGTTCAGGGAGAACAGTACTTC,18488,18,clonotype10,clonotype10_consensus_2
GCAAACTGTACAGTTC-1,True,GCAAACTGTACAGTTC-1_contig_4,True,335,TRB,None,None,TRBJ2-1,None,False,False,None,None,12586,17,clonotype10,None
GCAAACTTCATATCGG-1,True,GCAAACTTCATATCGG-1_contig_1,True,549,TRB,TRBV16,None,TRBJ2-5,None,True,True,CASSLGGYQDTQYF,TGTGCAAGCAGCTTAGGGGGCTACCAAGACACCCAGTACTTT,9368,9,clonotype35,clonotype35_consensus_3
GCAAACTTCATATCGG-1,True,GCAAACTTCATATCGG-1_contig_2,True,555,TRA,TRAV4-3,None,TRAJ27,TRAC,True,True,CAAANTNTGKLTF,TGTGCTGCTGCTAACACCAATACAGGCAAATTAACCTTT,6172,4,clonotype35,clonotype35_consensus_2
GCAAACTTCATATCGG-1,True,GCAAACTTCATATCGG-1_contig_3,True,568,TRA,TRAV12-1,None,TRAJ48,TRAC,True,True,CALSDAGDYGNEKITF,TGTGCTCTGAGTGATGCAGGAGACTATGGAAATGAGAAAATAACTTTT,4920,4,clonotype35,clonotype35_consensus_1
GCAATCAAGTTACCCA-1,True,GCAATCAAGTTACCCA-1_contig_1,True,549,TRB,TRBV16,None,TRBJ2-5,None,True,True,CASSLGGYQDTQYF,TGTGCAAGCAGCTTAGGGGGCTACCAAGACACCCAGTACTTT,6296,6,clonotype35,clonotype35_consensus_3
GCAATCAAGTTACCCA-1,True,GCAATCAAGTTACCCA-1_contig_2,True,528,TRA,TRAV4-3,None,TRAJ27,TRAC,True,True,CAAANTNTGKLTF,TGTGCTGCTGCTAACACCAATACAGGCAAATTAACCTTT,6534,4,clonotype35,clonotype35_consensus_2
GCAATCAAGTTACCCA-1,True,GCAATCAAGTTACCCA-1_contig_3,True,568,TRA,TRAV12-1,None,TRAJ48,TRAC,True,True,CALSDAGDYGNEKITF,TGTGCTCTGAGTGATGCAGGAGACTATGGAAATGAGAAAATAACTTTT,4454,3,clonotype35,clonotype35_consensus_1
GCAATCACATGCCACG-1,True,GCAATCACATGCCACG-1_contig_1,True,549,TRB,TRBV16,None,TRBJ2-7,None,True,True,CASSLGGGGDEQYF,TGTGCAAGCAGCTTAGGTGGGGGGGGCGATGAACAGTACTTC,17816,14,clonotype50,clonotype50_consensus_1
GCAATCACATGCCACG-1,True,GCAATCACATGCCACG-1_contig_2,True,594,TRA,TRAV7-4,None,TRAJ27,TRAC,True,True,CAASEDANTGKLTF,TGTGCAGCTAGTGAGGACGCCAATACAGGCAAATTAACCTTT,9922,8,clonotype50,clonotype50_consensus_2
GCAATCAGTAAGTGGC-1,True,GCAATCAGTAAGTGGC-1_contig_1,True,603,TRA,TRAV14D-3-DV8,None,TRAJ6,TRAC,True,True,CAARTSGGNYKPTF,TGTGCAGCAAGAACCTCAGGAGGAAACTACAAACCTACGTTT,11790,6,clonotype51,clonotype51_consensus_2
GCAATCAGTAAGTGGC-1,True,GCAATCAGTAAGTGGC-1_contig_2,True,567,TRB,TRBV12-2+TRBV13-2,None,TRBJ2-7,None,True,True,CASGAGGDYEQYF,TGTGCCAGCGGTGCTGGGGGGGACTATGAACAGTACTTC,9168,10,clonotype51,clonotype51_consensus_1
GCAATCAGTCTCAACA-1,True,GCAATCAGTCTCAACA-1_contig_1,True,578,TRA,TRAV16D-DV11,None,TRAJ44,TRAC,True,True,CAMRELTGSGGKLTL,TGTGCTATGAGAGAGCTTACTGGCAGTGGTGGAAAACTCACTTTG,5308,3,clonotype95,clonotype95_consensus_1
GCAATCAGTCTCAACA-1,True,GCAATCAGTCTCAACA-1_contig_2,True,509,TRB,TRBV13-1,None,TRBJ2-7,None,True,True,CASSGPLEQYF,TGTGCCAGCAGTGGGCCCCTGGAACAGTACTTC,6932,6,clonotype95,clonotype95_consensus_2
GCAATCAGTGGTTTCA-1,True,GCAATCAGTGGTTTCA-1_contig_1,True,502,TRB,TRBV13-1,None,TRBJ2-7,None,True,True,CASSDPGQGYF,TGTGCCAGCAGTGATCCGGGACAGGGTTACTTC,6616,6,clonotype405,clonotype405_consensus_1
GCAATCATCCGAGCCA-1,True,GCAATCATCCGAGCCA-1_contig_1,True,559,TRB,TRBV3,None,TRBJ2-5,None,True,True,CASSRDWGGQDTQYF,TGTGCCAGCAGCCGGGACTGGGGGGGACAAGACACCCAGTACTTT,4832,5,clonotype406,clonotype406_consensus_1
GCAATCATCTCTAAGG-1,True,GCAATCATCTCTAAGG-1_contig_1,True,563,TRB,TRBV12-2+TRBV13-2,None,TRBJ1-5,TRBC1,True,True,CASGTGDNQAPLF,TGTGCCAGCGGGACAGGGGACAACCAGGCTCCGCTTTTT,2890,2,clonotype16,clonotype16_consensus_1
GCAATCATCTCTAAGG-1,True,GCAATCATCTCTAAGG-1_contig_2,True,530,TRB,None,None,TRBJ1-2,TRBC1,False,False,None,None,340,1,clonotype16,None
GCACATAAGCAATCTC-1,True,GCACATAAGCAATCTC-1_contig_1,True,564,TRA,TRAV6-6,None,TRAJ24,TRAC,True,True,CAPLTTASLGKLQF,TGTGCTCCGTTGACAACTGCCAGTTTGGGGAAACTGCAGTTT,5536,3,clonotype3,clonotype3_consensus_2
GCACATAAGCAATCTC-1,True,GCACATAAGCAATCTC-1_contig_2,True,505,TRB,TRBV13-1,None,TRBJ2-4,None,True,True,CASSEGTNTLYF,TGTGCCAGCAGTGAAGGAACAAACACCTTGTACTTT,17100,12,clonotype3,clonotype3_consensus_1
GCACATAAGCAATCTC-1,True,GCACATAAGCAATCTC-1_contig_3,True,708,TRA,TRAV9D-2,None,TRAJ26,TRAC,True,True,CVLSRGNNYAQGLTF,TGTGTTCTGAGCAGGGGCAATAACTATGCCCAGGGATTAACCTTC,5880,3,clonotype3,clonotype3_consensus_3
GCACATAAGCCACGCT-1,True,GCACATAAGCCACGCT-1_contig_1,True,553,TRA,TRAV16D-DV11,None,TRAJ26,TRAC,True,True,CAMREENNYAQGLTF,TGTGCTATGAGAGAGGAAAATAACTATGCCCAGGGATTAACCTTC,3492,2,clonotype12,clonotype12_consensus_2
GCACATAAGCCACGCT-1,True,GCACATAAGCCACGCT-1_contig_2,True,505,TRB,TRBV13-1,None,TRBJ2-3,None,True,True,CASGDSAETLYF,TGTGCCAGCGGGGACAGTGCAGAAACGCTGTATTTT,14924,11,clonotype12,clonotype12_consensus_1
GCACATAAGCCACGCT-1,True,GCACATAAGCCACGCT-1_contig_3,True,338,TRB,None,None,TRBJ2-5,None,False,False,None,None,5488,3,clonotype12,None
GCACATAAGCCACGCT-1,True,GCACATAAGCCACGCT-1_contig_4,True,575,TRA,TRAV3D-3,None,TRAJ28,TRAC,True,False,CTSAQSVRGTGSNRLTF,TGTACTTCTGCGCAGTCAGTGAGGGGCACTGGGAGTAACAGGCTCACTTTT,1678,1,clonotype12,None
GCACATACAACACGCC-1,True,GCACATACAACACGCC-1_contig_1,True,571,TRA,TRAV6-6,None,TRAJ24,TRAC,True,True,CAPLTTASLGKLQF,TGTGCTCCGTTGACAACTGCCAGTTTGGGGAAACTGCAGTTT,10778,7,clonotype2,clonotype2_consensus_2
GCACATACAACACGCC-1,True,GCACATACAACACGCC-1_contig_2,True,512,TRB,TRBV13-1,None,TRBJ2-4,None,True,True,CASSEGTNTLYF,TGTGCCAGCAGTGAAGGAACAAACACCTTGTACTTT,52086,39,clonotype2,clonotype2_consensus_1
GCACATACAACACGCC-1,True,GCACATACAACACGCC-1_contig_3,True,480,TRB,TRBV12-2+TRBV13-2,None,TRBJ2-4,None,True,False,CASSEGTNTLYF,TGTGCCAGCAGTGAAGGAACAAACACCTTGTACTTT,756,1,clonotype2,clonotype2_consensus_1
GCACATACAACACGCC-1,True,GCACATACAACACGCC-1_contig_4,True,391,TRB,TRBV12-2+TRBV13-2,None,TRBJ2-1,None,True,False,CASGTGDYAEQFF,TGTGCCAGCGGGACTGGGGACTATGCTGAGCAGTTCTTC,2340,2,clonotype2,None
GCACATAGTACCCAAT-1,True,GCACATAGTACCCAAT-1_contig_1,True,556,TRB,TRBV12-2+TRBV13-2,None,TRBJ2-1,None,True,True,CASGDPFQFF,TGTGCCAGCGGTGATCCTTTCCAGTTCTTC,7880,7,clonotype25,clonotype25_consensus_3
GCACATAGTACCCAAT-1,True,GCACATAGTACCCAAT-1_contig_2,True,507,TRB,TRBV5,None,TRBJ2-2,None,True,True,CASSTGQLYF,TGTGCCAGCAGCACCGGGCAGCTCTACTTT,4124,3,clonotype25,clonotype25_consensus_1
GCACATAGTACCCAAT-1,True,GCACATAGTACCCAAT-1_contig_3,True,703,TRA,TRAV9N-4,None,TRAJ22,TRAC,True,True,CALPSSGSWQLIF,TGTGCTCTCCCATCTTCTGGCAGCTGGCAACTCATCTTT,3708,4,clonotype25,clonotype25_consensus_2
GCACATAGTACCCAAT-1,True,GCACATAGTACCCAAT-1_contig_4,True,344,TRB,None,None,TRBJ2-3,None,False,False,None,None,2668,1,clonotype25,None
GCACATAGTCCGAATT-1,True,GCACATAGTCCGAATT-1_contig_1,True,566,TRA,TRAV16,None,TRAJ57,TRAC,True,True,CAMREPQGGSAKLIF,TGTGCTATGAGAGAGCCTCAAGGAGGGTCTGCGAAGCTCATCTTT,7740,6,clonotype22,clonotype22_consensus_3
GCACATAGTCCGAATT-1,True,GCACATAGTCCGAATT-1_contig_2,True,532,TRA,TRAV13-4-DV7,None,TRAJ58,TRAC,True,True,CAPMQQGTGSKLSF,TGTGCTCCTATGCAGCAAGGCACTGGGTCTAAGCTGTCATTT,18550,17,clonotype22,clonotype22_consensus_2
GCACATAGTCCGAATT-1,True,GCACATAGTCCGAATT-1_contig_3,True,525,TRB,TRBV17,None,TRBJ2-5,None,True,True,CASSRKGVQDTQYF,TGTGCTAGCAGTAGAAAGGGGGTCCAAGACACCCAGTACTTT,42804,34,clonotype22,clonotype22_consensus_1
GCACATAGTCCGAATT-1,True,GCACATAGTCCGAATT-1_contig_4,True,430,TRB,None,None,TRBJ2-3,None,False,False,None,None,6504,5,clonotype22,None
GCACATATCAAACAAG-1,True,GCACATATCAAACAAG-1_contig_1,True,549,TRB,TRBV16,None,TRBJ2-5,None,True,True,CASSLGGGQDTQYF,TGTGCAAGCAGCTTAGGGGGGGGCCAAGACACCCAGTACTTT,2432,2,clonotype15,clonotype15_consensus_1
GCACATATCAAACAAG-1,True,GCACATATCAAACAAG-1_contig_2,True,569,TRA,TRAV4D-3,None,TRAJ27,TRAC,True,True,CAADGPNTGKLTF,TGTGCTGCGGACGGACCCAATACAGGCAAATTAACCTTT,1688,1,clonotype15,clonotype15_consensus_2
GCACATATCTCGGACG-1,True,GCACATATCTCGGACG-1_contig_1,True,555,TRA,TRAV3-3,None,TRAJ49,TRAC,True,True,CAVSGSTGYQNFYF,TGCGCAGTCAGTGGGAGCACGGGTTACCAGAACTTCTATTTT,13804,9,clonotype5,clonotype5_consensus_1
GCACATATCTCGGACG-1,True,GCACATATCTCGGACG-1_contig_2,True,595,TRB,TRBV12-2+TRBV13-2,None,TRBJ2-7,None,True,True,CASGVQGWEQYF,TGTGCCAGCGGTGTACAGGGGTGGGAACAGTACTTC,20330,17,clonotype5,clonotype5_consensus_2
GCACTCTCAGGGTATG-1,True,GCACTCTCAGGGTATG-1_contig_1,True,571,TRA,TRAV14N-3,None,TRAJ6,TRAC,True,True,CAARTSGGNYKPTF,TGTGCAGCAAGAACCTCAGGAGGAAACTACAAACCTACGTTT,12368,6,clonotype4,clonotype4_consensus_2
GCACTCTCAGGGTATG-1,True,GCACTCTCAGGGTATG-1_contig_2,True,549,TRA,TRAV8N-2,None,TRAJ13,TRAC,True,True,CATEDSGTYQRF,TGTGCTACTGAGGATTCTGGGACTTACCAGAGGTTT,13160,7,clonotype4,clonotype4_consensus_1
GCACTCTCAGGGTATG-1,True,GCACTCTCAGGGTATG-1_contig_3,True,576,TRB,TRBV12-2+TRBV13-2,None,TRBJ2-7,None,True,True,CASGTGGDYEQYF,TGTGCCAGCGGGACTGGGGGGGACTATGAACAGTACTTC,9502,12,clonotype4,clonotype4_consensus_3
GCACTCTCATGGATGG-1,True,GCACTCTCATGGATGG-1_contig_1,True,532,TRA,TRAV13-4-DV7,None,TRAJ58,TRAC,True,True,CAPMQQGTGSKLSF,TGTGCTCCTATGCAGCAAGGCACTGGGTCTAAGCTGTCATTT,5818,6,clonotype18,clonotype18_consensus_2
GCACTCTCATGGATGG-1,True,GCACTCTCATGGATGG-1_contig_2,True,525,TRB,TRBV17,None,TRBJ2-5,None,True,True,CASSRKGVQDTQYF,TGTGCTAGCAGTAGAAAGGGGGTCCAAGACACCCAGTACTTT,23252,16,clonotype18,clonotype18_consensus_1
GCACTCTCATGGATGG-1,True,GCACTCTCATGGATGG-1_contig_3,True,426,TRB,None,None,TRBJ2-3,None,False,False,None,None,5072,2,clonotype18,None
GCACTCTGTTAGAACA-1,True,GCACTCTGTTAGAACA-1_contig_1,True,519,TRA,TRAV6-6,None,TRAJ24,TRAC,True,True,CAPLTTASLGKLQF,TGTGCTCCGTTGACAACTGCCAGTTTGGGGAAACTGCAGTTT,6450,4,clonotype3,clonotype3_consensus_2
GCACTCTGTTAGAACA-1,True,GCACTCTGTTAGAACA-1_contig_2,True,505,TRB,TRBV13-1,None,TRBJ2-4,None,True,True,CASSEGTNTLYF,TGTGCCAGCAGTGAAGGAACAAACACCTTGTACTTT,15654,14,clonotype3,clonotype3_consensus_1
GCACTCTGTTAGAACA-1,True,GCACTCTGTTAGAACA-1_contig_3,True,707,TRA,TRAV9D-2,None,TRAJ26,TRAC,True,True,CVLSRGNNYAQGLTF,TGTGTTCTGAGCAGGGGCAATAACTATGCCCAGGGATTAACCTTC,4180,2,clonotype3,clonotype3_consensus_3
GCACTCTTCTACGAGT-1,True,GCACTCTTCTACGAGT-1_contig_1,True,549,TRB,TRBV16,None,TRBJ2-5,None,True,True,CASSLGGGQDTQYF,TGTGCAAGCAGCTTAGGGGGGGGCCAAGACACCCAGTACTTT,25560,20,clonotype15,clonotype15_consensus_1
GCACTCTTCTACGAGT-1,True,GCACTCTTCTACGAGT-1_contig_2,True,594,TRA,TRAV4D-3,None,TRAJ27,TRAC,True,True,CAADGPNTGKLTF,TGTGCTGCGGACGGACCCAATACAGGCAAATTAACCTTT,3434,5,clonotype15,clonotype15_consensus_2
GCAGCCAAGGACATTA-1,True,GCAGCCAAGGACATTA-1_contig_1,True,451,TRA,TRAV6-6,None,TRAJ24,TRAC,True,True,CAPLTTASLGKLQF,TGTGCTCCGTTGACAACTGCCAGTTTGGGGAAACTGCAGTTT,2834,2,clonotype2,clonotype2_consensus_2
GCAGCCAAGGACATTA-1,True,GCAGCCAAGGACATTA-1_contig_2,True,506,TRB,TRBV13-1,None,TRBJ2-4,None,True,True,CASSEGTNTLYF,TGTGCCAGCAGTGAAGGAACAAACACCTTGTACTTT,10890,7,clonotype2,clonotype2_consensus_1
GCAGCCAAGGACATTA-1,True,GCAGCCAAGGACATTA-1_contig_3,True,326,TRB,None,None,TRBJ2-7,None,False,False,None,None,1864,2,clonotype2,None
GCAGCCAAGGGAGTAA-1,True,GCAGCCAAGGGAGTAA-1_contig_1,True,549,TRA,TRAV6-6,None,TRAJ24,TRAC,True,True,CAPLTTASLGKLQF,TGTGCTCCGTTGACAACTGCCAGTTTGGGGAAACTGCAGTTT,4924,3,clonotype2,clonotype2_consensus_2
GCAGCCAAGGGAGTAA-1,True,GCAGCCAAGGGAGTAA-1_contig_2,True,505,TRB,TRBV13-1,None,TRBJ2-4,None,True,True,CASSEGTNTLYF,TGTGCCAGCAGTGAAGGAACAAACACCTTGTACTTT,11204,10,clonotype2,clonotype2_consensus_1
GCAGCCAAGTGAACAT-1,True,GCAGCCAAGTGAACAT-1_contig_1,True,530,TRA,TRAV16,None,TRAJ57,TRAC,True,True,CAMREPQGGSAKLIF,TGTGCTATGAGAGAGCCTCAAGGAGGGTCTGCGAAGCTCATCTTT,3480,2,clonotype22,clonotype22_consensus_3
GCAGCCAAGTGAACAT-1,True,GCAGCCAAGTGAACAT-1_contig_2,True,532,TRA,TRAV13-4-DV7,None,TRAJ58,TRAC,True,True,CAPMQQGTGSKLSF,TGTGCTCCTATGCAGCAAGGCACTGGGTCTAAGCTGTCATTT,4866,4,clonotype22,clonotype22_consensus_2
GCAGCCAAGTGAACAT-1,True,GCAGCCAAGTGAACAT-1_contig_3,True,525,TRB,TRBV17,None,TRBJ2-5,None,True,True,CASSRKGVQDTQYF,TGTGCTAGCAGTAGAAAGGGGGTCCAAGACACCCAGTACTTT,14704,8,clonotype22,clonotype22_consensus_1
GCAGCCAAGTGAACAT-1,True,GCAGCCAAGTGAACAT-1_contig_4,True,419,TRB,None,None,TRBJ2-7,None,False,False,None,None,2842,3,clonotype22,None
GCAGCCACATCTCGCT-1,True,GCAGCCACATCTCGCT-1_contig_1,True,558,TRA,TRAV4-3,None,TRAJ47,TRAC,True,True,CAAEGVDYANKMIF,TGTGCTGCTGAGGGTGTGGACTATGCAAACAAGATGATCTTT,6152,3,clonotype79,clonotype79_consensus_1
GCAGCCACATCTCGCT-1,True,GCAGCCACATCTCGCT-1_contig_2,True,527,TRB,TRBV15,None,TRBJ1-3,TRBC1,True,True,CASSLNRGSSGNTLYF,TGTGCCAGCAGTTTAAACAGGGGGAGTTCTGGAAATACGCTCTATTTT,7536,6,clonotype79,clonotype79_consensus_2
GCAGCCAGTGCAACGA-1,True,GCAGCCAGTGCAACGA-1_contig_1,True,549,TRB,TRBV16,None,TRBJ2-7,None,True,True,CASSLGGGLDEQYF,TGTGCAAGCAGCTTAGGGGGGGGGCTCGATGAACAGTACTTC,13538,11,clonotype26,clonotype26_consensus_1
GCAGCCAGTGCAACGA-1,True,GCAGCCAGTGCAACGA-1_contig_2,True,555,Multi,TRDV1,None,TRAJ45,TRAC,True,False,CGGTEGADRLTF,TGTGGAGGGACAGAAGGTGCAGATAGACTCACCTTT,4628,4,clonotype26,None
GCAGCCAGTTACGACT-1,True,GCAGCCAGTTACGACT-1_contig_1,True,505,TRB,TRBV13-1,None,TRBJ2-4,None,True,True,CASSEGTNTLYF,TGTGCCAGCAGTGAAGGAACAAACACCTTGTACTTT,11054,11,clonotype6,clonotype6_consensus_1
GCAGCCAGTTACGACT-1,True,GCAGCCAGTTACGACT-1_contig_2,True,404,TRA,TRAV9D-2,None,TRAJ26,TRAC,True,False,CVLSRGNNYAQGLTF,TGTGTTCTGAGCAGGGGCAATAACTATGCCCAGGGATTAACCTTC,6040,3,clonotype6,None
GCAGCCAGTTACGACT-1,True,GCAGCCAGTTACGACT-1_contig_3,True,481,TRB,None,None,TRBJ2-7,None,False,False,None,None,1956,2,clonotype6,None
GCAGCCATCTAACTGG-1,True,GCAGCCATCTAACTGG-1_contig_1,True,549,TRB,TRBV16,None,TRBJ2-7,None,True,True,CASSLGGGLDEQYF,TGTGCAAGCAGCTTAGGGGGGGGGCTCGATGAACAGTACTTC,15474,13,clonotype26,clonotype26_consensus_1
GCAGCCATCTAACTGG-1,True,GCAGCCATCTAACTGG-1_contig_2,True,593,Multi,TRDV1,None,TRAJ45,TRAC,True,False,CGGTEGADRLTF,TGTGGAGGGACAGAAGGTGCAGATAGACTCACCTTT,15458,10,clonotype26,None
GCAGTTACAAGTTAAG-1,True,GCAGTTACAAGTTAAG-1_contig_1,True,549,TRB,TRBV16,None,TRBJ2-5,None,True,True,CASSWGGGQDTQYF,TGTGCAAGCAGCTGGGGGGGCGGGCAAGACACCCAGTACTTT,17050,13,clonotype46,clonotype46_consensus_1
GCAGTTACAAGTTAAG-1,True,GCAGTTACAAGTTAAG-1_contig_2,True,406,TRB,TRBV10,None,TRBJ1-6,None,True,False,CQQLRGGAYNSPLYF,TGCCAGCAGCTAAGAGGGGGAGCCTATAATTCGCCCCTCTACTTT,1312,1,clonotype46,None
GCAGTTAGTCGGATCC-1,True,GCAGTTAGTCGGATCC-1_contig_1,True,549,TRB,TRBV16,None,TRBJ2-5,None,True,True,CASSLGGGQDTQYF,TGTGCAAGCAGCTTAGGGGGGGGGCAAGACACCCAGTACTTT,4744,5,clonotype11,clonotype11_consensus_2
GCAGTTAGTCGGATCC-1,True,GCAGTTAGTCGGATCC-1_contig_2,True,565,TRA,TRAV4D-3,None,TRAJ27,TRAC,True,True,CAADGPNTGKLTF,TGTGCTGCTGACGGGCCCAATACAGGCAAATTAACCTTT,5290,4,clonotype11,clonotype11_consensus_1
GCAGTTAGTCTAAACC-1,True,GCAGTTAGTCTAAACC-1_contig_1,True,549,TRA,TRAV8-1,None,TRAJ48,TRAC,True,True,CATDGNEKITF,TGTGCTACTGATGGAAATGAGAAAATAACTTTT,2996,2,clonotype55,clonotype55_consensus_2
GCAGTTAGTCTAAACC-1,True,GCAGTTAGTCTAAACC-1_contig_2,True,507,TRB,TRBV13-2,None,TRBJ2-1,None,True,True,CASGAGDYAEQFF,TGTGCCAGCGGTGCTGGGGACTATGCTGAGCAGTTCTTC,2212,5,clonotype55,clonotype55_consensus_1
GCAGTTAGTCTTCAAG-1,True,GCAGTTAGTCTTCAAG-1_contig_1,True,564,TRA,TRAV6-6,None,TRAJ24,TRAC,True,True,CAPLTTASLGKLQF,TGTGCTCCGTTGACAACTGCCAGTTTGGGGAAACTGCAGTTT,4442,3,clonotype3,clonotype3_consensus_2
GCAGTTAGTCTTCAAG-1,True,GCAGTTAGTCTTCAAG-1_contig_2,True,512,TRB,TRBV13-1,None,TRBJ2-4,None,True,True,CASSEGTNTLYF,TGTGCCAGCAGTGAAGGAACAAACACCTTGTACTTT,20110,19,clonotype3,clonotype3_consensus_1
GCAGTTAGTCTTCAAG-1,True,GCAGTTAGTCTTCAAG-1_contig_3,True,673,TRA,TRAV9D-2,None,TRAJ26,TRAC,True,True,CVLSRGNNYAQGLTF,TGTGTTCTGAGCAGGGGCAATAACTATGCCCAGGGATTAACCTTC,5494,3,clonotype3,clonotype3_consensus_3
GCAGTTAGTGATGTCT-1,True,GCAGTTAGTGATGTCT-1_contig_1,True,512,TRB,TRBV13-1,None,TRBJ2-4,None,True,True,CASSEGTNTLYF,TGTGCCAGCAGTGAAGGAACAAACACCTTGTACTTT,5030,5,clonotype6,clonotype6_consensus_1
GCAGTTATCAACACCA-1,True,GCAGTTATCAACACCA-1_contig_1,True,558,TRA,TRAV19,None,TRAJ39,TRAC,True,True,CAAGGNNAGAKLTF,TGCGCAGCAGGTGGGAATAATGCAGGTGCCAAGCTCACATTC,4652,2,clonotype1,clonotype1_consensus_2
GCAGTTATCAACACCA-1,True,GCAGTTATCAACACCA-1_contig_2,True,570,TRB,TRBV12-2+TRBV13-2,None,TRBJ1-2,TRBC1,True,True,CASGGGTGNSDYTF,TGTGCCAGCGGTGGGGGGACAGGGAACTCCGACTACACCTTC,41436,35,clonotype1,clonotype1_consensus_1
GCAGTTATCAACACCA-1,True,GCAGTTATCAACACCA-1_contig_3,True,502,TRA,TRAV7-5,None,TRAJ45,TRAC,True,False,CSDTEGADRLTF,TGCAGTGATACAGAAGGTGCAGATAGACTCACCTTT,178,1,clonotype1,None
GCAGTTATCACGACTA-1,True,GCAGTTATCACGACTA-1_contig_1,True,561,TRB,TRBV12-2+TRBV13-2,None,TRBJ2-7,None,True,True,CASGGVDEQYF,TGTGCCAGCGGAGGGGTGGATGAACAGTACTTC,7692,6,clonotype180,clonotype180_consensus_1
GCAGTTATCACGACTA-1,True,GCAGTTATCACGACTA-1_contig_2,True,606,TRA,TRAV12-1,None,TRAJ44,TRAC,True,True,CALSPVTGSGGKLTL,TGTGCTCTGAGTCCTGTTACTGGCAGTGGTGGAAAACTCACTTTG,9462,5,clonotype180,clonotype180_consensus_2
GCAGTTATCACGACTA-1,True,GCAGTTATCACGACTA-1_contig_3,True,530,TRA,TRAV13-4-DV7,None,TRAJ32,TRAC,True,False,None,None,282,1,clonotype180,None
GCATACAAGGGCTTGA-1,True,GCATACAAGGGCTTGA-1_contig_1,True,545,TRA,TRAV8-1,None,TRAJ30,TRAC,True,True,CASDTNAYKVIF,TGTGCTTCTGACACAAATGCTTACAAAGTCATCTTT,2102,1,clonotype23,clonotype23_consensus_2
GCATACAAGGGCTTGA-1,True,GCATACAAGGGCTTGA-1_contig_2,True,557,TRB,TRBV12-2+TRBV13-2,None,TRBJ1-5,TRBC1,True,True,CASGTGDNQAPLF,TGTGCCAGCGGGACAGGGGACAACCAGGCTCCGCTTTTT,3516,3,clonotype23,clonotype23_consensus_1
GCATACAAGGGCTTGA-1,True,GCATACAAGGGCTTGA-1_contig_3,True,355,TRB,None,None,TRBJ2-1,None,False,False,None,None,2926,3,clonotype23,None
GCATACAAGTCGAGTG-1,True,GCATACAAGTCGAGTG-1_contig_1,True,549,TRB,TRBV16,None,TRBJ2-5,None,True,True,CASSLGGGQDTQYF,TGTGCAAGCAGCTTAGGGGGGGGCCAAGACACCCAGTACTTT,5352,4,clonotype8,clonotype8_consensus_1
GCATACAAGTCGAGTG-1,True,GCATACAAGTCGAGTG-1_contig_2,True,562,TRA,TRAV4D-3,None,TRAJ27,TRAC,True,True,CAADGPNTGKLTF,TGTGCTGCGGACGGACCCAATACAGGCAAATTAACCTTT,10388,6,clonotype8,clonotype8_consensus_2
GCATACAAGTCGAGTG-1,True,GCATACAAGTCGAGTG-1_contig_3,True,525,TRA,TRAV7N-6,None,TRAJ30,TRAC,True,True,CAVVDTNAYKVIF,TGTGCAGTGGTTGACACAAATGCTTACAAAGTCATCTTT,3798,2,clonotype8,clonotype8_consensus_3
GCATACAGTCCAAGTT-1,True,GCATACAGTCCAAGTT-1_contig_1,True,525,TRA,TRAV14N-3,None,TRAJ6,TRAC,True,True,CAARTSGGNYKPTF,TGTGCAGCAAGAACCTCAGGAGGAAACTACAAACCTACGTTT,15322,10,clonotype4,clonotype4_consensus_2
GCATACAGTCCAAGTT-1,True,GCATACAGTCCAAGTT-1_contig_2,True,549,TRA,TRAV8N-2,None,TRAJ13,TRAC,True,True,CATEDSGTYQRF,TGTGCTACTGAGGATTCTGGGACTTACCAGAGGTTT,41634,31,clonotype4,clonotype4_consensus_1
GCATACAGTCCAAGTT-1,True,GCATACAGTCCAAGTT-1_contig_3,True,569,TRB,TRBV12-2+TRBV13-2,None,TRBJ2-7,None,True,True,CASGTGGDYEQYF,TGTGCCAGCGGGACTGGGGGGGACTATGAACAGTACTTC,17908,20,clonotype4,clonotype4_consensus_3
GCATACAGTCCAAGTT-1,True,GCATACAGTCCAAGTT-1_contig_4,True,300,TRB,None,None,TRBJ2-5,None,False,False,None,None,1902,1,clonotype4,None
GCATACAGTGCAACGA-1,True,GCATACAGTGCAACGA-1_contig_1,True,549,TRA,TRAV8N-2,None,TRAJ13,TRAC,True,True,CATEDSGTYQRF,TGTGCTACTGAGGATTCTGGGACTTACCAGAGGTTT,1812,1,clonotype407,clonotype407_consensus_1
GCATACAGTGCAACGA-1,True,GCATACAGTGCAACGA-1_contig_2,True,515,TRA,TRAV13N-3,None,TRAJ24,TRAC,True,True,CAMAASLGKLQF,TGTGCTATGGCTGCCAGTTTGGGGAAACTGCAGTTT,1750,2,clonotype407,clonotype407_consensus_2
GCATACAGTGCAACGA-1,True,GCATACAGTGCAACGA-1_contig_3,True,564,TRB,TRBV12-2+TRBV13-2,None,TRBJ2-1,None,True,True,CASGTGDYAEQFF,TGTGCCAGCGGTACCGGGGACTATGCTGAGCAGTTCTTC,1632,2,clonotype407,clonotype407_consensus_3
GCATACATCACTATTC-1,True,GCATACATCACTATTC-1_contig_1,True,549,TRB,TRBV16,None,TRBJ2-5,None,True,True,CASSLGGGQDTQYF,TGTGCAAGCAGCTTAGGGGGGGGGCAAGACACCCAGTACTTT,5834,8,clonotype11,clonotype11_consensus_2
GCATACATCACTATTC-1,True,GCATACATCACTATTC-1_contig_2,True,578,TRA,TRAV4D-3,None,TRAJ27,TRAC,True,True,CAADGPNTGKLTF,TGTGCTGCTGACGGGCCCAATACAGGCAAATTAACCTTT,9062,9,clonotype11,clonotype11_consensus_1
GCATACATCAGTTTGG-1,True,GCATACATCAGTTTGG-1_contig_1,True,525,TRB,TRBV17,None,TRBJ2-5,None,True,True,CASSRKGSQDTQYF,TGTGCTAGCAGTAGAAAGGGTTCTCAAGACACCCAGTACTTT,25104,16,clonotype68,clonotype68_consensus_1
GCATACATCAGTTTGG-1,True,GCATACATCAGTTTGG-1_contig_2,True,537,TRA,TRAV13D-4,None,TRAJ9,TRAC,True,False,None,None,6444,5,clonotype68,None
GCATACATCAGTTTGG-1,True,GCATACATCAGTTTGG-1_contig_3,True,599,TRB,TRBV12-2,None,TRBJ2-7,None,True,False,None,None,3800,3,clonotype68,None
GCATACATCGGTCCGA-1,True,GCATACATCGGTCCGA-1_contig_1,True,593,TRA,TRAV19,None,TRAJ39,TRAC,True,True,CAAGGNNAGAKLTF,TGCGCAGCAGGTGGGAATAATGCAGGTGCCAAGCTCACATTC,6038,5,clonotype1,clonotype1_consensus_2
GCATACATCGGTCCGA-1,True,GCATACATCGGTCCGA-1_contig_2,True,568,TRB,TRBV12-2+TRBV13-2,None,TRBJ1-2,TRBC1,True,True,CASGGGTGNSDYTF,TGTGCCAGCGGTGGGGGGACAGGGAACTCCGACTACACCTTC,10052,9,clonotype1,clonotype1_consensus_1
GCATACATCGGTCCGA-1,True,GCATACATCGGTCCGA-1_contig_3,True,326,TRB,None,None,TRBJ2-7,None,False,False,None,None,1738,1,clonotype1,None
GCATACATCTCAACTT-1,True,GCATACATCTCAACTT-1_contig_1,True,556,TRA,TRAV19,None,TRAJ39,TRAC,True,True,CAAGGNNAGAKLTF,TGCGCAGCAGGTGGGAATAATGCAGGTGCCAAGCTCACATTC,12092,7,clonotype1,clonotype1_consensus_2
GCATACATCTCAACTT-1,True,GCATACATCTCAACTT-1_contig_2,True,568,TRB,TRBV12-2+TRBV13-2,None,TRBJ1-2,TRBC1,True,True,CASGGGTGNSDYTF,TGTGCCAGCGGTGGGGGGACAGGGAACTCCGACTACACCTTC,13858,11,clonotype1,clonotype1_consensus_1
GCATACATCTCAACTT-1,True,GCATACATCTCAACTT-1_contig_3,True,521,TRA,TRAV7-5,None,TRAJ45,TRAC,True,False,CSDTEGADRLTF,TGCAGTGATACAGAAGGTGCAGATAGACTCACCTTT,4986,4,clonotype1,None
GCATGATAGAGGTACC-1,True,GCATGATAGAGGTACC-1_contig_1,True,558,TRA,TRAV19,None,TRAJ39,TRAC,True,True,CAAGGNNAGAKLTF,TGCGCAGCAGGTGGGAATAATGCAGGTGCCAAGCTCACATTC,10150,7,clonotype1,clonotype1_consensus_2
GCATGATAGAGGTACC-1,True,GCATGATAGAGGTACC-1_contig_2,True,594,TRB,TRBV12-2+TRBV13-2,None,TRBJ1-2,TRBC1,True,True,CASGGGTGNSDYTF,TGTGCCAGCGGTGGGGGGACAGGGAACTCCGACTACACCTTC,12906,10,clonotype1,clonotype1_consensus_1
GCATGATAGAGGTACC-1,True,GCATGATAGAGGTACC-1_contig_3,True,311,TRA,TRAV7-5,None,TRAJ45,None,True,False,CSDTEGADRLTF,TGCAGTGATACAGAAGGTGCAGATAGACTCACCTTT,1446,1,clonotype1,None
GCATGATAGAGGTACC-1,True,GCATGATAGAGGTACC-1_contig_4,True,301,TRB,None,None,TRBJ1-5,TRBC1,False,False,None,None,2660,1,clonotype1,None
GCATGATAGGCGATAC-1,True,GCATGATAGGCGATAC-1_contig_1,True,507,TRA,TRAV21-DV12,None,TRAJ42,TRAC,True,True,CILRVHGGSNAKLTF,TGTATCCTGAGAGTCCATGGAGGAAGCAATGCAAAGCTAACCTTC,5156,4,clonotype148,clonotype148_consensus_1
GCATGATAGGTCGGAT-1,True,GCATGATAGGTCGGAT-1_contig_1,True,496,TRA,TRAV13-1,None,TRAJ58,TRAC,True,True,CASSMQQGTGSKLSF,TGTGCTTCTTCCATGCAGCAAGGCACTGGGTCTAAGCTGTCATTT,3614,2,clonotype408,clonotype408_consensus_1
GCATGATAGGTCGGAT-1,True,GCATGATAGGTCGGAT-1_contig_2,True,307,TRB,None,None,TRBJ2-7,None,False,False,None,None,3904,2,clonotype408,None
GCATGATGTCAAACTC-1,True,GCATGATGTCAAACTC-1_contig_1,True,574,TRA,TRAV3D-3,None,TRAJ23,TRAC,True,True,CAVSDNYNQGKLIF,TGCGCAGTCAGTGATAATTATAACCAGGGGAAGCTTATCTTT,4870,4,clonotype109,clonotype109_consensus_1
GCATGATGTCAAACTC-1,True,GCATGATGTCAAACTC-1_contig_2,True,605,TRB,TRBV3,None,TRBJ2-5,None,True,True,CASSLDWGGQDTQYF,TGTGCCAGCAGCTTAGACTGGGGGGGGCAAGACACCCAGTACTTT,11352,7,clonotype109,clonotype109_consensus_2
GCATGATTCGAGAGCA-1,True,GCATGATTCGAGAGCA-1_contig_1,True,482,TRB,TRBV30,None,TRBJ2-2,None,True,True,CSSRGVGTGQLYF,TGTAGTTCTAGAGGGGTTGGCACCGGGCAGCTCTACTTT,338,1,clonotype409,clonotype409_consensus_2
GCATGATTCGAGAGCA-1,True,GCATGATTCGAGAGCA-1_contig_2,True,644,TRA,TRAV13-1,None,TRAJ34,TRAC,True,True,CALEHTNKVVF,TGTGCTTTGGAACACACCAACAAAGTCGTCTTT,7098,4,clonotype409,clonotype409_consensus_1
GCATGATTCGAGAGCA-1,True,GCATGATTCGAGAGCA-1_contig_3,True,440,TRB,None,None,TRBJ1-2,TRBC1,False,False,None,None,2798,5,clonotype409,None
GCATGATTCGAGAGCA-1,True,GCATGATTCGAGAGCA-1_contig_4,True,441,TRA,TRAV5-4,None,TRAJ44,TRAC,True,False,CAAKNVTGSGGKLTL,TGTGCTGCAAAGAACGTTACTGGCAGTGGTGGAAAACTCACTTTG,1606,2,clonotype409,None
GCATGCGAGCAGCGTA-1,True,GCATGCGAGCAGCGTA-1_contig_1,True,558,TRA,TRAV19,None,TRAJ39,TRAC,True,True,CAAGGNNAGAKLTF,TGCGCAGCAGGTGGGAATAATGCAGGTGCCAAGCTCACATTC,8012,4,clonotype1,clonotype1_consensus_2
GCATGCGAGCAGCGTA-1,True,GCATGCGAGCAGCGTA-1_contig_2,True,569,TRB,TRBV12-2+TRBV13-2,None,TRBJ1-2,TRBC1,True,True,CASGGGTGNSDYTF,TGTGCCAGCGGTGGGGGGACAGGGAACTCCGACTACACCTTC,9316,8,clonotype1,clonotype1_consensus_1
GCATGCGAGGCTATCT-1,True,GCATGCGAGGCTATCT-1_contig_1,True,537,TRA,TRAV3-3,None,TRAJ49,TRAC,True,True,CAVSGATGYQNFYF,TGCGCAGTCAGTGGGGCCACGGGTTACCAGAACTTCTATTTT,2912,3,clonotype10,clonotype10_consensus_3
GCATGCGAGGCTATCT-1,True,GCATGCGAGGCTATCT-1_contig_2,True,507,TRA,TRAV21-DV12,None,TRAJ42,TRAC,True,True,CILRVHGGSNAKLTF,TGTATCCTGAGAGTCCATGGAGGAAGCAATGCAAAGCTAACCTTC,5588,3,clonotype10,clonotype10_consensus_1
GCATGCGAGGCTATCT-1,True,GCATGCGAGGCTATCT-1_contig_3,True,578,TRB,TRBV12-2+TRBV13-2,None,TRBJ2-7,None,True,True,CASGVQGEQYF,TGTGCCAGCGGTGTTCAGGGAGAACAGTACTTC,10404,9,clonotype10,clonotype10_consensus_2
GCATGCGAGGCTATCT-1,True,GCATGCGAGGCTATCT-1_contig_4,True,333,TRB,None,None,TRBJ2-1,None,False,False,None,None,5262,5,clonotype10,None
GCATGCGCAAGCCATT-1,True,GCATGCGCAAGCCATT-1_contig_1,True,549,TRA,TRAV8N-2,None,TRAJ13,TRAC,True,True,CATEDSGTYQRF,TGTGCTACTGAGGATTCTGGGACTTACCAGAGGTTT,9982,7,clonotype36,clonotype36_consensus_1
GCATGCGCAAGCCATT-1,True,GCATGCGCAAGCCATT-1_contig_2,True,583,TRB,TRBV12-2+TRBV13-2,None,TRBJ2-7,None,True,True,CASGTGGDYEQYF,TGTGCCAGCGGGACTGGGGGGGACTATGAACAGTACTTC,14566,14,clonotype36,clonotype36_consensus_2
GCATGCGCAGTCGTGC-1,True,GCATGCGCAGTCGTGC-1_contig_1,True,541,TRA,TRAV8D-1,None,TRAJ30,TRAC,True,True,CASDTNAYKVIF,TGTGCTAGTGACACAAATGCTTACAAAGTCATCTTT,7858,5,clonotype410,clonotype410_consensus_1
GCATGCGCAGTCGTGC-1,True,GCATGCGCAGTCGTGC-1_contig_2,True,378,TRB,None,None,TRBJ1-6,TRBC1,False,False,None,None,2226,2,clonotype410,None
GCATGCGGTTCGCTAA-1,True,GCATGCGGTTCGCTAA-1_contig_1,True,560,TRB,TRBV12-2+TRBV13-2,None,TRBJ2-7,None,True,True,CASGTGGDYEQYF,TGTGCCAGCGGGACTGGGGGGGACTATGAACAGTACTTC,5132,4,clonotype411,clonotype411_consensus_1
GCATGCGTCACTATTC-1,True,GCATGCGTCACTATTC-1_contig_1,True,549,TRB,TRBV16,None,TRBJ2-5,None,True,True,CASSLGGGQDTQYF,TGTGCAAGCAGCTTAGGGGGGGGGCAAGACACCCAGTACTTT,21202,25,clonotype11,clonotype11_consensus_2
GCATGCGTCACTATTC-1,True,GCATGCGTCACTATTC-1_contig_2,True,560,TRA,TRAV4D-3,None,TRAJ27,TRAC,True,True,CAADGPNTGKLTF,TGTGCTGCTGACGGGCCCAATACAGGCAAATTAACCTTT,21170,14,clonotype11,clonotype11_consensus_1
GCATGCGTCACTATTC-1,True,GCATGCGTCACTATTC-1_contig_3,True,425,TRB,None,None,TRBJ2-7,None,False,False,None,None,2444,3,clonotype11,None
GCATGCGTCACTATTC-1,True,GCATGCGTCACTATTC-1_contig_4,True,595,TRA,TRAV7-4,None,TRAJ31,TRAC,True,False,None,None,1856,1,clonotype11,None
GCATGTAAGGTACTCT-1,True,GCATGTAAGGTACTCT-1_contig_1,True,523,TRA,TRAV19,None,TRAJ48,TRAC,True,True,CAADGNEKITF,TGCGCAGCAGATGGAAATGAGAAAATAACTTTT,508,1,clonotype141,clonotype141_consensus_1
GCATGTAAGGTACTCT-1,True,GCATGTAAGGTACTCT-1_contig_2,True,549,TRB,TRBV16,None,TRBJ2-5,None,True,True,CASSLGGGEDTQYF,TGTGCAAGCAGCTTAGGAGGGGGCGAGGACACCCAGTACTTT,7730,8,clonotype141,clonotype141_consensus_2
GCATGTAAGGTACTCT-1,True,GCATGTAAGGTACTCT-1_contig_3,True,466,TRA,TRAV9-4,None,TRAJ39,TRAC,True,False,CAVSSAKLTF,TGTGCTGTGAGCTCCGCCAAGCTCACATTC,4312,3,clonotype141,None
GCATGTAAGGTACTCT-1,True,GCATGTAAGGTACTCT-1_contig_4,True,575,TRB,TRBV13-1,None,TRBJ1-4,TRBC1,True,False,None,None,2742,5,clonotype141,None
GCATGTATCTTTAGGG-1,True,GCATGTATCTTTAGGG-1_contig_1,True,555,TRA,TRAV3-3,None,TRAJ49,TRAC,True,True,CAVSGSTGYQNFYF,TGCGCAGTCAGTGGGAGCACGGGTTACCAGAACTTCTATTTT,20694,19,clonotype195,clonotype195_consensus_1
GCATGTATCTTTAGGG-1,True,GCATGTATCTTTAGGG-1_contig_2,True,587,TRB,TRBV12-2+TRBV13-2,None,TRBJ2-7,None,True,True,CASGVQGWEQYF,TGTGCCAGCGGTGTACAGGGGTGGGAACAGTACTTC,31872,36,clonotype195,clonotype195_consensus_2
GCATGTATCTTTAGGG-1,True,GCATGTATCTTTAGGG-1_contig_3,True,570,TRB,TRBV12-2+TRBV13-2,None,TRBJ2-7,None,True,True,CASGTGGDYEQYF,TGTGCCAGCGGGACTGGGGGGGACTATGAACAGTACTTC,12218,15,clonotype195,clonotype195_consensus_3
GCATGTATCTTTAGGG-1,True,GCATGTATCTTTAGGG-1_contig_4,True,391,TRB,TRBV13-3,None,TRBJ1-2,TRBC1,True,False,None,None,5832,11,clonotype195,None
GCATGTATCTTTAGGG-1,True,GCATGTATCTTTAGGG-1_contig_5,True,495,TRA,TRAV6D-5,None,TRAJ38,TRAC,True,False,CTTVFWDNVGDNSKLIW,TGTACTACTGTGTTCTGGGATAATGTTGGTGACAACAGTAAGCTGATTTGG,2336,4,clonotype195,None
GCCAAATAGATTACCC-1,True,GCCAAATAGATTACCC-1_contig_1,True,570,TRA,TRAV13-1,None,TRAJ58,TRAC,True,True,CASSMQQGTGSKLSF,TGTGCTTCTTCCATGCAGCAAGGCACTGGGTCTAAGCTGTCATTT,872,2,clonotype86,clonotype86_consensus_3
GCCAAATAGATTACCC-1,True,GCCAAATAGATTACCC-1_contig_2,True,556,TRA,TRAV16,None,TRAJ57,TRAC,True,True,CAMRENQGGSAKLIF,TGTGCTATGAGAGAGAATCAAGGAGGGTCTGCGAAGCTCATCTTT,2196,1,clonotype86,clonotype86_consensus_2
GCCAAATAGATTACCC-1,True,GCCAAATAGATTACCC-1_contig_3,True,580,TRB,TRBV12-2+TRBV13-2,None,TRBJ2-1,None,True,True,CATEAAYAEQFF,TGTGCCACTGAGGCAGCCTATGCTGAGCAGTTCTTC,7094,6,clonotype86,clonotype86_consensus_1
GCCAAATAGATTACCC-1,True,GCCAAATAGATTACCC-1_contig_4,True,522,TRB,TRBV15,None,TRBJ2-7,None,True,False,CVPAVARDRGLEQYF,TGTGTGCCAGCAGTCGCCCGGGACAGGGGGCTTGAACAGTACTTC,2074,2,clonotype86,None
GCCTCTAGTATATGGA-1,True,GCCTCTAGTATATGGA-1_contig_1,True,656,TRA,TRAV14N-3,None,TRAJ6,TRAC,True,True,CAARTSGGNYKPTF,TGTGCAGCAAGAACCTCAGGAGGAAACTACAAACCTACGTTT,16216,11,clonotype4,clonotype4_consensus_2
GCCTCTAGTATATGGA-1,True,GCCTCTAGTATATGGA-1_contig_2,True,547,TRA,TRAV8N-2,None,TRAJ13,TRAC,True,True,CATEDSGTYQRF,TGTGCTACTGAGGATTCTGGGACTTACCAGAGGTTT,22756,15,clonotype4,clonotype4_consensus_1
GCCTCTAGTATATGGA-1,True,GCCTCTAGTATATGGA-1_contig_3,True,580,TRB,TRBV12-2+TRBV13-2,None,TRBJ2-7,None,True,True,CASGTGGDYEQYF,TGTGCCAGCGGGACTGGGGGGGACTATGAACAGTACTTC,32350,31,clonotype4,clonotype4_consensus_3
GCCTCTAGTTCAGACT-1,True,GCCTCTAGTTCAGACT-1_contig_1,True,549,TRB,TRBV16,None,TRBJ2-5,None,True,True,CASSWGGGQDTQYF,TGTGCAAGCAGCTGGGGGGGCGGGCAAGACACCCAGTACTTT,18638,13,clonotype44,clonotype44_consensus_1
GCCTCTAGTTCAGACT-1,True,GCCTCTAGTTCAGACT-1_contig_2,True,522,TRA,TRAV6-6,None,TRAJ39,TRAC,True,True,CALGDWNNAGAKLTF,TGTGCTCTGGGTGATTGGAATAATGCAGGTGCCAAGCTCACATTC,8532,7,clonotype44,clonotype44_consensus_2
GCCTCTAGTTCAGACT-1,True,GCCTCTAGTTCAGACT-1_contig_3,True,359,TRB,None,None,TRBJ2-1,None,False,False,None,None,4234,2,clonotype44,None
GCCTCTAGTTCAGACT-1,True,GCCTCTAGTTCAGACT-1_contig_4,True,530,TRB,TRBV10,None,TRBJ1-6,TRBC1,True,False,CQQLRGGAYNSPLYF,TGCCAGCAGCTAAGAGGGGGAGCCTATAATTCGCCCCTCTACTTT,1204,1,clonotype44,None
GCCTCTAGTTCTGAAC-1,True,GCCTCTAGTTCTGAAC-1_contig_1,True,505,TRB,TRBV13-1,None,TRBJ2-4,None,True,True,CASSEGTNTLYF,TGTGCCAGCAGTGAAGGAACAAACACCTTGTACTTT,7532,9,clonotype9,clonotype9_consensus_1
GCCTCTAGTTCTGAAC-1,True,GCCTCTAGTTCTGAAC-1_contig_2,True,703,TRA,TRAV9D-2,None,TRAJ26,TRAC,True,True,CVLSRGNNYAQGLTF,TGTGTTCTGAGCAGGGGCAATAACTATGCCCAGGGATTAACCTTC,2112,3,clonotype9,clonotype9_consensus_2
GCGACCAAGCGGCTTC-1,True,GCGACCAAGCGGCTTC-1_contig_1,True,549,TRA,TRAV8N-2,None,TRAJ13,TRAC,True,True,CATEDSGTYQRF,TGTGCTACTGAGGATTCTGGGACTTACCAGAGGTTT,1148,1,clonotype412,clonotype412_consensus_1
GCGACCAAGCGGCTTC-1,True,GCGACCAAGCGGCTTC-1_contig_2,True,565,TRB,TRBV12-2+TRBV13-2,None,TRBJ1-5,TRBC1,True,True,CASGTGDNQAPLF,TGTGCCAGCGGGACAGGGGACAACCAGGCTCCGCTTTTT,3622,3,clonotype412,clonotype412_consensus_2
GCGACCAAGCGGCTTC-1,True,GCGACCAAGCGGCTTC-1_contig_3,True,566,TRB,TRBV12-2+TRBV13-2,None,TRBJ2-7,None,True,True,CASGTGGDYEQYF,TGTGCCAGCGGGACTGGGGGGGACTATGAACAGTACTTC,10586,6,clonotype412,clonotype412_consensus_3
GCGACCAAGCGGCTTC-1,True,GCGACCAAGCGGCTTC-1_contig_4,True,531,TRA,TRAV14N-3,None,TRAJ35,TRAC,True,False,None,None,2910,3,clonotype412,None
GCGACCACAGGAATCG-1,True,GCGACCACAGGAATCG-1_contig_1,True,558,TRA,TRAV19,None,TRAJ39,TRAC,True,True,CAAGGNNAGAKLTF,TGCGCAGCAGGTGGGAATAATGCAGGTGCCAAGCTCACATTC,6912,4,clonotype1,clonotype1_consensus_2
GCGACCACAGGAATCG-1,True,GCGACCACAGGAATCG-1_contig_2,True,573,TRB,TRBV12-2+TRBV13-2,None,TRBJ1-2,TRBC1,True,True,CASGGGTGNSDYTF,TGTGCCAGCGGTGGGGGGACAGGGAACTCCGACTACACCTTC,13188,14,clonotype1,clonotype1_consensus_1
GCGACCACATCGGACC-1,True,GCGACCACATCGGACC-1_contig_1,True,505,TRA,TRAV6-6,None,TRAJ24,TRAC,True,True,CAPLTTASLGKLQF,TGTGCTCCGTTGACAACTGCCAGTTTGGGGAAACTGCAGTTT,1552,1,clonotype2,clonotype2_consensus_2
GCGACCACATCGGACC-1,True,GCGACCACATCGGACC-1_contig_2,True,512,TRB,TRBV13-1,None,TRBJ2-4,None,True,True,CASSEGTNTLYF,TGTGCCAGCAGTGAAGGAACAAACACCTTGTACTTT,23750,18,clonotype2,clonotype2_consensus_1
GCGACCACATCGGACC-1,True,GCGACCACATCGGACC-1_contig_3,True,828,TRA,TRAV9D-2,None,TRAJ26,TRAC,True,False,CVLSRGNNYAQGLTF,TGTGTTCTGAGCAGGGGCAATAACTATGCCCAGGGATTAACCTTC,1968,2,clonotype2,None
GCGACCATCTGTCTCG-1,True,GCGACCATCTGTCTCG-1_contig_1,True,556,TRA,TRAV19,None,TRAJ39,TRAC,True,True,CAAGGNNAGAKLTF,TGCGCAGCAGGTGGGAATAATGCAGGTGCCAAGCTCACATTC,3298,1,clonotype1,clonotype1_consensus_2
GCGACCATCTGTCTCG-1,True,GCGACCATCTGTCTCG-1_contig_2,True,572,TRB,TRBV12-2+TRBV13-2,None,TRBJ1-2,TRBC1,True,True,CASGGGTGNSDYTF,TGTGCCAGCGGTGGGGGGACAGGGAACTCCGACTACACCTTC,7252,7,clonotype1,clonotype1_consensus_1
GCGACCATCTGTCTCG-1,True,GCGACCATCTGTCTCG-1_contig_3,True,392,TRA,None,None,TRAJ26,TRAC,False,False,None,None,2636,1,clonotype1,None
GCGAGAAAGAATGTTG-1,True,GCGAGAAAGAATGTTG-1_contig_1,True,549,TRB,TRBV16,None,TRBJ2-5,None,True,True,CASSFGGAPDTQYF,TGTGCAAGCAGCTTTGGGGGGGCGCCAGACACCCAGTACTTT,18302,18,clonotype17,clonotype17_consensus_2
GCGAGAAAGAATGTTG-1,True,GCGAGAAAGAATGTTG-1_contig_2,True,591,TRA,TRAV14-2,None,TRAJ49,TRAC,True,True,CAAQGYQNFYF,TGTGCAGCACAGGGTTACCAGAACTTCTATTTT,8646,5,clonotype17,clonotype17_consensus_3
GCGAGAAAGAATGTTG-1,True,GCGAGAAAGAATGTTG-1_contig_3,True,563,TRA,TRAV4D-4,None,TRAJ45,TRAC,True,True,CAAYTEGADRLTF,TGTGCTGCCTATACAGAAGGTGCAGATAGACTCACCTTT,19436,12,clonotype17,clonotype17_consensus_1
GCGAGAAAGAATGTTG-1,True,GCGAGAAAGAATGTTG-1_contig_4,True,368,TRB,None,None,TRBJ1-3,TRBC1,False,False,None,None,2130,2,clonotype17,None
GCGAGAAAGAATGTTG-1,True,GCGAGAAAGAATGTTG-1_contig_5,True,369,TRB,None,None,TRBJ2-1,None,False,False,None,None,3218,1,clonotype17,None
GCGAGAAAGGCTAGAC-1,True,GCGAGAAAGGCTAGAC-1_contig_1,True,558,TRA,TRAV19,None,TRAJ39,TRAC,True,True,CAAGGNNAGAKLTF,TGCGCAGCAGGTGGGAATAATGCAGGTGCCAAGCTCACATTC,8692,6,clonotype1,clonotype1_consensus_2
GCGAGAAAGGCTAGAC-1,True,GCGAGAAAGGCTAGAC-1_contig_2,True,589,TRB,TRBV12-2+TRBV13-2,None,TRBJ1-2,TRBC1,True,True,CASGGGTGNSDYTF,TGTGCCAGCGGTGGGGGGACAGGGAACTCCGACTACACCTTC,24892,21,clonotype1,clonotype1_consensus_1
GCGAGAATCATCTGCC-1,True,GCGAGAATCATCTGCC-1_contig_1,True,558,TRA,TRAV19,None,TRAJ39,TRAC,True,True,CAAGGNNAGAKLTF,TGCGCAGCAGGTGGGAATAATGCAGGTGCCAAGCTCACATTC,23078,17,clonotype1,clonotype1_consensus_2
GCGAGAATCATCTGCC-1,True,GCGAGAATCATCTGCC-1_contig_2,True,571,TRB,TRBV12-2+TRBV13-2,None,TRBJ1-2,TRBC1,True,True,CASGGGTGNSDYTF,TGTGCCAGCGGTGGGGGGACAGGGAACTCCGACTACACCTTC,41166,45,clonotype1,clonotype1_consensus_1
GCGAGAATCATCTGCC-1,True,GCGAGAATCATCTGCC-1_contig_3,True,300,TRB,TRBV13-1,None,TRBJ2-4,None,True,False,CASSEGTNTLYF,TGTGCCAGCAGTGAAGGAACAAACACCTTGTACTTT,6156,8,clonotype1,None
GCGAGAATCATCTGCC-1,True,GCGAGAATCATCTGCC-1_contig_4,True,308,TRB,None,None,TRBJ2-2,None,False,False,None,None,1154,1,clonotype1,None
GCGAGAATCATCTGCC-1,True,GCGAGAATCATCTGCC-1_contig_5,True,392,TRA,TRAV7-5,None,TRAJ45,TRAC,True,False,CSDTEGADRLTF,TGCAGTGATACAGAAGGTGCAGATAGACTCACCTTT,2240,2,clonotype1,None
GCGAGAATCCTAGAAC-1,True,GCGAGAATCCTAGAAC-1_contig_1,True,558,TRA,TRAV19,None,TRAJ39,TRAC,True,True,CAAGGNNAGAKLTF,TGCGCAGCAGGTGGGAATAATGCAGGTGCCAAGCTCACATTC,13202,9,clonotype1,clonotype1_consensus_2
GCGAGAATCCTAGAAC-1,True,GCGAGAATCCTAGAAC-1_contig_2,True,605,TRB,TRBV12-2+TRBV13-2,None,TRBJ1-2,TRBC1,True,True,CASGGGTGNSDYTF,TGTGCCAGCGGTGGGGGGACAGGGAACTCCGACTACACCTTC,23626,20,clonotype1,clonotype1_consensus_1
GCGAGAATCCTAGAAC-1,True,GCGAGAATCCTAGAAC-1_contig_3,True,300,TRB,TRBV13-1,None,TRBJ2-4,None,True,False,CASSEGTNTLYF,TGTGCCAGCAGTGAAGGAACAAACACCTTGTACTTT,412,1,clonotype1,None
GCGAGAATCTCGATGA-1,True,GCGAGAATCTCGATGA-1_contig_1,True,593,TRA,TRAV19,None,TRAJ39,TRAC,True,True,CAAGGNNAGAKLTF,TGCGCAGCAGGTGGGAATAATGCAGGTGCCAAGCTCACATTC,1692,4,clonotype1,clonotype1_consensus_2
GCGAGAATCTCGATGA-1,True,GCGAGAATCTCGATGA-1_contig_2,True,581,TRB,TRBV12-2+TRBV13-2,None,TRBJ1-2,TRBC1,True,True,CASGGGTGNSDYTF,TGTGCCAGCGGTGGGGGGACAGGGAACTCCGACTACACCTTC,9198,8,clonotype1,clonotype1_consensus_1
GCGAGAATCTCGATGA-1,True,GCGAGAATCTCGATGA-1_contig_3,True,344,TRB,None,None,TRBJ2-7,None,False,False,None,None,2808,2,clonotype1,None
GCGCAACAGACGCACA-1,True,GCGCAACAGACGCACA-1_contig_1,True,571,TRB,TRBV12-2+TRBV13-2,None,TRBJ2-7,None,True,True,CASGAGGDYEQYF,TGTGCCAGCGGTGCTGGGGGGGACTATGAACAGTACTTC,2286,3,clonotype106,clonotype106_consensus_1
GCGCAACAGCTAGTGG-1,True,GCGCAACAGCTAGTGG-1_contig_1,True,558,TRA,TRAV19,None,TRAJ39,TRAC,True,True,CAAGGNNAGAKLTF,TGCGCAGCAGGTGGGAATAATGCAGGTGCCAAGCTCACATTC,8304,4,clonotype1,clonotype1_consensus_2
GCGCAACAGCTAGTGG-1,True,GCGCAACAGCTAGTGG-1_contig_2,True,561,TRB,TRBV12-2+TRBV13-2,None,TRBJ1-2,TRBC1,True,True,CASGGGTGNSDYTF,TGTGCCAGCGGTGGGGGGACAGGGAACTCCGACTACACCTTC,5376,5,clonotype1,clonotype1_consensus_1
GCGCAACAGCTAGTGG-1,True,GCGCAACAGCTAGTGG-1_contig_3,True,337,TRB,None,None,TRBJ2-1,None,False,False,None,None,4768,2,clonotype1,None
GCGCAACAGTCACGCC-1,True,GCGCAACAGTCACGCC-1_contig_1,True,593,TRA,TRAV19,None,TRAJ39,TRAC,True,True,CAAGGNNAGAKLTF,TGCGCAGCAGGTGGGAATAATGCAGGTGCCAAGCTCACATTC,14044,10,clonotype1,clonotype1_consensus_2
GCGCAACAGTCACGCC-1,True,GCGCAACAGTCACGCC-1_contig_2,True,568,TRB,TRBV12-2+TRBV13-2,None,TRBJ1-2,TRBC1,True,True,CASGGGTGNSDYTF,TGTGCCAGCGGTGGGGGGACAGGGAACTCCGACTACACCTTC,21294,24,clonotype1,clonotype1_consensus_1
GCGCAACAGTCACGCC-1,True,GCGCAACAGTCACGCC-1_contig_3,True,366,TRA,TRAV7-5,None,TRAJ45,TRAC,True,False,CSDTEGADRLTF,TGCAGTGATACAGAAGGTGCAGATAGACTCACCTTT,1958,2,clonotype1,None
GCGCAACAGTCACGCC-1,True,GCGCAACAGTCACGCC-1_contig_4,True,631,TRB,None,None,TRBJ2-7,None,False,False,None,None,6436,4,clonotype1,None
GCGCAACCACAACTGT-1,True,GCGCAACCACAACTGT-1_contig_1,True,589,TRA,TRAV14N-3,None,TRAJ6,TRAC,True,True,CAARTSGGNYKPTF,TGTGCAGCAAGAACCTCAGGAGGAAACTACAAACCTACGTTT,1268,1,clonotype196,clonotype196_consensus_2
GCGCAACCACAACTGT-1,True,GCGCAACCACAACTGT-1_contig_2,True,509,TRB,TRBV13-1,None,TRBJ2-7,None,True,True,CASSAPYEQYF,TGTGCCAGCAGTGCACCGTATGAACAGTACTTC,5276,4,clonotype196,clonotype196_consensus_1
GCGCAACCATGTTCCC-1,True,GCGCAACCATGTTCCC-1_contig_1,True,549,TRB,TRBV16,None,TRBJ2-5,None,True,True,CASSLGGGADTQYF,TGTGCAAGCAGCTTAGGGGGGGGCGCGGACACCCAGTACTTT,23314,25,clonotype105,clonotype105_consensus_1
GCGCAACCATGTTCCC-1,True,GCGCAACCATGTTCCC-1_contig_2,True,566,TRA,TRAV16N,None,TRAJ45,TRAC,True,True,CAMRELTEGADRLTF,TGTGCTATGAGAGAGCTGACAGAAGGTGCAGATAGACTCACCTTT,4328,3,clonotype105,clonotype105_consensus_2
GCGCAACGTAAGGATT-1,True,GCGCAACGTAAGGATT-1_contig_1,True,611,TRA,TRAV14N-3,None,TRAJ6,TRAC,True,True,CAARTSGGNYKPTF,TGTGCAGCAAGAACCTCAGGAGGAAACTACAAACCTACGTTT,14986,10,clonotype4,clonotype4_consensus_2
GCGCAACGTAAGGATT-1,True,GCGCAACGTAAGGATT-1_contig_2,True,549,TRA,TRAV8N-2,None,TRAJ13,TRAC,True,True,CATEDSGTYQRF,TGTGCTACTGAGGATTCTGGGACTTACCAGAGGTTT,10816,6,clonotype4,clonotype4_consensus_1
GCGCAACGTAAGGATT-1,True,GCGCAACGTAAGGATT-1_contig_3,True,568,TRB,TRBV12-2+TRBV13-2,None,TRBJ2-7,None,True,True,CASGTGGDYEQYF,TGTGCCAGCGGGACTGGGGGGGACTATGAACAGTACTTC,12178,13,clonotype4,clonotype4_consensus_3
GCGCAACGTAGCTAAA-1,True,GCGCAACGTAGCTAAA-1_contig_1,True,558,TRA,TRAV19,None,TRAJ39,TRAC,True,True,CAAGGNNAGAKLTF,TGCGCAGCAGGTGGGAATAATGCAGGTGCCAAGCTCACATTC,7050,6,clonotype1,clonotype1_consensus_2
GCGCAACGTAGCTAAA-1,True,GCGCAACGTAGCTAAA-1_contig_2,True,571,TRB,TRBV12-2+TRBV13-2,None,TRBJ1-2,TRBC1,True,True,CASGGGTGNSDYTF,TGTGCCAGCGGTGGGGGGACAGGGAACTCCGACTACACCTTC,18256,19,clonotype1,clonotype1_consensus_1
GCGCAACGTAGCTAAA-1,True,GCGCAACGTAGCTAAA-1_contig_3,True,546,TRA,TRAV7-5,None,TRAJ45,TRAC,True,False,CSDTEGADRLTF,TGCAGTGATACAGAAGGTGCAGATAGACTCACCTTT,2522,1,clonotype1,None
GCGCAACGTAGCTAAA-1,True,GCGCAACGTAGCTAAA-1_contig_4,True,332,TRB,None,None,TRBJ2-1,None,False,False,None,None,3848,3,clonotype1,None
GCGCAACGTCACTTCC-1,True,GCGCAACGTCACTTCC-1_contig_1,True,505,TRB,TRBV13-1,None,TRBJ2-4,None,True,True,CASSEGTNTLYF,TGTGCCAGCAGTGAAGGAACAAACACCTTGTACTTT,4636,4,clonotype9,clonotype9_consensus_1
GCGCAACGTCACTTCC-1,True,GCGCAACGTCACTTCC-1_contig_2,True,732,TRA,TRAV9D-2,None,TRAJ26,TRAC,True,True,CVLSRGNNYAQGLTF,TGTGTTCTGAGCAGGGGCAATAACTATGCCCAGGGATTAACCTTC,1730,1,clonotype9,clonotype9_consensus_2
GCGCAACGTGCCTTGG-1,True,GCGCAACGTGCCTTGG-1_contig_1,True,593,TRA,TRAV19,None,TRAJ39,TRAC,True,True,CAAGGNNAGAKLTF,TGCGCAGCAGGTGGGAATAATGCAGGTGCCAAGCTCACATTC,5702,4,clonotype1,clonotype1_consensus_2
GCGCAACGTGCCTTGG-1,True,GCGCAACGTGCCTTGG-1_contig_2,True,597,TRB,TRBV12-2+TRBV13-2,None,TRBJ1-2,TRBC1,True,True,CASGGGTGNSDYTF,TGTGCCAGCGGTGGGGGGACAGGGAACTCCGACTACACCTTC,5348,4,clonotype1,clonotype1_consensus_1
GCGCAACGTGCCTTGG-1,True,GCGCAACGTGCCTTGG-1_contig_3,True,519,TRA,TRAV7-5,None,TRAJ45,TRAC,True,False,CSDTEGADRLTF,TGCAGTGATACAGAAGGTGCAGATAGACTCACCTTT,3254,2,clonotype1,None
GCGCAACGTTATTCTC-1,True,GCGCAACGTTATTCTC-1_contig_1,True,557,TRB,TRBV12-2+TRBV13-2,None,TRBJ2-7,None,True,True,CASGAPYEQYF,TGTGCCAGCGGTGCCCCCTATGAACAGTACTTC,8186,6,clonotype197,clonotype197_consensus_2
GCGCAACGTTATTCTC-1,True,GCGCAACGTTATTCTC-1_contig_2,True,568,TRA,TRAV4D-3,None,TRAJ17,TRAC,True,True,CAAPNSAGNKLTF,TGTGCTGCCCCTAACAGTGCAGGGAACAAGCTAACTTTT,10528,6,clonotype197,clonotype197_consensus_1
GCGCAACGTTATTCTC-1,True,GCGCAACGTTATTCTC-1_contig_3,True,496,TRA,TRAV9N-4,None,TRAJ23,TRAC,True,False,CSPHYNQGKLIF,TGCTCTCCTCATTATAACCAGGGGAAGCTTATCTTT,1002,1,clonotype197,None
GCGCAACTCGCCAAAT-1,True,GCGCAACTCGCCAAAT-1_contig_1,True,519,TRA,TRAV6-6,None,TRAJ24,TRAC,True,True,CAPLTTASLGKLQF,TGTGCTCCGTTGACAACTGCCAGTTTGGGGAAACTGCAGTTT,4282,2,clonotype2,clonotype2_consensus_2
GCGCAACTCGCCAAAT-1,True,GCGCAACTCGCCAAAT-1_contig_2,True,512,TRB,TRBV13-1,None,TRBJ2-4,None,True,True,CASSEGTNTLYF,TGTGCCAGCAGTGAAGGAACAAACACCTTGTACTTT,15072,14,clonotype2,clonotype2_consensus_1
GCGCAGTAGAGAACAG-1,True,GCGCAGTAGAGAACAG-1_contig_1,True,593,TRB,TRBV12-2+TRBV13-2,None,TRBJ2-3,None,True,True,CASGDAPPGEGTLYF,TGTGCCAGCGGTGATGCACCTCCAGGGGAGGGAACGCTGTATTTT,1616,4,clonotype37,clonotype37_consensus_2
GCGCAGTAGAGAACAG-1,True,GCGCAGTAGAGAACAG-1_contig_2,True,510,TRA,TRAV13N-3,None,TRAJ49,TRAC,True,True,CAMGGYQNFYF,TGTGCTATGGGGGGTTACCAGAACTTCTATTTT,3880,4,clonotype37,clonotype37_consensus_1
GCGCAGTAGCTGTCTA-1,True,GCGCAGTAGCTGTCTA-1_contig_1,True,519,TRA,TRAV6-6,None,TRAJ24,TRAC,True,True,CAPLTTASLGKLQF,TGTGCTCCGTTGACAACTGCCAGTTTGGGGAAACTGCAGTTT,2422,3,clonotype2,clonotype2_consensus_2
GCGCAGTAGCTGTCTA-1,True,GCGCAGTAGCTGTCTA-1_contig_2,True,512,TRB,TRBV13-1,None,TRBJ2-4,None,True,True,CASSEGTNTLYF,TGTGCCAGCAGTGAAGGAACAAACACCTTGTACTTT,2580,2,clonotype2,clonotype2_consensus_1
GCGCAGTAGCTGTCTA-1,True,GCGCAGTAGCTGTCTA-1_contig_3,True,829,TRA,TRAV9D-2,None,TRAJ26,TRAC,True,False,CVLSRGNNYAQGLTF,TGTGTTCTGAGCAGGGGCAATAACTATGCCCAGGGATTAACCTTC,4892,4,clonotype2,None
GCGCAGTAGCTGTCTA-1,True,GCGCAGTAGCTGTCTA-1_contig_4,True,480,TRB,None,None,TRBJ2-7,None,False,False,None,None,5408,3,clonotype2,None
GCGCAGTCAAACTGTC-1,True,GCGCAGTCAAACTGTC-1_contig_1,True,593,TRA,TRAV19,None,TRAJ39,TRAC,True,True,CAAGGNNAGAKLTF,TGCGCAGCAGGTGGGAATAATGCAGGTGCCAAGCTCACATTC,4676,3,clonotype1,clonotype1_consensus_2
GCGCAGTCAAACTGTC-1,True,GCGCAGTCAAACTGTC-1_contig_2,True,582,TRB,TRBV12-2+TRBV13-2,None,TRBJ1-2,TRBC1,True,True,CASGGGTGNSDYTF,TGTGCCAGCGGTGGGGGGACAGGGAACTCCGACTACACCTTC,12470,12,clonotype1,clonotype1_consensus_1
GCGCAGTCAAACTGTC-1,True,GCGCAGTCAAACTGTC-1_contig_3,True,368,TRB,None,None,TRBJ2-1,None,False,False,None,None,3162,2,clonotype1,None
GCGCAGTGTTATCACG-1,True,GCGCAGTGTTATCACG-1_contig_1,True,536,TRA,TRAV8-1,None,TRAJ30,TRAC,True,True,CATDTNAYKVIF,TGTGCTACTGACACAAATGCTTACAAAGTCATCTTT,3236,4,clonotype45,clonotype45_consensus_1
GCGCAGTGTTATCACG-1,True,GCGCAGTGTTATCACG-1_contig_2,True,568,TRB,TRBV12-2+TRBV13-2,None,TRBJ1-5,TRBC1,True,True,CASGTGDNQAPLF,TGTGCCAGCGGGACAGGAGACAACCAGGCTCCGCTTTTT,50110,52,clonotype45,clonotype45_consensus_2
GCGCAGTGTTATCACG-1,True,GCGCAGTGTTATCACG-1_contig_3,True,564,TRA,TRAV13-1,None,TRAJ42,TRAC,True,False,None,None,344,1,clonotype45,None
GCGCCAAAGCACAGGT-1,True,GCGCCAAAGCACAGGT-1_contig_1,True,547,TRA,TRAV8D-1,None,TRAJ5,TRAC,True,True,CATDGDTGLGQLTF,TGTGCTACTGATGGGGACACAGGTCTGGGGCAGCTCACTTTC,5038,3,clonotype89,clonotype89_consensus_2
GCGCCAAAGCACAGGT-1,True,GCGCCAAAGCACAGGT-1_contig_2,True,564,TRB,TRBV12-2+TRBV13-2,None,TRBJ1-5,TRBC1,True,True,CASGDGDIQAPLF,TGTGCCAGCGGTGATGGGGACATCCAGGCTCCGCTTTTT,7572,5,clonotype89,clonotype89_consensus_1
GCGCCAAAGCACAGGT-1,True,GCGCCAAAGCACAGGT-1_contig_3,True,522,TRB,TRBV31,None,TRBJ2-7,None,True,False,None,None,2800,2,clonotype89,None
GCGCCAAAGCACAGGT-1,True,GCGCCAAAGCACAGGT-1_contig_4,True,384,TRB,None,None,TRBJ2-3,None,False,False,None,None,1724,1,clonotype89,None
GCGCCAAAGGTAGCCA-1,True,GCGCCAAAGGTAGCCA-1_contig_1,True,555,TRA,TRAV3-3,None,TRAJ49,TRAC,True,True,CAVSGSTGYQNFYF,TGCGCAGTCAGTGGGAGCACGGGTTACCAGAACTTCTATTTT,4044,3,clonotype5,clonotype5_consensus_1
GCGCCAAAGGTAGCCA-1,True,GCGCCAAAGGTAGCCA-1_contig_2,True,904,TRB,TRBV12-2+TRBV13-2,None,TRBJ2-7,None,True,True,CASGVQGWEQYF,TGTGCCAGCGGTGTACAGGGGTGGGAACAGTACTTC,4498,5,clonotype5,clonotype5_consensus_2
GCGCCAAAGGTAGCCA-1,True,GCGCCAAAGGTAGCCA-1_contig_3,True,531,TRB,None,None,TRBJ1-1,TRBC1,False,False,None,None,7836,7,clonotype5,None
GCGCCAAAGTGGGATC-1,True,GCGCCAAAGTGGGATC-1_contig_1,True,537,TRA,TRAV6-6,None,TRAJ24,TRAC,True,True,CAPLTTASLGKLQF,TGTGCTCCGTTGACAACTGCCAGTTTGGGGAAACTGCAGTTT,8298,5,clonotype3,clonotype3_consensus_2
GCGCCAAAGTGGGATC-1,True,GCGCCAAAGTGGGATC-1_contig_2,True,512,TRB,TRBV13-1,None,TRBJ2-4,None,True,True,CASSEGTNTLYF,TGTGCCAGCAGTGAAGGAACAAACACCTTGTACTTT,47592,39,clonotype3,clonotype3_consensus_1
GCGCCAAAGTGGGATC-1,True,GCGCCAAAGTGGGATC-1_contig_3,True,709,TRA,TRAV9D-2,None,TRAJ26,TRAC,True,True,CVLSRGNNYAQGLTF,TGTGTTCTGAGCAGGGGCAATAACTATGCCCAGGGATTAACCTTC,10968,7,clonotype3,clonotype3_consensus_3
GCGCCAAGTCGCGAAA-1,True,GCGCCAAGTCGCGAAA-1_contig_1,True,509,TRB,TRBV26,None,TRBJ2-5,None,True,True,CASSRGTDTQYF,TGTGCCAGCAGCCGCGGGACCGACACCCAGTACTTT,5444,4,clonotype42,clonotype42_consensus_1
GCGCCAAGTCGCGAAA-1,True,GCGCCAAGTCGCGAAA-1_contig_2,True,575,TRA,TRAV12-2,None,TRAJ37,TRAC,True,True,CALSPQTGNTGKLIF,TGTGCTTTGAGCCCCCAAACAGGCAATACCGGAAAACTCATCTTT,9062,5,clonotype42,clonotype42_consensus_2
GCGCCAAGTCGCGAAA-1,True,GCGCCAAGTCGCGAAA-1_contig_3,True,383,TRB,None,None,TRBJ1-3,TRBC1,False,False,None,None,426,3,clonotype42,None
GCGCCAAGTCGCGAAA-1,True,GCGCCAAGTCGCGAAA-1_contig_4,True,454,TRA,None,None,TRAJ39,TRAC,False,False,None,None,526,1,clonotype42,None
GCGCCAAGTCGCGAAA-1,True,GCGCCAAGTCGCGAAA-1_contig_5,True,672,TRA,None,None,TRAJ26,TRAC,False,False,None,None,2060,2,clonotype42,None
GCGCCAAGTCGCGAAA-1,True,GCGCCAAGTCGCGAAA-1_contig_6,True,547,TRA,TRAV15-1-DV6-1,None,TRAJ42,TRAC,True,False,None,None,3524,5,clonotype42,None
GCGCCAAGTCGGCTCA-1,True,GCGCCAAGTCGGCTCA-1_contig_1,True,550,TRA,TRAV16D-DV11,None,TRAJ44,TRAC,True,True,CAMRELTGSGGKLTL,TGTGCTATGAGAGAGCTTACTGGCAGTGGTGGAAAACTCACTTTG,7608,6,clonotype95,clonotype95_consensus_1
GCGCCAAGTCGGCTCA-1,True,GCGCCAAGTCGGCTCA-1_contig_2,True,502,TRB,TRBV13-1,None,TRBJ2-7,None,True,True,CASSGPLEQYF,TGTGCCAGCAGTGGGCCCCTGGAACAGTACTTC,37458,33,clonotype95,clonotype95_consensus_2
GCGCCAATCCGTTGTC-1,True,GCGCCAATCCGTTGTC-1_contig_1,True,522,TRB,TRBV5,None,TRBJ1-5,TRBC1,True,True,CASSHPGQNNQAPLF,TGTGCCAGCAGCCACCCGGGACAGAACAACCAGGCTCCGCTTTTT,7322,5,clonotype142,clonotype142_consensus_1
GCGCCAATCCGTTGTC-1,True,GCGCCAATCCGTTGTC-1_contig_2,True,600,TRA,TRAV12D-3,None,TRAJ26,TRAC,True,True,CALSESYAQGLTF,TGTGCTCTGAGTGAGAGCTATGCCCAGGGATTAACCTTC,3310,4,clonotype142,clonotype142_consensus_2
GCGCGATAGATGTCGG-1,True,GCGCGATAGATGTCGG-1_contig_1,True,547,TRA,TRAV13-1,None,TRAJ58,TRAC,True,True,CASSMQQGTGSKLSF,TGTGCTTCTTCCATGCAGCAAGGCACTGGGTCTAAGCTGTCATTT,2094,2,clonotype86,clonotype86_consensus_3
GCGCGATAGATGTCGG-1,True,GCGCGATAGATGTCGG-1_contig_2,True,566,TRA,TRAV16,None,TRAJ57,TRAC,True,True,CAMRENQGGSAKLIF,TGTGCTATGAGAGAGAATCAAGGAGGGTCTGCGAAGCTCATCTTT,3590,2,clonotype86,clonotype86_consensus_2
GCGCGATAGATGTCGG-1,True,GCGCGATAGATGTCGG-1_contig_3,True,562,TRB,TRBV12-2+TRBV13-2,None,TRBJ2-1,None,True,True,CATEAAYAEQFF,TGTGCCACTGAGGCAGCCTATGCTGAGCAGTTCTTC,8706,8,clonotype86,clonotype86_consensus_1
GCGCGATAGGACGAAA-1,True,GCGCGATAGGACGAAA-1_contig_1,True,549,TRB,TRBV16,None,TRBJ2-5,None,True,True,CASSLGGGQDTQYF,TGTGCAAGCAGCTTGGGGGGTGGACAAGACACCCAGTACTTT,13656,10,clonotype413,clonotype413_consensus_2
GCGCGATAGGACGAAA-1,True,GCGCGATAGGACGAAA-1_contig_2,True,588,TRA,TRAV3-1,None,TRAJ12,TRAC,True,True,CAVGAGGYKVVF,TGCGCAGTCGGGGCTGGAGGCTATAAAGTGGTCTTT,6074,6,clonotype413,clonotype413_consensus_1
GCGCGATCACGGCCAT-1,True,GCGCGATCACGGCCAT-1_contig_1,True,549,TRB,TRBV16,None,TRBJ2-5,None,True,True,CASSFGGAPDTQYF,TGTGCAAGCAGCTTTGGGGGGGCGCCAGACACCCAGTACTTT,14412,14,clonotype17,clonotype17_consensus_2
GCGCGATCACGGCCAT-1,True,GCGCGATCACGGCCAT-1_contig_2,True,518,TRA,TRAV14-2,None,TRAJ49,TRAC,True,True,CAAQGYQNFYF,TGTGCAGCACAGGGTTACCAGAACTTCTATTTT,5230,3,clonotype17,clonotype17_consensus_3
GCGCGATCACGGCCAT-1,True,GCGCGATCACGGCCAT-1_contig_3,True,571,TRA,TRAV4D-4,None,TRAJ45,TRAC,True,True,CAAYTEGADRLTF,TGTGCTGCCTATACAGAAGGTGCAGATAGACTCACCTTT,10186,6,clonotype17,clonotype17_consensus_1
GCGGGTTCACAGGAGT-1,True,GCGGGTTCACAGGAGT-1_contig_1,True,544,TRA,TRAV6-6,None,TRAJ24,TRAC,True,True,CAPLTTASLGKLQF,TGTGCTCCGTTGACAACTGCCAGTTTGGGGAAACTGCAGTTT,9638,7,clonotype3,clonotype3_consensus_2
GCGGGTTCACAGGAGT-1,True,GCGGGTTCACAGGAGT-1_contig_2,True,512,TRB,TRBV13-1,None,TRBJ2-4,None,True,True,CASSEGTNTLYF,TGTGCCAGCAGTGAAGGAACAAACACCTTGTACTTT,55102,49,clonotype3,clonotype3_consensus_1
GCGGGTTCACAGGAGT-1,True,GCGGGTTCACAGGAGT-1_contig_3,True,704,TRA,TRAV9D-2,None,TRAJ26,TRAC,True,True,CVLSRGNNYAQGLTF,TGTGTTCTGAGCAGGGGCAATAACTATGCCCAGGGATTAACCTTC,11338,8,clonotype3,clonotype3_consensus_3
GCGGGTTCAGATGAGC-1,True,GCGGGTTCAGATGAGC-1_contig_1,True,566,TRB,TRBV12-2+TRBV13-2,None,TRBJ1-5,TRBC1,True,True,CASGTGDNQAPLF,TGTGCCAGCGGGACAGGGGACAACCAGGCTCCGCTTTTT,10688,8,clonotype16,clonotype16_consensus_1
GCGGGTTCAGATGAGC-1,True,GCGGGTTCAGATGAGC-1_contig_2,True,326,TRB,None,None,TRBJ2-3,None,False,False,None,None,4798,2,clonotype16,None
GCGGGTTCAGATGAGC-1,True,GCGGGTTCAGATGAGC-1_contig_3,True,538,TRA,TRAV4-4-DV10,None,TRAJ50,TRAC,True,False,None,None,1860,2,clonotype16,None
GCGGGTTCAGATGAGC-1,True,GCGGGTTCAGATGAGC-1_contig_4,True,357,TRB,None,None,TRBJ2-1,None,False,False,None,None,2306,2,clonotype16,None
GCGGGTTCATTCGACA-1,True,GCGGGTTCATTCGACA-1_contig_1,True,549,TRB,TRBV16,None,TRBJ2-5,None,True,True,CASSLGGYQDTQYF,TGTGCAAGCAGCTTAGGGGGCTACCAAGACACCCAGTACTTT,3796,2,clonotype28,clonotype28_consensus_2
GCGGGTTCATTCGACA-1,True,GCGGGTTCATTCGACA-1_contig_2,True,528,TRA,TRAV4-3,None,TRAJ27,TRAC,True,True,CAAANTNTGKLTF,TGTGCTGCTGCTAACACCAATACAGGCAAATTAACCTTT,2040,1,clonotype28,clonotype28_consensus_1
GCGGGTTGTAGGACAC-1,True,GCGGGTTGTAGGACAC-1_contig_1,True,527,TRA,TRAV16N,None,TRAJ9,TRAC,True,True,CAMRESNMGYKLTF,TGTGCTATGAGAGAGAGCAACATGGGCTACAAACTTACCTTC,5582,4,clonotype414,clonotype414_consensus_1
GCGGGTTGTAGGACAC-1,True,GCGGGTTGTAGGACAC-1_contig_2,True,525,TRB,TRBV17,None,TRBJ2-5,None,True,True,CASSRKGSQDTQYF,TGTGCTAGCAGTAGAAAGGGTTCTCAAGACACCCAGTACTTT,31418,18,clonotype414,clonotype414_consensus_2
GCGGGTTGTCCGAAGA-1,True,GCGGGTTGTCCGAAGA-1_contig_1,True,560,TRB,TRBV12-2+TRBV13-2,None,TRBJ2-7,None,True,True,CASGAPYEQYF,TGTGCCAGCGGTGCCCCTTATGAACAGTACTTC,844,2,clonotype415,clonotype415_consensus_1
GCGGGTTGTCCGAAGA-1,True,GCGGGTTGTCCGAAGA-1_contig_2,True,555,TRA,TRAV4-3,None,TRAJ17,TRAC,True,True,CAAPNSAGNKLTF,TGTGCTGCTCCTAACAGTGCAGGGAACAAGCTAACTTTT,1892,3,clonotype415,clonotype415_consensus_2
GCGGGTTGTTCATGGT-1,True,GCGGGTTGTTCATGGT-1_contig_1,True,538,TRA,TRAV6-6,None,TRAJ24,TRAC,True,True,CAPLTTASLGKLQF,TGTGCTCCGTTGACAACTGCCAGTTTGGGGAAACTGCAGTTT,3390,2,clonotype2,clonotype2_consensus_2
GCGGGTTGTTCATGGT-1,True,GCGGGTTGTTCATGGT-1_contig_2,True,505,TRB,TRBV13-1,None,TRBJ2-4,None,True,True,CASSEGTNTLYF,TGTGCCAGCAGTGAAGGAACAAACACCTTGTACTTT,5682,4,clonotype2,clonotype2_consensus_1
GCGGGTTGTTCATGGT-1,True,GCGGGTTGTTCATGGT-1_contig_3,True,815,TRA,TRAV9D-2,None,TRAJ26,TRAC,True,False,CVLSRGNNYAQGLTF,TGTGTTCTGAGCAGGGGCAATAACTATGCCCAGGGATTAACCTTC,6202,3,clonotype2,None
GCGGGTTTCGCTTAGA-1,True,GCGGGTTTCGCTTAGA-1_contig_1,True,549,TRB,TRBV16,None,TRBJ2-5,None,True,True,CASSLGGGLDTQYF,TGTGCAAGCAGCTTAGGGGGGGGGCTCGACACCCAGTACTTT,8464,7,clonotype124,clonotype124_consensus_1
GCGGGTTTCGCTTAGA-1,True,GCGGGTTTCGCTTAGA-1_contig_2,True,702,TRA,TRAV9-4,None,TRAJ48,TRAC,True,False,CEANYGNEKITF,TGTGAGGCCAACTATGGAAATGAGAAAATAACTTTT,2514,2,clonotype124,None
GCGGGTTTCGCTTAGA-1,True,GCGGGTTTCGCTTAGA-1_contig_3,True,421,TRB,None,None,TRBJ2-1,None,False,False,None,None,4800,2,clonotype124,None
GCTCCTACAAACTGTC-1,True,GCTCCTACAAACTGTC-1_contig_1,True,582,TRA,TRAV14-1,None,TRAJ45,TRAC,True,True,CAASLYTEGADRLTF,TGTGCAGCAAGTCTTTATACAGAAGGTGCAGATAGACTCACCTTT,14238,9,clonotype62,clonotype62_consensus_2
GCTCCTACAAACTGTC-1,True,GCTCCTACAAACTGTC-1_contig_2,True,518,TRB,TRBV26,None,TRBJ2-1,None,True,True,CASSLHKFYAEQFF,TGTGCCAGCAGTCTGCACAAATTCTATGCTGAGCAGTTCTTC,41662,25,clonotype62,clonotype62_consensus_1
GCTCCTACAAGCGAGT-1,True,GCTCCTACAAGCGAGT-1_contig_1,True,559,TRB,TRBV12-2+TRBV13-2,None,TRBJ2-1,None,True,True,CASGDPFQFF,TGTGCCAGCGGTGATCCTTTCCAGTTCTTC,11636,9,clonotype25,clonotype25_consensus_3
GCTCCTACAAGCGAGT-1,True,GCTCCTACAAGCGAGT-1_contig_2,True,494,TRB,TRBV5,None,TRBJ2-2,None,True,True,CASSTGQLYF,TGTGCCAGCAGCACCGGGCAGCTCTACTTT,9602,6,clonotype25,clonotype25_consensus_1
GCTCCTACAAGCGAGT-1,True,GCTCCTACAAGCGAGT-1_contig_3,True,686,TRA,TRAV9N-4,None,TRAJ22,TRAC,True,True,CALPSSGSWQLIF,TGTGCTCTCCCATCTTCTGGCAGCTGGCAACTCATCTTT,562,1,clonotype25,clonotype25_consensus_2
GCTCCTACACAGACAG-1,True,GCTCCTACACAGACAG-1_contig_1,True,593,TRA,TRAV19,None,TRAJ39,TRAC,True,True,CAAGGNNAGAKLTF,TGCGCAGCAGGTGGGAATAATGCAGGTGCCAAGCTCACATTC,3058,2,clonotype1,clonotype1_consensus_2
GCTCCTACACAGACAG-1,True,GCTCCTACACAGACAG-1_contig_2,True,568,TRB,TRBV12-2+TRBV13-2,None,TRBJ1-2,TRBC1,True,True,CASGGGTGNSDYTF,TGTGCCAGCGGTGGGGGGACAGGGAACTCCGACTACACCTTC,5194,6,clonotype1,clonotype1_consensus_1
GCTCCTACATTCTTAC-1,True,GCTCCTACATTCTTAC-1_contig_1,True,519,TRA,TRAV6-6,None,TRAJ24,TRAC,True,True,CAPLTTASLGKLQF,TGTGCTCCGTTGACAACTGCCAGTTTGGGGAAACTGCAGTTT,2460,2,clonotype2,clonotype2_consensus_2
GCTCCTACATTCTTAC-1,True,GCTCCTACATTCTTAC-1_contig_2,True,512,TRB,TRBV13-1,None,TRBJ2-4,None,True,True,CASSEGTNTLYF,TGTGCCAGCAGTGAAGGAACAAACACCTTGTACTTT,16900,15,clonotype2,clonotype2_consensus_1
GCTCCTACATTCTTAC-1,True,GCTCCTACATTCTTAC-1_contig_3,True,429,TRA,TRAV9D-2,None,TRAJ26,TRAC,True,False,CVLSRGNNYAQGLTF,TGTGTTCTGAGCAGGGGCAATAACTATGCCCAGGGATTAACCTTC,9046,4,clonotype2,None
GCTCCTAGTTATCACG-1,True,GCTCCTAGTTATCACG-1_contig_1,True,527,TRA,TRAV6-6,None,TRAJ24,TRAC,True,True,CAPLTTASLGKLQF,TGTGCTCCGTTGACAACTGCCAGTTTGGGGAAACTGCAGTTT,6864,5,clonotype2,clonotype2_consensus_2
GCTCCTAGTTATCACG-1,True,GCTCCTAGTTATCACG-1_contig_2,True,505,TRB,TRBV13-1,None,TRBJ2-4,None,True,True,CASSEGTNTLYF,TGTGCCAGCAGTGAAGGAACAAACACCTTGTACTTT,3660,4,clonotype2,clonotype2_consensus_1
GCTCTGTCACCAGCAC-1,True,GCTCTGTCACCAGCAC-1_contig_1,True,573,TRA,TRAV19,None,TRAJ39,TRAC,True,True,CAAGGNNAGAKLTF,TGCGCAGCAGGTGGGAATAATGCAGGTGCCAAGCTCACATTC,8280,10,clonotype1,clonotype1_consensus_2
GCTCTGTCACCAGCAC-1,True,GCTCTGTCACCAGCAC-1_contig_2,True,601,TRB,TRBV12-2+TRBV13-2,None,TRBJ1-2,TRBC1,True,True,CASGGGTGNSDYTF,TGTGCCAGCGGTGGGGGGACAGGGAACTCCGACTACACCTTC,16732,15,clonotype1,clonotype1_consensus_1
GCTCTGTCAGGGCATA-1,True,GCTCTGTCAGGGCATA-1_contig_1,True,522,TRA,TRAV8-1,None,TRAJ30,TRAC,True,True,CATDTNAYKVIF,TGTGCTACTGACACAAATGCTTACAAAGTCATCTTT,6100,4,clonotype14,clonotype14_consensus_1
GCTCTGTCAGGGCATA-1,True,GCTCTGTCAGGGCATA-1_contig_2,True,641,TRB,TRBV12-2+TRBV13-2,None,TRBJ1-5,TRBC1,True,True,CASGTGDNQAPLF,TGTGCCAGCGGTACAGGGGACAACCAGGCTCCGCTTTTT,2868,3,clonotype14,clonotype14_consensus_2
GCTCTGTCAGGGCATA-1,True,GCTCTGTCAGGGCATA-1_contig_3,True,425,TRB,None,None,TRBJ2-7,None,False,False,None,None,5820,4,clonotype14,None
GCTCTGTCATCGGGTC-1,True,GCTCTGTCATCGGGTC-1_contig_1,True,549,TRB,TRBV16,None,TRBJ2-5,None,True,True,CASSFGGGEDTQYF,TGTGCAAGCAGCTTTGGGGGGGGGGAAGACACCCAGTACTTT,6894,5,clonotype40,clonotype40_consensus_2
GCTCTGTCATCGGGTC-1,True,GCTCTGTCATCGGGTC-1_contig_2,True,566,TRA,TRAV16,None,TRAJ49,TRAC,True,True,CAMRESNTGYQNFYF,TGTGCTATGAGAGAGTCGAACACGGGTTACCAGAACTTCTATTTT,6610,3,clonotype40,clonotype40_consensus_1
GCTCTGTCATGATCCA-1,True,GCTCTGTCATGATCCA-1_contig_1,True,544,TRA,TRAV16D-DV11,None,TRAJ9,TRAC,True,True,CAMRESNMGYKLTF,TGTGCTATGAGAGAGAGCAACATGGGCTACAAACTTACCTTC,5076,3,clonotype198,clonotype198_consensus_1
GCTCTGTTCACTTACT-1,True,GCTCTGTTCACTTACT-1_contig_1,True,556,TRA,TRAV19,None,TRAJ39,TRAC,True,True,CAAGGNNAGAKLTF,TGCGCAGCAGGTGGGAATAATGCAGGTGCCAAGCTCACATTC,2010,2,clonotype1,clonotype1_consensus_2
GCTCTGTTCACTTACT-1,True,GCTCTGTTCACTTACT-1_contig_2,True,533,TRB,TRBV13-2,None,TRBJ1-2,TRBC1,True,True,CASGGGTGNSDYTF,TGTGCCAGCGGTGGGGGGACAGGGAACTCCGACTACACCTTC,13760,11,clonotype1,clonotype1_consensus_1
GCTCTGTTCCCGACTT-1,True,GCTCTGTTCCCGACTT-1_contig_1,True,558,TRA,TRAV19,None,TRAJ39,TRAC,True,True,CAAGGNNAGAKLTF,TGCGCAGCAGGTGGGAATAATGCAGGTGCCAAGCTCACATTC,19710,14,clonotype1,clonotype1_consensus_2
GCTCTGTTCCCGACTT-1,True,GCTCTGTTCCCGACTT-1_contig_2,True,569,TRB,TRBV12-2+TRBV13-2,None,TRBJ1-2,TRBC1,True,True,CASGGGTGNSDYTF,TGTGCCAGCGGTGGGGGGACAGGGAACTCCGACTACACCTTC,29594,29,clonotype1,clonotype1_consensus_1
GCTCTGTTCCCGACTT-1,True,GCTCTGTTCCCGACTT-1_contig_3,True,703,TRA,None,None,TRAJ37,TRAC,False,False,None,None,2294,2,clonotype1,None
GCTCTGTTCCCGACTT-1,True,GCTCTGTTCCCGACTT-1_contig_4,True,304,TRB,None,None,TRBJ2-3,None,False,False,None,None,2966,1,clonotype1,None
GCTCTGTTCCCGACTT-1,True,GCTCTGTTCCCGACTT-1_contig_5,True,341,TRB,None,None,TRBJ2-1,None,False,False,None,None,6158,5,clonotype1,None
GCTCTGTTCGGATGTT-1,True,GCTCTGTTCGGATGTT-1_contig_1,True,546,TRA,TRAV8-1,None,TRAJ30,TRAC,True,True,CATDTNAYKVIF,TGTGCTACCGACACAAATGCTTACAAAGTCATCTTT,3380,3,clonotype38,clonotype38_consensus_1
GCTCTGTTCGGATGTT-1,True,GCTCTGTTCGGATGTT-1_contig_2,True,600,TRB,TRBV12-2+TRBV13-2,None,TRBJ1-5,TRBC1,True,True,CASGTGDNQAPLF,TGTGCCAGCGGTACAGGAGACAACCAGGCTCCGCTTTTT,5708,4,clonotype38,clonotype38_consensus_2
GCTCTGTTCTCCAGGG-1,True,GCTCTGTTCTCCAGGG-1_contig_1,True,528,TRB,TRBV17,None,TRBJ2-2,None,True,True,CASSPRQPGTGQLYF,TGTGCTAGCAGTCCTCGACAGCCTGGCACCGGGCAGCTCTACTTT,33576,19,clonotype416,clonotype416_consensus_3
GCTCTGTTCTCCAGGG-1,True,GCTCTGTTCTCCAGGG-1_contig_2,True,549,TRA,TRAV8N-2,None,TRAJ31,TRAC,True,True,CATECSNNRIFF,TGTGCTACTGAGTGTAGCAATAACAGAATCTTCTTT,23040,16,clonotype416,clonotype416_consensus_2
GCTCTGTTCTCCAGGG-1,True,GCTCTGTTCTCCAGGG-1_contig_3,True,534,TRA,TRAV13D-2,None,TRAJ39,TRAC,True,True,CAMNNNAGAKLTF,TGTGCTATGAATAATAATGCAGGTGCCAAGCTCACATTC,17466,11,clonotype416,clonotype416_consensus_1
GCTCTGTTCTCCAGGG-1,True,GCTCTGTTCTCCAGGG-1_contig_4,True,310,TRB,None,None,TRBJ1-2,TRBC1,False,False,None,None,2506,2,clonotype416,None
GCTGCAGAGCCAACAG-1,True,GCTGCAGAGCCAACAG-1_contig_1,True,541,TRA,TRAV8-1,None,TRAJ30,TRAC,True,True,CATDTNAYKVIF,TGTGCTACTGACACAAATGCTTACAAAGTCATCTTT,5298,4,clonotype45,clonotype45_consensus_1
GCTGCAGAGCCAACAG-1,True,GCTGCAGAGCCAACAG-1_contig_2,True,564,TRB,TRBV12-2+TRBV13-2,None,TRBJ1-5,TRBC1,True,True,CASGTGDNQAPLF,TGTGCCAGCGGGACAGGAGACAACCAGGCTCCGCTTTTT,3346,2,clonotype45,clonotype45_consensus_2
GCTGCAGAGCCAACAG-1,True,GCTGCAGAGCCAACAG-1_contig_3,True,501,TRB,None,None,TRBJ2-7,None,False,False,None,None,1534,2,clonotype45,None
GCTGCAGCAGATTGCT-1,True,GCTGCAGCAGATTGCT-1_contig_1,True,562,TRA,TRAV10N,None,TRAJ7,TRAC,True,True,CAPEPDYSNNRLTL,TGTGCACCGGAACCGGACTACAGCAACAACAGACTTACTTTG,17044,9,clonotype169,clonotype169_consensus_2
GCTGCAGCAGATTGCT-1,True,GCTGCAGCAGATTGCT-1_contig_2,True,584,TRB,TRBV12-2+TRBV13-2,None,TRBJ2-2,None,True,True,CASGGTGGANTGQLYF,TGTGCCAGCGGTGGGACTGGGGGGGCTAACACCGGGCAGCTCTACTTT,13862,13,clonotype169,clonotype169_consensus_1
GCTGCAGCAGATTGCT-1,True,GCTGCAGCAGATTGCT-1_contig_3,True,519,TRB,TRBV31,None,TRBJ2-5,None,True,True,CAWSSDRFIQDTQYF,TGTGCCTGGAGTTCAGACAGGTTTATCCAAGACACCCAGTACTTT,9646,7,clonotype169,clonotype169_consensus_3
GCTGCAGCAGATTGCT-1,True,GCTGCAGCAGATTGCT-1_contig_4,True,335,TRA,None,None,TRAJ18,TRAC,False,False,None,None,2774,2,clonotype169,None
GCTGCAGCAGATTGCT-1,True,GCTGCAGCAGATTGCT-1_contig_5,True,518,TRA,TRAV1,None,TRAJ27,TRAC,True,False,None,None,7110,5,clonotype169,None
GCTGCAGCATGCAATC-1,True,GCTGCAGCATGCAATC-1_contig_1,True,532,TRA,TRAV8-1,None,TRAJ48,TRAC,True,True,CATDGNEKITF,TGTGCTACTGATGGAAATGAGAAAATAACTTTT,1180,2,clonotype55,clonotype55_consensus_2
GCTGCAGCATGCAATC-1,True,GCTGCAGCATGCAATC-1_contig_2,True,554,TRB,TRBV12-2+TRBV13-2,None,TRBJ2-1,None,True,True,CASGAGDYAEQFF,TGTGCCAGCGGTGCTGGGGACTATGCTGAGCAGTTCTTC,2974,2,clonotype55,clonotype55_consensus_1
GCTGCAGGTCAACATC-1,True,GCTGCAGGTCAACATC-1_contig_1,True,519,TRA,TRAV6-6,None,TRAJ24,TRAC,True,True,CAPLTTASLGKLQF,TGTGCTCCGTTGACAACTGCCAGTTTGGGGAAACTGCAGTTT,2434,1,clonotype2,clonotype2_consensus_2
GCTGCAGGTCAACATC-1,True,GCTGCAGGTCAACATC-1_contig_2,True,512,TRB,TRBV13-1,None,TRBJ2-4,None,True,True,CASSEGTNTLYF,TGTGCCAGCAGTGAAGGAACAAACACCTTGTACTTT,3568,3,clonotype2,clonotype2_consensus_1
GCTGCAGTCAGTACGT-1,True,GCTGCAGTCAGTACGT-1_contig_1,True,561,TRA,TRAV4-3,None,TRAJ42,TRAC,True,True,CAADNSGGSNAKLTF,TGTGCTGCTGATAATTCTGGAGGAAGCAATGCAAAGCTAACCTTC,15208,12,clonotype29,clonotype29_consensus_2
GCTGCAGTCAGTACGT-1,True,GCTGCAGTCAGTACGT-1_contig_2,True,512,TRB,TRBV13-1,None,TRBJ2-1,None,True,True,CASGGAYAEQFF,TGTGCCAGCGGGGGGGCGTATGCTGAGCAGTTCTTC,20294,17,clonotype29,clonotype29_consensus_1
GCTGCAGTCAGTACGT-1,True,GCTGCAGTCAGTACGT-1_contig_3,True,566,TRA,TRAV12-2,None,TRAJ34,TRAC,True,True,CALSGNTNKVVF,TGTGCTTTGAGTGGCAATACCAACAAAGTCGTCTTT,9466,6,clonotype29,clonotype29_consensus_3
GCTGCGAAGTTGTAGA-1,True,GCTGCGAAGTTGTAGA-1_contig_1,True,576,TRA,TRAV6-6,None,TRAJ24,TRAC,True,True,CAPLTTASLGKLQF,TGTGCTCCGTTGACAACTGCCAGTTTGGGGAAACTGCAGTTT,3840,3,clonotype2,clonotype2_consensus_2
GCTGCGAAGTTGTAGA-1,True,GCTGCGAAGTTGTAGA-1_contig_2,True,502,TRB,TRBV13-1,None,TRBJ2-4,None,True,True,CASSEGTNTLYF,TGTGCCAGCAGTGAAGGAACAAACACCTTGTACTTT,2400,2,clonotype2,clonotype2_consensus_1
GCTGCGACAATCAGAA-1,True,GCTGCGACAATCAGAA-1_contig_1,True,596,TRA,TRAV3-1,None,TRAJ22,TRAC,True,True,CAVWSGSWQLIF,TGCGCAGTCTGGTCTGGCAGCTGGCAACTCATCTTT,558,2,clonotype81,clonotype81_consensus_1
GCTGCGACAATCAGAA-1,True,GCTGCGACAATCAGAA-1_contig_2,True,598,TRB,TRBV12-2+TRBV13-2,None,TRBJ2-7,None,True,True,CASGAGGAVEQYF,TGTGCCAGCGGTGCTGGGGGGGCGGTTGAACAGTACTTC,3006,3,clonotype81,clonotype81_consensus_2
GCTGCGACAGGATCGA-1,True,GCTGCGACAGGATCGA-1_contig_1,True,567,TRA,TRAV4D-3,None,TRAJ27,TRAC,True,True,CAADGPNTGKLTF,TGTGCTGCGGACGGACCCAATACAGGCAAATTAACCTTT,5546,3,clonotype130,clonotype130_consensus_1
GCTGCGAGTTCGTCTC-1,True,GCTGCGAGTTCGTCTC-1_contig_1,True,537,TRA,TRAV3-3,None,TRAJ49,TRAC,True,True,CAVSGSTGYQNFYF,TGCGCAGTCAGTGGGAGCACGGGTTACCAGAACTTCTATTTT,4258,3,clonotype5,clonotype5_consensus_1
GCTGCGAGTTCGTCTC-1,True,GCTGCGAGTTCGTCTC-1_contig_2,True,585,TRB,TRBV12-2+TRBV13-2,None,TRBJ2-7,None,True,True,CASGVQGWEQYF,TGTGCCAGCGGTGTACAGGGGTGGGAACAGTACTTC,7910,6,clonotype5,clonotype5_consensus_2
GCTGCGAGTTCGTCTC-1,True,GCTGCGAGTTCGTCTC-1_contig_3,True,563,TRA,TRAV6D-5,None,TRAJ38,TRAC,True,False,CTTVFWDNVGDNSKLIW,TGTACTACTGTGTTCTGGGATAATGTTGGTGACAACAGTAAGCTGATTTGG,930,2,clonotype5,None
GCTGCGAGTTCGTCTC-1,True,GCTGCGAGTTCGTCTC-1_contig_4,True,628,TRB,None,None,TRBJ2-5,None,False,False,None,None,1362,1,clonotype5,None
GCTGCTTAGCGATAGC-1,True,GCTGCTTAGCGATAGC-1_contig_1,True,556,TRA,TRAV19,None,TRAJ39,TRAC,True,True,CAAGGNNAGAKLTF,TGCGCAGCAGGTGGGAATAATGCAGGTGCCAAGCTCACATTC,7682,4,clonotype1,clonotype1_consensus_2
GCTGCTTAGCGATAGC-1,True,GCTGCTTAGCGATAGC-1_contig_2,True,569,TRB,TRBV12-2+TRBV13-2,None,TRBJ1-2,TRBC1,True,True,CASGGGTGNSDYTF,TGTGCCAGCGGTGGGGGGACAGGGAACTCCGACTACACCTTC,4562,3,clonotype1,clonotype1_consensus_1
GCTGCTTAGCGATAGC-1,True,GCTGCTTAGCGATAGC-1_contig_3,True,477,TRB,None,None,TRBJ2-7,None,False,False,None,None,2590,3,clonotype1,None
GCTGCTTAGCTAGTGG-1,True,GCTGCTTAGCTAGTGG-1_contig_1,True,558,TRA,TRAV19,None,TRAJ39,TRAC,True,True,CAAGGNNAGAKLTF,TGCGCAGCAGGTGGGAATAATGCAGGTGCCAAGCTCACATTC,9850,7,clonotype1,clonotype1_consensus_2
GCTGCTTAGCTAGTGG-1,True,GCTGCTTAGCTAGTGG-1_contig_2,True,600,TRB,TRBV12-2+TRBV13-2,None,TRBJ1-2,TRBC1,True,True,CASGGGTGNSDYTF,TGTGCCAGCGGTGGGGGGACAGGGAACTCCGACTACACCTTC,8786,8,clonotype1,clonotype1_consensus_1
GCTGCTTAGCTAGTGG-1,True,GCTGCTTAGCTAGTGG-1_contig_3,True,518,TRA,TRAV7-5,None,TRAJ45,TRAC,True,False,CSDTEGADRLTF,TGCAGTGATACAGAAGGTGCAGATAGACTCACCTTT,4018,3,clonotype1,None
GCTGCTTAGCTAGTGG-1,True,GCTGCTTAGCTAGTGG-1_contig_4,True,372,TRB,None,None,TRBJ2-1,None,False,False,None,None,1648,2,clonotype1,None
GCTGCTTAGCTAGTGG-1,True,GCTGCTTAGCTAGTGG-1_contig_5,True,380,TRA,None,None,TRAJ25,TRAC,False,False,None,None,1848,3,clonotype1,None
GCTGCTTAGCTAGTGG-1,True,GCTGCTTAGCTAGTGG-1_contig_6,True,391,TRB,None,None,TRBJ2-7,None,False,False,None,None,2122,2,clonotype1,None
GCTGCTTAGCTAGTGG-1,True,GCTGCTTAGCTAGTGG-1_contig_7,True,441,TRA,None,None,TRAJ41,TRAC,False,False,None,None,2366,4,clonotype1,None
GCTGCTTAGCTGTCTA-1,True,GCTGCTTAGCTGTCTA-1_contig_1,True,516,TRA,TRAV6-6,None,TRAJ24,TRAC,True,True,CAPLTTASLGKLQF,TGTGCTCCGTTGACAACTGCCAGTTTGGGGAAACTGCAGTTT,1276,1,clonotype2,clonotype2_consensus_2
GCTGCTTAGCTGTCTA-1,True,GCTGCTTAGCTGTCTA-1_contig_2,True,505,TRB,TRBV13-1,None,TRBJ2-4,None,True,True,CASSEGTNTLYF,TGTGCCAGCAGTGAAGGAACAAACACCTTGTACTTT,20226,15,clonotype2,clonotype2_consensus_1
GCTGCTTCAGCCACCA-1,True,GCTGCTTCAGCCACCA-1_contig_1,True,552,TRB,TRBV16,None,TRBJ2-4,None,True,True,CASSSPWGGQNTLYF,TGTGCAAGCAGCTCCCCCTGGGGGGGTCAAAACACCTTGTACTTT,15002,16,clonotype417,clonotype417_consensus_3
GCTGCTTCAGCCACCA-1,True,GCTGCTTCAGCCACCA-1_contig_2,True,600,TRA,TRAV14D-2,None,TRAJ13,TRAC,True,True,CAATSANSGTYQRF,TGTGCAGCAACCTCTGCAAATTCTGGGACTTACCAGAGGTTT,7144,4,clonotype417,clonotype417_consensus_1
GCTGCTTCAGCCACCA-1,True,GCTGCTTCAGCCACCA-1_contig_3,True,549,TRB,TRBV13-2,None,TRBJ2-7,None,True,True,CASGDGWGVKYF,TGTGCCAGCGGTGATGGCTGGGGGGTGAAGTACTTC,11044,8,clonotype417,clonotype417_consensus_2
GCTGCTTCAGCCACCA-1,True,GCTGCTTCAGCCACCA-1_contig_4,True,594,TRA,TRAV12D-2,None,TRAJ24,TRAC,True,True,CAFPASLGKLQF,TGTGCTTTTCCTGCCAGTTTGGGGAAACTGCAGTTT,16832,13,clonotype417,clonotype417_consensus_4
GCTGCTTCAGTGACAG-1,True,GCTGCTTCAGTGACAG-1_contig_1,True,593,TRA,TRAV19,None,TRAJ39,TRAC,True,True,CAAGGNNAGAKLTF,TGCGCAGCAGGTGGGAATAATGCAGGTGCCAAGCTCACATTC,1850,1,clonotype96,clonotype96_consensus_2
GCTGCTTCAGTGACAG-1,True,GCTGCTTCAGTGACAG-1_contig_2,True,565,TRB,TRBV12-2+TRBV13-2,None,TRBJ1-2,TRBC1,True,True,CASGGQTNSDYTF,TGTGCCAGCGGTGGACAAACAAACTCCGACTACACCTTC,3116,3,clonotype96,clonotype96_consensus_1
GCTGCTTCAGTGACAG-1,True,GCTGCTTCAGTGACAG-1_contig_3,True,514,TRA,TRAV13-1,None,TRAJ42,TRAC,True,False,None,None,1406,1,clonotype96,None
GCTGCTTCAGTGACAG-1,True,GCTGCTTCAGTGACAG-1_contig_4,True,304,TRB,None,None,TRBJ2-7,None,False,False,None,None,5060,3,clonotype96,None
GCTGGGTAGACAATAC-1,True,GCTGGGTAGACAATAC-1_contig_1,True,652,TRA,TRAV14N-3,None,TRAJ6,TRAC,True,True,CAARTSGGNYKPTF,TGTGCAGCAAGAACCTCAGGAGGAAACTACAAACCTACGTTT,2022,1,clonotype418,clonotype418_consensus_3
GCTGGGTAGACAATAC-1,True,GCTGGGTAGACAATAC-1_contig_2,True,549,TRA,TRAV8N-2,None,TRAJ13,TRAC,True,True,CATEDSGTYQRF,TGTGCTACTGAGGATTCTGGGACTTACCAGAGGTTT,1966,2,clonotype418,clonotype418_consensus_1
GCTGGGTAGACAATAC-1,True,GCTGGGTAGACAATAC-1_contig_3,True,566,TRB,TRBV12-2+TRBV13-2,None,TRBJ2-3,None,True,True,CASRAGGSGAETLYF,TGTGCCAGCAGGGCTGGGGGGTCTGGTGCAGAAACGCTGTATTTT,2108,1,clonotype418,clonotype418_consensus_2
GCTGGGTAGACAATAC-1,True,GCTGGGTAGACAATAC-1_contig_4,True,563,TRB,TRBV12-2+TRBV13-2,None,TRBJ2-7,None,True,True,CASGTGGDYEQYF,TGTGCCAGCGGGACTGGGGGGGACTATGAACAGTACTTC,2468,2,clonotype418,clonotype418_consensus_4
GCTGGGTAGCTACCGC-1,True,GCTGGGTAGCTACCGC-1_contig_1,True,507,TRB,TRBV13-1,None,TRBJ2-7,None,True,True,CASSGGHLEQYF,TGTGCCAGCAGTGGGGGACACCTTGAACAGTACTTC,4300,4,clonotype199,clonotype199_consensus_1
GCTGGGTGTAAATGTG-1,True,GCTGGGTGTAAATGTG-1_contig_1,True,549,TRB,TRBV16,None,TRBJ2-5,None,True,True,CASSFGGGQDTQYF,TGTGCAAGCAGCTTTGGGGGGGGCCAAGACACCCAGTACTTT,6576,9,clonotype100,clonotype100_consensus_1
GCTGGGTGTAAATGTG-1,True,GCTGGGTGTAAATGTG-1_contig_2,True,542,Multi,TRDV2-2,None,TRAJ58,TRAC,True,False,CALMEHQGTGSKLSF,TGTGCTCTCATGGAGCACCAAGGCACTGGGTCTAAGCTGTCATTT,18304,22,clonotype100,None
GCTGGGTGTAAATGTG-1,True,GCTGGGTGTAAATGTG-1_contig_3,True,398,TRB,None,None,TRBJ2-7,None,False,False,None,None,9290,35,clonotype100,None
GCTGGGTGTGCGGTAA-1,True,GCTGGGTGTGCGGTAA-1_contig_1,True,577,TRA,TRAV12D-2,None,TRAJ34,TRAC,True,True,CALSPSANKVVF,TGTGCTTTGAGCCCCTCGGCCAACAAAGTCGTCTTT,696,2,clonotype419,clonotype419_consensus_1
GCTGGGTGTGCGGTAA-1,True,GCTGGGTGTGCGGTAA-1_contig_2,True,447,TRB,TRBV13-1,None,TRBJ1-6,None,True,False,CASSDRGGNSPLYF,TGTGCCAGCAGTGACAGGGGAGGGAATTCGCCCCTCTACTTT,300,2,clonotype419,None
GCTGGGTGTGCGGTAA-1,True,GCTGGGTGTGCGGTAA-1_contig_3,True,405,TRB,None,None,TRBJ2-3,None,False,False,None,None,3678,3,clonotype419,None
GCTGGGTGTGGCCCTA-1,True,GCTGGGTGTGGCCCTA-1_contig_1,True,572,TRA,TRAV8-1,None,TRAJ30,TRAC,True,True,CATDTNAYKVIF,TGTGCTACTGACACAAATGCTTACAAAGTCATCTTT,6784,5,clonotype14,clonotype14_consensus_1
GCTGGGTGTGGCCCTA-1,True,GCTGGGTGTGGCCCTA-1_contig_2,True,576,TRB,TRBV12-2+TRBV13-2,None,TRBJ1-5,TRBC1,True,True,CASGTGDNQAPLF,TGTGCCAGCGGTACAGGGGACAACCAGGCTCCGCTTTTT,13668,11,clonotype14,clonotype14_consensus_2
GCTGGGTGTGGCCCTA-1,True,GCTGGGTGTGGCCCTA-1_contig_3,True,422,TRB,None,None,TRBJ2-7,None,False,False,None,None,5738,5,clonotype14,None
GCTGGGTGTGGCCCTA-1,True,GCTGGGTGTGGCCCTA-1_contig_4,True,556,TRA,TRAV3-3,None,TRAJ37,TRAC,True,False,None,None,4902,3,clonotype14,None
GCTGGGTGTGTGAAAT-1,True,GCTGGGTGTGTGAAAT-1_contig_1,True,557,TRB,TRBV12-2+TRBV13-2,None,TRBJ1-5,TRBC1,True,True,CASGTGDNQAPLF,TGTGCCAGCGGGACAGGGGACAACCAGGCTCCGCTTTTT,5012,4,clonotype16,clonotype16_consensus_1
GCTGGGTGTGTGAAAT-1,True,GCTGGGTGTGTGAAAT-1_contig_2,True,556,TRA,TRAV4-3,None,TRAJ23,TRAC,True,False,None,None,9272,6,clonotype16,None
GCTGGGTTCACGCGGT-1,True,GCTGGGTTCACGCGGT-1_contig_1,True,566,TRA,TRAV3-3,None,TRAJ49,TRAC,True,True,CAVSGATGYQNFYF,TGCGCAGTCAGTGGGGCCACGGGTTACCAGAACTTCTATTTT,11946,10,clonotype64,clonotype64_consensus_1
GCTGGGTTCACGCGGT-1,True,GCTGGGTTCACGCGGT-1_contig_2,True,597,TRB,TRBV12-2+TRBV13-2,None,TRBJ2-5,None,True,True,CASGVQGDTQYF,TGTGCCAGCGGTGTTCAGGGGGACACCCAGTACTTT,45046,38,clonotype64,clonotype64_consensus_2
GCTGGGTTCACGCGGT-1,True,GCTGGGTTCACGCGGT-1_contig_3,True,679,TRA,TRAV8N-2,None,TRAJ43,TRAC,True,False,CATDANNNNAPRF,TGTGCTACTGATGCCAATAACAACAATGCCCCACGATTT,16684,12,clonotype64,None
GCTTCCAAGTACGTAA-1,True,GCTTCCAAGTACGTAA-1_contig_1,True,549,TRB,TRBV16,None,TRBJ2-5,None,True,True,CASSLGGNQDTQYF,TGTGCAAGCAGCTTGGGGGGTAACCAAGACACCCAGTACTTT,3126,3,clonotype144,clonotype144_consensus_2
GCTTCCAAGTACGTAA-1,True,GCTTCCAAGTACGTAA-1_contig_2,True,511,TRA,TRAV6N-6,None,TRAJ2,TRAC,True,True,CALYTGGLSGKLTF,TGCGCTCTGTATACTGGAGGACTAAGTGGTAAATTAACATTC,2128,2,clonotype144,clonotype144_consensus_1
GCTTCCAAGTGCAAGC-1,True,GCTTCCAAGTGCAAGC-1_contig_1,True,549,TRB,TRBV16,None,TRBJ2-5,None,True,True,CASSLGGYQDTQYF,TGTGCAAGCAGCTTAGGGGGCTACCAAGACACCCAGTACTTT,2774,3,clonotype35,clonotype35_consensus_3
GCTTCCAAGTGCAAGC-1,True,GCTTCCAAGTGCAAGC-1_contig_2,True,555,TRA,TRAV4-3,None,TRAJ27,TRAC,True,True,CAAANTNTGKLTF,TGTGCTGCTGCTAACACCAATACAGGCAAATTAACCTTT,3670,3,clonotype35,clonotype35_consensus_2
GCTTCCAAGTGCAAGC-1,True,GCTTCCAAGTGCAAGC-1_contig_3,True,568,TRA,TRAV12-1,None,TRAJ48,TRAC,True,True,CALSDAGDYGNEKITF,TGTGCTCTGAGTGATGCAGGAGACTATGGAAATGAGAAAATAACTTTT,4144,2,clonotype35,clonotype35_consensus_1
GCTTCCACAAGTCTAC-1,True,GCTTCCACAAGTCTAC-1_contig_1,True,552,TRA,TRAV8D-2,None,TRAJ7,TRAC,True,True,CATDYSNNRLTL,TGTGCTACGGACTACAGCAACAACAGACTTACTTTG,3482,2,clonotype420,clonotype420_consensus_1
GCTTCCACAAGTCTAC-1,True,GCTTCCACAAGTCTAC-1_contig_2,True,592,TRB,TRBV17,None,TRBJ1-6,TRBC1,True,False,CASSRRQGGNSPLYF,TGTGCTAGCAGTAGACGACAGGGGGGGAATTCGCCCCTCTACTTT,2964,4,clonotype420,None
GCTTCCACACTGTGTA-1,True,GCTTCCACACTGTGTA-1_contig_1,True,549,TRB,TRBV16,None,TRBJ2-5,None,True,True,CASSLGGYQDTQYF,TGTGCAAGCAGCTTAGGGGGCTACCAAGACACCCAGTACTTT,20410,18,clonotype35,clonotype35_consensus_3
GCTTCCACACTGTGTA-1,True,GCTTCCACACTGTGTA-1_contig_2,True,555,TRA,TRAV4-3,None,TRAJ27,TRAC,True,True,CAAANTNTGKLTF,TGTGCTGCTGCTAACACCAATACAGGCAAATTAACCTTT,12070,7,clonotype35,clonotype35_consensus_2
GCTTCCACACTGTGTA-1,True,GCTTCCACACTGTGTA-1_contig_3,True,568,TRA,TRAV12-1,None,TRAJ48,TRAC,True,True,CALSDAGDYGNEKITF,TGTGCTCTGAGTGATGCAGGAGACTATGGAAATGAGAAAATAACTTTT,3784,5,clonotype35,clonotype35_consensus_1
GCTTCCACACTGTGTA-1,True,GCTTCCACACTGTGTA-1_contig_4,True,659,TRB,None,None,TRBJ2-3,None,False,False,None,None,3204,3,clonotype35,None
GCTTCCAGTGATGTGG-1,True,GCTTCCAGTGATGTGG-1_contig_1,True,566,TRA,TRAV3-3,None,TRAJ49,TRAC,True,True,CAVSGSTGYQNFYF,TGCGCAGTCAGTGGGAGCACGGGTTACCAGAACTTCTATTTT,13286,9,clonotype5,clonotype5_consensus_1
GCTTCCAGTGATGTGG-1,True,GCTTCCAGTGATGTGG-1_contig_2,True,568,TRB,TRBV12-2+TRBV13-2,None,TRBJ2-7,None,True,True,CASGVQGWEQYF,TGTGCCAGCGGTGTACAGGGGTGGGAACAGTACTTC,17046,13,clonotype5,clonotype5_consensus_2
GCTTCCAGTGATGTGG-1,True,GCTTCCAGTGATGTGG-1_contig_3,True,304,TRB,None,None,TRBJ1-2,TRBC1,False,False,None,None,1954,2,clonotype5,None
GCTTCCAGTGATGTGG-1,True,GCTTCCAGTGATGTGG-1_contig_4,True,530,TRA,TRAV6D-5,None,TRAJ38,TRAC,True,False,CTTVFWDNVGDNSKLIW,TGTACTACTGTGTTCTGGGATAATGTTGGTGACAACAGTAAGCTGATTTGG,1344,2,clonotype5,None
GCTTCCAGTGTAAGTA-1,True,GCTTCCAGTGTAAGTA-1_contig_1,True,517,TRA,TRAV6-6,None,TRAJ24,TRAC,True,True,CAPLTTASLGKLQF,TGTGCTCCGTTGACAACTGCCAGTTTGGGGAAACTGCAGTTT,5556,4,clonotype2,clonotype2_consensus_2
GCTTCCAGTGTAAGTA-1,True,GCTTCCAGTGTAAGTA-1_contig_2,True,512,TRB,TRBV13-1,None,TRBJ2-4,None,True,True,CASSEGTNTLYF,TGTGCCAGCAGTGAAGGAACAAACACCTTGTACTTT,5290,4,clonotype2,clonotype2_consensus_1
GCTTCCAGTGTAAGTA-1,True,GCTTCCAGTGTAAGTA-1_contig_3,True,623,TRA,TRAV10D,None,TRAJ30,None,True,False,None,None,268,1,clonotype2,None
GCTTCCATCAAGCCTA-1,True,GCTTCCATCAAGCCTA-1_contig_1,True,532,TRA,TRAV19,None,TRAJ39,TRAC,True,True,CAAGGNNAGAKLTF,TGCGCAGCAGGTGGGAATAATGCAGGTGCCAAGCTCACATTC,2936,2,clonotype19,clonotype19_consensus_1
GCTTCCATCAAGCCTA-1,True,GCTTCCATCAAGCCTA-1_contig_2,True,359,TRB,None,None,TRBJ2-1,None,False,False,None,None,1978,1,clonotype19,None
GCTTCCATCAAGCCTA-1,True,GCTTCCATCAAGCCTA-1_contig_3,True,631,TRB,None,None,TRBJ2-7,None,False,False,None,None,590,1,clonotype19,None
GCTTCCATCAAGCCTA-1,True,GCTTCCATCAAGCCTA-1_contig_4,True,363,TRB,TRBV13-2,None,TRBJ1-2,TRBC1,True,False,CASGGGTGNSDYTF,TGTGCCAGCGGTGGGGGGACAGGGAACTCCGACTACACCTTC,4590,3,clonotype19,None
GCTTCCATCTGTCTAT-1,True,GCTTCCATCTGTCTAT-1_contig_1,True,568,TRB,TRBV12-2+TRBV13-2,None,TRBJ1-2,TRBC1,True,True,CASGGGTGNSDYTF,TGTGCCAGCGGTGGGGGGACAGGGAACTCCGACTACACCTTC,7406,5,clonotype7,clonotype7_consensus_1
GCTTGAAAGACTCGGA-1,True,GCTTGAAAGACTCGGA-1_contig_1,True,598,TRA,TRAV14N-3,None,TRAJ6,TRAC,True,True,CAARTSGGNYKPTF,TGTGCAGCAAGAACCTCAGGAGGAAACTACAAACCTACGTTT,17292,12,clonotype4,clonotype4_consensus_2
GCTTGAAAGACTCGGA-1,True,GCTTGAAAGACTCGGA-1_contig_2,True,549,TRA,TRAV8N-2,None,TRAJ13,TRAC,True,True,CATEDSGTYQRF,TGTGCTACTGAGGATTCTGGGACTTACCAGAGGTTT,28986,20,clonotype4,clonotype4_consensus_1
GCTTGAAAGACTCGGA-1,True,GCTTGAAAGACTCGGA-1_contig_3,True,565,TRB,TRBV12-2+TRBV13-2,None,TRBJ2-7,None,True,True,CASGTGGDYEQYF,TGTGCCAGCGGGACTGGGGGGGACTATGAACAGTACTTC,23460,28,clonotype4,clonotype4_consensus_3
GCTTGAAAGACTCGGA-1,True,GCTTGAAAGACTCGGA-1_contig_4,True,475,TRB,None,None,TRBJ2-5,None,False,False,None,None,4248,13,clonotype4,None
GCTTGAAAGCCACCTG-1,True,GCTTGAAAGCCACCTG-1_contig_1,True,599,TRA,TRAV13-1,None,TRAJ58,TRAC,True,True,CASSMQQGTGSKLSF,TGTGCTTCTTCCATGCAGCAAGGCACTGGGTCTAAGCTGTCATTT,11174,9,clonotype86,clonotype86_consensus_3
GCTTGAAAGCCACCTG-1,True,GCTTGAAAGCCACCTG-1_contig_2,True,558,TRA,TRAV16,None,TRAJ57,TRAC,True,True,CAMRENQGGSAKLIF,TGTGCTATGAGAGAGAATCAAGGAGGGTCTGCGAAGCTCATCTTT,12968,6,clonotype86,clonotype86_consensus_2
GCTTGAAAGCCACCTG-1,True,GCTTGAAAGCCACCTG-1_contig_3,True,564,TRB,TRBV12-2+TRBV13-2,None,TRBJ2-1,None,True,True,CATEAAYAEQFF,TGTGCCACTGAGGCAGCCTATGCTGAGCAGTTCTTC,32558,28,clonotype86,clonotype86_consensus_1
GCTTGAAAGCCACCTG-1,True,GCTTGAAAGCCACCTG-1_contig_4,True,522,TRB,TRBV15,None,TRBJ2-7,None,True,False,CVPAVARDRGLEQYF,TGTGTGCCAGCAGTCGCCCGGGACAGGGGGCTTGAACAGTACTTC,20158,10,clonotype86,None
GCTTGAACATAGACTC-1,True,GCTTGAACATAGACTC-1_contig_1,True,512,TRB,TRBV26,None,TRBJ2-5,None,True,True,CASSRGTDTQYF,TGTGCCAGCAGCCGCGGGACCGACACCCAGTACTTT,9688,5,clonotype42,clonotype42_consensus_1
GCTTGAACATAGACTC-1,True,GCTTGAACATAGACTC-1_contig_2,True,508,TRA,TRAV12-2,None,TRAJ37,TRAC,True,True,CALSPQTGNTGKLIF,TGTGCTTTGAGCCCCCAAACAGGCAATACCGGAAAACTCATCTTT,3610,3,clonotype42,clonotype42_consensus_2
GCTTGAACATAGACTC-1,True,GCTTGAACATAGACTC-1_contig_3,True,408,TRB,None,None,TRBJ1-3,TRBC1,False,False,None,None,5346,3,clonotype42,None
GCTTGAAGTCTTTCAT-1,True,GCTTGAAGTCTTTCAT-1_contig_1,True,577,TRA,TRAV8-1,None,TRAJ34,TRAC,True,True,CATDVSNTNKVVF,TGTGCTACTGATGTATCCAATACCAACAAAGTCGTCTTT,2358,1,clonotype82,clonotype82_consensus_2
GCTTGAAGTCTTTCAT-1,True,GCTTGAAGTCTTTCAT-1_contig_2,True,541,TRB,TRBV13-2,None,TRBJ1-5,TRBC1,True,True,CASGTGDNQAPLF,TGTGCCAGCGGGACAGGGGACAACCAGGCTCCGCTTTTT,2250,2,clonotype82,clonotype82_consensus_1
GCTTGAAGTGGTACAG-1,True,GCTTGAAGTGGTACAG-1_contig_1,True,722,TRA,TRAV9N-4,None,TRAJ40,TRAC,True,True,CALSPLTGNYKYVF,TGTGCTCTGAGCCCCCTTACAGGAAACTACAAATACGTCTTT,1448,2,clonotype421,clonotype421_consensus_1
GCTTGAAGTGGTACAG-1,True,GCTTGAAGTGGTACAG-1_contig_2,True,559,TRB,TRBV12-2+TRBV13-2,None,TRBJ2-1,None,True,True,CASGGNAEQFF,TGTGCCAGCGGTGGTAATGCTGAGCAGTTCTTC,4710,4,clonotype421,clonotype421_consensus_2
GCTTGAAGTGGTACAG-1,True,GCTTGAAGTGGTACAG-1_contig_3,True,529,TRA,TRAV7N-6,None,TRAJ33,TRAC,True,False,None,None,2238,3,clonotype421,None
GCTTGAATCATTCACT-1,True,GCTTGAATCATTCACT-1_contig_1,True,555,TRA,TRAV3-3,None,TRAJ49,TRAC,True,True,CAVSGSTGYQNFYF,TGCGCAGTCAGTGGGAGCACGGGTTACCAGAACTTCTATTTT,5864,5,clonotype5,clonotype5_consensus_1
GCTTGAATCATTCACT-1,True,GCTTGAATCATTCACT-1_contig_2,True,562,TRB,TRBV12-2+TRBV13-2,None,TRBJ2-7,None,True,True,CASGVQGWEQYF,TGTGCCAGCGGTGTACAGGGGTGGGAACAGTACTTC,6660,8,clonotype5,clonotype5_consensus_2
GGAAAGCAGATGGCGT-1,True,GGAAAGCAGATGGCGT-1_contig_1,True,525,TRA,TRAV8D-1,None,TRAJ30,TRAC,True,True,CATDTNAYKVIF,TGTGCTACTGACACAAATGCTTACAAAGTCATCTTT,5980,5,clonotype13,clonotype13_consensus_1
GGAAAGCAGATGGCGT-1,True,GGAAAGCAGATGGCGT-1_contig_2,True,597,TRB,TRBV12-2+TRBV13-2,None,TRBJ1-5,TRBC1,True,True,CASGTGDNQAPLF,TGTGCCAGCGGGACAGGGGACAACCAGGCTCCGCTTTTT,14996,14,clonotype13,clonotype13_consensus_2
GGAAAGCAGATGGCGT-1,True,GGAAAGCAGATGGCGT-1_contig_3,True,349,TRB,None,None,TRBJ2-1,None,False,False,None,None,6528,2,clonotype13,None
GGAAAGCAGATGGCGT-1,True,GGAAAGCAGATGGCGT-1_contig_4,True,655,TRA,TRAV14N-3,None,TRAJ35,TRAC,True,False,None,None,3980,3,clonotype13,None
GGAAAGCAGATGGCGT-1,True,GGAAAGCAGATGGCGT-1_contig_5,True,362,TRB,None,None,TRBJ2-1,None,False,False,None,None,2160,1,clonotype13,None
GGAAAGCAGATGGCGT-1,True,GGAAAGCAGATGGCGT-1_contig_6,True,357,TRB,None,None,TRBJ2-1,None,False,False,None,None,5776,2,clonotype13,None
GGAAAGCAGGATCGCA-1,True,GGAAAGCAGGATCGCA-1_contig_1,True,549,TRB,TRBV16,None,TRBJ2-5,None,True,True,CASSLGGGQDTQYF,TGTGCAAGCAGCTTAGGGGGGGGGCAAGACACCCAGTACTTT,23256,23,clonotype11,clonotype11_consensus_2
GGAAAGCAGGATCGCA-1,True,GGAAAGCAGGATCGCA-1_contig_2,True,562,TRA,TRAV4D-3,None,TRAJ27,TRAC,True,True,CAADGPNTGKLTF,TGTGCTGCTGACGGGCCCAATACAGGCAAATTAACCTTT,7010,6,clonotype11,clonotype11_consensus_1
GGAAAGCAGGATCGCA-1,True,GGAAAGCAGGATCGCA-1_contig_3,True,595,TRA,TRAV7-4,None,TRAJ31,TRAC,True,False,None,None,6806,4,clonotype11,None
GGAAAGCGTACAAGTA-1,True,GGAAAGCGTACAAGTA-1_contig_1,True,549,TRB,TRBV16,None,TRBJ2-5,None,True,True,CASSLGGGQDTQYF,TGTGCAAGCAGCTTAGGGGGGGGGCAAGACACCCAGTACTTT,8774,11,clonotype422,clonotype422_consensus_2
GGAAAGCGTACAAGTA-1,True,GGAAAGCGTACAAGTA-1_contig_2,True,561,TRB,TRBV12-2+TRBV13-2,None,TRBJ1-4,TRBC1,True,True,CASGDAPERLFF,TGTGCCAGCGGTGATGCTCCCGAAAGATTATTTTTC,19216,23,clonotype422,clonotype422_consensus_3
GGAAAGCGTACAAGTA-1,True,GGAAAGCGTACAAGTA-1_contig_3,True,583,TRA,TRAV4D-3,None,TRAJ27,TRAC,True,True,CAADGPNTGKLTF,TGTGCTGCTGACGGGCCCAATACAGGCAAATTAACCTTT,8336,7,clonotype422,clonotype422_consensus_1
GGAAAGCGTACAAGTA-1,True,GGAAAGCGTACAAGTA-1_contig_4,True,568,Multi,TRDV1,None,TRAJ43,TRAC,True,False,CGGLNNAPRF,TGTGGAGGCCTCAACAATGCCCCACGATTT,1154,1,clonotype422,None
GGAAAGCGTACAAGTA-1,True,GGAAAGCGTACAAGTA-1_contig_5,True,351,TRB,None,None,TRBJ2-7,None,False,False,None,None,372,1,clonotype422,None
GGAAAGCGTACAAGTA-1,True,GGAAAGCGTACAAGTA-1_contig_6,True,417,TRB,None,None,TRBJ2-1,None,False,False,None,None,12168,11,clonotype422,None
GGAAAGCGTACAAGTA-1,True,GGAAAGCGTACAAGTA-1_contig_7,True,564,Multi,TRDV1,None,TRAJ43,TRAC,True,False,CGGLNNAPRF,TGTGGAGGCCTCAACAATGCCCCACGATTT,16406,13,clonotype422,None
GGAAAGCGTACAAGTA-1,True,GGAAAGCGTACAAGTA-1_contig_8,True,488,TRA,None,None,TRAJ15,TRAC,False,False,None,None,1044,1,clonotype422,None
GGAAAGCGTACAAGTA-1,True,GGAAAGCGTACAAGTA-1_contig_9,True,516,TRA,TRAV6-5,None,TRAJ30,TRAC,True,False,None,None,5492,5,clonotype422,None
GGAACTTAGATGTGTA-1,True,GGAACTTAGATGTGTA-1_contig_1,True,549,TRB,TRBV16,None,TRBJ2-5,None,True,True,CASSLGGGADTQYF,TGTGCAAGCAGCTTAGGGGGGGGCGCGGACACCCAGTACTTT,9828,9,clonotype105,clonotype105_consensus_1
GGAACTTAGATGTGTA-1,True,GGAACTTAGATGTGTA-1_contig_2,True,548,TRA,TRAV16N,None,TRAJ45,TRAC,True,True,CAMRELTEGADRLTF,TGTGCTATGAGAGAGCTGACAGAAGGTGCAGATAGACTCACCTTT,2500,2,clonotype105,clonotype105_consensus_2
GGAACTTAGATGTGTA-1,True,GGAACTTAGATGTGTA-1_contig_3,True,493,TRB,TRBV23,None,TRBJ2-7,None,True,False,None,None,3578,2,clonotype105,None
GGAACTTAGCCGATTT-1,True,GGAACTTAGCCGATTT-1_contig_1,True,552,TRA,TRAV6-6,None,TRAJ24,TRAC,True,True,CAPLTTASLGKLQF,TGTGCTCCGTTGACAACTGCCAGTTTGGGGAAACTGCAGTTT,3992,3,clonotype3,clonotype3_consensus_2
GGAACTTAGCCGATTT-1,True,GGAACTTAGCCGATTT-1_contig_2,True,505,TRB,TRBV13-1,None,TRBJ2-4,None,True,True,CASSEGTNTLYF,TGTGCCAGCAGTGAAGGAACAAACACCTTGTACTTT,46280,38,clonotype3,clonotype3_consensus_1
GGAACTTAGCCGATTT-1,True,GGAACTTAGCCGATTT-1_contig_3,True,745,TRA,TRAV9D-2,None,TRAJ26,TRAC,True,True,CVLSRGNNYAQGLTF,TGTGTTCTGAGCAGGGGCAATAACTATGCCCAGGGATTAACCTTC,9632,4,clonotype3,clonotype3_consensus_3
GGAACTTCATCGACGC-1,True,GGAACTTCATCGACGC-1_contig_1,True,602,TRA,TRAV14N-3,None,TRAJ6,TRAC,True,True,CAARTSGGNYKPTF,TGTGCAGCAAGAACCTCAGGAGGAAACTACAAACCTACGTTT,6582,4,clonotype78,clonotype78_consensus_2
GGAACTTCATCGACGC-1,True,GGAACTTCATCGACGC-1_contig_2,True,549,TRA,TRAV8N-2,None,TRAJ13,TRAC,True,True,CATEDSGTYQRF,TGTGCTACTGAGGATTCTGGGACTTACCAGAGGTTT,2232,3,clonotype78,clonotype78_consensus_1
GGAACTTCATTACCTT-1,True,GGAACTTCATTACCTT-1_contig_1,True,508,TRB,TRBV13-1,None,TRBJ2-4,None,True,True,CASSGGNTLYF,TGTGCCAGCAGTGGGGGAAACACCTTGTACTTT,2032,2,clonotype423,clonotype423_consensus_1
GGAACTTGTTAAAGAC-1,True,GGAACTTGTTAAAGAC-1_contig_1,True,550,TRB,TRBV12-2+TRBV13-2,None,TRBJ2-7,None,True,True,CASGTGDEQYF,TGTGCCAGCGGTACCGGGGATGAACAGTACTTC,2670,3,clonotype424,clonotype424_consensus_1
GGAACTTGTTTGTGTG-1,True,GGAACTTGTTTGTGTG-1_contig_1,True,556,TRB,TRBV12-2+TRBV13-2,None,TRBJ2-1,None,True,True,CASGDPFQFF,TGTGCCAGCGGTGATCCTTTCCAGTTCTTC,8494,6,clonotype58,clonotype58_consensus_2
GGAACTTGTTTGTGTG-1,True,GGAACTTGTTTGTGTG-1_contig_2,True,507,TRB,TRBV5,None,TRBJ2-2,None,True,True,CASSTGQLYF,TGTGCCAGCAGCACCGGGCAGCTCTACTTT,10408,7,clonotype58,clonotype58_consensus_1
GGAACTTTCTAGAGTC-1,True,GGAACTTTCTAGAGTC-1_contig_1,True,515,TRA,TRAV19,None,TRAJ39,TRAC,True,True,CAAGGNNAGAKLTF,TGCGCAGCAGGTGGGAATAATGCAGGTGCCAAGCTCACATTC,5150,2,clonotype1,clonotype1_consensus_2
GGAACTTTCTAGAGTC-1,True,GGAACTTTCTAGAGTC-1_contig_2,True,599,TRB,TRBV12-2+TRBV13-2,None,TRBJ1-2,TRBC1,True,True,CASGGGTGNSDYTF,TGTGCCAGCGGTGGGGGGACAGGGAACTCCGACTACACCTTC,3636,3,clonotype1,clonotype1_consensus_1
GGAATAAGTCATGCAT-1,True,GGAATAAGTCATGCAT-1_contig_1,True,505,TRB,TRBV13-1,None,TRBJ2-4,None,True,True,CASSEGTNTLYF,TGTGCCAGCAGTGAAGGAACAAACACCTTGTACTTT,10002,8,clonotype6,clonotype6_consensus_1
GGAATAAGTCATGCAT-1,True,GGAATAAGTCATGCAT-1_contig_2,True,336,TRA,TRAV9D-2,None,TRAJ26,TRAC,True,False,CVLSRGNNYAQGLTF,TGTGTTCTGAGCAGGGGCAATAACTATGCCCAGGGATTAACCTTC,5520,4,clonotype6,None
GGAATAAGTTCGAATC-1,True,GGAATAAGTTCGAATC-1_contig_1,True,516,TRA,TRAV6-6,None,TRAJ24,TRAC,True,True,CAPLTTASLGKLQF,TGTGCTCCGTTGACAACTGCCAGTTTGGGGAAACTGCAGTTT,1790,2,clonotype2,clonotype2_consensus_2
GGAATAAGTTCGAATC-1,True,GGAATAAGTTCGAATC-1_contig_2,True,512,TRB,TRBV13-1,None,TRBJ2-4,None,True,True,CASSEGTNTLYF,TGTGCCAGCAGTGAAGGAACAAACACCTTGTACTTT,29982,26,clonotype2,clonotype2_consensus_1
GGAATAAGTTCGAATC-1,True,GGAATAAGTTCGAATC-1_contig_3,True,405,TRA,None,None,TRAJ26,TRAC,False,False,None,None,3482,2,clonotype2,None
GGAATAATCCACGCAG-1,True,GGAATAATCCACGCAG-1_contig_1,True,505,TRB,TRBV13-1,None,TRBJ2-3,None,True,True,CASGDSAETLYF,TGTGCCAGCGGGGACAGTGCAGAAACGCTGTATTTT,3072,3,clonotype425,clonotype425_consensus_2
GGAATAATCCACGCAG-1,True,GGAATAATCCACGCAG-1_contig_2,True,518,TRA,TRAV8-1,None,TRAJ30,TRAC,True,True,CATDTNAYKVIF,TGTGCTACTGACACAAATGCTTACAAAGTCATCTTT,9774,6,clonotype425,clonotype425_consensus_1
GGAATAATCCACGCAG-1,True,GGAATAATCCACGCAG-1_contig_3,True,569,TRB,TRBV12-2+TRBV13-2,None,TRBJ1-5,TRBC1,True,True,CASGTGDNQAPLF,TGTGCCAGCGGTACAGGGGATAACCAGGCTCCGCTTTTT,17138,14,clonotype425,clonotype425_consensus_3
GGAATAATCCACGCAG-1,True,GGAATAATCCACGCAG-1_contig_4,True,366,TRB,None,None,TRBJ1-2,TRBC1,False,False,None,None,5358,3,clonotype425,None
GGAATAATCCACGCAG-1,True,GGAATAATCCACGCAG-1_contig_5,True,532,TRA,TRAV12-3,None,TRAJ22,TRAC,True,False,CALDFW,TGTGCTCTGGACTTCTGG,1650,3,clonotype425,None
GGAATAATCGTCCGTT-1,True,GGAATAATCGTCCGTT-1_contig_1,True,489,TRA,TRAV16,None,TRAJ57,None,True,True,CAMRENQGGSAKLIF,TGTGCTATGAGAGAGAATCAAGGAGGGTCTGCGAAGCTCATCTTT,60,1,clonotype426,clonotype426_consensus_2
GGAATAATCGTCCGTT-1,True,GGAATAATCGTCCGTT-1_contig_2,True,571,TRB,TRBV12-2+TRBV13-2,None,TRBJ2-1,None,True,True,CATEAAYAEQFF,TGTGCCACTGAGGCAGCCTATGCTGAGCAGTTCTTC,9078,7,clonotype426,clonotype426_consensus_1
GGAATAATCTTACCGC-1,True,GGAATAATCTTACCGC-1_contig_1,True,516,TRA,TRAV16,None,TRAJ23,TRAC,True,True,CAMREGFYYNQGKLIF,TGTGCTATGAGAGAGGGCTTTTATTATAACCAGGGGAAGCTTATCTTT,1766,1,clonotype181,clonotype181_consensus_1
GGAATAATCTTACCGC-1,True,GGAATAATCTTACCGC-1_contig_2,True,517,TRB,TRBV29,None,TRBJ2-5,None,True,True,CASSPTGPQDTQYF,TGTGCTAGCAGTCCGACAGGGCCCCAAGACACCCAGTACTTT,5446,4,clonotype181,clonotype181_consensus_2
GGAATAATCTTACCGC-1,True,GGAATAATCTTACCGC-1_contig_3,True,586,TRB,None,None,TRBJ1-2,TRBC1,False,False,None,None,4838,3,clonotype181,None
GGACAAGAGCACCGCT-1,True,GGACAAGAGCACCGCT-1_contig_1,True,569,TRA,TRAV19,None,TRAJ39,TRAC,True,True,CAAGGNNAGAKLTF,TGCGCAGCAGGTGGGAATAATGCAGGTGCCAAGCTCACATTC,17790,13,clonotype1,clonotype1_consensus_2
GGACAAGAGCACCGCT-1,True,GGACAAGAGCACCGCT-1_contig_2,True,584,TRB,TRBV12-2+TRBV13-2,None,TRBJ1-2,TRBC1,True,True,CASGGGTGNSDYTF,TGTGCCAGCGGTGGGGGGACAGGGAACTCCGACTACACCTTC,23582,22,clonotype1,clonotype1_consensus_1
GGACAAGAGCACCGCT-1,True,GGACAAGAGCACCGCT-1_contig_3,True,495,TRA,TRAV7-5,None,TRAJ45,TRAC,True,False,CSDTEGADRLTF,TGCAGTGATACAGAAGGTGCAGATAGACTCACCTTT,1470,3,clonotype1,None
GGACAAGAGCACCGCT-1,True,GGACAAGAGCACCGCT-1_contig_4,True,348,TRB,None,None,TRBJ2-1,None,False,False,None,None,5360,4,clonotype1,None
GGACAAGCACTCGACG-1,True,GGACAAGCACTCGACG-1_contig_1,True,558,TRA,TRAV19,None,TRAJ39,TRAC,True,True,CAAGGNNAGAKLTF,TGCGCAGCAGGTGGGAATAATGCAGGTGCCAAGCTCACATTC,5250,7,clonotype1,clonotype1_consensus_2
GGACAAGCACTCGACG-1,True,GGACAAGCACTCGACG-1_contig_2,True,560,TRB,TRBV13-2,None,TRBJ1-2,TRBC1,True,True,CASGGGTGNSDYTF,TGTGCCAGCGGTGGGGGGACAGGGAACTCCGACTACACCTTC,17398,16,clonotype1,clonotype1_consensus_1
GGACAAGCACTCGACG-1,True,GGACAAGCACTCGACG-1_contig_3,True,359,TRB,None,None,TRBJ2-1,None,False,False,None,None,2948,2,clonotype1,None
GGACAAGCATCCAACA-1,True,GGACAAGCATCCAACA-1_contig_1,True,496,TRA,TRAV7-5,None,TRAJ33,TRAC,True,True,CAVDSNYQLIW,TGTGCAGTGGACAGCAACTATCAGTTGATCTGG,14530,9,clonotype67,clonotype67_consensus_2
GGACAAGCATCCAACA-1,True,GGACAAGCATCCAACA-1_contig_2,True,538,TRA,TRAV8-1,None,TRAJ30,TRAC,True,True,CATDTNAYKVIF,TGTGCTACTGACACAAATGCTTACAAAGTCATCTTT,5060,4,clonotype67,clonotype67_consensus_1
GGACAAGCATCCAACA-1,True,GGACAAGCATCCAACA-1_contig_3,True,576,TRB,TRBV12-2+TRBV13-2,None,TRBJ1-5,TRBC1,True,True,CASGTGDNQAPLF,TGTGCCAGCGGTACCGGGGACAACCAGGCTCCGCTTTTT,10636,11,clonotype67,clonotype67_consensus_3
GGACAAGTCTAACTGG-1,True,GGACAAGTCTAACTGG-1_contig_1,True,532,TRA,TRAV13-4-DV7,None,TRAJ58,TRAC,True,True,CAPMQQGTGSKLSF,TGTGCTCCTATGCAGCAAGGCACTGGGTCTAAGCTGTCATTT,11954,12,clonotype18,clonotype18_consensus_2
GGACAAGTCTAACTGG-1,True,GGACAAGTCTAACTGG-1_contig_2,True,525,TRB,TRBV17,None,TRBJ2-5,None,True,True,CASSRKGVQDTQYF,TGTGCTAGCAGTAGAAAGGGGGTCCAAGACACCCAGTACTTT,57324,56,clonotype18,clonotype18_consensus_1
GGACAGAAGATTACCC-1,True,GGACAGAAGATTACCC-1_contig_1,True,522,TRB,TRBV5,None,TRBJ1-5,TRBC1,True,True,CASSQAGENNQAPLF,TGTGCCAGCAGCCAAGCAGGGGAGAACAACCAGGCTCCGCTTTTT,2382,2,clonotype52,clonotype52_consensus_2
GGACAGAAGATTACCC-1,True,GGACAGAAGATTACCC-1_contig_2,True,609,TRA,TRAV12D-3,None,TRAJ26,TRAC,True,True,CALSVNYAQGLTF,TGTGCTCTGAGTGTCAACTATGCCCAGGGATTAACCTTC,3722,2,clonotype52,clonotype52_consensus_1
GGACAGAAGATTACCC-1,True,GGACAGAAGATTACCC-1_contig_3,True,331,TRB,None,None,TRBJ2-1,None,False,False,None,None,2722,1,clonotype52,None
GGACAGAAGCGTTCCG-1,True,GGACAGAAGCGTTCCG-1_contig_1,True,558,TRA,TRAV19,None,TRAJ39,TRAC,True,True,CAAGGNNAGAKLTF,TGCGCAGCAGGTGGGAATAATGCAGGTGCCAAGCTCACATTC,11778,8,clonotype1,clonotype1_consensus_2
GGACAGAAGCGTTCCG-1,True,GGACAGAAGCGTTCCG-1_contig_2,True,571,TRB,TRBV12-2+TRBV13-2,None,TRBJ1-2,TRBC1,True,True,CASGGGTGNSDYTF,TGTGCCAGCGGTGGGGGGACAGGGAACTCCGACTACACCTTC,49430,46,clonotype1,clonotype1_consensus_1
GGACAGAAGCGTTCCG-1,True,GGACAGAAGCGTTCCG-1_contig_3,True,619,TRB,None,None,TRBJ2-7,None,False,False,None,None,2346,2,clonotype1,None
GGACAGAAGCGTTCCG-1,True,GGACAGAAGCGTTCCG-1_contig_4,True,357,TRB,None,None,TRBJ2-1,None,False,False,None,None,6510,3,clonotype1,None
GGACAGAAGGACGAAA-1,True,GGACAGAAGGACGAAA-1_contig_1,True,542,TRA,TRAV8-1,None,TRAJ30,TRAC,True,True,CATDTNAYKVIF,TGTGCTACTGACACAAATGCTTACAAAGTCATCTTT,3472,2,clonotype13,clonotype13_consensus_1
GGACAGAAGGACGAAA-1,True,GGACAGAAGGACGAAA-1_contig_2,True,599,TRB,TRBV12-2+TRBV13-2,None,TRBJ1-5,TRBC1,True,True,CASGTGDNQAPLF,TGTGCCAGCGGGACAGGGGACAACCAGGCTCCGCTTTTT,14616,12,clonotype13,clonotype13_consensus_2
GGACAGAAGGACGAAA-1,True,GGACAGAAGGACGAAA-1_contig_3,True,515,TRB,TRBV10,None,TRBJ2-1,None,True,False,None,None,1222,2,clonotype13,None
GGACAGACAAGCGATG-1,True,GGACAGACAAGCGATG-1_contig_1,True,564,TRB,TRBV12-2+TRBV13-2,None,TRBJ1-5,TRBC1,True,True,CASGTGDNQAPLF,TGTGCCAGCGGGACAGGGGACAACCAGGCTCCGCTTTTT,14842,12,clonotype16,clonotype16_consensus_1
GGACAGACAAGCGATG-1,True,GGACAGACAAGCGATG-1_contig_2,True,335,TRB,None,None,TRBJ2-1,None,False,False,None,None,6442,4,clonotype16,None
GGACAGAGTCTCTCGT-1,True,GGACAGAGTCTCTCGT-1_contig_1,True,717,TRA,TRAV9-4,None,TRAJ39,TRAC,True,True,CAVSSAKLTF,TGTGCTGTGAGCTCCGCCAAGCTCACATTC,1992,3,clonotype427,clonotype427_consensus_3
GGACAGAGTCTCTCGT-1,True,GGACAGAGTCTCTCGT-1_contig_2,True,584,TRA,TRAV19,None,TRAJ48,TRAC,True,True,CAADGNEKITF,TGCGCAGCAGATGGAAATGAGAAAATAACTTTT,5542,4,clonotype427,clonotype427_consensus_1
GGACAGAGTCTCTCGT-1,True,GGACAGAGTCTCTCGT-1_contig_3,True,549,TRB,TRBV16,None,TRBJ2-5,None,True,True,CASSLGGGEDTQYF,TGTGCAAGCAGCTTAGGAGGGGGCGAGGACACCCAGTACTTT,1668,2,clonotype427,clonotype427_consensus_2
GGACAGATCAAAGACA-1,True,GGACAGATCAAAGACA-1_contig_1,True,566,TRA,TRAV3-3,None,TRAJ49,TRAC,True,True,CAVSGSTGYQNFYF,TGCGCAGTCAGTGGGAGCACGGGTTACCAGAACTTCTATTTT,16012,17,clonotype5,clonotype5_consensus_1
GGACAGATCAAAGACA-1,True,GGACAGATCAAAGACA-1_contig_2,True,562,TRB,TRBV12-2+TRBV13-2,None,TRBJ2-7,None,True,True,CASGVQGWEQYF,TGTGCCAGCGGTGTACAGGGGTGGGAACAGTACTTC,25468,22,clonotype5,clonotype5_consensus_2
GGACAGATCAAAGACA-1,True,GGACAGATCAAAGACA-1_contig_3,True,573,TRB,None,None,TRBJ1-1,TRBC1,False,False,None,None,1596,1,clonotype5,None
GGACAGATCAAAGACA-1,True,GGACAGATCAAAGACA-1_contig_4,True,463,TRA,TRAV6D-5,None,TRAJ38,None,True,False,CTTVFWDNVGDNSKLIW,TGTACTACTGTGTTCTGGGATAATGTTGGTGACAACAGTAAGCTGATTTGG,1108,1,clonotype5,None
GGACAGATCTGGGCCA-1,True,GGACAGATCTGGGCCA-1_contig_1,True,555,TRA,TRAV3-3,None,TRAJ49,TRAC,True,True,CAVSGATGYQNFYF,TGCGCAGTCAGTGGGGCCACGGGTTACCAGAACTTCTATTTT,6584,7,clonotype43,clonotype43_consensus_1
GGACAGATCTGGGCCA-1,True,GGACAGATCTGGGCCA-1_contig_2,True,563,TRB,TRBV12-2+TRBV13-2,None,TRBJ2-7,None,True,True,CASGVQGGEQYF,TGTGCCAGCGGTGTGCAGGGGGGAGAACAGTACTTC,58506,63,clonotype43,clonotype43_consensus_2
GGACAGATCTGGGCCA-1,True,GGACAGATCTGGGCCA-1_contig_3,True,686,TRA,None,None,TRAJ26,TRAC,False,False,None,None,1376,2,clonotype43,None
GGACAGATCTGGGCCA-1,True,GGACAGATCTGGGCCA-1_contig_4,True,418,TRB,None,None,TRBJ1-5,TRBC1,False,False,None,None,2662,3,clonotype43,None
GGACAGATCTGGGCCA-1,True,GGACAGATCTGGGCCA-1_contig_5,True,616,TRA,TRAV5-4,None,TRAJ37,TRAC,True,False,None,None,6228,4,clonotype43,None
GGACATTAGCTCCCAG-1,True,GGACATTAGCTCCCAG-1_contig_1,True,549,TRB,TRBV16,None,TRBJ2-5,None,True,True,CASSLGGGQDTQYF,TGTGCAAGCAGCTTAGGGGGGGGCCAAGACACCCAGTACTTT,8570,7,clonotype8,clonotype8_consensus_1
GGACATTAGCTCCCAG-1,True,GGACATTAGCTCCCAG-1_contig_2,True,562,TRA,TRAV4D-3,None,TRAJ27,TRAC,True,True,CAADGPNTGKLTF,TGTGCTGCGGACGGACCCAATACAGGCAAATTAACCTTT,23180,15,clonotype8,clonotype8_consensus_2
GGACATTAGCTCCCAG-1,True,GGACATTAGCTCCCAG-1_contig_3,True,525,TRA,TRAV7N-6,None,TRAJ30,TRAC,True,True,CAVVDTNAYKVIF,TGTGCAGTGGTTGACACAAATGCTTACAAAGTCATCTTT,5250,5,clonotype8,clonotype8_consensus_3
GGACATTGTAGCGTGA-1,True,GGACATTGTAGCGTGA-1_contig_1,True,550,TRA,TRAV6-6,None,TRAJ24,TRAC,True,True,CAPLTTASLGKLQF,TGTGCTCCGTTGACAACTGCCAGTTTGGGGAAACTGCAGTTT,17922,11,clonotype3,clonotype3_consensus_2
GGACATTGTAGCGTGA-1,True,GGACATTGTAGCGTGA-1_contig_2,True,512,TRB,TRBV13-1,None,TRBJ2-4,None,True,True,CASSEGTNTLYF,TGTGCCAGCAGTGAAGGAACAAACACCTTGTACTTT,28190,30,clonotype3,clonotype3_consensus_1
GGACATTGTAGCGTGA-1,True,GGACATTGTAGCGTGA-1_contig_3,True,732,TRA,TRAV9D-2,None,TRAJ26,TRAC,True,True,CVLSRGNNYAQGLTF,TGTGTTCTGAGCAGGGGCAATAACTATGCCCAGGGATTAACCTTC,9476,6,clonotype3,clonotype3_consensus_3
GGACATTGTAGCGTGA-1,True,GGACATTGTAGCGTGA-1_contig_4,True,308,TRA,None,None,TRAJ18,TRAC,False,False,None,None,2072,1,clonotype3,None
GGACATTGTTCCATGA-1,True,GGACATTGTTCCATGA-1_contig_1,True,558,TRA,TRAV19,None,TRAJ39,TRAC,True,True,CAAGGNNAGAKLTF,TGCGCAGCAGGTGGGAATAATGCAGGTGCCAAGCTCACATTC,13660,9,clonotype1,clonotype1_consensus_2
GGACATTGTTCCATGA-1,True,GGACATTGTTCCATGA-1_contig_2,True,575,TRB,TRBV12-2+TRBV13-2,None,TRBJ1-2,TRBC1,True,True,CASGGGTGNSDYTF,TGTGCCAGCGGTGGGGGGACAGGGAACTCCGACTACACCTTC,45922,37,clonotype1,clonotype1_consensus_1
GGACATTGTTCCATGA-1,True,GGACATTGTTCCATGA-1_contig_3,True,507,TRA,TRAV7-5,None,TRAJ45,TRAC,True,False,CSDTEGADRLTF,TGCAGTGATACAGAAGGTGCAGATAGACTCACCTTT,1616,2,clonotype1,None
GGACATTGTTCCATGA-1,True,GGACATTGTTCCATGA-1_contig_4,True,352,TRB,None,None,TRBJ2-3,None,False,False,None,None,2702,1,clonotype1,None
GGACATTTCAATCACG-1,True,GGACATTTCAATCACG-1_contig_1,True,512,TRB,TRBV26,None,TRBJ2-5,None,True,True,CASSRGTDTQYF,TGTGCCAGCAGCCGCGGGACCGACACCCAGTACTTT,6944,7,clonotype42,clonotype42_consensus_1
GGACATTTCAATCACG-1,True,GGACATTTCAATCACG-1_contig_2,True,575,TRA,TRAV12-2,None,TRAJ37,TRAC,True,True,CALSPQTGNTGKLIF,TGTGCTTTGAGCCCCCAAACAGGCAATACCGGAAAACTCATCTTT,4410,2,clonotype42,clonotype42_consensus_2
GGACATTTCAGCGATT-1,True,GGACATTTCAGCGATT-1_contig_1,True,529,TRA,TRAV19,None,TRAJ39,TRAC,True,True,CAAGGNNAGAKLTF,TGCGCAGCAGGTGGGAATAATGCAGGTGCCAAGCTCACATTC,290,3,clonotype1,clonotype1_consensus_2
GGACATTTCAGCGATT-1,True,GGACATTTCAGCGATT-1_contig_2,True,611,TRB,TRBV12-2+TRBV13-2,None,TRBJ1-2,TRBC1,True,True,CASGGGTGNSDYTF,TGTGCCAGCGGTGGGGGGACAGGGAACTCCGACTACACCTTC,7340,5,clonotype1,clonotype1_consensus_1
GGACATTTCAGCGATT-1,True,GGACATTTCAGCGATT-1_contig_3,True,434,TRB,None,None,TRBJ2-7,None,False,False,None,None,322,1,clonotype1,None
GGACATTTCTCAAGTG-1,True,GGACATTTCTCAAGTG-1_contig_1,True,518,TRA,TRAV8-1,None,TRAJ30,TRAC,True,True,CASDTNAYKVIF,TGTGCTTCTGACACAAATGCTTACAAAGTCATCTTT,9940,6,clonotype23,clonotype23_consensus_2
GGACATTTCTCAAGTG-1,True,GGACATTTCTCAAGTG-1_contig_2,True,542,TRB,TRBV13-2,None,TRBJ1-5,TRBC1,True,True,CASGTGDNQAPLF,TGTGCCAGCGGGACAGGGGACAACCAGGCTCCGCTTTTT,8448,6,clonotype23,clonotype23_consensus_1
GGACATTTCTCAAGTG-1,True,GGACATTTCTCAAGTG-1_contig_3,True,356,TRB,None,None,TRBJ2-1,None,False,False,None,None,1484,1,clonotype23,None
GGACGTCAGTCGATAA-1,True,GGACGTCAGTCGATAA-1_contig_1,True,609,TRA,TRAV14N-3,None,TRAJ6,TRAC,True,True,CAARTSGGNYKPTF,TGTGCAGCAAGAACCTCAGGAGGAAACTACAAACCTACGTTT,12634,7,clonotype4,clonotype4_consensus_2
GGACGTCAGTCGATAA-1,True,GGACGTCAGTCGATAA-1_contig_2,True,549,TRA,TRAV8N-2,None,TRAJ13,TRAC,True,True,CATEDSGTYQRF,TGTGCTACTGAGGATTCTGGGACTTACCAGAGGTTT,25398,17,clonotype4,clonotype4_consensus_1
GGACGTCAGTCGATAA-1,True,GGACGTCAGTCGATAA-1_contig_3,True,566,TRB,TRBV12-2+TRBV13-2,None,TRBJ2-7,None,True,True,CASGTGGDYEQYF,TGTGCCAGCGGGACTGGGGGGGACTATGAACAGTACTTC,16686,15,clonotype4,clonotype4_consensus_3
GGACGTCCACGGCTAC-1,True,GGACGTCCACGGCTAC-1_contig_1,True,596,TRA,TRAV14N-3,None,TRAJ6,TRAC,True,True,CAARTSGGNYKPTF,TGTGCAGCAAGAACCTCAGGAGGAAACTACAAACCTACGTTT,3438,3,clonotype47,clonotype47_consensus_1
GGACGTCCACGGCTAC-1,True,GGACGTCCACGGCTAC-1_contig_2,True,564,TRB,TRBV12-2+TRBV13-2,None,TRBJ2-7,None,True,True,CASGTGGDYEQYF,TGTGCCAGCGGGACTGGGGGGGACTATGAACAGTACTTC,1690,2,clonotype47,clonotype47_consensus_2
GGACGTCGTGGGTCAA-1,True,GGACGTCGTGGGTCAA-1_contig_1,True,549,TRB,TRBV16,None,TRBJ2-5,None,True,True,CASSFGGGQDTQYF,TGTGCAAGCAGCTTCGGGGGGGGCCAAGACACCCAGTACTTT,24946,28,clonotype428,clonotype428_consensus_1
GGACGTCGTGGGTCAA-1,True,GGACGTCGTGGGTCAA-1_contig_2,True,593,TRA,TRAV12D-2,None,TRAJ22,TRAC,True,True,CALSSLSSGSWQLIF,TGTGCTTTGAGTTCCCTATCTTCTGGCAGCTGGCAACTCATCTTT,12168,9,clonotype428,clonotype428_consensus_2
GGACGTCTCAGCTTAG-1,True,GGACGTCTCAGCTTAG-1_contig_1,True,551,TRA,TRAV6-6,None,TRAJ24,TRAC,True,True,CAPLTTASLGKLQF,TGTGCTCCGTTGACAACTGCCAGTTTGGGGAAACTGCAGTTT,3640,4,clonotype2,clonotype2_consensus_2
GGACGTCTCAGCTTAG-1,True,GGACGTCTCAGCTTAG-1_contig_2,True,505,TRB,TRBV13-1,None,TRBJ2-4,None,True,True,CASSEGTNTLYF,TGTGCCAGCAGTGAAGGAACAAACACCTTGTACTTT,29198,24,clonotype2,clonotype2_consensus_1
GGAGCAAAGGCTATCT-1,True,GGAGCAAAGGCTATCT-1_contig_1,True,541,TRB,TRBV13-3,None,TRBJ2-1,None,True,True,CASSDRGWYAEQFF,TGTGCCAGCAGTGACCGGGGATGGTATGCTGAGCAGTTCTTC,4614,5,clonotype140,clonotype140_consensus_1
GGAGCAAAGGCTATCT-1,True,GGAGCAAAGGCTATCT-1_contig_2,True,629,TRA,TRAV7-1,None,TRAJ31,TRAC,True,True,CAVSEGSNNRIFF,TGTGCAGTGAGCGAGGGAAGCAATAACAGAATCTTCTTT,3116,3,clonotype140,clonotype140_consensus_2
GGAGCAAAGGCTATCT-1,True,GGAGCAAAGGCTATCT-1_contig_3,True,634,TRA,TRAV9D-4,None,TRAJ37,TRAC,True,False,None,None,8282,4,clonotype140,None
GGAGCAAAGTATTGGA-1,True,GGAGCAAAGTATTGGA-1_contig_1,True,558,TRA,TRAV19,None,TRAJ39,TRAC,True,True,CAAGGNNAGAKLTF,TGCGCAGCAGGTGGGAATAATGCAGGTGCCAAGCTCACATTC,5178,4,clonotype1,clonotype1_consensus_2
GGAGCAAAGTATTGGA-1,True,GGAGCAAAGTATTGGA-1_contig_2,True,567,TRB,TRBV12-2+TRBV13-2,None,TRBJ1-2,TRBC1,True,True,CASGGGTGNSDYTF,TGTGCCAGCGGTGGGGGGACAGGGAACTCCGACTACACCTTC,5308,5,clonotype1,clonotype1_consensus_1
GGAGCAAAGTCTTGCA-1,True,GGAGCAAAGTCTTGCA-1_contig_1,True,553,TRA,TRAV19,None,TRAJ39,TRAC,True,True,CAAGGNNAGAKLTF,TGCGCAGCAGGTGGGAATAATGCAGGTGCCAAGCTCACATTC,5084,3,clonotype1,clonotype1_consensus_2
GGAGCAAAGTCTTGCA-1,True,GGAGCAAAGTCTTGCA-1_contig_2,True,568,TRB,TRBV12-2+TRBV13-2,None,TRBJ1-2,TRBC1,True,True,CASGGGTGNSDYTF,TGTGCCAGCGGTGGGGGGACAGGGAACTCCGACTACACCTTC,4584,4,clonotype1,clonotype1_consensus_1
GGAGCAACACGTCTCT-1,True,GGAGCAACACGTCTCT-1_contig_1,True,564,TRA,TRAV3D-3,None,TRAJ30,TRAC,True,True,CAVRADTNAYKVIF,TGCGCAGTCAGGGCTGACACAAATGCTTACAAAGTCATCTTT,6142,5,clonotype194,clonotype194_consensus_2
GGAGCAACACGTCTCT-1,True,GGAGCAACACGTCTCT-1_contig_2,True,585,TRB,TRBV12-2+TRBV13-2,None,TRBJ2-1,None,True,True,CASAGGDYAEQFF,TGTGCCAGCGCGGGGGGGGACTATGCTGAGCAGTTCTTC,2460,2,clonotype194,clonotype194_consensus_1
GGAGCAACACGTCTCT-1,True,GGAGCAACACGTCTCT-1_contig_3,True,712,TRA,None,None,TRAJ24,None,False,False,None,None,574,1,clonotype194,None
GGAGCAACATCACGTA-1,True,GGAGCAACATCACGTA-1_contig_1,True,569,TRA,TRAV19,None,TRAJ39,TRAC,True,True,CAAGGNNAGAKLTF,TGCGCAGCAGGTGGGAATAATGCAGGTGCCAAGCTCACATTC,1726,1,clonotype1,clonotype1_consensus_2
GGAGCAACATCACGTA-1,True,GGAGCAACATCACGTA-1_contig_2,True,582,TRB,TRBV12-2+TRBV13-2,None,TRBJ1-2,TRBC1,True,True,CASGGGTGNSDYTF,TGTGCCAGCGGTGGGGGGACAGGGAACTCCGACTACACCTTC,9290,9,clonotype1,clonotype1_consensus_1
GGAGCAACATCACGTA-1,True,GGAGCAACATCACGTA-1_contig_3,True,350,TRB,None,None,TRBJ2-1,None,False,False,None,None,4872,4,clonotype1,None
GGAGCAACATCACGTA-1,True,GGAGCAACATCACGTA-1_contig_4,True,411,TRB,None,None,TRBJ1-3,TRBC1,False,False,None,None,1624,1,clonotype1,None
GGAGCAAGTCGCATCG-1,True,GGAGCAAGTCGCATCG-1_contig_1,True,556,TRA,TRAV19,None,TRAJ39,TRAC,True,True,CAAGGNNAGAKLTF,TGCGCAGCAGGTGGGAATAATGCAGGTGCCAAGCTCACATTC,8754,6,clonotype1,clonotype1_consensus_2
GGAGCAAGTCGCATCG-1,True,GGAGCAAGTCGCATCG-1_contig_2,True,592,TRB,TRBV12-2+TRBV13-2,None,TRBJ1-2,TRBC1,True,True,CASGGGTGNSDYTF,TGTGCCAGCGGTGGGGGGACAGGGAACTCCGACTACACCTTC,6016,6,clonotype1,clonotype1_consensus_1
GGAGCAAGTGTGTGCC-1,True,GGAGCAAGTGTGTGCC-1_contig_1,True,620,TRA,TRAV14N-3,None,TRAJ6,TRAC,True,True,CAARTSGGNYKPTF,TGTGCAGCAAGAACCTCAGGAGGAAACTACAAACCTACGTTT,6422,3,clonotype4,clonotype4_consensus_2
GGAGCAAGTGTGTGCC-1,True,GGAGCAAGTGTGTGCC-1_contig_2,True,549,TRA,TRAV8N-2,None,TRAJ13,TRAC,True,True,CATEDSGTYQRF,TGTGCTACTGAGGATTCTGGGACTTACCAGAGGTTT,14758,9,clonotype4,clonotype4_consensus_1
GGAGCAAGTGTGTGCC-1,True,GGAGCAAGTGTGTGCC-1_contig_3,True,564,TRB,TRBV12-2+TRBV13-2,None,TRBJ2-7,None,True,True,CASGTGGDYEQYF,TGTGCCAGCGGGACTGGGGGGGACTATGAACAGTACTTC,5704,6,clonotype4,clonotype4_consensus_3
GGAGCAATCATGCAAC-1,True,GGAGCAATCATGCAAC-1_contig_1,True,549,TRB,TRBV16,None,TRBJ2-5,None,True,True,CASSLGGGQDTQYF,TGTGCAAGCAGCTTAGGGGGGGGGCAAGACACCCAGTACTTT,8468,6,clonotype11,clonotype11_consensus_2
GGAGCAATCATGCAAC-1,True,GGAGCAATCATGCAAC-1_contig_2,True,559,TRA,TRAV4D-3,None,TRAJ27,TRAC,True,True,CAADGPNTGKLTF,TGTGCTGCTGACGGGCCCAATACAGGCAAATTAACCTTT,764,1,clonotype11,clonotype11_consensus_1
GGAGCAATCATGCAAC-1,True,GGAGCAATCATGCAAC-1_contig_3,True,595,TRA,TRAV7-4,None,TRAJ31,TRAC,True,False,None,None,2538,1,clonotype11,None
GGAGCAATCTTGAGGT-1,True,GGAGCAATCTTGAGGT-1_contig_1,True,549,TRA,TRAV8N-2,None,TRAJ13,TRAC,True,True,CATEDSGTYQRF,TGTGCTACTGAGGATTCTGGGACTTACCAGAGGTTT,3072,4,clonotype36,clonotype36_consensus_1
GGAGCAATCTTGAGGT-1,True,GGAGCAATCTTGAGGT-1_contig_2,True,596,TRB,TRBV12-2+TRBV13-2,None,TRBJ2-7,None,True,True,CASGTGGDYEQYF,TGTGCCAGCGGGACTGGGGGGGACTATGAACAGTACTTC,15298,13,clonotype36,clonotype36_consensus_2
GGATGTTAGCTAACTC-1,True,GGATGTTAGCTAACTC-1_contig_1,True,562,TRA,TRAV14D-1,None,TRAJ22,TRAC,True,True,CAASASSGSWQLIF,TGTGCAGCAAGTGCGTCTTCTGGCAGCTGGCAACTCATCTTT,8196,6,clonotype56,clonotype56_consensus_1
GGATGTTAGCTAACTC-1,True,GGATGTTAGCTAACTC-1_contig_2,True,517,TRB,TRBV14,None,TRBJ2-5,None,True,True,CASSPGTDDTQYF,TGTGCCAGCAGTCCCGGGACAGATGACACCCAGTACTTT,9984,7,clonotype56,clonotype56_consensus_2
GGATGTTCAGCTGTGC-1,True,GGATGTTCAGCTGTGC-1_contig_1,True,560,TRA,TRAV3-3,None,TRAJ31,TRAC,True,True,CAVSAGNNRIFF,TGCGCAGTCAGTGCAGGCAATAACAGAATCTTCTTT,5624,4,clonotype34,clonotype34_consensus_2
GGATGTTCAGCTGTGC-1,True,GGATGTTCAGCTGTGC-1_contig_2,True,508,TRB,TRBV13-1,None,TRBJ2-3,None,True,True,CASEGQGAETLYF,TGTGCCAGCGAGGGACAGGGTGCAGAAACGCTGTATTTT,1158,1,clonotype34,clonotype34_consensus_1
GGATGTTCAGCTGTGC-1,True,GGATGTTCAGCTGTGC-1_contig_3,True,500,TRA,TRAV21-DV12,None,TRAJ48,TRAC,True,False,None,None,2718,1,clonotype34,None
GGATGTTGTACAGCAG-1,True,GGATGTTGTACAGCAG-1_contig_1,True,517,TRA,TRAV6-6,None,TRAJ24,TRAC,True,True,CAPLTTASLGKLQF,TGTGCTCCGTTGACAACTGCCAGTTTGGGGAAACTGCAGTTT,2184,1,clonotype2,clonotype2_consensus_2
GGATGTTGTACAGCAG-1,True,GGATGTTGTACAGCAG-1_contig_2,True,505,TRB,TRBV13-1,None,TRBJ2-4,None,True,True,CASSEGTNTLYF,TGTGCCAGCAGTGAAGGAACAAACACCTTGTACTTT,4930,3,clonotype2,clonotype2_consensus_1
GGATGTTGTACGCACC-1,True,GGATGTTGTACGCACC-1_contig_1,True,549,TRB,TRBV16,None,TRBJ2-5,None,True,True,CASSLGGGSDTQYF,TGTGCAAGCAGCTTAGGTGGGGGGAGTGACACCCAGTACTTT,6446,4,clonotype429,clonotype429_consensus_1
GGATGTTGTACGCACC-1,True,GGATGTTGTACGCACC-1_contig_2,True,519,TRA,TRAV6-6,None,TRAJ30,TRAC,True,True,CALGEDTNAYKVIF,TGTGCTCTGGGTGAAGACACAAATGCTTACAAAGTCATCTTT,2104,1,clonotype429,clonotype429_consensus_2
GGATGTTTCTTGCCGT-1,True,GGATGTTTCTTGCCGT-1_contig_1,True,555,TRA,TRAV7-3,None,TRAJ38,TRAC,True,True,CAVSAANVGDNSKLIW,TGTGCAGTGAGCGCGGCGAATGTTGGTGACAACAGTAAGCTGATTTGG,4572,3,clonotype49,clonotype49_consensus_2
GGATGTTTCTTGCCGT-1,True,GGATGTTTCTTGCCGT-1_contig_2,True,505,TRB,TRBV13-1,None,TRBJ2-7,None,True,True,CASSGGHLEQYF,TGTGCCAGCAGTGGGGGACACCTTGAACAGTACTTC,9420,9,clonotype49,clonotype49_consensus_1
GGATTACAGATCTGCT-1,True,GGATTACAGATCTGCT-1_contig_1,True,517,TRA,TRAV6-6,None,TRAJ24,TRAC,True,True,CAPLTTASLGKLQF,TGTGCTCCGTTGACAACTGCCAGTTTGGGGAAACTGCAGTTT,5756,4,clonotype3,clonotype3_consensus_2
GGATTACAGATCTGCT-1,True,GGATTACAGATCTGCT-1_contig_2,True,505,TRB,TRBV13-1,None,TRBJ2-4,None,True,True,CASSEGTNTLYF,TGTGCCAGCAGTGAAGGAACAAACACCTTGTACTTT,15106,14,clonotype3,clonotype3_consensus_1
GGATTACAGATCTGCT-1,True,GGATTACAGATCTGCT-1_contig_3,True,703,TRA,TRAV9D-2,None,TRAJ26,TRAC,True,True,CVLSRGNNYAQGLTF,TGTGTTCTGAGCAGGGGCAATAACTATGCCCAGGGATTAACCTTC,3114,2,clonotype3,clonotype3_consensus_3
GGATTACCAGTTAACC-1,True,GGATTACCAGTTAACC-1_contig_1,True,549,TRB,TRBV16,None,TRBJ2-5,None,True,True,CASSLGGGQDTQYF,TGTGCAAGCAGCTTAGGGGGGGGCCAAGACACCCAGTACTTT,1638,2,clonotype430,clonotype430_consensus_1
GGATTACCAGTTAACC-1,True,GGATTACCAGTTAACC-1_contig_2,True,562,TRA,TRAV14D-1,None,TRAJ27,TRAC,True,True,CAQNPPSNTGKLTF,TGTGCACAAAATCCCCCATCCAATACAGGCAAATTAACCTTT,4242,2,clonotype430,clonotype430_consensus_2
GGATTACCAGTTAACC-1,True,GGATTACCAGTTAACC-1_contig_3,True,531,TRA,TRAV4D-3,None,TRAJ27,TRAC,True,True,CAADGPNTGKLTF,TGTGCTGCGGACGGACCCAATACAGGCAAATTAACCTTT,6984,6,clonotype430,clonotype430_consensus_3
GGATTACGTGACCAAG-1,True,GGATTACGTGACCAAG-1_contig_1,True,505,TRB,TRBV13-1,None,TRBJ2-4,None,True,True,CASSEGTNTLYF,TGTGCCAGCAGTGAAGGAACAAACACCTTGTACTTT,9666,9,clonotype6,clonotype6_consensus_1
GGATTACGTGACCAAG-1,True,GGATTACGTGACCAAG-1_contig_2,True,558,TRA,TRAV9D-2,None,TRAJ25,TRAC,True,False,CVLSRGNNYAQGLTF,TGTGTTCTGAGCAGGGGCAATAACTATGCCCAGGGATTAACCTTC,10204,6,clonotype6,None
GGATTACGTGCCTGCA-1,True,GGATTACGTGCCTGCA-1_contig_1,True,518,TRA,TRAV6-6,None,TRAJ24,TRAC,True,True,CAPLTTASLGKLQF,TGTGCTCCGTTGACAACTGCCAGTTTGGGGAAACTGCAGTTT,12704,7,clonotype3,clonotype3_consensus_2
GGATTACGTGCCTGCA-1,True,GGATTACGTGCCTGCA-1_contig_2,True,505,TRB,TRBV13-1,None,TRBJ2-4,None,True,True,CASSEGTNTLYF,TGTGCCAGCAGTGAAGGAACAAACACCTTGTACTTT,29854,25,clonotype3,clonotype3_consensus_1
GGATTACGTGCCTGCA-1,True,GGATTACGTGCCTGCA-1_contig_3,True,726,TRA,TRAV9D-2,None,TRAJ26,TRAC,True,True,CVLSRGNNYAQGLTF,TGTGTTCTGAGCAGGGGCAATAACTATGCCCAGGGATTAACCTTC,20872,11,clonotype3,clonotype3_consensus_3
GGATTACGTGCCTGCA-1,True,GGATTACGTGCCTGCA-1_contig_4,True,440,TRB,None,None,TRBJ2-7,None,False,False,None,None,3982,2,clonotype3,None
GGATTACTCAGCACAT-1,True,GGATTACTCAGCACAT-1_contig_1,True,546,TRA,TRAV6N-7,None,TRAJ49,TRAC,True,True,CALGDDTGYQNFYF,TGTGCTCTGGGTGATGACACGGGTTACCAGAACTTCTATTTT,6598,6,clonotype431,clonotype431_consensus_1
GGATTACTCAGCACAT-1,True,GGATTACTCAGCACAT-1_contig_2,True,570,TRB,TRBV20,None,TRBJ2-5,None,True,True,CGARGGRDTQYF,TGTGGTGCTAGGGGGGGCCGAGACACCCAGTACTTT,26022,14,clonotype431,clonotype431_consensus_2
GGATTACTCAGCACAT-1,True,GGATTACTCAGCACAT-1_contig_3,True,632,TRB,None,None,TRBJ1-2,TRBC1,False,False,None,None,7642,6,clonotype431,None
GGATTACTCGGCCGAT-1,True,GGATTACTCGGCCGAT-1_contig_1,True,525,TRA,TRAV14N-3,None,TRAJ6,TRAC,True,True,CAARSSGGNYKPTF,TGTGCAGCAAGGTCCTCAGGAGGAAACTACAAACCTACGTTT,6738,3,clonotype98,clonotype98_consensus_3
GGATTACTCGGCCGAT-1,True,GGATTACTCGGCCGAT-1_contig_2,True,522,TRB,TRBV31,None,TRBJ2-3,None,True,True,CAWSLLLGGSAETLYF,TGTGCCTGGAGTCTACTCCTGGGGGGAAGTGCAGAAACGCTGTATTTT,20334,10,clonotype98,clonotype98_consensus_1
GGATTACTCGGCCGAT-1,True,GGATTACTCGGCCGAT-1_contig_3,True,565,TRB,TRBV12-2+TRBV13-2,None,TRBJ2-7,None,True,True,CASGTGGDYEQYF,TGTGCCAGCGGGACTGGGGGGGATTATGAACAGTACTTC,6574,8,clonotype98,clonotype98_consensus_2
GGCAATTAGGTGCAAC-1,True,GGCAATTAGGTGCAAC-1_contig_1,True,549,TRB,TRBV16,None,TRBJ2-5,None,True,True,CASSLGGGQDTQYF,TGTGCAAGCAGCTTAGGGGGGGGCCAAGACACCCAGTACTTT,5632,4,clonotype8,clonotype8_consensus_1
GGCAATTAGGTGCAAC-1,True,GGCAATTAGGTGCAAC-1_contig_2,True,570,TRA,TRAV4D-3,None,TRAJ27,TRAC,True,True,CAADGPNTGKLTF,TGTGCTGCGGACGGACCCAATACAGGCAAATTAACCTTT,24026,12,clonotype8,clonotype8_consensus_2
GGCAATTAGGTGCAAC-1,True,GGCAATTAGGTGCAAC-1_contig_3,True,504,TRA,TRAV7N-6,None,TRAJ30,TRAC,True,True,CAVVDTNAYKVIF,TGTGCAGTGGTTGACACAAATGCTTACAAAGTCATCTTT,7140,3,clonotype8,clonotype8_consensus_3
GGCAATTAGGTGCAAC-1,True,GGCAATTAGGTGCAAC-1_contig_4,True,370,TRB,None,None,TRBJ1-6,TRBC1,False,False,None,None,3688,2,clonotype8,None
GGCAATTCAGGGAGAG-1,True,GGCAATTCAGGGAGAG-1_contig_1,True,558,TRA,TRAV19,None,TRAJ39,TRAC,True,True,CAAGGNNAGAKLTF,TGCGCAGCAGGAGGGAATAATGCAGGTGCCAAGCTCACATTC,5412,4,clonotype432,clonotype432_consensus_2
GGCAATTCAGGGAGAG-1,True,GGCAATTCAGGGAGAG-1_contig_2,True,507,TRA,TRAV21-DV12,None,TRAJ48,TRAC,True,True,CILRARGPGNEKITF,TGTATCCTGAGAGCGAGGGGGCCAGGAAATGAGAAAATAACTTTT,4766,4,clonotype432,clonotype432_consensus_1
GGCAATTCAGGGAGAG-1,True,GGCAATTCAGGGAGAG-1_contig_3,True,405,TRB,None,None,TRBJ2-7,None,False,False,None,None,2764,4,clonotype432,None
GGCAATTCAGGGAGAG-1,True,GGCAATTCAGGGAGAG-1_contig_4,True,414,TRB,None,None,TRBJ2-3,None,False,False,None,None,1342,1,clonotype432,None
GGCAATTGTCTCATCC-1,True,GGCAATTGTCTCATCC-1_contig_1,True,570,TRA,TRAV14N-3,None,TRAJ6,TRAC,True,True,CAARTSGGNYKPTF,TGTGCAGCAAGAACCTCAGGAGGAAACTACAAACCTACGTTT,5144,4,clonotype4,clonotype4_consensus_2
GGCAATTGTCTCATCC-1,True,GGCAATTGTCTCATCC-1_contig_2,True,549,TRA,TRAV8N-2,None,TRAJ13,TRAC,True,True,CATEDSGTYQRF,TGTGCTACTGAGGATTCTGGGACTTACCAGAGGTTT,8442,6,clonotype4,clonotype4_consensus_1
GGCAATTGTCTCATCC-1,True,GGCAATTGTCTCATCC-1_contig_3,True,563,TRB,TRBV12-2+TRBV13-2,None,TRBJ2-7,None,True,True,CASGTGGDYEQYF,TGTGCCAGCGGGACTGGGGGGGACTATGAACAGTACTTC,7878,10,clonotype4,clonotype4_consensus_3
GGCAATTGTGCAGGTA-1,True,GGCAATTGTGCAGGTA-1_contig_1,True,516,TRA,TRAV6-6,None,TRAJ24,TRAC,True,True,CAPLTTASLGKLQF,TGTGCTCCGTTGACAACTGCCAGTTTGGGGAAACTGCAGTTT,3176,4,clonotype2,clonotype2_consensus_2
GGCAATTGTGCAGGTA-1,True,GGCAATTGTGCAGGTA-1_contig_2,True,512,TRB,TRBV13-1,None,TRBJ2-4,None,True,True,CASSEGTNTLYF,TGTGCCAGCAGTGAAGGAACAAACACCTTGTACTTT,8098,9,clonotype2,clonotype2_consensus_1
GGCCGATAGCTTATCG-1,True,GGCCGATAGCTTATCG-1_contig_1,True,544,TRA,TRAV8D-1,None,TRAJ12,TRAC,True,True,CATDGTGGYKVVF,TGTGCTACTGACGGGACTGGAGGCTATAAAGTGGTCTTT,5940,3,clonotype433,clonotype433_consensus_2
GGCCGATAGCTTATCG-1,True,GGCCGATAGCTTATCG-1_contig_2,True,561,TRB,TRBV12-2+TRBV13-2,None,TRBJ2-1,None,True,True,CASGTGDYAEQFF,TGTGCCAGCGGTACAGGGGACTATGCTGAGCAGTTCTTC,1408,2,clonotype433,clonotype433_consensus_1
GGCCGATAGCTTATCG-1,True,GGCCGATAGCTTATCG-1_contig_3,True,546,TRA,TRAV13N-1,None,TRAJ27,TRAC,True,False,None,None,1666,1,clonotype433,None
GGCCGATAGTCTCAAC-1,True,GGCCGATAGTCTCAAC-1_contig_1,True,495,TRA,TRAV8-1,None,TRAJ30,TRAC,True,True,CATDTNAYKVIF,TGTGCTACTGACACAAATGCTTACAAAGTCATCTTT,2928,2,clonotype13,clonotype13_consensus_1
GGCCGATAGTCTCAAC-1,True,GGCCGATAGTCTCAAC-1_contig_2,True,590,TRB,TRBV12-2+TRBV13-2,None,TRBJ1-5,TRBC1,True,True,CASGTGDNQAPLF,TGTGCCAGCGGGACAGGGGACAACCAGGCTCCGCTTTTT,4764,4,clonotype13,clonotype13_consensus_2
GGCCGATAGTCTCAAC-1,True,GGCCGATAGTCTCAAC-1_contig_3,True,653,TRB,TRBV10,None,TRBJ2-1,None,True,False,None,None,3144,2,clonotype13,None
GGCCGATCAGAGTGTG-1,True,GGCCGATCAGAGTGTG-1_contig_1,True,549,TRB,TRBV16,None,TRBJ2-5,None,True,True,CASSLGGGQDTQYF,TGTGCAAGCAGCTTAGGGGGGGGCCAAGACACCCAGTACTTT,2484,3,clonotype15,clonotype15_consensus_1
GGCCGATCAGAGTGTG-1,True,GGCCGATCAGAGTGTG-1_contig_2,True,546,TRA,TRAV4D-3,None,TRAJ27,TRAC,True,True,CAADGPNTGKLTF,TGTGCTGCGGACGGACCCAATACAGGCAAATTAACCTTT,432,4,clonotype15,clonotype15_consensus_2
GGCCGATCAGAGTGTG-1,True,GGCCGATCAGAGTGTG-1_contig_3,True,379,TRB,None,None,TRBJ1-6,TRBC1,False,False,None,None,1526,1,clonotype15,None
GGCCGATCATGGTCAT-1,True,GGCCGATCATGGTCAT-1_contig_1,True,541,TRA,TRAV8D-1,None,TRAJ30,TRAC,True,True,CALDTNAYKVIF,TGTGCCCTCGACACAAATGCTTACAAAGTCATCTTT,4698,3,clonotype48,clonotype48_consensus_2
GGCCGATCATGGTCAT-1,True,GGCCGATCATGGTCAT-1_contig_2,True,565,TRB,TRBV12-2+TRBV13-2,None,TRBJ2-1,None,True,True,CASGTGDYAEQFF,TGTGCCAGCGGGACTGGGGACTATGCTGAGCAGTTCTTC,9252,11,clonotype48,clonotype48_consensus_1
GGCCGATGTAGAGCTG-1,True,GGCCGATGTAGAGCTG-1_contig_1,True,538,TRA,TRAV19,None,TRAJ39,TRAC,True,True,CAAGGNNAGAKLTF,TGCGCAGCAGGTGGGAATAATGCAGGTGCCAAGCTCACATTC,3602,2,clonotype1,clonotype1_consensus_2
GGCCGATGTAGAGCTG-1,True,GGCCGATGTAGAGCTG-1_contig_2,True,567,TRB,TRBV12-2+TRBV13-2,None,TRBJ1-2,TRBC1,True,True,CASGGGTGNSDYTF,TGTGCCAGCGGTGGGGGGACAGGGAACTCCGACTACACCTTC,19472,17,clonotype1,clonotype1_consensus_1
GGCCGATGTAGAGCTG-1,True,GGCCGATGTAGAGCTG-1_contig_3,True,329,TRB,None,None,TRBJ2-1,None,False,False,None,None,5812,4,clonotype1,None
GGCCGATGTAGATTAG-1,True,GGCCGATGTAGATTAG-1_contig_1,True,549,TRB,TRBV16,None,TRBJ2-5,None,True,True,CASSFGGAPDTQYF,TGTGCAAGCAGCTTTGGGGGGGCGCCAGACACCCAGTACTTT,23420,21,clonotype17,clonotype17_consensus_2
GGCCGATGTAGATTAG-1,True,GGCCGATGTAGATTAG-1_contig_2,True,609,TRA,TRAV14-2,None,TRAJ49,TRAC,True,True,CAAQGYQNFYF,TGTGCAGCACAGGGTTACCAGAACTTCTATTTT,26632,16,clonotype17,clonotype17_consensus_3
GGCCGATGTAGATTAG-1,True,GGCCGATGTAGATTAG-1_contig_3,True,596,TRA,TRAV4D-4,None,TRAJ45,TRAC,True,True,CAAYTEGADRLTF,TGTGCTGCCTATACAGAAGGTGCAGATAGACTCACCTTT,25928,14,clonotype17,clonotype17_consensus_1
GGCCGATTCCCACTTG-1,True,GGCCGATTCCCACTTG-1_contig_1,True,549,TRB,TRBV16,None,TRBJ2-5,None,True,True,CASSFGGAPDTQYF,TGTGCAAGCAGCTTTGGGGGGGCGCCAGACACCCAGTACTTT,12534,8,clonotype119,clonotype119_consensus_1
GGCCGATTCCCACTTG-1,True,GGCCGATTCCCACTTG-1_contig_2,True,518,TRA,TRAV14-2,None,TRAJ49,TRAC,True,True,CAAQGYQNFYF,TGTGCAGCACAGGGTTACCAGAACTTCTATTTT,6892,5,clonotype119,clonotype119_consensus_2
GGCCGATTCCCTTGCA-1,True,GGCCGATTCCCTTGCA-1_contig_1,True,570,TRB,TRBV12-2+TRBV13-2,None,TRBJ2-7,None,True,True,CASGDPRPYF,TGTGCCAGCGGTGATCCCAGACCGTACTTC,3484,3,clonotype434,clonotype434_consensus_2
GGCCGATTCCCTTGCA-1,True,GGCCGATTCCCTTGCA-1_contig_2,True,540,TRA,TRAV8-1,None,TRAJ49,TRAC,True,True,CATDAGGYQNFYF,TGTGCTACTGATGCGGGGGGTTACCAGAACTTCTATTTT,1878,1,clonotype434,clonotype434_consensus_1
GGCGACTGTCAACATC-1,True,GGCGACTGTCAACATC-1_contig_1,True,549,TRB,TRBV16,None,TRBJ2-5,None,True,True,CASSLGGGQDTQYF,TGTGCAAGCAGCTTAGGGGGGGGGCAAGACACCCAGTACTTT,2992,3,clonotype435,clonotype435_consensus_4
GGCGACTGTCAACATC-1,True,GGCGACTGTCAACATC-1_contig_2,True,584,TRB,TRBV26,None,TRBJ1-1,TRBC1,True,True,CASSRGNTEVFF,TGTGCCAGCAGCCGCGGAAACACAGAAGTCTTCTTT,2958,3,clonotype435,clonotype435_consensus_3
GGCGACTGTCAACATC-1,True,GGCGACTGTCAACATC-1_contig_3,True,561,TRA,TRAV4D-3,None,TRAJ27,TRAC,True,True,CAADGPNTGKLTF,TGTGCTGCTGACGGGCCCAATACAGGCAAATTAACCTTT,7504,4,clonotype435,clonotype435_consensus_2
GGCGACTGTCAACATC-1,True,GGCGACTGTCAACATC-1_contig_4,True,599,TRA,TRAV3-4,None,TRAJ49,TRAC,True,True,CAVRGGYQNFYF,TGCGCAGTCAGGGGGGGTTACCAGAACTTCTATTTT,3656,3,clonotype435,clonotype435_consensus_1
GGCGACTGTCAACATC-1,True,GGCGACTGTCAACATC-1_contig_5,True,432,TRB,None,None,TRBJ2-1,None,False,False,None,None,3576,4,clonotype435,None
GGCGACTGTTAAAGAC-1,True,GGCGACTGTTAAAGAC-1_contig_1,True,597,TRB,TRBV12-2+TRBV13-2,None,TRBJ1-5,TRBC1,True,True,CASGTGDNQAPLF,TGTGCCAGCGGGACAGGGGACAACCAGGCTCCGCTTTTT,6248,7,clonotype16,clonotype16_consensus_1
GGCGACTTCGGCGCAT-1,True,GGCGACTTCGGCGCAT-1_contig_1,True,556,TRA,TRAV19,None,TRAJ39,TRAC,True,True,CAAGGNNAGAKLTF,TGCGCAGCAGGTGGGAATAATGCAGGTGCCAAGCTCACATTC,23964,18,clonotype97,clonotype97_consensus_3
GGCGACTTCGGCGCAT-1,True,GGCGACTTCGGCGCAT-1_contig_2,True,512,TRB,TRBV13-1,None,TRBJ2-4,None,True,True,CASSEGTNTLYF,TGTGCCAGCAGTGAAGGAACAAACACCTTGTACTTT,4954,5,clonotype97,clonotype97_consensus_1
GGCGACTTCGGCGCAT-1,True,GGCGACTTCGGCGCAT-1_contig_3,True,568,TRB,TRBV12-2+TRBV13-2,None,TRBJ1-2,TRBC1,True,True,CASGGGTGNSDYTF,TGTGCCAGCGGTGGGGGGACAGGGAACTCCGACTACACCTTC,31986,30,clonotype97,clonotype97_consensus_2
GGCGACTTCGGCGCAT-1,True,GGCGACTTCGGCGCAT-1_contig_4,True,366,TRA,TRAV9D-2,None,TRAJ26,TRAC,True,False,CVLSRGNNYAQGLTF,TGTGTTCTGAGCAGGGGCAATAACTATGCCCAGGGATTAACCTTC,1596,2,clonotype97,None
GGCGACTTCGGCGCAT-1,True,GGCGACTTCGGCGCAT-1_contig_5,True,355,TRB,None,None,TRBJ2-1,None,False,False,None,None,8804,7,clonotype97,None
GGCGACTTCGGCGCAT-1,True,GGCGACTTCGGCGCAT-1_contig_6,True,507,TRA,TRAV7-5,None,TRAJ45,TRAC,True,False,CSDTEGADRLTF,TGCAGTGATACAGAAGGTGCAGATAGACTCACCTTT,3180,2,clonotype97,None
GGCGACTTCTTACCGC-1,True,GGCGACTTCTTACCGC-1_contig_1,True,514,TRA,TRAV6-6,None,TRAJ24,TRAC,True,True,CAPLTTASLGKLQF,TGTGCTCCGTTGACAACTGCCAGTTTGGGGAAACTGCAGTTT,8158,5,clonotype3,clonotype3_consensus_2
GGCGACTTCTTACCGC-1,True,GGCGACTTCTTACCGC-1_contig_2,True,505,TRB,TRBV13-1,None,TRBJ2-4,None,True,True,CASSEGTNTLYF,TGTGCCAGCAGTGAAGGAACAAACACCTTGTACTTT,55934,39,clonotype3,clonotype3_consensus_1
GGCGACTTCTTACCGC-1,True,GGCGACTTCTTACCGC-1_contig_3,True,704,TRA,TRAV9D-2,None,TRAJ26,TRAC,True,True,CVLSRGNNYAQGLTF,TGTGTTCTGAGCAGGGGCAATAACTATGCCCAGGGATTAACCTTC,9598,5,clonotype3,clonotype3_consensus_3
GGCGTGTAGCTGTTCA-1,True,GGCGTGTAGCTGTTCA-1_contig_1,True,587,TRA,TRAV14-1,None,TRAJ45,TRAC,True,True,CAASLYTEGADRLTF,TGTGCAGCAAGTCTTTATACAGAAGGTGCAGATAGACTCACCTTT,972,8,clonotype62,clonotype62_consensus_2
GGCGTGTAGCTGTTCA-1,True,GGCGTGTAGCTGTTCA-1_contig_2,True,515,TRB,TRBV26,None,TRBJ2-1,None,True,True,CASSLHKFYAEQFF,TGTGCCAGCAGTCTGCACAAATTCTATGCTGAGCAGTTCTTC,2316,11,clonotype62,clonotype62_consensus_1
GGCGTGTAGCTGTTCA-1,True,GGCGTGTAGCTGTTCA-1_contig_3,True,318,TRB,None,None,TRBJ2-2,None,False,False,None,None,392,1,clonotype62,None
GGCGTGTCAATAAGCA-1,True,GGCGTGTCAATAAGCA-1_contig_1,True,512,TRB,TRBV26,None,TRBJ2-5,None,True,True,CASSRGTDTQYF,TGTGCCAGCAGCCGCGGGACCGACACCCAGTACTTT,14114,9,clonotype42,clonotype42_consensus_1
GGCGTGTCAATAAGCA-1,True,GGCGTGTCAATAAGCA-1_contig_2,True,575,TRA,TRAV12-2,None,TRAJ37,TRAC,True,True,CALSPQTGNTGKLIF,TGTGCTTTGAGCCCCCAAACAGGCAATACCGGAAAACTCATCTTT,4816,3,clonotype42,clonotype42_consensus_2
GGCGTGTCAATAAGCA-1,True,GGCGTGTCAATAAGCA-1_contig_3,True,316,TRB,None,None,TRBJ2-2,None,False,False,None,None,2724,1,clonotype42,None
GGCGTGTGTCGTGGCT-1,True,GGCGTGTGTCGTGGCT-1_contig_1,True,529,TRA,TRAV7D-5,None,TRAJ16,TRAC,True,True,CAVSSPATSSGQKLVF,TGTGCAGTGAGCAGCCCCGCAACTTCAAGTGGCCAGAAGCTGGTTTTT,7228,5,clonotype30,clonotype30_consensus_2
GGCGTGTGTCGTGGCT-1,True,GGCGTGTGTCGTGGCT-1_contig_2,True,572,TRB,TRBV12-2,None,TRBJ1-2,TRBC1,True,True,CASSLSTGGVNSDYTF,TGTGCCAGCTCTCTATCGACAGGGGGCGTGAACTCCGACTACACCTTC,2904,3,clonotype30,clonotype30_consensus_1
GGCGTGTGTCGTGGCT-1,True,GGCGTGTGTCGTGGCT-1_contig_3,True,421,TRB,None,None,TRBJ1-3,TRBC1,False,False,None,None,3798,2,clonotype30,None
GGCGTGTTCACTCTTA-1,True,GGCGTGTTCACTCTTA-1_contig_1,True,549,TRB,TRBV16,None,TRBJ2-5,None,True,True,CASSLGGGQDTQYF,TGTGCAAGCAGCTTAGGGGGGGGCCAAGACACCCAGTACTTT,21964,22,clonotype8,clonotype8_consensus_1
GGCGTGTTCACTCTTA-1,True,GGCGTGTTCACTCTTA-1_contig_2,True,577,TRA,TRAV4D-3,None,TRAJ27,TRAC,True,True,CAADGPNTGKLTF,TGTGCTGCGGACGGACCCAATACAGGCAAATTAACCTTT,12932,11,clonotype8,clonotype8_consensus_2
GGCGTGTTCACTCTTA-1,True,GGCGTGTTCACTCTTA-1_contig_3,True,525,TRA,TRAV7N-6,None,TRAJ30,TRAC,True,True,CAVVDTNAYKVIF,TGTGCAGTGGTTGACACAAATGCTTACAAAGTCATCTTT,3028,3,clonotype8,clonotype8_consensus_3
GGCTCGAAGTCTCCTC-1,True,GGCTCGAAGTCTCCTC-1_contig_1,True,512,TRB,TRBV13-1,None,TRBJ2-4,None,True,True,CASSEGTNTLYF,TGTGCCAGCAGTGAAGGAACAAACACCTTGTACTTT,9336,7,clonotype9,clonotype9_consensus_1
GGCTCGAAGTCTCCTC-1,True,GGCTCGAAGTCTCCTC-1_contig_2,True,738,TRA,TRAV9D-2,None,TRAJ26,TRAC,True,True,CVLSRGNNYAQGLTF,TGTGTTCTGAGCAGGGGCAATAACTATGCCCAGGGATTAACCTTC,5854,6,clonotype9,clonotype9_consensus_2
GGCTCGACATCGATTG-1,True,GGCTCGACATCGATTG-1_contig_1,True,558,TRA,TRAV19,None,TRAJ39,TRAC,True,True,CAAGGNNAGAKLTF,TGCGCAGCAGGTGGGAATAATGCAGGTGCCAAGCTCACATTC,11878,8,clonotype1,clonotype1_consensus_2
GGCTCGACATCGATTG-1,True,GGCTCGACATCGATTG-1_contig_2,True,562,TRB,TRBV12-2+TRBV13-2,None,TRBJ1-2,TRBC1,True,True,CASGGGTGNSDYTF,TGTGCCAGCGGTGGGGGGACAGGGAACTCCGACTACACCTTC,5638,7,clonotype1,clonotype1_consensus_1
GGCTCGACATCGATTG-1,True,GGCTCGACATCGATTG-1_contig_3,True,479,TRB,None,None,TRBJ2-7,None,False,False,None,None,1550,2,clonotype1,None
GGCTCGAGTCAGCTAT-1,True,GGCTCGAGTCAGCTAT-1_contig_1,True,541,TRA,TRAV8D-1,None,TRAJ30,TRAC,True,True,CATDTNAYKVIF,TGTGCTACTGACACAAATGCTTACAAAGTCATCTTT,8850,5,clonotype13,clonotype13_consensus_1
GGCTCGAGTCAGCTAT-1,True,GGCTCGAGTCAGCTAT-1_contig_2,True,575,TRB,TRBV12-2+TRBV13-2,None,TRBJ1-5,TRBC1,True,True,CASGTGDNQAPLF,TGTGCCAGCGGGACAGGGGACAACCAGGCTCCGCTTTTT,8908,7,clonotype13,clonotype13_consensus_2
GGCTCGAGTCAGCTAT-1,True,GGCTCGAGTCAGCTAT-1_contig_3,True,322,TRB,None,None,TRBJ2-7,None,False,False,None,None,2250,1,clonotype13,None
GGCTCGAGTCAGCTAT-1,True,GGCTCGAGTCAGCTAT-1_contig_4,True,335,TRB,None,None,TRBJ2-1,None,False,False,None,None,5072,3,clonotype13,None
GGCTCGAGTCAGCTAT-1,True,GGCTCGAGTCAGCTAT-1_contig_5,True,377,TRB,None,None,TRBJ2-1,None,False,False,None,None,1716,1,clonotype13,None
GGCTCGAGTGTAACGG-1,True,GGCTCGAGTGTAACGG-1_contig_1,True,556,TRA,TRAV19,None,TRAJ39,TRAC,True,True,CAAGGNNAGAKLTF,TGCGCAGCAGGTGGGAATAATGCAGGTGCCAAGCTCACATTC,4650,2,clonotype1,clonotype1_consensus_2
GGCTCGAGTGTAACGG-1,True,GGCTCGAGTGTAACGG-1_contig_2,True,578,TRB,TRBV12-2+TRBV13-2,None,TRBJ1-2,TRBC1,True,True,CASGGGTGNSDYTF,TGTGCCAGCGGTGGGGGGACAGGGAACTCCGACTACACCTTC,5350,5,clonotype1,clonotype1_consensus_1
GGCTCGAGTGTGACGA-1,True,GGCTCGAGTGTGACGA-1_contig_1,True,549,TRB,TRBV16,None,TRBJ2-5,None,True,True,CASSLGGGQDTQYF,TGTGCAAGCAGCTTAGGGGGGGGCCAAGACACCCAGTACTTT,9180,10,clonotype15,clonotype15_consensus_1
GGCTCGAGTGTGACGA-1,True,GGCTCGAGTGTGACGA-1_contig_2,True,559,TRA,TRAV4D-3,None,TRAJ27,TRAC,True,True,CAADGPNTGKLTF,TGTGCTGCGGACGGACCCAATACAGGCAAATTAACCTTT,4222,4,clonotype15,clonotype15_consensus_2
GGCTCGATCAGCTTAG-1,True,GGCTCGATCAGCTTAG-1_contig_1,True,549,TRB,TRBV16,None,TRBJ2-7,None,True,True,CASSLGGGADEQYF,TGTGCAAGCAGCTTAGGTGGGGGGGCGGATGAACAGTACTTC,3158,5,clonotype436,clonotype436_consensus_1
GGCTCGATCAGCTTAG-1,True,GGCTCGATCAGCTTAG-1_contig_2,True,376,TRB,None,None,TRBJ1-4,TRBC1,False,False,None,None,1976,1,clonotype436,None
GGCTCGATCAGGCAAG-1,True,GGCTCGATCAGGCAAG-1_contig_1,True,568,TRA,TRAV16D-DV11,None,TRAJ9,TRAC,True,True,CAMRESNMGYKLTF,TGTGCTATGAGAGAGAGCAACATGGGCTACAAACTTACCTTC,7816,3,clonotype32,clonotype32_consensus_1
GGCTCGATCAGGCAAG-1,True,GGCTCGATCAGGCAAG-1_contig_2,True,621,TRB,TRBV20,None,TRBJ1-6,TRBC1,True,True,CADRSYNSPLYF,TGTGCCGACAGGTCCTATAATTCGCCCCTCTACTTT,3770,3,clonotype32,clonotype32_consensus_2
GGCTCGATCAGGCAAG-1,True,GGCTCGATCAGGCAAG-1_contig_3,True,429,TRB,None,None,TRBJ2-7,None,False,False,None,None,1622,1,clonotype32,None
GGCTCGATCCAGATCA-1,True,GGCTCGATCCAGATCA-1_contig_1,True,556,TRA,TRAV15-2-DV6-2,None,TRAJ39,TRAC,True,True,CALSEPNNNAGAKLTF,TGCGCTCTCTCGGAACCTAATAATAATGCAGGTGCCAAGCTCACATTC,186,2,clonotype131,clonotype131_consensus_1
GGCTCGATCCAGATCA-1,True,GGCTCGATCCAGATCA-1_contig_2,True,576,TRB,TRBV12-2+TRBV13-2,None,TRBJ2-1,None,True,True,CASGAGDYAEQFF,TGTGCCAGCGGGGCGGGAGACTATGCTGAGCAGTTCTTC,8228,7,clonotype131,clonotype131_consensus_2
GGCTGGTAGTTCCACA-1,True,GGCTGGTAGTTCCACA-1_contig_1,True,519,TRA,TRAV19,None,TRAJ39,TRAC,True,True,CAAGGNNAGAKLTF,TGCGCAGCAGGTGGGAATAATGCAGGTGCCAAGCTCACATTC,6214,7,clonotype19,clonotype19_consensus_1
GGCTGGTAGTTCCACA-1,True,GGCTGGTAGTTCCACA-1_contig_2,True,357,TRB,None,None,TRBJ2-1,None,False,False,None,None,5028,2,clonotype19,None
GGCTGGTCACTGCCAG-1,True,GGCTGGTCACTGCCAG-1_contig_1,True,558,TRA,TRAV16,None,TRAJ57,TRAC,True,True,CAMRENQGGSAKLIF,TGTGCTATGAGAGAGAATCAAGGAGGGTCTGCGAAGCTCATCTTT,2004,2,clonotype437,clonotype437_consensus_1
GGCTGGTCACTGCCAG-1,True,GGCTGGTCACTGCCAG-1_contig_2,True,316,TRB,None,None,TRBJ2-7,None,False,False,None,None,122,2,clonotype437,None
GGCTGGTCAGCTTAAC-1,True,GGCTGGTCAGCTTAAC-1_contig_1,True,512,TRB,TRBV13-1,None,TRBJ2-3,None,True,True,CASGDSAETLYF,TGTGCCAGCGGGGACAGTGCAGAAACGCTGTATTTT,15958,11,clonotype24,clonotype24_consensus_1
GGCTGGTGTGTGCCTG-1,True,GGCTGGTGTGTGCCTG-1_contig_1,True,517,TRA,TRAV6-6,None,TRAJ24,TRAC,True,True,CAPLTTASLGKLQF,TGTGCTCCGTTGACAACTGCCAGTTTGGGGAAACTGCAGTTT,1930,1,clonotype2,clonotype2_consensus_2
GGCTGGTGTGTGCCTG-1,True,GGCTGGTGTGTGCCTG-1_contig_2,True,505,TRB,TRBV13-1,None,TRBJ2-4,None,True,True,CASSEGTNTLYF,TGTGCCAGCAGTGAAGGAACAAACACCTTGTACTTT,28700,22,clonotype2,clonotype2_consensus_1
GGCTGGTGTGTGCCTG-1,True,GGCTGGTGTGTGCCTG-1_contig_3,True,369,TRA,TRAV9D-2,None,TRAJ26,TRAC,True,False,CVLSRGNNYAQGLTF,TGTGTTCTGAGCAGGGGCAATAACTATGCCCAGGGATTAACCTTC,4050,3,clonotype2,None
GGCTGGTTCATCGATG-1,True,GGCTGGTTCATCGATG-1_contig_1,True,555,TRA,TRAV3-3,None,TRAJ49,TRAC,True,True,CAVSGSTGYQNFYF,TGCGCAGTCAGTGGGAGCACGGGTTACCAGAACTTCTATTTT,17906,12,clonotype5,clonotype5_consensus_1
GGCTGGTTCATCGATG-1,True,GGCTGGTTCATCGATG-1_contig_2,True,583,TRB,TRBV12-2+TRBV13-2,None,TRBJ2-7,None,True,True,CASGVQGWEQYF,TGTGCCAGCGGTGTACAGGGGTGGGAACAGTACTTC,30072,28,clonotype5,clonotype5_consensus_2
GGCTGGTTCATCGATG-1,True,GGCTGGTTCATCGATG-1_contig_3,True,563,TRA,TRAV6D-5,None,TRAJ38,TRAC,True,False,CTTVFWDNVGDNSKLIW,TGTACTACTGTGTTCTGGGATAATGTTGGTGACAACAGTAAGCTGATTTGG,6938,12,clonotype5,None
GGCTGGTTCATCGATG-1,True,GGCTGGTTCATCGATG-1_contig_4,True,613,TRB,None,None,TRBJ1-6,TRBC1,False,False,None,None,1430,1,clonotype5,None
GGCTGGTTCATCGATG-1,True,GGCTGGTTCATCGATG-1_contig_5,True,402,TRB,None,None,TRBJ1-1,TRBC1,False,False,None,None,2688,2,clonotype5,None
GGCTGGTTCATCGATG-1,True,GGCTGGTTCATCGATG-1_contig_6,True,301,TRB,None,None,TRBJ2-5,None,False,False,None,None,14678,10,clonotype5,None
GGGAATGAGCGACGTA-1,True,GGGAATGAGCGACGTA-1_contig_1,True,553,TRA,TRAV19,None,TRAJ39,TRAC,True,True,CAAGGNNAGAKLTF,TGCGCAGCAGGTGGGAATAATGCAGGTGCCAAGCTCACATTC,1742,1,clonotype1,clonotype1_consensus_2
GGGAATGAGCGACGTA-1,True,GGGAATGAGCGACGTA-1_contig_2,True,560,TRB,TRBV12-2+TRBV13-2,None,TRBJ1-2,TRBC1,True,True,CASGGGTGNSDYTF,TGTGCCAGCGGTGGGGGGACAGGGAACTCCGACTACACCTTC,2930,3,clonotype1,clonotype1_consensus_1
GGGAATGAGCTCCTTC-1,True,GGGAATGAGCTCCTTC-1_contig_1,True,549,TRA,TRAV16N,None,TRAJ9,TRAC,True,True,CAMREGHMGYKLTF,TGTGCTATGAGAGAGGGCCACATGGGCTACAAACTTACCTTC,1984,1,clonotype438,clonotype438_consensus_2
GGGAATGAGCTCCTTC-1,True,GGGAATGAGCTCCTTC-1_contig_2,True,502,TRB,TRBV13-1,None,TRBJ1-1,TRBC1,True,True,CASSAAGEVFF,TGTGCCAGCAGTGCCGCAGGGGAAGTCTTCTTT,5388,6,clonotype438,clonotype438_consensus_1
GGGAATGAGTCCATAC-1,True,GGGAATGAGTCCATAC-1_contig_1,True,519,TRA,TRAV6-6,None,TRAJ24,TRAC,True,True,CAPLTTASLGKLQF,TGTGCTCCGTTGACAACTGCCAGTTTGGGGAAACTGCAGTTT,5124,2,clonotype2,clonotype2_consensus_2
GGGAATGAGTCCATAC-1,True,GGGAATGAGTCCATAC-1_contig_2,True,512,TRB,TRBV13-1,None,TRBJ2-4,None,True,True,CASSEGTNTLYF,TGTGCCAGCAGTGAAGGAACAAACACCTTGTACTTT,3502,3,clonotype2,clonotype2_consensus_1
GGGAATGAGTCCATAC-1,True,GGGAATGAGTCCATAC-1_contig_3,True,374,TRA,TRAV9D-2,None,TRAJ26,TRAC,True,False,CVLSRGNNYAQGLTF,TGTGTTCTGAGCAGGGGCAATAACTATGCCCAGGGATTAACCTTC,8500,4,clonotype2,None
GGGAATGCACTGAAGG-1,True,GGGAATGCACTGAAGG-1_contig_1,True,545,TRA,TRAV8-1,None,TRAJ34,TRAC,True,True,CATDVSNTNKVVF,TGTGCTACTGATGTATCCAATACCAACAAAGTCGTCTTT,2494,2,clonotype439,clonotype439_consensus_1
GGGAATGGTAAGGGAA-1,True,GGGAATGGTAAGGGAA-1_contig_1,True,512,TRA,TRAV16D-DV11,None,TRAJ9,TRAC,True,True,CAMRESNMGYKLTF,TGTGCTATGAGAGAGAGCAACATGGGCTACAAACTTACCTTC,2196,1,clonotype32,clonotype32_consensus_1
GGGAATGGTAAGGGAA-1,True,GGGAATGGTAAGGGAA-1_contig_2,True,537,TRB,TRBV20,None,TRBJ1-6,TRBC1,True,True,CADRSYNSPLYF,TGTGCCGACAGGTCCTATAATTCGCCCCTCTACTTT,6442,3,clonotype32,clonotype32_consensus_2
GGGAATGGTAAGGGAA-1,True,GGGAATGGTAAGGGAA-1_contig_3,True,470,TRB,None,None,TRBJ2-7,None,False,False,None,None,1808,2,clonotype32,None
GGGAATGGTAAGGGAA-1,True,GGGAATGGTAAGGGAA-1_contig_4,True,312,TRA,TRAV6-7-DV9,None,None,TRAC,False,False,None,None,7390,3,clonotype32,None
GGGAATGGTCAGAATA-1,True,GGGAATGGTCAGAATA-1_contig_1,True,549,TRB,TRBV16,None,TRBJ2-5,None,True,True,CASSLGGYQDTQYF,TGTGCAAGCAGCTTAGGGGGCTACCAAGACACCCAGTACTTT,3590,3,clonotype35,clonotype35_consensus_3
GGGAATGGTCAGAATA-1,True,GGGAATGGTCAGAATA-1_contig_2,True,528,TRA,TRAV4-3,None,TRAJ27,TRAC,True,True,CAAANTNTGKLTF,TGTGCTGCTGCTAACACCAATACAGGCAAATTAACCTTT,3406,2,clonotype35,clonotype35_consensus_2
GGGAATGGTCAGAATA-1,True,GGGAATGGTCAGAATA-1_contig_3,True,552,TRA,TRAV12-1,None,TRAJ48,TRAC,True,True,CALSDAGDYGNEKITF,TGTGCTCTGAGTGATGCAGGAGACTATGGAAATGAGAAAATAACTTTT,2262,1,clonotype35,clonotype35_consensus_1
GGGAATGGTCAGGACA-1,True,GGGAATGGTCAGGACA-1_contig_1,True,552,TRA,TRAV8-1,None,TRAJ6,TRAC,True,True,CATDPPGGNYKPTF,TGTGCTACTGATCCACCAGGAGGAAACTACAAACCTACGTTT,3708,2,clonotype440,clonotype440_consensus_1
GGGAATGGTCAGGACA-1,True,GGGAATGGTCAGGACA-1_contig_2,True,508,TRB,TRBV13-1,None,TRBJ2-1,None,True,True,CASSAGDYAEQFF,TGTGCCAGCAGTGCTGGGGACTATGCTGAGCAGTTCTTC,17756,15,clonotype440,clonotype440_consensus_2
GGGAATGGTCAGGACA-1,True,GGGAATGGTCAGGACA-1_contig_3,True,500,TRA,TRAV13D-2,None,TRAJ31,TRAC,True,False,None,None,358,2,clonotype440,None
GGGAATGGTTGAGGTG-1,True,GGGAATGGTTGAGGTG-1_contig_1,True,566,TRA,TRAV3-3,None,TRAJ49,TRAC,True,True,CAVSGSTGYQNFYF,TGCGCAGTCAGTGGGAGCACGGGTTACCAGAACTTCTATTTT,6920,4,clonotype33,clonotype33_consensus_1
GGGAATGTCGAGCCCA-1,True,GGGAATGTCGAGCCCA-1_contig_1,True,519,TRA,TRAV6-6,None,TRAJ24,TRAC,True,True,CAPLTTASLGKLQF,TGTGCTCCGTTGACAACTGCCAGTTTGGGGAAACTGCAGTTT,8448,5,clonotype2,clonotype2_consensus_2
GGGAATGTCGAGCCCA-1,True,GGGAATGTCGAGCCCA-1_contig_2,True,512,TRB,TRBV13-1,None,TRBJ2-4,None,True,True,CASSEGTNTLYF,TGTGCCAGCAGTGAAGGAACAAACACCTTGTACTTT,33136,24,clonotype2,clonotype2_consensus_1
GGGAATGTCGAGCCCA-1,True,GGGAATGTCGAGCCCA-1_contig_3,True,579,TRA,TRAV10D,None,TRAJ30,None,True,False,None,None,146,1,clonotype2,None
GGGAATGTCGAGCCCA-1,True,GGGAATGTCGAGCCCA-1_contig_4,True,738,TRA,TRAV9D-2,None,TRAJ26,TRAC,True,False,CVLSRGNNYAQGLTF,TGTGTTCTGAGCAGGGGCAATAACTATGCCCAGGGATTAACCTTC,19636,9,clonotype2,None
GGGACCTAGACTTTCG-1,True,GGGACCTAGACTTTCG-1_contig_1,True,573,TRB,TRBV12-2+TRBV13-2,None,TRBJ2-3,None,True,True,CASGDAPPGEGTLYF,TGTGCCAGCGGTGATGCACCTCCAGGGGAGGGAACGCTGTATTTT,11816,14,clonotype37,clonotype37_consensus_2
GGGACCTAGACTTTCG-1,True,GGGACCTAGACTTTCG-1_contig_2,True,596,TRA,TRAV13N-3,None,TRAJ49,TRAC,True,True,CAMGGYQNFYF,TGTGCTATGGGGGGTTACCAGAACTTCTATTTT,23514,17,clonotype37,clonotype37_consensus_1
GGGACCTAGTAGTGCG-1,True,GGGACCTAGTAGTGCG-1_contig_1,True,563,TRA,TRAV16D-DV11,None,TRAJ9,TRAC,True,True,CAMRESNMGYKLTF,TGTGCTATGAGAGAGAGCAACATGGGCTACAAACTTACCTTC,8516,5,clonotype32,clonotype32_consensus_1
GGGACCTAGTAGTGCG-1,True,GGGACCTAGTAGTGCG-1_contig_2,True,565,TRB,TRBV20,None,TRBJ1-6,TRBC1,True,True,CADRSYNSPLYF,TGTGCCGACAGGTCCTATAATTCGCCCCTCTACTTT,8810,9,clonotype32,clonotype32_consensus_2
GGGACCTAGTAGTGCG-1,True,GGGACCTAGTAGTGCG-1_contig_3,True,356,TRB,None,None,TRBJ2-1,None,False,False,None,None,6374,5,clonotype32,None
GGGACCTAGTAGTGCG-1,True,GGGACCTAGTAGTGCG-1_contig_4,True,328,TRA,TRAV6-7-DV9,None,None,TRAC,False,False,None,None,11490,4,clonotype32,None
GGGACCTCAACTGGCC-1,True,GGGACCTCAACTGGCC-1_contig_1,True,579,TRA,TRAV8-1,None,TRAJ30,TRAC,True,True,CATDTNAYKVIF,TGTGCTACTGACACAAATGCTTACAAAGTCATCTTT,2648,2,clonotype14,clonotype14_consensus_1
GGGACCTCAACTGGCC-1,True,GGGACCTCAACTGGCC-1_contig_2,True,600,TRB,TRBV12-2+TRBV13-2,None,TRBJ1-5,TRBC1,True,True,CASGTGDNQAPLF,TGTGCCAGCGGTACAGGGGACAACCAGGCTCCGCTTTTT,22668,19,clonotype14,clonotype14_consensus_2
GGGACCTCACGTTGGC-1,True,GGGACCTCACGTTGGC-1_contig_1,True,518,TRA,TRAV19,None,TRAJ39,TRAC,True,True,CAAGGNNAGAKLTF,TGCGCAGCAGGTGGGAATAATGCAGGTGCCAAGCTCACATTC,2318,3,clonotype19,clonotype19_consensus_1
GGGACCTCACGTTGGC-1,True,GGGACCTCACGTTGGC-1_contig_2,True,356,TRB,None,None,TRBJ2-1,None,False,False,None,None,5846,2,clonotype19,None
GGGACCTGTCCTGCTT-1,True,GGGACCTGTCCTGCTT-1_contig_1,True,540,TRA,TRAV16,None,TRAJ57,TRAC,True,True,CAMREPQGGSAKLIF,TGTGCTATGAGAGAGCCTCAAGGAGGGTCTGCGAAGCTCATCTTT,4440,3,clonotype22,clonotype22_consensus_3
GGGACCTGTCCTGCTT-1,True,GGGACCTGTCCTGCTT-1_contig_2,True,532,TRA,TRAV13-4-DV7,None,TRAJ58,TRAC,True,True,CAPMQQGTGSKLSF,TGTGCTCCTATGCAGCAAGGCACTGGGTCTAAGCTGTCATTT,21440,20,clonotype22,clonotype22_consensus_2
GGGACCTGTCCTGCTT-1,True,GGGACCTGTCCTGCTT-1_contig_3,True,525,TRB,TRBV17,None,TRBJ2-5,None,True,True,CASSRKGVQDTQYF,TGTGCTAGCAGTAGAAAGGGGGTCCAAGACACCCAGTACTTT,48806,33,clonotype22,clonotype22_consensus_1
GGGACCTGTGATGCCC-1,True,GGGACCTGTGATGCCC-1_contig_1,True,566,TRA,TRAV3-3,None,TRAJ49,TRAC,True,True,CAVSGATGYQNFYF,TGCGCAGTCAGTGGGGCCACGGGTTACCAGAACTTCTATTTT,5446,4,clonotype441,clonotype441_consensus_2
GGGACCTGTGATGCCC-1,True,GGGACCTGTGATGCCC-1_contig_2,True,497,TRA,TRAV21-DV12,None,TRAJ42,TRAC,True,True,CILRVHGGSNAKLTF,TGTATCCTGAGAGTCCATGGAGGAAGCAATGCAAAGCTAACCTTC,5602,3,clonotype441,clonotype441_consensus_1
GGGACCTGTGATGCCC-1,True,GGGACCTGTGATGCCC-1_contig_3,True,369,TRB,None,None,TRBJ1-2,TRBC1,False,False,None,None,710,2,clonotype441,None
GGGACCTGTGATGCCC-1,True,GGGACCTGTGATGCCC-1_contig_4,True,515,TRB,TRBV12-2+TRBV13-2,None,TRBJ2-7,None,True,False,CASGVQGEQYF,TGTGCCAGCGGTGTTCAGGGAGAACAGTACTTC,1104,2,clonotype441,None
GGGACCTGTGCCTGCA-1,True,GGGACCTGTGCCTGCA-1_contig_1,True,555,TRA,TRAV3-3,None,TRAJ49,TRAC,True,True,CAVSGATGYQNFYF,TGCGCAGTCAGTGGGGCCACGGGTTACCAGAACTTCTATTTT,9328,7,clonotype10,clonotype10_consensus_3
GGGACCTGTGCCTGCA-1,True,GGGACCTGTGCCTGCA-1_contig_2,True,507,TRA,TRAV21-DV12,None,TRAJ42,TRAC,True,True,CILRVHGGSNAKLTF,TGTATCCTGAGAGTCCATGGAGGAAGCAATGCAAAGCTAACCTTC,10144,9,clonotype10,clonotype10_consensus_1
GGGACCTGTGCCTGCA-1,True,GGGACCTGTGCCTGCA-1_contig_3,True,559,TRB,TRBV12-2+TRBV13-2,None,TRBJ2-7,None,True,True,CASGVQGEQYF,TGTGCCAGCGGTGTTCAGGGAGAACAGTACTTC,25486,28,clonotype10,clonotype10_consensus_2
GGGACCTGTTACGCGC-1,True,GGGACCTGTTACGCGC-1_contig_1,True,540,TRA,TRAV16D-DV11,None,TRAJ9,TRAC,True,True,CAMRESNMGYKLTF,TGTGCTATGAGAGAGAGCAACATGGGCTACAAACTTACCTTC,6444,4,clonotype66,clonotype66_consensus_1
GGGACCTGTTACGCGC-1,True,GGGACCTGTTACGCGC-1_contig_2,True,525,TRB,TRBV17,None,TRBJ2-5,None,True,True,CASSRKGAQDTQYF,TGTGCTAGCAGTAGGAAGGGGGCGCAAGACACCCAGTACTTT,14268,9,clonotype66,clonotype66_consensus_2
GGGACCTGTTACGCGC-1,True,GGGACCTGTTACGCGC-1_contig_3,True,544,TRB,TRBV20,None,TRBJ1-6,TRBC1,True,True,CADRSYNSPLYF,TGTGCCGACAGGTCCTATAATTCGCCCCTCTACTTT,30730,16,clonotype66,clonotype66_consensus_3
GGGAGATAGCTGTTCA-1,True,GGGAGATAGCTGTTCA-1_contig_1,True,505,TRB,TRBV13-1,None,TRBJ2-4,None,True,True,CASSEGTNTLYF,TGTGCCAGCAGTGAAGGAACAAACACCTTGTACTTT,8098,8,clonotype6,clonotype6_consensus_1
GGGAGATAGGATCGCA-1,True,GGGAGATAGGATCGCA-1_contig_1,True,550,TRA,TRAV6-6,None,TRAJ24,TRAC,True,True,CAPLTTASLGKLQF,TGTGCTCCGTTGACAACTGCCAGTTTGGGGAAACTGCAGTTT,1602,2,clonotype2,clonotype2_consensus_2
GGGAGATAGGATCGCA-1,True,GGGAGATAGGATCGCA-1_contig_2,True,512,TRB,TRBV13-1,None,TRBJ2-4,None,True,True,CASSEGTNTLYF,TGTGCCAGCAGTGAAGGAACAAACACCTTGTACTTT,4590,5,clonotype2,clonotype2_consensus_1
GGGAGATAGTGGCACA-1,True,GGGAGATAGTGGCACA-1_contig_1,True,558,TRA,TRAV19,None,TRAJ39,TRAC,True,True,CAAGGNNAGAKLTF,TGCGCAGCAGGTGGGAATAATGCAGGTGCCAAGCTCACATTC,6182,4,clonotype1,clonotype1_consensus_2
GGGAGATAGTGGCACA-1,True,GGGAGATAGTGGCACA-1_contig_2,True,599,TRB,TRBV12-2+TRBV13-2,None,TRBJ1-2,TRBC1,True,True,CASGGGTGNSDYTF,TGTGCCAGCGGTGGGGGGACAGGGAACTCCGACTACACCTTC,12884,15,clonotype1,clonotype1_consensus_1
GGGAGATCAGCTGTTA-1,True,GGGAGATCAGCTGTTA-1_contig_1,True,602,TRB,TRBV12-2,None,TRBJ2-5,None,True,True,CASSLQGVQDTQYF,TGTGCCAGCTCTCTCCAGGGGGTCCAAGACACCCAGTACTTT,8648,6,clonotype75,clonotype75_consensus_1
GGGAGATCAGCTGTTA-1,True,GGGAGATCAGCTGTTA-1_contig_2,True,557,TRA,TRAV8N-2,None,TRAJ53,TRAC,True,False,None,None,2512,3,clonotype75,None
GGGAGATCATCGGACC-1,True,GGGAGATCATCGGACC-1_contig_1,True,549,TRB,TRBV16,None,TRBJ2-5,None,True,True,CASSLGGGQDTQYF,TGTGCAAGCAGCTTAGGGGGGGGCCAAGACACCCAGTACTTT,11304,19,clonotype442,clonotype442_consensus_1
GGGAGATCATCGGACC-1,True,GGGAGATCATCGGACC-1_contig_2,True,563,TRA,TRAV4D-3,None,TRAJ27,TRAC,True,True,CAADGPNTGKLTF,TGTGCTGCGGACGGACCCAATACAGGCAAATTAACCTTT,28540,22,clonotype442,clonotype442_consensus_2
GGGAGATCATCGGACC-1,True,GGGAGATCATCGGACC-1_contig_3,True,525,TRA,TRAV7N-6,None,TRAJ30,TRAC,True,True,CAVVDTNAYKVIF,TGTGCAGTGGTTGACACAAATGCTTACAAAGTCATCTTT,9930,6,clonotype442,clonotype442_consensus_4
GGGAGATCATCGGACC-1,True,GGGAGATCATCGGACC-1_contig_4,True,641,TRB,TRBV12-2+TRBV13-2,None,TRBJ1-5,TRBC1,True,True,CASGTGDNQAPLF,TGTGCCAGCGGGACAGGGGACAACCAGGCTCCGCTTTTT,4118,6,clonotype442,clonotype442_consensus_3
GGGAGATCATCGGACC-1,True,GGGAGATCATCGGACC-1_contig_5,True,368,TRA,TRAV9D-4,None,None,TRAC,False,False,None,None,2106,1,clonotype442,None
GGGAGATCATCGGACC-1,True,GGGAGATCATCGGACC-1_contig_6,True,614,TRB,None,None,TRBJ2-7,None,False,False,None,None,12632,12,clonotype442,None
GGGAGATGTTAAGAAC-1,True,GGGAGATGTTAAGAAC-1_contig_1,True,567,TRA,TRAV4D-3,None,TRAJ27,TRAC,True,True,CAADGPNTGKLTF,TGTGCTGCTGACGGGCCCAATACAGGCAAATTAACCTTT,4006,2,clonotype57,clonotype57_consensus_1
GGGAGATGTTAAGAAC-1,True,GGGAGATGTTAAGAAC-1_contig_2,True,433,TRB,None,None,TRBJ2-7,None,False,False,None,None,1186,2,clonotype57,None
GGGAGATTCACTCTTA-1,True,GGGAGATTCACTCTTA-1_contig_1,True,586,TRA,TRAV14-1,None,TRAJ45,TRAC,True,True,CAASLYTEGADRLTF,TGTGCAGCAAGTCTTTATACAGAAGGTGCAGATAGACTCACCTTT,2162,1,clonotype62,clonotype62_consensus_2
GGGAGATTCACTCTTA-1,True,GGGAGATTCACTCTTA-1_contig_2,True,515,TRB,TRBV26,None,TRBJ2-1,None,True,True,CASSLHKFYAEQFF,TGTGCCAGCAGTCTGCACAAATTCTATGCTGAGCAGTTCTTC,12244,9,clonotype62,clonotype62_consensus_1
GGGAGATTCCGCATCT-1,True,GGGAGATTCCGCATCT-1_contig_1,True,551,TRA,TRAV8-1,None,TRAJ30,TRAC,True,True,CACDTNAYKVIF,TGTGCTTGTGACACAAATGCTTACAAAGTCATCTTT,5290,5,clonotype120,clonotype120_consensus_1
GGGAGATTCCGCATCT-1,True,GGGAGATTCCGCATCT-1_contig_2,True,593,TRB,TRBV12-2+TRBV13-2,None,TRBJ2-1,None,True,True,CASGTGDYAEQFF,TGTGCCAGCGGGACAGGTGACTATGCTGAGCAGTTCTTC,8302,7,clonotype120,clonotype120_consensus_2
GGGATGAAGGTTCCTA-1,True,GGGATGAAGGTTCCTA-1_contig_1,True,518,TRA,TRAV6-6,None,TRAJ24,TRAC,True,True,CAPLTTASLGKLQF,TGTGCTCCGTTGACAACTGCCAGTTTGGGGAAACTGCAGTTT,9228,6,clonotype2,clonotype2_consensus_2
GGGATGAAGGTTCCTA-1,True,GGGATGAAGGTTCCTA-1_contig_2,True,505,TRB,TRBV13-1,None,TRBJ2-4,None,True,True,CASSEGTNTLYF,TGTGCCAGCAGTGAAGGAACAAACACCTTGTACTTT,49826,41,clonotype2,clonotype2_consensus_1
GGGATGAAGGTTCCTA-1,True,GGGATGAAGGTTCCTA-1_contig_3,True,498,TRA,None,None,TRAJ26,TRAC,False,False,None,None,10364,4,clonotype2,None
GGGATGAAGTGTACGG-1,True,GGGATGAAGTGTACGG-1_contig_1,True,624,TRA,TRAV6-6,None,TRAJ24,TRAC,True,True,CAPLTTASLGKLQF,TGTGCTCCGTTGACAACTGCCAGTTTGGGGAAACTGCAGTTT,5508,6,clonotype2,clonotype2_consensus_2
GGGATGAAGTGTACGG-1,True,GGGATGAAGTGTACGG-1_contig_2,True,505,TRB,TRBV13-1,None,TRBJ2-4,None,True,True,CASSEGTNTLYF,TGTGCCAGCAGTGAAGGAACAAACACCTTGTACTTT,6526,5,clonotype2,clonotype2_consensus_1
GGGATGACACTTCTGC-1,True,GGGATGACACTTCTGC-1_contig_1,True,537,TRA,TRAV3D-3,None,TRAJ30,TRAC,True,True,CAVTHDTNAYKVIF,TGCGCAGTCACCCATGACACAAATGCTTACAAAGTCATCTTT,6000,4,clonotype443,clonotype443_consensus_2
GGGATGACACTTCTGC-1,True,GGGATGACACTTCTGC-1_contig_2,True,537,TRB,TRBV10,None,TRBJ2-5,None,True,True,CASSILRDNQDTQYF,TGTGCCAGCAGTATCCTCCGGGACAACCAAGACACCCAGTACTTT,19862,11,clonotype443,clonotype443_consensus_1
GGGATGACACTTCTGC-1,True,GGGATGACACTTCTGC-1_contig_3,True,481,TRB,None,None,TRBJ1-1,TRBC1,False,False,None,None,15632,7,clonotype443,None
GGGATGACACTTCTGC-1,True,GGGATGACACTTCTGC-1_contig_4,True,509,TRA,TRAV4D-3,None,TRAJ17,TRAC,True,False,None,None,1274,1,clonotype443,None
GGGATGACACTTCTGC-1,True,GGGATGACACTTCTGC-1_contig_5,True,391,TRB,None,None,TRBJ2-7,None,False,False,None,None,4968,4,clonotype443,None
GGGATGAGTTCCACGG-1,True,GGGATGAGTTCCACGG-1_contig_1,True,566,TRA,TRAV3-3,None,TRAJ49,TRAC,True,True,CAVSGSTGYQNFYF,TGCGCAGTCAGTGGGAGCACGGGTTACCAGAACTTCTATTTT,11964,8,clonotype5,clonotype5_consensus_1
GGGATGAGTTCCACGG-1,True,GGGATGAGTTCCACGG-1_contig_2,True,599,TRB,TRBV12-2+TRBV13-2,None,TRBJ2-7,None,True,True,CASGVQGWEQYF,TGTGCCAGCGGTGTACAGGGGTGGGAACAGTACTTC,30332,29,clonotype5,clonotype5_consensus_2
GGGATGAGTTCCACGG-1,True,GGGATGAGTTCCACGG-1_contig_3,True,362,TRB,None,None,TRBJ1-6,None,False,False,None,None,524,1,clonotype5,None
GGGATGAGTTCCACGG-1,True,GGGATGAGTTCCACGG-1_contig_4,True,532,TRA,TRAV6D-5,None,TRAJ38,TRAC,True,False,CTTVFWDNVGDNSKLIW,TGTACTACTGTGTTCTGGGATAATGTTGGTGACAACAGTAAGCTGATTTGG,4954,6,clonotype5,None
GGGATGATCATAACCG-1,True,GGGATGATCATAACCG-1_contig_1,True,528,TRA,TRAV19,None,TRAJ39,TRAC,True,True,CAAGGNNAGAKLTF,TGCGCAGCAGGTGGGAATAATGCAGGTGCCAAGCTCACATTC,4612,3,clonotype1,clonotype1_consensus_2
GGGATGATCATAACCG-1,True,GGGATGATCATAACCG-1_contig_2,True,586,TRB,TRBV12-2+TRBV13-2,None,TRBJ1-2,TRBC1,True,True,CASGGGTGNSDYTF,TGTGCCAGCGGTGGGGGGACAGGGAACTCCGACTACACCTTC,8178,7,clonotype1,clonotype1_consensus_1
GGGATGATCATAACCG-1,True,GGGATGATCATAACCG-1_contig_3,True,439,TRA,None,None,TRAJ26,TRAC,False,False,None,None,2596,1,clonotype1,None
GGGATGATCCCTCTTT-1,True,GGGATGATCCCTCTTT-1_contig_1,True,549,TRB,TRBV16,None,TRBJ2-5,None,True,True,CASSLGGGQDTQYF,TGTGCAAGCAGCTTAGGGGGGGGCCAAGACACCCAGTACTTT,25316,23,clonotype444,clonotype444_consensus_1
GGGATGATCCCTCTTT-1,True,GGGATGATCCCTCTTT-1_contig_2,True,562,TRA,TRAV4D-3,None,TRAJ27,TRAC,True,True,CAADGPNTGKLTF,TGTGCTGCGGACGGACCCAATACAGGCAAATTAACCTTT,15956,11,clonotype444,clonotype444_consensus_2
GGGATGATCCCTCTTT-1,True,GGGATGATCCCTCTTT-1_contig_3,True,525,TRA,TRAV7N-6,None,TRAJ30,TRAC,True,True,CAVVDTNAYKVIF,TGTGCAGTGGTTGACACAAATGCTTACAAAGTCATCTTT,5782,5,clonotype444,clonotype444_consensus_4
GGGATGATCCCTCTTT-1,True,GGGATGATCCCTCTTT-1_contig_4,True,508,TRB,TRBV13-1,None,TRBJ2-1,None,True,True,CASSGGDYAEQFF,TGTGCCAGCAGTGGGGGGGACTATGCTGAGCAGTTCTTC,13772,12,clonotype444,clonotype444_consensus_3
GGGATGATCCCTCTTT-1,True,GGGATGATCCCTCTTT-1_contig_5,True,658,TRB,None,None,TRBJ1-3,None,False,False,None,None,954,1,clonotype444,None
GGGATGATCCCTCTTT-1,True,GGGATGATCCCTCTTT-1_contig_6,True,449,TRB,None,None,TRBJ2-7,None,False,False,None,None,1466,1,clonotype444,None
GGGATGATCCCTCTTT-1,True,GGGATGATCCCTCTTT-1_contig_7,True,340,TRB,TRBV31,None,TRBJ1-2,TRBC1,True,False,CAWSAG,TGTGCCTGGAGTGCGGGG,3282,3,clonotype444,None
GGGATGATCCCTCTTT-1,True,GGGATGATCCCTCTTT-1_contig_8,True,563,TRA,TRAV10D,None,TRAJ2,TRAC,True,False,None,None,2050,3,clonotype444,None
GGGCACTAGTTGTCGT-1,True,GGGCACTAGTTGTCGT-1_contig_1,True,547,TRA,TRAV16D-DV11,None,TRAJ26,TRAC,True,True,CAMREENNYAQGLTF,TGTGCTATGAGAGAGGAAAATAACTATGCCCAGGGATTAACCTTC,2276,2,clonotype12,clonotype12_consensus_2
GGGCACTAGTTGTCGT-1,True,GGGCACTAGTTGTCGT-1_contig_2,True,505,TRB,TRBV13-1,None,TRBJ2-3,None,True,True,CASGDSAETLYF,TGTGCCAGCGGGGACAGTGCAGAAACGCTGTATTTT,36446,26,clonotype12,clonotype12_consensus_1
GGGCACTAGTTGTCGT-1,True,GGGCACTAGTTGTCGT-1_contig_3,True,445,TRB,None,None,TRBJ1-6,TRBC1,False,False,None,None,15932,10,clonotype12,None
GGGCACTAGTTGTCGT-1,True,GGGCACTAGTTGTCGT-1_contig_4,True,575,TRA,TRAV3D-3,None,TRAJ28,TRAC,True,False,CTSAQSVRGTGSNRLTF,TGTACTTCTGCGCAGTCAGTGAGGGGCACTGGGAGTAACAGGCTCACTTTT,7778,7,clonotype12,None
GGGCACTGTCATATGC-1,True,GGGCACTGTCATATGC-1_contig_1,True,556,TRB,TRBV12-2+TRBV13-2,None,TRBJ2-1,None,True,True,CASGDPFQFF,TGTGCCAGCGGTGATCCTTTCCAGTTCTTC,2968,6,clonotype25,clonotype25_consensus_3
GGGCACTGTCATATGC-1,True,GGGCACTGTCATATGC-1_contig_2,True,507,TRB,TRBV5,None,TRBJ2-2,None,True,True,CASSTGQLYF,TGTGCCAGCAGCACCGGGCAGCTCTACTTT,3500,3,clonotype25,clonotype25_consensus_1
GGGCACTGTCATATGC-1,True,GGGCACTGTCATATGC-1_contig_3,True,721,TRA,TRAV9N-4,None,TRAJ22,TRAC,True,True,CALPSSGSWQLIF,TGTGCTCTCCCATCTTCTGGCAGCTGGCAACTCATCTTT,5930,4,clonotype25,clonotype25_consensus_2
GGGCACTGTCATATGC-1,True,GGGCACTGTCATATGC-1_contig_4,True,557,TRA,TRAV10N,None,TRAJ35,TRAC,True,False,CSKHQTGFASALTF,TGCAGCAAGCACCAGACAGGCTTTGCAAGTGCGCTGACATTT,2010,1,clonotype25,None
GGGCACTTCAAACGGG-1,True,GGGCACTTCAAACGGG-1_contig_1,True,517,TRA,TRAV6-6,None,TRAJ24,TRAC,True,True,CAPLTTASLGKLQF,TGTGCTCCGTTGACAACTGCCAGTTTGGGGAAACTGCAGTTT,3042,3,clonotype3,clonotype3_consensus_2
GGGCACTTCAAACGGG-1,True,GGGCACTTCAAACGGG-1_contig_2,True,505,TRB,TRBV13-1,None,TRBJ2-4,None,True,True,CASSEGTNTLYF,TGTGCCAGCAGTGAAGGAACAAACACCTTGTACTTT,29756,25,clonotype3,clonotype3_consensus_1
GGGCACTTCAAACGGG-1,True,GGGCACTTCAAACGGG-1_contig_3,True,623,TRA,TRAV9D-2,None,TRAJ26,TRAC,True,True,CVLSRGNNYAQGLTF,TGTGTTCTGAGCAGGGGCAATAACTATGCCCAGGGATTAACCTTC,3318,2,clonotype3,clonotype3_consensus_3
GGGCACTTCAGTTGAC-1,True,GGGCACTTCAGTTGAC-1_contig_1,True,507,TRA,TRAV21-DV12,None,TRAJ42,TRAC,True,True,CILRVHGGSNAKLTF,TGTATCCTGAGAGTCCATGGAGGAAGCAATGCAAAGCTAACCTTC,8708,5,clonotype72,clonotype72_consensus_1
GGGCACTTCAGTTGAC-1,True,GGGCACTTCAGTTGAC-1_contig_2,True,565,TRB,TRBV12-2+TRBV13-2,None,TRBJ2-7,None,True,True,CASGVQGEQYF,TGTGCCAGCGGTGTTCAGGGAGAACAGTACTTC,11004,13,clonotype72,clonotype72_consensus_2
GGGCACTTCCATTCTA-1,True,GGGCACTTCCATTCTA-1_contig_1,True,516,TRA,TRAV6-6,None,TRAJ24,TRAC,True,True,CAPLTTASLGKLQF,TGTGCTCCGTTGACAACTGCCAGTTTGGGGAAACTGCAGTTT,3622,2,clonotype2,clonotype2_consensus_2
GGGCACTTCCATTCTA-1,True,GGGCACTTCCATTCTA-1_contig_2,True,505,TRB,TRBV13-1,None,TRBJ2-4,None,True,True,CASSEGTNTLYF,TGTGCCAGCAGTGAAGGAACAAACACCTTGTACTTT,41524,32,clonotype2,clonotype2_consensus_1
GGGCACTTCCATTCTA-1,True,GGGCACTTCCATTCTA-1_contig_3,True,850,TRA,TRAV9D-2,None,TRAJ26,TRAC,True,False,CVLSRGNNYAQGLTF,TGTGTTCTGAGCAGGGGCAATAACTATGCCCAGGGATTAACCTTC,5496,3,clonotype2,None
GGGCACTTCGGTCCGA-1,True,GGGCACTTCGGTCCGA-1_contig_1,True,562,TRA,TRAV14D-1,None,TRAJ27,TRAC,True,True,CAQNPPSNTGKLTF,TGTGCACAAAATCCCCCATCCAATACAGGCAAATTAACCTTT,14524,9,clonotype53,clonotype53_consensus_2
GGGCACTTCGGTCCGA-1,True,GGGCACTTCGGTCCGA-1_contig_2,True,536,TRB,TRBV13-3,None,TRBJ1-3,TRBC1,True,True,CASSEHPLSGNTLYF,TGTGCCAGCAGTGAGCACCCCCTTTCTGGAAATACGCTCTATTTT,14102,10,clonotype53,clonotype53_consensus_1
GGGCACTTCGGTCCGA-1,True,GGGCACTTCGGTCCGA-1_contig_3,True,512,TRA,TRAV6-6,None,TRAJ26,TRAC,True,False,None,None,3000,3,clonotype53,None
GGGCACTTCGGTCCGA-1,True,GGGCACTTCGGTCCGA-1_contig_4,True,315,TRB,None,None,TRBJ1-5,TRBC1,False,False,None,None,3446,2,clonotype53,None
GGGCATCAGACTACAA-1,True,GGGCATCAGACTACAA-1_contig_1,True,549,TRB,TRBV16,None,TRBJ2-5,None,True,True,CASSLGGPQDTQYF,TGTGCAAGCAGCTTAGGGGGTCCCCAAGACACCCAGTACTTT,9994,11,clonotype111,clonotype111_consensus_1
GGGCATCAGACTACAA-1,True,GGGCATCAGACTACAA-1_contig_2,True,699,TRA,TRAV9-2,None,TRAJ30,TRAC,True,True,CVLDDTNAYKVIF,TGTGTTTTGGATGACACAAATGCTTACAAAGTCATCTTT,8240,5,clonotype111,clonotype111_consensus_2
GGGCATCAGACTACAA-1,True,GGGCATCAGACTACAA-1_contig_3,True,597,TRA,TRAV4D-4,None,TRAJ15,TRAC,True,False,None,None,2918,2,clonotype111,None
GGGCATCGTAAATGAC-1,True,GGGCATCGTAAATGAC-1_contig_1,True,571,TRB,TRBV12-2+TRBV13-2,None,TRBJ1-5,TRBC1,True,True,CASGTGDNQAPLF,TGTGCCAGCGGGACAGGGGACAACCAGGCTCCGCTTTTT,1158,3,clonotype16,clonotype16_consensus_1
GGGCATCGTCATTAGC-1,True,GGGCATCGTCATTAGC-1_contig_1,True,518,TRA,TRAV8-1,None,TRAJ30,TRAC,True,True,CATDTNAYKVIF,TGTGCTACTGACACAAATGCTTACAAAGTCATCTTT,7212,8,clonotype14,clonotype14_consensus_1
GGGCATCGTCATTAGC-1,True,GGGCATCGTCATTAGC-1_contig_2,True,581,TRB,TRBV12-2+TRBV13-2,None,TRBJ1-5,TRBC1,True,True,CASGTGDNQAPLF,TGTGCCAGCGGTACAGGGGACAACCAGGCTCCGCTTTTT,62550,71,clonotype14,clonotype14_consensus_2
GGGCATCGTCATTAGC-1,True,GGGCATCGTCATTAGC-1_contig_3,True,567,TRA,TRAV3-3,None,TRAJ37,TRAC,True,False,None,None,4724,5,clonotype14,None
GGGCATCGTCGAGATG-1,True,GGGCATCGTCGAGATG-1_contig_1,True,549,TRB,TRBV16,None,TRBJ2-5,None,True,True,CASSLGGNQDTQYF,TGTGCAAGCAGCTTGGGGGGTAACCAAGACACCCAGTACTTT,1482,1,clonotype144,clonotype144_consensus_2
GGGCATCGTCGAGATG-1,True,GGGCATCGTCGAGATG-1_contig_2,True,511,TRA,TRAV6N-6,None,TRAJ2,TRAC,True,True,CALYTGGLSGKLTF,TGCGCTCTGTATACTGGAGGACTAAGTGGTAAATTAACATTC,3248,3,clonotype144,clonotype144_consensus_1
GGGCATCGTCGAGATG-1,True,GGGCATCGTCGAGATG-1_contig_3,True,345,TRB,None,None,TRBJ2-7,None,False,False,None,None,4638,2,clonotype144,None
GGGCATCGTTCAGTAC-1,True,GGGCATCGTTCAGTAC-1_contig_1,True,558,TRA,TRAV19,None,TRAJ39,TRAC,True,True,CAAGGNNAGAKLTF,TGCGCAGCAGGTGGGAATAATGCAGGTGCCAAGCTCACATTC,3420,3,clonotype1,clonotype1_consensus_2
GGGCATCGTTCAGTAC-1,True,GGGCATCGTTCAGTAC-1_contig_2,True,566,TRB,TRBV12-2+TRBV13-2,None,TRBJ1-2,TRBC1,True,True,CASGGGTGNSDYTF,TGTGCCAGCGGTGGGGGGACAGGGAACTCCGACTACACCTTC,1228,2,clonotype1,clonotype1_consensus_1
GGGCATCGTTCAGTAC-1,True,GGGCATCGTTCAGTAC-1_contig_3,True,302,TRB,None,None,TRBJ2-3,None,False,False,None,None,1524,1,clonotype1,None
GGGCATCGTTCAGTAC-1,True,GGGCATCGTTCAGTAC-1_contig_4,True,441,TRA,TRAV7-5,None,TRAJ45,TRAC,True,False,CSDTEGADRLTF,TGCAGTGATACAGAAGGTGCAGATAGACTCACCTTT,2486,1,clonotype1,None
GGGCATCTCTAGCACA-1,True,GGGCATCTCTAGCACA-1_contig_1,True,558,TRA,TRAV19,None,TRAJ39,TRAC,True,True,CAAGGNNAGAKLTF,TGCGCAGCAGGTGGGAATAATGCAGGTGCCAAGCTCACATTC,12724,12,clonotype1,clonotype1_consensus_2
GGGCATCTCTAGCACA-1,True,GGGCATCTCTAGCACA-1_contig_2,True,568,TRB,TRBV12-2+TRBV13-2,None,TRBJ1-2,TRBC1,True,True,CASGGGTGNSDYTF,TGTGCCAGCGGTGGGGGGACAGGGAACTCCGACTACACCTTC,22914,20,clonotype1,clonotype1_consensus_1
GGGCATCTCTAGCACA-1,True,GGGCATCTCTAGCACA-1_contig_3,True,431,TRB,None,None,TRBJ2-7,None,False,False,None,None,1480,1,clonotype1,None
GGGTCTGAGCGTTTAC-1,True,GGGTCTGAGCGTTTAC-1_contig_1,True,502,TRB,TRBV13-1,None,TRBJ2-7,None,True,True,CASSDPGQGYF,TGTGCCAGCAGTGATCCGGGACAGGGTTACTTC,7786,6,clonotype80,clonotype80_consensus_1
GGGTCTGAGCGTTTAC-1,True,GGGTCTGAGCGTTTAC-1_contig_2,True,550,TRA,TRAV16N,None,TRAJ22,TRAC,True,True,CAMREGGSSGSWQLIF,TGTGCTATGAGAGAGGGAGGATCTTCTGGCAGCTGGCAACTCATCTTT,864,1,clonotype80,clonotype80_consensus_2
GGGTCTGAGCGTTTAC-1,True,GGGTCTGAGCGTTTAC-1_contig_3,True,308,TRB,None,None,TRBJ2-2,None,False,False,None,None,6766,3,clonotype80,None
GGGTCTGAGCGTTTAC-1,True,GGGTCTGAGCGTTTAC-1_contig_4,True,572,TRA,TRAV3-1,None,TRAJ34,TRAC,True,False,CAALLFQ,TGCGCAGCCCTTCTCTTCCAA,566,1,clonotype80,None
GGGTCTGCAAACGTGG-1,True,GGGTCTGCAAACGTGG-1_contig_1,True,549,TRB,TRBV16,None,TRBJ2-7,None,True,True,CASSLGGGLDEQYF,TGTGCAAGCAGCTTAGGGGGGGGGCTCGATGAACAGTACTTC,45770,52,clonotype26,clonotype26_consensus_1
GGGTCTGCAAACGTGG-1,True,GGGTCTGCAAACGTGG-1_contig_2,True,557,Multi,TRDV1,None,TRAJ45,TRAC,True,False,CGGTEGADRLTF,TGTGGAGGGACAGAAGGTGCAGATAGACTCACCTTT,20756,22,clonotype26,None
GGGTCTGCATTCCTCG-1,True,GGGTCTGCATTCCTCG-1_contig_1,True,509,TRB,TRBV5,None,TRBJ1-5,TRBC1,True,True,CASSQAGENNQAPLF,TGTGCCAGCAGCCAAGCAGGGGAGAACAACCAGGCTCCGCTTTTT,1546,3,clonotype52,clonotype52_consensus_2
GGGTCTGCATTCCTCG-1,True,GGGTCTGCATTCCTCG-1_contig_2,True,624,TRA,TRAV12D-3,None,TRAJ26,TRAC,True,True,CALSVNYAQGLTF,TGTGCTCTGAGTGTCAACTATGCCCAGGGATTAACCTTC,1342,1,clonotype52,clonotype52_consensus_1
GGGTCTGGTTCAACCA-1,True,GGGTCTGGTTCAACCA-1_contig_1,True,549,TRB,TRBV16,None,TRBJ2-5,None,True,True,CASSLGGGGDTQYF,TGTGCAAGCAGCTTAGGCGGGGGAGGAGACACCCAGTACTTT,4096,4,clonotype190,clonotype190_consensus_1
GGGTCTGTCACATAGC-1,True,GGGTCTGTCACATAGC-1_contig_1,True,541,TRA,TRAV8-1,None,TRAJ34,TRAC,True,True,CATDVSNTNKVVF,TGTGCTACTGATGTATCCAATACCAACAAAGTCGTCTTT,2432,1,clonotype82,clonotype82_consensus_2
GGGTCTGTCACATAGC-1,True,GGGTCTGTCACATAGC-1_contig_2,True,547,TRB,TRBV13-2,None,TRBJ1-5,TRBC1,True,True,CASGTGDNQAPLF,TGTGCCAGCGGGACAGGGGACAACCAGGCTCCGCTTTTT,2700,2,clonotype82,clonotype82_consensus_1
GGGTCTGTCACATAGC-1,True,GGGTCTGTCACATAGC-1_contig_3,True,334,TRB,None,None,TRBJ2-7,None,False,False,None,None,4500,1,clonotype82,None
GGGTTGCAGCTGATAA-1,True,GGGTTGCAGCTGATAA-1_contig_1,True,535,TRA,TRAV3D-3,None,TRAJ23,TRAC,True,True,CAVSDNYNQGKLIF,TGCGCAGTCAGTGATAATTATAACCAGGGGAAGCTTATCTTT,3662,2,clonotype109,clonotype109_consensus_1
GGGTTGCAGCTGATAA-1,True,GGGTTGCAGCTGATAA-1_contig_2,True,605,TRB,TRBV3,None,TRBJ2-5,None,True,True,CASSLDWGGQDTQYF,TGTGCCAGCAGCTTAGACTGGGGGGGGCAAGACACCCAGTACTTT,1760,2,clonotype109,clonotype109_consensus_2
GGGTTGCGTAAGGATT-1,True,GGGTTGCGTAAGGATT-1_contig_1,True,505,TRB,TRBV13-1,None,TRBJ2-1,None,True,True,CASGGAYAEQFF,TGTGCCAGCGGGGGGGCGTATGCTGAGCAGTTCTTC,9476,9,clonotype445,clonotype445_consensus_2
GGGTTGCGTAAGGATT-1,True,GGGTTGCGTAAGGATT-1_contig_2,True,713,TRA,TRAV9-4,None,TRAJ34,TRAC,True,True,CAVSTNTNKVVF,TGTGCTGTGAGCACCAATACCAACAAAGTCGTCTTT,5696,4,clonotype445,clonotype445_consensus_1
GGGTTGCGTCGACTGC-1,True,GGGTTGCGTCGACTGC-1_contig_1,True,527,TRA,TRAV19,None,TRAJ39,TRAC,True,True,CAAGGNNAGAKLTF,TGCGCAGCAGGTGGGAATAATGCAGGTGCCAAGCTCACATTC,7320,5,clonotype1,clonotype1_consensus_2
GGGTTGCGTCGACTGC-1,True,GGGTTGCGTCGACTGC-1_contig_2,True,567,TRB,TRBV12-2+TRBV13-2,None,TRBJ1-2,TRBC1,True,True,CASGGGTGNSDYTF,TGTGCCAGCGGTGGGGGGACAGGGAACTCCGACTACACCTTC,5446,6,clonotype1,clonotype1_consensus_1
GGGTTGCGTGGTGTAG-1,True,GGGTTGCGTGGTGTAG-1_contig_1,True,568,TRA,TRAV6-6,None,TRAJ24,TRAC,True,True,CAPLTTASLGKLQF,TGTGCTCCGTTGACAACTGCCAGTTTGGGGAAACTGCAGTTT,3956,3,clonotype2,clonotype2_consensus_2
GGGTTGCGTGGTGTAG-1,True,GGGTTGCGTGGTGTAG-1_contig_2,True,512,TRB,TRBV13-1,None,TRBJ2-4,None,True,True,CASSEGTNTLYF,TGTGCCAGCAGTGAAGGAACAAACACCTTGTACTTT,2738,3,clonotype2,clonotype2_consensus_1
GGGTTGCGTGGTGTAG-1,True,GGGTTGCGTGGTGTAG-1_contig_3,True,352,TRA,TRAV9D-2,None,TRAJ26,TRAC,True,False,CVLSRGNNYAQGLTF,TGTGTTCTGAGCAGGGGCAATAACTATGCCCAGGGATTAACCTTC,3628,2,clonotype2,None
GGGTTGCTCAATAAGG-1,True,GGGTTGCTCAATAAGG-1_contig_1,True,549,TRB,TRBV16,None,TRBJ2-5,None,True,True,CASSFGGGEDTQYF,TGTGCAAGCAGCTTTGGGGGGGGGGAAGACACCCAGTACTTT,4264,5,clonotype40,clonotype40_consensus_2
GGGTTGCTCAATAAGG-1,True,GGGTTGCTCAATAAGG-1_contig_2,True,557,TRA,TRAV16,None,TRAJ49,TRAC,True,True,CAMRESNTGYQNFYF,TGTGCTATGAGAGAGTCGAACACGGGTTACCAGAACTTCTATTTT,112,4,clonotype40,clonotype40_consensus_1
GGGTTGCTCAATAAGG-1,True,GGGTTGCTCAATAAGG-1_contig_3,True,433,TRB,None,None,TRBJ2-7,None,False,False,None,None,2256,2,clonotype40,None
GGGTTGCTCTGAGGGA-1,True,GGGTTGCTCTGAGGGA-1_contig_1,True,564,TRA,TRAV6-6,None,TRAJ24,TRAC,True,True,CAPLTTASLGKLQF,TGTGCTCCGTTGACAACTGCCAGTTTGGGGAAACTGCAGTTT,2272,2,clonotype2,clonotype2_consensus_2
GGGTTGCTCTGAGGGA-1,True,GGGTTGCTCTGAGGGA-1_contig_2,True,505,TRB,TRBV13-1,None,TRBJ2-4,None,True,True,CASSEGTNTLYF,TGTGCCAGCAGTGAAGGAACAAACACCTTGTACTTT,13898,8,clonotype2,clonotype2_consensus_1
GGGTTGCTCTGAGGGA-1,True,GGGTTGCTCTGAGGGA-1_contig_3,True,797,TRA,TRAV9D-2,None,TRAJ26,TRAC,True,False,CVLSRGNNYAQGLTF,TGTGTTCTGAGCAGGGGCAATAACTATGCCCAGGGATTAACCTTC,1502,1,clonotype2,None
GGTATTGAGATAGGAG-1,True,GGTATTGAGATAGGAG-1_contig_1,True,549,TRB,TRBV16,None,TRBJ2-5,None,True,True,CASSLGGGQDTQYF,TGTGCAAGCAGCTTAGGGGGGGGCCAAGACACCCAGTACTTT,23318,16,clonotype8,clonotype8_consensus_1
GGTATTGAGATAGGAG-1,True,GGTATTGAGATAGGAG-1_contig_2,True,570,TRA,TRAV4D-3,None,TRAJ27,TRAC,True,True,CAADGPNTGKLTF,TGTGCTGCGGACGGACCCAATACAGGCAAATTAACCTTT,13078,13,clonotype8,clonotype8_consensus_2
GGTATTGAGATAGGAG-1,True,GGTATTGAGATAGGAG-1_contig_3,True,504,TRA,TRAV7N-6,None,TRAJ30,TRAC,True,True,CAVVDTNAYKVIF,TGTGCAGTGGTTGACACAAATGCTTACAAAGTCATCTTT,2022,4,clonotype8,clonotype8_consensus_3
GGTATTGCACCACGTG-1,True,GGTATTGCACCACGTG-1_contig_1,True,513,TRA,TRAV8-1,None,TRAJ30,TRAC,True,True,CATDTNAYKVIF,TGTGCTACTGACACAAATGCTTACAAAGTCATCTTT,2354,2,clonotype13,clonotype13_consensus_1
GGTATTGCACCACGTG-1,True,GGTATTGCACCACGTG-1_contig_2,True,565,TRB,TRBV12-2+TRBV13-2,None,TRBJ1-5,TRBC1,True,True,CASGTGDNQAPLF,TGTGCCAGCGGGACAGGGGACAACCAGGCTCCGCTTTTT,7156,7,clonotype13,clonotype13_consensus_2
GGTATTGCACCACGTG-1,True,GGTATTGCACCACGTG-1_contig_3,True,687,TRA,None,None,TRAJ26,TRAC,False,False,None,None,922,1,clonotype13,None
GGTATTGCACCGGAAA-1,True,GGTATTGCACCGGAAA-1_contig_1,True,558,TRA,TRAV4D-3,None,TRAJ27,TRAC,True,True,CAADGPNTGKLTF,TGTGCTGCTGACGGGCCCAATACAGGCAAATTAACCTTT,3144,4,clonotype57,clonotype57_consensus_1
GGTATTGCACCGGAAA-1,True,GGTATTGCACCGGAAA-1_contig_2,True,347,TRB,TRBV13-2,None,TRBJ2-5,None,True,False,None,None,2896,2,clonotype57,None
GGTATTGCACCGGAAA-1,True,GGTATTGCACCGGAAA-1_contig_3,True,595,TRA,TRAV7-4,None,TRAJ31,TRAC,True,False,None,None,3998,2,clonotype57,None
GGTATTGCACTGTCGG-1,True,GGTATTGCACTGTCGG-1_contig_1,True,547,TRA,TRAV16D-DV11,None,TRAJ26,TRAC,True,True,CAMREENNYAQGLTF,TGTGCTATGAGAGAGGAAAATAACTATGCCCAGGGATTAACCTTC,5888,3,clonotype12,clonotype12_consensus_2
GGTATTGCACTGTCGG-1,True,GGTATTGCACTGTCGG-1_contig_2,True,505,TRB,TRBV13-1,None,TRBJ2-3,None,True,True,CASGDSAETLYF,TGTGCCAGCGGGGACAGTGCAGAAACGCTGTATTTT,3850,5,clonotype12,clonotype12_consensus_1
GGTATTGCACTGTCGG-1,True,GGTATTGCACTGTCGG-1_contig_3,True,575,TRA,TRAV3D-3,None,TRAJ28,TRAC,True,False,CTSAQSVRGTGSNRLTF,TGTACTTCTGCGCAGTCAGTGAGGGGCACTGGGAGTAACAGGCTCACTTTT,3236,2,clonotype12,None
GGTATTGCACTGTCGG-1,True,GGTATTGCACTGTCGG-1_contig_4,True,375,TRB,None,None,TRBJ1-6,TRBC1,False,False,None,None,5264,4,clonotype12,None
GGTATTGGTGGCTCCA-1,True,GGTATTGGTGGCTCCA-1_contig_1,True,548,TRB,TRBV12-2+TRBV13-2,None,TRBJ2-1,None,True,True,CASGDPFQFF,TGTGCCAGCGGTGATCCTTTCCAGTTCTTC,4594,4,clonotype58,clonotype58_consensus_2
GGTATTGGTGGCTCCA-1,True,GGTATTGGTGGCTCCA-1_contig_2,True,507,TRB,TRBV5,None,TRBJ2-2,None,True,True,CASSTGQLYF,TGTGCCAGCAGCACCGGGCAGCTCTACTTT,5068,4,clonotype58,clonotype58_consensus_1
GGTATTGTCACAACGT-1,True,GGTATTGTCACAACGT-1_contig_1,True,517,TRA,TRAV6-6,None,TRAJ17,TRAC,True,True,CALGEDSAGNKLTF,TGTGCTCTGGGTGAGGACAGTGCAGGGAACAAGCTAACTTTT,6066,3,clonotype446,clonotype446_consensus_3
GGTATTGTCACAACGT-1,True,GGTATTGTCACAACGT-1_contig_2,True,567,TRA,TRAV8-1,None,TRAJ30,TRAC,True,True,CATDTNAYKVIF,TGTGCTACTGACACAAATGCTTACAAAGTCATCTTT,9162,6,clonotype446,clonotype446_consensus_1
GGTATTGTCACAACGT-1,True,GGTATTGTCACAACGT-1_contig_3,True,559,TRB,TRBV12-2+TRBV13-2,None,TRBJ1-5,TRBC1,True,True,CASGTGDNQAPLF,TGTGCCAGCGGGACAGGGGACAACCAGGCTCCGCTTTTT,22298,18,clonotype446,clonotype446_consensus_2
GGTATTGTCACAACGT-1,True,GGTATTGTCACAACGT-1_contig_4,True,553,Multi,TRDV1,None,TRAJ45,TRAC,True,False,CGGTEGADRLTF,TGTGGAGGGACAGAAGGTGCAGATAGACTCACCTTT,3136,1,clonotype446,None
GGTATTGTCGGAGCAA-1,True,GGTATTGTCGGAGCAA-1_contig_1,True,549,TRB,TRBV16,None,TRBJ2-7,None,True,True,CASSLGGGLDEQYF,TGTGCAAGCAGCTTAGGGGGGGGGCTCGATGAACAGTACTTC,38316,33,clonotype26,clonotype26_consensus_1
GGTATTGTCGGAGCAA-1,True,GGTATTGTCGGAGCAA-1_contig_2,True,555,Multi,TRDV1,None,TRAJ45,TRAC,True,False,CGGTEGADRLTF,TGTGGAGGGACAGAAGGTGCAGATAGACTCACCTTT,21812,13,clonotype26,None
GGTGAAGAGACTAGAT-1,True,GGTGAAGAGACTAGAT-1_contig_1,True,532,TRA,TRAV13-4-DV7,None,TRAJ58,TRAC,True,True,CAPMQQGTGSKLSF,TGTGCTCCTATGCAGCAAGGCACTGGGTCTAAGCTGTCATTT,7842,5,clonotype18,clonotype18_consensus_2
GGTGAAGAGACTAGAT-1,True,GGTGAAGAGACTAGAT-1_contig_2,True,525,TRB,TRBV17,None,TRBJ2-5,None,True,True,CASSRKGVQDTQYF,TGTGCTAGCAGTAGAAAGGGGGTCCAAGACACCCAGTACTTT,17712,13,clonotype18,clonotype18_consensus_1
GGTGAAGAGACTAGAT-1,True,GGTGAAGAGACTAGAT-1_contig_3,True,428,TRB,None,None,TRBJ2-3,None,False,False,None,None,4934,3,clonotype18,None
GGTGAAGAGCCCAACC-1,True,GGTGAAGAGCCCAACC-1_contig_1,True,549,TRB,TRBV16,None,TRBJ2-5,None,True,True,CASSLGGGQDTQYF,TGTGCAAGCAGCTTAGGGGGGGGGCAAGACACCCAGTACTTT,4686,6,clonotype11,clonotype11_consensus_2
GGTGAAGAGCCCAACC-1,True,GGTGAAGAGCCCAACC-1_contig_2,True,569,TRA,TRAV4D-3,None,TRAJ27,TRAC,True,True,CAADGPNTGKLTF,TGTGCTGCTGACGGGCCCAATACAGGCAAATTAACCTTT,7888,6,clonotype11,clonotype11_consensus_1
GGTGAAGAGTACGTTC-1,True,GGTGAAGAGTACGTTC-1_contig_1,True,598,TRB,TRBV12-2+TRBV13-2,None,TRBJ2-7,None,True,True,CASGVQGWEQYF,TGTGCCAGCGGTGTACAGGGGTGGGAACAGTACTTC,13278,11,clonotype138,clonotype138_consensus_1
GGTGAAGAGTACGTTC-1,True,GGTGAAGAGTACGTTC-1_contig_2,True,545,TRA,TRAV6D-5,None,TRAJ38,TRAC,True,False,CTTVFWDNVGDNSKLIW,TGTACTACTGTGTTCTGGGATAATGTTGGTGACAACAGTAAGCTGATTTGG,1944,1,clonotype138,None
GGTGAAGCATTGGTAC-1,True,GGTGAAGCATTGGTAC-1_contig_1,True,507,TRB,TRBV31,None,TRBJ2-4,None,True,True,CAWDNQNTLYF,TGTGCCTGGGACAATCAAAACACCTTGTACTTT,28070,16,clonotype200,clonotype200_consensus_2
GGTGAAGCATTGGTAC-1,True,GGTGAAGCATTGGTAC-1_contig_2,True,562,TRB,TRBV12-2+TRBV13-2,None,TRBJ2-4,None,True,True,CASGTGDTLYF,TGTGCCAGCGGTACGGGCGACACCTTGTACTTT,37896,36,clonotype200,clonotype200_consensus_1
GGTGAAGGTTCGCGAC-1,True,GGTGAAGGTTCGCGAC-1_contig_1,True,573,TRA,TRAV19,None,TRAJ39,TRAC,True,True,CAAGGNNAGAKLTF,TGCGCAGCAGGTGGGAATAATGCAGGTGCCAAGCTCACATTC,1616,1,clonotype1,clonotype1_consensus_2
GGTGAAGGTTCGCGAC-1,True,GGTGAAGGTTCGCGAC-1_contig_2,True,547,TRB,TRBV12-2+TRBV13-2,None,TRBJ1-2,TRBC1,True,True,CASGGGTGNSDYTF,TGTGCCAGCGGTGGGGGGACAGGGAACTCCGACTACACCTTC,3018,2,clonotype1,clonotype1_consensus_1
GGTGAAGGTTCGCGAC-1,True,GGTGAAGGTTCGCGAC-1_contig_3,True,521,TRB,None,None,TRBJ2-7,None,False,False,None,None,1494,1,clonotype1,None
GGTGAAGGTTCGCGAC-1,True,GGTGAAGGTTCGCGAC-1_contig_4,True,334,TRB,None,None,TRBJ2-1,None,False,False,None,None,1980,1,clonotype1,None
GGTGAAGGTTCGGGCT-1,True,GGTGAAGGTTCGGGCT-1_contig_1,True,518,TRB,TRBV26,None,TRBJ2-1,None,True,True,CASSLHKFYAEQFF,TGTGCCAGCAGTCTGCACAAATTCTATGCTGAGCAGTTCTTC,7400,4,clonotype201,clonotype201_consensus_1
GGTGAAGGTTGGACCC-1,True,GGTGAAGGTTGGACCC-1_contig_1,True,522,TRB,TRBV5,None,TRBJ1-5,TRBC1,True,True,CASSHPGQNNQAPLF,TGTGCCAGCAGCCACCCGGGACAGAACAACCAGGCTCCGCTTTTT,6134,4,clonotype142,clonotype142_consensus_1
GGTGAAGGTTGGACCC-1,True,GGTGAAGGTTGGACCC-1_contig_2,True,639,TRA,TRAV12D-3,None,TRAJ26,TRAC,True,True,CALSESYAQGLTF,TGTGCTCTGAGTGAGAGCTATGCCCAGGGATTAACCTTC,3752,3,clonotype142,clonotype142_consensus_2
GGTGAAGTCGTAGGAG-1,True,GGTGAAGTCGTAGGAG-1_contig_1,True,566,TRA,TRAV16,None,TRAJ57,TRAC,True,True,CAMREPQGGSAKLIF,TGTGCTATGAGAGAGCCTCAAGGAGGGTCTGCGAAGCTCATCTTT,4308,4,clonotype22,clonotype22_consensus_3
GGTGAAGTCGTAGGAG-1,True,GGTGAAGTCGTAGGAG-1_contig_2,True,532,TRA,TRAV13-4-DV7,None,TRAJ58,TRAC,True,True,CAPMQQGTGSKLSF,TGTGCTCCTATGCAGCAAGGCACTGGGTCTAAGCTGTCATTT,14870,19,clonotype22,clonotype22_consensus_2
GGTGAAGTCGTAGGAG-1,True,GGTGAAGTCGTAGGAG-1_contig_3,True,525,TRB,TRBV17,None,TRBJ2-5,None,True,True,CASSRKGVQDTQYF,TGTGCTAGCAGTAGAAAGGGGGTCCAAGACACCCAGTACTTT,42494,58,clonotype22,clonotype22_consensus_1
GGTGAAGTCGTAGGAG-1,True,GGTGAAGTCGTAGGAG-1_contig_4,True,430,TRB,None,None,TRBJ2-3,None,False,False,None,None,14088,18,clonotype22,None
GGTGAAGTCTTTCCTC-1,True,GGTGAAGTCTTTCCTC-1_contig_1,True,595,TRA,TRAV14N-3,None,TRAJ6,TRAC,True,True,CAARTSGGNYKPTF,TGTGCAGCAAGAACCTCAGGAGGAAACTACAAACCTACGTTT,6644,4,clonotype4,clonotype4_consensus_2
GGTGAAGTCTTTCCTC-1,True,GGTGAAGTCTTTCCTC-1_contig_2,True,549,TRA,TRAV8N-2,None,TRAJ13,TRAC,True,True,CATEDSGTYQRF,TGTGCTACTGAGGATTCTGGGACTTACCAGAGGTTT,3452,3,clonotype4,clonotype4_consensus_1
GGTGAAGTCTTTCCTC-1,True,GGTGAAGTCTTTCCTC-1_contig_3,True,565,TRB,TRBV12-2+TRBV13-2,None,TRBJ2-7,None,True,True,CASGTGGDYEQYF,TGTGCCAGCGGGACTGGGGGGGACTATGAACAGTACTTC,9360,8,clonotype4,clonotype4_consensus_3
GGTGCGTAGGGCTCTC-1,True,GGTGCGTAGGGCTCTC-1_contig_1,True,549,TRA,TRAV8N-2,None,TRAJ13,TRAC,True,True,CATEDSGTYQRF,TGTGCTACTGAGGATTCTGGGACTTACCAGAGGTTT,5290,4,clonotype36,clonotype36_consensus_1
GGTGCGTAGGGCTCTC-1,True,GGTGCGTAGGGCTCTC-1_contig_2,True,564,TRB,TRBV12-2+TRBV13-2,None,TRBJ2-7,None,True,True,CASGTGGDYEQYF,TGTGCCAGCGGGACTGGGGGGGACTATGAACAGTACTTC,7164,11,clonotype36,clonotype36_consensus_2
GGTGCGTAGTCGTACT-1,True,GGTGCGTAGTCGTACT-1_contig_1,True,519,TRB,TRBV13-2,None,TRBJ1-4,TRBC1,True,True,CASGDAPERLFF,TGTGCCAGCGGTGATGCTCCCGAAAGATTATTTTTC,3710,4,clonotype41,clonotype41_consensus_1
GGTGCGTAGTCGTACT-1,True,GGTGCGTAGTCGTACT-1_contig_2,True,712,TRB,None,None,TRBJ2-5,None,False,False,None,None,2634,3,clonotype41,None
GGTGCGTAGTCGTACT-1,True,GGTGCGTAGTCGTACT-1_contig_3,True,333,TRB,None,None,TRBJ2-1,None,False,False,None,None,4832,2,clonotype41,None
GGTGCGTAGTCGTACT-1,True,GGTGCGTAGTCGTACT-1_contig_4,True,549,Multi,TRDV1,None,TRAJ43,TRAC,True,False,CGGLNNAPRF,TGTGGAGGCCTCAACAATGCCCCACGATTT,6566,5,clonotype41,None
GGTGCGTCAGGACCCT-1,True,GGTGCGTCAGGACCCT-1_contig_1,True,505,TRB,TRBV13-1,None,TRBJ2-4,None,True,True,CASSEGTNTLYF,TGTGCCAGCAGTGAAGGAACAAACACCTTGTACTTT,2826,3,clonotype6,clonotype6_consensus_1
GGTGCGTGTGGCCCTA-1,True,GGTGCGTGTGGCCCTA-1_contig_1,True,534,TRA,TRAV19,None,TRAJ39,TRAC,True,True,CAAGGNNAGAKLTF,TGCGCAGCAGGTGGGAATAATGCAGGTGCCAAGCTCACATTC,410,1,clonotype1,clonotype1_consensus_2
GGTGCGTGTGGCCCTA-1,True,GGTGCGTGTGGCCCTA-1_contig_2,True,563,TRB,TRBV12-2+TRBV13-2,None,TRBJ1-2,TRBC1,True,True,CASGGGTGNSDYTF,TGTGCCAGCGGTGGGGGGACAGGGAACTCCGACTACACCTTC,1662,2,clonotype1,clonotype1_consensus_1
GGTGCGTGTGGCCCTA-1,True,GGTGCGTGTGGCCCTA-1_contig_3,True,333,TRB,None,None,TRBJ2-1,None,False,False,None,None,1496,1,clonotype1,None
GGTGCGTGTTTAGGAA-1,True,GGTGCGTGTTTAGGAA-1_contig_1,True,533,TRA,TRAV6-6,None,TRAJ24,TRAC,True,True,CAPLTTASLGKLQF,TGTGCTCCGTTGACAACTGCCAGTTTGGGGAAACTGCAGTTT,6080,7,clonotype3,clonotype3_consensus_2
GGTGCGTGTTTAGGAA-1,True,GGTGCGTGTTTAGGAA-1_contig_2,True,512,TRB,TRBV13-1,None,TRBJ2-4,None,True,True,CASSEGTNTLYF,TGTGCCAGCAGTGAAGGAACAAACACCTTGTACTTT,50888,40,clonotype3,clonotype3_consensus_1
GGTGCGTGTTTAGGAA-1,True,GGTGCGTGTTTAGGAA-1_contig_3,True,670,TRA,TRAV9D-2,None,TRAJ26,TRAC,True,True,CVLSRGNNYAQGLTF,TGTGTTCTGAGCAGGGGCAATAACTATGCCCAGGGATTAACCTTC,10506,8,clonotype3,clonotype3_consensus_3
GGTGCGTGTTTAGGAA-1,True,GGTGCGTGTTTAGGAA-1_contig_4,True,459,TRB,None,None,TRBJ2-7,None,False,False,None,None,4486,2,clonotype3,None
GGTGCGTTCGCGATCG-1,True,GGTGCGTTCGCGATCG-1_contig_1,True,570,TRA,TRAV14N-3,None,TRAJ6,TRAC,True,True,CAARTSGGNYKPTF,TGTGCAGCAAGAACCTCAGGAGGAAACTACAAACCTACGTTT,13862,12,clonotype4,clonotype4_consensus_2
GGTGCGTTCGCGATCG-1,True,GGTGCGTTCGCGATCG-1_contig_2,True,549,TRA,TRAV8N-2,None,TRAJ13,TRAC,True,True,CATEDSGTYQRF,TGTGCTACTGAGGATTCTGGGACTTACCAGAGGTTT,34520,31,clonotype4,clonotype4_consensus_1
GGTGCGTTCGCGATCG-1,True,GGTGCGTTCGCGATCG-1_contig_3,True,569,TRB,TRBV12-2+TRBV13-2,None,TRBJ2-7,None,True,True,CASGTGGDYEQYF,TGTGCCAGCGGGACTGGGGGGGACTATGAACAGTACTTC,28420,38,clonotype4,clonotype4_consensus_3
GGTGTTAAGACTTGAA-1,True,GGTGTTAAGACTTGAA-1_contig_1,True,502,TRB,TRBV13-1,None,TRBJ2-7,None,True,True,CASSGPLEQYF,TGTGCCAGCAGTGGGCCCCTGGAACAGTACTTC,19840,15,clonotype193,clonotype193_consensus_1
GGTGTTACAGTTTACG-1,True,GGTGTTACAGTTTACG-1_contig_1,True,558,TRA,TRAV19,None,TRAJ39,TRAC,True,True,CAAGGNNAGAKLTF,TGCGCAGCAGGTGGGAATAATGCAGGTGCCAAGCTCACATTC,6710,4,clonotype1,clonotype1_consensus_2
GGTGTTACAGTTTACG-1,True,GGTGTTACAGTTTACG-1_contig_2,True,586,TRB,TRBV12-2+TRBV13-2,None,TRBJ1-2,TRBC1,True,True,CASGGGTGNSDYTF,TGTGCCAGCGGTGGGGGGACAGGGAACTCCGACTACACCTTC,5598,5,clonotype1,clonotype1_consensus_1
GGTGTTACAGTTTACG-1,True,GGTGTTACAGTTTACG-1_contig_3,True,355,TRB,None,None,TRBJ2-1,None,False,False,None,None,8676,3,clonotype1,None
GGTGTTACAGTTTACG-1,True,GGTGTTACAGTTTACG-1_contig_4,True,516,TRA,TRAV7-5,None,TRAJ45,TRAC,True,False,CSDTEGADRLTF,TGCAGTGATACAGAAGGTGCAGATAGACTCACCTTT,5390,4,clonotype1,None
GGTGTTACATCGATTG-1,True,GGTGTTACATCGATTG-1_contig_1,True,520,TRA,TRAV19,None,TRAJ39,TRAC,True,True,CAAGGNNAGAKLTF,TGCGCAGCAGGTGGGAATAATGCAGGTGCCAAGCTCACATTC,16916,12,clonotype1,clonotype1_consensus_2
GGTGTTACATCGATTG-1,True,GGTGTTACATCGATTG-1_contig_2,True,592,TRB,TRBV12-2+TRBV13-2,None,TRBJ1-2,TRBC1,True,True,CASGGGTGNSDYTF,TGTGCCAGCGGTGGGGGGACAGGGAACTCCGACTACACCTTC,9350,9,clonotype1,clonotype1_consensus_1
GGTGTTACATCGATTG-1,True,GGTGTTACATCGATTG-1_contig_3,True,631,TRB,None,None,TRBJ2-7,None,False,False,None,None,1092,1,clonotype1,None
GGTGTTACATCGATTG-1,True,GGTGTTACATCGATTG-1_contig_4,True,366,TRB,None,None,TRBJ2-1,None,False,False,None,None,12910,9,clonotype1,None
GGTGTTAGTTCAGACT-1,True,GGTGTTAGTTCAGACT-1_contig_1,True,549,TRB,TRBV16,None,TRBJ2-5,None,True,True,CASSLGGNQDTQYF,TGTGCAAGCAGCTTAGGGGGGAACCAAGACACCCAGTACTTT,3670,4,clonotype447,clonotype447_consensus_1
GGTGTTAGTTCAGACT-1,True,GGTGTTAGTTCAGACT-1_contig_2,True,511,TRA,TRAV6N-6,None,TRAJ18,TRAC,True,True,CALYRGSALGRLHF,TGCGCTCTGTATAGAGGTTCAGCCTTAGGGAGGCTGCATTTT,2044,1,clonotype447,clonotype447_consensus_2
GGTGTTAGTTCAGACT-1,True,GGTGTTAGTTCAGACT-1_contig_3,True,527,TRA,TRAV6D-5,None,TRAJ38,TRAC,True,False,CTTVFWDNVGDNSKLIW,TGTACTACTGTGTTCTGGGATAATGTTGGTGACAACAGTAAGCTGATTTGG,1982,1,clonotype447,None
GGTGTTATCAACGCTA-1,True,GGTGTTATCAACGCTA-1_contig_1,True,554,TRA,TRAV6-6,None,TRAJ24,TRAC,True,True,CAPLTTASLGKLQF,TGTGCTCCGTTGACAACTGCCAGTTTGGGGAAACTGCAGTTT,11294,6,clonotype3,clonotype3_consensus_2
GGTGTTATCAACGCTA-1,True,GGTGTTATCAACGCTA-1_contig_2,True,512,TRB,TRBV13-1,None,TRBJ2-4,None,True,True,CASSEGTNTLYF,TGTGCCAGCAGTGAAGGAACAAACACCTTGTACTTT,22646,20,clonotype3,clonotype3_consensus_1
GGTGTTATCAACGCTA-1,True,GGTGTTATCAACGCTA-1_contig_3,True,704,TRA,TRAV9D-2,None,TRAJ26,TRAC,True,True,CVLSRGNNYAQGLTF,TGTGTTCTGAGCAGGGGCAATAACTATGCCCAGGGATTAACCTTC,12060,8,clonotype3,clonotype3_consensus_3
GGTGTTATCAACGCTA-1,True,GGTGTTATCAACGCTA-1_contig_4,True,501,TRA,TRAV10D,None,TRAJ30,None,True,False,None,None,60,1,clonotype3,None
GGTGTTATCCTCGCAT-1,True,GGTGTTATCCTCGCAT-1_contig_1,True,519,TRA,TRAV19,None,TRAJ39,TRAC,True,True,CAAGGNNAGAKLTF,TGCGCAGCAGGTGGGAATAATGCAGGTGCCAAGCTCACATTC,13890,8,clonotype1,clonotype1_consensus_2
GGTGTTATCCTCGCAT-1,True,GGTGTTATCCTCGCAT-1_contig_2,True,588,TRB,TRBV12-2+TRBV13-2,None,TRBJ1-2,TRBC1,True,True,CASGGGTGNSDYTF,TGTGCCAGCGGTGGGGGGACAGGGAACTCCGACTACACCTTC,18076,18,clonotype1,clonotype1_consensus_1
GTAACGTCAGTAACGG-1,True,GTAACGTCAGTAACGG-1_contig_1,True,566,TRA,TRAV12-2,None,TRAJ34,TRAC,True,True,CALSGNTNKVVF,TGTGCTTTGAGTGGCAATACCAACAAAGTCGTCTTT,1782,2,clonotype202,clonotype202_consensus_1
GTAACGTCAGTAACGG-1,True,GTAACGTCAGTAACGG-1_contig_2,True,608,TRB,TRBV13-1,None,TRBJ2-1,None,True,False,CASGGAYAEQFF,TGTGCCAGCGGGGGGGCGTATGCTGAGCAGTTCTTC,3778,3,clonotype202,None
GTAACGTCATGGATGG-1,True,GTAACGTCATGGATGG-1_contig_1,True,549,TRB,TRBV16,None,TRBJ2-5,None,True,True,CASSFGGAPDTQYF,TGTGCAAGCAGCTTTGGGGGGGCGCCAGACACCCAGTACTTT,4978,7,clonotype118,clonotype118_consensus_2
GTAACGTCATGGATGG-1,True,GTAACGTCATGGATGG-1_contig_2,True,559,TRA,TRAV4D-4,None,TRAJ45,TRAC,True,True,CAAYTEGADRLTF,TGTGCTGCCTATACAGAAGGTGCAGATAGACTCACCTTT,5804,3,clonotype118,clonotype118_consensus_1
GTAACGTGTGCCTGGT-1,True,GTAACGTGTGCCTGGT-1_contig_1,True,547,TRA,TRAV8-1,None,TRAJ30,TRAC,True,True,CATDTNAYKVIF,TGTGCTACCGACACAAATGCTTACAAAGTCATCTTT,4574,4,clonotype38,clonotype38_consensus_1
GTAACGTGTGCCTGGT-1,True,GTAACGTGTGCCTGGT-1_contig_2,True,552,TRB,TRBV12-2+TRBV13-2,None,TRBJ1-5,TRBC1,True,True,CASGTGDNQAPLF,TGTGCCAGCGGTACAGGAGACAACCAGGCTCCGCTTTTT,17696,15,clonotype38,clonotype38_consensus_2
GTAACGTGTGCCTGGT-1,True,GTAACGTGTGCCTGGT-1_contig_3,True,368,TRB,None,None,TRBJ2-7,None,False,False,None,None,5308,3,clonotype38,None
GTAACGTGTGCCTGGT-1,True,GTAACGTGTGCCTGGT-1_contig_4,True,334,TRB,None,None,TRBJ2-1,None,False,False,None,None,4844,3,clonotype38,None
GTAACGTGTGCCTGGT-1,True,GTAACGTGTGCCTGGT-1_contig_5,True,481,TRB,None,None,TRBJ1-4,TRBC1,False,False,None,None,4938,3,clonotype38,None
GTAACGTGTGCCTGGT-1,True,GTAACGTGTGCCTGGT-1_contig_6,True,311,TRB,None,None,TRBJ2-2,None,False,False,None,None,3868,1,clonotype38,None
GTAACGTTCATGCTCC-1,True,GTAACGTTCATGCTCC-1_contig_1,True,549,TRB,TRBV16,None,TRBJ2-5,None,True,True,CASSLGGGQDTQYF,TGTGCAAGCAGCTTAGGGGGGGGGCAAGACACCCAGTACTTT,5748,7,clonotype77,clonotype77_consensus_1
GTAACGTTCTGTCTCG-1,True,GTAACGTTCTGTCTCG-1_contig_1,True,566,TRA,TRAV3-3,None,TRAJ49,TRAC,True,True,CAVSGSTGYQNFYF,TGCGCAGTCAGTGGGAGCACGGGTTACCAGAACTTCTATTTT,4834,5,clonotype5,clonotype5_consensus_1
GTAACGTTCTGTCTCG-1,True,GTAACGTTCTGTCTCG-1_contig_2,True,567,TRB,TRBV12-2+TRBV13-2,None,TRBJ2-7,None,True,True,CASGVQGWEQYF,TGTGCCAGCGGTGTACAGGGGTGGGAACAGTACTTC,11586,11,clonotype5,clonotype5_consensus_2
GTAACGTTCTGTCTCG-1,True,GTAACGTTCTGTCTCG-1_contig_3,True,315,TRB,None,None,TRBJ1-1,TRBC1,False,False,None,None,11208,8,clonotype5,None
GTAACGTTCTGTCTCG-1,True,GTAACGTTCTGTCTCG-1_contig_4,True,420,TRA,TRAV6D-5,None,TRAJ38,None,True,False,CTTVFWDNVGDNSKLIW,TGTACTACTGTGTTCTGGGATAATGTTGGTGACAACAGTAAGCTGATTTGG,1388,1,clonotype5,None
GTAACGTTCTGTCTCG-1,True,GTAACGTTCTGTCTCG-1_contig_5,True,312,TRB,None,None,TRBJ2-5,None,False,False,None,None,11590,7,clonotype5,None
GTAACGTTCTTTACAC-1,True,GTAACGTTCTTTACAC-1_contig_1,True,548,TRA,TRAV14D-1,None,TRAJ22,TRAC,True,True,CAASASSGSWQLIF,TGTGCAGCAAGTGCGTCTTCTGGCAGCTGGCAACTCATCTTT,5020,3,clonotype56,clonotype56_consensus_1
GTAACGTTCTTTACAC-1,True,GTAACGTTCTTTACAC-1_contig_2,True,508,TRB,TRBV14,None,TRBJ2-5,None,True,True,CASSPGTDDTQYF,TGTGCCAGCAGTCCCGGGACAGATGACACCCAGTACTTT,4596,3,clonotype56,clonotype56_consensus_2
GTAACTGAGTGAACGC-1,True,GTAACTGAGTGAACGC-1_contig_1,True,535,TRA,TRAV3D-3,None,TRAJ26,TRAC,True,True,CAVSANNYAQGLTF,TGCGCAGTCAGTGCAAATAACTATGCCCAGGGATTAACCTTC,2690,1,clonotype176,clonotype176_consensus_1
GTAACTGAGTGAACGC-1,True,GTAACTGAGTGAACGC-1_contig_2,True,589,TRB,TRBV2,None,TRBJ2-3,None,True,True,CASSQEGGGRFAETLYF,TGTGCCAGCAGCCAAGAGGGGGGGGGGCGTTTTGCAGAAACGCTGTATTTT,3464,2,clonotype176,clonotype176_consensus_2
GTAACTGAGTGAACGC-1,True,GTAACTGAGTGAACGC-1_contig_3,True,347,TRB,TRBV31,None,TRBJ2-5,None,True,False,None,None,646,1,clonotype176,None
GTAACTGGTCAATGTC-1,True,GTAACTGGTCAATGTC-1_contig_1,True,570,TRB,TRBV12-2+TRBV13-2,None,TRBJ1-2,TRBC1,True,True,CASGGGTGNSDYTF,TGTGCCAGCGGTGGGGGGACAGGGAACTCCGACTACACCTTC,10414,9,clonotype7,clonotype7_consensus_1
GTAACTGGTGCTCTTC-1,True,GTAACTGGTGCTCTTC-1_contig_1,True,626,TRA,TRAV14-1,None,TRAJ32,TRAC,True,True,CAASPLGSSGNKLIF,TGTGCAGCAAGTCCTCTTGGGAGCAGTGGCAACAAGCTCATCTTT,3080,3,clonotype448,clonotype448_consensus_1
GTAACTGGTGCTCTTC-1,True,GTAACTGGTGCTCTTC-1_contig_2,True,567,TRB,TRBV12-2+TRBV13-2,None,TRBJ1-5,TRBC1,True,True,CASGTGDNQAPLF,TGTGCCAGCGGGACAGGGGACAACCAGGCTCCGCTTTTT,2802,4,clonotype448,clonotype448_consensus_2
GTAACTGTCAGCGATT-1,True,GTAACTGTCAGCGATT-1_contig_1,True,566,TRA,TRAV16,None,TRAJ52,TRAC,True,True,CAMREGHTGANTGKLTF,TGTGCTATGAGAGAGGGCCACACTGGAGCTAACACTGGAAAGCTCACGTTT,3466,3,clonotype449,clonotype449_consensus_1
GTAACTGTCAGCGATT-1,True,GTAACTGTCAGCGATT-1_contig_2,True,557,TRA,TRAV8N-2,None,TRAJ53,TRAC,True,False,None,None,5652,4,clonotype449,None
GTAACTGTCGCCGTGA-1,True,GTAACTGTCGCCGTGA-1_contig_1,True,549,TRB,TRBV16,None,TRBJ2-5,None,True,True,CASSLGGGQDTQYF,TGTGCAAGCAGCTTAGGGGGGGGCCAAGACACCCAGTACTTT,1312,3,clonotype15,clonotype15_consensus_1
GTAACTGTCGCCGTGA-1,True,GTAACTGTCGCCGTGA-1_contig_2,True,559,TRA,TRAV4D-3,None,TRAJ27,TRAC,True,True,CAADGPNTGKLTF,TGTGCTGCGGACGGACCCAATACAGGCAAATTAACCTTT,6314,4,clonotype15,clonotype15_consensus_2
GTACGTACAAAGGTGC-1,True,GTACGTACAAAGGTGC-1_contig_1,True,549,TRA,TRAV6-6,None,TRAJ24,TRAC,True,True,CAPLTTASLGKLQF,TGTGCTCCGTTGACAACTGCCAGTTTGGGGAAACTGCAGTTT,8128,6,clonotype3,clonotype3_consensus_2
GTACGTACAAAGGTGC-1,True,GTACGTACAAAGGTGC-1_contig_2,True,512,TRB,TRBV13-1,None,TRBJ2-4,None,True,True,CASSEGTNTLYF,TGTGCCAGCAGTGAAGGAACAAACACCTTGTACTTT,47134,39,clonotype3,clonotype3_consensus_1
GTACGTACAAAGGTGC-1,True,GTACGTACAAAGGTGC-1_contig_3,True,730,TRA,TRAV9D-2,None,TRAJ26,TRAC,True,True,CVLSRGNNYAQGLTF,TGTGTTCTGAGCAGGGGCAATAACTATGCCCAGGGATTAACCTTC,11050,7,clonotype3,clonotype3_consensus_3
GTACGTACATGATCCA-1,True,GTACGTACATGATCCA-1_contig_1,True,556,TRA,TRAV19,None,TRAJ39,TRAC,True,True,CAAGGNNAGAKLTF,TGCGCAGCAGGTGGGAATAATGCAGGTGCCAAGCTCACATTC,20284,12,clonotype1,clonotype1_consensus_2
GTACGTACATGATCCA-1,True,GTACGTACATGATCCA-1_contig_2,True,594,TRB,TRBV12-2+TRBV13-2,None,TRBJ1-2,TRBC1,True,True,CASGGGTGNSDYTF,TGTGCCAGCGGTGGGGGGACAGGGAACTCCGACTACACCTTC,28928,21,clonotype1,clonotype1_consensus_1
GTACGTACATGATCCA-1,True,GTACGTACATGATCCA-1_contig_3,True,308,TRB,None,None,TRBJ2-7,None,False,False,None,None,5070,5,clonotype1,None
GTACGTAGTACATGTC-1,True,GTACGTAGTACATGTC-1_contig_1,True,529,TRA,TRAV14N-3,None,TRAJ6,TRAC,True,True,CAARTSGGNYKPTF,TGTGCAGCAAGAACCTCAGGAGGAAACTACAAACCTACGTTT,16056,8,clonotype4,clonotype4_consensus_2
GTACGTAGTACATGTC-1,True,GTACGTAGTACATGTC-1_contig_2,True,549,TRA,TRAV8N-2,None,TRAJ13,TRAC,True,True,CATEDSGTYQRF,TGTGCTACTGAGGATTCTGGGACTTACCAGAGGTTT,5488,5,clonotype4,clonotype4_consensus_1
GTACGTAGTACATGTC-1,True,GTACGTAGTACATGTC-1_contig_3,True,600,TRB,TRBV12-2+TRBV13-2,None,TRBJ2-7,None,True,True,CASGTGGDYEQYF,TGTGCCAGCGGGACTGGGGGGGACTATGAACAGTACTTC,32340,31,clonotype4,clonotype4_consensus_3
GTACGTAGTTCAACCA-1,True,GTACGTAGTTCAACCA-1_contig_1,True,593,TRA,TRAV19,None,TRAJ39,TRAC,True,True,CAAGGNNAGAKLTF,TGCGCAGCAGGTGGGAATAATGCAGGTGCCAAGCTCACATTC,4048,3,clonotype1,clonotype1_consensus_2
GTACGTAGTTCAACCA-1,True,GTACGTAGTTCAACCA-1_contig_2,True,570,TRB,TRBV12-2+TRBV13-2,None,TRBJ1-2,TRBC1,True,True,CASGGGTGNSDYTF,TGTGCCAGCGGTGGGGGGACAGGGAACTCCGACTACACCTTC,8120,6,clonotype1,clonotype1_consensus_1
GTACGTAGTTCAACCA-1,True,GTACGTAGTTCAACCA-1_contig_3,True,656,TRB,None,None,TRBJ2-7,None,False,False,None,None,1764,2,clonotype1,None
GTACGTATCTGCTGCT-1,True,GTACGTATCTGCTGCT-1_contig_1,True,537,TRA,TRAV3-3,None,TRAJ49,TRAC,True,True,CAVSGATGYQNFYF,TGCGCAGTCAGTGGGGCCACGGGTTACCAGAACTTCTATTTT,5194,4,clonotype10,clonotype10_consensus_3
GTACGTATCTGCTGCT-1,True,GTACGTATCTGCTGCT-1_contig_2,True,507,TRA,TRAV21-DV12,None,TRAJ42,TRAC,True,True,CILRVHGGSNAKLTF,TGTATCCTGAGAGTCCATGGAGGAAGCAATGCAAAGCTAACCTTC,7586,6,clonotype10,clonotype10_consensus_1
GTACGTATCTGCTGCT-1,True,GTACGTATCTGCTGCT-1_contig_3,True,596,TRB,TRBV12-2+TRBV13-2,None,TRBJ2-7,None,True,True,CASGVQGEQYF,TGTGCCAGCGGTGTTCAGGGAGAACAGTACTTC,6944,6,clonotype10,clonotype10_consensus_2
GTACGTATCTGCTGCT-1,True,GTACGTATCTGCTGCT-1_contig_4,True,356,TRB,None,None,TRBJ2-1,None,False,False,None,None,3100,3,clonotype10,None
GTACGTATCTTGCATT-1,True,GTACGTATCTTGCATT-1_contig_1,True,533,TRA,TRAV16D-DV11,None,TRAJ9,TRAC,True,True,CAMRESNMGYKLTF,TGTGCTATGAGAGAGAGCAACATGGGCTACAAACTTACCTTC,2020,1,clonotype108,clonotype108_consensus_1
GTACGTATCTTGCATT-1,True,GTACGTATCTTGCATT-1_contig_2,True,525,TRB,TRBV17,None,TRBJ2-5,None,True,True,CASSRKGSQDTQYF,TGTGCTAGCAGTAGAAAGGGGAGCCAAGACACCCAGTACTTT,13540,12,clonotype108,clonotype108_consensus_2
GTACGTATCTTGCATT-1,True,GTACGTATCTTGCATT-1_contig_3,True,552,TRA,TRAV12D-2,None,TRAJ26,TRAC,True,False,None,None,856,2,clonotype108,None
GTACTCCAGTGCCATT-1,True,GTACTCCAGTGCCATT-1_contig_1,True,549,TRB,TRBV16,None,TRBJ2-5,None,True,True,CASSLGGGQDTQYF,TGTGCAAGCAGCTTAGGGGGGGGGCAAGACACCCAGTACTTT,7702,8,clonotype77,clonotype77_consensus_1
GTACTCCCATACTACG-1,True,GTACTCCCATACTACG-1_contig_1,True,549,TRB,TRBV16,None,TRBJ2-5,None,True,True,CASSLGGNQDTQYF,TGTGCAAGCAGCTTGGGGGGTAACCAAGACACCCAGTACTTT,9748,6,clonotype450,clonotype450_consensus_3
GTACTCCCATACTACG-1,True,GTACTCCCATACTACG-1_contig_2,True,511,TRA,TRAV6N-6,None,TRAJ2,TRAC,True,True,CALYTGGLSGKLTF,TGCGCTCTGTATACTGGAGGACTAAGTGGTAAATTAACATTC,3234,3,clonotype450,clonotype450_consensus_2
GTACTCCCATACTACG-1,True,GTACTCCCATACTACG-1_contig_3,True,548,TRA,TRAV8-1,None,TRAJ30,TRAC,True,True,CATDTNAYKVIF,TGTGCTACTGACACAAATGCTTACAAAGTCATCTTT,2530,1,clonotype450,clonotype450_consensus_1
GTACTCCCATACTACG-1,True,GTACTCCCATACTACG-1_contig_4,True,304,TRB,None,None,TRBJ2-7,None,False,False,None,None,1434,2,clonotype450,None
GTACTCCCATACTACG-1,True,GTACTCCCATACTACG-1_contig_5,True,523,TRA,TRAV6-6,None,TRAJ12,TRAC,True,False,CSGLTGGYKVVF,TGCTCTGGGTTAACTGGAGGCTATAAAGTGGTCTTT,4354,2,clonotype450,None
GTACTCCGTATATGAG-1,True,GTACTCCGTATATGAG-1_contig_1,True,555,TRA,TRAV3-3,None,TRAJ49,TRAC,True,True,CAVSGSTGYQNFYF,TGCGCAGTCAGTGGGAGCACGGGTTACCAGAACTTCTATTTT,9674,7,clonotype5,clonotype5_consensus_1
GTACTCCGTATATGAG-1,True,GTACTCCGTATATGAG-1_contig_2,True,571,TRB,TRBV12-2+TRBV13-2,None,TRBJ2-7,None,True,True,CASGVQGWEQYF,TGTGCCAGCGGTGTACAGGGGTGGGAACAGTACTTC,26014,24,clonotype5,clonotype5_consensus_2
GTACTCCGTCGGCATC-1,True,GTACTCCGTCGGCATC-1_contig_1,True,520,TRA,TRAV7-5,None,TRAJ33,TRAC,True,True,CAVDSNYQLIW,TGTGCAGTGGACAGCAACTATCAGTTGATCTGG,12758,6,clonotype67,clonotype67_consensus_2
GTACTCCGTCGGCATC-1,True,GTACTCCGTCGGCATC-1_contig_2,True,572,TRA,TRAV8-1,None,TRAJ30,TRAC,True,True,CATDTNAYKVIF,TGTGCTACTGACACAAATGCTTACAAAGTCATCTTT,3724,2,clonotype67,clonotype67_consensus_1
GTACTCCGTCGGCATC-1,True,GTACTCCGTCGGCATC-1_contig_3,True,613,TRB,TRBV12-2+TRBV13-2,None,TRBJ1-5,TRBC1,True,True,CASGTGDNQAPLF,TGTGCCAGCGGTACCGGGGACAACCAGGCTCCGCTTTTT,8210,7,clonotype67,clonotype67_consensus_3
GTACTCCGTCGGCATC-1,True,GTACTCCGTCGGCATC-1_contig_4,True,358,TRB,None,None,TRBJ2-1,None,False,False,None,None,4314,3,clonotype67,None
GTACTCCGTGGACGAT-1,True,GTACTCCGTGGACGAT-1_contig_1,True,549,TRA,TRAV8N-2,None,TRAJ13,TRAC,True,True,CATEDSGTYQRF,TGTGCTACTGAGGATTCTGGGACTTACCAGAGGTTT,7614,7,clonotype36,clonotype36_consensus_1
GTACTCCGTGGACGAT-1,True,GTACTCCGTGGACGAT-1_contig_2,True,600,TRB,TRBV12-2+TRBV13-2,None,TRBJ2-7,None,True,True,CASGTGGDYEQYF,TGTGCCAGCGGGACTGGGGGGGACTATGAACAGTACTTC,25854,28,clonotype36,clonotype36_consensus_2
GTACTCCTCTCCAGGG-1,True,GTACTCCTCTCCAGGG-1_contig_1,True,565,TRB,TRBV12-1,None,TRBJ2-7,None,True,True,CASSRNSGTGGVEQYF,TGTGCCAGCTCTCGGAATTCCGGGACTGGGGGGGTTGAACAGTACTTC,5770,3,clonotype145,clonotype145_consensus_1
GTACTTTAGGGTCGAT-1,True,GTACTTTAGGGTCGAT-1_contig_1,True,519,TRA,TRAV6-6,None,TRAJ24,TRAC,True,True,CAPLTTASLGKLQF,TGTGCTCCGTTGACAACTGCCAGTTTGGGGAAACTGCAGTTT,11550,8,clonotype3,clonotype3_consensus_2
GTACTTTAGGGTCGAT-1,True,GTACTTTAGGGTCGAT-1_contig_2,True,512,TRB,TRBV13-1,None,TRBJ2-4,None,True,True,CASSEGTNTLYF,TGTGCCAGCAGTGAAGGAACAAACACCTTGTACTTT,50406,50,clonotype3,clonotype3_consensus_1
GTACTTTAGGGTCGAT-1,True,GTACTTTAGGGTCGAT-1_contig_3,True,735,TRA,TRAV9D-2,None,TRAJ26,TRAC,True,True,CVLSRGNNYAQGLTF,TGTGTTCTGAGCAGGGGCAATAACTATGCCCAGGGATTAACCTTC,14362,11,clonotype3,clonotype3_consensus_3
GTACTTTAGTCCTCCT-1,True,GTACTTTAGTCCTCCT-1_contig_1,True,549,TRB,TRBV16,None,TRBJ2-5,None,True,True,CASSFGGAPDTQYF,TGTGCAAGCAGCTTTGGGGGGGCGCCAGACACCCAGTACTTT,2248,2,clonotype451,clonotype451_consensus_1
GTACTTTAGTCCTCCT-1,True,GTACTTTAGTCCTCCT-1_contig_2,True,549,TRB,TRBV16,None,TRBJ2-5,None,True,True,CASSFGGGADTQYF,TGTGCAAGCAGCTTTGGGGGGGGCGCTGACACCCAGTACTTT,15850,20,clonotype451,clonotype451_consensus_3
GTACTTTAGTCCTCCT-1,True,GTACTTTAGTCCTCCT-1_contig_3,True,519,TRA,TRAV7D-2,None,TRAJ22,TRAC,True,True,CAASISSGSWQLIF,TGTGCAGCAAGCATCTCTTCTGGCAGCTGGCAACTCATCTTT,10574,7,clonotype451,clonotype451_consensus_2
GTACTTTGTATCAGTC-1,True,GTACTTTGTATCAGTC-1_contig_1,True,536,TRA,TRAV19,None,TRAJ39,TRAC,True,True,CAAGGNNAGAKLTF,TGCGCAGCAGGTGGGAATAATGCAGGTGCCAAGCTCACATTC,9976,10,clonotype179,clonotype179_consensus_2
GTACTTTGTATCAGTC-1,True,GTACTTTGTATCAGTC-1_contig_2,True,571,TRB,TRBV12-2+TRBV13-2,None,TRBJ1-2,TRBC1,True,True,CASGGGTGASDYTF,TGTGCCAGCGGTGGGGGGACAGGGGCCTCCGACTACACCTTC,20386,17,clonotype179,clonotype179_consensus_1
GTACTTTGTATCAGTC-1,True,GTACTTTGTATCAGTC-1_contig_3,True,386,TRB,None,None,TRBJ2-4,None,False,False,None,None,6344,13,clonotype179,None
GTACTTTGTTGAGGTG-1,True,GTACTTTGTTGAGGTG-1_contig_1,True,549,TRB,TRBV16,None,TRBJ2-5,None,True,True,CASSLGGYQDTQYF,TGTGCAAGCAGCTTAGGGGGCTACCAAGACACCCAGTACTTT,8414,10,clonotype35,clonotype35_consensus_3
GTACTTTGTTGAGGTG-1,True,GTACTTTGTTGAGGTG-1_contig_2,True,555,TRA,TRAV4-3,None,TRAJ27,TRAC,True,True,CAAANTNTGKLTF,TGTGCTGCTGCTAACACCAATACAGGCAAATTAACCTTT,6862,4,clonotype35,clonotype35_consensus_2
GTACTTTGTTGAGGTG-1,True,GTACTTTGTTGAGGTG-1_contig_3,True,568,TRA,TRAV12-1,None,TRAJ48,TRAC,True,True,CALSDAGDYGNEKITF,TGTGCTCTGAGTGATGCAGGAGACTATGGAAATGAGAAAATAACTTTT,10256,5,clonotype35,clonotype35_consensus_1
GTAGGCCAGAGGTAGA-1,True,GTAGGCCAGAGGTAGA-1_contig_1,True,559,TRA,TRAV16D-DV11,None,TRAJ9,TRAC,True,True,CAMRESNMGYKLTF,TGTGCTATGAGAGAGAGCAACATGGGCTACAAACTTACCTTC,2272,2,clonotype32,clonotype32_consensus_1
GTAGGCCAGAGGTAGA-1,True,GTAGGCCAGAGGTAGA-1_contig_2,True,539,TRB,TRBV20,None,TRBJ1-6,TRBC1,True,True,CADRSYNSPLYF,TGTGCCGACAGGTCCTATAATTCGCCCCTCTACTTT,8528,7,clonotype32,clonotype32_consensus_2
GTAGGCCCACCGTTGG-1,True,GTAGGCCCACCGTTGG-1_contig_1,True,593,TRA,TRAV19,None,TRAJ39,TRAC,True,True,CAAGGNNAGAKLTF,TGCGCAGCAGGTGGGAATAATGCAGGTGCCAAGCTCACATTC,7152,6,clonotype1,clonotype1_consensus_2
GTAGGCCCACCGTTGG-1,True,GTAGGCCCACCGTTGG-1_contig_2,True,570,TRB,TRBV12-2+TRBV13-2,None,TRBJ1-2,TRBC1,True,True,CASGGGTGNSDYTF,TGTGCCAGCGGTGGGGGGACAGGGAACTCCGACTACACCTTC,7008,6,clonotype1,clonotype1_consensus_1
GTAGGCCCACCGTTGG-1,True,GTAGGCCCACCGTTGG-1_contig_3,True,619,TRB,None,None,TRBJ2-7,None,False,False,None,None,3884,4,clonotype1,None
GTAGGCCCACGACGAA-1,True,GTAGGCCCACGACGAA-1_contig_1,True,558,TRA,TRAV19,None,TRAJ39,TRAC,True,True,CAAGGNNAGAKLTF,TGCGCAGCAGGTGGGAATAATGCAGGTGCCAAGCTCACATTC,11928,7,clonotype1,clonotype1_consensus_2
GTAGGCCCACGACGAA-1,True,GTAGGCCCACGACGAA-1_contig_2,True,571,TRB,TRBV12-2+TRBV13-2,None,TRBJ1-2,TRBC1,True,True,CASGGGTGNSDYTF,TGTGCCAGCGGTGGGGGGACAGGGAACTCCGACTACACCTTC,8126,8,clonotype1,clonotype1_consensus_1
GTAGGCCCACGACGAA-1,True,GTAGGCCCACGACGAA-1_contig_3,True,329,TRB,None,None,TRBJ2-1,None,False,False,None,None,3834,5,clonotype1,None
GTAGGCCCACGACGAA-1,True,GTAGGCCCACGACGAA-1_contig_4,True,519,TRA,TRAV7-5,None,TRAJ45,TRAC,True,False,CSDTEGADRLTF,TGCAGTGATACAGAAGGTGCAGATAGACTCACCTTT,768,1,clonotype1,None
GTAGGCCCACGGTTTA-1,True,GTAGGCCCACGGTTTA-1_contig_1,True,544,TRA,TRAV8D-1,None,TRAJ49,TRAC,True,True,CATDATGYQNFYF,TGTGCTACTGATGCGACGGGTTACCAGAACTTCTATTTT,1838,1,clonotype71,clonotype71_consensus_2
GTAGGCCCACGGTTTA-1,True,GTAGGCCCACGGTTTA-1_contig_2,True,565,TRB,TRBV12-2+TRBV13-2,None,TRBJ2-1,None,True,True,CASGAGDYAEQFF,TGTGCCAGCGGTGCTGGGGATTATGCTGAGCAGTTCTTC,11364,10,clonotype71,clonotype71_consensus_1
GTAGGCCCACGGTTTA-1,True,GTAGGCCCACGGTTTA-1_contig_3,True,592,TRA,TRAV7-4,None,TRAJ43,TRAC,True,False,None,None,5404,2,clonotype71,None
GTAGGCCGTTCCCGAG-1,True,GTAGGCCGTTCCCGAG-1_contig_1,True,549,TRB,TRBV16,None,TRBJ2-5,None,True,True,CASSLGGGQDTQYF,TGTGCAAGCAGCTTAGGGGGGGGGCAAGACACCCAGTACTTT,16564,13,clonotype11,clonotype11_consensus_2
GTAGGCCGTTCCCGAG-1,True,GTAGGCCGTTCCCGAG-1_contig_2,True,559,TRA,TRAV4D-3,None,TRAJ27,TRAC,True,True,CAADGPNTGKLTF,TGTGCTGCTGACGGGCCCAATACAGGCAAATTAACCTTT,3562,4,clonotype11,clonotype11_consensus_1
GTAGGCCGTTCCCGAG-1,True,GTAGGCCGTTCCCGAG-1_contig_3,True,323,TRA,TRAV7-4,None,TRAJ31,TRAC,True,False,None,None,88,1,clonotype11,None
GTAGGCCTCGCCCTTA-1,True,GTAGGCCTCGCCCTTA-1_contig_1,True,544,TRA,TRAV10,None,TRAJ30,TRAC,True,True,CAARDTNAYKVIF,TGTGCAGCAAGGGACACAAATGCTTACAAAGTCATCTTT,9244,5,clonotype452,clonotype452_consensus_2
GTAGGCCTCGCCCTTA-1,True,GTAGGCCTCGCCCTTA-1_contig_2,True,547,TRA,TRAV16N,None,TRAJ23,TRAC,True,True,CAMREENYNQGKLIF,TGTGCTATGAGAGAGGAGAATTATAACCAGGGGAAGCTTATCTTT,10054,6,clonotype452,clonotype452_consensus_3
GTAGGCCTCGCCCTTA-1,True,GTAGGCCTCGCCCTTA-1_contig_3,True,525,TRB,TRBV17,None,TRBJ2-5,None,True,True,CASSRKGIQDTQYF,TGTGCTAGCAGTAGAAAGGGGATCCAAGACACCCAGTACTTT,52068,34,clonotype452,clonotype452_consensus_1
GTAGTCACACAACGTT-1,True,GTAGTCACACAACGTT-1_contig_1,True,592,TRB,TRBV12-2+TRBV13-2,None,TRBJ1-2,TRBC1,True,True,CASGGGTGNSDYTF,TGTGCCAGCGGTGGGGGGACAGGGAACTCCGACTACACCTTC,4196,4,clonotype7,clonotype7_consensus_1
GTAGTCACACAACGTT-1,True,GTAGTCACACAACGTT-1_contig_2,True,371,TRB,None,None,TRBJ2-1,None,False,False,None,None,1938,2,clonotype7,None
GTAGTCACAGCCTTTC-1,True,GTAGTCACAGCCTTTC-1_contig_1,True,541,TRA,TRAV8-1,None,TRAJ30,TRAC,True,True,CASDTNAYKVIF,TGTGCTTCTGACACAAATGCTTACAAAGTCATCTTT,4188,3,clonotype23,clonotype23_consensus_2
GTAGTCACAGCCTTTC-1,True,GTAGTCACAGCCTTTC-1_contig_2,True,568,TRB,TRBV12-2+TRBV13-2,None,TRBJ1-5,TRBC1,True,True,CASGTGDNQAPLF,TGTGCCAGCGGGACAGGGGACAACCAGGCTCCGCTTTTT,26424,22,clonotype23,clonotype23_consensus_1
GTAGTCACAGCCTTTC-1,True,GTAGTCACAGCCTTTC-1_contig_3,True,442,TRB,None,None,TRBJ2-1,None,False,False,None,None,4272,2,clonotype23,None
GTAGTCACAGCCTTTC-1,True,GTAGTCACAGCCTTTC-1_contig_4,True,406,TRA,None,None,TRAJ26,TRAC,False,False,None,None,418,1,clonotype23,None
GTAGTCACAGCCTTTC-1,True,GTAGTCACAGCCTTTC-1_contig_5,True,371,TRB,None,None,TRBJ2-3,None,False,False,None,None,1972,1,clonotype23,None
GTAGTCACAGCCTTTC-1,True,GTAGTCACAGCCTTTC-1_contig_6,True,364,TRB,None,None,TRBJ2-1,None,False,False,None,None,1676,1,clonotype23,None
GTAGTCACAGCCTTTC-1,True,GTAGTCACAGCCTTTC-1_contig_7,True,338,TRB,None,None,TRBJ1-2,TRBC1,False,False,None,None,3942,1,clonotype23,None
GTAGTCACAGCCTTTC-1,True,GTAGTCACAGCCTTTC-1_contig_8,True,502,TRA,TRAV4-4-DV10,None,TRAJ50,TRAC,True,False,None,None,2852,2,clonotype23,None
GTAGTCACAGCCTTTC-1,True,GTAGTCACAGCCTTTC-1_contig_9,True,300,TRB,None,None,TRBJ2-7,None,False,False,None,None,2404,2,clonotype23,None
GTAGTCACAGTAACGG-1,True,GTAGTCACAGTAACGG-1_contig_1,True,573,TRA,TRAV19,None,TRAJ39,TRAC,True,True,CAAGGNNAGAKLTF,TGCGCAGCAGGTGGGAATAATGCAGGTGCCAAGCTCACATTC,8776,5,clonotype1,clonotype1_consensus_2
GTAGTCACAGTAACGG-1,True,GTAGTCACAGTAACGG-1_contig_2,True,570,TRB,TRBV12-2+TRBV13-2,None,TRBJ1-2,TRBC1,True,True,CASGGGTGNSDYTF,TGTGCCAGCGGTGGGGGGACAGGGAACTCCGACTACACCTTC,9242,9,clonotype1,clonotype1_consensus_1
GTAGTCACAGTAACGG-1,True,GTAGTCACAGTAACGG-1_contig_3,True,518,TRA,TRAV7-5,None,TRAJ45,TRAC,True,False,CSDTEGADRLTF,TGCAGTGATACAGAAGGTGCAGATAGACTCACCTTT,5342,3,clonotype1,None
GTAGTCATCGCATGAT-1,True,GTAGTCATCGCATGAT-1_contig_1,True,556,TRA,TRAV19,None,TRAJ39,TRAC,True,True,CAAGGNNAGAKLTF,TGCGCAGCAGGTGGGAATAATGCAGGTGCCAAGCTCACATTC,2698,3,clonotype1,clonotype1_consensus_2
GTAGTCATCGCATGAT-1,True,GTAGTCATCGCATGAT-1_contig_2,True,560,TRB,TRBV12-2+TRBV13-2,None,TRBJ1-2,TRBC1,True,True,CASGGGTGNSDYTF,TGTGCCAGCGGTGGGGGGACAGGGAACTCCGACTACACCTTC,13174,7,clonotype1,clonotype1_consensus_1
GTATCTTGTGCTCTTC-1,True,GTATCTTGTGCTCTTC-1_contig_1,True,560,TRA,TRAV4D-3,None,TRAJ27,TRAC,True,True,CAADGPNTGKLTF,TGTGCTGCTGACGGGCCCAATACAGGCAAATTAACCTTT,2094,3,clonotype57,clonotype57_consensus_1
GTATTCTAGTGACTCT-1,True,GTATTCTAGTGACTCT-1_contig_1,True,549,TRB,TRBV16,None,TRBJ2-5,None,True,True,CASSLGGGRDTQYF,TGTGCAAGCAGCTTAGGGGGGGGGCGAGACACCCAGTACTTT,5346,6,clonotype189,clonotype189_consensus_1
GTATTCTAGTGACTCT-1,True,GTATTCTAGTGACTCT-1_contig_2,True,579,TRA,TRAV12D-2,None,TRAJ22,TRAC,True,True,CALSDLSSGSWQLIF,TGTGCTTTGAGTGATCTCTCTTCTGGCAGCTGGCAACTCATCTTT,11026,6,clonotype189,clonotype189_consensus_2
GTATTCTAGTGACTCT-1,True,GTATTCTAGTGACTCT-1_contig_3,True,506,TRA,TRAV14N-3,None,TRAJ38,TRAC,True,False,CSKLVGDNSKLIW,TGCAGCAAGTTGGTTGGTGACAACAGTAAGCTGATTTGG,950,1,clonotype189,None
GTATTCTAGTGACTCT-1,True,GTATTCTAGTGACTCT-1_contig_4,True,371,TRB,None,None,TRBJ2-7,None,False,False,None,None,958,1,clonotype189,None
GTATTCTGTACGACCC-1,True,GTATTCTGTACGACCC-1_contig_1,True,549,TRB,TRBV16,None,TRBJ2-5,None,True,True,CASSFGGAPDTQYF,TGTGCAAGCAGCTTTGGGGGGGCGCCAGACACCCAGTACTTT,3496,3,clonotype17,clonotype17_consensus_2
GTATTCTGTACGACCC-1,True,GTATTCTGTACGACCC-1_contig_2,True,568,TRA,TRAV14-2,None,TRAJ49,TRAC,True,True,CAAQGYQNFYF,TGTGCAGCACAGGGTTACCAGAACTTCTATTTT,11216,7,clonotype17,clonotype17_consensus_3
GTATTCTGTACGACCC-1,True,GTATTCTGTACGACCC-1_contig_3,True,561,TRA,TRAV4D-4,None,TRAJ45,TRAC,True,True,CAAYTEGADRLTF,TGTGCTGCCTATACAGAAGGTGCAGATAGACTCACCTTT,8860,5,clonotype17,clonotype17_consensus_1
GTATTCTGTACGACCC-1,True,GTATTCTGTACGACCC-1_contig_4,True,374,TRB,None,None,TRBJ1-3,TRBC1,False,False,None,None,1586,1,clonotype17,None
GTATTCTTCAAAGTAG-1,True,GTATTCTTCAAAGTAG-1_contig_1,True,569,TRB,TRBV12-2+TRBV13-2,None,TRBJ1-4,TRBC1,True,True,CASGDAPERLFF,TGTGCCAGCGGTGATGCTCCCGAAAGATTATTTTTC,4810,3,clonotype41,clonotype41_consensus_1
GTCAAGTAGTACCGGA-1,True,GTCAAGTAGTACCGGA-1_contig_1,True,562,TRA,TRAV13-1,None,TRAJ58,TRAC,True,True,CASSMQQGTGSKLSF,TGTGCTTCTTCCATGCAGCAAGGCACTGGGTCTAAGCTGTCATTT,4070,3,clonotype86,clonotype86_consensus_3
GTCAAGTAGTACCGGA-1,True,GTCAAGTAGTACCGGA-1_contig_2,True,566,TRA,TRAV16,None,TRAJ57,TRAC,True,True,CAMRENQGGSAKLIF,TGTGCTATGAGAGAGAATCAAGGAGGGTCTGCGAAGCTCATCTTT,3234,2,clonotype86,clonotype86_consensus_2
GTCAAGTAGTACCGGA-1,True,GTCAAGTAGTACCGGA-1_contig_3,True,569,TRB,TRBV12-2+TRBV13-2,None,TRBJ2-1,None,True,True,CATEAAYAEQFF,TGTGCCACTGAGGCAGCCTATGCTGAGCAGTTCTTC,7478,7,clonotype86,clonotype86_consensus_1
GTCAAGTAGTACCGGA-1,True,GTCAAGTAGTACCGGA-1_contig_4,True,387,TRA,None,None,TRAJ56,TRAC,False,False,None,None,3434,4,clonotype86,None
GTCAAGTAGTTATCGC-1,True,GTCAAGTAGTTATCGC-1_contig_1,True,567,TRA,TRAV2,None,TRAJ22,TRAC,True,True,CIVTASSGSWQLIF,TGCATTGTGACTGCATCTTCTGGCAGCTGGCAACTCATCTTT,4554,3,clonotype453,clonotype453_consensus_1
GTCAAGTAGTTATCGC-1,True,GTCAAGTAGTTATCGC-1_contig_2,True,549,TRA,TRAV8-1,None,TRAJ30,TRAC,True,True,CATDAWDTNAYKVIF,TGTGCTACTGATGCATGGGACACAAATGCTTACAAAGTCATCTTT,15370,9,clonotype453,clonotype453_consensus_2
GTCAAGTAGTTATCGC-1,True,GTCAAGTAGTTATCGC-1_contig_3,True,508,TRB,TRBV13-1,None,TRBJ2-1,None,True,True,CASSGGDYAEQFF,TGTGCCAGCAGTGGAGGGGACTATGCTGAGCAGTTCTTC,32512,23,clonotype453,clonotype453_consensus_3
GTCAAGTCACCTTGTC-1,True,GTCAAGTCACCTTGTC-1_contig_1,True,529,TRB,TRBV14,None,TRBJ2-7,None,True,True,CASRIGLGVEQYF,TGTGCCAGCAGAATAGGACTGGGGGTTGAACAGTACTTC,7892,4,clonotype454,clonotype454_consensus_1
GTCAAGTCACCTTGTC-1,True,GTCAAGTCACCTTGTC-1_contig_2,True,470,TRA,TRAV8-1,None,TRAJ49,TRAC,True,False,CATADTGYQNFYF,TGTGCTACTGCGGACACGGGTTACCAGAACTTCTATTTT,2778,1,clonotype454,None
GTCAAGTCATTAGGCT-1,True,GTCAAGTCATTAGGCT-1_contig_1,True,519,TRA,TRAV6-6,None,TRAJ24,TRAC,True,True,CAPLTTASLGKLQF,TGTGCTCCGTTGACAACTGCCAGTTTGGGGAAACTGCAGTTT,5844,4,clonotype3,clonotype3_consensus_2
GTCAAGTCATTAGGCT-1,True,GTCAAGTCATTAGGCT-1_contig_2,True,505,TRB,TRBV13-1,None,TRBJ2-4,None,True,True,CASSEGTNTLYF,TGTGCCAGCAGTGAAGGAACAAACACCTTGTACTTT,16292,14,clonotype3,clonotype3_consensus_1
GTCAAGTCATTAGGCT-1,True,GTCAAGTCATTAGGCT-1_contig_3,True,674,TRA,TRAV9D-2,None,TRAJ26,TRAC,True,True,CVLSRGNNYAQGLTF,TGTGTTCTGAGCAGGGGCAATAACTATGCCCAGGGATTAACCTTC,3742,3,clonotype3,clonotype3_consensus_3
GTCAAGTCATTAGGCT-1,True,GTCAAGTCATTAGGCT-1_contig_4,True,545,TRB,TRBV12-2+TRBV13-2,None,None,TRBC1,False,False,None,None,4082,3,clonotype3,None
GTCAAGTGTACCGCTG-1,True,GTCAAGTGTACCGCTG-1_contig_1,True,507,TRB,TRBV31,None,TRBJ2-4,None,True,True,CAWDNQNTLYF,TGTGCCTGGGACAATCAAAACACCTTGTACTTT,13532,7,clonotype113,clonotype113_consensus_3
GTCAAGTGTACCGCTG-1,True,GTCAAGTGTACCGCTG-1_contig_2,True,559,TRB,TRBV12-2+TRBV13-2,None,TRBJ2-4,None,True,True,CASGTGDTLYF,TGTGCCAGCGGTACGGGCGACACCTTGTACTTT,9504,9,clonotype113,clonotype113_consensus_2
GTCAAGTGTACCGCTG-1,True,GTCAAGTGTACCGCTG-1_contig_3,True,516,TRA,TRAV6-6,None,TRAJ22,TRAC,True,True,CALGEGPSGSWQLIF,TGTGCTCTGGGTGAGGGGCCTTCTGGCAGCTGGCAACTCATCTTT,92,1,clonotype113,clonotype113_consensus_1
GTCAAGTGTACCGCTG-1,True,GTCAAGTGTACCGCTG-1_contig_4,True,433,TRA,TRAV9D-3,None,TRAJ22,TRAC,True,False,CEHDPSGSWQLIF,TGTGAGCATGACCCTTCTGGCAGCTGGCAACTCATCTTT,2728,2,clonotype113,None
GTCAAGTTCATAGCAC-1,True,GTCAAGTTCATAGCAC-1_contig_1,True,566,TRA,TRAV3-3,None,TRAJ49,TRAC,True,True,CAVSGATGYQNFYF,TGCGCAGTCAGTGGGGCCACGGGTTACCAGAACTTCTATTTT,8584,6,clonotype10,clonotype10_consensus_3
GTCAAGTTCATAGCAC-1,True,GTCAAGTTCATAGCAC-1_contig_2,True,507,TRA,TRAV21-DV12,None,TRAJ42,TRAC,True,True,CILRVHGGSNAKLTF,TGTATCCTGAGAGTCCATGGAGGAAGCAATGCAAAGCTAACCTTC,12054,7,clonotype10,clonotype10_consensus_1
GTCAAGTTCATAGCAC-1,True,GTCAAGTTCATAGCAC-1_contig_3,True,558,TRB,TRBV12-2+TRBV13-2,None,TRBJ2-7,None,True,True,CASGVQGEQYF,TGTGCCAGCGGTGTTCAGGGAGAACAGTACTTC,13442,14,clonotype10,clonotype10_consensus_2
GTCAAGTTCATAGCAC-1,True,GTCAAGTTCATAGCAC-1_contig_4,True,320,TRB,None,None,TRBJ2-2,None,False,False,None,None,2336,1,clonotype10,None
GTCAAGTTCATAGCAC-1,True,GTCAAGTTCATAGCAC-1_contig_5,True,355,TRB,None,None,TRBJ2-1,None,False,False,None,None,14092,12,clonotype10,None
GTCACAAAGCGTTGCC-1,True,GTCACAAAGCGTTGCC-1_contig_1,True,558,TRA,TRAV19,None,TRAJ39,TRAC,True,True,CAAGGNNAGAKLTF,TGCGCAGCAGGTGGGAATAATGCAGGTGCCAAGCTCACATTC,6626,6,clonotype1,clonotype1_consensus_2
GTCACAAAGCGTTGCC-1,True,GTCACAAAGCGTTGCC-1_contig_2,True,567,TRB,TRBV12-2+TRBV13-2,None,TRBJ1-2,TRBC1,True,True,CASGGGTGNSDYTF,TGTGCCAGCGGTGGGGGGACAGGGAACTCCGACTACACCTTC,6140,4,clonotype1,clonotype1_consensus_1
GTCACAAAGCGTTGCC-1,True,GTCACAAAGCGTTGCC-1_contig_3,True,322,TRB,None,None,TRBJ2-3,None,False,False,None,None,3894,1,clonotype1,None
GTCACAACAAGCGTAG-1,True,GTCACAACAAGCGTAG-1_contig_1,True,558,TRA,TRAV19,None,TRAJ39,TRAC,True,True,CAAGGNNAGAKLTF,TGCGCAGCAGGTGGGAATAATGCAGGTGCCAAGCTCACATTC,18952,15,clonotype1,clonotype1_consensus_2
GTCACAACAAGCGTAG-1,True,GTCACAACAAGCGTAG-1_contig_2,True,603,TRB,TRBV12-2+TRBV13-2,None,TRBJ1-2,TRBC1,True,True,CASGGGTGNSDYTF,TGTGCCAGCGGTGGGGGGACAGGGAACTCCGACTACACCTTC,24908,24,clonotype1,clonotype1_consensus_1
GTCACAACAAGCGTAG-1,True,GTCACAACAAGCGTAG-1_contig_3,True,360,TRB,None,None,TRBJ2-1,None,False,False,None,None,7300,6,clonotype1,None
GTCACAACAAGCGTAG-1,True,GTCACAACAAGCGTAG-1_contig_4,True,586,TRB,None,None,TRBJ2-7,None,False,False,None,None,16424,11,clonotype1,None
GTCACAACAAGCGTAG-1,True,GTCACAACAAGCGTAG-1_contig_5,True,585,TRA,TRAV7-5,None,TRAJ45,TRAC,True,False,CSDTEGADRLTF,TGCAGTGATACAGAAGGTGCAGATAGACTCACCTTT,1148,1,clonotype1,None
GTCACAACACAGGTTT-1,True,GTCACAACACAGGTTT-1_contig_1,True,600,TRB,TRBV12-2+TRBV13-2,None,TRBJ1-5,TRBC1,True,True,CASGTGDNQAPLF,TGTGCCAGCGGGACAGGGGACAACCAGGCTCCGCTTTTT,1124,1,clonotype16,clonotype16_consensus_1
GTCACAACACAGGTTT-1,True,GTCACAACACAGGTTT-1_contig_2,True,675,TRB,TRBV12-2,None,TRBJ1-5,TRBC1,True,False,CASGTGDNQAPLF,TGTGCCAGCGGGACAGGGGACAACCAGGCTCCGCTTTTT,1760,2,clonotype16,clonotype16_consensus_1
GTCACAACATAGGATA-1,True,GTCACAACATAGGATA-1_contig_1,True,549,TRB,TRBV16,None,TRBJ2-5,None,True,True,CASSLGGGQDTQYF,TGTGCAAGCAGCTTAGGGGGGGGCCAAGACACCCAGTACTTT,9774,10,clonotype15,clonotype15_consensus_1
GTCACAACATAGGATA-1,True,GTCACAACATAGGATA-1_contig_2,True,559,TRA,TRAV4D-3,None,TRAJ27,TRAC,True,True,CAADGPNTGKLTF,TGTGCTGCGGACGGACCCAATACAGGCAAATTAACCTTT,3938,4,clonotype15,clonotype15_consensus_2
GTCACAAGTCGAACAG-1,True,GTCACAAGTCGAACAG-1_contig_1,True,549,TRB,TRBV16,None,TRBJ2-5,None,True,True,CASSWGGGQDTQYF,TGTGCAAGCAGCTGGGGGGGCGGGCAAGACACCCAGTACTTT,5838,7,clonotype44,clonotype44_consensus_1
GTCACAAGTCGAACAG-1,True,GTCACAAGTCGAACAG-1_contig_2,True,520,TRA,TRAV6-6,None,TRAJ39,TRAC,True,True,CALGDWNNAGAKLTF,TGTGCTCTGGGTGATTGGAATAATGCAGGTGCCAAGCTCACATTC,3270,2,clonotype44,clonotype44_consensus_2
GTCACAAGTCGAACAG-1,True,GTCACAAGTCGAACAG-1_contig_3,True,351,TRB,None,None,TRBJ2-1,None,False,False,None,None,6214,4,clonotype44,None
GTCACAAGTCGAACAG-1,True,GTCACAAGTCGAACAG-1_contig_4,True,402,TRB,TRBV13-1,None,TRBJ2-3,None,True,False,CASGDSAETLYF,TGTGCCAGCGGGGACAGTGCAGAAACGCTGTATTTT,1278,1,clonotype44,None
GTCACAAGTTCCTCCA-1,True,GTCACAAGTTCCTCCA-1_contig_1,True,537,TRA,TRAV3-3,None,TRAJ49,TRAC,True,True,CAVSGSTGYQNFYF,TGCGCAGTCAGTGGGAGCACGGGTTACCAGAACTTCTATTTT,4224,3,clonotype5,clonotype5_consensus_1
GTCACAAGTTCCTCCA-1,True,GTCACAAGTTCCTCCA-1_contig_2,True,576,TRB,TRBV12-2+TRBV13-2,None,TRBJ2-7,None,True,True,CASGVQGWEQYF,TGTGCCAGCGGTGTACAGGGGTGGGAACAGTACTTC,12698,16,clonotype5,clonotype5_consensus_2
GTCACAAGTTGCCTCT-1,True,GTCACAAGTTGCCTCT-1_contig_1,True,549,TRB,TRBV16,None,TRBJ2-7,None,True,True,CASSLGGGLDEQYF,TGTGCAAGCAGCTTAGGGGGGGGGCTCGATGAACAGTACTTC,12560,13,clonotype455,clonotype455_consensus_1
GTCACAAGTTGCCTCT-1,True,GTCACAAGTTGCCTCT-1_contig_2,True,552,TRB,TRBV16,None,TRBJ2-4,None,True,True,CASSSPWGGQNTLYF,TGTGCAAGCAGCTCCCCCTGGGGGGGTCAAAACACCTTGTACTTT,4466,5,clonotype455,clonotype455_consensus_3
GTCACAAGTTGCCTCT-1,True,GTCACAAGTTGCCTCT-1_contig_3,True,600,TRA,TRAV14D-2,None,TRAJ13,TRAC,True,True,CAATSANSGTYQRF,TGTGCAGCAACCTCTGCAAATTCTGGGACTTACCAGAGGTTT,6956,4,clonotype455,clonotype455_consensus_2
GTCACAAGTTGCCTCT-1,True,GTCACAAGTTGCCTCT-1_contig_4,True,554,Multi,TRDV1,None,TRAJ45,TRAC,True,False,CGGTEGADRLTF,TGTGGAGGGACAGAAGGTGCAGATAGACTCACCTTT,6186,4,clonotype455,None
GTCACAATCTACCAGA-1,True,GTCACAATCTACCAGA-1_contig_1,True,549,TRA,TRAV7D-2,None,TRAJ31,TRAC,True,True,CAASIEDSNNRIFF,TGTGCAGCAAGCATAGAGGATAGCAATAACAGAATCTTCTTT,3872,3,clonotype116,clonotype116_consensus_1
GTCACAATCTACCAGA-1,True,GTCACAATCTACCAGA-1_contig_2,True,509,TRB,TRBV13-1,None,TRBJ2-2,None,True,True,CASSDPGQLYF,TGTGCCAGCAGTGACCCCGGGCAGCTCTACTTT,3282,3,clonotype116,clonotype116_consensus_2
GTCACAATCTACCAGA-1,True,GTCACAATCTACCAGA-1_contig_3,True,371,TRB,TRBV12-1,None,TRBJ2-2,None,True,False,None,None,3534,2,clonotype116,None
GTCACGGCAGCTCGCA-1,True,GTCACGGCAGCTCGCA-1_contig_1,True,541,TRA,TRAV8D-1,None,TRAJ30,TRAC,True,True,CATDTNAYKVIF,TGTGCTACTGACACAAATGCTTACAAAGTCATCTTT,4360,3,clonotype31,clonotype31_consensus_1
GTCACGGCAGCTCGCA-1,True,GTCACGGCAGCTCGCA-1_contig_2,True,566,TRB,TRBV12-2+TRBV13-2,None,TRBJ1-5,TRBC1,True,True,CASGTGDNQAPLF,TGTGCCAGCGGTACAGGAGACAACCAGGCTCCGCTTTTT,19282,17,clonotype31,clonotype31_consensus_2
GTCACGGGTAAATACG-1,True,GTCACGGGTAAATACG-1_contig_1,True,549,TRB,TRBV16,None,TRBJ2-5,None,True,True,CASSLGGGQDTQYF,TGTGCAAGCAGCTTAGGGGGGGGCCAAGACACCCAGTACTTT,3478,3,clonotype61,clonotype61_consensus_1
GTCACGGGTGTCCTCT-1,True,GTCACGGGTGTCCTCT-1_contig_1,True,525,TRB,TRBV17,None,TRBJ2-5,None,True,True,CASSRKGSQDTQYF,TGTGCTAGCAGTAGAAAGGGTTCTCAAGACACCCAGTACTTT,11718,8,clonotype68,clonotype68_consensus_1
GTCACGGTCTTGAGAC-1,True,GTCACGGTCTTGAGAC-1_contig_1,True,558,TRA,TRAV19,None,TRAJ39,TRAC,True,True,CAAGGNNAGAKLTF,TGCGCAGCAGGTGGGAATAATGCAGGTGCCAAGCTCACATTC,4226,5,clonotype1,clonotype1_consensus_2
GTCACGGTCTTGAGAC-1,True,GTCACGGTCTTGAGAC-1_contig_2,True,592,TRB,TRBV12-2+TRBV13-2,None,TRBJ1-2,TRBC1,True,True,CASGGGTGNSDYTF,TGTGCCAGCGGTGGGGGGACAGGGAACTCCGACTACACCTTC,7876,7,clonotype1,clonotype1_consensus_1
GTCACGGTCTTGAGAC-1,True,GTCACGGTCTTGAGAC-1_contig_3,True,612,TRB,None,None,TRBJ2-7,None,False,False,None,None,406,1,clonotype1,None
GTCACGGTCTTGAGAC-1,True,GTCACGGTCTTGAGAC-1_contig_4,True,361,TRB,None,None,TRBJ2-1,None,False,False,None,None,2540,2,clonotype1,None
GTCATTTAGCTATGCT-1,True,GTCATTTAGCTATGCT-1_contig_1,True,517,TRA,TRAV6-6,None,TRAJ24,TRAC,True,True,CAPLTTASLGKLQF,TGTGCTCCGTTGACAACTGCCAGTTTGGGGAAACTGCAGTTT,2260,1,clonotype3,clonotype3_consensus_2
GTCATTTAGCTATGCT-1,True,GTCATTTAGCTATGCT-1_contig_2,True,512,TRB,TRBV13-1,None,TRBJ2-4,None,True,True,CASSEGTNTLYF,TGTGCCAGCAGTGAAGGAACAAACACCTTGTACTTT,27290,21,clonotype3,clonotype3_consensus_1
GTCATTTAGCTATGCT-1,True,GTCATTTAGCTATGCT-1_contig_3,True,718,TRA,TRAV9D-2,None,TRAJ26,TRAC,True,True,CVLSRGNNYAQGLTF,TGTGTTCTGAGCAGGGGCAATAACTATGCCCAGGGATTAACCTTC,5932,4,clonotype3,clonotype3_consensus_3
GTCATTTAGCTGAACG-1,True,GTCATTTAGCTGAACG-1_contig_1,True,518,TRB,TRBV31,None,TRBJ2-4,None,True,True,CAWDNQNTLYF,TGTGCCTGGGACAATCAAAACACCTTGTACTTT,3616,2,clonotype456,clonotype456_consensus_1
GTCATTTAGCTGAACG-1,True,GTCATTTAGCTGAACG-1_contig_2,True,496,TRB,TRBV12-2+TRBV13-2,None,TRBJ2-7,None,True,True,CASGTGGDYEQYF,TGTGCCAGCGGGACTGGGGGGGACTATGAACAGTACTTC,4068,4,clonotype456,clonotype456_consensus_2
GTCATTTCAATGAATG-1,True,GTCATTTCAATGAATG-1_contig_1,True,532,TRA,TRAV13-4-DV7,None,TRAJ58,TRAC,True,True,CAPMQQGTGSKLSF,TGTGCTCCTATGCAGCAAGGCACTGGGTCTAAGCTGTCATTT,16614,22,clonotype18,clonotype18_consensus_2
GTCATTTCAATGAATG-1,True,GTCATTTCAATGAATG-1_contig_2,True,525,TRB,TRBV17,None,TRBJ2-5,None,True,True,CASSRKGVQDTQYF,TGTGCTAGCAGTAGAAAGGGGGTCCAAGACACCCAGTACTTT,44174,47,clonotype18,clonotype18_consensus_1
GTCATTTCAATGAATG-1,True,GTCATTTCAATGAATG-1_contig_3,True,308,TRB,TRBV13-1,None,TRBJ2-4,None,True,False,CASSEGTNTLYF,TGTGCCAGCAGTGAAGGAACAAACACCTTGTACTTT,7636,11,clonotype18,None
GTCATTTCAGCTATTG-1,True,GTCATTTCAGCTATTG-1_contig_1,True,515,TRA,TRAV19,None,TRAJ39,TRAC,True,True,CAAGGNNAGAKLTF,TGCGCAGCAGGTGGGAATAATGCAGGTGCCAAGCTCACATTC,16606,11,clonotype1,clonotype1_consensus_2
GTCATTTCAGCTATTG-1,True,GTCATTTCAGCTATTG-1_contig_2,True,582,TRB,TRBV12-2+TRBV13-2,None,TRBJ1-2,TRBC1,True,True,CASGGGTGNSDYTF,TGTGCCAGCGGTGGGGGGACAGGGAACTCCGACTACACCTTC,14424,18,clonotype1,clonotype1_consensus_1
GTCATTTCAGCTATTG-1,True,GTCATTTCAGCTATTG-1_contig_3,True,360,TRB,None,None,TRBJ2-2,None,False,False,None,None,4670,3,clonotype1,None
GTCATTTCAGCTATTG-1,True,GTCATTTCAGCTATTG-1_contig_4,True,619,TRB,None,None,TRBJ2-7,None,False,False,None,None,2864,3,clonotype1,None
GTCATTTTCGGTTAAC-1,True,GTCATTTTCGGTTAAC-1_contig_1,True,502,TRB,TRBV13-1,None,TRBJ1-1,TRBC1,True,True,CASSDPAEVFF,TGTGCCAGCAGTGATCCAGCGGAAGTCTTCTTT,9928,9,clonotype101,clonotype101_consensus_1
GTCATTTTCGGTTAAC-1,True,GTCATTTTCGGTTAAC-1_contig_2,True,561,TRA,TRAV16D-DV11,None,TRAJ22,TRAC,True,True,CAMREALSSGSWQLIF,TGTGCTATGAGAGAGGCCCTATCTTCTGGCAGCTGGCAACTCATCTTT,2692,2,clonotype101,clonotype101_consensus_2
GTCATTTTCGGTTAAC-1,True,GTCATTTTCGGTTAAC-1_contig_3,True,333,TRB,None,None,TRBJ2-1,None,False,False,None,None,2712,1,clonotype101,None
GTCCTCAAGATGCCAG-1,True,GTCCTCAAGATGCCAG-1_contig_1,True,549,TRB,TRBV16,None,TRBJ2-7,None,True,True,CASSLGGGGDEQYF,TGTGCAAGCAGCTTAGGTGGGGGGGGCGATGAACAGTACTTC,23170,19,clonotype50,clonotype50_consensus_1
GTCCTCAAGATGCCAG-1,True,GTCCTCAAGATGCCAG-1_contig_2,True,594,TRA,TRAV7-4,None,TRAJ27,TRAC,True,True,CAASEDANTGKLTF,TGTGCAGCTAGTGAGGACGCCAATACAGGCAAATTAACCTTT,8734,6,clonotype50,clonotype50_consensus_2
GTCCTCAAGGATGGAA-1,True,GTCCTCAAGGATGGAA-1_contig_1,True,549,TRB,TRBV16,None,TRBJ2-5,None,True,True,CASSWGGGQDTQYF,TGTGCAAGCAGCTGGGGGGGCGGGCAAGACACCCAGTACTTT,18366,17,clonotype44,clonotype44_consensus_1
GTCCTCAAGGATGGAA-1,True,GTCCTCAAGGATGGAA-1_contig_2,True,522,TRA,TRAV6-6,None,TRAJ39,TRAC,True,True,CALGDWNNAGAKLTF,TGTGCTCTGGGTGATTGGAATAATGCAGGTGCCAAGCTCACATTC,25492,18,clonotype44,clonotype44_consensus_2
GTCCTCAAGGATGGAA-1,True,GTCCTCAAGGATGGAA-1_contig_3,True,320,TRB,None,None,TRBJ2-2,None,False,False,None,None,1708,1,clonotype44,None
GTCCTCAAGGATGGAA-1,True,GTCCTCAAGGATGGAA-1_contig_4,True,412,TRB,None,None,TRBJ2-1,None,False,False,None,None,5112,4,clonotype44,None
GTCCTCAAGTACATGA-1,True,GTCCTCAAGTACATGA-1_contig_1,True,558,TRA,TRAV19,None,TRAJ39,TRAC,True,True,CAAGGNNAGAKLTF,TGCGCAGCAGGTGGGAATAATGCAGGTGCCAAGCTCACATTC,16484,9,clonotype1,clonotype1_consensus_2
GTCCTCAAGTACATGA-1,True,GTCCTCAAGTACATGA-1_contig_2,True,572,TRB,TRBV12-2+TRBV13-2,None,TRBJ1-2,TRBC1,True,True,CASGGGTGNSDYTF,TGTGCCAGCGGTGGGGGGACAGGGAACTCCGACTACACCTTC,18806,16,clonotype1,clonotype1_consensus_1
GTCCTCAAGTACATGA-1,True,GTCCTCAAGTACATGA-1_contig_3,True,325,TRB,None,None,TRBJ2-1,None,False,False,None,None,2724,2,clonotype1,None
GTCCTCACATACGCCG-1,True,GTCCTCACATACGCCG-1_contig_1,True,562,TRA,TRAV14D-1,None,TRAJ22,TRAC,True,True,CAASASSGSWQLIF,TGTGCAGCAAGTGCGTCTTCTGGCAGCTGGCAACTCATCTTT,3648,4,clonotype56,clonotype56_consensus_1
GTCCTCACATACGCCG-1,True,GTCCTCACATACGCCG-1_contig_2,True,517,TRB,TRBV14,None,TRBJ2-5,None,True,True,CASSPGTDDTQYF,TGTGCCAGCAGTCCCGGGACAGATGACACCCAGTACTTT,13320,8,clonotype56,clonotype56_consensus_2
GTCCTCAGTAGCGTAG-1,True,GTCCTCAGTAGCGTAG-1_contig_1,True,593,TRA,TRAV16D-DV11,None,TRAJ9,TRAC,True,True,CAMRESNMGYKLTF,TGTGCTATGAGAGAGAGCAACATGGGCTACAAACTTACCTTC,8846,5,clonotype108,clonotype108_consensus_1
GTCCTCAGTAGCGTAG-1,True,GTCCTCAGTAGCGTAG-1_contig_2,True,525,TRB,TRBV17,None,TRBJ2-5,None,True,True,CASSRKGSQDTQYF,TGTGCTAGCAGTAGAAAGGGGAGCCAAGACACCCAGTACTTT,37038,23,clonotype108,clonotype108_consensus_2
GTCCTCAGTAGCGTAG-1,True,GTCCTCAGTAGCGTAG-1_contig_3,True,589,TRA,TRAV12D-2,None,TRAJ26,TRAC,True,False,None,None,1442,1,clonotype108,None
GTCCTCATCACCTTAT-1,True,GTCCTCATCACCTTAT-1_contig_1,True,541,TRA,TRAV8D-1,None,TRAJ30,TRAC,True,True,CATDTNAYKVIF,TGTGCTACTGACACAAATGCTTACAAAGTCATCTTT,1890,2,clonotype13,clonotype13_consensus_1
GTCCTCATCACCTTAT-1,True,GTCCTCATCACCTTAT-1_contig_2,True,565,TRB,TRBV12-2+TRBV13-2,None,TRBJ1-5,TRBC1,True,True,CASGTGDNQAPLF,TGTGCCAGCGGGACAGGGGACAACCAGGCTCCGCTTTTT,7530,5,clonotype13,clonotype13_consensus_2
GTCCTCATCACCTTAT-1,True,GTCCTCATCACCTTAT-1_contig_3,True,442,TRB,None,None,TRBJ1-3,TRBC1,False,False,None,None,8200,7,clonotype13,None
GTCCTCATCACCTTAT-1,True,GTCCTCATCACCTTAT-1_contig_4,True,306,TRB,None,None,TRBJ2-4,None,False,False,None,None,4920,5,clonotype13,None
GTCCTCATCAGGATCT-1,True,GTCCTCATCAGGATCT-1_contig_1,True,517,TRA,TRAV6-6,None,TRAJ24,TRAC,True,True,CAPLTTASLGKLQF,TGTGCTCCGTTGACAACTGCCAGTTTGGGGAAACTGCAGTTT,9228,6,clonotype3,clonotype3_consensus_2
GTCCTCATCAGGATCT-1,True,GTCCTCATCAGGATCT-1_contig_2,True,505,TRB,TRBV13-1,None,TRBJ2-4,None,True,True,CASSEGTNTLYF,TGTGCCAGCAGTGAAGGAACAAACACCTTGTACTTT,21378,14,clonotype3,clonotype3_consensus_1
GTCCTCATCAGGATCT-1,True,GTCCTCATCAGGATCT-1_contig_3,True,702,TRA,TRAV9D-2,None,TRAJ26,TRAC,True,True,CVLSRGNNYAQGLTF,TGTGTTCTGAGCAGGGGCAATAACTATGCCCAGGGATTAACCTTC,4654,4,clonotype3,clonotype3_consensus_3
GTCCTCATCAGGATCT-1,True,GTCCTCATCAGGATCT-1_contig_4,True,508,TRB,TRBV13-1,None,TRBJ2-5,None,True,False,CASGDW,TGTGCCAGCGGTGACTGG,394,1,clonotype3,None
GTCGGGTCACATGACT-1,True,GTCGGGTCACATGACT-1_contig_1,True,538,TRA,TRAV8-1,None,TRAJ30,TRAC,True,True,CATDTNAYKVIF,TGTGCTACTGACACAAATGCTTACAAAGTCATCTTT,1394,2,clonotype14,clonotype14_consensus_1
GTCGGGTCACATGACT-1,True,GTCGGGTCACATGACT-1_contig_2,True,563,TRB,TRBV12-2+TRBV13-2,None,TRBJ1-5,TRBC1,True,True,CASGTGDNQAPLF,TGTGCCAGCGGTACAGGGGACAACCAGGCTCCGCTTTTT,2640,3,clonotype14,clonotype14_consensus_2
GTCGGGTCACATGACT-1,True,GTCGGGTCACATGACT-1_contig_3,True,814,TRB,None,None,TRBJ2-5,None,False,False,None,None,2990,3,clonotype14,None
GTCGGGTCATCGTCGG-1,True,GTCGGGTCATCGTCGG-1_contig_1,True,594,TRA,TRAV14-2,None,TRAJ50,TRAC,True,True,CAATSSSSFSKLVF,TGTGCAGCAACTTCATCCTCCTCCTTCAGCAAGCTGGTGTTT,10998,9,clonotype203,clonotype203_consensus_1
GTCGGGTCATCGTCGG-1,True,GTCGGGTCATCGTCGG-1_contig_2,True,587,TRB,TRBV13-1,None,TRBJ1-4,TRBC1,True,True,CASGTGANERLFF,TGTGCCAGCGGGACAGGGGCCAACGAAAGATTATTTTTC,28554,36,clonotype203,clonotype203_consensus_2
GTCGGGTCATCGTCGG-1,True,GTCGGGTCATCGTCGG-1_contig_3,True,356,TRB,None,None,TRBJ2-1,None,False,False,None,None,20696,14,clonotype203,None
GTCGGGTCATCGTCGG-1,True,GTCGGGTCATCGTCGG-1_contig_4,True,307,TRB,None,None,TRBJ1-5,TRBC1,False,False,None,None,3022,3,clonotype203,None
GTCGGGTCATCGTCGG-1,True,GTCGGGTCATCGTCGG-1_contig_5,True,303,TRB,None,None,TRBJ2-3,None,False,False,None,None,2062,1,clonotype203,None
GTCGGGTCATCGTCGG-1,True,GTCGGGTCATCGTCGG-1_contig_6,True,557,TRA,TRAV8N-2,None,TRAJ52,TRAC,True,False,None,None,3946,5,clonotype203,None
GTCGGGTGTTACGGAG-1,True,GTCGGGTGTTACGGAG-1_contig_1,True,524,TRA,TRAV19,None,TRAJ39,TRAC,True,True,CAAGGNNAGAKLTF,TGCGCAGCAGGTGGGAATAATGCAGGTGCCAAGCTCACATTC,1720,1,clonotype1,clonotype1_consensus_2
GTCGGGTGTTACGGAG-1,True,GTCGGGTGTTACGGAG-1_contig_2,True,646,TRB,TRBV12-2+TRBV13-2,None,TRBJ1-2,TRBC1,True,True,CASGGGTGNSDYTF,TGTGCCAGCGGTGGGGGGACAGGGAACTCCGACTACACCTTC,2272,4,clonotype1,clonotype1_consensus_1
GTCGGGTGTTCGGCAC-1,True,GTCGGGTGTTCGGCAC-1_contig_1,True,639,TRB,TRBV12-2+TRBV13-2,None,TRBJ1-5,TRBC1,True,True,CASGTGDNQAPLF,TGTGCCAGCGGTACAGGAGACAACCAGGCTCCGCTTTTT,5204,5,clonotype39,clonotype39_consensus_1
GTCGGGTGTTCGGCAC-1,True,GTCGGGTGTTCGGCAC-1_contig_2,True,510,TRA,TRAV3D-3,None,TRAJ28,TRAC,True,False,CTSAQSVRGTGSNRLTF,TGTACTTCTGCGCAGTCAGTGAGGGGCACTGGGAGTAACAGGCTCACTTTT,1506,1,clonotype39,None
GTCGGGTGTTCGGCAC-1,True,GTCGGGTGTTCGGCAC-1_contig_3,True,466,TRB,None,None,TRBJ1-4,TRBC1,False,False,None,None,7742,6,clonotype39,None
GTCGGGTTCACCGGGT-1,True,GTCGGGTTCACCGGGT-1_contig_1,True,555,TRA,TRAV3-3,None,TRAJ49,TRAC,True,True,CAVSGATGYQNFYF,TGCGCAGTCAGTGGGGCCACGGGTTACCAGAACTTCTATTTT,13162,7,clonotype10,clonotype10_consensus_3
GTCGGGTTCACCGGGT-1,True,GTCGGGTTCACCGGGT-1_contig_2,True,507,TRA,TRAV21-DV12,None,TRAJ42,TRAC,True,True,CILRVHGGSNAKLTF,TGTATCCTGAGAGTCCATGGAGGAAGCAATGCAAAGCTAACCTTC,7152,4,clonotype10,clonotype10_consensus_1
GTCGGGTTCACCGGGT-1,True,GTCGGGTTCACCGGGT-1_contig_3,True,552,TRB,TRBV12-2+TRBV13-2,None,TRBJ2-7,None,True,True,CASGVQGEQYF,TGTGCCAGCGGTGTTCAGGGAGAACAGTACTTC,17996,14,clonotype10,clonotype10_consensus_2
GTCGGGTTCACCGGGT-1,True,GTCGGGTTCACCGGGT-1_contig_4,True,324,TRB,None,None,TRBJ2-3,None,False,False,None,None,2962,1,clonotype10,None
GTCGTAAAGAATGTGT-1,True,GTCGTAAAGAATGTGT-1_contig_1,True,549,TRB,TRBV16,None,TRBJ2-5,None,True,True,CASSLGGGQDTQYF,TGTGCAAGCAGCTTAGGGGGGGGCCAAGACACCCAGTACTTT,3370,4,clonotype15,clonotype15_consensus_1
GTCGTAAAGAATGTGT-1,True,GTCGTAAAGAATGTGT-1_contig_2,True,577,TRA,TRAV4D-3,None,TRAJ27,TRAC,True,True,CAADGPNTGKLTF,TGTGCTGCGGACGGACCCAATACAGGCAAATTAACCTTT,2916,3,clonotype15,clonotype15_consensus_2
GTCGTAAAGAATGTGT-1,True,GTCGTAAAGAATGTGT-1_contig_3,True,457,TRB,None,None,TRBJ2-7,None,False,False,None,None,1472,2,clonotype15,None
GTCGTAAAGACAAGCC-1,True,GTCGTAAAGACAAGCC-1_contig_1,True,593,TRA,TRAV19,None,TRAJ39,TRAC,True,True,CAAGGNNAGAKLTF,TGCGCAGCAGGTGGGAATAATGCAGGTGCCAAGCTCACATTC,7828,7,clonotype1,clonotype1_consensus_2
GTCGTAAAGACAAGCC-1,True,GTCGTAAAGACAAGCC-1_contig_2,True,623,TRB,TRBV12-2+TRBV13-2,None,TRBJ1-2,TRBC1,True,True,CASGGGTGNSDYTF,TGTGCCAGCGGTGGGGGGACAGGGAACTCCGACTACACCTTC,19546,20,clonotype1,clonotype1_consensus_1
GTCGTAAAGACAAGCC-1,True,GTCGTAAAGACAAGCC-1_contig_3,True,334,TRB,None,None,TRBJ2-1,None,False,False,None,None,13230,5,clonotype1,None
GTCGTAAAGACAAGCC-1,True,GTCGTAAAGACAAGCC-1_contig_4,True,630,TRB,None,None,TRBJ2-7,None,False,False,None,None,6694,5,clonotype1,None
GTCGTAAAGACAAGCC-1,True,GTCGTAAAGACAAGCC-1_contig_5,True,443,TRB,None,None,TRBJ1-4,TRBC1,False,False,None,None,1706,1,clonotype1,None
GTCGTAACAATAGCGG-1,True,GTCGTAACAATAGCGG-1_contig_1,True,511,TRA,TRAV6-6,None,TRAJ24,TRAC,True,True,CAPLTTASLGKLQF,TGTGCTCCGTTGACAACTGCCAGTTTGGGGAAACTGCAGTTT,8888,7,clonotype3,clonotype3_consensus_2
GTCGTAACAATAGCGG-1,True,GTCGTAACAATAGCGG-1_contig_2,True,512,TRB,TRBV13-1,None,TRBJ2-4,None,True,True,CASSEGTNTLYF,TGTGCCAGCAGTGAAGGAACAAACACCTTGTACTTT,1504,2,clonotype3,clonotype3_consensus_1
GTCGTAACAATAGCGG-1,True,GTCGTAACAATAGCGG-1_contig_3,True,732,TRA,TRAV9D-2,None,TRAJ26,TRAC,True,True,CVLSRGNNYAQGLTF,TGTGTTCTGAGCAGGGGCAATAACTATGCCCAGGGATTAACCTTC,14712,10,clonotype3,clonotype3_consensus_3
GTCGTAACAATAGCGG-1,True,GTCGTAACAATAGCGG-1_contig_4,True,512,TRB,None,None,TRBJ2-7,None,False,False,None,None,3088,2,clonotype3,None
GTCGTAAGTCTTCAAG-1,True,GTCGTAAGTCTTCAAG-1_contig_1,True,538,TRA,TRAV8-1,None,TRAJ30,TRAC,True,True,CATDTNAYKVIF,TGTGCTACTGACACAAATGCTTACAAAGTCATCTTT,2492,2,clonotype14,clonotype14_consensus_1
GTCGTAAGTCTTCAAG-1,True,GTCGTAAGTCTTCAAG-1_contig_2,True,579,TRB,TRBV12-2+TRBV13-2,None,TRBJ1-5,TRBC1,True,True,CASGTGDNQAPLF,TGTGCCAGCGGTACAGGGGACAACCAGGCTCCGCTTTTT,3396,3,clonotype14,clonotype14_consensus_2
GTCGTAAGTGATAAAC-1,True,GTCGTAAGTGATAAAC-1_contig_1,True,549,TRB,TRBV16,None,TRBJ2-5,None,True,True,CASSLGGNQDTQYF,TGTGCAAGCAGCTTGGGGGGTAACCAAGACACCCAGTACTTT,4566,6,clonotype144,clonotype144_consensus_2
GTCGTAAGTGATAAAC-1,True,GTCGTAAGTGATAAAC-1_contig_2,True,511,TRA,TRAV6N-6,None,TRAJ2,TRAC,True,True,CALYTGGLSGKLTF,TGCGCTCTGTATACTGGAGGACTAAGTGGTAAATTAACATTC,9754,7,clonotype144,clonotype144_consensus_1
GTCGTAAGTGATAAAC-1,True,GTCGTAAGTGATAAAC-1_contig_3,True,860,TRB,TRBV31,None,TRBJ2-1,None,True,False,CLEGRGGTEQFF,TGCCTGGAAGGGAGGGGGGGCACTGAGCAGTTCTTC,3630,2,clonotype144,None
GTCGTAAGTTCGCTAA-1,True,GTCGTAAGTTCGCTAA-1_contig_1,True,549,TRB,TRBV16,None,TRBJ2-7,None,True,True,CASSFGGGADEQYF,TGTGCAAGCAGCTTTGGTGGGGGGGCGGATGAACAGTACTTC,7894,11,clonotype20,clonotype20_consensus_2
GTCGTAAGTTCGCTAA-1,True,GTCGTAAGTTCGCTAA-1_contig_2,True,537,TRA,TRAV13D-2,None,TRAJ11,TRAC,True,True,CAIDLDSGYNKLTF,TGTGCTATAGATCTTGACTCGGGATACAACAAACTCACTTTT,4392,3,clonotype20,clonotype20_consensus_1
GTCGTAAGTTCGCTAA-1,True,GTCGTAAGTTCGCTAA-1_contig_3,True,536,TRB,TRBV13-1,None,TRBJ1-2,TRBC1,True,False,None,None,1018,1,clonotype20,None
GTCGTAATCATAGCAC-1,True,GTCGTAATCATAGCAC-1_contig_1,True,558,TRA,TRAV16,None,TRAJ57,TRAC,True,True,CAMREPQGGSAKLIF,TGTGCTATGAGAGAGCCTCAAGGAGGGTCTGCGAAGCTCATCTTT,11562,10,clonotype22,clonotype22_consensus_3
GTCGTAATCATAGCAC-1,True,GTCGTAATCATAGCAC-1_contig_2,True,532,TRA,TRAV13-4-DV7,None,TRAJ58,TRAC,True,True,CAPMQQGTGSKLSF,TGTGCTCCTATGCAGCAAGGCACTGGGTCTAAGCTGTCATTT,14834,14,clonotype22,clonotype22_consensus_2
GTCGTAATCATAGCAC-1,True,GTCGTAATCATAGCAC-1_contig_3,True,525,TRB,TRBV17,None,TRBJ2-5,None,True,True,CASSRKGVQDTQYF,TGTGCTAGCAGTAGAAAGGGGGTCCAAGACACCCAGTACTTT,39950,38,clonotype22,clonotype22_consensus_1
GTCGTAATCATAGCAC-1,True,GTCGTAATCATAGCAC-1_contig_4,True,430,TRB,None,None,TRBJ2-3,None,False,False,None,None,7322,7,clonotype22,None
GTCGTAATCTTGCAAG-1,True,GTCGTAATCTTGCAAG-1_contig_1,True,563,TRA,TRAV16D-DV11,None,TRAJ26,TRAC,True,True,CAMREENNYAQGLTF,TGTGCTATGAGAGAGGAAAATAACTATGCCCAGGGATTAACCTTC,3566,2,clonotype12,clonotype12_consensus_2
GTCGTAATCTTGCAAG-1,True,GTCGTAATCTTGCAAG-1_contig_2,True,505,TRB,TRBV13-1,None,TRBJ2-3,None,True,True,CASGDSAETLYF,TGTGCCAGCGGGGACAGTGCAGAAACGCTGTATTTT,39228,30,clonotype12,clonotype12_consensus_1
GTCGTAATCTTGCAAG-1,True,GTCGTAATCTTGCAAG-1_contig_3,True,591,TRB,None,None,TRBJ1-6,TRBC1,False,False,None,None,20244,15,clonotype12,None
GTCTCGTAGAGACGAA-1,True,GTCTCGTAGAGACGAA-1_contig_1,True,652,TRA,TRAV14N-3,None,TRAJ6,TRAC,True,True,CAARTSGGNYKPTF,TGTGCAGCAAGAACCTCAGGAGGAAACTACAAACCTACGTTT,10482,9,clonotype4,clonotype4_consensus_2
GTCTCGTAGAGACGAA-1,True,GTCTCGTAGAGACGAA-1_contig_2,True,549,TRA,TRAV8N-2,None,TRAJ13,TRAC,True,True,CATEDSGTYQRF,TGTGCTACTGAGGATTCTGGGACTTACCAGAGGTTT,6448,4,clonotype4,clonotype4_consensus_1
GTCTCGTAGAGACGAA-1,True,GTCTCGTAGAGACGAA-1_contig_3,True,568,TRB,TRBV12-2+TRBV13-2,None,TRBJ2-7,None,True,True,CASGTGGDYEQYF,TGTGCCAGCGGGACTGGGGGGGACTATGAACAGTACTTC,10528,11,clonotype4,clonotype4_consensus_3
GTCTCGTAGCAGGTCA-1,True,GTCTCGTAGCAGGTCA-1_contig_1,True,561,TRA,TRAV4-3,None,TRAJ42,TRAC,True,True,CAADNSGGSNAKLTF,TGTGCTGCTGATAATTCTGGAGGAAGCAATGCAAAGCTAACCTTC,12404,8,clonotype29,clonotype29_consensus_2
GTCTCGTAGCAGGTCA-1,True,GTCTCGTAGCAGGTCA-1_contig_2,True,512,TRB,TRBV13-1,None,TRBJ2-1,None,True,True,CASGGAYAEQFF,TGTGCCAGCGGGGGGGCGTATGCTGAGCAGTTCTTC,13146,14,clonotype29,clonotype29_consensus_1
GTCTCGTAGCAGGTCA-1,True,GTCTCGTAGCAGGTCA-1_contig_3,True,566,TRA,TRAV12-2,None,TRAJ34,TRAC,True,True,CALSGNTNKVVF,TGTGCTTTGAGTGGCAATACCAACAAAGTCGTCTTT,10008,8,clonotype29,clonotype29_consensus_3
GTCTCGTAGCAGGTCA-1,True,GTCTCGTAGCAGGTCA-1_contig_4,True,656,TRA,None,None,TRAJ26,TRAC,False,False,None,None,3280,2,clonotype29,None
GTCTCGTAGCAGGTCA-1,True,GTCTCGTAGCAGGTCA-1_contig_5,True,344,TRB,None,None,TRBJ2-7,None,False,False,None,None,2410,1,clonotype29,None
GTCTCGTAGCTTCGCG-1,True,GTCTCGTAGCTTCGCG-1_contig_1,True,566,TRA,TRAV3-3,None,TRAJ49,TRAC,True,True,CAVSGSTGYQNFYF,TGCGCAGTCAGTGGGAGCACGGGTTACCAGAACTTCTATTTT,1472,2,clonotype5,clonotype5_consensus_1
GTCTCGTAGCTTCGCG-1,True,GTCTCGTAGCTTCGCG-1_contig_2,True,562,TRB,TRBV12-2+TRBV13-2,None,TRBJ2-7,None,True,True,CASGVQGWEQYF,TGTGCCAGCGGTGTACAGGGGTGGGAACAGTACTTC,4012,5,clonotype5,clonotype5_consensus_2
GTCTCGTAGCTTCGCG-1,True,GTCTCGTAGCTTCGCG-1_contig_3,True,527,TRA,TRAV6D-5,None,TRAJ38,TRAC,True,False,CTTVFWDNVGDNSKLIW,TGTACTACTGTGTTCTGGGATAATGTTGGTGACAACAGTAAGCTGATTTGG,2250,1,clonotype5,None
GTCTCGTCACGAGGTA-1,True,GTCTCGTCACGAGGTA-1_contig_1,True,558,TRA,TRAV19,None,TRAJ39,TRAC,True,True,CAAGGNNAGAKLTF,TGCGCAGCAGGTGGGAATAATGCAGGTGCCAAGCTCACATTC,6370,6,clonotype1,clonotype1_consensus_2
GTCTCGTCACGAGGTA-1,True,GTCTCGTCACGAGGTA-1_contig_2,True,572,TRB,TRBV12-2+TRBV13-2,None,TRBJ1-2,TRBC1,True,True,CASGGGTGNSDYTF,TGTGCCAGCGGTGGGGGGACAGGGAACTCCGACTACACCTTC,25312,24,clonotype1,clonotype1_consensus_1
GTCTCGTCACGAGGTA-1,True,GTCTCGTCACGAGGTA-1_contig_3,True,355,TRB,None,None,TRBJ2-1,None,False,False,None,None,2452,2,clonotype1,None
GTCTCGTCAGGAACGT-1,True,GTCTCGTCAGGAACGT-1_contig_1,True,558,TRA,TRAV19,None,TRAJ39,TRAC,True,True,CAAGGNNAGAKLTF,TGCGCAGCAGGTGGGAATAATGCAGGTGCCAAGCTCACATTC,15124,21,clonotype1,clonotype1_consensus_2
GTCTCGTCAGGAACGT-1,True,GTCTCGTCAGGAACGT-1_contig_2,True,594,TRB,TRBV12-2+TRBV13-2,None,TRBJ1-2,TRBC1,True,True,CASGGGTGNSDYTF,TGTGCCAGCGGTGGGGGGACAGGGAACTCCGACTACACCTTC,39670,65,clonotype1,clonotype1_consensus_1
GTCTCGTCAGGAACGT-1,True,GTCTCGTCAGGAACGT-1_contig_3,True,643,TRB,None,None,TRBJ2-7,None,False,False,None,None,4532,5,clonotype1,None
GTCTCGTCAGGAACGT-1,True,GTCTCGTCAGGAACGT-1_contig_4,True,461,TRB,None,None,TRBJ1-3,TRBC1,False,False,None,None,3286,3,clonotype1,None
GTCTCGTCAGGAACGT-1,True,GTCTCGTCAGGAACGT-1_contig_5,True,519,TRA,TRAV7-5,None,TRAJ45,TRAC,True,False,CSDTEGADRLTF,TGCAGTGATACAGAAGGTGCAGATAGACTCACCTTT,3414,4,clonotype1,None
GTCTCGTCAGGAACGT-1,True,GTCTCGTCAGGAACGT-1_contig_6,True,344,TRB,None,None,TRBJ2-1,None,False,False,None,None,7806,11,clonotype1,None
GTCTCGTGTTAAAGAC-1,True,GTCTCGTGTTAAAGAC-1_contig_1,True,569,TRA,TRAV12-2,None,TRAJ26,TRAC,True,True,CALSHNYAQGLTF,TGTGCTTTGAGTCATAACTATGCCCAGGGATTAACCTTC,3376,3,clonotype457,clonotype457_consensus_1
GTCTCGTGTTAAAGAC-1,True,GTCTCGTGTTAAAGAC-1_contig_2,True,569,TRB,TRBV12-2+TRBV13-2,None,TRBJ2-3,None,True,True,CASGEPGLGETLYF,TGTGCCAGCGGTGAGCCGGGACTGGGGGAAACGCTGTATTTT,5962,10,clonotype457,clonotype457_consensus_2
GTCTCGTTCGAGAACG-1,True,GTCTCGTTCGAGAACG-1_contig_1,True,569,TRA,TRAV6-6,None,TRAJ24,TRAC,True,True,CAPLTTASLGKLQF,TGTGCTCCGTTGACAACTGCCAGTTTGGGGAAACTGCAGTTT,3034,1,clonotype2,clonotype2_consensus_2
GTCTCGTTCGAGAACG-1,True,GTCTCGTTCGAGAACG-1_contig_2,True,509,TRB,TRBV13-1,None,TRBJ2-4,None,True,True,CASSEGTNTLYF,TGTGCCAGCAGTGAAGGAACAAACACCTTGTACTTT,3752,6,clonotype2,clonotype2_consensus_1
GTCTCGTTCGAGAACG-1,True,GTCTCGTTCGAGAACG-1_contig_3,True,428,TRA,TRAV9D-2,None,TRAJ26,TRAC,True,False,CVLSRGNNYAQGLTF,TGTGTTCTGAGCAGGGGCAATAACTATGCCCAGGGATTAACCTTC,3832,2,clonotype2,None
GTCTCGTTCGTCGTTC-1,True,GTCTCGTTCGTCGTTC-1_contig_1,True,541,TRA,TRAV8D-1,None,TRAJ34,TRAC,True,True,CATDPNTNKVVF,TGTGCTACTGATCCCAATACCAACAAAGTCGTCTTT,2682,2,clonotype458,clonotype458_consensus_1
GTCTCGTTCGTCGTTC-1,True,GTCTCGTTCGTCGTTC-1_contig_2,True,566,TRB,TRBV12-2+TRBV13-2,None,TRBJ2-1,None,True,True,CASGTGGYAEQFF,TGTGCCAGCGGGACAGGGGGCTATGCTGAGCAGTTCTTC,4594,7,clonotype458,clonotype458_consensus_2
GTCTTCGAGTTGTCGT-1,True,GTCTTCGAGTTGTCGT-1_contig_1,True,541,TRA,TRAV8D-1,None,TRAJ30,TRAC,True,True,CATDTNAYKVIF,TGTGCTACTGACACAAATGCTTACAAAGTCATCTTT,1554,1,clonotype31,clonotype31_consensus_1
GTCTTCGAGTTGTCGT-1,True,GTCTTCGAGTTGTCGT-1_contig_2,True,558,TRB,TRBV12-2+TRBV13-2,None,TRBJ1-5,TRBC1,True,True,CASGTGDNQAPLF,TGTGCCAGCGGTACAGGAGACAACCAGGCTCCGCTTTTT,9700,7,clonotype31,clonotype31_consensus_2
GTCTTCGCACTCGACG-1,True,GTCTTCGCACTCGACG-1_contig_1,True,549,TRB,TRBV16,None,TRBJ2-5,None,True,True,CASSFGGAPDTQYF,TGTGCAAGCAGCTTTGGGGGGGCGCCAGACACCCAGTACTTT,5344,6,clonotype17,clonotype17_consensus_2
GTCTTCGCACTCGACG-1,True,GTCTTCGCACTCGACG-1_contig_2,True,562,TRA,TRAV14-2,None,TRAJ49,TRAC,True,True,CAAQGYQNFYF,TGTGCAGCACAGGGTTACCAGAACTTCTATTTT,3720,3,clonotype17,clonotype17_consensus_3
GTCTTCGCACTCGACG-1,True,GTCTTCGCACTCGACG-1_contig_3,True,587,TRA,TRAV4D-4,None,TRAJ45,TRAC,True,True,CAAYTEGADRLTF,TGTGCTGCCTATACAGAAGGTGCAGATAGACTCACCTTT,2040,2,clonotype17,clonotype17_consensus_1
GTCTTCGCATTACCTT-1,True,GTCTTCGCATTACCTT-1_contig_1,True,571,TRB,TRBV12-2+TRBV13-2,None,TRBJ2-3,None,True,True,CASGDAPPGEGTLYF,TGTGCCAGCGGTGATGCACCTCCAGGGGAGGGAACGCTGTATTTT,4216,4,clonotype168,clonotype168_consensus_2
GTCTTCGCATTACCTT-1,True,GTCTTCGCATTACCTT-1_contig_2,True,549,TRA,TRAV8N-2,None,TRAJ13,TRAC,True,True,CATEDSGTYQRF,TGTGCTACTGAGGATTCTGGGACTTACCAGAGGTTT,3268,2,clonotype168,clonotype168_consensus_1
GTCTTCGGTCACCTAA-1,True,GTCTTCGGTCACCTAA-1_contig_1,True,519,TRA,TRAV7-3,None,TRAJ38,TRAC,True,True,CAVSAANVGDNSKLIW,TGTGCAGTGAGCGCGGCGAATGTTGGTGACAACAGTAAGCTGATTTGG,5356,2,clonotype49,clonotype49_consensus_2
GTCTTCGGTCACCTAA-1,True,GTCTTCGGTCACCTAA-1_contig_2,True,505,TRB,TRBV13-1,None,TRBJ2-7,None,True,True,CASSGGHLEQYF,TGTGCCAGCAGTGGGGGACACCTTGAACAGTACTTC,12576,9,clonotype49,clonotype49_consensus_1
GTCTTCGGTCTAGCGC-1,True,GTCTTCGGTCTAGCGC-1_contig_1,True,532,TRA,TRAV13-4-DV7,None,TRAJ58,TRAC,True,True,CAPMQQGTGSKLSF,TGTGCTCCTATGCAGCAAGGCACTGGGTCTAAGCTGTCATTT,4712,5,clonotype18,clonotype18_consensus_2
GTCTTCGGTCTAGCGC-1,True,GTCTTCGGTCTAGCGC-1_contig_2,True,525,TRB,TRBV17,None,TRBJ2-5,None,True,True,CASSRKGVQDTQYF,TGTGCTAGCAGTAGAAAGGGGGTCCAAGACACCCAGTACTTT,14344,10,clonotype18,clonotype18_consensus_1
GTCTTCGTCGTTACGA-1,True,GTCTTCGTCGTTACGA-1_contig_1,True,563,TRA,TRAV14D-2,None,TRAJ26,TRAC,True,True,CAASGNNYAQGLTF,TGTGCAGCAAGTGGGAATAACTATGCCCAGGGATTAACCTTC,7114,5,clonotype459,clonotype459_consensus_2
GTCTTCGTCGTTACGA-1,True,GTCTTCGTCGTTACGA-1_contig_2,True,569,TRB,TRBV12-2+TRBV13-2,None,TRBJ2-5,None,True,True,CASGTGDTQYF,TGTGCCAGCGGGACAGGGGACACCCAGTACTTT,4058,4,clonotype459,clonotype459_consensus_1
GTCTTCGTCGTTACGA-1,True,GTCTTCGTCGTTACGA-1_contig_3,True,524,TRB,TRBV13-1,None,TRBJ1-4,TRBC1,True,False,None,None,2066,4,clonotype459,None
GTGAAGGAGACGCACA-1,True,GTGAAGGAGACGCACA-1_contig_1,True,566,TRB,TRBV12-2+TRBV13-2,None,TRBJ1-2,TRBC1,True,True,CASGGGTGNSDYTF,TGTGCCAGCGGTGGGGGGACAGGGAACTCCGACTACACCTTC,22686,25,clonotype7,clonotype7_consensus_1
GTGAAGGAGACGCACA-1,True,GTGAAGGAGACGCACA-1_contig_2,True,367,TRB,None,None,TRBJ2-1,None,False,False,None,None,15808,8,clonotype7,None
GTGAAGGAGACGCACA-1,True,GTGAAGGAGACGCACA-1_contig_3,True,473,TRB,None,None,TRBJ2-7,None,False,False,None,None,13234,9,clonotype7,None
GTGAAGGCATGCAACT-1,True,GTGAAGGCATGCAACT-1_contig_1,True,570,TRA,TRAV14N-3,None,TRAJ6,TRAC,True,True,CAARTSGGNYKPTF,TGTGCAGCAAGAACCTCAGGAGGAAACTACAAACCTACGTTT,6596,5,clonotype4,clonotype4_consensus_2
GTGAAGGCATGCAACT-1,True,GTGAAGGCATGCAACT-1_contig_2,True,549,TRA,TRAV8N-2,None,TRAJ13,TRAC,True,True,CATEDSGTYQRF,TGTGCTACTGAGGATTCTGGGACTTACCAGAGGTTT,23728,15,clonotype4,clonotype4_consensus_1
GTGAAGGCATGCAACT-1,True,GTGAAGGCATGCAACT-1_contig_3,True,565,TRB,TRBV12-2+TRBV13-2,None,TRBJ2-7,None,True,True,CASGTGGDYEQYF,TGTGCCAGCGGGACTGGGGGGGACTATGAACAGTACTTC,15708,13,clonotype4,clonotype4_consensus_3
GTGAAGGGTTCAGTAC-1,True,GTGAAGGGTTCAGTAC-1_contig_1,True,593,TRA,TRAV19,None,TRAJ39,TRAC,True,True,CAAGGNNAGAKLTF,TGCGCAGCAGGTGGGAATAATGCAGGTGCCAAGCTCACATTC,3702,3,clonotype1,clonotype1_consensus_2
GTGAAGGGTTCAGTAC-1,True,GTGAAGGGTTCAGTAC-1_contig_2,True,571,TRB,TRBV12-2+TRBV13-2,None,TRBJ1-2,TRBC1,True,True,CASGGGTGNSDYTF,TGTGCCAGCGGTGGGGGGACAGGGAACTCCGACTACACCTTC,2436,3,clonotype1,clonotype1_consensus_1
GTGAAGGGTTCAGTAC-1,True,GTGAAGGGTTCAGTAC-1_contig_3,True,339,TRB,None,None,TRBJ2-1,None,False,False,None,None,3704,2,clonotype1,None
GTGAAGGGTTCAGTAC-1,True,GTGAAGGGTTCAGTAC-1_contig_4,True,627,TRB,None,None,TRBJ2-7,None,False,False,None,None,480,1,clonotype1,None
GTGAAGGGTTCAGTAC-1,True,GTGAAGGGTTCAGTAC-1_contig_5,True,517,TRA,TRAV7-5,None,TRAJ45,TRAC,True,False,CSDTEGADRLTF,TGCAGTGATACAGAAGGTGCAGATAGACTCACCTTT,2552,1,clonotype1,None
GTGAAGGTCTGCCCTA-1,True,GTGAAGGTCTGCCCTA-1_contig_1,True,541,TRA,TRAV8D-1,None,TRAJ30,TRAC,True,True,CATDTNAYKVIF,TGTGCTACTGACACAAATGCTTACAAAGTCATCTTT,1822,1,clonotype13,clonotype13_consensus_1
GTGAAGGTCTGCCCTA-1,True,GTGAAGGTCTGCCCTA-1_contig_2,True,602,TRB,TRBV12-2+TRBV13-2,None,TRBJ1-5,TRBC1,True,True,CASGTGDNQAPLF,TGTGCCAGCGGGACAGGGGACAACCAGGCTCCGCTTTTT,9742,6,clonotype13,clonotype13_consensus_2
GTGCAGCAGCACACAG-1,True,GTGCAGCAGCACACAG-1_contig_1,True,549,TRB,TRBV16,None,TRBJ2-5,None,True,True,CASSFGGGQDTQYF,TGTGCAAGCAGCTTCGGGGGCGGCCAAGACACCCAGTACTTT,9444,9,clonotype83,clonotype83_consensus_1
GTGCAGCAGCACACAG-1,True,GTGCAGCAGCACACAG-1_contig_2,True,542,Multi,TRDV2-2,None,TRAJ58,TRAC,True,False,CALMEPQGTGSKLSF,TGTGCTCTCATGGAGCCTCAAGGCACTGGGTCTAAGCTGTCATTT,5682,4,clonotype83,None
GTGCAGCTCACATAGC-1,True,GTGCAGCTCACATAGC-1_contig_1,True,558,TRA,TRAV19,None,TRAJ39,TRAC,True,True,CAAGGNNAGAKLTF,TGCGCAGCAGGTGGGAATAATGCAGGTGCCAAGCTCACATTC,2880,2,clonotype1,clonotype1_consensus_2
GTGCAGCTCACATAGC-1,True,GTGCAGCTCACATAGC-1_contig_2,True,568,TRB,TRBV12-2+TRBV13-2,None,TRBJ1-2,TRBC1,True,True,CASGGGTGNSDYTF,TGTGCCAGCGGTGGGGGGACAGGGAACTCCGACTACACCTTC,13982,11,clonotype1,clonotype1_consensus_1
GTGCAGCTCACATAGC-1,True,GTGCAGCTCACATAGC-1_contig_3,True,507,TRA,TRAV7-5,None,TRAJ45,TRAC,True,False,CSDTEGADRLTF,TGCAGTGATACAGAAGGTGCAGATAGACTCACCTTT,2568,1,clonotype1,None
GTGCATACACTCGACG-1,True,GTGCATACACTCGACG-1_contig_1,True,560,TRA,TRAV6-6,None,TRAJ24,TRAC,True,True,CAPLTTASLGKLQF,TGTGCTCCGTTGACAACTGCCAGTTTGGGGAAACTGCAGTTT,5904,5,clonotype3,clonotype3_consensus_2
GTGCATACACTCGACG-1,True,GTGCATACACTCGACG-1_contig_2,True,512,TRB,TRBV13-1,None,TRBJ2-4,None,True,True,CASSEGTNTLYF,TGTGCCAGCAGTGAAGGAACAAACACCTTGTACTTT,9844,9,clonotype3,clonotype3_consensus_1
GTGCATACACTCGACG-1,True,GTGCATACACTCGACG-1_contig_3,True,731,TRA,TRAV9D-2,None,TRAJ26,TRAC,True,True,CVLSRGNNYAQGLTF,TGTGTTCTGAGCAGGGGCAATAACTATGCCCAGGGATTAACCTTC,10732,7,clonotype3,clonotype3_consensus_3
GTGCATACAGTCTTCC-1,True,GTGCATACAGTCTTCC-1_contig_1,True,577,TRB,TRBV13-1,None,TRBJ1-4,TRBC1,True,True,CASSDANERLFF,TGTGCCAGCAGTGATGCCAACGAAAGATTATTTTTC,5726,6,clonotype460,clonotype460_consensus_1
GTGCATACAGTCTTCC-1,True,GTGCATACAGTCTTCC-1_contig_2,True,565,TRA,TRAV15D-1-DV6D-1,None,TRAJ24,TRAC,True,False,CSLGAPTTASLGKLQF,TGCTCTCTGGGAGCCCCGACAACTGCCAGTTTGGGGAAACTGCAGTTT,2364,1,clonotype460,None
GTGCATAGTACCAGTT-1,True,GTGCATAGTACCAGTT-1_contig_1,True,535,TRA,TRAV6-6,None,TRAJ24,TRAC,True,True,CAPLTTASLGKLQF,TGTGCTCCGTTGACAACTGCCAGTTTGGGGAAACTGCAGTTT,10168,9,clonotype3,clonotype3_consensus_2
GTGCATAGTACCAGTT-1,True,GTGCATAGTACCAGTT-1_contig_2,True,512,TRB,TRBV13-1,None,TRBJ2-4,None,True,True,CASSEGTNTLYF,TGTGCCAGCAGTGAAGGAACAAACACCTTGTACTTT,28046,21,clonotype3,clonotype3_consensus_1
GTGCATAGTACCAGTT-1,True,GTGCATAGTACCAGTT-1_contig_3,True,732,TRA,TRAV9D-2,None,TRAJ26,TRAC,True,True,CVLSRGNNYAQGLTF,TGTGTTCTGAGCAGGGGCAATAACTATGCCCAGGGATTAACCTTC,11306,9,clonotype3,clonotype3_consensus_3
GTGCATAGTACCAGTT-1,True,GTGCATAGTACCAGTT-1_contig_4,True,656,TRB,TRBV12-2+TRBV13-2,None,TRBJ2-5,None,True,False,CASGDW,TGTGCCAGCGGTGACTGG,3416,3,clonotype3,None
GTGCATAGTATAATGG-1,True,GTGCATAGTATAATGG-1_contig_1,True,516,TRA,TRAV6-6,None,TRAJ24,TRAC,True,True,CAPLTTASLGKLQF,TGTGCTCCGTTGACAACTGCCAGTTTGGGGAAACTGCAGTTT,4484,3,clonotype2,clonotype2_consensus_2
GTGCATAGTATAATGG-1,True,GTGCATAGTATAATGG-1_contig_2,True,512,TRB,TRBV13-1,None,TRBJ2-4,None,True,True,CASSEGTNTLYF,TGTGCCAGCAGTGAAGGAACAAACACCTTGTACTTT,12982,11,clonotype2,clonotype2_consensus_1
GTGCATAGTATGAATG-1,True,GTGCATAGTATGAATG-1_contig_1,True,562,TRB,TRBV12-1,None,TRBJ2-7,None,True,True,CASSRNSGTGGVEQYF,TGTGCCAGCTCTCGGAATTCCGGGACTGGGGGGGTTGAACAGTACTTC,5616,4,clonotype145,clonotype145_consensus_1
GTGCATAGTTTGTGTG-1,True,GTGCATAGTTTGTGTG-1_contig_1,True,525,TRB,TRBV17,None,TRBJ2-5,None,True,True,CASSRKGSQDTQYF,TGTGCTAGCAGTAGAAAGGGTTCTCAAGACACCCAGTACTTT,3936,3,clonotype68,clonotype68_consensus_1
GTGCGGTAGAGATGAG-1,True,GTGCGGTAGAGATGAG-1_contig_1,True,549,TRB,TRBV16,None,TRBJ2-5,None,True,True,CASSFGGAPDTQYF,TGTGCAAGCAGCTTTGGGGGGGCGCCAGACACCCAGTACTTT,6344,8,clonotype17,clonotype17_consensus_2
GTGCGGTAGAGATGAG-1,True,GTGCGGTAGAGATGAG-1_contig_2,True,519,TRA,TRAV14-2,None,TRAJ49,TRAC,True,True,CAAQGYQNFYF,TGTGCAGCACAGGGTTACCAGAACTTCTATTTT,1928,1,clonotype17,clonotype17_consensus_3
GTGCGGTAGAGATGAG-1,True,GTGCGGTAGAGATGAG-1_contig_3,True,540,TRA,TRAV4D-4,None,TRAJ45,TRAC,True,True,CAAYTEGADRLTF,TGTGCTGCCTATACAGAAGGTGCAGATAGACTCACCTTT,1656,2,clonotype17,clonotype17_consensus_1
GTGCGGTCAGATGGCA-1,True,GTGCGGTCAGATGGCA-1_contig_1,True,579,TRA,TRAV14-1,None,TRAJ32,TRAC,True,True,CAASPLGSSGNKLIF,TGTGCAGCAAGTCCTCTTGGGAGCAGTGGCAACAAGCTCATCTTT,6258,5,clonotype63,clonotype63_consensus_1
GTGCGGTCAGATGGCA-1,True,GTGCGGTCAGATGGCA-1_contig_2,True,537,TRA,TRAV8-1,None,TRAJ30,TRAC,True,True,CATDTNAYKVIF,TGTGCTACTGACACAAATGCTTACAAAGTCATCTTT,3238,3,clonotype63,clonotype63_consensus_2
GTGCGGTCAGATGGCA-1,True,GTGCGGTCAGATGGCA-1_contig_3,True,567,TRB,TRBV12-2+TRBV13-2,None,TRBJ1-5,TRBC1,True,True,CASGTGDNQAPLF,TGTGCCAGCGGGACAGGGGACAACCAGGCTCCGCTTTTT,20634,18,clonotype63,clonotype63_consensus_3
GTGCGGTCAGATGGCA-1,True,GTGCGGTCAGATGGCA-1_contig_4,True,385,TRB,None,None,TRBJ1-6,TRBC1,False,False,None,None,2056,2,clonotype63,None
GTGCGGTCAGATGGCA-1,True,GTGCGGTCAGATGGCA-1_contig_5,True,333,TRB,None,None,TRBJ2-1,None,False,False,None,None,3386,2,clonotype63,None
GTGCGGTCATCGTCGG-1,True,GTGCGGTCATCGTCGG-1_contig_1,True,523,TRA,TRAV14N-3,None,TRAJ6,TRAC,True,True,CAARSSGGNYKPTF,TGTGCAGCAAGGTCCTCAGGAGGAAACTACAAACCTACGTTT,3282,1,clonotype461,clonotype461_consensus_2
GTGCGGTCATCGTCGG-1,True,GTGCGGTCATCGTCGG-1_contig_2,True,522,TRB,TRBV31,None,TRBJ2-3,None,True,True,CAWSLLLGGSAETLYF,TGTGCCTGGAGTCTACTCCTGGGGGGAAGTGCAGAAACGCTGTATTTT,3722,3,clonotype461,clonotype461_consensus_1
GTGCGGTGTCGCGTGT-1,True,GTGCGGTGTCGCGTGT-1_contig_1,True,547,TRA,TRAV6-6,None,TRAJ24,TRAC,True,True,CAPLTTASLGKLQF,TGTGCTCCGTTGACAACTGCCAGTTTGGGGAAACTGCAGTTT,1976,2,clonotype3,clonotype3_consensus_2
GTGCGGTGTCGCGTGT-1,True,GTGCGGTGTCGCGTGT-1_contig_2,True,512,TRB,TRBV13-1,None,TRBJ2-4,None,True,True,CASSEGTNTLYF,TGTGCCAGCAGTGAAGGAACAAACACCTTGTACTTT,18504,15,clonotype3,clonotype3_consensus_1
GTGCGGTGTCGCGTGT-1,True,GTGCGGTGTCGCGTGT-1_contig_3,True,699,TRA,TRAV9D-2,None,TRAJ26,TRAC,True,True,CVLSRGNNYAQGLTF,TGTGTTCTGAGCAGGGGCAATAACTATGCCCAGGGATTAACCTTC,2232,4,clonotype3,clonotype3_consensus_3
GTGCGGTGTCGCGTGT-1,True,GTGCGGTGTCGCGTGT-1_contig_4,True,495,TRA,TRAV7-5,None,TRAJ45,TRAC,True,False,CSDTEGADRLTF,TGCAGTGATACAGAAGGTGCAGATAGACTCACCTTT,2050,1,clonotype3,None
GTGCGGTGTCGCGTGT-1,True,GTGCGGTGTCGCGTGT-1_contig_5,True,357,TRB,None,None,TRBJ2-1,None,False,False,None,None,2732,1,clonotype3,None
GTGCGGTGTCGCGTGT-1,True,GTGCGGTGTCGCGTGT-1_contig_6,True,345,TRB,None,None,TRBJ2-7,None,False,False,None,None,720,1,clonotype3,None
GTGCGGTTCGTACCGG-1,True,GTGCGGTTCGTACCGG-1_contig_1,True,555,TRA,TRAV3-3,None,TRAJ49,TRAC,True,True,CAVSGATGYQNFYF,TGCGCAGTCAGTGGGGCCACGGGTTACCAGAACTTCTATTTT,14062,10,clonotype10,clonotype10_consensus_3
GTGCGGTTCGTACCGG-1,True,GTGCGGTTCGTACCGG-1_contig_2,True,507,TRA,TRAV21-DV12,None,TRAJ42,TRAC,True,True,CILRVHGGSNAKLTF,TGTATCCTGAGAGTCCATGGAGGAAGCAATGCAAAGCTAACCTTC,5882,3,clonotype10,clonotype10_consensus_1
GTGCGGTTCGTACCGG-1,True,GTGCGGTTCGTACCGG-1_contig_3,True,657,TRB,TRBV12-2+TRBV13-2,None,TRBJ2-7,None,True,True,CASGVQGEQYF,TGTGCCAGCGGTGTTCAGGGAGAACAGTACTTC,12518,11,clonotype10,clonotype10_consensus_2
GTGCGGTTCGTACCGG-1,True,GTGCGGTTCGTACCGG-1_contig_4,True,328,TRB,None,None,TRBJ2-1,None,False,False,None,None,7096,5,clonotype10,None
GTGCGGTTCTAACTGG-1,True,GTGCGGTTCTAACTGG-1_contig_1,True,535,TRA,TRAV6-6,None,TRAJ24,TRAC,True,True,CAPLTTASLGKLQF,TGTGCTCCGTTGACAACTGCCAGTTTGGGGAAACTGCAGTTT,15558,9,clonotype3,clonotype3_consensus_2
GTGCGGTTCTAACTGG-1,True,GTGCGGTTCTAACTGG-1_contig_2,True,505,TRB,TRBV13-1,None,TRBJ2-4,None,True,True,CASSEGTNTLYF,TGTGCCAGCAGTGAAGGAACAAACACCTTGTACTTT,40240,31,clonotype3,clonotype3_consensus_1
GTGCGGTTCTAACTGG-1,True,GTGCGGTTCTAACTGG-1_contig_3,True,706,TRA,TRAV9D-2,None,TRAJ26,TRAC,True,True,CVLSRGNNYAQGLTF,TGTGTTCTGAGCAGGGGCAATAACTATGCCCAGGGATTAACCTTC,7766,5,clonotype3,clonotype3_consensus_3
GTGCTTCAGATAGTCA-1,True,GTGCTTCAGATAGTCA-1_contig_1,True,558,TRA,TRAV19,None,TRAJ39,TRAC,True,True,CAAGGNNAGAKLTF,TGCGCAGCAGGTGGGAATAATGCAGGTGCCAAGCTCACATTC,13482,8,clonotype1,clonotype1_consensus_2
GTGCTTCAGATAGTCA-1,True,GTGCTTCAGATAGTCA-1_contig_2,True,568,TRB,TRBV12-2+TRBV13-2,None,TRBJ1-2,TRBC1,True,True,CASGGGTGNSDYTF,TGTGCCAGCGGTGGGGGGACAGGGAACTCCGACTACACCTTC,11130,11,clonotype1,clonotype1_consensus_1
GTGCTTCTCAGAGCTT-1,True,GTGCTTCTCAGAGCTT-1_contig_1,True,584,TRA,TRAV16D-DV11,None,TRAJ26,TRAC,True,True,CAMREENNYAQGLTF,TGTGCTATGAGAGAGGAAAATAACTATGCCCAGGGATTAACCTTC,2106,2,clonotype12,clonotype12_consensus_2
GTGCTTCTCAGAGCTT-1,True,GTGCTTCTCAGAGCTT-1_contig_2,True,512,TRB,TRBV13-1,None,TRBJ2-3,None,True,True,CASGDSAETLYF,TGTGCCAGCGGGGACAGTGCAGAAACGCTGTATTTT,27448,25,clonotype12,clonotype12_consensus_1
GTGCTTCTCAGAGCTT-1,True,GTGCTTCTCAGAGCTT-1_contig_3,True,374,TRB,None,None,TRBJ1-6,TRBC1,False,False,None,None,11692,10,clonotype12,None
GTGCTTCTCAGAGCTT-1,True,GTGCTTCTCAGAGCTT-1_contig_4,True,575,TRA,TRAV3D-3,None,TRAJ28,TRAC,True,False,CTSAQSVRGTGSNRLTF,TGTACTTCTGCGCAGTCAGTGAGGGGCACTGGGAGTAACAGGCTCACTTTT,3838,2,clonotype12,None
GTGCTTCTCCGAACGC-1,True,GTGCTTCTCCGAACGC-1_contig_1,True,548,TRA,TRAV6-6,None,TRAJ24,TRAC,True,True,CAPLTTASLGKLQF,TGTGCTCCGTTGACAACTGCCAGTTTGGGGAAACTGCAGTTT,7540,4,clonotype2,clonotype2_consensus_2
GTGCTTCTCCGAACGC-1,True,GTGCTTCTCCGAACGC-1_contig_2,True,512,TRB,TRBV13-1,None,TRBJ2-4,None,True,True,CASSEGTNTLYF,TGTGCCAGCAGTGAAGGAACAAACACCTTGTACTTT,26860,19,clonotype2,clonotype2_consensus_1
GTGCTTCTCCGAACGC-1,True,GTGCTTCTCCGAACGC-1_contig_3,True,455,TRA,TRAV9D-2,None,TRAJ25,TRAC,True,False,CVLSRGNNYAQGLTF,TGTGTTCTGAGCAGGGGCAATAACTATGCCCAGGGATTAACCTTC,3594,2,clonotype2,None
GTGCTTCTCCTCTAGC-1,True,GTGCTTCTCCTCTAGC-1_contig_1,True,529,TRA,TRAV6-6,None,TRAJ24,TRAC,True,True,CAPLTTASLGKLQF,TGTGCTCCGTTGACAACTGCCAGTTTGGGGAAACTGCAGTTT,5452,3,clonotype3,clonotype3_consensus_2
GTGCTTCTCCTCTAGC-1,True,GTGCTTCTCCTCTAGC-1_contig_2,True,505,TRB,TRBV13-1,None,TRBJ2-4,None,True,True,CASSEGTNTLYF,TGTGCCAGCAGTGAAGGAACAAACACCTTGTACTTT,18238,14,clonotype3,clonotype3_consensus_1
GTGCTTCTCCTCTAGC-1,True,GTGCTTCTCCTCTAGC-1_contig_3,True,670,TRA,TRAV9D-2,None,TRAJ26,TRAC,True,True,CVLSRGNNYAQGLTF,TGTGTTCTGAGCAGGGGCAATAACTATGCCCAGGGATTAACCTTC,5872,3,clonotype3,clonotype3_consensus_3
GTGCTTCTCCTCTAGC-1,True,GTGCTTCTCCTCTAGC-1_contig_4,True,318,TRB,TRBV13-2,None,TRBJ2-5,None,True,False,CASGDW,TGTGCCAGCGGTGACTGG,3334,2,clonotype3,None
GTGCTTCTCTAACTGG-1,True,GTGCTTCTCTAACTGG-1_contig_1,True,505,TRB,TRBV13-1,None,TRBJ2-4,None,True,True,CASSEGTNTLYF,TGTGCCAGCAGTGAAGGAACAAACACCTTGTACTTT,17908,17,clonotype6,clonotype6_consensus_1
GTGCTTCTCTAACTGG-1,True,GTGCTTCTCTAACTGG-1_contig_2,True,375,TRA,TRAV9D-2,None,TRAJ26,TRAC,True,False,CVLSRGNNYAQGLTF,TGTGTTCTGAGCAGGGGCAATAACTATGCCCAGGGATTAACCTTC,1244,1,clonotype6,None
GTGCTTCTCTAACTGG-1,True,GTGCTTCTCTAACTGG-1_contig_3,True,307,TRA,TRAV9D-2,None,TRAJ25,TRAC,True,False,CVLSRGNNYAQGLTF,TGTGTTCTGAGCAGGGGCAATAACTATGCCCAGGGATTAACCTTC,4234,2,clonotype6,None
GTGGGTCAGGCATGTG-1,True,GTGGGTCAGGCATGTG-1_contig_1,True,549,TRB,TRBV16,None,TRBJ2-5,None,True,True,CASSLGGGQDTQYF,TGTGCAAGCAGCTTAGGGGGGGGCCAAGACACCCAGTACTTT,18906,13,clonotype8,clonotype8_consensus_1
GTGGGTCAGGCATGTG-1,True,GTGGGTCAGGCATGTG-1_contig_2,True,563,TRA,TRAV4D-3,None,TRAJ27,TRAC,True,True,CAADGPNTGKLTF,TGTGCTGCGGACGGACCCAATACAGGCAAATTAACCTTT,7898,4,clonotype8,clonotype8_consensus_2
GTGGGTCAGGCATGTG-1,True,GTGGGTCAGGCATGTG-1_contig_3,True,525,TRA,TRAV7N-6,None,TRAJ30,TRAC,True,True,CAVVDTNAYKVIF,TGTGCAGTGGTTGACACAAATGCTTACAAAGTCATCTTT,5342,4,clonotype8,clonotype8_consensus_3
GTGGGTCCAAGAGTCG-1,True,GTGGGTCCAAGAGTCG-1_contig_1,True,558,TRA,TRAV19,None,TRAJ39,TRAC,True,True,CAAGGNNAGAKLTF,TGCGCAGCAGGTGGGAATAATGCAGGTGCCAAGCTCACATTC,2232,2,clonotype1,clonotype1_consensus_2
GTGGGTCCAAGAGTCG-1,True,GTGGGTCCAAGAGTCG-1_contig_2,True,568,TRB,TRBV12-2+TRBV13-2,None,TRBJ1-2,TRBC1,True,True,CASGGGTGNSDYTF,TGTGCCAGCGGTGGGGGGACAGGGAACTCCGACTACACCTTC,13900,15,clonotype1,clonotype1_consensus_1
GTGGGTCCAATGTTGC-1,True,GTGGGTCCAATGTTGC-1_contig_1,True,564,TRA,TRAV13-1,None,TRAJ58,TRAC,True,True,CASSMQQGTGSKLSF,TGTGCTTCTTCCATGCAGCAAGGCACTGGGTCTAAGCTGTCATTT,14998,15,clonotype86,clonotype86_consensus_3
GTGGGTCCAATGTTGC-1,True,GTGGGTCCAATGTTGC-1_contig_2,True,566,TRA,TRAV16,None,TRAJ57,TRAC,True,True,CAMRENQGGSAKLIF,TGTGCTATGAGAGAGAATCAAGGAGGGTCTGCGAAGCTCATCTTT,11072,8,clonotype86,clonotype86_consensus_2
GTGGGTCCAATGTTGC-1,True,GTGGGTCCAATGTTGC-1_contig_3,True,594,TRB,TRBV12-2+TRBV13-2,None,TRBJ2-1,None,True,True,CATEAAYAEQFF,TGTGCCACTGAGGCAGCCTATGCTGAGCAGTTCTTC,47414,51,clonotype86,clonotype86_consensus_1
GTGGGTCCAATGTTGC-1,True,GTGGGTCCAATGTTGC-1_contig_4,True,645,TRA,None,None,TRAJ39,TRAC,False,False,None,None,2782,5,clonotype86,None
GTGGGTCCACCCTATC-1,True,GTGGGTCCACCCTATC-1_contig_1,True,513,TRA,TRAV13N-3,None,TRAJ49,TRAC,True,True,CAMGGYQNFYF,TGTGCTATGGGGGGTTACCAGAACTTCTATTTT,1388,3,clonotype462,clonotype462_consensus_1
GTGGGTCCACCCTATC-1,True,GTGGGTCCACCCTATC-1_contig_2,True,361,TRB,TRBV13-2,None,TRBJ2-3,None,True,False,CASGDAPPGEGTLYF,TGTGCCAGCGGTGATGCACCTCCAGGGGAGGGAACGCTGTATTTT,1310,1,clonotype462,None
GTGGGTCCACCCTATC-1,True,GTGGGTCCACCCTATC-1_contig_3,True,456,TRB,None,None,TRBJ2-7,None,False,False,None,None,4692,4,clonotype462,None
GTGTGCGAGACTTGAA-1,True,GTGTGCGAGACTTGAA-1_contig_1,True,513,TRA,TRAV16D-DV11,None,TRAJ9,TRAC,True,True,CAMRESNMGYKLTF,TGTGCTATGAGAGAGAGCAACATGGGCTACAAACTTACCTTC,906,2,clonotype198,clonotype198_consensus_1
GTGTGCGCAGGCAGTA-1,True,GTGTGCGCAGGCAGTA-1_contig_1,True,556,TRA,TRAV19,None,TRAJ39,TRAC,True,True,CAAGGNNAGAKLTF,TGCGCAGCAGGTGGCAATAATGCAGGTGCCAAGCTCACATTC,13344,17,clonotype463,clonotype463_consensus_1
GTGTGCGCAGGCAGTA-1,True,GTGTGCGCAGGCAGTA-1_contig_2,True,586,TRB,TRBV12-2+TRBV13-2,None,TRBJ1-2,TRBC1,True,True,CASGGGFNSDYTF,TGTGCCAGCGGTGGGGGGTTCAACTCCGACTACACCTTC,18512,22,clonotype463,clonotype463_consensus_2
GTGTGCGCAGGCAGTA-1,True,GTGTGCGCAGGCAGTA-1_contig_3,True,588,TRB,None,None,TRBJ1-6,TRBC1,False,False,None,None,3918,5,clonotype463,None
GTGTGCGCAGGCAGTA-1,True,GTGTGCGCAGGCAGTA-1_contig_4,True,429,TRB,None,None,TRBJ2-4,None,False,False,None,None,38708,37,clonotype463,None
GTGTGCGGTATAGGTA-1,True,GTGTGCGGTATAGGTA-1_contig_1,True,552,TRA,TRAV6-6,None,TRAJ24,TRAC,True,True,CAPLTTASLGKLQF,TGTGCTCCGTTGACAACTGCCAGTTTGGGGAAACTGCAGTTT,7002,5,clonotype3,clonotype3_consensus_2
GTGTGCGGTATAGGTA-1,True,GTGTGCGGTATAGGTA-1_contig_2,True,505,TRB,TRBV13-1,None,TRBJ2-4,None,True,True,CASSEGTNTLYF,TGTGCCAGCAGTGAAGGAACAAACACCTTGTACTTT,51520,43,clonotype3,clonotype3_consensus_1
GTGTGCGGTATAGGTA-1,True,GTGTGCGGTATAGGTA-1_contig_3,True,673,TRA,TRAV9D-2,None,TRAJ26,TRAC,True,True,CVLSRGNNYAQGLTF,TGTGTTCTGAGCAGGGGCAATAACTATGCCCAGGGATTAACCTTC,14656,9,clonotype3,clonotype3_consensus_3
GTGTGCGGTCCCTTGT-1,True,GTGTGCGGTCCCTTGT-1_contig_1,True,569,TRA,TRAV3-3,None,TRAJ32,TRAC,True,True,CAVRAYGSSGNKLIF,TGCGCAGTCAGAGCTTATGGGAGCAGTGGCAACAAGCTCATCTTT,5660,5,clonotype137,clonotype137_consensus_2
GTGTGCGGTCCCTTGT-1,True,GTGTGCGGTCCCTTGT-1_contig_2,True,551,TRB,TRBV13-3,None,TRBJ2-2,None,True,True,CASSATSNTGQLYF,TGTGCCAGCAGTGCGACATCAAACACCGGGCAGCTCTACTTT,1656,3,clonotype137,clonotype137_consensus_1
GTGTGCGTCAGCGATT-1,True,GTGTGCGTCAGCGATT-1_contig_1,True,533,TRA,TRAV16D-DV11,None,TRAJ26,TRAC,True,True,CAMREENNYAQGLTF,TGTGCTATGAGAGAGGAAAATAACTATGCCCAGGGATTAACCTTC,1372,1,clonotype12,clonotype12_consensus_2
GTGTGCGTCAGCGATT-1,True,GTGTGCGTCAGCGATT-1_contig_2,True,505,TRB,TRBV13-1,None,TRBJ2-3,None,True,True,CASGDSAETLYF,TGTGCCAGCGGGGACAGTGCAGAAACGCTGTATTTT,14822,10,clonotype12,clonotype12_consensus_1
GTGTGCGTCAGCGATT-1,True,GTGTGCGTCAGCGATT-1_contig_3,True,538,TRA,TRAV3D-3,None,TRAJ28,TRAC,True,False,CTSAQSVRGTGSNRLTF,TGTACTTCTGCGCAGTCAGTGAGGGGCACTGGGAGTAACAGGCTCACTTTT,734,1,clonotype12,None
GTGTGCGTCATGGTCA-1,True,GTGTGCGTCATGGTCA-1_contig_1,True,560,TRA,TRAV3-3,None,TRAJ31,TRAC,True,True,CAVSAGNNRIFF,TGCGCAGTCAGTGCAGGCAATAACAGAATCTTCTTT,12922,8,clonotype34,clonotype34_consensus_2
GTGTGCGTCATGGTCA-1,True,GTGTGCGTCATGGTCA-1_contig_2,True,515,TRB,TRBV13-1,None,TRBJ2-3,None,True,True,CASEGQGAETLYF,TGTGCCAGCGAGGGACAGGGTGCAGAAACGCTGTATTTT,33912,27,clonotype34,clonotype34_consensus_1
GTGTGCGTCATGGTCA-1,True,GTGTGCGTCATGGTCA-1_contig_3,True,500,TRA,TRAV21-DV12,None,TRAJ48,TRAC,True,False,None,None,4206,4,clonotype34,None
GTGTGCGTCATGGTCA-1,True,GTGTGCGTCATGGTCA-1_contig_4,True,710,TRB,None,None,TRBJ1-5,TRBC1,False,False,None,None,1860,2,clonotype34,None
GTGTGCGTCGGTGTTA-1,True,GTGTGCGTCGGTGTTA-1_contig_1,True,517,TRA,TRAV6-6,None,TRAJ24,TRAC,True,True,CAPLTTASLGKLQF,TGTGCTCCGTTGACAACTGCCAGTTTGGGGAAACTGCAGTTT,1808,2,clonotype2,clonotype2_consensus_2
GTGTGCGTCGGTGTTA-1,True,GTGTGCGTCGGTGTTA-1_contig_2,True,505,TRB,TRBV13-1,None,TRBJ2-4,None,True,True,CASSEGTNTLYF,TGTGCCAGCAGTGAAGGAACAAACACCTTGTACTTT,1258,1,clonotype2,clonotype2_consensus_1
GTGTTAGAGTGAATTG-1,True,GTGTTAGAGTGAATTG-1_contig_1,True,602,TRA,TRAV14N-3,None,TRAJ6,TRAC,True,True,CAARTSGGNYKPTF,TGTGCAGCAAGAACCTCAGGAGGAAACTACAAACCTACGTTT,17018,14,clonotype4,clonotype4_consensus_2
GTGTTAGAGTGAATTG-1,True,GTGTTAGAGTGAATTG-1_contig_2,True,549,TRA,TRAV8N-2,None,TRAJ13,TRAC,True,True,CATEDSGTYQRF,TGTGCTACTGAGGATTCTGGGACTTACCAGAGGTTT,27730,23,clonotype4,clonotype4_consensus_1
GTGTTAGAGTGAATTG-1,True,GTGTTAGAGTGAATTG-1_contig_3,True,570,TRB,TRBV12-2+TRBV13-2,None,TRBJ2-7,None,True,True,CASGTGGDYEQYF,TGTGCCAGCGGGACTGGGGGGGACTATGAACAGTACTTC,32028,53,clonotype4,clonotype4_consensus_3
GTGTTAGCAAAGGCGT-1,True,GTGTTAGCAAAGGCGT-1_contig_1,True,600,TRA,TRAV14D-2,None,TRAJ13,TRAC,True,True,CAATSANSGTYQRF,TGTGCAGCAACCTCTGCAAATTCTGGGACTTACCAGAGGTTT,4702,3,clonotype464,clonotype464_consensus_1
GTGTTAGCAAAGGCGT-1,True,GTGTTAGCAAAGGCGT-1_contig_2,True,554,TRB,TRBV12-2+TRBV13-2,None,TRBJ2-7,None,True,True,CASGDGWGVKYF,TGTGCCAGCGGTGATGGCTGGGGGGTGAAGTACTTC,1002,1,clonotype464,clonotype464_consensus_2
GTGTTAGCAAAGGCGT-1,True,GTGTTAGCAAAGGCGT-1_contig_3,True,584,TRA,TRAV12D-2,None,TRAJ24,TRAC,True,True,CAFPASLGKLQF,TGTGCTTTTCCTGCCAGTTTGGGGAAACTGCAGTTT,8072,4,clonotype464,clonotype464_consensus_3
GTGTTAGCACGTTGGC-1,True,GTGTTAGCACGTTGGC-1_contig_1,True,512,TRA,TRAV7-5,None,TRAJ33,TRAC,True,True,CAVDSNYQLIW,TGTGCAGTGGACAGCAACTATCAGTTGATCTGG,4408,3,clonotype67,clonotype67_consensus_2
GTGTTAGCACGTTGGC-1,True,GTGTTAGCACGTTGGC-1_contig_2,True,517,TRA,TRAV8-1,None,TRAJ30,TRAC,True,True,CATDTNAYKVIF,TGTGCTACTGACACAAATGCTTACAAAGTCATCTTT,6556,4,clonotype67,clonotype67_consensus_1
GTGTTAGCACGTTGGC-1,True,GTGTTAGCACGTTGGC-1_contig_3,True,594,TRB,TRBV12-2+TRBV13-2,None,TRBJ1-5,TRBC1,True,True,CASGTGDNQAPLF,TGTGCCAGCGGTACCGGGGACAACCAGGCTCCGCTTTTT,9224,10,clonotype67,clonotype67_consensus_3
GTGTTAGGTCCTAGCG-1,True,GTGTTAGGTCCTAGCG-1_contig_1,True,541,TRA,TRAV8D-1,None,TRAJ30,TRAC,True,True,CATDTNAYKVIF,TGTGCTACTGACACAAATGCTTACAAAGTCATCTTT,11796,11,clonotype13,clonotype13_consensus_1
GTGTTAGGTCCTAGCG-1,True,GTGTTAGGTCCTAGCG-1_contig_2,True,564,TRB,TRBV12-2+TRBV13-2,None,TRBJ1-5,TRBC1,True,True,CASGTGDNQAPLF,TGTGCCAGCGGGACAGGGGACAACCAGGCTCCGCTTTTT,33040,39,clonotype13,clonotype13_consensus_2
GTGTTAGGTCCTAGCG-1,True,GTGTTAGGTCCTAGCG-1_contig_3,True,370,TRB,None,None,TRBJ2-1,None,False,False,None,None,4644,8,clonotype13,None
GTGTTAGGTCCTAGCG-1,True,GTGTTAGGTCCTAGCG-1_contig_4,True,367,TRB,None,None,TRBJ2-1,None,False,False,None,None,20128,36,clonotype13,None
GTGTTAGGTCCTAGCG-1,True,GTGTTAGGTCCTAGCG-1_contig_5,True,356,TRB,None,None,TRBJ2-7,None,False,False,None,None,4768,4,clonotype13,None
GTGTTAGGTGTGAAAT-1,True,GTGTTAGGTGTGAAAT-1_contig_1,True,502,TRB,TRBV13-1,None,TRBJ2-5,None,True,True,CATGTGDTQYF,TGTGCCACCGGGACTGGGGACACCCAGTACTTT,25224,23,clonotype92,clonotype92_consensus_1
GTGTTAGGTGTGAAAT-1,True,GTGTTAGGTGTGAAAT-1_contig_2,True,648,TRA,TRAV14N-3,None,TRAJ26,TRAC,True,True,CAASGNYAQGLTF,TGTGCAGCAAGTGGAAACTATGCCCAGGGATTAACCTTC,11974,7,clonotype92,clonotype92_consensus_2
GTGTTAGGTGTGAAAT-1,True,GTGTTAGGTGTGAAAT-1_contig_3,True,349,TRB,TRBV12-1,None,None,TRBC1,False,False,None,None,4572,2,clonotype92,None
GTGTTAGGTGTGAAAT-1,True,GTGTTAGGTGTGAAAT-1_contig_4,True,454,TRA,TRAV11,None,TRAJ27,TRAC,True,False,CWMTLPPTSVWYNTNTGKLTF,TGCTGGATGACACTGCCACCTACATCTGTGTGGTATAACACCAATACAGGCAAATTAACCTTT,2440,2,clonotype92,None
GTGTTAGGTTCAGCGC-1,True,GTGTTAGGTTCAGCGC-1_contig_1,True,549,TRB,TRBV16,None,TRBJ2-5,None,True,True,CASSLGGGQDTQYF,TGTGCAAGCAGCTTAGGGGGGGGGCAAGACACCCAGTACTTT,5020,5,clonotype11,clonotype11_consensus_2
GTGTTAGGTTCAGCGC-1,True,GTGTTAGGTTCAGCGC-1_contig_2,True,563,TRA,TRAV4D-3,None,TRAJ27,TRAC,True,True,CAADGPNTGKLTF,TGTGCTGCTGACGGGCCCAATACAGGCAAATTAACCTTT,7738,6,clonotype11,clonotype11_consensus_1
GTGTTAGTCCTGCCAT-1,True,GTGTTAGTCCTGCCAT-1_contig_1,True,549,TRB,TRBV16,None,TRBJ2-5,None,True,True,CASSLGGGQDTQYF,TGTGCAAGCAGCTTAGGGGGGGGGCAAGACACCCAGTACTTT,9498,10,clonotype11,clonotype11_consensus_2
GTGTTAGTCCTGCCAT-1,True,GTGTTAGTCCTGCCAT-1_contig_2,True,561,TRA,TRAV4D-3,None,TRAJ27,TRAC,True,True,CAADGPNTGKLTF,TGTGCTGCTGACGGGCCCAATACAGGCAAATTAACCTTT,5330,4,clonotype11,clonotype11_consensus_1
GTTAAGCAGGAGTACC-1,True,GTTAAGCAGGAGTACC-1_contig_1,True,549,TRB,TRBV16,None,TRBJ2-7,None,True,True,CASSLGGGLDEQYF,TGTGCAAGCAGCTTAGGGGGGGGGCTCGATGAACAGTACTTC,14276,12,clonotype26,clonotype26_consensus_1
GTTAAGCAGGTAGCCA-1,True,GTTAAGCAGGTAGCCA-1_contig_1,True,549,TRB,TRBV16,None,TRBJ2-5,None,True,True,CASSWGGGQDTQYF,TGTGCAAGCAGCTGGGGGGGCGGGCAAGACACCCAGTACTTT,13938,13,clonotype46,clonotype46_consensus_1
GTTAAGCAGGTAGCCA-1,True,GTTAAGCAGGTAGCCA-1_contig_2,True,484,TRB,TRBV10,None,TRBJ1-6,TRBC1,True,False,CQQLRGGAYNSPLYF,TGCCAGCAGCTAAGAGGGGGAGCCTATAATTCGCCCCTCTACTTT,1638,2,clonotype46,None
GTTAAGCAGGTAGCCA-1,True,GTTAAGCAGGTAGCCA-1_contig_3,True,398,TRA,None,None,TRAJ26,TRAC,False,False,None,None,2354,3,clonotype46,None
GTTAAGCAGGTAGCCA-1,True,GTTAAGCAGGTAGCCA-1_contig_4,True,333,TRB,None,None,TRBJ2-1,None,False,False,None,None,5574,4,clonotype46,None
GTTAAGCAGGTAGCCA-1,True,GTTAAGCAGGTAGCCA-1_contig_5,True,320,TRB,None,None,TRBJ2-3,None,False,False,None,None,6006,2,clonotype46,None
GTTAAGCCAGTAAGAT-1,True,GTTAAGCCAGTAAGAT-1_contig_1,True,545,TRA,TRAV6-6,None,TRAJ24,TRAC,True,True,CAPLTTASLGKLQF,TGTGCTCCGTTGACAACTGCCAGTTTGGGGAAACTGCAGTTT,7192,3,clonotype3,clonotype3_consensus_2
GTTAAGCCAGTAAGAT-1,True,GTTAAGCCAGTAAGAT-1_contig_2,True,505,TRB,TRBV13-1,None,TRBJ2-4,None,True,True,CASSEGTNTLYF,TGTGCCAGCAGTGAAGGAACAAACACCTTGTACTTT,21290,19,clonotype3,clonotype3_consensus_1
GTTAAGCCAGTAAGAT-1,True,GTTAAGCCAGTAAGAT-1_contig_3,True,732,TRA,TRAV9D-2,None,TRAJ26,TRAC,True,True,CVLSRGNNYAQGLTF,TGTGTTCTGAGCAGGGGCAATAACTATGCCCAGGGATTAACCTTC,7576,4,clonotype3,clonotype3_consensus_3
GTTAAGCCAGTAAGAT-1,True,GTTAAGCCAGTAAGAT-1_contig_4,True,1019,TRA,TRAV10D,None,TRAJ24,TRAC,True,False,None,None,646,1,clonotype3,None
GTTAAGCCATCGATGT-1,True,GTTAAGCCATCGATGT-1_contig_1,True,558,TRA,TRAV19,None,TRAJ39,TRAC,True,True,CAAGGNNAGAKLTF,TGCGCAGCAGGTGGGAATAATGCAGGTGCCAAGCTCACATTC,5742,4,clonotype1,clonotype1_consensus_2
GTTAAGCCATCGATGT-1,True,GTTAAGCCATCGATGT-1_contig_2,True,593,TRB,TRBV12-2+TRBV13-2,None,TRBJ1-2,TRBC1,True,True,CASGGGTGNSDYTF,TGTGCCAGCGGTGGGGGGACAGGGAACTCCGACTACACCTTC,30368,27,clonotype1,clonotype1_consensus_1
GTTAAGCGTACCGTAT-1,True,GTTAAGCGTACCGTAT-1_contig_1,True,498,TRA,TRAV1,None,TRAJ12,TRAC,True,True,CAVRDRAGGYKVVF,TGTGCTGTGAGGGATCGGGCTGGAGGCTATAAAGTGGTCTTT,2038,1,clonotype146,clonotype146_consensus_3
GTTAAGCGTACCGTAT-1,True,GTTAAGCGTACCGTAT-1_contig_2,True,547,TRA,TRAV8D-1,None,TRAJ6,TRAC,True,True,CATDAPTGNYKPTF,TGTGCTACTGATGCACCCACCGGAAACTACAAACCTACGTTT,1070,1,clonotype146,clonotype146_consensus_2
GTTAAGCGTACCGTAT-1,True,GTTAAGCGTACCGTAT-1_contig_3,True,515,TRB,TRBV13-1,None,TRBJ2-1,None,True,True,CASGGGDYAEQFF,TGTGCCAGCGGGGGGGGAGACTATGCTGAGCAGTTCTTC,15158,12,clonotype146,clonotype146_consensus_1
GTTAAGCGTAGCAAAT-1,True,GTTAAGCGTAGCAAAT-1_contig_1,True,517,TRA,TRAV6-6,None,TRAJ24,TRAC,True,True,CAPLTTASLGKLQF,TGTGCTCCGTTGACAACTGCCAGTTTGGGGAAACTGCAGTTT,4104,4,clonotype3,clonotype3_consensus_2
GTTAAGCGTAGCAAAT-1,True,GTTAAGCGTAGCAAAT-1_contig_2,True,512,TRB,TRBV13-1,None,TRBJ2-4,None,True,True,CASSEGTNTLYF,TGTGCCAGCAGTGAAGGAACAAACACCTTGTACTTT,19350,17,clonotype3,clonotype3_consensus_1
GTTAAGCGTAGCAAAT-1,True,GTTAAGCGTAGCAAAT-1_contig_3,True,705,TRA,TRAV9D-2,None,TRAJ26,TRAC,True,True,CVLSRGNNYAQGLTF,TGTGTTCTGAGCAGGGGCAATAACTATGCCCAGGGATTAACCTTC,6258,5,clonotype3,clonotype3_consensus_3
GTTAAGCGTCCGCTGA-1,True,GTTAAGCGTCCGCTGA-1_contig_1,True,525,TRB,TRBV17,None,TRBJ2-5,None,True,True,CASSRKGSQDTQYF,TGTGCTAGCAGTAGAAAGGGGAGCCAAGACACCCAGTACTTT,58384,37,clonotype94,clonotype94_consensus_1
GTTAAGCGTCCGCTGA-1,True,GTTAAGCGTCCGCTGA-1_contig_2,True,555,TRA,TRAV12D-2,None,TRAJ26,TRAC,True,False,None,None,6304,5,clonotype94,None
GTTAAGCTCTATCGCC-1,True,GTTAAGCTCTATCGCC-1_contig_1,True,592,TRB,TRBV12-2,None,TRBJ2-7,None,True,True,CASSLRDIYEQYF,TGTGCCAGCTCCCTTAGGGACATCTATGAACAGTACTTC,7526,11,clonotype465,clonotype465_consensus_1
GTTAAGCTCTATCGCC-1,True,GTTAAGCTCTATCGCC-1_contig_2,True,452,TRA,TRAV3D-3,None,TRAJ7,TRAC,True,False,CAVRDYSNNRLTL,TGCGCAGTCCGGGACTACAGCAACAACAGACTTACTTTG,2002,1,clonotype465,None
GTTACAGCAATCGAAA-1,True,GTTACAGCAATCGAAA-1_contig_1,True,519,TRA,TRAV19,None,TRAJ39,TRAC,True,True,CAAGGNNAGAKLTF,TGCGCAGCAGGTGGGAATAATGCAGGTGCCAAGCTCACATTC,2086,1,clonotype1,clonotype1_consensus_2
GTTACAGCAATCGAAA-1,True,GTTACAGCAATCGAAA-1_contig_2,True,568,TRB,TRBV12-2+TRBV13-2,None,TRBJ1-2,TRBC1,True,True,CASGGGTGNSDYTF,TGTGCCAGCGGTGGGGGGACAGGGAACTCCGACTACACCTTC,4164,3,clonotype1,clonotype1_consensus_1
GTTACAGCAATCGAAA-1,True,GTTACAGCAATCGAAA-1_contig_3,True,583,TRA,TRAV7-5,None,TRAJ45,TRAC,True,False,CSDTEGADRLTF,TGCAGTGATACAGAAGGTGCAGATAGACTCACCTTT,1928,1,clonotype1,None
GTTACAGGTACCGTAT-1,True,GTTACAGGTACCGTAT-1_contig_1,True,549,TRB,TRBV16,None,TRBJ2-5,None,True,True,CASSLGGGQDTQYF,TGTGCAAGCAGCTTAGGGGGGGGCCAAGACACCCAGTACTTT,4156,5,clonotype15,clonotype15_consensus_1
GTTACAGGTACCGTAT-1,True,GTTACAGGTACCGTAT-1_contig_2,True,559,TRA,TRAV4D-3,None,TRAJ27,TRAC,True,True,CAADGPNTGKLTF,TGTGCTGCGGACGGACCCAATACAGGCAAATTAACCTTT,3602,6,clonotype15,clonotype15_consensus_2
GTTACAGGTCTCTCTG-1,True,GTTACAGGTCTCTCTG-1_contig_1,True,558,TRA,TRAV19,None,TRAJ39,TRAC,True,True,CAAGGNNAGAKLTF,TGCGCAGCAGGTGGGAATAATGCAGGTGCCAAGCTCACATTC,11698,11,clonotype1,clonotype1_consensus_2
GTTACAGGTCTCTCTG-1,True,GTTACAGGTCTCTCTG-1_contig_2,True,581,TRB,TRBV12-2+TRBV13-2,None,TRBJ1-2,TRBC1,True,True,CASGGGTGNSDYTF,TGTGCCAGCGGTGGGGGGACAGGGAACTCCGACTACACCTTC,10988,9,clonotype1,clonotype1_consensus_1
GTTACAGGTCTCTCTG-1,True,GTTACAGGTCTCTCTG-1_contig_3,True,619,TRB,None,None,TRBJ2-7,None,False,False,None,None,7030,4,clonotype1,None
GTTACAGGTCTCTCTG-1,True,GTTACAGGTCTCTCTG-1_contig_4,True,342,TRB,None,None,TRBJ2-1,None,False,False,None,None,4600,5,clonotype1,None
GTTACAGGTGCTGTAT-1,True,GTTACAGGTGCTGTAT-1_contig_1,True,570,TRA,TRAV19,None,TRAJ39,TRAC,True,True,CAAGGNNAGAKLTF,TGCGCAGCAGGTGGGAATAATGCAGGTGCCAAGCTCACATTC,4490,3,clonotype1,clonotype1_consensus_2
GTTACAGGTGCTGTAT-1,True,GTTACAGGTGCTGTAT-1_contig_2,True,569,TRB,TRBV12-2+TRBV13-2,None,TRBJ1-2,TRBC1,True,True,CASGGGTGNSDYTF,TGTGCCAGCGGTGGGGGGACAGGGAACTCCGACTACACCTTC,4532,5,clonotype1,clonotype1_consensus_1
GTTACAGGTTTCGCTC-1,True,GTTACAGGTTTCGCTC-1_contig_1,True,611,TRB,TRBV12-2+TRBV13-2,None,TRBJ1-2,TRBC1,True,True,CASGGGTGNSDYTF,TGTGCCAGCGGTGGGGGGACAGGGAACTCCGACTACACCTTC,3066,2,clonotype7,clonotype7_consensus_1
GTTACAGGTTTCGCTC-1,True,GTTACAGGTTTCGCTC-1_contig_2,True,312,TRA,TRAV7-5,None,TRAJ45,TRAC,True,False,CSDTEGADRLTF,TGCAGTGATACAGAAGGTGCAGATAGACTCACCTTT,2442,1,clonotype7,None
GTTACAGGTTTGGGCC-1,True,GTTACAGGTTTGGGCC-1_contig_1,True,512,TRB,TRBV13-1,None,TRBJ2-1,None,True,True,CASGGAYAEQFF,TGTGCCAGCGGGGGGGCGTATGCTGAGCAGTTCTTC,1128,2,clonotype107,clonotype107_consensus_1
GTTACAGGTTTGGGCC-1,True,GTTACAGGTTTGGGCC-1_contig_2,True,566,TRA,TRAV12-2,None,TRAJ34,TRAC,True,True,CALSGNTNKVVF,TGTGCTTTGAGTGGCAATACCAACAAAGTCGTCTTT,3892,3,clonotype107,clonotype107_consensus_2
GTTACAGTCAGAGGTG-1,True,GTTACAGTCAGAGGTG-1_contig_1,True,551,TRA,TRAV6-6,None,TRAJ24,TRAC,True,True,CAPLTTASLGKLQF,TGTGCTCCGTTGACAACTGCCAGTTTGGGGAAACTGCAGTTT,11876,7,clonotype69,clonotype69_consensus_3
GTTACAGTCAGAGGTG-1,True,GTTACAGTCAGAGGTG-1_contig_2,True,556,TRA,TRAV19,None,TRAJ39,TRAC,True,True,CAAGGNNAGAKLTF,TGCGCAGCAGGTGGGAATAATGCAGGTGCCAAGCTCACATTC,9436,7,clonotype69,clonotype69_consensus_4
GTTACAGTCAGAGGTG-1,True,GTTACAGTCAGAGGTG-1_contig_3,True,505,TRB,TRBV13-1,None,TRBJ2-4,None,True,True,CASSEGTNTLYF,TGTGCCAGCAGTGAAGGAACAAACACCTTGTACTTT,31948,30,clonotype69,clonotype69_consensus_2
GTTACAGTCAGAGGTG-1,True,GTTACAGTCAGAGGTG-1_contig_4,True,568,TRB,TRBV12-2+TRBV13-2,None,TRBJ1-2,TRBC1,True,True,CASGGGTGNSDYTF,TGTGCCAGCGGTGGGGGGACAGGGAACTCCGACTACACCTTC,11944,13,clonotype69,clonotype69_consensus_1
GTTACAGTCAGAGGTG-1,True,GTTACAGTCAGAGGTG-1_contig_5,True,875,TRA,TRAV9D-2,None,TRAJ25,TRAC,True,False,CVLSRGNNYAQGLTF,TGTGTTCTGAGCAGGGGCAATAACTATGCCCAGGGATTAACCTTC,11010,6,clonotype69,None
GTTACAGTCAGAGGTG-1,True,GTTACAGTCAGAGGTG-1_contig_6,True,392,TRB,None,None,TRBJ2-7,None,False,False,None,None,1158,1,clonotype69,None
GTTCATTAGTCAATAG-1,True,GTTCATTAGTCAATAG-1_contig_1,True,511,TRA,TRAV6N-6,None,TRAJ47,TRAC,True,True,CALSGMDYANKMIF,TGCGCTCTGAGTGGCATGGACTATGCAAACAAGATGATCTTT,2442,2,clonotype466,clonotype466_consensus_2
GTTCATTAGTCAATAG-1,True,GTTCATTAGTCAATAG-1_contig_2,True,588,TRB,TRBV12-2+TRBV13-2,None,TRBJ2-5,None,True,True,CASGDTGLGGGQDTQYF,TGTGCCAGCGGTGATACAGGACTGGGGGGGGGGCAAGACACCCAGTACTTT,3728,4,clonotype466,clonotype466_consensus_1
GTTCATTAGTCAATAG-1,True,GTTCATTAGTCAATAG-1_contig_3,True,784,TRA,TRAV9-4,None,TRAJ43,TRAC,True,False,CAVSGNNNNAPRF,TGTGCTGTGAGCGGTAATAACAACAATGCCCCACGATTT,1908,2,clonotype466,None
GTTCATTCAAGTTCTG-1,True,GTTCATTCAAGTTCTG-1_contig_1,True,556,TRA,TRAV19,None,TRAJ39,TRAC,True,True,CAAGGNNAGAKLTF,TGCGCAGCAGGTGGGAATAATGCAGGTGCCAAGCTCACATTC,17518,9,clonotype1,clonotype1_consensus_2
GTTCATTCAAGTTCTG-1,True,GTTCATTCAAGTTCTG-1_contig_2,True,938,TRB,TRBV12-2+TRBV13-2,None,TRBJ1-2,TRBC1,True,True,CASGGGTGNSDYTF,TGTGCCAGCGGTGGGGGGACAGGGAACTCCGACTACACCTTC,34376,29,clonotype1,clonotype1_consensus_1
GTTCATTCAAGTTCTG-1,True,GTTCATTCAAGTTCTG-1_contig_3,True,318,TRB,None,None,TRBJ2-2,None,False,False,None,None,1328,1,clonotype1,None
GTTCATTCATTAGGCT-1,True,GTTCATTCATTAGGCT-1_contig_1,True,556,TRA,TRAV19,None,TRAJ39,TRAC,True,True,CAAGGNNAGAKLTF,TGCGCAGCAGGTGGGAATAATGCAGGTGCCAAGCTCACATTC,7838,5,clonotype1,clonotype1_consensus_2
GTTCATTCATTAGGCT-1,True,GTTCATTCATTAGGCT-1_contig_2,True,577,TRB,TRBV12-2+TRBV13-2,None,TRBJ1-2,TRBC1,True,True,CASGGGTGNSDYTF,TGTGCCAGCGGTGGGGGGACAGGGAACTCCGACTACACCTTC,27560,22,clonotype1,clonotype1_consensus_1
GTTCATTCATTAGGCT-1,True,GTTCATTCATTAGGCT-1_contig_3,True,520,TRA,TRAV7-5,None,TRAJ45,TRAC,True,False,CSDTEGADRLTF,TGCAGTGATACAGAAGGTGCAGATAGACTCACCTTT,2068,1,clonotype1,None
GTTCATTGTACTCGCG-1,True,GTTCATTGTACTCGCG-1_contig_1,True,556,TRA,TRAV19,None,TRAJ39,TRAC,True,True,CAAGGNNAGAKLTF,TGCGCAGCAGGTGGGAATAATGCAGGTGCCAAGCTCACATTC,2058,1,clonotype1,clonotype1_consensus_2
GTTCATTGTACTCGCG-1,True,GTTCATTGTACTCGCG-1_contig_2,True,568,TRB,TRBV13-2,None,TRBJ1-2,TRBC1,True,True,CASGGGTGNSDYTF,TGTGCCAGCGGTGGGGGGACAGGGAACTCCGACTACACCTTC,3842,6,clonotype1,clonotype1_consensus_1
GTTCATTGTCCATCCT-1,True,GTTCATTGTCCATCCT-1_contig_1,True,584,TRB,TRBV26,None,TRBJ1-1,TRBC1,True,True,CASSRGNTEVFF,TGTGCCAGCAGCCGCGGAAACACAGAAGTCTTCTTT,9462,6,clonotype27,clonotype27_consensus_2
GTTCATTGTCCATCCT-1,True,GTTCATTGTCCATCCT-1_contig_2,True,599,TRA,TRAV3-4,None,TRAJ49,TRAC,True,True,CAVRGGYQNFYF,TGCGCAGTCAGGGGGGGTTACCAGAACTTCTATTTT,3578,3,clonotype27,clonotype27_consensus_1
GTTCATTGTCCATCCT-1,True,GTTCATTGTCCATCCT-1_contig_3,True,431,TRB,None,None,TRBJ2-1,None,False,False,None,None,2056,1,clonotype27,None
GTTCATTGTCTTGATG-1,True,GTTCATTGTCTTGATG-1_contig_1,True,558,TRA,TRAV6-6,None,TRAJ24,TRAC,True,True,CAPLTTASLGKLQF,TGTGCTCCGTTGACAACTGCCAGTTTGGGGAAACTGCAGTTT,8254,6,clonotype3,clonotype3_consensus_2
GTTCATTGTCTTGATG-1,True,GTTCATTGTCTTGATG-1_contig_2,True,512,TRB,TRBV13-1,None,TRBJ2-4,None,True,True,CASSEGTNTLYF,TGTGCCAGCAGTGAAGGAACAAACACCTTGTACTTT,22618,19,clonotype3,clonotype3_consensus_1
GTTCATTGTCTTGATG-1,True,GTTCATTGTCTTGATG-1_contig_3,True,738,TRA,TRAV9D-2,None,TRAJ26,TRAC,True,True,CVLSRGNNYAQGLTF,TGTGTTCTGAGCAGGGGCAATAACTATGCCCAGGGATTAACCTTC,4944,4,clonotype3,clonotype3_consensus_3
GTTCATTGTCTTGATG-1,True,GTTCATTGTCTTGATG-1_contig_4,True,362,TRB,TRBV13-2,None,TRBJ2-5,None,True,False,CASGDW,TGTGCCAGCGGTGACTGG,3690,3,clonotype3,None
GTTCATTGTCTTGATG-1,True,GTTCATTGTCTTGATG-1_contig_5,True,379,TRB,None,None,TRBJ2-7,None,False,False,None,None,870,1,clonotype3,None
GTTCATTGTCTTGATG-1,True,GTTCATTGTCTTGATG-1_contig_6,True,561,TRA,TRAV3-3,None,TRAJ37,TRAC,True,False,None,None,2232,2,clonotype3,None
GTTCATTTCCTAGGGC-1,True,GTTCATTTCCTAGGGC-1_contig_1,True,565,TRA,TRAV16D-DV11,None,TRAJ26,TRAC,True,True,CAMREENNYAQGLTF,TGTGCTATGAGAGAGGAAAATAACTATGCCCAGGGATTAACCTTC,2438,1,clonotype467,clonotype467_consensus_2
GTTCATTTCCTAGGGC-1,True,GTTCATTTCCTAGGGC-1_contig_2,True,538,TRA,TRAV8-1,None,TRAJ30,TRAC,True,True,CATDTNAYKVIF,TGTGCTACTGACACAAATGCTTACAAAGTCATCTTT,2134,2,clonotype467,clonotype467_consensus_1
GTTCATTTCCTAGGGC-1,True,GTTCATTTCCTAGGGC-1_contig_3,True,566,TRB,TRBV12-2+TRBV13-2,None,TRBJ1-5,TRBC1,True,True,CASGTGDNQAPLF,TGTGCCAGCGGTACAGGGGATAACCAGGCTCCGCTTTTT,4332,5,clonotype467,clonotype467_consensus_3
GTTCATTTCCTAGGGC-1,True,GTTCATTTCCTAGGGC-1_contig_4,True,322,TRB,None,None,TRBJ2-7,None,False,False,None,None,5196,4,clonotype467,None
GTTCATTTCCTAGGGC-1,True,GTTCATTTCCTAGGGC-1_contig_5,True,506,TRA,TRAV12-3,None,TRAJ22,TRAC,True,False,CALDFW,TGTGCTCTGGACTTCTGG,2762,2,clonotype467,None
GTTCGGGCATCGTCGG-1,True,GTTCGGGCATCGTCGG-1_contig_1,True,588,TRA,TRAV7-4,None,TRAJ26,TRAC,True,True,CAASDYAQGLTF,TGTGCAGCTAGTGACTATGCCCAGGGATTAACCTTC,4214,2,clonotype468,clonotype468_consensus_1
GTTCGGGCATCGTCGG-1,True,GTTCGGGCATCGTCGG-1_contig_2,True,501,TRB,TRBV13-2,None,TRBJ2-3,None,True,False,CASGDAPPGEGTLYF,TGTGCCAGCGGTGATGCACCTCCAGGGGAGGGAACGCTGTATTTT,1126,1,clonotype468,None
GTTCGGGCATCGTCGG-1,True,GTTCGGGCATCGTCGG-1_contig_3,True,335,TRB,None,None,TRBJ2-1,None,False,False,None,None,2566,1,clonotype468,None
GTTCGGGTCATGTAGC-1,True,GTTCGGGTCATGTAGC-1_contig_1,True,546,TRA,TRAV8-1,None,TRAJ34,TRAC,True,True,CATDVSNTNKVVF,TGTGCTACTGATGTTTCCAATACCAACAAAGTCGTCTTT,816,3,clonotype90,clonotype90_consensus_2
GTTCGGGTCATGTAGC-1,True,GTTCGGGTCATGTAGC-1_contig_2,True,564,TRB,TRBV12-2+TRBV13-2,None,TRBJ1-5,TRBC1,True,True,CASGTGDNQAPLF,TGTGCCAGCGGGACAGGGGACAACCAGGCTCCGCTTTTT,4962,7,clonotype90,clonotype90_consensus_1
GTTCGGGTCATGTAGC-1,True,GTTCGGGTCATGTAGC-1_contig_3,True,336,TRB,None,None,TRBJ2-1,None,False,False,None,None,5736,7,clonotype90,None
GTTCGGGTCGGCGGTT-1,True,GTTCGGGTCGGCGGTT-1_contig_1,True,550,TRA,TRAV6-6,None,TRAJ24,TRAC,True,True,CAPLTTASLGKLQF,TGTGCTCCGTTGACAACTGCCAGTTTGGGGAAACTGCAGTTT,3144,5,clonotype2,clonotype2_consensus_2
GTTCGGGTCGGCGGTT-1,True,GTTCGGGTCGGCGGTT-1_contig_2,True,505,TRB,TRBV13-1,None,TRBJ2-4,None,True,True,CASSEGTNTLYF,TGTGCCAGCAGTGAAGGAACAAACACCTTGTACTTT,18654,19,clonotype2,clonotype2_consensus_1
GTTCGGGTCGGCGGTT-1,True,GTTCGGGTCGGCGGTT-1_contig_3,True,779,TRA,TRAV9D-2,None,TRAJ26,None,True,False,CVLSRGNNYAQGLTF,TGTGTTCTGAGCAGGGGCAATAACTATGCCCAGGGATTAACCTTC,1386,1,clonotype2,None
GTTCGGGTCGGTCCGA-1,True,GTTCGGGTCGGTCCGA-1_contig_1,True,549,TRB,TRBV16,None,TRBJ2-5,None,True,True,CASSLGGGQDTQYF,TGTGCAAGCAGCTTAGGGGGGGGGCAAGACACCCAGTACTTT,5892,9,clonotype11,clonotype11_consensus_2
GTTCGGGTCGGTCCGA-1,True,GTTCGGGTCGGTCCGA-1_contig_2,True,560,TRA,TRAV4D-3,None,TRAJ27,TRAC,True,True,CAADGPNTGKLTF,TGTGCTGCTGACGGGCCCAATACAGGCAAATTAACCTTT,9534,7,clonotype11,clonotype11_consensus_1
GTTCGGGTCGGTCCGA-1,True,GTTCGGGTCGGTCCGA-1_contig_3,True,595,TRA,TRAV7-4,None,TRAJ31,TRAC,True,False,None,None,2698,1,clonotype11,None
GTTCTCGGTAAGGGAA-1,True,GTTCTCGGTAAGGGAA-1_contig_1,True,532,TRA,TRAV13-4-DV7,None,TRAJ58,TRAC,True,True,CAPMQQGTGSKLSF,TGTGCTCCTATGCAGCAAGGCACTGGGTCTAAGCTGTCATTT,6456,5,clonotype18,clonotype18_consensus_2
GTTCTCGGTAAGGGAA-1,True,GTTCTCGGTAAGGGAA-1_contig_2,True,525,TRB,TRBV17,None,TRBJ2-5,None,True,True,CASSRKGVQDTQYF,TGTGCTAGCAGTAGAAAGGGGGTCCAAGACACCCAGTACTTT,12728,10,clonotype18,clonotype18_consensus_1
GTTCTCGTCCAATGGT-1,True,GTTCTCGTCCAATGGT-1_contig_1,True,507,TRB,TRBV13-1,None,TRBJ2-7,None,True,True,CASSGGHLEQYF,TGTGCCAGCAGTGGGGGACACCTTGAACAGTACTTC,4218,5,clonotype199,clonotype199_consensus_1
GTTTCTAAGGGAGTAA-1,True,GTTTCTAAGGGAGTAA-1_contig_1,True,532,TRA,TRAV13-4-DV7,None,TRAJ58,TRAC,True,True,CAPMQQGTGSKLSF,TGTGCTCCTATGCAGCAAGGCACTGGGTCTAAGCTGTCATTT,6396,5,clonotype18,clonotype18_consensus_2
GTTTCTAAGGGAGTAA-1,True,GTTTCTAAGGGAGTAA-1_contig_2,True,525,TRB,TRBV17,None,TRBJ2-5,None,True,True,CASSRKGVQDTQYF,TGTGCTAGCAGTAGAAAGGGGGTCCAAGACACCCAGTACTTT,39268,26,clonotype18,clonotype18_consensus_1
GTTTCTAAGTCGAGTG-1,True,GTTTCTAAGTCGAGTG-1_contig_1,True,512,TRB,TRBV13-1,None,TRBJ2-4,None,True,True,CASSEGTNTLYF,TGTGCCAGCAGTGAAGGAACAAACACCTTGTACTTT,5658,4,clonotype6,clonotype6_consensus_1
GTTTCTAAGTCGAGTG-1,True,GTTTCTAAGTCGAGTG-1_contig_2,True,430,TRA,TRAV9D-2,None,TRAJ26,TRAC,True,False,CVLSRGNNYAQGLTF,TGTGTTCTGAGCAGGGGCAATAACTATGCCCAGGGATTAACCTTC,2830,2,clonotype6,None
GTTTCTACAAATTGCC-1,True,GTTTCTACAAATTGCC-1_contig_1,True,541,TRA,TRAV8-1,None,TRAJ49,TRAC,True,True,CATADTGYQNFYF,TGTGCTACTGCGGACACGGGTTACCAGAACTTCTATTTT,1092,1,clonotype469,clonotype469_consensus_2
GTTTCTACAAATTGCC-1,True,GTTTCTACAAATTGCC-1_contig_2,True,517,TRB,TRBV14,None,TRBJ2-7,None,True,True,CASRIGLGVEQYF,TGTGCCAGCAGAATAGGACTGGGGGTTGAACAGTACTTC,12738,11,clonotype469,clonotype469_consensus_1
GTTTCTACAAATTGCC-1,True,GTTTCTACAAATTGCC-1_contig_3,True,525,TRA,TRAV6D-5,None,TRAJ43,TRAC,True,False,None,None,2030,1,clonotype469,None
GTTTCTACACGGTAAG-1,True,GTTTCTACACGGTAAG-1_contig_1,True,517,TRA,TRAV6-6,None,TRAJ24,TRAC,True,True,CAPLTTASLGKLQF,TGTGCTCCGTTGACAACTGCCAGTTTGGGGAAACTGCAGTTT,6960,5,clonotype2,clonotype2_consensus_2
GTTTCTACACGGTAAG-1,True,GTTTCTACACGGTAAG-1_contig_2,True,505,TRB,TRBV13-1,None,TRBJ2-4,None,True,True,CASSEGTNTLYF,TGTGCCAGCAGTGAAGGAACAAACACCTTGTACTTT,12810,10,clonotype2,clonotype2_consensus_1
GTTTCTACACGGTAAG-1,True,GTTTCTACACGGTAAG-1_contig_3,True,376,TRA,TRAV9D-2,None,TRAJ26,TRAC,True,False,CVLSRGNNYAQGLTF,TGTGTTCTGAGCAGGGGCAATAACTATGCCCAGGGATTAACCTTC,4818,2,clonotype2,None
GTTTCTACAGCTCGAC-1,True,GTTTCTACAGCTCGAC-1_contig_1,True,549,TRB,TRBV16,None,TRBJ2-5,None,True,True,CASSLGGGQDTQYF,TGTGCAAGCAGCTTAGGGGGGGGCCAAGACACCCAGTACTTT,13884,12,clonotype8,clonotype8_consensus_1
GTTTCTACAGCTCGAC-1,True,GTTTCTACAGCTCGAC-1_contig_2,True,569,TRA,TRAV4D-3,None,TRAJ27,TRAC,True,True,CAADGPNTGKLTF,TGTGCTGCGGACGGACCCAATACAGGCAAATTAACCTTT,17188,11,clonotype8,clonotype8_consensus_2
GTTTCTACAGCTCGAC-1,True,GTTTCTACAGCTCGAC-1_contig_3,True,525,TRA,TRAV7N-6,None,TRAJ30,TRAC,True,True,CAVVDTNAYKVIF,TGTGCAGTGGTTGACACAAATGCTTACAAAGTCATCTTT,17406,11,clonotype8,clonotype8_consensus_3
GTTTCTACAGCTCGAC-1,True,GTTTCTACAGCTCGAC-1_contig_4,True,342,TRB,None,None,TRBJ2-7,None,False,False,None,None,1302,2,clonotype8,None
GTTTCTAGTCGCCATG-1,True,GTTTCTAGTCGCCATG-1_contig_1,True,568,TRA,TRAV16D-DV11,None,TRAJ26,TRAC,True,True,CAMREENNYAQGLTF,TGTGCTATGAGAGAGGAAAATAACTATGCCCAGGGATTAACCTTC,11936,12,clonotype12,clonotype12_consensus_2
GTTTCTAGTCGCCATG-1,True,GTTTCTAGTCGCCATG-1_contig_2,True,512,TRB,TRBV13-1,None,TRBJ2-3,None,True,True,CASGDSAETLYF,TGTGCCAGCGGGGACAGTGCAGAAACGCTGTATTTT,47018,65,clonotype12,clonotype12_consensus_1
GTTTCTAGTCGCCATG-1,True,GTTTCTAGTCGCCATG-1_contig_3,True,512,TRB,TRBV13-1,None,TRBJ2-3,None,True,True,CASGDSAETLYF,TGTGCCAGCGGGGACAGTGCAGAAACGCTGTATTTT,982,1,clonotype12,clonotype12_consensus_1
GTTTCTAGTCGCCATG-1,True,GTTTCTAGTCGCCATG-1_contig_4,True,420,TRA,None,None,TRAJ17,TRAC,False,False,None,None,1596,3,clonotype12,None
GTTTCTAGTCGCCATG-1,True,GTTTCTAGTCGCCATG-1_contig_5,True,467,TRB,None,None,TRBJ1-6,TRBC1,False,False,None,None,10156,12,clonotype12,None
GTTTCTAGTCGCCATG-1,True,GTTTCTAGTCGCCATG-1_contig_6,True,567,TRA,TRAV3D-3,None,TRAJ28,TRAC,True,False,CTSAQSVRGTGSNRLTF,TGTACTTCTGCGCAGTCAGTGAGGGGCACTGGGAGTAACAGGCTCACTTTT,4744,8,clonotype12,None
GTTTCTAGTGGTCTCG-1,True,GTTTCTAGTGGTCTCG-1_contig_1,True,513,TRA,TRAV6-6,None,TRAJ33,TRAC,True,True,CALVPSNYQLIW,TGTGCTCTGGTCCCTAGCAACTATCAGTTGATCTGG,12408,5,clonotype204,clonotype204_consensus_1
GTTTCTAGTGGTCTCG-1,True,GTTTCTAGTGGTCTCG-1_contig_2,True,525,TRB,TRBV13-3,None,TRBJ2-2,None,True,True,CASSETGSNTGQLYF,TGTGCCAGCAGTGAGACAGGGTCAAACACCGGGCAGCTCTACTTT,28304,20,clonotype204,clonotype204_consensus_2
GTTTCTAGTGGTCTCG-1,True,GTTTCTAGTGGTCTCG-1_contig_3,True,684,TRA,None,None,TRAJ26,TRAC,False,False,None,None,3642,2,clonotype204,None
GTTTCTAGTGGTCTCG-1,True,GTTTCTAGTGGTCTCG-1_contig_4,True,519,TRB,TRBV15,None,TRBJ2-7,None,True,False,CASSLGT,TGTGCCAGCAGTTTGGGGACA,7508,5,clonotype204,None
GTTTCTAGTGGTCTCG-1,True,GTTTCTAGTGGTCTCG-1_contig_5,True,482,TRA,TRAV4-2,None,TRAJ32,TRAC,True,False,CCNKLIF,TGCTGCAACAAGCTCATCTTT,2142,1,clonotype204,None
GTTTCTAGTGTAAGTA-1,True,GTTTCTAGTGTAAGTA-1_contig_1,True,541,TRA,TRAV16D-DV11,None,TRAJ44,TRAC,True,True,CAMRELTGSGGKLTL,TGTGCTATGAGAGAGCTTACTGGCAGTGGTGGAAAACTCACTTTG,5880,3,clonotype470,clonotype470_consensus_1
GTTTCTAGTGTAAGTA-1,True,GTTTCTAGTGTAAGTA-1_contig_2,True,605,TRB,TRBV13-1,None,TRBJ2-7,None,True,False,CASSGPLEQYF,TGTGCCAGCAGTGGGCCCCTGGAACAGTACTTC,1246,1,clonotype470,None
GTTTCTATCTTACCTA-1,True,GTTTCTATCTTACCTA-1_contig_1,True,644,TRA,TRAV12D-3,None,TRAJ26,TRAC,True,True,CALSVNYAQGLTF,TGTGCTCTGAGTGTCAACTATGCCCAGGGATTAACCTTC,1776,3,clonotype471,clonotype471_consensus_1
GTTTCTATCTTACCTA-1,True,GTTTCTATCTTACCTA-1_contig_2,True,458,TRA,TRAV8D-2,None,TRAJ9,None,True,False,CAPNMGYKLTF,TGTGCTCCAAACATGGGCTACAAACTTACCTTC,398,1,clonotype471,None
TAAACCGAGCTGCCCA-1,True,TAAACCGAGCTGCCCA-1_contig_1,True,549,TRB,TRBV16,None,TRBJ2-5,None,True,True,CASSLGGGQDTQYF,TGTGCAAGCAGCTTAGGGGGGGGCCAAGACACCCAGTACTTT,7750,5,clonotype472,clonotype472_consensus_1
TAAACCGAGCTGCCCA-1,True,TAAACCGAGCTGCCCA-1_contig_2,True,549,TRB,TRBV16,None,TRBJ2-5,None,True,True,CASSLGGGQDTQYF,TGTGCAAGCAGCTTAGGGGGGGGGCAAGACACCCAGTACTTT,19290,16,clonotype472,clonotype472_consensus_3
TAAACCGAGCTGCCCA-1,True,TAAACCGAGCTGCCCA-1_contig_3,True,560,TRA,TRAV4D-3,None,TRAJ27,TRAC,True,True,CAADGPNTGKLTF,TGTGCTGCTGACGGGCCCAATACAGGCAAATTAACCTTT,14224,8,clonotype472,clonotype472_consensus_2
TAAACCGAGCTGCCCA-1,True,TAAACCGAGCTGCCCA-1_contig_4,True,421,TRB,None,None,TRBJ2-7,None,False,False,None,None,5004,2,clonotype472,None
TAAACCGAGCTGCCCA-1,True,TAAACCGAGCTGCCCA-1_contig_5,True,514,TRB,TRBV13-1,None,TRBJ2-5,None,True,False,None,None,314,3,clonotype472,None
TAAACCGCACAGCGTC-1,True,TAAACCGCACAGCGTC-1_contig_1,True,448,TRA,TRAV6-6,None,TRAJ24,TRAC,True,True,CAPLTTASLGKLQF,TGTGCTCCGTTGACAACTGCCAGTTTGGGGAAACTGCAGTTT,1934,2,clonotype3,clonotype3_consensus_2
TAAACCGCACAGCGTC-1,True,TAAACCGCACAGCGTC-1_contig_2,True,505,TRB,TRBV13-1,None,TRBJ2-4,None,True,True,CASSEGTNTLYF,TGTGCCAGCAGTGAAGGAACAAACACCTTGTACTTT,26178,24,clonotype3,clonotype3_consensus_1
TAAACCGCACAGCGTC-1,True,TAAACCGCACAGCGTC-1_contig_3,True,675,TRA,TRAV9D-2,None,TRAJ26,TRAC,True,True,CVLSRGNNYAQGLTF,TGTGTTCTGAGCAGGGGCAATAACTATGCCCAGGGATTAACCTTC,1990,2,clonotype3,clonotype3_consensus_3
TAAACCGCACCCATGG-1,True,TAAACCGCACCCATGG-1_contig_1,True,521,TRA,TRAV7D-5,None,TRAJ28,TRAC,True,True,CAVRPGTGSNRLTF,TGTGCAGTGAGACCAGGCACTGGGAGTAACAGGCTCACTTTT,6358,3,clonotype473,clonotype473_consensus_1
TAAACCGCACCCATGG-1,True,TAAACCGCACCCATGG-1_contig_2,True,538,TRA,TRAV8-1,None,TRAJ34,TRAC,True,True,CALDSNTNKVVF,TGTGCTCTCGATTCCAATACCAACAAAGTCGTCTTT,3126,4,clonotype473,clonotype473_consensus_3
TAAACCGCACCCATGG-1,True,TAAACCGCACCCATGG-1_contig_3,True,602,TRB,TRBV12-2+TRBV13-2,None,TRBJ2-1,None,True,True,CASGTGGYAEQFF,TGTGCCAGCGGGACAGGGGGGTATGCTGAGCAGTTCTTC,7154,5,clonotype473,clonotype473_consensus_2
TAAACCGCAGACGCAA-1,True,TAAACCGCAGACGCAA-1_contig_1,True,556,TRA,TRAV19,None,TRAJ39,TRAC,True,True,CAAGGNNAGAKLTF,TGCGCAGCAGGTGGGAATAATGCAGGTGCCAAGCTCACATTC,19824,11,clonotype1,clonotype1_consensus_2
TAAACCGCAGACGCAA-1,True,TAAACCGCAGACGCAA-1_contig_2,True,593,TRB,TRBV12-2+TRBV13-2,None,TRBJ1-2,TRBC1,True,True,CASGGGTGNSDYTF,TGTGCCAGCGGTGGGGGGACAGGGAACTCCGACTACACCTTC,23024,21,clonotype1,clonotype1_consensus_1
TAAACCGCAGACGCAA-1,True,TAAACCGCAGACGCAA-1_contig_3,True,440,TRA,None,None,TRAJ41,TRAC,False,False,None,None,5190,5,clonotype1,None
TAAACCGGTAAGTGGC-1,True,TAAACCGGTAAGTGGC-1_contig_1,True,516,TRA,TRAV6-6,None,TRAJ24,TRAC,True,True,CAPLTTASLGKLQF,TGTGCTCCGTTGACAACTGCCAGTTTGGGGAAACTGCAGTTT,3632,3,clonotype2,clonotype2_consensus_2
TAAACCGGTAAGTGGC-1,True,TAAACCGGTAAGTGGC-1_contig_2,True,505,TRB,TRBV13-1,None,TRBJ2-4,None,True,True,CASSEGTNTLYF,TGTGCCAGCAGTGAAGGAACAAACACCTTGTACTTT,13356,10,clonotype2,clonotype2_consensus_1
TAAACCGGTAAGTGGC-1,True,TAAACCGGTAAGTGGC-1_contig_3,True,305,TRA,TRAV10D,None,None,None,False,False,None,None,18,2,clonotype2,None
TAAACCGGTAAGTGGC-1,True,TAAACCGGTAAGTGGC-1_contig_4,True,764,TRA,TRAV9D-2,None,TRAJ26,TRAC,True,False,CVLSRGNNYAQGLTF,TGTGTTCTGAGCAGGGGCAATAACTATGCCCAGGGATTAACCTTC,2094,2,clonotype2,None
TAAACCGGTCAAAGCG-1,True,TAAACCGGTCAAAGCG-1_contig_1,True,558,TRA,TRAV19,None,TRAJ39,TRAC,True,True,CAAGGNNAGAKLTF,TGCGCAGCAGGTGGGAATAATGCAGGTGCCAAGCTCACATTC,22852,24,clonotype1,clonotype1_consensus_2
TAAACCGGTCAAAGCG-1,True,TAAACCGGTCAAAGCG-1_contig_2,True,593,TRB,TRBV12-2+TRBV13-2,None,TRBJ1-2,TRBC1,True,True,CASGGGTGNSDYTF,TGTGCCAGCGGTGGGGGGACAGGGAACTCCGACTACACCTTC,33888,52,clonotype1,clonotype1_consensus_1
TAAACCGGTCAAAGCG-1,True,TAAACCGGTCAAAGCG-1_contig_3,True,642,TRB,None,None,TRBJ2-7,None,False,False,None,None,15258,23,clonotype1,None
TAAACCGGTCAAAGCG-1,True,TAAACCGGTCAAAGCG-1_contig_4,True,449,TRA,TRAV7-5,None,TRAJ45,TRAC,True,False,CSDTEGADRLTF,TGCAGTGATACAGAAGGTGCAGATAGACTCACCTTT,760,1,clonotype1,None
TAAACCGTCAAGAAGT-1,True,TAAACCGTCAAGAAGT-1_contig_1,True,532,TRA,TRAV13-4-DV7,None,TRAJ58,TRAC,True,True,CAPMQQGTGSKLSF,TGTGCTCCTATGCAGCAAGGCACTGGGTCTAAGCTGTCATTT,3748,4,clonotype18,clonotype18_consensus_2
TAAACCGTCAAGAAGT-1,True,TAAACCGTCAAGAAGT-1_contig_2,True,525,TRB,TRBV17,None,TRBJ2-5,None,True,True,CASSRKGVQDTQYF,TGTGCTAGCAGTAGAAAGGGGGTCCAAGACACCCAGTACTTT,36004,21,clonotype18,clonotype18_consensus_1
TAAACCGTCGCCAGCA-1,True,TAAACCGTCGCCAGCA-1_contig_1,True,549,TRB,TRBV16,None,TRBJ2-5,None,True,True,CASSLGGGRDTQYF,TGTGCAAGCAGCTTAGGGGGGGGGCGGGACACCCAGTACTTT,3256,4,clonotype474,clonotype474_consensus_2
TAAACCGTCGCCAGCA-1,True,TAAACCGTCGCCAGCA-1_contig_2,True,514,TRA,TRAV6N-6,None,TRAJ22,TRAC,True,True,CALSDLSSGSWQLIF,TGCGCTCTGAGTGATCTATCTTCTGGCAGCTGGCAACTCATCTTT,1898,3,clonotype474,clonotype474_consensus_1
TAAACCGTCGGATGGA-1,True,TAAACCGTCGGATGGA-1_contig_1,True,565,TRA,TRAV16D-DV11,None,TRAJ26,TRAC,True,True,CAMREENNYAQGLTF,TGTGCTATGAGAGAGGAAAATAACTATGCCCAGGGATTAACCTTC,6070,9,clonotype12,clonotype12_consensus_2
TAAACCGTCGGATGGA-1,True,TAAACCGTCGGATGGA-1_contig_2,True,512,TRB,TRBV13-1,None,TRBJ2-3,None,True,True,CASGDSAETLYF,TGTGCCAGCGGGGACAGTGCAGAAACGCTGTATTTT,64668,97,clonotype12,clonotype12_consensus_1
TAAACCGTCGGATGGA-1,True,TAAACCGTCGGATGGA-1_contig_3,True,575,TRA,TRAV3D-3,None,TRAJ28,TRAC,True,False,CTSAQSVRGTGSNRLTF,TGTACTTCTGCGCAGTCAGTGAGGGGCACTGGGAGTAACAGGCTCACTTTT,5412,6,clonotype12,None
TAAACCGTCGGATGGA-1,True,TAAACCGTCGGATGGA-1_contig_4,True,410,TRB,None,None,TRBJ1-6,TRBC1,False,False,None,None,1964,4,clonotype12,None
TAAGAGAAGCAGATCG-1,True,TAAGAGAAGCAGATCG-1_contig_1,True,565,TRB,TRBV12-2+TRBV13-2,None,TRBJ1-5,TRBC1,True,True,CASGTGDNQAPLF,TGTGCCAGCGGGACAGGGGACAACCAGGCTCCGCTTTTT,4152,2,clonotype16,clonotype16_consensus_1
TAAGAGAAGGGTCGAT-1,True,TAAGAGAAGGGTCGAT-1_contig_1,True,549,TRB,TRBV16,None,TRBJ2-5,None,True,True,CASSWGGGQDTQYF,TGTGCAAGCAGCTGGGGGGGCGGGCAAGACACCCAGTACTTT,7936,8,clonotype44,clonotype44_consensus_1
TAAGAGAAGGGTCGAT-1,True,TAAGAGAAGGGTCGAT-1_contig_2,True,522,TRA,TRAV6-6,None,TRAJ39,TRAC,True,True,CALGDWNNAGAKLTF,TGTGCTCTGGGTGATTGGAATAATGCAGGTGCCAAGCTCACATTC,2700,3,clonotype44,clonotype44_consensus_2
TAAGAGAAGGGTCGAT-1,True,TAAGAGAAGGGTCGAT-1_contig_3,True,359,TRB,None,None,TRBJ2-3,None,False,False,None,None,3626,2,clonotype44,None
TAAGAGAAGGGTCGAT-1,True,TAAGAGAAGGGTCGAT-1_contig_4,True,448,TRB,TRBV10,None,TRBJ1-6,None,True,False,CQQLRGGAYNSPLYF,TGCCAGCAGCTAAGAGGGGGAGCCTATAATTCGCCCCTCTACTTT,2206,1,clonotype44,None
TAAGAGACAAGGACAC-1,True,TAAGAGACAAGGACAC-1_contig_1,True,514,TRA,TRAV6-6,None,TRAJ24,TRAC,True,True,CAPLTTASLGKLQF,TGTGCTCCGTTGACAACTGCCAGTTTGGGGAAACTGCAGTTT,3612,5,clonotype2,clonotype2_consensus_2
TAAGAGACAAGGACAC-1,True,TAAGAGACAAGGACAC-1_contig_2,True,512,TRB,TRBV13-1,None,TRBJ2-4,None,True,True,CASSEGTNTLYF,TGTGCCAGCAGTGAAGGAACAAACACCTTGTACTTT,10026,10,clonotype2,clonotype2_consensus_1
TAAGAGACAAGGACAC-1,True,TAAGAGACAAGGACAC-1_contig_3,True,479,TRA,TRAV10D,None,TRAJ30,None,True,False,None,None,1252,1,clonotype2,None
TAAGAGACACCCATGG-1,True,TAAGAGACACCCATGG-1_contig_1,True,996,TRB,TRBV12-2+TRBV13-2,None,TRBJ2-7,None,True,True,CASGGQGEQYF,TGTGCCAGCGGGGGACAGGGTGAACAGTACTTC,2696,3,clonotype475,clonotype475_consensus_2
TAAGAGACACCCATGG-1,True,TAAGAGACACCCATGG-1_contig_2,True,715,TRA,TRAV9N-4,None,TRAJ26,TRAC,True,True,CALSYAQGLTF,TGTGCTCTGAGCTATGCCCAGGGATTAACCTTC,2156,2,clonotype475,clonotype475_consensus_1
TAAGAGACACCCATGG-1,True,TAAGAGACACCCATGG-1_contig_3,True,355,TRB,None,None,TRBJ2-1,None,False,False,None,None,6270,6,clonotype475,None
TAAGAGACACCCATGG-1,True,TAAGAGACACCCATGG-1_contig_4,True,503,TRB,None,None,TRBJ1-2,TRBC1,False,False,None,None,5222,4,clonotype475,None
TAAGAGACATGTAGTC-1,True,TAAGAGACATGTAGTC-1_contig_1,True,509,TRB,TRBV13-1,None,TRBJ1-1,TRBC1,True,True,CASSAITEVFF,TGTGCCAGCAGTGCCATCACAGAAGTCTTCTTT,12142,9,clonotype476,clonotype476_consensus_2
TAAGAGACATGTAGTC-1,True,TAAGAGACATGTAGTC-1_contig_2,True,603,TRA,TRAV14-2,None,TRAJ42,TRAC,True,True,CAASAWTGGSNAKLTF,TGTGCAGCAAGTGCATGGACTGGAGGAAGCAATGCAAAGCTAACCTTC,2878,2,clonotype476,clonotype476_consensus_1
TAAGAGAGTATCTGCA-1,True,TAAGAGAGTATCTGCA-1_contig_1,True,519,TRA,TRAV6-6,None,TRAJ24,TRAC,True,True,CAPLTTASLGKLQF,TGTGCTCCGTTGACAACTGCCAGTTTGGGGAAACTGCAGTTT,5240,3,clonotype3,clonotype3_consensus_2
TAAGAGAGTATCTGCA-1,True,TAAGAGAGTATCTGCA-1_contig_2,True,505,TRB,TRBV13-1,None,TRBJ2-4,None,True,True,CASSEGTNTLYF,TGTGCCAGCAGTGAAGGAACAAACACCTTGTACTTT,29960,24,clonotype3,clonotype3_consensus_1
TAAGAGAGTATCTGCA-1,True,TAAGAGAGTATCTGCA-1_contig_3,True,639,TRA,TRAV9D-2,None,TRAJ26,TRAC,True,True,CVLSRGNNYAQGLTF,TGTGTTCTGAGCAGGGGCAATAACTATGCCCAGGGATTAACCTTC,3930,2,clonotype3,clonotype3_consensus_3
TAAGAGAGTGGCGAAT-1,True,TAAGAGAGTGGCGAAT-1_contig_1,True,560,TRA,TRAV4D-3,None,TRAJ27,TRAC,True,True,CAADGPNTGKLTF,TGTGCTGCGGACGGACCCAATACAGGCAAATTAACCTTT,1478,2,clonotype477,clonotype477_consensus_2
TAAGAGAGTGGCGAAT-1,True,TAAGAGAGTGGCGAAT-1_contig_2,True,525,TRA,TRAV7N-6,None,TRAJ30,TRAC,True,True,CAVVDTNAYKVIF,TGTGCAGTGGTTGACACAAATGCTTACAAAGTCATCTTT,2114,1,clonotype477,clonotype477_consensus_3
TAAGAGAGTGGCGAAT-1,True,TAAGAGAGTGGCGAAT-1_contig_3,True,513,TRB,TRBV13-3,None,TRBJ1-3,TRBC1,True,True,CASSEHPLSGNTLYF,TGTGCCAGCAGTGAGCACCCCCTTTCTGGAAATACGCTCTATTTT,1478,3,clonotype477,clonotype477_consensus_1
TAAGAGAGTTCCATGA-1,True,TAAGAGAGTTCCATGA-1_contig_1,True,571,TRB,TRBV12-2+TRBV13-2,None,TRBJ2-3,None,True,True,CASGDAPPGEGTLYF,TGTGCCAGCGGTGATGCACCTCCAGGGGAGGGAACGCTGTATTTT,24968,22,clonotype37,clonotype37_consensus_2
TAAGAGAGTTCCATGA-1,True,TAAGAGAGTTCCATGA-1_contig_2,True,558,TRA,TRAV13N-3,None,TRAJ49,TRAC,True,True,CAMGGYQNFYF,TGTGCTATGGGGGGTTACCAGAACTTCTATTTT,34870,24,clonotype37,clonotype37_consensus_1
TAAGAGAGTTCCATGA-1,True,TAAGAGAGTTCCATGA-1_contig_3,True,365,TRB,None,None,TRBJ2-7,None,False,False,None,None,1770,1,clonotype37,None
TAAGAGAGTTCCATGA-1,True,TAAGAGAGTTCCATGA-1_contig_4,True,395,TRB,TRBV23,None,TRBJ2-5,None,True,False,None,None,2364,1,clonotype37,None
TAAGAGATCAACTCTT-1,True,TAAGAGATCAACTCTT-1_contig_1,True,552,TRA,TRAV14N-3,None,TRAJ6,TRAC,True,True,CAARTSGGNYKPTF,TGTGCAGCAAGAACCTCAGGAGGAAACTACAAACCTACGTTT,13026,6,clonotype47,clonotype47_consensus_1
TAAGAGATCAACTCTT-1,True,TAAGAGATCAACTCTT-1_contig_2,True,564,TRB,TRBV12-2+TRBV13-2,None,TRBJ2-7,None,True,True,CASGTGGDYEQYF,TGTGCCAGCGGGACTGGGGGGGACTATGAACAGTACTTC,13816,12,clonotype47,clonotype47_consensus_2
TAAGAGATCCGCGGTA-1,True,TAAGAGATCCGCGGTA-1_contig_1,True,558,TRA,TRAV19,None,TRAJ39,TRAC,True,True,CAAGGNNAGAKLTF,TGCGCAGCAGGTGGGAATAATGCAGGTGCCAAGCTCACATTC,6816,4,clonotype1,clonotype1_consensus_2
TAAGAGATCCGCGGTA-1,True,TAAGAGATCCGCGGTA-1_contig_2,True,569,TRB,TRBV12-2+TRBV13-2,None,TRBJ1-2,TRBC1,True,True,CASGGGTGNSDYTF,TGTGCCAGCGGTGGGGGGACAGGGAACTCCGACTACACCTTC,7716,6,clonotype1,clonotype1_consensus_1
TAAGAGATCCGCGGTA-1,True,TAAGAGATCCGCGGTA-1_contig_3,True,331,TRB,None,None,TRBJ2-1,None,False,False,None,None,4728,3,clonotype1,None
TAAGAGATCCGCGGTA-1,True,TAAGAGATCCGCGGTA-1_contig_4,True,322,TRB,None,None,TRBJ2-7,None,False,False,None,None,2362,2,clonotype1,None
TAAGAGATCCTGTAGA-1,True,TAAGAGATCCTGTAGA-1_contig_1,True,558,TRA,TRAV19,None,TRAJ39,TRAC,True,True,CAAGGNNAGAKLTF,TGCGCAGCAGGTGGGAATAATGCAGGTGCCAAGCTCACATTC,2574,1,clonotype1,clonotype1_consensus_2
TAAGAGATCCTGTAGA-1,True,TAAGAGATCCTGTAGA-1_contig_2,True,597,TRB,TRBV12-2+TRBV13-2,None,TRBJ1-2,TRBC1,True,True,CASGGGTGNSDYTF,TGTGCCAGCGGTGGGGGGACAGGGAACTCCGACTACACCTTC,2600,3,clonotype1,clonotype1_consensus_1
TAAGAGATCTGCTGCT-1,True,TAAGAGATCTGCTGCT-1_contig_1,True,519,TRA,TRAV6-6,None,TRAJ24,TRAC,True,True,CAPLTTASLGKLQF,TGTGCTCCGTTGACAACTGCCAGTTTGGGGAAACTGCAGTTT,8506,5,clonotype3,clonotype3_consensus_2
TAAGAGATCTGCTGCT-1,True,TAAGAGATCTGCTGCT-1_contig_2,True,512,TRB,TRBV13-1,None,TRBJ2-4,None,True,True,CASSEGTNTLYF,TGTGCCAGCAGTGAAGGAACAAACACCTTGTACTTT,4502,6,clonotype3,clonotype3_consensus_1
TAAGAGATCTGCTGCT-1,True,TAAGAGATCTGCTGCT-1_contig_3,True,721,TRA,TRAV9D-2,None,TRAJ26,TRAC,True,True,CVLSRGNNYAQGLTF,TGTGTTCTGAGCAGGGGCAATAACTATGCCCAGGGATTAACCTTC,14976,9,clonotype3,clonotype3_consensus_3
TAAGAGATCTTAGAGC-1,True,TAAGAGATCTTAGAGC-1_contig_1,True,704,TRA,TRAV9-4,None,TRAJ45,TRAC,True,True,CAVRYTEGADRLTF,TGTGCTGTGAGGTATACAGAAGGTGCAGATAGACTCACCTTT,2842,2,clonotype478,clonotype478_consensus_2
TAAGAGATCTTAGAGC-1,True,TAAGAGATCTTAGAGC-1_contig_2,True,562,TRB,TRBV12-2+TRBV13-2,None,TRBJ2-7,None,True,True,CASGAGGEQYF,TGTGCCAGCGGTGCTGGGGGGGAACAGTACTTC,11456,9,clonotype478,clonotype478_consensus_1
TAAGCGTAGAGATGAG-1,True,TAAGCGTAGAGATGAG-1_contig_1,True,538,TRA,TRAV9-1,None,TRAJ26,TRAC,True,True,CAVSADYAQGLTF,TGTGCTGTGAGCGCGGACTATGCCCAGGGATTAACCTTC,5708,7,clonotype143,clonotype143_consensus_1
TAAGCGTAGAGATGAG-1,True,TAAGCGTAGAGATGAG-1_contig_2,True,564,TRB,TRBV12-2+TRBV13-2,None,TRBJ2-7,None,True,True,CASGGGLGSEQYF,TGTGCCAGCGGTGGGGGACTGGGGAGTGAACAGTACTTC,5002,5,clonotype143,clonotype143_consensus_2
TAAGCGTAGAGATGAG-1,True,TAAGCGTAGAGATGAG-1_contig_3,True,524,TRB,TRBV5,None,TRBJ1-4,TRBC1,True,False,CQQPRRGGSNERLFF,TGCCAGCAGCCAAGAAGGGGGGGCTCCAACGAAAGATTATTTTTC,174,1,clonotype143,None
TAAGCGTAGATCCGAG-1,True,TAAGCGTAGATCCGAG-1_contig_1,True,544,TRA,TRAV8D-1,None,TRAJ49,TRAC,True,True,CATDATGYQNFYF,TGTGCTACTGATGCGACGGGTTACCAGAACTTCTATTTT,4610,3,clonotype71,clonotype71_consensus_2
TAAGCGTAGATCCGAG-1,True,TAAGCGTAGATCCGAG-1_contig_2,True,622,TRB,TRBV12-2+TRBV13-2,None,TRBJ2-1,None,True,True,CASGAGDYAEQFF,TGTGCCAGCGGTGCTGGGGATTATGCTGAGCAGTTCTTC,8850,7,clonotype71,clonotype71_consensus_1
TAAGCGTAGATCCGAG-1,True,TAAGCGTAGATCCGAG-1_contig_3,True,374,TRB,None,None,TRBJ2-5,None,False,False,None,None,1906,5,clonotype71,None
TAAGCGTAGGGAACGG-1,True,TAAGCGTAGGGAACGG-1_contig_1,True,558,TRA,TRAV19,None,TRAJ39,TRAC,True,True,CAAGGNNAGAKLTF,TGCGCAGCAGGTGGGAATAATGCAGGTGCCAAGCTCACATTC,21854,13,clonotype1,clonotype1_consensus_2
TAAGCGTAGGGAACGG-1,True,TAAGCGTAGGGAACGG-1_contig_2,True,568,TRB,TRBV12-2+TRBV13-2,None,TRBJ1-2,TRBC1,True,True,CASGGGTGNSDYTF,TGTGCCAGCGGTGGGGGGACAGGGAACTCCGACTACACCTTC,33666,33,clonotype1,clonotype1_consensus_1
TAAGCGTAGGGAACGG-1,True,TAAGCGTAGGGAACGG-1_contig_3,True,637,TRB,None,None,TRBJ2-7,None,False,False,None,None,8304,7,clonotype1,None
TAAGCGTAGGGAACGG-1,True,TAAGCGTAGGGAACGG-1_contig_4,True,321,TRB,None,None,TRBJ2-1,None,False,False,None,None,3710,2,clonotype1,None
TAAGCGTCACAGCCCA-1,True,TAAGCGTCACAGCCCA-1_contig_1,True,556,TRA,TRAV19,None,TRAJ39,TRAC,True,True,CAAGGNNAGAKLTF,TGCGCAGCAGGTGGGAATAATGCAGGTGCCAAGCTCACATTC,4090,4,clonotype1,clonotype1_consensus_2
TAAGCGTCACAGCCCA-1,True,TAAGCGTCACAGCCCA-1_contig_2,True,567,TRB,TRBV12-2+TRBV13-2,None,TRBJ1-2,TRBC1,True,True,CASGGGTGNSDYTF,TGTGCCAGCGGTGGGGGGACAGGGAACTCCGACTACACCTTC,6232,8,clonotype1,clonotype1_consensus_1
TAAGCGTCAGCTGTAT-1,True,TAAGCGTCAGCTGTAT-1_contig_1,True,591,TRA,TRAV8-1,None,TRAJ6,TRAC,True,True,CATDSTSGGNYKPTF,TGTGCTACTGATTCAACCTCAGGAGGAAACTACAAACCTACGTTT,1596,2,clonotype73,clonotype73_consensus_2
TAAGCGTCAGCTGTAT-1,True,TAAGCGTCAGCTGTAT-1_contig_2,True,515,TRB,TRBV13-1,None,TRBJ2-1,None,True,True,CASSGGDYAEQFF,TGTGCCAGCAGTGGGGGGGACTATGCTGAGCAGTTCTTC,4926,5,clonotype73,clonotype73_consensus_1
TAAGCGTCAGCTGTAT-1,True,TAAGCGTCAGCTGTAT-1_contig_3,True,371,TRB,None,None,TRBJ1-2,TRBC1,False,False,None,None,4436,2,clonotype73,None
TAAGCGTCATCCGTGG-1,True,TAAGCGTCATCCGTGG-1_contig_1,True,552,TRA,TRAV8-1,None,TRAJ49,TRAC,True,True,CATADTGYQNFYF,TGTGCTACTGCGGACACGGGTTACCAGAACTTCTATTTT,3046,3,clonotype479,clonotype479_consensus_1
TAAGCGTCATCCGTGG-1,True,TAAGCGTCATCCGTGG-1_contig_2,True,537,TRA,TRAV6D-5,None,TRAJ43,TRAC,True,False,None,None,3824,3,clonotype479,None
TAAGCGTGTCTTGATG-1,True,TAAGCGTGTCTTGATG-1_contig_1,True,558,TRA,TRAV19,None,TRAJ39,TRAC,True,True,CAAGGNNAGAKLTF,TGCGCAGCAGGTGGGAATAATGCAGGTGCCAAGCTCACATTC,16728,9,clonotype1,clonotype1_consensus_2
TAAGCGTGTCTTGATG-1,True,TAAGCGTGTCTTGATG-1_contig_2,True,589,TRB,TRBV12-2+TRBV13-2,None,TRBJ1-2,TRBC1,True,True,CASGGGTGNSDYTF,TGTGCCAGCGGTGGGGGGACAGGGAACTCCGACTACACCTTC,18242,19,clonotype1,clonotype1_consensus_1
TAAGCGTGTCTTGATG-1,True,TAAGCGTGTCTTGATG-1_contig_3,True,300,TRA,TRAV7-5,None,TRAJ45,None,True,False,CSDTEGADRLTF,TGCAGTGATACAGAAGGTGCAGATAGACTCACCTTT,3116,1,clonotype1,None
TAAGCGTTCATGCAAC-1,True,TAAGCGTTCATGCAAC-1_contig_1,True,618,TRA,TRAV14N-3,None,TRAJ6,TRAC,True,True,CAARTSGGNYKPTF,TGTGCAGCAAGAACCTCAGGAGGAAACTACAAACCTACGTTT,8032,4,clonotype4,clonotype4_consensus_2
TAAGCGTTCATGCAAC-1,True,TAAGCGTTCATGCAAC-1_contig_2,True,549,TRA,TRAV8N-2,None,TRAJ13,TRAC,True,True,CATEDSGTYQRF,TGTGCTACTGAGGATTCTGGGACTTACCAGAGGTTT,5320,3,clonotype4,clonotype4_consensus_1
TAAGCGTTCATGCAAC-1,True,TAAGCGTTCATGCAAC-1_contig_3,True,566,TRB,TRBV12-2+TRBV13-2,None,TRBJ2-7,None,True,True,CASGTGGDYEQYF,TGTGCCAGCGGGACTGGGGGGGACTATGAACAGTACTTC,28406,23,clonotype4,clonotype4_consensus_3
TAAGTGCAGCCACGTC-1,True,TAAGTGCAGCCACGTC-1_contig_1,True,502,TRA,TRAV3-3,None,TRAJ49,TRAC,True,True,CAVSGSTGYQNFYF,TGCGCAGTCAGTGGGAGCACGGGTTACCAGAACTTCTATTTT,802,1,clonotype5,clonotype5_consensus_1
TAAGTGCAGCCACGTC-1,True,TAAGTGCAGCCACGTC-1_contig_2,True,561,TRB,TRBV12-2+TRBV13-2,None,TRBJ2-7,None,True,True,CASGVQGWEQYF,TGTGCCAGCGGTGTACAGGGGTGGGAACAGTACTTC,9070,7,clonotype5,clonotype5_consensus_2
TAAGTGCCACCGGAAA-1,True,TAAGTGCCACCGGAAA-1_contig_1,True,566,TRA,TRAV16,None,TRAJ57,TRAC,True,True,CAMREPQGGSAKLIF,TGTGCTATGAGAGAGCCTCAAGGAGGGTCTGCGAAGCTCATCTTT,5740,4,clonotype22,clonotype22_consensus_3
TAAGTGCCACCGGAAA-1,True,TAAGTGCCACCGGAAA-1_contig_2,True,532,TRA,TRAV13-4-DV7,None,TRAJ58,TRAC,True,True,CAPMQQGTGSKLSF,TGTGCTCCTATGCAGCAAGGCACTGGGTCTAAGCTGTCATTT,9650,7,clonotype22,clonotype22_consensus_2
TAAGTGCCACCGGAAA-1,True,TAAGTGCCACCGGAAA-1_contig_3,True,525,TRB,TRBV17,None,TRBJ2-5,None,True,True,CASSRKGVQDTQYF,TGTGCTAGCAGTAGAAAGGGGGTCCAAGACACCCAGTACTTT,10130,8,clonotype22,clonotype22_consensus_1
TAAGTGCCACCGGAAA-1,True,TAAGTGCCACCGGAAA-1_contig_4,True,641,TRB,TRBV1,None,TRBJ1-3,TRBC1,True,False,None,None,4338,3,clonotype22,None
TAAGTGCGTAGGCTGA-1,True,TAAGTGCGTAGGCTGA-1_contig_1,True,519,TRA,TRAV7-3,None,TRAJ38,TRAC,True,True,CAVSAANVGDNSKLIW,TGTGCAGTGAGCGCGGCGAATGTTGGTGACAACAGTAAGCTGATTTGG,1288,1,clonotype21,clonotype21_consensus_3
TAAGTGCGTAGGCTGA-1,True,TAAGTGCGTAGGCTGA-1_contig_2,True,512,TRB,TRBV13-1,None,TRBJ2-7,None,True,True,CASSGGHLEQYF,TGTGCCAGCAGTGGGGGACACCTTGAACAGTACTTC,4660,3,clonotype21,clonotype21_consensus_2
TAAGTGCGTAGGCTGA-1,True,TAAGTGCGTAGGCTGA-1_contig_3,True,522,TRA,TRAV7N-6,None,TRAJ34,TRAC,True,True,CAISSNTNKVVF,TGTGCAATTTCTTCCAATACCAACAAAGTCGTCTTT,2142,1,clonotype21,clonotype21_consensus_1
TAAGTGCGTGCTGTAT-1,True,TAAGTGCGTGCTGTAT-1_contig_1,True,549,TRB,TRBV16,None,TRBJ2-5,None,True,True,CASSLGGGQDTQYF,TGTGCAAGCAGCTTAGGGGGGGGCCAAGACACCCAGTACTTT,18058,17,clonotype15,clonotype15_consensus_1
TAAGTGCGTGCTGTAT-1,True,TAAGTGCGTGCTGTAT-1_contig_2,True,559,TRA,TRAV4D-3,None,TRAJ27,TRAC,True,True,CAADGPNTGKLTF,TGTGCTGCGGACGGACCCAATACAGGCAAATTAACCTTT,19780,15,clonotype15,clonotype15_consensus_2
TAAGTGCGTGCTGTAT-1,True,TAAGTGCGTGCTGTAT-1_contig_3,True,426,TRA,None,None,TRAJ26,TRAC,False,False,None,None,2252,1,clonotype15,None
TAAGTGCGTGCTGTAT-1,True,TAAGTGCGTGCTGTAT-1_contig_4,True,624,TRB,None,None,TRBJ2-7,None,False,False,None,None,12250,11,clonotype15,None
TAAGTGCGTTATGCGT-1,True,TAAGTGCGTTATGCGT-1_contig_1,True,581,TRA,TRAV14-2,None,TRAJ50,TRAC,True,True,CAATSSSSFSKLVF,TGTGCAGCAACTTCATCCTCCTCCTTCAGCAAGCTGGTGTTT,19000,12,clonotype203,clonotype203_consensus_1
TAAGTGCGTTATGCGT-1,True,TAAGTGCGTTATGCGT-1_contig_2,True,512,TRB,TRBV13-1,None,TRBJ1-4,TRBC1,True,True,CASGTGANERLFF,TGTGCCAGCGGGACAGGGGCCAACGAAAGATTATTTTTC,1122,2,clonotype203,clonotype203_consensus_2
TAAGTGCGTTATGCGT-1,True,TAAGTGCGTTATGCGT-1_contig_3,True,303,TRA,None,None,TRAJ49,TRAC,False,False,None,None,2858,1,clonotype203,None
TAAGTGCGTTATGCGT-1,True,TAAGTGCGTTATGCGT-1_contig_4,True,557,TRA,TRAV8N-2,None,TRAJ52,TRAC,True,False,None,None,11092,6,clonotype203,None
TAAGTGCGTTATGCGT-1,True,TAAGTGCGTTATGCGT-1_contig_5,True,337,TRB,None,None,TRBJ2-1,None,False,False,None,None,4948,5,clonotype203,None
TAAGTGCTCGGTTAAC-1,True,TAAGTGCTCGGTTAAC-1_contig_1,True,514,TRA,TRAV19,None,TRAJ39,TRAC,True,True,CAAGGNNAGAKLTF,TGCGCAGCAGGTGGGAATAATGCAGGTGCCAAGCTCACATTC,1930,3,clonotype1,clonotype1_consensus_2
TAAGTGCTCGGTTAAC-1,True,TAAGTGCTCGGTTAAC-1_contig_2,True,586,TRB,TRBV12-2+TRBV13-2,None,TRBJ1-2,TRBC1,True,True,CASGGGTGNSDYTF,TGTGCCAGCGGTGGGGGGACAGGGAACTCCGACTACACCTTC,1672,2,clonotype1,clonotype1_consensus_1
TAAGTGCTCGGTTAAC-1,True,TAAGTGCTCGGTTAAC-1_contig_3,True,367,TRB,None,None,TRBJ2-5,None,False,False,None,None,46,1,clonotype1,None
TAAGTGCTCGGTTAAC-1,True,TAAGTGCTCGGTTAAC-1_contig_4,True,335,TRB,None,None,TRBJ2-1,None,False,False,None,None,2344,1,clonotype1,None
TACACGACACCAGGCT-1,True,TACACGACACCAGGCT-1_contig_1,True,509,TRB,TRBV13-1,None,TRBJ2-7,None,True,True,CASSGGNEQYF,TGTGCCAGCAGTGGGGGCAATGAACAGTACTTC,30226,21,clonotype173,clonotype173_consensus_1
TACACGACACCAGGCT-1,True,TACACGACACCAGGCT-1_contig_2,True,673,TRA,TRAV9-4,None,TRAJ39,TRAC,True,True,CAVSGNNNAGAKLTF,TGTGCTGTGAGCGGGAATAATAATGCAGGTGCCAAGCTCACATTC,5288,4,clonotype173,clonotype173_consensus_2
TACACGACACCAGGCT-1,True,TACACGACACCAGGCT-1_contig_3,True,551,TRA,TRAV15-2-DV6-2,None,TRAJ45,TRAC,True,False,None,None,1608,2,clonotype173,None
TACACGACACTCGACG-1,True,TACACGACACTCGACG-1_contig_1,True,549,TRB,TRBV16,None,TRBJ2-5,None,True,True,CASSLGGGQDTQYF,TGTGCAAGCAGCTTAGGGGGGGGCCAAGACACCCAGTACTTT,8672,7,clonotype15,clonotype15_consensus_1
TACACGACACTCGACG-1,True,TACACGACACTCGACG-1_contig_2,True,535,TRA,TRAV4D-3,None,TRAJ27,TRAC,True,True,CAADGPNTGKLTF,TGTGCTGCGGACGGACCCAATACAGGCAAATTAACCTTT,3848,3,clonotype15,clonotype15_consensus_2
TACACGAGTGAGTGAC-1,True,TACACGAGTGAGTGAC-1_contig_1,True,529,TRA,TRAV6-6,None,TRAJ24,TRAC,True,True,CAPLTTASLGKLQF,TGTGCTCCGTTGACAACTGCCAGTTTGGGGAAACTGCAGTTT,3396,3,clonotype2,clonotype2_consensus_2
TACACGAGTGAGTGAC-1,True,TACACGAGTGAGTGAC-1_contig_2,True,507,TRB,TRBV13-1,None,TRBJ2-4,None,True,True,CASSEGTNTLYF,TGTGCCAGCAGTGAAGGAACAAACACCTTGTACTTT,5682,5,clonotype2,clonotype2_consensus_1
TACACGATCATGCTCC-1,True,TACACGATCATGCTCC-1_contig_1,True,548,TRA,TRAV4-3,None,TRAJ32,TRAC,True,True,CAAEPGGSSGNKLIF,TGTGCTGCTGAACCGGGGGGGAGCAGTGGCAACAAGCTCATCTTT,3446,3,clonotype205,clonotype205_consensus_1
TACACGATCATGCTCC-1,True,TACACGATCATGCTCC-1_contig_2,True,572,TRB,TRBV12-1,None,TRBJ2-7,None,True,True,CASSRNSGTGGVEQYF,TGTGCCAGCTCTCGGAATTCCGGGACTGGGGGGGTTGAACAGTACTTC,6514,3,clonotype205,clonotype205_consensus_2
TACACGATCTCCTATA-1,True,TACACGATCTCCTATA-1_contig_1,True,503,TRB,TRBV13-1,None,TRBJ2-4,None,True,True,CASSEGTNTLYF,TGTGCCAGCAGTGAAGGAACAAACACCTTGTACTTT,3830,4,clonotype6,clonotype6_consensus_1
TACACGATCTCCTATA-1,True,TACACGATCTCCTATA-1_contig_2,True,815,TRA,TRAV9D-2,None,TRAJ26,TRAC,True,False,CVLSRGNNYAQGLTF,TGTGTTCTGAGCAGGGGCAATAACTATGCCCAGGGATTAACCTTC,6606,4,clonotype6,None
TACAGTGAGAAGGACA-1,True,TACAGTGAGAAGGACA-1_contig_1,True,558,TRA,TRAV19,None,TRAJ39,TRAC,True,True,CAAGGNNAGAKLTF,TGCGCAGCAGGTGGGAATAATGCAGGTGCCAAGCTCACATTC,20104,13,clonotype1,clonotype1_consensus_2
TACAGTGAGAAGGACA-1,True,TACAGTGAGAAGGACA-1_contig_2,True,570,TRB,TRBV12-2+TRBV13-2,None,TRBJ1-2,TRBC1,True,True,CASGGGTGNSDYTF,TGTGCCAGCGGTGGGGGGACAGGGAACTCCGACTACACCTTC,25788,26,clonotype1,clonotype1_consensus_1
TACAGTGAGAAGGACA-1,True,TACAGTGAGAAGGACA-1_contig_3,True,343,TRB,None,None,TRBJ2-1,None,False,False,None,None,8794,4,clonotype1,None
TACAGTGAGAAGGACA-1,True,TACAGTGAGAAGGACA-1_contig_4,True,319,TRB,None,None,TRBJ2-7,None,False,False,None,None,3190,4,clonotype1,None
TACAGTGAGAAGGACA-1,True,TACAGTGAGAAGGACA-1_contig_5,True,442,TRA,None,None,TRAJ26,TRAC,False,False,None,None,918,3,clonotype1,None
TACAGTGAGCCTATGT-1,True,TACAGTGAGCCTATGT-1_contig_1,True,549,TRB,TRBV16,None,TRBJ2-7,None,True,True,CASSFGGGADEQYF,TGTGCAAGCAGCTTTGGTGGGGGGGCGGATGAACAGTACTTC,4078,5,clonotype20,clonotype20_consensus_2
TACAGTGAGCCTATGT-1,True,TACAGTGAGCCTATGT-1_contig_2,True,542,TRA,TRAV13D-2,None,TRAJ11,TRAC,True,True,CAIDLDSGYNKLTF,TGTGCTATAGATCTTGACTCGGGATACAACAAACTCACTTTT,3964,3,clonotype20,clonotype20_consensus_1
TACAGTGAGCGTGTCC-1,True,TACAGTGAGCGTGTCC-1_contig_1,True,549,TRB,TRBV16,None,TRBJ2-5,None,True,True,CASSLGGYQDTQYF,TGTGCAAGCAGCTTAGGGGGCTACCAAGACACCCAGTACTTT,5994,6,clonotype28,clonotype28_consensus_2
TACAGTGAGCGTGTCC-1,True,TACAGTGAGCGTGTCC-1_contig_2,True,555,TRA,TRAV4-3,None,TRAJ27,TRAC,True,True,CAAANTNTGKLTF,TGTGCTGCTGCTAACACCAATACAGGCAAATTAACCTTT,7308,6,clonotype28,clonotype28_consensus_1
TACAGTGCAAGCTGAG-1,True,TACAGTGCAAGCTGAG-1_contig_1,True,549,TRB,TRBV16,None,TRBJ2-5,None,True,True,CASSFGGAPDTQYF,TGTGCAAGCAGCTTTGGGGGGGCGCCAGACACCCAGTACTTT,17088,15,clonotype17,clonotype17_consensus_2
TACAGTGCAAGCTGAG-1,True,TACAGTGCAAGCTGAG-1_contig_2,True,593,TRA,TRAV14-2,None,TRAJ49,TRAC,True,True,CAAQGYQNFYF,TGTGCAGCACAGGGTTACCAGAACTTCTATTTT,10264,7,clonotype17,clonotype17_consensus_3
TACAGTGCAAGCTGAG-1,True,TACAGTGCAAGCTGAG-1_contig_3,True,590,TRA,TRAV4D-4,None,TRAJ45,TRAC,True,True,CAAYTEGADRLTF,TGTGCTGCCTATACAGAAGGTGCAGATAGACTCACCTTT,27134,19,clonotype17,clonotype17_consensus_1
TACAGTGCAAGCTGAG-1,True,TACAGTGCAAGCTGAG-1_contig_4,True,356,TRB,None,None,TRBJ2-1,None,False,False,None,None,6982,4,clonotype17,None
TACAGTGCAGGTCCAC-1,True,TACAGTGCAGGTCCAC-1_contig_1,True,558,TRA,TRAV19,None,TRAJ39,TRAC,True,True,CAAGGNNAGAKLTF,TGCGCAGCAGGTGGGAATAATGCAGGTGCCAAGCTCACATTC,5606,3,clonotype19,clonotype19_consensus_1
TACAGTGGTAAGAGGA-1,True,TACAGTGGTAAGAGGA-1_contig_1,True,593,TRA,TRAV19,None,TRAJ39,TRAC,True,True,CAAGGNNAGAKLTF,TGCGCAGCAGGTGGGAATAATGCAGGTGCCAAGCTCACATTC,4968,6,clonotype1,clonotype1_consensus_2
TACAGTGGTAAGAGGA-1,True,TACAGTGGTAAGAGGA-1_contig_2,True,552,TRB,TRBV13-2,None,TRBJ1-2,TRBC1,True,True,CASGGGTGNSDYTF,TGTGCCAGCGGTGGGGGGACAGGGAACTCCGACTACACCTTC,11066,8,clonotype1,clonotype1_consensus_1
TACAGTGGTAAGAGGA-1,True,TACAGTGGTAAGAGGA-1_contig_3,True,436,TRA,TRAV7-5,None,TRAJ45,None,True,False,CSDTEGADRLTF,TGCAGTGATACAGAAGGTGCAGATAGACTCACCTTT,426,1,clonotype1,None
TACAGTGTCCCAAGAT-1,True,TACAGTGTCCCAAGAT-1_contig_1,True,512,TRB,TRBV13-1,None,TRBJ2-4,None,True,True,CASSEGTNTLYF,TGTGCCAGCAGTGAAGGAACAAACACCTTGTACTTT,7558,5,clonotype6,clonotype6_consensus_1
TACAGTGTCCCAAGAT-1,True,TACAGTGTCCCAAGAT-1_contig_2,True,425,TRA,TRAV6-6,None,TRAJ24,TRAC,True,False,None,None,8046,4,clonotype6,None
TACAGTGTCCGTACAA-1,True,TACAGTGTCCGTACAA-1_contig_1,True,512,TRB,TRBV13-1,None,TRBJ2-4,None,True,True,CASSEGTNTLYF,TGTGCCAGCAGTGAAGGAACAAACACCTTGTACTTT,2790,3,clonotype6,clonotype6_consensus_1
TACAGTGTCCGTACAA-1,True,TACAGTGTCCGTACAA-1_contig_2,True,506,TRA,TRAV13D-4,None,TRAJ9,TRAC,True,False,None,None,1622,1,clonotype6,None
TACAGTGTCCGTACAA-1,True,TACAGTGTCCGTACAA-1_contig_3,True,399,TRA,TRAV9D-2,None,TRAJ26,TRAC,True,False,CVLSRGNNYAQGLTF,TGTGTTCTGAGCAGGGGCAATAACTATGCCCAGGGATTAACCTTC,4452,2,clonotype6,None
TACCTATAGGACGAAA-1,True,TACCTATAGGACGAAA-1_contig_1,True,505,TRB,TRBV13-1,None,TRBJ2-4,None,True,True,CASSEGTNTLYF,TGTGCCAGCAGTGAAGGAACAAACACCTTGTACTTT,4578,5,clonotype6,clonotype6_consensus_1
TACCTATAGGACGAAA-1,True,TACCTATAGGACGAAA-1_contig_2,True,403,TRA,TRAV9D-2,None,TRAJ26,TRAC,True,False,CVLSRGNNYAQGLTF,TGTGTTCTGAGCAGGGGCAATAACTATGCCCAGGGATTAACCTTC,800,1,clonotype6,None
TACCTATTCCTTAATC-1,True,TACCTATTCCTTAATC-1_contig_1,True,550,TRB,TRBV12-2+TRBV13-2,None,TRBJ2-1,None,True,True,CASGDPFQFF,TGTGCCAGCGGTGATCCTTTCCAGTTCTTC,2432,2,clonotype58,clonotype58_consensus_2
TACCTATTCCTTAATC-1,True,TACCTATTCCTTAATC-1_contig_2,True,507,TRB,TRBV5,None,TRBJ2-2,None,True,True,CASSTGQLYF,TGTGCCAGCAGCACCGGGCAGCTCTACTTT,1210,1,clonotype58,clonotype58_consensus_1
TACCTTACAAGTAGTA-1,True,TACCTTACAAGTAGTA-1_contig_1,True,505,TRB,TRBV13-1,None,TRBJ2-4,None,True,True,CASSEGTNTLYF,TGTGCCAGCAGTGAAGGAACAAACACCTTGTACTTT,3268,2,clonotype9,clonotype9_consensus_1
TACCTTACAAGTAGTA-1,True,TACCTTACAAGTAGTA-1_contig_2,True,661,TRA,TRAV9D-2,None,TRAJ26,None,True,True,CVLSRGNNYAQGLTF,TGTGTTCTGAGCAGGGGCAATAACTATGCCCAGGGATTAACCTTC,872,1,clonotype9,clonotype9_consensus_2
TACCTTACAAGTAGTA-1,True,TACCTTACAAGTAGTA-1_contig_3,True,415,TRA,TRAV6-6,None,TRAJ24,TRAC,True,False,CAPLTTASLGKLQF,TGTGCTCCGTTGACAACTGCCAGTTTGGGGAAACTGCAGTTT,3214,2,clonotype9,None
TACCTTATCACGAAGG-1,True,TACCTTATCACGAAGG-1_contig_1,True,589,TRB,TRBV12-2+TRBV13-2,None,TRBJ1-2,TRBC1,True,True,CASGGGTGNSDYTF,TGTGCCAGCGGTGGGGGGACAGGGAACTCCGACTACACCTTC,4316,5,clonotype7,clonotype7_consensus_1
TACCTTATCAGGATCT-1,True,TACCTTATCAGGATCT-1_contig_1,True,563,TRB,TRBV12-2+TRBV13-2,None,TRBJ1-5,TRBC1,True,True,CASGTGDNQAPLF,TGTGCCAGCGGGACAGGGGATAACCAGGCTCCGCTTTTT,8776,6,clonotype480,clonotype480_consensus_1
TACGGATAGTCCATAC-1,True,TACGGATAGTCCATAC-1_contig_1,True,519,TRA,TRAV6-6,None,TRAJ24,TRAC,True,True,CAPLTTASLGKLQF,TGTGCTCCGTTGACAACTGCCAGTTTGGGGAAACTGCAGTTT,3970,3,clonotype3,clonotype3_consensus_2
TACGGATAGTCCATAC-1,True,TACGGATAGTCCATAC-1_contig_2,True,512,TRB,TRBV13-1,None,TRBJ2-4,None,True,True,CASSEGTNTLYF,TGTGCCAGCAGTGAAGGAACAAACACCTTGTACTTT,7920,6,clonotype3,clonotype3_consensus_1
TACGGATAGTCCATAC-1,True,TACGGATAGTCCATAC-1_contig_3,True,704,TRA,TRAV9D-2,None,TRAJ26,TRAC,True,True,CVLSRGNNYAQGLTF,TGTGTTCTGAGCAGGGGCAATAACTATGCCCAGGGATTAACCTTC,1836,3,clonotype3,clonotype3_consensus_3
TACGGATAGTCGCCGT-1,True,TACGGATAGTCGCCGT-1_contig_1,True,555,TRA,TRAV7-3,None,TRAJ38,TRAC,True,True,CAVSAANVGDNSKLIW,TGTGCAGTGAGCGCGGCGAATGTTGGTGACAACAGTAAGCTGATTTGG,946,2,clonotype21,clonotype21_consensus_3
TACGGATAGTCGCCGT-1,True,TACGGATAGTCGCCGT-1_contig_2,True,512,TRB,TRBV13-1,None,TRBJ2-7,None,True,True,CASSGGHLEQYF,TGTGCCAGCAGTGGGGGACACCTTGAACAGTACTTC,10186,9,clonotype21,clonotype21_consensus_2
TACGGATAGTCGCCGT-1,True,TACGGATAGTCGCCGT-1_contig_3,True,522,TRA,TRAV7N-6,None,TRAJ34,TRAC,True,True,CAISSNTNKVVF,TGTGCAATTTCTTCCAATACCAACAAAGTCGTCTTT,4378,2,clonotype21,clonotype21_consensus_1
TACGGATCAAGACGTG-1,True,TACGGATCAAGACGTG-1_contig_1,True,549,TRB,TRBV16,None,TRBJ2-5,None,True,True,CASSLGGGQDTQYF,TGTGCAAGCAGCTTAGGGGGGGGGCAAGACACCCAGTACTTT,10012,10,clonotype11,clonotype11_consensus_2
TACGGATCAAGACGTG-1,True,TACGGATCAAGACGTG-1_contig_2,True,571,TRA,TRAV4D-3,None,TRAJ27,TRAC,True,True,CAADGPNTGKLTF,TGTGCTGCTGACGGGCCCAATACAGGCAAATTAACCTTT,28090,17,clonotype11,clonotype11_consensus_1
TACGGATCAAGACGTG-1,True,TACGGATCAAGACGTG-1_contig_3,True,595,TRA,TRAV7-4,None,TRAJ31,TRAC,True,False,None,None,2106,2,clonotype11,None
TACGGATGTAAATGAC-1,True,TACGGATGTAAATGAC-1_contig_1,True,557,TRB,TRBV12-2+TRBV13-2,None,TRBJ2-7,None,True,True,CASGAPYEQYF,TGTGCCAGCGGTGCCCCCTATGAACAGTACTTC,4182,4,clonotype187,clonotype187_consensus_2
TACGGATGTAAATGAC-1,True,TACGGATGTAAATGAC-1_contig_2,True,556,TRA,TRAV4D-3,None,TRAJ17,TRAC,True,True,CAAPNSAGNKLTF,TGTGCTGCCCCCAACAGTGCAGGGAACAAGCTAACTTTT,420,3,clonotype187,clonotype187_consensus_1
TACGGATGTACCCAAT-1,True,TACGGATGTACCCAAT-1_contig_1,True,522,TRB,TRBV5,None,TRBJ1-5,TRBC1,True,True,CASSQAGENNQAPLF,TGTGCCAGCAGCCAAGCAGGGGAGAACAACCAGGCTCCGCTTTTT,7534,4,clonotype52,clonotype52_consensus_2
TACGGATGTACCCAAT-1,True,TACGGATGTACCCAAT-1_contig_2,True,598,TRA,TRAV12D-3,None,TRAJ26,TRAC,True,True,CALSVNYAQGLTF,TGTGCTCTGAGTGTCAACTATGCCCAGGGATTAACCTTC,3612,3,clonotype52,clonotype52_consensus_1
TACGGATGTACCCAAT-1,True,TACGGATGTACCCAAT-1_contig_3,True,357,TRB,None,None,TRBJ2-1,None,False,False,None,None,3974,1,clonotype52,None
TACGGGCAGATGGGTC-1,True,TACGGGCAGATGGGTC-1_contig_1,True,505,TRA,TRAV4-2,None,TRAJ35,TRAC,True,True,CAVEPQTGFASALTF,TGTGCTGTTGAGCCCCAGACAGGCTTTGCAAGTGCGCTGACATTT,2356,1,clonotype85,clonotype85_consensus_3
TACGGGCAGATGGGTC-1,True,TACGGGCAGATGGGTC-1_contig_2,True,538,TRA,TRAV8-1,None,TRAJ30,TRAC,True,True,CATDTNAYKVIF,TGTGCTACTGACACAAATGCTTACAAAGTCATCTTT,3444,3,clonotype85,clonotype85_consensus_1
TACGGGCAGATGGGTC-1,True,TACGGGCAGATGGGTC-1_contig_3,True,566,TRB,TRBV12-2+TRBV13-2,None,TRBJ1-5,TRBC1,True,True,CASGTGDNQAPLF,TGTGCCAGCGGGACAGGGGATAACCAGGCTCCGCTTTTT,2394,2,clonotype85,clonotype85_consensus_2
TACGGGCAGATGGGTC-1,True,TACGGGCAGATGGGTC-1_contig_4,True,327,TRB,None,None,TRBJ2-1,None,False,False,None,None,88,2,clonotype85,None
TACGGGCCAACACCCG-1,True,TACGGGCCAACACCCG-1_contig_1,True,549,TRB,TRBV16,None,TRBJ2-5,None,True,True,CASSLGGGGDTQYF,TGTGCAAGCAGCTTAGGCGGGGGAGGAGACACCCAGTACTTT,556,2,clonotype481,clonotype481_consensus_1
TACGGGCCAACACCCG-1,True,TACGGGCCAACACCCG-1_contig_2,True,557,TRA,TRAV8D-2,None,TRAJ27,TRAC,True,True,CATDEDTNTGKLTF,TGTGCTACAGATGAGGACACCAATACAGGCAAATTAACCTTT,5604,6,clonotype481,clonotype481_consensus_2
TACGGGCGTCAAAGAT-1,True,TACGGGCGTCAAAGAT-1_contig_1,True,577,TRA,TRAV6-6,None,TRAJ24,TRAC,True,True,CAPLTTASLGKLQF,TGTGCTCCGTTGACAACTGCCAGTTTGGGGAAACTGCAGTTT,8558,5,clonotype2,clonotype2_consensus_2
TACGGGCGTCAAAGAT-1,True,TACGGGCGTCAAAGAT-1_contig_2,True,505,TRB,TRBV13-1,None,TRBJ2-4,None,True,True,CASSEGTNTLYF,TGTGCCAGCAGTGAAGGAACAAACACCTTGTACTTT,15442,15,clonotype2,clonotype2_consensus_1
TACGGGCGTCAAAGAT-1,True,TACGGGCGTCAAAGAT-1_contig_3,True,766,TRA,TRAV9D-2,None,TRAJ26,TRAC,True,False,CVLSRGNNYAQGLTF,TGTGTTCTGAGCAGGGGCAATAACTATGCCCAGGGATTAACCTTC,2542,4,clonotype2,None
TACGGGCGTCGCTTTC-1,True,TACGGGCGTCGCTTTC-1_contig_1,True,546,TRA,TRAV6-6,None,TRAJ24,TRAC,True,True,CAPLTTASLGKLQF,TGTGCTCCGTTGACAACTGCCAGTTTGGGGAAACTGCAGTTT,1678,2,clonotype3,clonotype3_consensus_2
TACGGGCGTCGCTTTC-1,True,TACGGGCGTCGCTTTC-1_contig_2,True,505,TRB,TRBV13-1,None,TRBJ2-4,None,True,True,CASSEGTNTLYF,TGTGCCAGCAGTGAAGGAACAAACACCTTGTACTTT,9784,8,clonotype3,clonotype3_consensus_1
TACGGGCGTCGCTTTC-1,True,TACGGGCGTCGCTTTC-1_contig_3,True,718,TRA,TRAV9D-2,None,TRAJ26,TRAC,True,True,CVLSRGNNYAQGLTF,TGTGTTCTGAGCAGGGGCAATAACTATGCCCAGGGATTAACCTTC,2026,4,clonotype3,clonotype3_consensus_3
TACGGGCGTGTGACGA-1,True,TACGGGCGTGTGACGA-1_contig_1,True,549,TRB,TRBV16,None,TRBJ2-5,None,True,True,CASSLGGYQDTQYF,TGTGCAAGCAGCTTAGGGGGCTACCAAGACACCCAGTACTTT,1576,1,clonotype28,clonotype28_consensus_2
TACGGGCGTGTGACGA-1,True,TACGGGCGTGTGACGA-1_contig_2,True,555,TRA,TRAV4-3,None,TRAJ27,TRAC,True,True,CAAANTNTGKLTF,TGTGCTGCTGCTAACACCAATACAGGCAAATTAACCTTT,4874,3,clonotype28,clonotype28_consensus_1
TACGGGCTCAACGAAA-1,True,TACGGGCTCAACGAAA-1_contig_1,True,509,TRB,TRBV13-1,None,TRBJ2-2,None,True,True,CASSDPGQLYF,TGTGCCAGCAGTGACCCCGGGCAGCTCTACTTT,3256,2,clonotype482,clonotype482_consensus_2
TACGGGCTCAACGAAA-1,True,TACGGGCTCAACGAAA-1_contig_2,True,533,TRA,TRAV16N,None,TRAJ22,TRAC,True,True,CAMREGDSSGSWQLIF,TGTGCTATGAGAGAGGGCGACTCTTCTGGCAGCTGGCAACTCATCTTT,1598,1,clonotype482,clonotype482_consensus_1
TACGGGCTCGACCAGC-1,True,TACGGGCTCGACCAGC-1_contig_1,True,652,TRA,TRAV14N-3,None,TRAJ6,TRAC,True,True,CAARTSGGNYKPTF,TGTGCAGCAAGAACCTCAGGAGGAAACTACAAACCTACGTTT,12174,7,clonotype483,clonotype483_consensus_2
TACGGGCTCGACCAGC-1,True,TACGGGCTCGACCAGC-1_contig_2,True,549,TRA,TRAV8N-2,None,TRAJ13,TRAC,True,True,CATEDSGTYQRF,TGTGCTACTGAGGATTCTGGGACTTACCAGAGGTTT,2252,2,clonotype483,clonotype483_consensus_1
TACGGGCTCGACCAGC-1,True,TACGGGCTCGACCAGC-1_contig_3,True,565,TRB,TRBV12-2+TRBV13-2,None,TRBJ1-5,TRBC1,True,True,CASGTGDNQAPLF,TGTGCCAGCGGGACAGGGGACAACCAGGCTCCGCTTTTT,2028,1,clonotype483,clonotype483_consensus_3
TACGGGCTCGACCAGC-1,True,TACGGGCTCGACCAGC-1_contig_4,True,565,TRB,TRBV12-2+TRBV13-2,None,TRBJ2-7,None,True,True,CASGTGGDYEQYF,TGTGCCAGCGGGACTGGGGGGGACTATGAACAGTACTTC,3038,5,clonotype483,clonotype483_consensus_4
TACGGTAAGATCGGGT-1,True,TACGGTAAGATCGGGT-1_contig_1,True,556,TRA,TRAV19,None,TRAJ39,TRAC,True,True,CAAGGNNAGAKLTF,TGCGCAGCAGGTGGGAATAATGCAGGTGCCAAGCTCACATTC,18690,10,clonotype1,clonotype1_consensus_2
TACGGTAAGATCGGGT-1,True,TACGGTAAGATCGGGT-1_contig_2,True,601,TRB,TRBV12-2+TRBV13-2,None,TRBJ1-2,TRBC1,True,True,CASGGGTGNSDYTF,TGTGCCAGCGGTGGGGGGACAGGGAACTCCGACTACACCTTC,33418,28,clonotype1,clonotype1_consensus_1
TACGGTACAAGAGTCG-1,True,TACGGTACAAGAGTCG-1_contig_1,True,531,TRA,TRAV6-6,None,TRAJ24,TRAC,True,True,CAPLTTASLGKLQF,TGTGCTCCGTTGACAACTGCCAGTTTGGGGAAACTGCAGTTT,12538,6,clonotype2,clonotype2_consensus_2
TACGGTACAAGAGTCG-1,True,TACGGTACAAGAGTCG-1_contig_2,True,512,TRB,TRBV13-1,None,TRBJ2-4,None,True,True,CASSEGTNTLYF,TGTGCCAGCAGTGAAGGAACAAACACCTTGTACTTT,17052,14,clonotype2,clonotype2_consensus_1
TACGGTACAAGAGTCG-1,True,TACGGTACAAGAGTCG-1_contig_3,True,817,TRA,TRAV9D-2,None,TRAJ26,TRAC,True,False,CVLSRGNNYAQGLTF,TGTGTTCTGAGCAGGGGCAATAACTATGCCCAGGGATTAACCTTC,6432,4,clonotype2,None
TACGGTACAAGCCCAC-1,True,TACGGTACAAGCCCAC-1_contig_1,True,545,TRA,TRAV8-1,None,TRAJ30,TRAC,True,True,CASDTNAYKVIF,TGTGCTTCTGACACAAATGCTTACAAAGTCATCTTT,3082,2,clonotype23,clonotype23_consensus_2
TACGGTACAAGCCCAC-1,True,TACGGTACAAGCCCAC-1_contig_2,True,563,TRB,TRBV12-2+TRBV13-2,None,TRBJ1-5,TRBC1,True,True,CASGTGDNQAPLF,TGTGCCAGCGGGACAGGGGACAACCAGGCTCCGCTTTTT,4834,3,clonotype23,clonotype23_consensus_1
TACGGTACACGAGAGT-1,True,TACGGTACACGAGAGT-1_contig_1,True,556,TRA,TRAV19,None,TRAJ39,TRAC,True,True,CAAGGNNAGAKLTF,TGCGCAGCAGGTGGGAATAATGCAGGTGCCAAGCTCACATTC,12886,8,clonotype1,clonotype1_consensus_2
TACGGTACACGAGAGT-1,True,TACGGTACACGAGAGT-1_contig_2,True,605,TRB,TRBV12-2+TRBV13-2,None,TRBJ1-2,TRBC1,True,True,CASGGGTGNSDYTF,TGTGCCAGCGGTGGGGGGACAGGGAACTCCGACTACACCTTC,7482,9,clonotype1,clonotype1_consensus_1
TACGGTACACGAGAGT-1,True,TACGGTACACGAGAGT-1_contig_3,True,534,TRA,TRAV7-5,None,TRAJ45,TRAC,True,False,CSDTEGADRLTF,TGCAGTGATACAGAAGGTGCAGATAGACTCACCTTT,5222,4,clonotype1,None
TACGGTACATGGGACA-1,True,TACGGTACATGGGACA-1_contig_1,True,549,TRB,TRBV16,None,TRBJ2-5,None,True,True,CASSLGGGQDTQYF,TGTGCAAGCAGCTTAGGGGGCGGCCAAGACACCCAGTACTTT,2278,2,clonotype484,clonotype484_consensus_1
TACGGTACATGGGACA-1,True,TACGGTACATGGGACA-1_contig_2,True,695,TRB,TRBV19,None,TRBJ2-7,None,True,True,CASSRQSSYEQYF,TGTGCCAGCAGTCGACAAAGCTCCTATGAACAGTACTTC,3272,2,clonotype484,clonotype484_consensus_2
TACGGTACATGGGACA-1,True,TACGGTACATGGGACA-1_contig_3,True,507,TRA,TRAV6N-6,None,TRAJ16,TRAC,True,False,CALSLQVARSWFLAR,TGCGCTCTGAGTCTTCAAGTGGCCAGAAGCTGGTTTTTGGCCAGG,3862,2,clonotype484,None
TACGGTAGTACGCTGC-1,True,TACGGTAGTACGCTGC-1_contig_1,True,512,TRB,TRBV13-1,None,TRBJ2-4,None,True,True,CASSEGTNTLYF,TGTGCCAGCAGTGAAGGAACAAACACCTTGTACTTT,3014,3,clonotype9,clonotype9_consensus_1
TACGGTAGTACGCTGC-1,True,TACGGTAGTACGCTGC-1_contig_2,True,706,TRA,TRAV9D-2,None,TRAJ26,TRAC,True,True,CVLSRGNNYAQGLTF,TGTGTTCTGAGCAGGGGCAATAACTATGCCCAGGGATTAACCTTC,8014,5,clonotype9,clonotype9_consensus_2
TACGGTAGTACGCTGC-1,True,TACGGTAGTACGCTGC-1_contig_3,True,563,TRA,TRAV6-6,None,TRAJ24,TRAC,True,False,None,None,2292,2,clonotype9,None
TACGGTAGTCCAAGTT-1,True,TACGGTAGTCCAAGTT-1_contig_1,True,537,TRA,TRAV3-3,None,TRAJ49,TRAC,True,True,CAVSGATGYQNFYF,TGCGCAGTCAGTGGGGCCACGGGTTACCAGAACTTCTATTTT,6848,5,clonotype43,clonotype43_consensus_1
TACGGTAGTCCAAGTT-1,True,TACGGTAGTCCAAGTT-1_contig_2,True,569,TRB,TRBV12-2+TRBV13-2,None,TRBJ2-7,None,True,True,CASGVQGGEQYF,TGTGCCAGCGGTGTGCAGGGGGGAGAACAGTACTTC,6926,6,clonotype43,clonotype43_consensus_2
TACGGTAGTCGCTTCT-1,True,TACGGTAGTCGCTTCT-1_contig_1,True,558,TRA,TRAV19,None,TRAJ39,TRAC,True,True,CAAGGNNAGAKLTF,TGCGCAGCAGGTGGGAATAATGCAGGTGCCAAGCTCACATTC,5342,7,clonotype1,clonotype1_consensus_2
TACGGTAGTCGCTTCT-1,True,TACGGTAGTCGCTTCT-1_contig_2,True,569,TRB,TRBV12-2+TRBV13-2,None,TRBJ1-2,TRBC1,True,True,CASGGGTGNSDYTF,TGTGCCAGCGGTGGGGGGACAGGGAACTCCGACTACACCTTC,32436,31,clonotype1,clonotype1_consensus_1
TACGGTAGTGGGTCAA-1,True,TACGGTAGTGGGTCAA-1_contig_1,True,720,TRB,TRBV2,None,TRBJ2-3,None,True,True,CASSQEGGGRFAETLYF,TGTGCCAGCAGCCAAGAGGGGGGGGGGCGTTTTGCAGAAACGCTGTATTTT,3244,3,clonotype485,clonotype485_consensus_1
TACGGTAGTTGGACCC-1,True,TACGGTAGTTGGACCC-1_contig_1,True,642,TRA,TRAV8-1,None,TRAJ30,TRAC,True,True,CATDTNAYKVIF,TGTGCTACCGACACAAATGCTTACAAAGTCATCTTT,154,1,clonotype38,clonotype38_consensus_1
TACGGTAGTTGGACCC-1,True,TACGGTAGTTGGACCC-1_contig_2,True,999,TRB,TRBV12-2+TRBV13-2,None,TRBJ1-5,TRBC1,True,True,CASGTGDNQAPLF,TGTGCCAGCGGTACAGGAGACAACCAGGCTCCGCTTTTT,1568,3,clonotype38,clonotype38_consensus_2
TACGGTAGTTGGACCC-1,True,TACGGTAGTTGGACCC-1_contig_3,True,487,TRB,None,None,TRBJ1-4,TRBC1,False,False,None,None,1752,1,clonotype38,None
TACGGTAGTTGGACCC-1,True,TACGGTAGTTGGACCC-1_contig_4,True,563,TRA,TRAV15D-1-DV6D-1,None,TRAJ16,TRAC,True,False,None,None,4126,2,clonotype38,None
TACGGTAGTTGGACCC-1,True,TACGGTAGTTGGACCC-1_contig_5,True,354,TRB,None,None,TRBJ2-7,None,False,False,None,None,3172,2,clonotype38,None
TACGGTATCGGATGTT-1,True,TACGGTATCGGATGTT-1_contig_1,True,540,TRA,TRAV6-6,None,TRAJ24,TRAC,True,True,CAPLTTASLGKLQF,TGTGCTCCGTTGACAACTGCCAGTTTGGGGAAACTGCAGTTT,14820,9,clonotype2,clonotype2_consensus_2
TACGGTATCGGATGTT-1,True,TACGGTATCGGATGTT-1_contig_2,True,505,TRB,TRBV13-1,None,TRBJ2-4,None,True,True,CASSEGTNTLYF,TGTGCCAGCAGTGAAGGAACAAACACCTTGTACTTT,19352,17,clonotype2,clonotype2_consensus_1
TACGGTATCGGATGTT-1,True,TACGGTATCGGATGTT-1_contig_3,True,430,TRA,TRAV9D-2,None,TRAJ26,TRAC,True,False,CVLSRGNNYAQGLTF,TGTGTTCTGAGCAGGGGCAATAACTATGCCCAGGGATTAACCTTC,5274,5,clonotype2,None
TACGGTATCTAACTTC-1,True,TACGGTATCTAACTTC-1_contig_1,True,523,TRA,TRAV6-6,None,TRAJ24,TRAC,True,True,CAPLTTASLGKLQF,TGTGCTCCGTTGACAACTGCCAGTTTGGGGAAACTGCAGTTT,3546,2,clonotype3,clonotype3_consensus_2
TACGGTATCTAACTTC-1,True,TACGGTATCTAACTTC-1_contig_2,True,512,TRB,TRBV13-1,None,TRBJ2-4,None,True,True,CASSEGTNTLYF,TGTGCCAGCAGTGAAGGAACAAACACCTTGTACTTT,29694,18,clonotype3,clonotype3_consensus_1
TACGGTATCTAACTTC-1,True,TACGGTATCTAACTTC-1_contig_3,True,692,TRA,TRAV9D-2,None,TRAJ26,TRAC,True,True,CVLSRGNNYAQGLTF,TGTGTTCTGAGCAGGGGCAATAACTATGCCCAGGGATTAACCTTC,11914,6,clonotype3,clonotype3_consensus_3
TACTCATAGACAAAGG-1,True,TACTCATAGACAAAGG-1_contig_1,True,559,TRB,TRBV12-2+TRBV13-2,None,TRBJ1-3,TRBC1,True,True,CASAPGNTLYF,TGTGCCAGCGCCCCTGGAAATACGCTCTATTTT,8562,9,clonotype158,clonotype158_consensus_2
TACTCATAGACAAAGG-1,True,TACTCATAGACAAAGG-1_contig_2,True,555,TRA,TRAV8D-2,None,TRAJ4,TRAC,True,True,CATDPGSFNKLTF,TGTGCTACAGATCCTGGTAGCTTCAATAAGTTGACCTTT,9692,6,clonotype158,clonotype158_consensus_1
TACTCATAGCTGCAAG-1,True,TACTCATAGCTGCAAG-1_contig_1,True,571,TRB,TRBV12-2+TRBV13-2,None,TRBJ2-3,None,True,True,CASGDAPPGEGTLYF,TGTGCCAGCGGTGATGCACCTCCAGGGGAGGGAACGCTGTATTTT,4640,5,clonotype37,clonotype37_consensus_2
TACTCATAGCTGCAAG-1,True,TACTCATAGCTGCAAG-1_contig_2,True,514,TRA,TRAV13N-3,None,TRAJ49,TRAC,True,True,CAMGGYQNFYF,TGTGCTATGGGGGGTTACCAGAACTTCTATTTT,2098,2,clonotype37,clonotype37_consensus_1
TACTCATCAGTAAGCG-1,True,TACTCATCAGTAAGCG-1_contig_1,True,652,TRA,TRAV14N-3,None,TRAJ6,TRAC,True,True,CAARTSGGNYKPTF,TGTGCAGCAAGAACCTCAGGAGGAAACTACAAACCTACGTTT,17250,11,clonotype4,clonotype4_consensus_2
TACTCATCAGTAAGCG-1,True,TACTCATCAGTAAGCG-1_contig_2,True,549,TRA,TRAV8N-2,None,TRAJ13,TRAC,True,True,CATEDSGTYQRF,TGTGCTACTGAGGATTCTGGGACTTACCAGAGGTTT,30782,20,clonotype4,clonotype4_consensus_1
TACTCATCAGTAAGCG-1,True,TACTCATCAGTAAGCG-1_contig_3,True,565,TRB,TRBV12-2+TRBV13-2,None,TRBJ2-7,None,True,True,CASGTGGDYEQYF,TGTGCCAGCGGGACTGGGGGGGACTATGAACAGTACTTC,20068,31,clonotype4,clonotype4_consensus_3
TACTCATGTTATTCTC-1,True,TACTCATGTTATTCTC-1_contig_1,True,571,TRB,TRBV12-2+TRBV13-2,None,TRBJ2-7,None,True,True,CASGAGGAVEQYF,TGTGCCAGCGGTGCTGGGGGGGCGGTTGAACAGTACTTC,3320,3,clonotype486,clonotype486_consensus_1
TACTCATTCGGCTACG-1,True,TACTCATTCGGCTACG-1_contig_1,True,580,TRA,TRAV6-6,None,TRAJ24,TRAC,True,True,CAPLTTASLGKLQF,TGTGCTCCGTTGACAACTGCCAGTTTGGGGAAACTGCAGTTT,2398,1,clonotype3,clonotype3_consensus_2
TACTCATTCGGCTACG-1,True,TACTCATTCGGCTACG-1_contig_2,True,503,TRB,TRBV13-1,None,TRBJ2-4,None,True,True,CASSEGTNTLYF,TGTGCCAGCAGTGAAGGAACAAACACCTTGTACTTT,16266,11,clonotype3,clonotype3_consensus_1
TACTCATTCGGCTACG-1,True,TACTCATTCGGCTACG-1_contig_3,True,717,TRA,TRAV9D-2,None,TRAJ26,TRAC,True,True,CVLSRGNNYAQGLTF,TGTGTTCTGAGCAGGGGCAATAACTATGCCCAGGGATTAACCTTC,1708,1,clonotype3,clonotype3_consensus_3
TACTCATTCTGTTGAG-1,True,TACTCATTCTGTTGAG-1_contig_1,True,594,TRA,TRAV7-4,None,TRAJ27,TRAC,True,True,CAASEDANTGKLTF,TGTGCAGCTAGTGAGGACGCCAATACAGGCAAATTAACCTTT,364,3,clonotype487,clonotype487_consensus_2
TACTCATTCTGTTGAG-1,True,TACTCATTCTGTTGAG-1_contig_2,True,512,TRB,TRBV13-1,None,TRBJ2-1,None,True,True,CASGGAYAEQFF,TGTGCCAGCGGGGGGGCGTATGCTGAGCAGTTCTTC,3556,2,clonotype487,clonotype487_consensus_1
TACTCATTCTTACCTA-1,True,TACTCATTCTTACCTA-1_contig_1,True,561,TRB,TRBV12-2+TRBV13-2,None,TRBJ1-2,TRBC1,True,True,CASGGGTGNSDYTF,TGTGCCAGCGGTGGGGGGACAGGGAACTCCGACTACACCTTC,2168,4,clonotype7,clonotype7_consensus_1
TACTCGCAGTGTCTCA-1,True,TACTCGCAGTGTCTCA-1_contig_1,True,512,TRB,TRBV13-1,None,TRBJ2-4,None,True,True,CASSEGTNTLYF,TGTGCCAGCAGTGAAGGAACAAACACCTTGTACTTT,8024,8,clonotype6,clonotype6_consensus_1
TACTCGCCAAGCCCAC-1,True,TACTCGCCAAGCCCAC-1_contig_1,True,549,TRB,TRBV16,None,TRBJ2-5,None,True,True,CASSLGGGQDTQYF,TGTGCAAGCAGCTTAGGGGGGGGCCAAGACACCCAGTACTTT,4228,3,clonotype15,clonotype15_consensus_1
TACTCGCCAAGCCCAC-1,True,TACTCGCCAAGCCCAC-1_contig_2,True,559,TRA,TRAV4D-3,None,TRAJ27,TRAC,True,True,CAADGPNTGKLTF,TGTGCTGCGGACGGACCCAATACAGGCAAATTAACCTTT,3050,3,clonotype15,clonotype15_consensus_2
TACTTACAGGTCGGAT-1,True,TACTTACAGGTCGGAT-1_contig_1,True,549,TRB,TRBV16,None,TRBJ2-5,None,True,True,CASSFGGGEDTQYF,TGTGCAAGCAGCTTTGGGGGGGGGGAAGACACCCAGTACTTT,2522,4,clonotype40,clonotype40_consensus_2
TACTTACAGGTCGGAT-1,True,TACTTACAGGTCGGAT-1_contig_2,True,509,TRA,TRAV16,None,TRAJ49,TRAC,True,True,CAMRESNTGYQNFYF,TGTGCTATGAGAGAGTCGAACACGGGTTACCAGAACTTCTATTTT,1950,2,clonotype40,clonotype40_consensus_1
TACTTACGTCTAAAGA-1,True,TACTTACGTCTAAAGA-1_contig_1,True,498,TRA,TRAV1,None,TRAJ12,TRAC,True,True,CAVRDRAGGYKVVF,TGTGCTGTGAGGGATCGGGCTGGAGGCTATAAAGTGGTCTTT,35704,23,clonotype146,clonotype146_consensus_3
TACTTACGTCTAAAGA-1,True,TACTTACGTCTAAAGA-1_contig_2,True,529,TRA,TRAV8D-1,None,TRAJ6,TRAC,True,True,CATDAPTGNYKPTF,TGTGCTACTGATGCACCCACCGGAAACTACAAACCTACGTTT,8732,7,clonotype146,clonotype146_consensus_2
TACTTACGTCTAAAGA-1,True,TACTTACGTCTAAAGA-1_contig_3,True,515,TRB,TRBV13-1,None,TRBJ2-1,None,True,True,CASGGGDYAEQFF,TGTGCCAGCGGGGGGGGAGACTATGCTGAGCAGTTCTTC,12388,9,clonotype146,clonotype146_consensus_1
TACTTACTCCCAGGTG-1,True,TACTTACTCCCAGGTG-1_contig_1,True,568,TRB,TRBV12-2+TRBV13-2,None,TRBJ1-2,TRBC1,True,True,CASGGGTGNSDYTF,TGTGCCAGCGGTGGGGGGACAGGGAACTCCGACTACACCTTC,9694,8,clonotype7,clonotype7_consensus_1
TACTTACTCCCAGGTG-1,True,TACTTACTCCCAGGTG-1_contig_2,True,371,TRA,None,None,TRAJ32,TRAC,False,False,None,None,1246,2,clonotype7,None
TACTTACTCCCAGGTG-1,True,TACTTACTCCCAGGTG-1_contig_3,True,507,TRA,TRAV7-5,None,TRAJ45,TRAC,True,False,CSDTEGADRLTF,TGCAGTGATACAGAAGGTGCAGATAGACTCACCTTT,2748,1,clonotype7,None
TACTTACTCCTAGGGC-1,True,TACTTACTCCTAGGGC-1_contig_1,True,564,TRB,TRBV12-1,None,TRBJ2-5,None,True,True,CASSPRDWDQDTQYF,TGTGCCAGCTCTCCTCGGGACTGGGACCAAGACACCCAGTACTTT,7412,5,clonotype488,clonotype488_consensus_1
TACTTACTCCTAGGGC-1,True,TACTTACTCCTAGGGC-1_contig_2,True,459,TRA,TRAV16N,None,TRAJ37,None,True,False,CYESLTGNTGKLIF,TGCTATGAGAGTTTAACAGGCAATACCGGAAAACTCATCTTT,82,1,clonotype488,None
TACTTGTAGCGCCTCA-1,True,TACTTGTAGCGCCTCA-1_contig_1,True,564,TRA,TRAV6-6,None,TRAJ24,TRAC,True,True,CAPLTTASLGKLQF,TGTGCTCCGTTGACAACTGCCAGTTTGGGGAAACTGCAGTTT,10282,6,clonotype3,clonotype3_consensus_2
TACTTGTAGCGCCTCA-1,True,TACTTGTAGCGCCTCA-1_contig_2,True,505,TRB,TRBV13-1,None,TRBJ2-4,None,True,True,CASSEGTNTLYF,TGTGCCAGCAGTGAAGGAACAAACACCTTGTACTTT,48260,37,clonotype3,clonotype3_consensus_1
TACTTGTAGCGCCTCA-1,True,TACTTGTAGCGCCTCA-1_contig_3,True,704,TRA,TRAV9D-2,None,TRAJ26,TRAC,True,True,CVLSRGNNYAQGLTF,TGTGTTCTGAGCAGGGGCAATAACTATGCCCAGGGATTAACCTTC,9532,6,clonotype3,clonotype3_consensus_3
TACTTGTAGCGCCTCA-1,True,TACTTGTAGCGCCTCA-1_contig_4,True,451,TRB,TRBV13-2,None,TRBJ2-5,None,True,False,CASGDW,TGTGCCAGCGGTGACTGG,958,1,clonotype3,None
TACTTGTGTAGGCTGA-1,True,TACTTGTGTAGGCTGA-1_contig_1,True,549,TRB,TRBV16,None,TRBJ2-5,None,True,True,CASSFGGAPDTQYF,TGTGCAAGCAGCTTTGGGGGGGCGCCAGACACCCAGTACTTT,9098,7,clonotype17,clonotype17_consensus_2
TACTTGTGTAGGCTGA-1,True,TACTTGTGTAGGCTGA-1_contig_2,True,564,TRA,TRAV14-2,None,TRAJ49,TRAC,True,True,CAAQGYQNFYF,TGTGCAGCACAGGGTTACCAGAACTTCTATTTT,6116,5,clonotype17,clonotype17_consensus_3
TACTTGTGTAGGCTGA-1,True,TACTTGTGTAGGCTGA-1_contig_3,True,561,TRA,TRAV4D-4,None,TRAJ45,TRAC,True,True,CAAYTEGADRLTF,TGTGCTGCCTATACAGAAGGTGCAGATAGACTCACCTTT,5198,4,clonotype17,clonotype17_consensus_1
TACTTGTGTCAATACC-1,True,TACTTGTGTCAATACC-1_contig_1,True,555,TRA,TRAV7-3,None,TRAJ38,TRAC,True,True,CAVSAANVGDNSKLIW,TGTGCAGTGAGCGCGGCGAATGTTGGTGACAACAGTAAGCTGATTTGG,2116,2,clonotype21,clonotype21_consensus_3
TACTTGTGTCAATACC-1,True,TACTTGTGTCAATACC-1_contig_2,True,512,TRB,TRBV13-1,None,TRBJ2-7,None,True,True,CASSGGHLEQYF,TGTGCCAGCAGTGGGGGACACCTTGAACAGTACTTC,11062,11,clonotype21,clonotype21_consensus_2
TACTTGTGTCAATACC-1,True,TACTTGTGTCAATACC-1_contig_3,True,522,TRA,TRAV7N-6,None,TRAJ34,TRAC,True,True,CAISSNTNKVVF,TGTGCAATTTCTTCCAATACCAACAAAGTCGTCTTT,2194,2,clonotype21,clonotype21_consensus_1
TACTTGTGTCCAAGTT-1,True,TACTTGTGTCCAAGTT-1_contig_1,True,556,TRA,TRAV8-1,None,TRAJ30,TRAC,True,True,CATDTNAYKVIF,TGTGCTACTGACACAAATGCTTACAAAGTCATCTTT,9166,9,clonotype13,clonotype13_consensus_1
TACTTGTGTCCAAGTT-1,True,TACTTGTGTCCAAGTT-1_contig_2,True,598,TRB,TRBV12-2+TRBV13-2,None,TRBJ1-5,TRBC1,True,True,CASGTGDNQAPLF,TGTGCCAGCGGGACAGGGGACAACCAGGCTCCGCTTTTT,26902,29,clonotype13,clonotype13_consensus_2
TACTTGTGTCCAAGTT-1,True,TACTTGTGTCCAAGTT-1_contig_3,True,420,TRB,None,None,TRBJ2-7,None,False,False,None,None,33448,24,clonotype13,None
TACTTGTGTCCAAGTT-1,True,TACTTGTGTCCAAGTT-1_contig_4,True,718,TRB,None,None,TRBJ2-4,None,False,False,None,None,7058,8,clonotype13,None
TACTTGTGTTCCCTTG-1,True,TACTTGTGTTCCCTTG-1_contig_1,True,601,TRB,TRBV20,None,TRBJ1-6,TRBC1,True,True,CADRSYNSPLYF,TGTGCCGACAGGTCCTATAATTCGCCCCTCTACTTT,2484,2,clonotype132,clonotype132_consensus_1
TACTTGTTCGTAGGTT-1,True,TACTTGTTCGTAGGTT-1_contig_1,True,556,TRA,TRAV19,None,TRAJ39,TRAC,True,True,CAAGGNNAGAKLTF,TGCGCAGCAGGTGGGAATAATGCAGGTGCCAAGCTCACATTC,8330,5,clonotype1,clonotype1_consensus_2
TACTTGTTCGTAGGTT-1,True,TACTTGTTCGTAGGTT-1_contig_2,True,567,TRB,TRBV12-2+TRBV13-2,None,TRBJ1-2,TRBC1,True,True,CASGGGTGNSDYTF,TGTGCCAGCGGTGGGGGGACAGGGAACTCCGACTACACCTTC,3906,5,clonotype1,clonotype1_consensus_1
TACTTGTTCGTAGGTT-1,True,TACTTGTTCGTAGGTT-1_contig_3,True,335,TRB,None,None,TRBJ2-1,None,False,False,None,None,2608,1,clonotype1,None
TAGACCAAGTGGTAGC-1,True,TAGACCAAGTGGTAGC-1_contig_1,True,540,TRA,TRAV8-1,None,TRAJ30,TRAC,True,True,CATDTNAYKVIF,TGTGCTACTGACACAAATGCTTACAAAGTCATCTTT,2738,3,clonotype14,clonotype14_consensus_1
TAGACCAAGTGGTAGC-1,True,TAGACCAAGTGGTAGC-1_contig_2,True,581,TRB,TRBV12-2+TRBV13-2,None,TRBJ1-5,TRBC1,True,True,CASGTGDNQAPLF,TGTGCCAGCGGTACAGGGGACAACCAGGCTCCGCTTTTT,16292,13,clonotype14,clonotype14_consensus_2
TAGACCAAGTGGTAGC-1,True,TAGACCAAGTGGTAGC-1_contig_3,True,567,TRA,TRAV3-3,None,TRAJ37,TRAC,True,False,None,None,580,3,clonotype14,None
TAGACCAAGTGTTTGC-1,True,TAGACCAAGTGTTTGC-1_contig_1,True,505,TRB,TRBV13-1,None,TRBJ2-4,None,True,True,CASSEGTNTLYF,TGTGCCAGCAGTGAAGGAACAAACACCTTGTACTTT,1950,2,clonotype6,clonotype6_consensus_1
TAGACCACAGCTGCTG-1,True,TAGACCACAGCTGCTG-1_contig_1,True,498,TRA,TRAV1,None,TRAJ12,TRAC,True,True,CAVRDRAGGYKVVF,TGTGCTGTGAGGGATCGGGCTGGAGGCTATAAAGTGGTCTTT,15774,11,clonotype146,clonotype146_consensus_3
TAGACCACAGCTGCTG-1,True,TAGACCACAGCTGCTG-1_contig_2,True,529,TRA,TRAV8D-1,None,TRAJ6,TRAC,True,True,CATDAPTGNYKPTF,TGTGCTACTGATGCACCCACCGGAAACTACAAACCTACGTTT,17738,12,clonotype146,clonotype146_consensus_2
TAGACCACAGCTGCTG-1,True,TAGACCACAGCTGCTG-1_contig_3,True,515,TRB,TRBV13-1,None,TRBJ2-1,None,True,True,CASGGGDYAEQFF,TGTGCCAGCGGGGGGGGAGACTATGCTGAGCAGTTCTTC,41058,42,clonotype146,clonotype146_consensus_1
TAGACCACAGCTGCTG-1,True,TAGACCACAGCTGCTG-1_contig_4,True,443,TRB,TRBV13-2,None,TRBJ2-1,None,True,False,CASGGGDYAEQFF,TGTGCCAGCGGGGGGGGAGACTATGCTGAGCAGTTCTTC,1678,1,clonotype146,clonotype146_consensus_1
TAGACCAGTGATGCCC-1,True,TAGACCAGTGATGCCC-1_contig_1,True,541,TRA,TRAV8D-1,None,TRAJ30,TRAC,True,True,CATDTNAYKVIF,TGTGCTACTGACACAAATGCTTACAAAGTCATCTTT,1048,1,clonotype13,clonotype13_consensus_1
TAGACCAGTGATGCCC-1,True,TAGACCAGTGATGCCC-1_contig_2,True,632,TRB,TRBV12-2+TRBV13-2,None,TRBJ1-5,TRBC1,True,True,CASGTGDNQAPLF,TGTGCCAGCGGGACAGGGGACAACCAGGCTCCGCTTTTT,9194,7,clonotype13,clonotype13_consensus_2
TAGACCAGTGATGCCC-1,True,TAGACCAGTGATGCCC-1_contig_3,True,385,TRB,None,None,TRBJ2-7,None,False,False,None,None,1428,2,clonotype13,None
TAGACCAGTGATGCCC-1,True,TAGACCAGTGATGCCC-1_contig_4,True,333,TRB,None,None,TRBJ2-1,None,False,False,None,None,10048,5,clonotype13,None
TAGACCATCGAACTGT-1,True,TAGACCATCGAACTGT-1_contig_1,True,525,TRA,TRAV14N-3,None,TRAJ6,TRAC,True,True,CAARTSGGNYKPTF,TGTGCAGCAAGAACCTCAGGAGGAAACTACAAACCTACGTTT,7916,5,clonotype4,clonotype4_consensus_2
TAGACCATCGAACTGT-1,True,TAGACCATCGAACTGT-1_contig_2,True,549,TRA,TRAV8N-2,None,TRAJ13,TRAC,True,True,CATEDSGTYQRF,TGTGCTACTGAGGATTCTGGGACTTACCAGAGGTTT,8164,4,clonotype4,clonotype4_consensus_1
TAGACCATCGAACTGT-1,True,TAGACCATCGAACTGT-1_contig_3,True,565,TRB,TRBV12-2+TRBV13-2,None,TRBJ2-7,None,True,True,CASGTGGDYEQYF,TGTGCCAGCGGGACTGGGGGGGACTATGAACAGTACTTC,14092,23,clonotype4,clonotype4_consensus_3
TAGAGCTAGATGTGGC-1,True,TAGAGCTAGATGTGGC-1_contig_1,True,557,TRA,TRAV16D-DV11,None,TRAJ26,TRAC,True,True,CAMREENNYAQGLTF,TGTGCTATGAGAGAGGAAAATAACTATGCCCAGGGATTAACCTTC,6760,3,clonotype12,clonotype12_consensus_2
TAGAGCTAGATGTGGC-1,True,TAGAGCTAGATGTGGC-1_contig_2,True,512,TRB,TRBV13-1,None,TRBJ2-3,None,True,True,CASGDSAETLYF,TGTGCCAGCGGGGACAGTGCAGAAACGCTGTATTTT,11706,12,clonotype12,clonotype12_consensus_1
TAGAGCTAGATGTGGC-1,True,TAGAGCTAGATGTGGC-1_contig_3,True,567,TRA,TRAV3D-3,None,TRAJ28,TRAC,True,False,CTSAQSVRGTGSNRLTF,TGTACTTCTGCGCAGTCAGTGAGGGGCACTGGGAGTAACAGGCTCACTTTT,5568,4,clonotype12,None
TAGAGCTCACGGCCAT-1,True,TAGAGCTCACGGCCAT-1_contig_1,True,558,TRA,TRAV19,None,TRAJ39,TRAC,True,True,CAAGGNNAGAKLTF,TGCGCAGCAGGTGGGAATAATGCAGGTGCCAAGCTCACATTC,19520,11,clonotype1,clonotype1_consensus_2
TAGAGCTCACGGCCAT-1,True,TAGAGCTCACGGCCAT-1_contig_2,True,568,TRB,TRBV12-2+TRBV13-2,None,TRBJ1-2,TRBC1,True,True,CASGGGTGNSDYTF,TGTGCCAGCGGTGGGGGGACAGGGAACTCCGACTACACCTTC,30884,31,clonotype1,clonotype1_consensus_1
TAGAGCTCACGGCCAT-1,True,TAGAGCTCACGGCCAT-1_contig_3,True,497,TRA,TRAV7-5,None,TRAJ45,TRAC,True,False,CSDTEGADRLTF,TGCAGTGATACAGAAGGTGCAGATAGACTCACCTTT,1000,1,clonotype1,None
TAGAGCTCACGGCCAT-1,True,TAGAGCTCACGGCCAT-1_contig_4,True,333,TRB,None,None,TRBJ2-1,None,False,False,None,None,10260,9,clonotype1,None
TAGAGCTGTAGGGACT-1,True,TAGAGCTGTAGGGACT-1_contig_1,True,555,TRA,TRAV3-3,None,TRAJ49,TRAC,True,True,CAVSGSTGYQNFYF,TGCGCAGTCAGTGGGAGCACGGGTTACCAGAACTTCTATTTT,5092,4,clonotype5,clonotype5_consensus_1
TAGAGCTGTAGGGACT-1,True,TAGAGCTGTAGGGACT-1_contig_2,True,560,TRB,TRBV12-2+TRBV13-2,None,TRBJ2-7,None,True,True,CASGVQGWEQYF,TGTGCCAGCGGTGTACAGGGGTGGGAACAGTACTTC,3926,4,clonotype5,clonotype5_consensus_2
TAGAGCTGTAGGGACT-1,True,TAGAGCTGTAGGGACT-1_contig_3,True,528,TRA,TRAV6D-5,None,TRAJ38,TRAC,True,False,CTTVFWDNVGDNSKLIW,TGTACTACTGTGTTCTGGGATAATGTTGGTGACAACAGTAAGCTGATTTGG,2328,2,clonotype5,None
TAGCCGGGTCACTTCC-1,True,TAGCCGGGTCACTTCC-1_contig_1,True,555,TRA,TRAV3-3,None,TRAJ49,TRAC,True,True,CAVSGSTGYQNFYF,TGCGCAGTCAGTGGGAGCACGGGTTACCAGAACTTCTATTTT,19782,14,clonotype5,clonotype5_consensus_1
TAGCCGGGTCACTTCC-1,True,TAGCCGGGTCACTTCC-1_contig_2,True,593,TRB,TRBV12-2+TRBV13-2,None,TRBJ2-7,None,True,True,CASGVQGWEQYF,TGTGCCAGCGGTGTACAGGGGTGGGAACAGTACTTC,22434,23,clonotype5,clonotype5_consensus_2
TAGCCGGGTCACTTCC-1,True,TAGCCGGGTCACTTCC-1_contig_3,True,562,TRA,TRAV6D-5,None,TRAJ38,TRAC,True,False,CTTVFWDNVGDNSKLIW,TGTACTACTGTGTTCTGGGATAATGTTGGTGACAACAGTAAGCTGATTTGG,13198,6,clonotype5,None
TAGCCGGGTCACTTCC-1,True,TAGCCGGGTCACTTCC-1_contig_4,True,856,TRB,None,None,TRBJ1-5,TRBC1,False,False,None,None,998,1,clonotype5,None
TAGCCGGGTGAAATCA-1,True,TAGCCGGGTGAAATCA-1_contig_1,True,549,TRA,TRAV8N-2,None,TRAJ13,TRAC,True,True,CATEDSGTYQRF,TGTGCTACTGAGGATTCTGGGACTTACCAGAGGTTT,10954,7,clonotype36,clonotype36_consensus_1
TAGCCGGGTGAAATCA-1,True,TAGCCGGGTGAAATCA-1_contig_2,True,569,TRB,TRBV12-2+TRBV13-2,None,TRBJ2-7,None,True,True,CASGTGGDYEQYF,TGTGCCAGCGGGACTGGGGGGGACTATGAACAGTACTTC,16296,21,clonotype36,clonotype36_consensus_2
TAGCCGGGTGAAATCA-1,True,TAGCCGGGTGAAATCA-1_contig_3,True,406,TRA,None,None,TRAJ26,TRAC,False,False,None,None,1370,2,clonotype36,None
TAGCCGGTCATGGTCA-1,True,TAGCCGGTCATGGTCA-1_contig_1,True,535,TRA,TRAV8-1,None,TRAJ48,TRAC,True,True,CATDGNEKITF,TGTGCTACTGATGGAAATGAGAAAATAACTTTT,4558,4,clonotype55,clonotype55_consensus_2
TAGCCGGTCATGGTCA-1,True,TAGCCGGTCATGGTCA-1_contig_2,True,566,TRB,TRBV12-2+TRBV13-2,None,TRBJ2-1,None,True,True,CASGAGDYAEQFF,TGTGCCAGCGGTGCTGGGGACTATGCTGAGCAGTTCTTC,1712,2,clonotype55,clonotype55_consensus_1
TAGGCATCACAGCCCA-1,True,TAGGCATCACAGCCCA-1_contig_1,True,559,TRB,TRBV12-2+TRBV13-2,None,TRBJ2-1,None,True,True,CASGAGAEQFF,TGTGCCAGCGGGGCGGGGGCTGAGCAGTTCTTC,2118,2,clonotype164,clonotype164_consensus_1
TAGGCATCACAGCCCA-1,True,TAGGCATCACAGCCCA-1_contig_2,True,725,TRA,TRAV9N-4,None,TRAJ26,TRAC,True,False,CSENYAQGLTF,TGCTCTGAGAACTATGCCCAGGGATTAACCTTC,4408,3,clonotype164,None
TAGGCATCAGCCTATA-1,True,TAGGCATCAGCCTATA-1_contig_1,True,507,TRB,TRBV31,None,TRBJ2-4,None,True,True,CAWDNQNTLYF,TGTGCCTGGGACAATCAAAACACCTTGTACTTT,15536,9,clonotype113,clonotype113_consensus_3
TAGGCATCAGCCTATA-1,True,TAGGCATCAGCCTATA-1_contig_2,True,579,TRB,TRBV12-2+TRBV13-2,None,TRBJ2-4,None,True,True,CASGTGDTLYF,TGTGCCAGCGGTACGGGCGACACCTTGTACTTT,13192,12,clonotype113,clonotype113_consensus_2
TAGGCATCAGCCTATA-1,True,TAGGCATCAGCCTATA-1_contig_3,True,522,TRA,TRAV6-6,None,TRAJ22,TRAC,True,True,CALGEGPSGSWQLIF,TGTGCTCTGGGTGAGGGGCCTTCTGGCAGCTGGCAACTCATCTTT,6938,5,clonotype113,clonotype113_consensus_1
TAGGCATCAGCTGCTG-1,True,TAGGCATCAGCTGCTG-1_contig_1,True,561,TRA,TRAV4-3,None,TRAJ32,TRAC,True,True,CAAEPGGSSGNKLIF,TGTGCTGCTGAACCGGGGGGGAGCAGTGGCAACAAGCTCATCTTT,7356,4,clonotype205,clonotype205_consensus_1
TAGGCATCAGCTGCTG-1,True,TAGGCATCAGCTGCTG-1_contig_2,True,570,TRB,TRBV12-1,None,TRBJ2-7,None,True,True,CASSRNSGTGGVEQYF,TGTGCCAGCTCTCGGAATTCCGGGACTGGGGGGGTTGAACAGTACTTC,1244,1,clonotype205,clonotype205_consensus_2
TAGGCATCAGCTGCTG-1,True,TAGGCATCAGCTGCTG-1_contig_3,True,385,TRB,None,None,TRBJ2-5,None,False,False,None,None,2134,4,clonotype205,None
TAGGCATCATCATCCC-1,True,TAGGCATCATCATCCC-1_contig_1,True,555,TRA,TRAV3-3,None,TRAJ49,TRAC,True,True,CAVSGATGYQNFYF,TGCGCAGTCAGTGGGGCCACGGGTTACCAGAACTTCTATTTT,6382,3,clonotype489,clonotype489_consensus_1
TAGGCATCATCGGTTA-1,True,TAGGCATCATCGGTTA-1_contig_1,True,643,TRA,TRAV3-1,None,TRAJ22,TRAC,True,True,CAVWSGSWQLIF,TGCGCAGTCTGGTCTGGCAGCTGGCAACTCATCTTT,1946,1,clonotype81,clonotype81_consensus_1
TAGGCATCATCGGTTA-1,True,TAGGCATCATCGGTTA-1_contig_2,True,585,TRB,TRBV12-2+TRBV13-2,None,TRBJ2-7,None,True,True,CASGAGGAVEQYF,TGTGCCAGCGGTGCTGGGGGGGCGGTTGAACAGTACTTC,2652,2,clonotype81,clonotype81_consensus_2
TAGGCATCATGCATGT-1,True,TAGGCATCATGCATGT-1_contig_1,True,514,TRA,TRAV6-6,None,TRAJ24,TRAC,True,True,CAPLTTASLGKLQF,TGTGCTCCGTTGACAACTGCCAGTTTGGGGAAACTGCAGTTT,692,1,clonotype2,clonotype2_consensus_2
TAGGCATCATGCATGT-1,True,TAGGCATCATGCATGT-1_contig_2,True,504,TRB,TRBV13-1,None,TRBJ2-4,None,True,True,CASSEGTNTLYF,TGTGCCAGCAGTGAAGGAACAAACACCTTGTACTTT,4054,4,clonotype2,clonotype2_consensus_1
TAGGCATCATGCATGT-1,True,TAGGCATCATGCATGT-1_contig_3,True,1002,TRA,TRAV10D,None,TRAJ24,TRAC,True,False,None,None,392,1,clonotype2,None
TAGGCATGTTAGGGTG-1,True,TAGGCATGTTAGGGTG-1_contig_1,True,609,TRB,TRBV12-2+TRBV13-2,None,TRBJ2-7,None,True,True,CASGAGGDYEQYF,TGTGCCAGCGGTGCTGGGGGGGACTATGAACAGTACTTC,3174,3,clonotype106,clonotype106_consensus_1
TAGGCATTCGACCAGC-1,True,TAGGCATTCGACCAGC-1_contig_1,True,549,TRB,TRBV16,None,TRBJ2-5,None,True,True,CASSLGGGQDTQYF,TGTGCAAGCAGCTTAGGGGGGGGCCAAGACACCCAGTACTTT,29176,24,clonotype8,clonotype8_consensus_1
TAGGCATTCGACCAGC-1,True,TAGGCATTCGACCAGC-1_contig_2,True,593,TRA,TRAV4D-3,None,TRAJ27,TRAC,True,True,CAADGPNTGKLTF,TGTGCTGCGGACGGACCCAATACAGGCAAATTAACCTTT,13390,7,clonotype8,clonotype8_consensus_2
TAGGCATTCGACCAGC-1,True,TAGGCATTCGACCAGC-1_contig_3,True,525,TRA,TRAV7N-6,None,TRAJ30,TRAC,True,True,CAVVDTNAYKVIF,TGTGCAGTGGTTGACACAAATGCTTACAAAGTCATCTTT,2242,3,clonotype8,clonotype8_consensus_3
TAGTGGTAGACTAGAT-1,True,TAGTGGTAGACTAGAT-1_contig_1,True,523,TRA,TRAV14N-3,None,TRAJ6,TRAC,True,True,CAARTSGGNYKPTF,TGTGCAGCAAGAACCTCAGGAGGAAACTACAAACCTACGTTT,4344,3,clonotype4,clonotype4_consensus_2
TAGTGGTAGACTAGAT-1,True,TAGTGGTAGACTAGAT-1_contig_2,True,549,TRA,TRAV8N-2,None,TRAJ13,TRAC,True,True,CATEDSGTYQRF,TGTGCTACTGAGGATTCTGGGACTTACCAGAGGTTT,17518,10,clonotype4,clonotype4_consensus_1
TAGTGGTAGACTAGAT-1,True,TAGTGGTAGACTAGAT-1_contig_3,True,587,TRB,TRBV12-2+TRBV13-2,None,TRBJ2-7,None,True,True,CASGTGGDYEQYF,TGTGCCAGCGGGACTGGGGGGGACTATGAACAGTACTTC,17338,16,clonotype4,clonotype4_consensus_3
TAGTGGTAGAGTAATC-1,True,TAGTGGTAGAGTAATC-1_contig_1,True,556,TRA,TRAV19,None,TRAJ39,TRAC,True,True,CAAGGNNAGAKLTF,TGCGCAGCAGGTGGGAATAATGCAGGTGCCAAGCTCACATTC,6510,5,clonotype1,clonotype1_consensus_2
TAGTGGTAGAGTAATC-1,True,TAGTGGTAGAGTAATC-1_contig_2,True,568,TRB,TRBV12-2+TRBV13-2,None,TRBJ1-2,TRBC1,True,True,CASGGGTGNSDYTF,TGTGCCAGCGGTGGGGGGACAGGGAACTCCGACTACACCTTC,10822,11,clonotype1,clonotype1_consensus_1
TAGTGGTCATACGCCG-1,True,TAGTGGTCATACGCCG-1_contig_1,True,524,TRA,TRAV14N-3,None,TRAJ6,TRAC,True,True,CAARTSGGNYKPTF,TGTGCAGCAAGAACCTCAGGAGGAAACTACAAACCTACGTTT,10768,7,clonotype4,clonotype4_consensus_2
TAGTGGTCATACGCCG-1,True,TAGTGGTCATACGCCG-1_contig_2,True,549,TRA,TRAV8N-2,None,TRAJ13,TRAC,True,True,CATEDSGTYQRF,TGTGCTACTGAGGATTCTGGGACTTACCAGAGGTTT,14556,8,clonotype4,clonotype4_consensus_1
TAGTGGTCATACGCCG-1,True,TAGTGGTCATACGCCG-1_contig_3,True,600,TRB,TRBV12-2+TRBV13-2,None,TRBJ2-7,None,True,True,CASGTGGDYEQYF,TGTGCCAGCGGGACTGGGGGGGACTATGAACAGTACTTC,11928,15,clonotype4,clonotype4_consensus_3
TAGTGGTGTCTTGATG-1,True,TAGTGGTGTCTTGATG-1_contig_1,True,514,TRA,TRAV19,None,TRAJ39,TRAC,True,True,CAAGGNNAGAKLTF,TGCGCAGCAGGTGGGAATAATGCAGGTGCCAAGCTCACATTC,996,3,clonotype1,clonotype1_consensus_2
TAGTGGTGTCTTGATG-1,True,TAGTGGTGTCTTGATG-1_contig_2,True,572,TRB,TRBV12-2+TRBV13-2,None,TRBJ1-2,TRBC1,True,True,CASGGGTGNSDYTF,TGTGCCAGCGGTGGGGGGACAGGGAACTCCGACTACACCTTC,9386,7,clonotype1,clonotype1_consensus_1
TAGTGGTGTCTTGATG-1,True,TAGTGGTGTCTTGATG-1_contig_3,True,344,TRB,None,None,TRBJ2-7,None,False,False,None,None,1296,2,clonotype1,None
TAGTGGTGTGCCTTGG-1,True,TAGTGGTGTGCCTTGG-1_contig_1,True,507,TRA,TRAV21-DV12,None,TRAJ42,TRAC,True,True,CILRVHGGSNAKLTF,TGTATCCTGAGAGTCCATGGAGGAAGCAATGCAAAGCTAACCTTC,3892,3,clonotype72,clonotype72_consensus_1
TAGTGGTGTGCCTTGG-1,True,TAGTGGTGTGCCTTGG-1_contig_2,True,560,TRB,TRBV12-2+TRBV13-2,None,TRBJ2-7,None,True,True,CASGVQGEQYF,TGTGCCAGCGGTGTTCAGGGAGAACAGTACTTC,3578,4,clonotype72,clonotype72_consensus_2
TAGTGGTGTTGTGGAG-1,True,TAGTGGTGTTGTGGAG-1_contig_1,True,520,TRA,TRAV7D-2,None,TRAJ31,TRAC,True,True,CAASIEDSNNRIFF,TGTGCAGCAAGCATAGAGGATAGCAATAACAGAATCTTCTTT,9134,5,clonotype116,clonotype116_consensus_1
TAGTGGTGTTGTGGAG-1,True,TAGTGGTGTTGTGGAG-1_contig_2,True,502,TRB,TRBV13-1,None,TRBJ2-2,None,True,True,CASSDPGQLYF,TGTGCCAGCAGTGACCCCGGGCAGCTCTACTTT,24762,18,clonotype116,clonotype116_consensus_2
TAGTGGTTCCGTCATC-1,True,TAGTGGTTCCGTCATC-1_contig_1,True,651,TRA,TRAV14N-3,None,TRAJ6,TRAC,True,True,CAARTSGGNYKPTF,TGTGCAGCAAGAACCTCAGGAGGAAACTACAAACCTACGTTT,11378,7,clonotype4,clonotype4_consensus_2
TAGTGGTTCCGTCATC-1,True,TAGTGGTTCCGTCATC-1_contig_2,True,549,TRA,TRAV8N-2,None,TRAJ13,TRAC,True,True,CATEDSGTYQRF,TGTGCTACTGAGGATTCTGGGACTTACCAGAGGTTT,16684,11,clonotype4,clonotype4_consensus_1
TAGTGGTTCCGTCATC-1,True,TAGTGGTTCCGTCATC-1_contig_3,True,600,TRB,TRBV12-2+TRBV13-2,None,TRBJ2-7,None,True,True,CASGTGGDYEQYF,TGTGCCAGCGGGACTGGGGGGGACTATGAACAGTACTTC,11454,17,clonotype4,clonotype4_consensus_3
TAGTTGGAGAGTACCG-1,True,TAGTTGGAGAGTACCG-1_contig_1,True,558,TRA,TRAV19,None,TRAJ39,TRAC,True,True,CAAGGNNAGAKLTF,TGCGCAGCAGGTGGGAATAATGCAGGTGCCAAGCTCACATTC,11494,8,clonotype1,clonotype1_consensus_2
TAGTTGGAGAGTACCG-1,True,TAGTTGGAGAGTACCG-1_contig_2,True,589,TRB,TRBV12-2+TRBV13-2,None,TRBJ1-2,TRBC1,True,True,CASGGGTGNSDYTF,TGTGCCAGCGGTGGGGGGACAGGGAACTCCGACTACACCTTC,15416,14,clonotype1,clonotype1_consensus_1
TAGTTGGAGAGTACCG-1,True,TAGTTGGAGAGTACCG-1_contig_3,True,377,TRB,None,None,TRBJ1-6,TRBC1,False,False,None,None,4122,2,clonotype1,None
TAGTTGGAGAGTACCG-1,True,TAGTTGGAGAGTACCG-1_contig_4,True,631,TRB,None,None,TRBJ2-7,None,False,False,None,None,4518,4,clonotype1,None
TAGTTGGAGCGATATA-1,True,TAGTTGGAGCGATATA-1_contig_1,True,540,TRA,TRAV16D-DV11,None,TRAJ9,TRAC,True,True,CAMRESNMGYKLTF,TGTGCTATGAGAGAGAGCAACATGGGCTACAAACTTACCTTC,2322,4,clonotype66,clonotype66_consensus_1
TAGTTGGAGCGATATA-1,True,TAGTTGGAGCGATATA-1_contig_2,True,525,TRB,TRBV17,None,TRBJ2-5,None,True,True,CASSRKGAQDTQYF,TGTGCTAGCAGTAGGAAGGGGGCGCAAGACACCCAGTACTTT,28030,18,clonotype66,clonotype66_consensus_2
TAGTTGGAGCGATATA-1,True,TAGTTGGAGCGATATA-1_contig_3,True,530,TRB,TRBV20,None,TRBJ1-6,TRBC1,True,True,CADRSYNSPLYF,TGTGCCGACAGGTCCTATAATTCGCCCCTCTACTTT,12112,8,clonotype66,clonotype66_consensus_3
TAGTTGGAGCGATATA-1,True,TAGTTGGAGCGATATA-1_contig_4,True,344,TRB,None,None,TRBJ2-1,None,False,False,None,None,5906,2,clonotype66,None
TAGTTGGGTTCCACGG-1,True,TAGTTGGGTTCCACGG-1_contig_1,True,541,TRA,TRAV8D-1,None,TRAJ30,TRAC,True,True,CATDTNAYKVIF,TGTGCTACTGACACAAATGCTTACAAAGTCATCTTT,8832,7,clonotype13,clonotype13_consensus_1
TAGTTGGGTTCCACGG-1,True,TAGTTGGGTTCCACGG-1_contig_2,True,594,TRB,TRBV12-2+TRBV13-2,None,TRBJ1-5,TRBC1,True,True,CASGTGDNQAPLF,TGTGCCAGCGGGACAGGGGACAACCAGGCTCCGCTTTTT,15150,16,clonotype13,clonotype13_consensus_2
TAGTTGGGTTCCACGG-1,True,TAGTTGGGTTCCACGG-1_contig_3,True,369,TRB,None,None,TRBJ2-1,None,False,False,None,None,7426,6,clonotype13,None
TAGTTGGGTTCCACGG-1,True,TAGTTGGGTTCCACGG-1_contig_4,True,337,TRB,None,None,TRBJ2-1,None,False,False,None,None,2130,3,clonotype13,None
TAGTTGGGTTCCACGG-1,True,TAGTTGGGTTCCACGG-1_contig_5,True,531,TRA,TRAV14N-3,None,TRAJ35,TRAC,True,False,None,None,4126,3,clonotype13,None
TAGTTGGTCACTCCTG-1,True,TAGTTGGTCACTCCTG-1_contig_1,True,549,TRB,TRBV16,None,TRBJ2-5,None,True,True,CASSLGGYQDTQYF,TGTGCAAGCAGCTTAGGGGGCTACCAAGACACCCAGTACTTT,12704,10,clonotype28,clonotype28_consensus_2
TAGTTGGTCACTCCTG-1,True,TAGTTGGTCACTCCTG-1_contig_2,True,555,TRA,TRAV4-3,None,TRAJ27,TRAC,True,True,CAAANTNTGKLTF,TGTGCTGCTGCTAACACCAATACAGGCAAATTAACCTTT,3340,3,clonotype28,clonotype28_consensus_1
TATCAGGAGACCGGAT-1,True,TATCAGGAGACCGGAT-1_contig_1,True,514,TRA,TRAV19,None,TRAJ39,TRAC,True,True,CAAGGNNAGAKLTF,TGCGCAGCAGGTGGGAATAATGCAGGTGCCAAGCTCACATTC,786,3,clonotype1,clonotype1_consensus_2
TATCAGGAGACCGGAT-1,True,TATCAGGAGACCGGAT-1_contig_2,True,571,TRB,TRBV12-2+TRBV13-2,None,TRBJ1-2,TRBC1,True,True,CASGGGTGNSDYTF,TGTGCCAGCGGTGGGGGGACAGGGAACTCCGACTACACCTTC,11352,9,clonotype1,clonotype1_consensus_1
TATCAGGAGACCGGAT-1,True,TATCAGGAGACCGGAT-1_contig_3,True,473,TRB,None,None,TRBJ2-7,None,False,False,None,None,2802,3,clonotype1,None
TATCAGGCAAGCCGTC-1,True,TATCAGGCAAGCCGTC-1_contig_1,True,513,TRA,TRAV6-6,None,TRAJ24,TRAC,True,True,CAPLTTASLGKLQF,TGTGCTCCGTTGACAACTGCCAGTTTGGGGAAACTGCAGTTT,5154,3,clonotype3,clonotype3_consensus_2
TATCAGGCAAGCCGTC-1,True,TATCAGGCAAGCCGTC-1_contig_2,True,512,TRB,TRBV13-1,None,TRBJ2-4,None,True,True,CASSEGTNTLYF,TGTGCCAGCAGTGAAGGAACAAACACCTTGTACTTT,2586,2,clonotype3,clonotype3_consensus_1
TATCAGGCAAGCCGTC-1,True,TATCAGGCAAGCCGTC-1_contig_3,True,698,TRA,TRAV9D-2,None,TRAJ26,TRAC,True,True,CVLSRGNNYAQGLTF,TGTGTTCTGAGCAGGGGCAATAACTATGCCCAGGGATTAACCTTC,3356,2,clonotype3,clonotype3_consensus_3
TATCAGGCAAGCCGTC-1,True,TATCAGGCAAGCCGTC-1_contig_4,True,384,TRB,None,None,TRBJ2-7,None,False,False,None,None,4214,2,clonotype3,None
TATCAGGCAAGCTGTT-1,True,TATCAGGCAAGCTGTT-1_contig_1,True,558,TRA,TRAV19,None,TRAJ39,TRAC,True,True,CAAGGNNAGAKLTF,TGCGCAGCAGGTGGGAATAATGCAGGTGCCAAGCTCACATTC,11598,5,clonotype1,clonotype1_consensus_2
TATCAGGCAAGCTGTT-1,True,TATCAGGCAAGCTGTT-1_contig_2,True,568,TRB,TRBV12-2+TRBV13-2,None,TRBJ1-2,TRBC1,True,True,CASGGGTGNSDYTF,TGTGCCAGCGGTGGGGGGACAGGGAACTCCGACTACACCTTC,10736,10,clonotype1,clonotype1_consensus_1
TATCAGGCAAGCTGTT-1,True,TATCAGGCAAGCTGTT-1_contig_3,True,415,TRB,None,None,TRBJ2-1,None,False,False,None,None,6408,3,clonotype1,None
TATCAGGCAAGCTGTT-1,True,TATCAGGCAAGCTGTT-1_contig_4,True,517,TRA,TRAV7-5,None,TRAJ45,TRAC,True,False,CSDTEGADRLTF,TGCAGTGATACAGAAGGTGCAGATAGACTCACCTTT,2648,2,clonotype1,None
TATCAGGGTAACGCGA-1,True,TATCAGGGTAACGCGA-1_contig_1,True,569,TRA,TRAV19,None,TRAJ39,TRAC,True,True,CAAGGNNAGAKLTF,TGCGCAGCAGGTGGGAATAATGCAGGTGCCAAGCTCACATTC,8572,5,clonotype1,clonotype1_consensus_2
TATCAGGGTAACGCGA-1,True,TATCAGGGTAACGCGA-1_contig_2,True,617,TRB,TRBV13-2,None,TRBJ1-2,TRBC1,True,True,CASGGGTGNSDYTF,TGTGCCAGCGGTGGGGGGACAGGGAACTCCGACTACACCTTC,13070,15,clonotype1,clonotype1_consensus_1
TATCAGGGTAACGCGA-1,True,TATCAGGGTAACGCGA-1_contig_3,True,327,TRB,None,None,TRBJ2-1,None,False,False,None,None,8096,5,clonotype1,None
TATCAGGGTTATCGGT-1,True,TATCAGGGTTATCGGT-1_contig_1,True,558,TRA,TRAV19,None,TRAJ39,TRAC,True,True,CAAGGNNAGAKLTF,TGCGCAGCAGGTGGGAATAATGCAGGTGCCAAGCTCACATTC,6806,4,clonotype1,clonotype1_consensus_2
TATCAGGGTTATCGGT-1,True,TATCAGGGTTATCGGT-1_contig_2,True,595,TRB,TRBV12-2+TRBV13-2,None,TRBJ1-2,TRBC1,True,True,CASGGGTGNSDYTF,TGTGCCAGCGGTGGGGGGACAGGGAACTCCGACTACACCTTC,24898,20,clonotype1,clonotype1_consensus_1
TATCAGGGTTATCGGT-1,True,TATCAGGGTTATCGGT-1_contig_3,True,368,TRB,None,None,TRBJ2-1,None,False,False,None,None,13280,8,clonotype1,None
TATCTCAAGTCCCACG-1,True,TATCTCAAGTCCCACG-1_contig_1,True,566,TRA,TRAV3-3,None,TRAJ49,TRAC,True,True,CAVSGSTGYQNFYF,TGCGCAGTCAGTGGGAGCACGGGTTACCAGAACTTCTATTTT,7724,4,clonotype195,clonotype195_consensus_1
TATCTCAAGTCCCACG-1,True,TATCTCAAGTCCCACG-1_contig_2,True,596,TRB,TRBV12-2+TRBV13-2,None,TRBJ2-7,None,True,True,CASGVQGWEQYF,TGTGCCAGCGGTGTACAGGGGTGGGAACAGTACTTC,9412,9,clonotype195,clonotype195_consensus_2
TATCTCAAGTCCCACG-1,True,TATCTCAAGTCCCACG-1_contig_3,True,557,TRB,TRBV12-2+TRBV13-2,None,TRBJ2-7,None,True,True,CASGTGGDYEQYF,TGTGCCAGCGGGACTGGGGGGGACTATGAACAGTACTTC,3084,2,clonotype195,clonotype195_consensus_3
TATCTCAAGTCCCACG-1,True,TATCTCAAGTCCCACG-1_contig_4,True,456,TRA,TRAV6D-5,None,TRAJ24,None,False,False,CAPLTTVSLGKLEF,TGTGCTCCGTTGACAACTGTCAGCTTGGGGAAACTGGAGTTT,74,1,clonotype195,None
TATCTCAAGTCCCACG-1,True,TATCTCAAGTCCCACG-1_contig_5,True,351,TRB,None,None,TRBJ1-2,TRBC1,False,False,None,None,2410,1,clonotype195,None
TATGCCCAGCCCAACC-1,True,TATGCCCAGCCCAACC-1_contig_1,True,566,TRA,TRAV3-3,None,TRAJ49,TRAC,True,True,CAVSGSTGYQNFYF,TGCGCAGTCAGTGGGAGCACGGGTTACCAGAACTTCTATTTT,5774,5,clonotype5,clonotype5_consensus_1
TATGCCCAGCCCAACC-1,True,TATGCCCAGCCCAACC-1_contig_2,True,567,TRB,TRBV12-2+TRBV13-2,None,TRBJ2-7,None,True,True,CASGVQGWEQYF,TGTGCCAGCGGTGTACAGGGGTGGGAACAGTACTTC,2622,4,clonotype5,clonotype5_consensus_2
TATGCCCAGCCCAACC-1,True,TATGCCCAGCCCAACC-1_contig_3,True,447,TRA,TRAV6D-5,None,TRAJ38,None,True,False,CTTVFWDNVGDNSKLIW,TGTACTACTGTGTTCTGGGATAATGTTGGTGACAACAGTAAGCTGATTTGG,34,1,clonotype5,None
TATGCCCCACTATCTT-1,True,TATGCCCCACTATCTT-1_contig_1,True,534,TRA,TRAV14N-3,None,TRAJ6,TRAC,True,True,CAARTSGGNYKPTF,TGTGCAGCAAGAACCTCAGGAGGAAACTACAAACCTACGTTT,10774,7,clonotype4,clonotype4_consensus_2
TATGCCCCACTATCTT-1,True,TATGCCCCACTATCTT-1_contig_2,True,549,TRA,TRAV8N-2,None,TRAJ13,TRAC,True,True,CATEDSGTYQRF,TGTGCTACTGAGGATTCTGGGACTTACCAGAGGTTT,19336,12,clonotype4,clonotype4_consensus_1
TATGCCCCACTATCTT-1,True,TATGCCCCACTATCTT-1_contig_3,True,633,TRB,TRBV12-2+TRBV13-2,None,TRBJ2-7,None,True,True,CASGTGGDYEQYF,TGTGCCAGCGGGACTGGGGGGGACTATGAACAGTACTTC,17280,16,clonotype4,clonotype4_consensus_3
TATGCCCGTTCCACTC-1,True,TATGCCCGTTCCACTC-1_contig_1,True,556,TRA,TRAV6-6,None,TRAJ24,TRAC,True,True,CAPLTTASLGKLQF,TGTGCTCCGTTGACAACTGCCAGTTTGGGGAAACTGCAGTTT,21546,16,clonotype3,clonotype3_consensus_2
TATGCCCGTTCCACTC-1,True,TATGCCCGTTCCACTC-1_contig_2,True,505,TRB,TRBV13-1,None,TRBJ2-4,None,True,True,CASSEGTNTLYF,TGTGCCAGCAGTGAAGGAACAAACACCTTGTACTTT,50324,41,clonotype3,clonotype3_consensus_1
TATGCCCGTTCCACTC-1,True,TATGCCCGTTCCACTC-1_contig_3,True,675,TRA,TRAV9D-2,None,TRAJ26,TRAC,True,True,CVLSRGNNYAQGLTF,TGTGTTCTGAGCAGGGGCAATAACTATGCCCAGGGATTAACCTTC,4326,4,clonotype3,clonotype3_consensus_3
TATTACCAGCTAGGCA-1,True,TATTACCAGCTAGGCA-1_contig_1,True,566,TRA,TRAV3-3,None,TRAJ49,TRAC,True,True,CAVSGATGYQNFYF,TGCGCAGTCAGTGGGGCCACGGGTTACCAGAACTTCTATTTT,8596,8,clonotype43,clonotype43_consensus_1
TATTACCAGCTAGGCA-1,True,TATTACCAGCTAGGCA-1_contig_2,True,599,TRB,TRBV12-2+TRBV13-2,None,TRBJ2-7,None,True,True,CASGVQGGEQYF,TGTGCCAGCGGTGTGCAGGGGGGAGAACAGTACTTC,32610,34,clonotype43,clonotype43_consensus_2
TATTACCAGCTAGGCA-1,True,TATTACCAGCTAGGCA-1_contig_3,True,384,TRB,None,None,TRBJ2-5,None,False,False,None,None,8580,10,clonotype43,None
TATTACCAGCTAGGCA-1,True,TATTACCAGCTAGGCA-1_contig_4,True,673,TRA,None,None,TRAJ26,TRAC,False,False,None,None,1874,1,clonotype43,None
TATTACCCATCCGTGG-1,True,TATTACCCATCCGTGG-1_contig_1,True,549,TRB,TRBV16,None,TRBJ2-5,None,True,True,CASSLGGYQDTQYF,TGTGCAAGCAGCTTAGGGGGCTACCAAGACACCCAGTACTTT,7748,7,clonotype35,clonotype35_consensus_3
TATTACCCATCCGTGG-1,True,TATTACCCATCCGTGG-1_contig_2,True,555,TRA,TRAV4-3,None,TRAJ27,TRAC,True,True,CAAANTNTGKLTF,TGTGCTGCTGCTAACACCAATACAGGCAAATTAACCTTT,11428,9,clonotype35,clonotype35_consensus_2
TATTACCCATCCGTGG-1,True,TATTACCCATCCGTGG-1_contig_3,True,609,TRA,TRAV12-1,None,TRAJ48,TRAC,True,True,CALSDAGDYGNEKITF,TGTGCTCTGAGTGATGCAGGAGACTATGGAAATGAGAAAATAACTTTT,6344,3,clonotype35,clonotype35_consensus_1
TATTACCCATGTCGAT-1,True,TATTACCCATGTCGAT-1_contig_1,True,574,TRA,TRAV3D-3,None,TRAJ23,TRAC,True,True,CAVSDNYNQGKLIF,TGCGCAGTCAGTGATAATTATAACCAGGGGAAGCTTATCTTT,4572,4,clonotype109,clonotype109_consensus_1
TATTACCCATGTCGAT-1,True,TATTACCCATGTCGAT-1_contig_2,True,605,TRB,TRBV3,None,TRBJ2-5,None,True,True,CASSLDWGGQDTQYF,TGTGCCAGCAGCTTAGACTGGGGGGGGCAAGACACCCAGTACTTT,1096,1,clonotype109,clonotype109_consensus_2
TATTACCGTTAAGTAG-1,True,TATTACCGTTAAGTAG-1_contig_1,True,505,TRB,TRBV13-1,None,TRBJ2-4,None,True,True,CASSEGTNTLYF,TGTGCCAGCAGTGAAGGAACAAACACCTTGTACTTT,7446,8,clonotype6,clonotype6_consensus_1
TATTACCGTTAAGTAG-1,True,TATTACCGTTAAGTAG-1_contig_2,True,376,TRA,TRAV9D-2,None,TRAJ26,TRAC,True,False,CVLSRGNNYAQGLTF,TGTGTTCTGAGCAGGGGCAATAACTATGCCCAGGGATTAACCTTC,3072,2,clonotype6,None
TATTACCTCCGTTGCT-1,True,TATTACCTCCGTTGCT-1_contig_1,True,537,TRA,TRAV3-3,None,TRAJ49,TRAC,True,True,CAVSGATGYQNFYF,TGCGCAGTCAGTGGGGCCACGGGTTACCAGAACTTCTATTTT,9006,6,clonotype10,clonotype10_consensus_3
TATTACCTCCGTTGCT-1,True,TATTACCTCCGTTGCT-1_contig_2,True,507,TRA,TRAV21-DV12,None,TRAJ42,TRAC,True,True,CILRVHGGSNAKLTF,TGTATCCTGAGAGTCCATGGAGGAAGCAATGCAAAGCTAACCTTC,5512,2,clonotype10,clonotype10_consensus_1
TATTACCTCCGTTGCT-1,True,TATTACCTCCGTTGCT-1_contig_3,True,627,TRB,TRBV12-2+TRBV13-2,None,TRBJ2-7,None,True,True,CASGVQGEQYF,TGTGCCAGCGGTGTTCAGGGAGAACAGTACTTC,10906,10,clonotype10,clonotype10_consensus_2
TCAACGACAAGTCTAC-1,True,TCAACGACAAGTCTAC-1_contig_1,True,555,TRA,TRAV3-3,None,TRAJ49,TRAC,True,True,CAVSGSTGYQNFYF,TGCGCAGTCAGTGGGAGCACGGGTTACCAGAACTTCTATTTT,2334,1,clonotype5,clonotype5_consensus_1
TCAACGACAAGTCTAC-1,True,TCAACGACAAGTCTAC-1_contig_2,True,604,TRB,TRBV12-2+TRBV13-2,None,TRBJ2-7,None,True,True,CASGVQGWEQYF,TGTGCCAGCGGTGTACAGGGGTGGGAACAGTACTTC,4518,3,clonotype5,clonotype5_consensus_2
TCAACGACAAGTCTAC-1,True,TCAACGACAAGTCTAC-1_contig_3,True,576,TRA,TRAV6D-5,None,TRAJ38,TRAC,True,False,CTTVFWDNVGDNSKLIW,TGTACTACTGTGTTCTGGGATAATGTTGGTGACAACAGTAAGCTGATTTGG,920,2,clonotype5,None
TCAACGAGTACCCAAT-1,True,TCAACGAGTACCCAAT-1_contig_1,True,555,TRA,TRAV7-3,None,TRAJ38,TRAC,True,True,CAVSAANVGDNSKLIW,TGTGCAGTGAGCGCGGCGAATGTTGGTGACAACAGTAAGCTGATTTGG,3950,2,clonotype21,clonotype21_consensus_3
TCAACGAGTACCCAAT-1,True,TCAACGAGTACCCAAT-1_contig_2,True,505,TRB,TRBV13-1,None,TRBJ2-7,None,True,True,CASSGGHLEQYF,TGTGCCAGCAGTGGGGGACACCTTGAACAGTACTTC,4010,4,clonotype21,clonotype21_consensus_2
TCAACGAGTACCCAAT-1,True,TCAACGAGTACCCAAT-1_contig_3,True,522,TRA,TRAV7N-6,None,TRAJ34,TRAC,True,True,CAISSNTNKVVF,TGTGCAATTTCTTCCAATACCAACAAAGTCGTCTTT,7082,3,clonotype21,clonotype21_consensus_1
TCAACGATCAGCCTAA-1,True,TCAACGATCAGCCTAA-1_contig_1,True,603,TRA,TRAV14D-3-DV8,None,TRAJ6,TRAC,True,True,CAARTSGGNYKPTF,TGTGCAGCAAGAACCTCAGGAGGAAACTACAAACCTACGTTT,21114,13,clonotype51,clonotype51_consensus_2
TCAACGATCAGCCTAA-1,True,TCAACGATCAGCCTAA-1_contig_2,True,647,TRB,TRBV12-2+TRBV13-2,None,TRBJ2-7,None,True,True,CASGAGGDYEQYF,TGTGCCAGCGGTGCTGGGGGGGACTATGAACAGTACTTC,18118,12,clonotype51,clonotype51_consensus_1
TCAACGATCTCATTCA-1,True,TCAACGATCTCATTCA-1_contig_1,True,522,TRA,TRAV6-6,None,TRAJ24,TRAC,True,True,CAPLTTASLGKLQF,TGTGCTCCGTTGACAACTGCCAGTTTGGGGAAACTGCAGTTT,14086,8,clonotype3,clonotype3_consensus_2
TCAACGATCTCATTCA-1,True,TCAACGATCTCATTCA-1_contig_2,True,505,TRB,TRBV13-1,None,TRBJ2-4,None,True,True,CASSEGTNTLYF,TGTGCCAGCAGTGAAGGAACAAACACCTTGTACTTT,13676,13,clonotype3,clonotype3_consensus_1
TCAACGATCTCATTCA-1,True,TCAACGATCTCATTCA-1_contig_3,True,756,TRA,TRAV9D-2,None,TRAJ26,TRAC,True,True,CVLSRGNNYAQGLTF,TGTGTTCTGAGCAGGGGCAATAACTATGCCCAGGGATTAACCTTC,18376,10,clonotype3,clonotype3_consensus_3
TCAACGATCTCATTCA-1,True,TCAACGATCTCATTCA-1_contig_4,True,325,TRB,None,None,TRBJ2-7,None,False,False,None,None,1982,1,clonotype3,None
TCAATCTAGCTAAACA-1,True,TCAATCTAGCTAAACA-1_contig_1,True,558,TRA,TRAV19,None,TRAJ39,TRAC,True,True,CAAGGNNAGAKLTF,TGCGCAGCAGGTGGGAATAATGCAGGTGCCAAGCTCACATTC,5406,3,clonotype1,clonotype1_consensus_2
TCAATCTAGCTAAACA-1,True,TCAATCTAGCTAAACA-1_contig_2,True,571,TRB,TRBV12-2+TRBV13-2,None,TRBJ1-2,TRBC1,True,True,CASGGGTGNSDYTF,TGTGCCAGCGGTGGGGGGACAGGGAACTCCGACTACACCTTC,3558,3,clonotype1,clonotype1_consensus_1
TCAATCTCAAAGTGCG-1,True,TCAATCTCAAAGTGCG-1_contig_1,True,562,TRA,TRAV16D-DV11,None,TRAJ9,TRAC,True,True,CAMRESNMGYKLTF,TGTGCTATGAGAGAGAGCAACATGGGCTACAAACTTACCTTC,9346,5,clonotype108,clonotype108_consensus_1
TCAATCTCAAAGTGCG-1,True,TCAATCTCAAAGTGCG-1_contig_2,True,525,TRB,TRBV17,None,TRBJ2-5,None,True,True,CASSRKGSQDTQYF,TGTGCTAGCAGTAGAAAGGGGAGCCAAGACACCCAGTACTTT,24418,18,clonotype108,clonotype108_consensus_2
TCAATCTCAAAGTGCG-1,True,TCAATCTCAAAGTGCG-1_contig_3,True,513,TRB,None,None,TRBJ2-7,None,False,False,None,None,1232,1,clonotype108,None
TCAATCTGTCACAAGG-1,True,TCAATCTGTCACAAGG-1_contig_1,True,541,TRA,TRAV8D-1,None,TRAJ30,TRAC,True,True,CALDTNAYKVIF,TGTGCCCTCGACACAAATGCTTACAAAGTCATCTTT,1718,1,clonotype48,clonotype48_consensus_2
TCAATCTGTCACAAGG-1,True,TCAATCTGTCACAAGG-1_contig_2,True,565,TRB,TRBV12-2+TRBV13-2,None,TRBJ2-1,None,True,True,CASGTGDYAEQFF,TGTGCCAGCGGGACTGGGGACTATGCTGAGCAGTTCTTC,1298,2,clonotype48,clonotype48_consensus_1
TCAATCTGTGTGCCTG-1,True,TCAATCTGTGTGCCTG-1_contig_1,True,522,TRB,TRBV5,None,TRBJ1-5,TRBC1,True,True,CASSQAGENNQAPLF,TGTGCCAGCAGCCAAGCAGGGGAGAACAACCAGGCTCCGCTTTTT,12144,7,clonotype52,clonotype52_consensus_2
TCAATCTGTGTGCCTG-1,True,TCAATCTGTGTGCCTG-1_contig_2,True,607,TRA,TRAV12D-3,None,TRAJ26,TRAC,True,True,CALSVNYAQGLTF,TGTGCTCTGAGTGTCAACTATGCCCAGGGATTAACCTTC,4350,2,clonotype52,clonotype52_consensus_1
TCAATCTGTGTGCCTG-1,True,TCAATCTGTGTGCCTG-1_contig_3,True,329,TRB,None,None,TRBJ2-2,None,False,False,None,None,3186,1,clonotype52,None
TCAATCTGTGTGCCTG-1,True,TCAATCTGTGTGCCTG-1_contig_4,True,549,TRA,TRAV8D-2,None,TRAJ9,TRAC,True,False,CAPNMGYKLTF,TGTGCTCCAAACATGGGCTACAAACTTACCTTC,2886,2,clonotype52,None
TCAATCTGTTTGACTG-1,True,TCAATCTGTTTGACTG-1_contig_1,True,558,TRA,TRAV19,None,TRAJ39,TRAC,True,True,CAAGGNNAGAKLTF,TGCGCAGCAGGTGGGAATAATGCAGGTGCCAAGCTCACATTC,27452,16,clonotype1,clonotype1_consensus_2
TCAATCTGTTTGACTG-1,True,TCAATCTGTTTGACTG-1_contig_2,True,575,TRB,TRBV12-2+TRBV13-2,None,TRBJ1-2,TRBC1,True,True,CASGGGTGNSDYTF,TGTGCCAGCGGTGGGGGGACAGGGAACTCCGACTACACCTTC,34820,33,clonotype1,clonotype1_consensus_1
TCAATCTGTTTGACTG-1,True,TCAATCTGTTTGACTG-1_contig_3,True,440,TRB,TRBV13-1,None,TRBJ2-4,None,True,False,CASSEGTNTLYF,TGTGCCAGCAGTGAAGGAACAAACACCTTGTACTTT,920,1,clonotype1,None
TCAATCTGTTTGACTG-1,True,TCAATCTGTTTGACTG-1_contig_4,True,368,TRB,None,None,TRBJ2-1,None,False,False,None,None,11206,6,clonotype1,None
TCACAAGAGTATGACA-1,True,TCACAAGAGTATGACA-1_contig_1,True,558,TRA,TRAV19,None,TRAJ39,TRAC,True,True,CAAGGNNAGAKLTF,TGCGCAGCAGGTGGGAATAATGCAGGTGCCAAGCTCACATTC,10538,6,clonotype1,clonotype1_consensus_2
TCACAAGAGTATGACA-1,True,TCACAAGAGTATGACA-1_contig_2,True,598,TRB,TRBV12-2+TRBV13-2,None,TRBJ1-2,TRBC1,True,True,CASGGGTGNSDYTF,TGTGCCAGCGGTGGGGGGACAGGGAACTCCGACTACACCTTC,14662,10,clonotype1,clonotype1_consensus_1
TCACAAGAGTATGACA-1,True,TCACAAGAGTATGACA-1_contig_3,True,622,TRB,None,None,TRBJ2-7,None,False,False,None,None,1700,1,clonotype1,None
TCACAAGAGTATGACA-1,True,TCACAAGAGTATGACA-1_contig_4,True,498,TRA,TRAV7-5,None,TRAJ45,TRAC,True,False,CSDTEGADRLTF,TGCAGTGATACAGAAGGTGCAGATAGACTCACCTTT,818,2,clonotype1,None
TCACAAGAGTTTCCTT-1,True,TCACAAGAGTTTCCTT-1_contig_1,True,528,TRA,TRAV8-1,None,TRAJ30,TRAC,True,True,CASDTNAYKVIF,TGTGCTTCTGACACAAATGCTTACAAAGTCATCTTT,3114,5,clonotype23,clonotype23_consensus_2
TCACAAGAGTTTCCTT-1,True,TCACAAGAGTTTCCTT-1_contig_2,True,579,TRB,TRBV12-2+TRBV13-2,None,TRBJ1-5,TRBC1,True,True,CASGTGDNQAPLF,TGTGCCAGCGGGACAGGGGACAACCAGGCTCCGCTTTTT,18460,20,clonotype23,clonotype23_consensus_1
TCACAAGAGTTTCCTT-1,True,TCACAAGAGTTTCCTT-1_contig_3,True,354,TRB,None,None,TRBJ2-1,None,False,False,None,None,4150,4,clonotype23,None
TCACAAGCACAGGCCT-1,True,TCACAAGCACAGGCCT-1_contig_1,True,516,TRA,TRAV6-6,None,TRAJ24,TRAC,True,True,CAPLTTASLGKLQF,TGTGCTCCGTTGACAACTGCCAGTTTGGGGAAACTGCAGTTT,1456,1,clonotype2,clonotype2_consensus_2
TCACAAGCACAGGCCT-1,True,TCACAAGCACAGGCCT-1_contig_2,True,505,TRB,TRBV13-1,None,TRBJ2-4,None,True,True,CASSEGTNTLYF,TGTGCCAGCAGTGAAGGAACAAACACCTTGTACTTT,33564,28,clonotype2,clonotype2_consensus_1
TCACAAGCACAGGCCT-1,True,TCACAAGCACAGGCCT-1_contig_3,True,433,TRA,TRAV9D-2,None,TRAJ26,TRAC,True,False,CVLSRGNNYAQGLTF,TGTGTTCTGAGCAGGGGCAATAACTATGCCCAGGGATTAACCTTC,11100,6,clonotype2,None
TCACAAGCACCTGGTG-1,True,TCACAAGCACCTGGTG-1_contig_1,True,561,TRB,TRBV12-2+TRBV13-2,None,TRBJ2-1,None,True,True,CASGGNAEQFF,TGTGCCAGCGGTGGAAATGCTGAGCAGTTCTTC,9502,9,clonotype165,clonotype165_consensus_1
TCACAAGCACCTGGTG-1,True,TCACAAGCACCTGGTG-1_contig_2,True,661,TRA,TRAV9-2,None,TRAJ26,TRAC,True,True,CVLTSYAQGLTF,TGTGTTTTGACGAGCTATGCCCAGGGATTAACCTTC,6116,5,clonotype165,clonotype165_consensus_2
TCACAAGGTAGTGAAT-1,True,TCACAAGGTAGTGAAT-1_contig_1,True,572,TRA,TRAV16,None,TRAJ52,TRAC,True,True,CAMREGHTGANTGKLTF,TGTGCTATGAGAGAGGGCCACACTGGAGCTAACACTGGAAAGCTCACGTTT,2986,2,clonotype84,clonotype84_consensus_1
TCACAAGGTAGTGAAT-1,True,TCACAAGGTAGTGAAT-1_contig_2,True,571,TRB,TRBV12-2,None,TRBJ2-5,None,True,True,CASSLQGVQDTQYF,TGTGCCAGCTCTCTCCAGGGGGTCCAAGACACCCAGTACTTT,26148,22,clonotype84,clonotype84_consensus_2
TCACAAGGTAGTGAAT-1,True,TCACAAGGTAGTGAAT-1_contig_3,True,557,TRA,TRAV8N-2,None,TRAJ53,TRAC,True,False,None,None,8670,6,clonotype84,None
TCACAAGGTAGTGAAT-1,True,TCACAAGGTAGTGAAT-1_contig_4,True,366,TRB,None,None,TRBJ2-1,None,False,False,None,None,3012,2,clonotype84,None
TCACAAGGTCCGACGT-1,True,TCACAAGGTCCGACGT-1_contig_1,True,554,TRA,TRAV8-1,None,TRAJ30,TRAC,True,True,CATDTNAYKVIF,TGTGCTACTGACACAAATGCTTACAAAGTCATCTTT,2638,2,clonotype14,clonotype14_consensus_1
TCACAAGGTCCGACGT-1,True,TCACAAGGTCCGACGT-1_contig_2,True,572,TRB,TRBV12-2+TRBV13-2,None,TRBJ1-5,TRBC1,True,True,CASGTGDNQAPLF,TGTGCCAGCGGTACAGGGGACAACCAGGCTCCGCTTTTT,13976,11,clonotype14,clonotype14_consensus_2
TCACAAGGTCCGACGT-1,True,TCACAAGGTCCGACGT-1_contig_3,True,567,TRA,TRAV3-3,None,TRAJ37,TRAC,True,False,None,None,1354,2,clonotype14,None
TCACAAGGTGCCTGGT-1,True,TCACAAGGTGCCTGGT-1_contig_1,True,584,TRB,TRBV26,None,TRBJ1-1,TRBC1,True,True,CASSRGNTEVFF,TGTGCCAGCAGCCGCGGAAACACAGAAGTCTTCTTT,4426,3,clonotype490,clonotype490_consensus_1
TCACGAAAGAGTACAT-1,True,TCACGAAAGAGTACAT-1_contig_1,True,589,TRB,TRBV12-2+TRBV13-2,None,TRBJ2-7,None,True,True,CASGAPYEQYF,TGTGCCAGCGGTGCCCCCTATGAACAGTACTTC,4878,5,clonotype60,clonotype60_consensus_2
TCACGAAAGAGTACAT-1,True,TCACGAAAGAGTACAT-1_contig_2,True,564,TRA,TRAV4D-3,None,TRAJ17,TRAC,True,True,CAAPNSAGNKLTF,TGTGCTGCGCCTAACAGTGCAGGGAACAAGCTAACTTTT,8554,5,clonotype60,clonotype60_consensus_1
TCACGAAAGAGTACAT-1,True,TCACGAAAGAGTACAT-1_contig_3,True,534,TRB,TRBV20,None,TRBJ2-5,None,True,False,None,None,5402,2,clonotype60,None
TCACGAAAGAGTGAGA-1,True,TCACGAAAGAGTGAGA-1_contig_1,True,549,TRB,TRBV16,None,TRBJ2-5,None,True,True,CASSLGGGQDTQYF,TGTGCAAGCAGCTTAGGGGGGGGCCAAGACACCCAGTACTTT,20280,14,clonotype8,clonotype8_consensus_1
TCACGAAAGAGTGAGA-1,True,TCACGAAAGAGTGAGA-1_contig_2,True,590,TRA,TRAV4D-3,None,TRAJ27,TRAC,True,True,CAADGPNTGKLTF,TGTGCTGCGGACGGACCCAATACAGGCAAATTAACCTTT,33678,17,clonotype8,clonotype8_consensus_2
TCACGAAAGAGTGAGA-1,True,TCACGAAAGAGTGAGA-1_contig_3,True,525,TRA,TRAV7N-6,None,TRAJ30,TRAC,True,True,CAVVDTNAYKVIF,TGTGCAGTGGTTGACACAAATGCTTACAAAGTCATCTTT,8208,5,clonotype8,clonotype8_consensus_3
TCACGAAGTCTCCCTA-1,True,TCACGAAGTCTCCCTA-1_contig_1,True,585,TRA,TRAV14-1,None,TRAJ32,TRAC,True,True,CAASPLGSSGNKLIF,TGTGCAGCAAGTCCTCTTGGGAGCAGTGGCAACAAGCTCATCTTT,7880,6,clonotype63,clonotype63_consensus_1
TCACGAAGTCTCCCTA-1,True,TCACGAAGTCTCCCTA-1_contig_2,True,550,TRA,TRAV8-1,None,TRAJ30,TRAC,True,True,CATDTNAYKVIF,TGTGCTACTGACACAAATGCTTACAAAGTCATCTTT,10286,7,clonotype63,clonotype63_consensus_2
TCACGAAGTCTCCCTA-1,True,TCACGAAGTCTCCCTA-1_contig_3,True,584,TRB,TRBV12-2+TRBV13-2,None,TRBJ1-5,TRBC1,True,True,CASGTGDNQAPLF,TGTGCCAGCGGGACAGGGGACAACCAGGCTCCGCTTTTT,15080,14,clonotype63,clonotype63_consensus_3
TCACGAAGTCTCCCTA-1,True,TCACGAAGTCTCCCTA-1_contig_4,True,602,TRB,TRBV12-2,None,TRBJ1-5,TRBC1,True,False,CASGTGDNQAPLF,TGTGCCAGCGGGACAGGGGACAACCAGGCTCCGCTTTTT,2690,2,clonotype63,clonotype63_consensus_3
TCACGAAGTCTCCCTA-1,True,TCACGAAGTCTCCCTA-1_contig_5,True,325,TRB,None,None,TRBJ2-7,None,False,False,None,None,3184,1,clonotype63,None
TCACGAAGTCTCCCTA-1,True,TCACGAAGTCTCCCTA-1_contig_6,True,356,TRB,None,None,TRBJ2-1,None,False,False,None,None,8476,4,clonotype63,None
TCACGAATCAAGGTAA-1,True,TCACGAATCAAGGTAA-1_contig_1,True,556,TRA,TRAV19,None,TRAJ39,TRAC,True,True,CAAGGNNAGAKLTF,TGCGCAGCAGGTGGGAATAATGCAGGTGCCAAGCTCACATTC,14988,14,clonotype1,clonotype1_consensus_2
TCACGAATCAAGGTAA-1,True,TCACGAATCAAGGTAA-1_contig_2,True,568,TRB,TRBV12-2+TRBV13-2,None,TRBJ1-2,TRBC1,True,True,CASGGGTGNSDYTF,TGTGCCAGCGGTGGGGGGACAGGGAACTCCGACTACACCTTC,47152,55,clonotype1,clonotype1_consensus_1
TCACGAATCAAGGTAA-1,True,TCACGAATCAAGGTAA-1_contig_3,True,612,TRB,None,None,TRBJ2-7,None,False,False,None,None,13158,10,clonotype1,None
TCAGATGAGACAGGCT-1,True,TCAGATGAGACAGGCT-1_contig_1,True,516,TRA,TRAV6-6,None,TRAJ24,TRAC,True,True,CAPLTTASLGKLQF,TGTGCTCCGTTGACAACTGCCAGTTTGGGGAAACTGCAGTTT,13708,11,clonotype2,clonotype2_consensus_2
TCAGATGAGACAGGCT-1,True,TCAGATGAGACAGGCT-1_contig_2,True,512,TRB,TRBV13-1,None,TRBJ2-4,None,True,True,CASSEGTNTLYF,TGTGCCAGCAGTGAAGGAACAAACACCTTGTACTTT,29568,25,clonotype2,clonotype2_consensus_1
TCAGATGAGACAGGCT-1,True,TCAGATGAGACAGGCT-1_contig_3,True,358,TRA,TRAV9D-2,None,TRAJ26,TRAC,True,False,CVLSRGNNYAQGLTF,TGTGTTCTGAGCAGGGGCAATAACTATGCCCAGGGATTAACCTTC,4380,2,clonotype2,None
TCAGATGAGACAGGCT-1,True,TCAGATGAGACAGGCT-1_contig_4,True,603,TRA,TRAV10D,None,TRAJ30,None,True,False,None,None,634,1,clonotype2,None
TCAGATGAGACATAAC-1,True,TCAGATGAGACATAAC-1_contig_1,True,549,TRB,TRBV16,None,TRBJ2-5,None,True,True,CASSLGGYQDTQYF,TGTGCAAGCAGCTTAGGGGGCTACCAAGACACCCAGTACTTT,17070,11,clonotype35,clonotype35_consensus_3
TCAGATGAGACATAAC-1,True,TCAGATGAGACATAAC-1_contig_2,True,528,TRA,TRAV4-3,None,TRAJ27,TRAC,True,True,CAAANTNTGKLTF,TGTGCTGCTGCTAACACCAATACAGGCAAATTAACCTTT,16784,14,clonotype35,clonotype35_consensus_2
TCAGATGAGACATAAC-1,True,TCAGATGAGACATAAC-1_contig_3,True,540,TRA,TRAV12-1,None,TRAJ48,TRAC,True,True,CALSDAGDYGNEKITF,TGTGCTCTGAGTGATGCAGGAGACTATGGAAATGAGAAAATAACTTTT,4442,3,clonotype35,clonotype35_consensus_1
TCAGATGAGACATAAC-1,True,TCAGATGAGACATAAC-1_contig_4,True,371,TRB,None,None,TRBJ2-2,None,False,False,None,None,3612,4,clonotype35,None
TCAGATGAGCACCGTC-1,True,TCAGATGAGCACCGTC-1_contig_1,True,528,TRA,TRAV7D-5,None,TRAJ16,TRAC,True,True,CAVSSPATSSGQKLVF,TGTGCAGTGAGCAGCCCCGCAACTTCAAGTGGCCAGAAGCTGGTTTTT,3890,2,clonotype121,clonotype121_consensus_1
TCAGATGAGTGTACCT-1,True,TCAGATGAGTGTACCT-1_contig_1,True,519,TRA,TRAV7-3,None,TRAJ38,TRAC,True,True,CAVSAANVGDNSKLIW,TGTGCAGTGAGCGCGGCGAATGTTGGTGACAACAGTAAGCTGATTTGG,17036,18,clonotype21,clonotype21_consensus_3
TCAGATGAGTGTACCT-1,True,TCAGATGAGTGTACCT-1_contig_2,True,512,TRB,TRBV13-1,None,TRBJ2-7,None,True,True,CASSGGHLEQYF,TGTGCCAGCAGTGGGGGACACCTTGAACAGTACTTC,34726,47,clonotype21,clonotype21_consensus_2
TCAGATGAGTGTACCT-1,True,TCAGATGAGTGTACCT-1_contig_3,True,522,TRA,TRAV7N-6,None,TRAJ34,TRAC,True,True,CAISSNTNKVVF,TGTGCAATTTCTTCCAATACCAACAAAGTCGTCTTT,20274,19,clonotype21,clonotype21_consensus_1
TCAGATGAGTGTACCT-1,True,TCAGATGAGTGTACCT-1_contig_4,True,328,TRB,None,None,TRBJ1-6,TRBC1,False,False,None,None,3052,8,clonotype21,None
TCAGATGCATCGGAAG-1,True,TCAGATGCATCGGAAG-1_contig_1,True,537,TRB,TRBV12-2+TRBV13-2,None,TRBJ1-5,TRBC1,True,True,CASGTGDNQAPLF,TGTGCCAGCGGTACAGGAGACAACCAGGCTCCGCTTTTT,6996,10,clonotype39,clonotype39_consensus_1
TCAGCAAAGACAATAC-1,True,TCAGCAAAGACAATAC-1_contig_1,True,527,TRA,TRAV19,None,TRAJ39,TRAC,True,True,CAAGGNNAGAKLTF,TGCGCAGCAGGTGGGAATAATGCAGGTGCCAAGCTCACATTC,8672,4,clonotype1,clonotype1_consensus_2
TCAGCAAAGACAATAC-1,True,TCAGCAAAGACAATAC-1_contig_2,True,569,TRB,TRBV12-2+TRBV13-2,None,TRBJ1-2,TRBC1,True,True,CASGGGTGNSDYTF,TGTGCCAGCGGTGGGGGGACAGGGAACTCCGACTACACCTTC,7556,6,clonotype1,clonotype1_consensus_1
TCAGCAAAGCCGGTAA-1,True,TCAGCAAAGCCGGTAA-1_contig_1,True,521,TRA,TRAV6-6,None,TRAJ24,TRAC,True,True,CAPLTTASLGKLQF,TGTGCTCCGTTGACAACTGCCAGTTTGGGGAAACTGCAGTTT,4438,5,clonotype2,clonotype2_consensus_2
TCAGCAAAGCCGGTAA-1,True,TCAGCAAAGCCGGTAA-1_contig_2,True,512,TRB,TRBV13-1,None,TRBJ2-4,None,True,True,CASSEGTNTLYF,TGTGCCAGCAGTGAAGGAACAAACACCTTGTACTTT,21818,14,clonotype2,clonotype2_consensus_1
TCAGCAAAGCCGGTAA-1,True,TCAGCAAAGCCGGTAA-1_contig_3,True,582,TRB,TRBV12-2+TRBV13-2,None,TRBJ2-5,None,True,False,CASGDW,TGTGCCAGCGGTGACTGG,3120,2,clonotype2,None
TCAGCAAAGTGAAGTT-1,True,TCAGCAAAGTGAAGTT-1_contig_1,True,556,TRA,TRAV19,None,TRAJ39,TRAC,True,True,CAAGGNNAGAKLTF,TGCGCAGCAGGTGGGAATAATGCAGGTGCCAAGCTCACATTC,25614,16,clonotype1,clonotype1_consensus_2
TCAGCAAAGTGAAGTT-1,True,TCAGCAAAGTGAAGTT-1_contig_2,True,581,TRB,TRBV12-2+TRBV13-2,None,TRBJ1-2,TRBC1,True,True,CASGGGTGNSDYTF,TGTGCCAGCGGTGGGGGGACAGGGAACTCCGACTACACCTTC,41332,35,clonotype1,clonotype1_consensus_1
TCAGCAAAGTGAAGTT-1,True,TCAGCAAAGTGAAGTT-1_contig_3,True,528,TRA,TRAV7-5,None,TRAJ45,TRAC,True,False,CSDTEGADRLTF,TGCAGTGATACAGAAGGTGCAGATAGACTCACCTTT,7792,7,clonotype1,None
TCAGCAACACAACGTT-1,True,TCAGCAACACAACGTT-1_contig_1,True,549,TRB,TRBV16,None,TRBJ2-5,None,True,True,CASSLGGGQDTQYF,TGTGCAAGCAGCTTAGGGGGGGGCCAAGACACCCAGTACTTT,3680,4,clonotype15,clonotype15_consensus_1
TCAGCAACACAACGTT-1,True,TCAGCAACACAACGTT-1_contig_2,True,571,TRA,TRAV4D-3,None,TRAJ27,TRAC,True,True,CAADGPNTGKLTF,TGTGCTGCGGACGGACCCAATACAGGCAAATTAACCTTT,4042,2,clonotype15,clonotype15_consensus_2
TCAGCAATCGCCAAAT-1,True,TCAGCAATCGCCAAAT-1_contig_1,True,511,TRB,TRBV26,None,TRBJ2-5,None,True,True,CASSRGTDTQYF,TGTGCCAGCAGCCGCGGGACCGACACCCAGTACTTT,1480,1,clonotype42,clonotype42_consensus_1
TCAGCAATCGCCAAAT-1,True,TCAGCAATCGCCAAAT-1_contig_2,True,575,TRA,TRAV12-2,None,TRAJ37,TRAC,True,True,CALSPQTGNTGKLIF,TGTGCTTTGAGCCCCCAAACAGGCAATACCGGAAAACTCATCTTT,2440,4,clonotype42,clonotype42_consensus_2
TCAGCAATCGCCAAAT-1,True,TCAGCAATCGCCAAAT-1_contig_3,True,398,TRB,None,None,TRBJ1-3,TRBC1,False,False,None,None,200,1,clonotype42,None
TCAGCAATCTTGGGTA-1,True,TCAGCAATCTTGGGTA-1_contig_1,True,506,TRB,TRBV13-2,None,TRBJ1-2,TRBC1,True,True,CASGGGTGNSDYTF,TGTGCCAGCGGTGGGGGGACAGGGAACTCCGACTACACCTTC,3482,3,clonotype7,clonotype7_consensus_1
TCAGCTCAGTGTTAGA-1,True,TCAGCTCAGTGTTAGA-1_contig_1,True,662,TRA,TRAV14N-3,None,TRAJ6,TRAC,True,True,CAARTSGGNYKPTF,TGTGCAGCAAGAACCTCAGGAGGAAACTACAAACCTACGTTT,10086,7,clonotype4,clonotype4_consensus_2
TCAGCTCAGTGTTAGA-1,True,TCAGCTCAGTGTTAGA-1_contig_2,True,549,TRA,TRAV8N-2,None,TRAJ13,TRAC,True,True,CATEDSGTYQRF,TGTGCTACTGAGGATTCTGGGACTTACCAGAGGTTT,15964,9,clonotype4,clonotype4_consensus_1
TCAGCTCAGTGTTAGA-1,True,TCAGCTCAGTGTTAGA-1_contig_3,True,591,TRB,TRBV12-2+TRBV13-2,None,TRBJ2-7,None,True,True,CASGTGGDYEQYF,TGTGCCAGCGGGACTGGGGGGGACTATGAACAGTACTTC,20374,23,clonotype4,clonotype4_consensus_3
TCAGCTCCAGCGATCC-1,True,TCAGCTCCAGCGATCC-1_contig_1,True,541,TRA,TRAV8D-1,None,TRAJ30,TRAC,True,True,CATDTNAYKVIF,TGTGCTACTGACACAAATGCTTACAAAGTCATCTTT,12074,6,clonotype31,clonotype31_consensus_1
TCAGCTCCAGCGATCC-1,True,TCAGCTCCAGCGATCC-1_contig_2,True,564,TRB,TRBV12-2+TRBV13-2,None,TRBJ1-5,TRBC1,True,True,CASGTGDNQAPLF,TGTGCCAGCGGTACAGGAGACAACCAGGCTCCGCTTTTT,2480,2,clonotype31,clonotype31_consensus_2
TCAGCTCCAGCGATCC-1,True,TCAGCTCCAGCGATCC-1_contig_3,True,389,TRB,None,None,TRBJ1-3,TRBC1,False,False,None,None,2748,1,clonotype31,None
TCAGCTCCAGCGATCC-1,True,TCAGCTCCAGCGATCC-1_contig_4,True,583,TRA,TRAV6N-7,None,TRAJ48,TRAC,True,False,CTTVLWVINYGNEKITF,TGTACTACTGTGCTCTGGGTGATCAACTATGGAAATGAGAAAATAACTTTT,2406,1,clonotype31,None
TCAGCTCCATCACCCT-1,True,TCAGCTCCATCACCCT-1_contig_1,True,546,TRA,TRAV6-6,None,TRAJ24,TRAC,True,True,CAPLTTASLGKLQF,TGTGCTCCGTTGACAACTGCCAGTTTGGGGAAACTGCAGTTT,5718,5,clonotype3,clonotype3_consensus_2
TCAGCTCCATCACCCT-1,True,TCAGCTCCATCACCCT-1_contig_2,True,505,TRB,TRBV13-1,None,TRBJ2-4,None,True,True,CASSEGTNTLYF,TGTGCCAGCAGTGAAGGAACAAACACCTTGTACTTT,29864,23,clonotype3,clonotype3_consensus_1
TCAGCTCCATCACCCT-1,True,TCAGCTCCATCACCCT-1_contig_3,True,730,TRA,TRAV9D-2,None,TRAJ26,TRAC,True,True,CVLSRGNNYAQGLTF,TGTGTTCTGAGCAGGGGCAATAACTATGCCCAGGGATTAACCTTC,8312,5,clonotype3,clonotype3_consensus_3
TCAGCTCGTAACGACG-1,True,TCAGCTCGTAACGACG-1_contig_1,True,505,TRB,TRBV13-1,None,TRBJ2-4,None,True,True,CASSEGTNTLYF,TGTGCCAGCAGTGAAGGAACAAACACCTTGTACTTT,14020,13,clonotype9,clonotype9_consensus_1
TCAGCTCGTAACGACG-1,True,TCAGCTCGTAACGACG-1_contig_2,True,719,TRA,TRAV9D-2,None,TRAJ26,TRAC,True,True,CVLSRGNNYAQGLTF,TGTGTTCTGAGCAGGGGCAATAACTATGCCCAGGGATTAACCTTC,2634,2,clonotype9,clonotype9_consensus_2
TCAGCTCGTAACGACG-1,True,TCAGCTCGTAACGACG-1_contig_3,True,392,TRA,TRAV6-6,None,TRAJ24,TRAC,True,False,None,None,1702,1,clonotype9,None
TCAGGATAGATGTGTA-1,True,TCAGGATAGATGTGTA-1_contig_1,True,548,TRB,TRBV12-2+TRBV13-2,None,TRBJ2-1,None,True,True,CASGDPFQFF,TGTGCCAGCGGTGATCCTTTCCAGTTCTTC,1660,1,clonotype25,clonotype25_consensus_3
TCAGGATAGATGTGTA-1,True,TCAGGATAGATGTGTA-1_contig_2,True,507,TRB,TRBV5,None,TRBJ2-2,None,True,True,CASSTGQLYF,TGTGCCAGCAGCACCGGGCAGCTCTACTTT,1398,1,clonotype25,clonotype25_consensus_1
TCAGGATAGATGTGTA-1,True,TCAGGATAGATGTGTA-1_contig_3,True,663,TRA,TRAV9N-4,None,TRAJ22,TRAC,True,True,CALPSSGSWQLIF,TGTGCTCTCCCATCTTCTGGCAGCTGGCAACTCATCTTT,4142,2,clonotype25,clonotype25_consensus_2
TCAGGATAGGACTGGT-1,True,TCAGGATAGGACTGGT-1_contig_1,True,561,TRA,TRAV4-3,None,TRAJ42,TRAC,True,True,CAADNSGGSNAKLTF,TGTGCTGCTGATAATTCTGGAGGAAGCAATGCAAAGCTAACCTTC,6586,5,clonotype87,clonotype87_consensus_2
TCAGGATAGGACTGGT-1,True,TCAGGATAGGACTGGT-1_contig_2,True,505,TRB,TRBV13-1,None,TRBJ2-1,None,True,True,CASGGAYAEQFF,TGTGCCAGCGGGGGGGCGTATGCTGAGCAGTTCTTC,2916,2,clonotype87,clonotype87_consensus_1
TCAGGATCACATCCGG-1,True,TCAGGATCACATCCGG-1_contig_1,True,542,TRA,TRAV6-6,None,TRAJ24,TRAC,True,True,CAPLTTASLGKLQF,TGTGCTCCGTTGACAACTGCCAGTTTGGGGAAACTGCAGTTT,6268,5,clonotype2,clonotype2_consensus_2
TCAGGATCACATCCGG-1,True,TCAGGATCACATCCGG-1_contig_2,True,505,TRB,TRBV13-1,None,TRBJ2-4,None,True,True,CASSEGTNTLYF,TGTGCCAGCAGTGAAGGAACAAACACCTTGTACTTT,2602,2,clonotype2,clonotype2_consensus_1
TCAGGATGTTCGGGCT-1,True,TCAGGATGTTCGGGCT-1_contig_1,True,509,TRB,TRBV13-1,None,TRBJ2-4,None,True,True,CASSEGTNTLYF,TGTGCCAGCAGTGAAGGAACAAACACCTTGTACTTT,1728,2,clonotype9,clonotype9_consensus_1
TCAGGATGTTCGGGCT-1,True,TCAGGATGTTCGGGCT-1_contig_2,True,705,TRA,TRAV9D-2,None,TRAJ26,TRAC,True,True,CVLSRGNNYAQGLTF,TGTGTTCTGAGCAGGGGCAATAACTATGCCCAGGGATTAACCTTC,2650,3,clonotype9,clonotype9_consensus_2
TCAGGATGTTCGGGCT-1,True,TCAGGATGTTCGGGCT-1_contig_3,True,464,TRB,None,None,TRBJ2-7,None,False,False,None,None,836,1,clonotype9,None
TCAGGATTCTTGACGA-1,True,TCAGGATTCTTGACGA-1_contig_1,True,558,TRA,TRAV16,None,TRAJ57,TRAC,True,True,CAMREPQGGSAKLIF,TGTGCTATGAGAGAGCCTCAAGGAGGGTCTGCGAAGCTCATCTTT,9888,4,clonotype22,clonotype22_consensus_3
TCAGGATTCTTGACGA-1,True,TCAGGATTCTTGACGA-1_contig_2,True,532,TRA,TRAV13-4-DV7,None,TRAJ58,TRAC,True,True,CAPMQQGTGSKLSF,TGTGCTCCTATGCAGCAAGGCACTGGGTCTAAGCTGTCATTT,4864,3,clonotype22,clonotype22_consensus_2
TCAGGATTCTTGACGA-1,True,TCAGGATTCTTGACGA-1_contig_3,True,525,TRB,TRBV17,None,TRBJ2-5,None,True,True,CASSRKGVQDTQYF,TGTGCTAGCAGTAGAAAGGGGGTCCAAGACACCCAGTACTTT,46284,39,clonotype22,clonotype22_consensus_1
TCAGGTACAATCTACG-1,True,TCAGGTACAATCTACG-1_contig_1,True,509,TRB,TRBV13-1,None,TRBJ2-5,None,True,True,CASSDAGTQYF,TGTGCCAGCAGTGATGCGGGCACCCAGTACTTT,8004,8,clonotype491,clonotype491_consensus_2
TCAGGTACAATCTACG-1,True,TCAGGTACAATCTACG-1_contig_2,True,550,TRA,TRAV16N,None,TRAJ22,TRAC,True,True,CAMREAASSGSWQLIF,TGTGCTATGAGAGAGGCCGCATCTTCTGGCAGCTGGCAACTCATCTTT,7750,5,clonotype491,clonotype491_consensus_1
TCAGGTACAATCTACG-1,True,TCAGGTACAATCTACG-1_contig_3,True,500,TRB,None,None,TRBJ1-4,TRBC1,False,False,None,None,2530,1,clonotype491,None
TCAGGTACACCCATGG-1,True,TCAGGTACACCCATGG-1_contig_1,True,565,TRB,TRBV12-2+TRBV13-2,None,TRBJ1-5,TRBC1,True,True,CASGTGDNQAPLF,TGTGCCAGCGGTACAGGAGACAACCAGGCTCCGCTTTTT,6318,7,clonotype39,clonotype39_consensus_1
TCAGGTACACCCATGG-1,True,TCAGGTACACCCATGG-1_contig_2,True,628,TRB,None,None,TRBJ2-5,None,False,False,None,None,642,1,clonotype39,None
TCAGGTACACGAAATA-1,True,TCAGGTACACGAAATA-1_contig_1,True,526,TRA,TRAV8D-1,None,TRAJ26,TRAC,True,True,CATDDNYAQGLTF,TGTGCTACTGACGATAACTATGCCCAGGGATTAACCTTC,19230,13,clonotype492,clonotype492_consensus_1
TCAGGTACACGAAATA-1,True,TCAGGTACACGAAATA-1_contig_2,True,502,TRB,TRBV13-1,None,TRBJ1-1,TRBC1,True,True,CASSDPAEVFF,TGTGCCAGCAGTGATCCAGCGGAAGTCTTCTTT,2668,4,clonotype492,clonotype492_consensus_3
TCAGGTACACGAAATA-1,True,TCAGGTACACGAAATA-1_contig_3,True,585,TRB,TRBV12-2+TRBV13-2,None,TRBJ2-7,None,True,True,CASGTGDEQYF,TGTGCCAGCGGGACAGGGGATGAACAGTACTTC,26580,24,clonotype492,clonotype492_consensus_2
TCAGGTACACGAAATA-1,True,TCAGGTACACGAAATA-1_contig_4,True,764,TRA,TRAV3-1,None,TRAJ6,TRAC,True,False,None,None,2974,5,clonotype492,None
TCAGGTACACGAAATA-1,True,TCAGGTACACGAAATA-1_contig_5,True,549,TRB,None,None,TRBJ2-3,None,False,False,None,None,3658,5,clonotype492,None
TCAGGTACAGTCACTA-1,True,TCAGGTACAGTCACTA-1_contig_1,True,566,TRA,TRAV3-3,None,TRAJ49,TRAC,True,True,CAVSGATGYQNFYF,TGCGCAGTCAGTGGGGCCACGGGTTACCAGAACTTCTATTTT,6790,5,clonotype43,clonotype43_consensus_1
TCAGGTACAGTCACTA-1,True,TCAGGTACAGTCACTA-1_contig_2,True,561,TRB,TRBV12-2+TRBV13-2,None,TRBJ2-7,None,True,True,CASGVQGGEQYF,TGTGCCAGCGGTGTGCAGGGGGGAGAACAGTACTTC,15296,16,clonotype43,clonotype43_consensus_2
TCAGGTACAGTCACTA-1,True,TCAGGTACAGTCACTA-1_contig_3,True,558,TRA,TRAV5-4,None,TRAJ37,TRAC,True,False,None,None,1162,1,clonotype43,None
TCAGGTAGTAGAGCTG-1,True,TCAGGTAGTAGAGCTG-1_contig_1,True,555,TRA,TRAV7-3,None,TRAJ38,TRAC,True,True,CAVSAANVGDNSKLIW,TGTGCAGTGAGCGCGGCGAATGTTGGTGACAACAGTAAGCTGATTTGG,2818,3,clonotype21,clonotype21_consensus_3
TCAGGTAGTAGAGCTG-1,True,TCAGGTAGTAGAGCTG-1_contig_2,True,512,TRB,TRBV13-1,None,TRBJ2-7,None,True,True,CASSGGHLEQYF,TGTGCCAGCAGTGGGGGACACCTTGAACAGTACTTC,10236,8,clonotype21,clonotype21_consensus_2
TCAGGTAGTAGAGCTG-1,True,TCAGGTAGTAGAGCTG-1_contig_3,True,522,TRA,TRAV7N-6,None,TRAJ34,TRAC,True,True,CAISSNTNKVVF,TGTGCAATTTCTTCCAATACCAACAAAGTCGTCTTT,3498,4,clonotype21,clonotype21_consensus_1
TCAGGTAGTCTAGTGT-1,True,TCAGGTAGTCTAGTGT-1_contig_1,True,554,TRB,TRBV12-1,None,TRBJ2-4,None,True,True,CASSEGTNTLYF,TGTGCCAGCAGTGAAGGAACAAACACCTTGTACTTT,8126,7,clonotype6,clonotype6_consensus_1
TCAGGTAGTCTAGTGT-1,True,TCAGGTAGTCTAGTGT-1_contig_2,True,535,TRB,TRBV12-2+TRBV13-2,None,TRBJ2-5,None,True,False,CASGDW,TGTGCCAGCGGTGACTGG,972,2,clonotype6,None
TCAGGTAGTCTAGTGT-1,True,TCAGGTAGTCTAGTGT-1_contig_3,True,381,TRA,TRAV9D-2,None,TRAJ26,TRAC,True,False,CVLSRGNNYAQGLTF,TGTGTTCTGAGCAGGGGCAATAACTATGCCCAGGGATTAACCTTC,1244,1,clonotype6,None
TCATTACAGGGCTTCC-1,True,TCATTACAGGGCTTCC-1_contig_1,True,595,TRA,TRAV14N-3,None,TRAJ6,TRAC,True,True,CAARTSGGNYKPTF,TGTGCAGCAAGAACCTCAGGAGGAAACTACAAACCTACGTTT,3142,2,clonotype4,clonotype4_consensus_2
TCATTACAGGGCTTCC-1,True,TCATTACAGGGCTTCC-1_contig_2,True,549,TRA,TRAV8N-2,None,TRAJ13,TRAC,True,True,CATEDSGTYQRF,TGTGCTACTGAGGATTCTGGGACTTACCAGAGGTTT,14248,9,clonotype4,clonotype4_consensus_1
TCATTACAGGGCTTCC-1,True,TCATTACAGGGCTTCC-1_contig_3,True,592,TRB,TRBV12-2+TRBV13-2,None,TRBJ2-7,None,True,True,CASGTGGDYEQYF,TGTGCCAGCGGGACTGGGGGGGACTATGAACAGTACTTC,9458,12,clonotype4,clonotype4_consensus_3
TCATTACAGTATCTCG-1,True,TCATTACAGTATCTCG-1_contig_1,True,525,TRA,TRAV14N-3,None,TRAJ6,TRAC,True,True,CAARTSGGNYKPTF,TGTGCAGCAAGAACCTCAGGAGGAAACTACAAACCTACGTTT,5168,4,clonotype4,clonotype4_consensus_2
TCATTACAGTATCTCG-1,True,TCATTACAGTATCTCG-1_contig_2,True,549,TRA,TRAV8N-2,None,TRAJ13,TRAC,True,True,CATEDSGTYQRF,TGTGCTACTGAGGATTCTGGGACTTACCAGAGGTTT,9338,5,clonotype4,clonotype4_consensus_1
TCATTACAGTATCTCG-1,True,TCATTACAGTATCTCG-1_contig_3,True,564,TRB,TRBV12-2+TRBV13-2,None,TRBJ2-7,None,True,True,CASGTGGDYEQYF,TGTGCCAGCGGGACTGGGGGGGACTATGAACAGTACTTC,17678,14,clonotype4,clonotype4_consensus_3
TCATTACCAAGCTGAG-1,True,TCATTACCAAGCTGAG-1_contig_1,True,558,TRA,TRAV19,None,TRAJ39,TRAC,True,True,CAAGGNNAGAKLTF,TGCGCAGCAGGTGGGAATAATGCAGGTGCCAAGCTCACATTC,4956,3,clonotype1,clonotype1_consensus_2
TCATTACCAAGCTGAG-1,True,TCATTACCAAGCTGAG-1_contig_2,True,566,TRB,TRBV12-2+TRBV13-2,None,TRBJ1-2,TRBC1,True,True,CASGGGTGNSDYTF,TGTGCCAGCGGTGGGGGGACAGGGAACTCCGACTACACCTTC,3906,3,clonotype1,clonotype1_consensus_1
TCATTACCAAGCTGAG-1,True,TCATTACCAAGCTGAG-1_contig_3,True,414,TRB,None,None,TRBJ2-2,None,False,False,None,None,940,4,clonotype1,None
TCATTACCAAGCTGAG-1,True,TCATTACCAAGCTGAG-1_contig_4,True,357,TRB,None,None,TRBJ2-1,None,False,False,None,None,4134,3,clonotype1,None
TCATTACCATGTTCCC-1,True,TCATTACCATGTTCCC-1_contig_1,True,558,TRA,TRAV19,None,TRAJ39,TRAC,True,True,CAAGGNNAGAKLTF,TGCGCAGCAGGTGGGAATAATGCAGGTGCCAAGCTCACATTC,11138,8,clonotype1,clonotype1_consensus_2
TCATTACCATGTTCCC-1,True,TCATTACCATGTTCCC-1_contig_2,True,599,TRB,TRBV12-2+TRBV13-2,None,TRBJ1-2,TRBC1,True,True,CASGGGTGNSDYTF,TGTGCCAGCGGTGGGGGGACAGGGAACTCCGACTACACCTTC,41556,42,clonotype1,clonotype1_consensus_1
TCATTACCATGTTCCC-1,True,TCATTACCATGTTCCC-1_contig_3,True,352,TRB,None,None,TRBJ2-7,None,False,False,None,None,5294,3,clonotype1,None
TCATTACCATGTTCCC-1,True,TCATTACCATGTTCCC-1_contig_4,True,333,TRB,None,None,TRBJ2-1,None,False,False,None,None,17916,13,clonotype1,None
TCATTACCATGTTCCC-1,True,TCATTACCATGTTCCC-1_contig_5,True,507,TRA,TRAV7-5,None,TRAJ45,TRAC,True,False,CSDTEGADRLTF,TGCAGTGATACAGAAGGTGCAGATAGACTCACCTTT,852,1,clonotype1,None
TCATTACGTCCCTACT-1,True,TCATTACGTCCCTACT-1_contig_1,True,638,TRB,TRBV12-2+TRBV13-2,None,TRBJ1-6,TRBC1,True,True,CATLQGTYNSPLYF,TGTGCCACCTTACAGGGGACCTATAATTCGCCCCTCTACTTT,4438,7,clonotype493,clonotype493_consensus_1
TCATTACGTCTCCCTA-1,True,TCATTACGTCTCCCTA-1_contig_1,True,558,TRA,TRAV19,None,TRAJ39,TRAC,True,True,CAAGGNNAGAKLTF,TGCGCAGCAGGTGGGAATAATGCAGGTGCCAAGCTCACATTC,39142,26,clonotype1,clonotype1_consensus_2
TCATTACGTCTCCCTA-1,True,TCATTACGTCTCCCTA-1_contig_2,True,568,TRB,TRBV12-2+TRBV13-2,None,TRBJ1-2,TRBC1,True,True,CASGGGTGNSDYTF,TGTGCCAGCGGTGGGGGGACAGGGAACTCCGACTACACCTTC,24502,22,clonotype1,clonotype1_consensus_1
TCATTACGTCTCCCTA-1,True,TCATTACGTCTCCCTA-1_contig_3,True,413,TRB,None,None,TRBJ2-1,None,False,False,None,None,3276,2,clonotype1,None
TCATTACGTCTCCCTA-1,True,TCATTACGTCTCCCTA-1_contig_4,True,525,TRA,None,None,TRAJ17,None,False,False,None,None,124,1,clonotype1,None
TCATTACGTCTCCCTA-1,True,TCATTACGTCTCCCTA-1_contig_5,True,630,TRB,None,None,TRBJ2-7,None,False,False,None,None,6930,5,clonotype1,None
TCATTACGTGAACCTT-1,True,TCATTACGTGAACCTT-1_contig_1,True,546,TRA,TRAV6-6,None,TRAJ24,TRAC,True,True,CAPLTTASLGKLQF,TGTGCTCCGTTGACAACTGCCAGTTTGGGGAAACTGCAGTTT,1150,1,clonotype2,clonotype2_consensus_2
TCATTACGTGAACCTT-1,True,TCATTACGTGAACCTT-1_contig_2,True,512,TRB,TRBV13-1,None,TRBJ2-4,None,True,True,CASSEGTNTLYF,TGTGCCAGCAGTGAAGGAACAAACACCTTGTACTTT,2464,2,clonotype2,clonotype2_consensus_1
TCATTACGTGAACCTT-1,True,TCATTACGTGAACCTT-1_contig_3,True,384,TRB,None,None,TRBJ2-7,None,False,False,None,None,1942,1,clonotype2,None
TCATTACGTGAACCTT-1,True,TCATTACGTGAACCTT-1_contig_4,True,816,TRA,TRAV9D-2,None,TRAJ25,TRAC,True,False,CVLSRGNNYAQGLTF,TGTGTTCTGAGCAGGGGCAATAACTATGCCCAGGGATTAACCTTC,1392,1,clonotype2,None
TCATTACGTTCACCTC-1,True,TCATTACGTTCACCTC-1_contig_1,True,566,TRA,TRAV3-3,None,TRAJ49,TRAC,True,True,CAVSGATGYQNFYF,TGCGCAGTCAGTGGGGCCACGGGTTACCAGAACTTCTATTTT,13636,10,clonotype43,clonotype43_consensus_1
TCATTACGTTCACCTC-1,True,TCATTACGTTCACCTC-1_contig_2,True,565,TRB,TRBV12-2+TRBV13-2,None,TRBJ2-7,None,True,True,CASGVQGGEQYF,TGTGCCAGCGGTGTGCAGGGGGGAGAACAGTACTTC,54446,57,clonotype43,clonotype43_consensus_2
TCATTACGTTCACCTC-1,True,TCATTACGTTCACCTC-1_contig_3,True,617,TRA,TRAV5-4,None,TRAJ37,TRAC,True,False,None,None,7388,9,clonotype43,None
TCATTACTCCGAATGT-1,True,TCATTACTCCGAATGT-1_contig_1,True,558,TRA,TRAV16,None,TRAJ57,TRAC,True,True,CAMREPQGGSAKLIF,TGTGCTATGAGAGAGCCTCAAGGAGGGTCTGCGAAGCTCATCTTT,8920,5,clonotype22,clonotype22_consensus_3
TCATTACTCCGAATGT-1,True,TCATTACTCCGAATGT-1_contig_2,True,532,TRA,TRAV13-4-DV7,None,TRAJ58,TRAC,True,True,CAPMQQGTGSKLSF,TGTGCTCCTATGCAGCAAGGCACTGGGTCTAAGCTGTCATTT,7328,7,clonotype22,clonotype22_consensus_2
TCATTACTCCGAATGT-1,True,TCATTACTCCGAATGT-1_contig_3,True,525,TRB,TRBV17,None,TRBJ2-5,None,True,True,CASSRKGVQDTQYF,TGTGCTAGCAGTAGAAAGGGGGTCCAAGACACCCAGTACTTT,29572,20,clonotype22,clonotype22_consensus_1
TCATTACTCCGAATGT-1,True,TCATTACTCCGAATGT-1_contig_4,True,408,TRA,None,None,TRAJ26,TRAC,False,False,None,None,1294,1,clonotype22,None
TCATTACTCCGAATGT-1,True,TCATTACTCCGAATGT-1_contig_5,True,576,TRB,TRBV1,None,TRBJ1-3,TRBC1,True,False,None,None,4268,2,clonotype22,None
TCATTTGAGCCTCGTG-1,True,TCATTTGAGCCTCGTG-1_contig_1,True,513,TRA,TRAV6-6,None,TRAJ24,TRAC,True,True,CAPLTTASLGKLQF,TGTGCTCCGTTGACAACTGCCAGTTTGGGGAAACTGCAGTTT,2354,3,clonotype2,clonotype2_consensus_2
TCATTTGAGCCTCGTG-1,True,TCATTTGAGCCTCGTG-1_contig_2,True,505,TRB,TRBV13-1,None,TRBJ2-4,None,True,True,CASSEGTNTLYF,TGTGCCAGCAGTGAAGGAACAAACACCTTGTACTTT,10444,13,clonotype2,clonotype2_consensus_1
TCATTTGAGCTAGTTC-1,True,TCATTTGAGCTAGTTC-1_contig_1,True,564,TRA,TRAV19,None,TRAJ39,TRAC,True,True,CAAGGNNAGAKLTF,TGCGCAGCAGGTGGGAATAATGCAGGTGCCAAGCTCACATTC,996,1,clonotype1,clonotype1_consensus_2
TCATTTGAGCTAGTTC-1,True,TCATTTGAGCTAGTTC-1_contig_2,True,534,TRB,TRBV13-2,None,TRBJ1-2,TRBC1,True,True,CASGGGTGNSDYTF,TGTGCCAGCGGTGGGGGGACAGGGAACTCCGACTACACCTTC,4722,5,clonotype1,clonotype1_consensus_1
TCATTTGAGCTAGTTC-1,True,TCATTTGAGCTAGTTC-1_contig_3,True,353,TRB,None,None,TRBJ2-1,None,False,False,None,None,3398,5,clonotype1,None
TCATTTGAGCTCTCGG-1,True,TCATTTGAGCTCTCGG-1_contig_1,True,555,TRA,TRAV3-3,None,TRAJ49,TRAC,True,True,CAVSGSTGYQNFYF,TGCGCAGTCAGTGGGAGCACGGGTTACCAGAACTTCTATTTT,7048,4,clonotype5,clonotype5_consensus_1
TCATTTGAGCTCTCGG-1,True,TCATTTGAGCTCTCGG-1_contig_2,True,599,TRB,TRBV12-2+TRBV13-2,None,TRBJ2-7,None,True,True,CASGVQGWEQYF,TGTGCCAGCGGTGTACAGGGGTGGGAACAGTACTTC,2960,3,clonotype5,clonotype5_consensus_2
TCATTTGAGCTCTCGG-1,True,TCATTTGAGCTCTCGG-1_contig_3,True,594,TRA,TRAV6D-5,None,TRAJ38,TRAC,True,False,CTTVFWDNVGDNSKLIW,TGTACTACTGTGTTCTGGGATAATGTTGGTGACAACAGTAAGCTGATTTGG,682,1,clonotype5,None
TCATTTGGTAAGTAGT-1,True,TCATTTGGTAAGTAGT-1_contig_1,True,549,TRB,TRBV16,None,TRBJ2-5,None,True,True,CASSWGGGQDTQYF,TGTGCAAGCAGCTGGGGGGGCGGGCAAGACACCCAGTACTTT,5636,6,clonotype44,clonotype44_consensus_1
TCATTTGGTAAGTAGT-1,True,TCATTTGGTAAGTAGT-1_contig_2,True,552,TRA,TRAV6-6,None,TRAJ39,TRAC,True,True,CALGDWNNAGAKLTF,TGTGCTCTGGGTGATTGGAATAATGCAGGTGCCAAGCTCACATTC,2238,3,clonotype44,clonotype44_consensus_2
TCATTTGGTAAGTAGT-1,True,TCATTTGGTAAGTAGT-1_contig_3,True,549,TRB,TRBV10,None,TRBJ1-6,TRBC1,True,False,CQQLRGGAYNSPLYF,TGCCAGCAGCTAAGAGGGGGAGCCTATAATTCGCCCCTCTACTTT,3082,2,clonotype44,None
TCATTTGGTACGAAAT-1,True,TCATTTGGTACGAAAT-1_contig_1,True,517,TRA,TRAV6-6,None,TRAJ24,TRAC,True,True,CAPLTTASLGKLQF,TGTGCTCCGTTGACAACTGCCAGTTTGGGGAAACTGCAGTTT,5308,5,clonotype2,clonotype2_consensus_2
TCATTTGGTACGAAAT-1,True,TCATTTGGTACGAAAT-1_contig_2,True,512,TRB,TRBV13-1,None,TRBJ2-4,None,True,True,CASSEGTNTLYF,TGTGCCAGCAGTGAAGGAACAAACACCTTGTACTTT,14782,15,clonotype2,clonotype2_consensus_1
TCATTTGGTTCCATGA-1,True,TCATTTGGTTCCATGA-1_contig_1,True,555,TRA,TRAV3-3,None,TRAJ49,TRAC,True,True,CAVSGATGYQNFYF,TGCGCAGTCAGTGGGGCCACGGGTTACCAGAACTTCTATTTT,10976,8,clonotype10,clonotype10_consensus_3
TCATTTGGTTCCATGA-1,True,TCATTTGGTTCCATGA-1_contig_2,True,507,TRA,TRAV21-DV12,None,TRAJ42,TRAC,True,True,CILRVHGGSNAKLTF,TGTATCCTGAGAGTCCATGGAGGAAGCAATGCAAAGCTAACCTTC,19628,16,clonotype10,clonotype10_consensus_1
TCATTTGGTTCCATGA-1,True,TCATTTGGTTCCATGA-1_contig_3,True,594,TRB,TRBV12-2+TRBV13-2,None,TRBJ2-7,None,True,True,CASGVQGEQYF,TGTGCCAGCGGTGTTCAGGGAGAACAGTACTTC,20868,21,clonotype10,clonotype10_consensus_2
TCATTTGGTTCCATGA-1,True,TCATTTGGTTCCATGA-1_contig_4,True,396,TRB,None,None,TRBJ2-1,None,False,False,None,None,17618,14,clonotype10,None
TCATTTGGTTCGCGAC-1,True,TCATTTGGTTCGCGAC-1_contig_1,True,549,TRB,TRBV16,None,TRBJ2-5,None,True,True,CASSFGGGEDTQYF,TGTGCAAGCAGCTTTGGGGGGGGGGAAGACACCCAGTACTTT,4664,4,clonotype74,clonotype74_consensus_1
TCATTTGTCAGTTCGA-1,True,TCATTTGTCAGTTCGA-1_contig_1,True,549,TRB,TRBV16,None,TRBJ2-5,None,True,True,CASSLGGGQDTQYF,TGTGCAAGCAGCTTAGGGGGGGGCCAAGACACCCAGTACTTT,2826,3,clonotype494,clonotype494_consensus_1
TCATTTGTCAGTTCGA-1,True,TCATTTGTCAGTTCGA-1_contig_2,True,537,TRA,TRAV4D-3,None,TRAJ27,TRAC,True,True,CAADGPNTGKLTF,TGTGCTGCGGACGGACCCAATACAGGCAAATTAACCTTT,6376,3,clonotype494,clonotype494_consensus_2
TCATTTGTCAGTTCGA-1,True,TCATTTGTCAGTTCGA-1_contig_3,True,525,TRB,TRBV13-3,None,TRBJ1-3,TRBC1,True,True,CASSEHPLSGNTLYF,TGTGCCAGCAGTGAGCACCCCCTTTCTGGAAATACGCTCTATTTT,1186,2,clonotype494,clonotype494_consensus_3
TCCACACAGACTAGAT-1,True,TCCACACAGACTAGAT-1_contig_1,True,603,TRB,TRBV12-2+TRBV13-2,None,TRBJ2-7,None,True,True,CASGGQGEQYF,TGTGCCAGCGGGGGACAGGGTGAACAGTACTTC,23272,19,clonotype129,clonotype129_consensus_2
TCCACACAGACTAGAT-1,True,TCCACACAGACTAGAT-1_contig_2,True,713,TRA,TRAV9N-4,None,TRAJ26,TRAC,True,True,CALNYAQGLTF,TGTGCTCTGAACTATGCCCAGGGATTAACCTTC,7334,4,clonotype129,clonotype129_consensus_1
TCCACACGTGACTCAT-1,True,TCCACACGTGACTCAT-1_contig_1,True,550,TRA,TRAV6-6,None,TRAJ24,TRAC,True,True,CAPLTTASLGKLQF,TGTGCTCCGTTGACAACTGCCAGTTTGGGGAAACTGCAGTTT,2380,2,clonotype2,clonotype2_consensus_2
TCCACACGTGACTCAT-1,True,TCCACACGTGACTCAT-1_contig_2,True,509,TRB,TRBV13-1,None,TRBJ2-4,None,True,True,CASSEGTNTLYF,TGTGCCAGCAGTGAAGGAACAAACACCTTGTACTTT,1806,2,clonotype2,clonotype2_consensus_1
TCCACACGTGATAAGT-1,True,TCCACACGTGATAAGT-1_contig_1,True,545,TRA,TRAV6-6,None,TRAJ24,TRAC,True,True,CAPLTTASLGKLQF,TGTGCTCCGTTGACAACTGCCAGTTTGGGGAAACTGCAGTTT,1190,2,clonotype3,clonotype3_consensus_2
TCCACACGTGATAAGT-1,True,TCCACACGTGATAAGT-1_contig_2,True,505,TRB,TRBV13-1,None,TRBJ2-4,None,True,True,CASSEGTNTLYF,TGTGCCAGCAGTGAAGGAACAAACACCTTGTACTTT,26534,22,clonotype3,clonotype3_consensus_1
TCCACACGTGATAAGT-1,True,TCCACACGTGATAAGT-1_contig_3,True,732,TRA,TRAV9D-2,None,TRAJ26,TRAC,True,True,CVLSRGNNYAQGLTF,TGTGTTCTGAGCAGGGGCAATAACTATGCCCAGGGATTAACCTTC,10258,6,clonotype3,clonotype3_consensus_3
TCCACACGTTACCAGT-1,True,TCCACACGTTACCAGT-1_contig_1,True,505,TRB,TRBV13-1,None,TRBJ2-4,None,True,True,CASSEGTNTLYF,TGTGCCAGCAGTGAAGGAACAAACACCTTGTACTTT,12200,8,clonotype9,clonotype9_consensus_1
TCCACACGTTACCAGT-1,True,TCCACACGTTACCAGT-1_contig_2,True,739,TRA,TRAV9D-2,None,TRAJ26,TRAC,True,True,CVLSRGNNYAQGLTF,TGTGTTCTGAGCAGGGGCAATAACTATGCCCAGGGATTAACCTTC,6668,5,clonotype9,clonotype9_consensus_2
TCCACACGTTCCACTC-1,True,TCCACACGTTCCACTC-1_contig_1,True,566,TRA,TRAV12-2,None,TRAJ34,TRAC,True,True,CALSGNTNKVVF,TGTGCTTTGAGTGGCAATACCAACAAAGTCGTCTTT,4358,5,clonotype202,clonotype202_consensus_1
TCCCGATAGCGATTCT-1,True,TCCCGATAGCGATTCT-1_contig_1,True,535,TRA,TRAV8-1,None,TRAJ48,TRAC,True,True,CATDGNEKITF,TGTGCTACTGATGGAAATGAGAAAATAACTTTT,4322,3,clonotype55,clonotype55_consensus_2
TCCCGATAGCGATTCT-1,True,TCCCGATAGCGATTCT-1_contig_2,True,573,TRB,TRBV12-2+TRBV13-2,None,TRBJ2-1,None,True,True,CASGAGDYAEQFF,TGTGCCAGCGGTGCTGGGGACTATGCTGAGCAGTTCTTC,4672,5,clonotype55,clonotype55_consensus_1
TCCCGATGTAAGGGCT-1,True,TCCCGATGTAAGGGCT-1_contig_1,True,544,TRA,TRAV6-6,None,TRAJ24,TRAC,True,True,CAPLTTASLGKLQF,TGTGCTCCGTTGACAACTGCCAGTTTGGGGAAACTGCAGTTT,3330,3,clonotype3,clonotype3_consensus_2
TCCCGATGTAAGGGCT-1,True,TCCCGATGTAAGGGCT-1_contig_2,True,512,TRB,TRBV13-1,None,TRBJ2-4,None,True,True,CASSEGTNTLYF,TGTGCCAGCAGTGAAGGAACAAACACCTTGTACTTT,5532,7,clonotype3,clonotype3_consensus_1
TCCCGATGTAAGGGCT-1,True,TCCCGATGTAAGGGCT-1_contig_3,True,710,TRA,TRAV9D-2,None,TRAJ26,TRAC,True,True,CVLSRGNNYAQGLTF,TGTGTTCTGAGCAGGGGCAATAACTATGCCCAGGGATTAACCTTC,2964,3,clonotype3,clonotype3_consensus_3
TCCCGATGTAAGGGCT-1,True,TCCCGATGTAAGGGCT-1_contig_4,True,326,TRB,None,None,TRBJ2-7,None,False,False,None,None,1754,1,clonotype3,None
TCCCGATGTTATTCTC-1,True,TCCCGATGTTATTCTC-1_contig_1,True,576,TRA,TRAV14-1,None,TRAJ28,TRAC,True,True,CAALPGTGSNRLTF,TGTGCAGCGTTACCAGGCACTGGGAGTAACAGGCTCACTTTT,13122,7,clonotype495,clonotype495_consensus_2
TCCCGATGTTATTCTC-1,True,TCCCGATGTTATTCTC-1_contig_2,True,521,TRA,TRAV6-4,None,TRAJ17,TRAC,True,True,CALPNSAGNKLTF,TGTGCTCTGCCTAACAGTGCAGGGAACAAGCTAACTTTT,9932,6,clonotype495,clonotype495_consensus_1
TCCCGATGTTATTCTC-1,True,TCCCGATGTTATTCTC-1_contig_3,True,568,TRB,TRBV12-2+TRBV13-2,None,TRBJ2-3,None,True,True,CASGTGGAETLYF,TGTGCCAGCGGGACTGGGGGTGCAGAAACGCTGTATTTT,2170,2,clonotype495,clonotype495_consensus_3
TCCCGATGTTATTCTC-1,True,TCCCGATGTTATTCTC-1_contig_4,True,615,TRB,None,None,TRBJ2-7,None,False,False,None,None,5582,5,clonotype495,None
TCCCGATGTTCCACGG-1,True,TCCCGATGTTCCACGG-1_contig_1,True,555,TRA,TRAV3-3,None,TRAJ23,TRAC,True,True,CAVSDNYNQGKLIF,TGCGCAGTCAGTGATAATTATAACCAGGGGAAGCTTATCTTT,13290,8,clonotype123,clonotype123_consensus_2
TCCCGATGTTCCACGG-1,True,TCCCGATGTTCCACGG-1_contig_2,True,605,TRB,TRBV3,None,TRBJ2-5,None,True,True,CASSRDWGGQDTQYF,TGTGCCAGCAGCCGGGACTGGGGGGGACAAGACACCCAGTACTTT,25264,19,clonotype123,clonotype123_consensus_1
TCCCGATTCATTCACT-1,True,TCCCGATTCATTCACT-1_contig_1,True,572,TRA,TRAV14D-2,None,TRAJ24,TRAC,True,True,CAASGTTASLGKLQF,TGTGCAGCCTCGGGGACAACTGCCAGTTTGGGGAAACTGCAGTTT,8570,9,clonotype496,clonotype496_consensus_1
TCCCGATTCATTCACT-1,True,TCCCGATTCATTCACT-1_contig_2,True,525,TRB,TRBV17,None,TRBJ2-2,None,True,True,CASSSTKNTGQLYF,TGTGCTAGCAGTAGTACAAAAAACACCGGGCAGCTCTACTTT,51216,29,clonotype496,clonotype496_consensus_2
TCCCGATTCATTCACT-1,True,TCCCGATTCATTCACT-1_contig_3,True,351,TRB,None,None,TRBJ2-1,None,False,False,None,None,5482,3,clonotype496,None
TCCCGATTCATTCACT-1,True,TCCCGATTCATTCACT-1_contig_4,True,416,TRB,TRBV13-2,None,TRBJ2-1,None,True,False,CASGDPFQFF,TGTGCCAGCGGTGATCCTTTCCAGTTCTTC,1758,2,clonotype496,None
TCCCGATTCCAGAAGG-1,True,TCCCGATTCCAGAAGG-1_contig_1,True,561,TRA,TRAV6-6,None,TRAJ24,TRAC,True,True,CAPLTTASLGKLQF,TGTGCTCCGTTGACAACTGCCAGTTTGGGGAAACTGCAGTTT,1712,1,clonotype2,clonotype2_consensus_2
TCCCGATTCCAGAAGG-1,True,TCCCGATTCCAGAAGG-1_contig_2,True,512,TRB,TRBV13-1,None,TRBJ2-4,None,True,True,CASSEGTNTLYF,TGTGCCAGCAGTGAAGGAACAAACACCTTGTACTTT,8756,7,clonotype2,clonotype2_consensus_1
TCCCGATTCCAGAAGG-1,True,TCCCGATTCCAGAAGG-1_contig_3,True,582,TRA,TRAV9D-2,None,TRAJ25,TRAC,True,False,CVLSRGNNYAQGLTF,TGTGTTCTGAGCAGGGGCAATAACTATGCCCAGGGATTAACCTTC,3424,2,clonotype2,None
TCCCGATTCCAGAAGG-1,True,TCCCGATTCCAGAAGG-1_contig_4,True,361,TRA,None,None,TRAJ12,TRAC,False,False,None,None,2962,1,clonotype2,None
TCCCGATTCCCATTTA-1,True,TCCCGATTCCCATTTA-1_contig_1,True,549,TRB,TRBV16,None,TRBJ2-7,None,True,True,CASSLGGGLDEQYF,TGTGCAAGCAGCTTAGGGGGGGGGCTCGATGAACAGTACTTC,3922,3,clonotype26,clonotype26_consensus_1
TCCCGATTCTGTCAAG-1,True,TCCCGATTCTGTCAAG-1_contig_1,True,538,TRA,TRAV8D-1,None,TRAJ31,TRAC,True,True,CATDSNNRIFF,TGTGCTACTGATAGCAATAACAGAATCTTCTTT,1492,1,clonotype206,clonotype206_consensus_1
TCCCGATTCTGTCAAG-1,True,TCCCGATTCTGTCAAG-1_contig_2,True,531,TRB,TRBV13-2,None,TRBJ2-1,None,True,True,CASAGGDYAEQFF,TGTGCCAGCGCGGGGGGGGACTATGCTGAGCAGTTCTTC,1792,2,clonotype206,clonotype206_consensus_2
TCGAGGCAGCATCATC-1,True,TCGAGGCAGCATCATC-1_contig_1,True,552,TRA,TRAV6-6,None,TRAJ24,TRAC,True,True,CAPLTTASLGKLQF,TGTGCTCCGTTGACAACTGCCAGTTTGGGGAAACTGCAGTTT,3044,2,clonotype3,clonotype3_consensus_2
TCGAGGCAGCATCATC-1,True,TCGAGGCAGCATCATC-1_contig_2,True,505,TRB,TRBV13-1,None,TRBJ2-4,None,True,True,CASSEGTNTLYF,TGTGCCAGCAGTGAAGGAACAAACACCTTGTACTTT,24136,20,clonotype3,clonotype3_consensus_1
TCGAGGCAGCATCATC-1,True,TCGAGGCAGCATCATC-1_contig_3,True,727,TRA,TRAV9D-2,None,TRAJ26,TRAC,True,True,CVLSRGNNYAQGLTF,TGTGTTCTGAGCAGGGGCAATAACTATGCCCAGGGATTAACCTTC,4350,3,clonotype3,clonotype3_consensus_3
TCGAGGCCAACACCTA-1,True,TCGAGGCCAACACCTA-1_contig_1,True,512,TRB,TRBV13-1,None,TRBJ2-3,None,True,True,CASGDSAETLYF,TGTGCCAGCGGGGACAGTGCAGAAACGCTGTATTTT,6178,5,clonotype497,clonotype497_consensus_3
TCGAGGCCAACACCTA-1,True,TCGAGGCCAACACCTA-1_contig_2,True,541,TRA,TRAV8D-1,None,TRAJ30,TRAC,True,True,CATDTNAYKVIF,TGTGCTACTGACACAAATGCTTACAAAGTCATCTTT,9342,5,clonotype497,clonotype497_consensus_1
TCGAGGCCAACACCTA-1,True,TCGAGGCCAACACCTA-1_contig_3,True,587,TRB,TRBV12-2+TRBV13-2,None,TRBJ1-5,TRBC1,True,True,CASGTGDNQAPLF,TGTGCCAGCGGTACAGGAGACAACCAGGCTCCGCTTTTT,18784,19,clonotype497,clonotype497_consensus_2
TCGAGGCCAACACCTA-1,True,TCGAGGCCAACACCTA-1_contig_4,True,570,TRA,TRAV6N-7,None,TRAJ48,TRAC,True,False,CTTVLWVINYGNEKITF,TGTACTACTGTGCTCTGGGTGATCAACTATGGAAATGAGAAAATAACTTTT,4716,3,clonotype497,None
TCGAGGCCAACACCTA-1,True,TCGAGGCCAACACCTA-1_contig_5,True,579,TRA,None,None,TRAJ43,TRAC,False,False,None,None,2164,2,clonotype497,None
TCGAGGCCAACACCTA-1,True,TCGAGGCCAACACCTA-1_contig_6,True,417,TRA,TRAV16D-DV11,None,TRAJ26,TRAC,True,False,CAMREENNYAQGLTF,TGTGCTATGAGAGAGGAAAATAACTATGCCCAGGGATTAACCTTC,2324,2,clonotype497,None
TCGAGGCCAACACCTA-1,True,TCGAGGCCAACACCTA-1_contig_7,True,324,TRB,None,None,TRBJ2-7,None,False,False,None,None,4214,2,clonotype497,None
TCGAGGCCAACACCTA-1,True,TCGAGGCCAACACCTA-1_contig_8,True,407,TRB,None,None,TRBJ1-3,TRBC1,False,False,None,None,11648,8,clonotype497,None
TCGAGGCCAACACCTA-1,True,TCGAGGCCAACACCTA-1_contig_9,True,432,TRB,None,None,TRBJ2-1,None,False,False,None,None,17960,16,clonotype497,None
TCGAGGCGTAAAGTCA-1,True,TCGAGGCGTAAAGTCA-1_contig_1,True,566,TRA,TRAV3-3,None,TRAJ49,TRAC,True,True,CAVSGATGYQNFYF,TGCGCAGTCAGTGGGGCCACGGGTTACCAGAACTTCTATTTT,3334,2,clonotype10,clonotype10_consensus_3
TCGAGGCGTAAAGTCA-1,True,TCGAGGCGTAAAGTCA-1_contig_2,True,507,TRA,TRAV21-DV12,None,TRAJ42,TRAC,True,True,CILRVHGGSNAKLTF,TGTATCCTGAGAGTCCATGGAGGAAGCAATGCAAAGCTAACCTTC,5646,4,clonotype10,clonotype10_consensus_1
TCGAGGCGTAAAGTCA-1,True,TCGAGGCGTAAAGTCA-1_contig_3,True,576,TRB,TRBV12-2+TRBV13-2,None,TRBJ2-7,None,True,True,CASGVQGEQYF,TGTGCCAGCGGTGTTCAGGGAGAACAGTACTTC,27544,26,clonotype10,clonotype10_consensus_2
TCGAGGCGTAAAGTCA-1,True,TCGAGGCGTAAAGTCA-1_contig_4,True,363,TRA,None,None,TRAJ26,TRAC,False,False,None,None,4192,2,clonotype10,None
TCGAGGCGTACAGCAG-1,True,TCGAGGCGTACAGCAG-1_contig_1,True,436,TRA,TRAV16,None,TRAJ52,None,True,True,CAMREGHTGANTGKLTF,TGTGCTATGAGAGAGGGCCACACTGGAGCTAACACTGGAAAGCTCACGTTT,2298,1,clonotype84,clonotype84_consensus_1
TCGAGGCGTACAGCAG-1,True,TCGAGGCGTACAGCAG-1_contig_2,True,568,TRB,TRBV12-2,None,TRBJ2-5,None,True,True,CASSLQGVQDTQYF,TGTGCCAGCTCTCTCCAGGGGGTCCAAGACACCCAGTACTTT,10776,11,clonotype84,clonotype84_consensus_2
TCGAGGCGTACAGCAG-1,True,TCGAGGCGTACAGCAG-1_contig_3,True,557,TRA,TRAV8N-2,None,TRAJ53,TRAC,True,False,None,None,4832,4,clonotype84,None
TCGAGGCTCATATCGG-1,True,TCGAGGCTCATATCGG-1_contig_1,True,569,TRB,TRBV12-2+TRBV13-2,None,TRBJ1-2,TRBC1,True,True,CASGGGTGNSDYTF,TGTGCCAGCGGTGGGGGGACAGGGAACTCCGACTACACCTTC,3150,3,clonotype7,clonotype7_consensus_1
TCGCGAGAGAGCCTAG-1,True,TCGCGAGAGAGCCTAG-1_contig_1,True,532,TRA,TRAV19,None,TRAJ39,TRAC,True,True,CAAGGNNAGAKLTF,TGCGCAGCAGGTGGGAATAATGCAGGTGCCAAGCTCACATTC,7444,4,clonotype1,clonotype1_consensus_2
TCGCGAGAGAGCCTAG-1,True,TCGCGAGAGAGCCTAG-1_contig_2,True,566,TRB,TRBV12-2+TRBV13-2,None,TRBJ1-2,TRBC1,True,True,CASGGGTGNSDYTF,TGTGCCAGCGGTGGGGGGACAGGGAACTCCGACTACACCTTC,1870,2,clonotype1,clonotype1_consensus_1
TCGCGAGAGGTGTTAA-1,True,TCGCGAGAGGTGTTAA-1_contig_1,True,558,TRA,TRAV19,None,TRAJ39,TRAC,True,True,CAAGGNNAGAKLTF,TGCGCAGCAGGTGGGAATAATGCAGGTGCCAAGCTCACATTC,14120,10,clonotype1,clonotype1_consensus_2
TCGCGAGAGGTGTTAA-1,True,TCGCGAGAGGTGTTAA-1_contig_2,True,583,TRB,TRBV12-2+TRBV13-2,None,TRBJ1-2,TRBC1,True,True,CASGGGTGNSDYTF,TGTGCCAGCGGTGGGGGGACAGGGAACTCCGACTACACCTTC,4482,5,clonotype1,clonotype1_consensus_1
TCGCGAGAGGTGTTAA-1,True,TCGCGAGAGGTGTTAA-1_contig_3,True,450,TRA,TRAV7-5,None,TRAJ45,None,True,False,CSDTEGADRLTF,TGCAGTGATACAGAAGGTGCAGATAGACTCACCTTT,1468,1,clonotype1,None
TCGCGAGAGGTGTTAA-1,True,TCGCGAGAGGTGTTAA-1_contig_4,True,322,TRB,None,None,TRBJ2-7,None,False,False,None,None,4028,2,clonotype1,None
TCGCGAGAGTACGTAA-1,True,TCGCGAGAGTACGTAA-1_contig_1,True,556,TRA,TRAV6-6,None,TRAJ33,TRAC,True,True,CALVPSNYQLIW,TGTGCTCTGGTCCCTAGCAACTATCAGTTGATCTGG,7820,4,clonotype204,clonotype204_consensus_1
TCGCGAGAGTACGTAA-1,True,TCGCGAGAGTACGTAA-1_contig_2,True,528,TRB,TRBV13-3,None,TRBJ2-2,None,True,True,CASSETGSNTGQLYF,TGTGCCAGCAGTGAGACAGGGTCAAACACCGGGCAGCTCTACTTT,14582,11,clonotype204,clonotype204_consensus_2
TCGCGAGAGTACGTAA-1,True,TCGCGAGAGTACGTAA-1_contig_3,True,498,TRA,TRAV4-2,None,TRAJ32,TRAC,True,False,CCNKLIF,TGCTGCAACAAGCTCATCTTT,3692,2,clonotype204,None
TCGCGAGAGTATCTCG-1,True,TCGCGAGAGTATCTCG-1_contig_1,True,549,TRB,TRBV16,None,TRBJ2-5,None,True,True,CASSWGGGQDTQYF,TGTGCAAGCAGCTGGGGGGGCGGGCAAGACACCCAGTACTTT,8324,9,clonotype44,clonotype44_consensus_1
TCGCGAGAGTATCTCG-1,True,TCGCGAGAGTATCTCG-1_contig_2,True,559,TRA,TRAV6-6,None,TRAJ39,TRAC,True,True,CALGDWNNAGAKLTF,TGTGCTCTGGGTGATTGGAATAATGCAGGTGCCAAGCTCACATTC,5308,4,clonotype44,clonotype44_consensus_2
TCGCGAGAGTATCTCG-1,True,TCGCGAGAGTATCTCG-1_contig_3,True,650,TRA,None,None,TRAJ26,TRAC,False,False,None,None,2308,2,clonotype44,None
TCGCGAGAGTATCTCG-1,True,TCGCGAGAGTATCTCG-1_contig_4,True,695,TRB,TRBV10,None,TRBJ1-6,TRBC1,True,False,CQQLRGGAYNSPLYF,TGCCAGCAGCTAAGAGGGGGAGCCTATAATTCGCCCCTCTACTTT,3734,2,clonotype44,None
TCGCGAGAGTGTTAGA-1,True,TCGCGAGAGTGTTAGA-1_contig_1,True,503,TRA,TRAV14D-1,None,TRAJ27,TRAC,True,True,CAQNPPSNTGKLTF,TGTGCACAAAATCCCCCATCCAATACAGGCAAATTAACCTTT,2008,2,clonotype53,clonotype53_consensus_2
TCGCGAGAGTGTTAGA-1,True,TCGCGAGAGTGTTAGA-1_contig_2,True,540,TRB,TRBV13-3,None,TRBJ1-3,TRBC1,True,True,CASSEHPLSGNTLYF,TGTGCCAGCAGTGAGCACCCCCTTTCTGGAAATACGCTCTATTTT,2498,2,clonotype53,clonotype53_consensus_1
TCGCGAGCAGACACTT-1,True,TCGCGAGCAGACACTT-1_contig_1,True,521,TRA,TRAV6-6,None,TRAJ24,TRAC,True,True,CAPLTTASLGKLQF,TGTGCTCCGTTGACAACTGCCAGTTTGGGGAAACTGCAGTTT,7038,10,clonotype2,clonotype2_consensus_2
TCGCGAGCAGACACTT-1,True,TCGCGAGCAGACACTT-1_contig_2,True,505,TRB,TRBV13-1,None,TRBJ2-4,None,True,True,CASSEGTNTLYF,TGTGCCAGCAGTGAAGGAACAAACACCTTGTACTTT,31132,24,clonotype2,clonotype2_consensus_1
TCGCGAGCAGACACTT-1,True,TCGCGAGCAGACACTT-1_contig_3,True,321,TRB,None,None,TRBJ2-7,None,False,False,None,None,3124,2,clonotype2,None
TCGCGAGGTGGCAAAC-1,True,TCGCGAGGTGGCAAAC-1_contig_1,True,563,TRB,TRBV12-2+TRBV13-2,None,TRBJ1-5,TRBC1,True,True,CASGTGDNQAPLF,TGTGCCAGCGGGACAGGGGACAACCAGGCTCCGCTTTTT,2184,3,clonotype16,clonotype16_consensus_1
TCGCGAGTCCGCAGTG-1,True,TCGCGAGTCCGCAGTG-1_contig_1,True,582,TRA,TRAV12D-1,None,TRAJ5,TRAC,True,True,CALSDQGVVGQLTF,TGTGCTCTGAGTGATCAAGGGGTTGTGGGGCAGCTCACTTTC,4738,3,clonotype136,clonotype136_consensus_2
TCGCGAGTCCGCAGTG-1,True,TCGCGAGTCCGCAGTG-1_contig_2,True,512,TRB,TRBV13-1,None,TRBJ2-5,None,True,True,CASSDGDDTQYF,TGTGCCAGCAGTGACGGGGACGACACCCAGTACTTT,22260,14,clonotype136,clonotype136_consensus_1
TCGCGAGTCCGCAGTG-1,True,TCGCGAGTCCGCAGTG-1_contig_3,True,575,TRB,None,None,TRBJ1-2,TRBC1,False,False,None,None,1180,1,clonotype136,None
TCGCGAGTCTCGCTTG-1,True,TCGCGAGTCTCGCTTG-1_contig_1,True,605,TRB,TRBV12-2+TRBV13-2,None,TRBJ1-2,TRBC1,True,True,CASGGGTGNSDYTF,TGTGCCAGCGGTGGGGGGACAGGGAACTCCGACTACACCTTC,3536,4,clonotype7,clonotype7_consensus_1
TCGCGAGTCTCGCTTG-1,True,TCGCGAGTCTCGCTTG-1_contig_2,True,352,TRA,TRAV7-5,None,TRAJ45,TRAC,True,False,CSDTEGADRLTF,TGCAGTGATACAGAAGGTGCAGATAGACTCACCTTT,3894,2,clonotype7,None
TCGCGTTAGTTTGCGT-1,True,TCGCGTTAGTTTGCGT-1_contig_1,True,515,TRB,TRBV13-1,None,TRBJ2-1,None,True,True,CASTGGDYAEQFF,TGTGCCAGCACTGGGGGGGACTATGCTGAGCAGTTCTTC,9420,8,clonotype498,clonotype498_consensus_1
TCGCGTTAGTTTGCGT-1,True,TCGCGTTAGTTTGCGT-1_contig_2,True,520,TRA,TRAV14N-3,None,TRAJ13,TRAC,True,False,CAAPEILGLTRGLEL,TGTGCAGCGCCCGAAATTCTGGGACTTACCAGAGGTTTGGAACTG,3720,2,clonotype498,None
TCGCGTTCAGTGGAGT-1,True,TCGCGTTCAGTGGAGT-1_contig_1,True,509,TRB,TRBV13-1,None,TRBJ2-7,None,True,True,CASSAPYEQYF,TGTGCCAGCAGTGCCCCATATGAACAGTACTTC,3774,3,clonotype499,clonotype499_consensus_1
TCGCGTTCAGTGGAGT-1,True,TCGCGTTCAGTGGAGT-1_contig_2,True,319,TRB,None,None,TRBJ1-2,TRBC1,False,False,None,None,1262,1,clonotype499,None
TCGCGTTGTTCGTTGA-1,True,TCGCGTTGTTCGTTGA-1_contig_1,True,512,TRB,TRBV13-1,None,TRBJ2-4,None,True,True,CASSEGTNTLYF,TGTGCCAGCAGTGAAGGAACAAACACCTTGTACTTT,4106,4,clonotype6,clonotype6_consensus_1
TCGCGTTGTTCGTTGA-1,True,TCGCGTTGTTCGTTGA-1_contig_2,True,409,TRA,TRAV6-6,None,TRAJ24,TRAC,True,False,None,None,3022,3,clonotype6,None
TCGCGTTGTTCGTTGA-1,True,TCGCGTTGTTCGTTGA-1_contig_3,True,446,TRB,None,None,TRBJ1-6,TRBC1,False,False,None,None,1708,1,clonotype6,None
TCGCGTTTCACAATGC-1,True,TCGCGTTTCACAATGC-1_contig_1,True,549,TRB,TRBV16,None,TRBJ2-5,None,True,True,CASSLGGGADTQYF,TGTGCAAGCAGCTTAGGGGGGGGCGCGGACACCCAGTACTTT,10840,11,clonotype105,clonotype105_consensus_1
TCGCGTTTCACAATGC-1,True,TCGCGTTTCACAATGC-1_contig_2,True,561,TRA,TRAV16N,None,TRAJ45,TRAC,True,True,CAMRELTEGADRLTF,TGTGCTATGAGAGAGCTGACAGAAGGTGCAGATAGACTCACCTTT,8826,9,clonotype105,clonotype105_consensus_2
TCGCGTTTCGGCGCAT-1,True,TCGCGTTTCGGCGCAT-1_contig_1,True,523,TRB,TRBV13-2,None,TRBJ2-3,None,True,True,CASGDAPPGEGTLYF,TGTGCCAGCGGTGATGCACCTCCAGGGGAGGGAACGCTGTATTTT,2680,3,clonotype37,clonotype37_consensus_2
TCGCGTTTCGGCGCAT-1,True,TCGCGTTTCGGCGCAT-1_contig_2,True,577,TRA,TRAV13N-3,None,TRAJ49,TRAC,True,True,CAMGGYQNFYF,TGTGCTATGGGGGGTTACCAGAACTTCTATTTT,3350,2,clonotype37,clonotype37_consensus_1
TCGCGTTTCGGCGCAT-1,True,TCGCGTTTCGGCGCAT-1_contig_3,True,517,TRB,TRBV23,None,TRBJ2-5,None,True,False,None,None,1662,1,clonotype37,None
TCGGGACAGAGGTTGC-1,True,TCGGGACAGAGGTTGC-1_contig_1,True,552,TRB,TRBV16,None,TRBJ2-4,None,True,True,CASSSPWGGQNTLYF,TGTGCAAGCAGCTCCCCCTGGGGGGGTCAAAACACCTTGTACTTT,9900,10,clonotype500,clonotype500_consensus_2
TCGGGACAGAGGTTGC-1,True,TCGGGACAGAGGTTGC-1_contig_2,True,564,TRB,TRBV12-2+TRBV13-2,None,TRBJ2-7,None,True,True,CASGDGWGVKYF,TGTGCCAGCGGTGATGGCTGGGGGGTGAAGTACTTC,13222,14,clonotype500,clonotype500_consensus_1
TCGGGACAGAGGTTGC-1,True,TCGGGACAGAGGTTGC-1_contig_3,True,588,TRA,TRAV12D-2,None,TRAJ24,TRAC,True,True,CAFPASLGKLQF,TGTGCTTTTCCTGCCAGTTTGGGGAAACTGCAGTTT,14262,10,clonotype500,clonotype500_consensus_3
TCGGGACAGAGTACCG-1,True,TCGGGACAGAGTACCG-1_contig_1,True,505,TRB,TRBV13-1,None,TRBJ2-4,None,True,True,CASSEGTNTLYF,TGTGCCAGCAGTGAAGGAACAAACACCTTGTACTTT,23636,17,clonotype6,clonotype6_consensus_1
TCGGGACAGAGTACCG-1,True,TCGGGACAGAGTACCG-1_contig_2,True,610,TRB,TRBV12-2+TRBV13-2,None,TRBJ2-5,None,True,False,CASGDW,TGTGCCAGCGGTGACTGG,3384,3,clonotype6,None
TCGGGACAGCCACTAT-1,True,TCGGGACAGCCACTAT-1_contig_1,True,556,TRA,TRAV19,None,TRAJ39,TRAC,True,True,CAAGGNNAGAKLTF,TGCGCAGCAGGTGGGAATAATGCAGGTGCCAAGCTCACATTC,12286,12,clonotype1,clonotype1_consensus_2
TCGGGACAGCCACTAT-1,True,TCGGGACAGCCACTAT-1_contig_2,True,568,TRB,TRBV12-2+TRBV13-2,None,TRBJ1-2,TRBC1,True,True,CASGGGTGNSDYTF,TGTGCCAGCGGTGGGGGGACAGGGAACTCCGACTACACCTTC,21870,19,clonotype1,clonotype1_consensus_1
TCGGGACAGCCACTAT-1,True,TCGGGACAGCCACTAT-1_contig_3,True,503,TRA,TRAV7-5,None,TRAJ45,TRAC,True,False,CSDTEGADRLTF,TGCAGTGATACAGAAGGTGCAGATAGACTCACCTTT,588,1,clonotype1,None
TCGGGACAGCGATCCC-1,True,TCGGGACAGCGATCCC-1_contig_1,True,547,TRA,TRAV6-6,None,TRAJ24,TRAC,True,True,CAPLTTASLGKLQF,TGTGCTCCGTTGACAACTGCCAGTTTGGGGAAACTGCAGTTT,4700,4,clonotype2,clonotype2_consensus_2
TCGGGACAGCGATCCC-1,True,TCGGGACAGCGATCCC-1_contig_2,True,505,TRB,TRBV13-1,None,TRBJ2-4,None,True,True,CASSEGTNTLYF,TGTGCCAGCAGTGAAGGAACAAACACCTTGTACTTT,6110,5,clonotype2,clonotype2_consensus_1
TCGGGACAGGATATAC-1,True,TCGGGACAGGATATAC-1_contig_1,True,539,TRA,TRAV19,None,TRAJ39,TRAC,True,True,CAAGGNNAGAKLTF,TGCGCAGCAGGTGGGAATAATGCAGGTGCCAAGCTCACATTC,5972,3,clonotype1,clonotype1_consensus_2
TCGGGACAGGATATAC-1,True,TCGGGACAGGATATAC-1_contig_2,True,568,TRB,TRBV12-2+TRBV13-2,None,TRBJ1-2,TRBC1,True,True,CASGGGTGNSDYTF,TGTGCCAGCGGTGGGGGGACAGGGAACTCCGACTACACCTTC,14386,9,clonotype1,clonotype1_consensus_1
TCGGGACAGGATATAC-1,True,TCGGGACAGGATATAC-1_contig_3,True,333,TRB,None,None,TRBJ2-1,None,False,False,None,None,6224,3,clonotype1,None
TCGGGACAGGCCCGTT-1,True,TCGGGACAGGCCCGTT-1_contig_1,True,558,TRA,TRAV19,None,TRAJ39,TRAC,True,True,CAAGGNNAGAKLTF,TGCGCAGCAGGTGGGAATAATGCAGGTGCCAAGCTCACATTC,3916,3,clonotype1,clonotype1_consensus_2
TCGGGACAGGCCCGTT-1,True,TCGGGACAGGCCCGTT-1_contig_2,True,571,TRB,TRBV12-2+TRBV13-2,None,TRBJ1-2,TRBC1,True,True,CASGGGTGNSDYTF,TGTGCCAGCGGTGGGGGGACAGGGAACTCCGACTACACCTTC,4444,5,clonotype1,clonotype1_consensus_1
TCGGGACAGGCCCGTT-1,True,TCGGGACAGGCCCGTT-1_contig_3,True,369,TRB,None,None,TRBJ2-1,None,False,False,None,None,3516,3,clonotype1,None
TCGGGACCAACCGCCA-1,True,TCGGGACCAACCGCCA-1_contig_1,True,566,TRA,TRAV3-3,None,TRAJ45,TRAC,True,True,CAVRNTEGADRLTF,TGCGCAGTCAGGAATACAGAAGGTGCAGATAGACTCACCTTT,7508,7,clonotype501,clonotype501_consensus_2
TCGGGACCAACCGCCA-1,True,TCGGGACCAACCGCCA-1_contig_2,True,507,TRB,TRBV13-3,None,TRBJ1-2,TRBC1,True,True,CAAGGGADSDYTF,TGTGCCGCCGGGGGGGGGGCGGACTCCGACTACACCTTC,12156,8,clonotype501,clonotype501_consensus_1
TCGGGACCACGAGAGT-1,True,TCGGGACCACGAGAGT-1_contig_1,True,558,TRA,TRAV19,None,TRAJ39,TRAC,True,True,CAAGGNNAGAKLTF,TGCGCAGCAGGTGGGAATAATGCAGGTGCCAAGCTCACATTC,4528,3,clonotype1,clonotype1_consensus_2
TCGGGACCACGAGAGT-1,True,TCGGGACCACGAGAGT-1_contig_2,True,570,TRB,TRBV12-2+TRBV13-2,None,TRBJ1-2,TRBC1,True,True,CASGGGTGNSDYTF,TGTGCCAGCGGTGGGGGGACAGGGAACTCCGACTACACCTTC,25136,23,clonotype1,clonotype1_consensus_1
TCGGGACCACGAGAGT-1,True,TCGGGACCACGAGAGT-1_contig_3,True,500,TRA,TRAV7-5,None,TRAJ45,TRAC,True,False,CSDTEGADRLTF,TGCAGTGATACAGAAGGTGCAGATAGACTCACCTTT,2210,1,clonotype1,None
TCGGGACCACGAGAGT-1,True,TCGGGACCACGAGAGT-1_contig_4,True,464,TRB,None,None,TRBJ2-7,None,False,False,None,None,3956,4,clonotype1,None
TCGGGACCATGTTGAC-1,True,TCGGGACCATGTTGAC-1_contig_1,True,571,TRA,TRAV16D-DV11,None,TRAJ9,TRAC,True,True,CAMRESNMGYKLTF,TGTGCTATGAGAGAGAGCAACATGGGCTACAAACTTACCTTC,8754,5,clonotype32,clonotype32_consensus_1
TCGGGACCATGTTGAC-1,True,TCGGGACCATGTTGAC-1_contig_2,True,601,TRB,TRBV20,None,TRBJ1-6,TRBC1,True,True,CADRSYNSPLYF,TGTGCCGACAGGTCCTATAATTCGCCCCTCTACTTT,7496,5,clonotype32,clonotype32_consensus_2
TCGGGACCATGTTGAC-1,True,TCGGGACCATGTTGAC-1_contig_3,True,466,TRB,TRBV13-1,None,TRBJ2-4,None,True,False,CASSEGTNTLYF,TGTGCCAGCAGTGAAGGAACAAACACCTTGTACTTT,1800,2,clonotype32,None
TCGGGACCATGTTGAC-1,True,TCGGGACCATGTTGAC-1_contig_4,True,368,TRB,None,None,TRBJ2-1,None,False,False,None,None,2622,2,clonotype32,None
TCGGGACGTAAATGAC-1,True,TCGGGACGTAAATGAC-1_contig_1,True,549,TRB,TRBV16,None,TRBJ2-5,None,True,True,CASSLGGYQDTQYF,TGTGCAAGCAGCTTAGGGGGCTACCAAGACACCCAGTACTTT,15208,13,clonotype35,clonotype35_consensus_3
TCGGGACGTAAATGAC-1,True,TCGGGACGTAAATGAC-1_contig_2,True,555,TRA,TRAV4-3,None,TRAJ27,TRAC,True,True,CAAANTNTGKLTF,TGTGCTGCTGCTAACACCAATACAGGCAAATTAACCTTT,4832,3,clonotype35,clonotype35_consensus_2
TCGGGACGTAAATGAC-1,True,TCGGGACGTAAATGAC-1_contig_3,True,519,TRA,TRAV12-1,None,TRAJ48,TRAC,True,True,CALSDAGDYGNEKITF,TGTGCTCTGAGTGATGCAGGAGACTATGGAAATGAGAAAATAACTTTT,3216,2,clonotype35,clonotype35_consensus_1
TCGGGACGTACATGTC-1,True,TCGGGACGTACATGTC-1_contig_1,True,549,TRA,TRAV19,None,TRAJ48,TRAC,True,True,CAADGNEKITF,TGCGCAGCAGATGGAAATGAGAAAATAACTTTT,2016,3,clonotype141,clonotype141_consensus_1
TCGGGACGTACATGTC-1,True,TCGGGACGTACATGTC-1_contig_2,True,549,TRB,TRBV16,None,TRBJ2-5,None,True,True,CASSLGGGEDTQYF,TGTGCAAGCAGCTTAGGAGGGGGCGAGGACACCCAGTACTTT,2880,2,clonotype141,clonotype141_consensus_2
TCGGGACGTACATGTC-1,True,TCGGGACGTACATGTC-1_contig_3,True,533,TRB,TRBV20,None,TRBJ2-1,None,True,False,None,None,212,1,clonotype141,None
TCGGGACGTCCGTTAA-1,True,TCGGGACGTCCGTTAA-1_contig_1,True,507,TRA,TRAV6-6,None,TRAJ24,TRAC,True,True,CAPLTTASLGKLQF,TGTGCTCCGTTGACAACTGCCAGTTTGGGGAAACTGCAGTTT,5196,3,clonotype3,clonotype3_consensus_2
TCGGGACGTCCGTTAA-1,True,TCGGGACGTCCGTTAA-1_contig_2,True,505,TRB,TRBV13-1,None,TRBJ2-4,None,True,True,CASSEGTNTLYF,TGTGCCAGCAGTGAAGGAACAAACACCTTGTACTTT,28678,25,clonotype3,clonotype3_consensus_1
TCGGGACGTCCGTTAA-1,True,TCGGGACGTCCGTTAA-1_contig_3,True,710,TRA,TRAV9D-2,None,TRAJ26,TRAC,True,True,CVLSRGNNYAQGLTF,TGTGTTCTGAGCAGGGGCAATAACTATGCCCAGGGATTAACCTTC,7360,5,clonotype3,clonotype3_consensus_3
TCGGGACTCACTTATC-1,True,TCGGGACTCACTTATC-1_contig_1,True,566,TRA,TRAV3-3,None,TRAJ49,TRAC,True,True,CAVSGSTGYQNFYF,TGCGCAGTCAGTGGGAGCACGGGTTACCAGAACTTCTATTTT,13792,11,clonotype5,clonotype5_consensus_1
TCGGGACTCACTTATC-1,True,TCGGGACTCACTTATC-1_contig_2,True,561,TRB,TRBV12-2+TRBV13-2,None,TRBJ2-7,None,True,True,CASGVQGWEQYF,TGTGCCAGCGGTGTACAGGGGTGGGAACAGTACTTC,9052,10,clonotype5,clonotype5_consensus_2
TCGGGACTCACTTATC-1,True,TCGGGACTCACTTATC-1_contig_3,True,539,TRA,TRAV6D-5,None,TRAJ38,TRAC,True,False,CTTVFWDNVGDNSKLIW,TGTACTACTGTGTTCTGGGATAATGTTGGTGACAACAGTAAGCTGATTTGG,3420,2,clonotype5,None
TCGGGACTCTTGGGTA-1,True,TCGGGACTCTTGGGTA-1_contig_1,True,534,TRB,TRBV13-2,None,TRBJ2-7,None,True,True,CASGGQGEQYF,TGTGCCAGCGGCGGACAGGGTGAACAGTACTTC,6800,6,clonotype502,clonotype502_consensus_1
TCGGGACTCTTGGGTA-1,True,TCGGGACTCTTGGGTA-1_contig_2,True,705,TRA,TRAV9N-4,None,TRAJ26,TRAC,True,True,CALNYAQGLTF,TGTGCTCTCAACTATGCCCAGGGATTAACCTTC,5634,3,clonotype502,clonotype502_consensus_2
TCGGGACTCTTGGGTA-1,True,TCGGGACTCTTGGGTA-1_contig_3,True,836,TRB,None,None,TRBJ1-2,TRBC1,False,False,None,None,7760,5,clonotype502,None
TCGGGACTCTTGGGTA-1,True,TCGGGACTCTTGGGTA-1_contig_4,True,355,TRB,None,None,TRBJ2-1,None,False,False,None,None,5208,2,clonotype502,None
TCGGTAAAGACTAGGC-1,True,TCGGTAAAGACTAGGC-1_contig_1,True,566,TRA,TRAV16,None,TRAJ57,TRAC,True,True,CAMREPQGGSAKLIF,TGTGCTATGAGAGAGCCTCAAGGAGGGTCTGCGAAGCTCATCTTT,8542,10,clonotype22,clonotype22_consensus_3
TCGGTAAAGACTAGGC-1,True,TCGGTAAAGACTAGGC-1_contig_2,True,532,TRA,TRAV13-4-DV7,None,TRAJ58,TRAC,True,True,CAPMQQGTGSKLSF,TGTGCTCCTATGCAGCAAGGCACTGGGTCTAAGCTGTCATTT,5838,9,clonotype22,clonotype22_consensus_2
TCGGTAAAGACTAGGC-1,True,TCGGTAAAGACTAGGC-1_contig_3,True,525,TRB,TRBV17,None,TRBJ2-5,None,True,True,CASSRKGVQDTQYF,TGTGCTAGCAGTAGAAAGGGGGTCCAAGACACCCAGTACTTT,51320,62,clonotype22,clonotype22_consensus_1
TCGGTAAAGACTAGGC-1,True,TCGGTAAAGACTAGGC-1_contig_4,True,321,TRB,None,None,TRBJ2-3,None,False,False,None,None,9676,10,clonotype22,None
TCGGTAAAGCCTATGT-1,True,TCGGTAAAGCCTATGT-1_contig_1,True,519,TRA,TRAV6-6,None,TRAJ24,TRAC,True,True,CAPLTTASLGKLQF,TGTGCTCCGTTGACAACTGCCAGTTTGGGGAAACTGCAGTTT,1200,2,clonotype3,clonotype3_consensus_2
TCGGTAAAGCCTATGT-1,True,TCGGTAAAGCCTATGT-1_contig_2,True,512,TRB,TRBV13-1,None,TRBJ2-4,None,True,True,CASSEGTNTLYF,TGTGCCAGCAGTGAAGGAACAAACACCTTGTACTTT,27906,23,clonotype3,clonotype3_consensus_1
TCGGTAAAGCCTATGT-1,True,TCGGTAAAGCCTATGT-1_contig_3,True,706,TRA,TRAV9D-2,None,TRAJ26,TRAC,True,True,CVLSRGNNYAQGLTF,TGTGTTCTGAGCAGGGGCAATAACTATGCCCAGGGATTAACCTTC,4550,3,clonotype3,clonotype3_consensus_3
TCGGTAAAGCGTGAGT-1,True,TCGGTAAAGCGTGAGT-1_contig_1,True,549,TRB,TRBV16,None,TRBJ2-5,None,True,True,CASSLGGGQDTQYF,TGTGCAAGCAGCTTAGGGGGGGGCCAAGACACCCAGTACTTT,890,3,clonotype15,clonotype15_consensus_1
TCGGTAAAGCGTGAGT-1,True,TCGGTAAAGCGTGAGT-1_contig_2,True,559,TRA,TRAV4D-3,None,TRAJ27,TRAC,True,True,CAADGPNTGKLTF,TGTGCTGCGGACGGACCCAATACAGGCAAATTAACCTTT,1482,1,clonotype15,clonotype15_consensus_2
TCGGTAAAGCGTGAGT-1,True,TCGGTAAAGCGTGAGT-1_contig_3,True,468,TRB,None,None,TRBJ2-7,None,False,False,None,None,1582,2,clonotype15,None
TCGGTAACAATAGAGT-1,True,TCGGTAACAATAGAGT-1_contig_1,True,505,TRB,TRBV13-1,None,TRBJ2-3,None,True,True,CASGDSAETLYF,TGTGCCAGCGGGGACAGTGCAGAAACGCTGTATTTT,10696,10,clonotype24,clonotype24_consensus_1
TCGGTAACAATAGAGT-1,True,TCGGTAACAATAGAGT-1_contig_2,True,401,TRB,None,None,TRBJ1-6,TRBC1,False,False,None,None,2696,2,clonotype24,None
TCGGTAACAATAGAGT-1,True,TCGGTAACAATAGAGT-1_contig_3,True,510,TRA,TRAV3D-3,None,TRAJ28,TRAC,True,False,CTSAQSVRGTGSNRLTF,TGTACTTCTGCGCAGTCAGTGAGGGGCACTGGGAGTAACAGGCTCACTTTT,846,2,clonotype24,None
TCGGTAAGTCCGTCAG-1,True,TCGGTAAGTCCGTCAG-1_contig_1,True,549,TRB,TRBV16,None,TRBJ2-5,None,True,True,CASSLGGGQDTQYF,TGTGCAAGCAGCTTAGGGGGGGGCCAAGACACCCAGTACTTT,7892,8,clonotype8,clonotype8_consensus_1
TCGGTAAGTCCGTCAG-1,True,TCGGTAAGTCCGTCAG-1_contig_2,True,571,TRA,TRAV4D-3,None,TRAJ27,TRAC,True,True,CAADGPNTGKLTF,TGTGCTGCGGACGGACCCAATACAGGCAAATTAACCTTT,4620,4,clonotype8,clonotype8_consensus_2
TCGGTAAGTCCGTCAG-1,True,TCGGTAAGTCCGTCAG-1_contig_3,True,525,TRA,TRAV7N-6,None,TRAJ30,TRAC,True,True,CAVVDTNAYKVIF,TGTGCAGTGGTTGACACAAATGCTTACAAAGTCATCTTT,3474,2,clonotype8,clonotype8_consensus_3
TCGGTAAGTCGGGTCT-1,True,TCGGTAAGTCGGGTCT-1_contig_1,True,562,TRA,TRAV16D-DV11,None,TRAJ26,TRAC,True,True,CAMREENNYAQGLTF,TGTGCTATGAGAGAGGAAAATAACTATGCCCAGGGATTAACCTTC,1630,1,clonotype12,clonotype12_consensus_2
TCGGTAAGTCGGGTCT-1,True,TCGGTAAGTCGGGTCT-1_contig_2,True,512,TRB,TRBV13-1,None,TRBJ2-3,None,True,True,CASGDSAETLYF,TGTGCCAGCGGGGACAGTGCAGAAACGCTGTATTTT,36080,23,clonotype12,clonotype12_consensus_1
TCGGTAAGTCGGGTCT-1,True,TCGGTAAGTCGGGTCT-1_contig_3,True,381,TRB,None,None,TRBJ1-6,TRBC1,False,False,None,None,2238,1,clonotype12,None
TCGGTAAGTCGGGTCT-1,True,TCGGTAAGTCGGGTCT-1_contig_4,True,567,TRA,TRAV3D-3,None,TRAJ28,TRAC,True,False,CTSAQSVRGTGSNRLTF,TGTACTTCTGCGCAGTCAGTGAGGGGCACTGGGAGTAACAGGCTCACTTTT,3038,2,clonotype12,None
TCGGTAAGTTACTGAC-1,True,TCGGTAAGTTACTGAC-1_contig_1,True,627,TRA,TRAV16D-DV11,None,TRAJ26,TRAC,True,True,CAMREENNYAQGLTF,TGTGCTATGAGAGAGGAAAATAACTATGCCCAGGGATTAACCTTC,15068,11,clonotype12,clonotype12_consensus_2
TCGGTAAGTTACTGAC-1,True,TCGGTAAGTTACTGAC-1_contig_2,True,505,TRB,TRBV13-1,None,TRBJ2-3,None,True,True,CASGDSAETLYF,TGTGCCAGCGGGGACAGTGCAGAAACGCTGTATTTT,14220,11,clonotype12,clonotype12_consensus_1
TCGGTAAGTTACTGAC-1,True,TCGGTAAGTTACTGAC-1_contig_3,True,451,TRB,None,None,TRBJ1-6,TRBC1,False,False,None,None,7458,6,clonotype12,None
TCGGTAAGTTACTGAC-1,True,TCGGTAAGTTACTGAC-1_contig_4,True,460,TRB,None,None,TRBJ2-7,None,False,False,None,None,3026,2,clonotype12,None
TCGGTAAGTTACTGAC-1,True,TCGGTAAGTTACTGAC-1_contig_5,True,575,TRA,TRAV3D-3,None,TRAJ28,TRAC,True,False,CTSAQSVRGTGSNRLTF,TGTACTTCTGCGCAGTCAGTGAGGGGCACTGGGAGTAACAGGCTCACTTTT,10282,6,clonotype12,None
TCGTACCAGACATAAC-1,True,TCGTACCAGACATAAC-1_contig_1,True,521,TRB,TRBV13-2,None,TRBJ2-3,None,True,True,CASGDAPPGEGTLYF,TGTGCCAGCGGTGATGCACCTCCAGGGGAGGGAACGCTGTATTTT,1324,3,clonotype503,clonotype503_consensus_2
TCGTACCAGACATAAC-1,True,TCGTACCAGACATAAC-1_contig_2,True,506,TRA,TRAV13-2,None,TRAJ43,TRAC,True,True,CATLNNNNAPRF,TGTGCTACTCTCAATAACAACAATGCCCCACGATTT,2744,2,clonotype503,clonotype503_consensus_1
TCGTACCCACCGAATT-1,True,TCGTACCCACCGAATT-1_contig_1,True,514,TRB,TRBV13-2,None,TRBJ1-5,TRBC1,True,True,CASGTGDNQAPLF,TGTGCCAGCGGGACAGGGGACAACCAGGCTCCGCTTTTT,3060,3,clonotype16,clonotype16_consensus_1
TCGTACCCACGTGAGA-1,True,TCGTACCCACGTGAGA-1_contig_1,True,573,TRA,TRAV8D-2,None,TRAJ15,TRAC,True,True,CATVPYQGGRALIF,TGTGCTACAGTCCCCTACCAGGGAGGCAGAGCTCTGATATTT,10918,8,clonotype504,clonotype504_consensus_2
TCGTACCCACGTGAGA-1,True,TCGTACCCACGTGAGA-1_contig_2,True,675,TRB,TRBV19,None,TRBJ2-4,None,True,True,CASSIHSSQNTLYF,TGTGCCAGCAGTATACACTCGAGTCAAAACACCTTGTACTTT,12458,10,clonotype504,clonotype504_consensus_1
TCGTACCCACGTGAGA-1,True,TCGTACCCACGTGAGA-1_contig_3,True,575,TRA,TRAV3-1,None,TRAJ12,TRAC,True,False,CTSAQSVTGGYKVVF,TGTACTTCTGCGCAGTCAGTGACTGGAGGCTATAAAGTGGTCTTT,5764,3,clonotype504,None
TCGTACCCACGTGAGA-1,True,TCGTACCCACGTGAGA-1_contig_4,True,426,TRB,None,None,TRBJ1-3,TRBC1,False,False,None,None,5444,5,clonotype504,None
TCGTACCCATCAGTCA-1,True,TCGTACCCATCAGTCA-1_contig_1,True,549,TRB,TRBV16,None,TRBJ2-5,None,True,True,CASSLGGGQDTQYF,TGTGCAAGCAGCTTAGGGGGGGGCCAAGACACCCAGTACTTT,14054,14,clonotype15,clonotype15_consensus_1
TCGTACCCATCAGTCA-1,True,TCGTACCCATCAGTCA-1_contig_2,True,593,TRA,TRAV4D-3,None,TRAJ27,TRAC,True,True,CAADGPNTGKLTF,TGTGCTGCGGACGGACCCAATACAGGCAAATTAACCTTT,8828,8,clonotype15,clonotype15_consensus_2
TCGTACCGTACCGTTA-1,True,TCGTACCGTACCGTTA-1_contig_1,True,546,TRA,TRAV8-1,None,TRAJ30,TRAC,True,True,CATDTNAYKVIF,TGTGCTACCGACACAAATGCTTACAAAGTCATCTTT,1988,2,clonotype104,clonotype104_consensus_1
TCGTACCGTACCGTTA-1,True,TCGTACCGTACCGTTA-1_contig_2,True,561,TRB,TRBV12-2+TRBV13-2,None,TRBJ2-1,None,True,False,None,None,3606,4,clonotype104,None
TCGTACCGTCGAAAGC-1,True,TCGTACCGTCGAAAGC-1_contig_1,True,552,TRA,TRAV6-6,None,TRAJ24,TRAC,True,True,CAPLTTASLGKLQF,TGTGCTCCGTTGACAACTGCCAGTTTGGGGAAACTGCAGTTT,7998,6,clonotype3,clonotype3_consensus_2
TCGTACCGTCGAAAGC-1,True,TCGTACCGTCGAAAGC-1_contig_2,True,512,TRB,TRBV13-1,None,TRBJ2-4,None,True,True,CASSEGTNTLYF,TGTGCCAGCAGTGAAGGAACAAACACCTTGTACTTT,7016,8,clonotype3,clonotype3_consensus_1
TCGTACCGTCGAAAGC-1,True,TCGTACCGTCGAAAGC-1_contig_3,True,669,TRA,TRAV9D-2,None,TRAJ26,TRAC,True,True,CVLSRGNNYAQGLTF,TGTGTTCTGAGCAGGGGCAATAACTATGCCCAGGGATTAACCTTC,7080,4,clonotype3,clonotype3_consensus_3
TCGTACCGTCGAAAGC-1,True,TCGTACCGTCGAAAGC-1_contig_4,True,571,TRB,TRBV12-2+TRBV13-2,None,TRBJ2-5,None,True,False,CASGDW,TGTGCCAGCGGTGACTGG,2480,2,clonotype3,None
TCGTACCGTCGAAAGC-1,True,TCGTACCGTCGAAAGC-1_contig_5,True,463,TRB,None,None,TRBJ2-7,None,False,False,None,None,1518,1,clonotype3,None
TCGTACCTCTCAAGTG-1,True,TCGTACCTCTCAAGTG-1_contig_1,True,554,TRA,TRAV8-1,None,TRAJ30,TRAC,True,True,CATDTNAYKVIF,TGTGCTACTGACACAAATGCTTACAAAGTCATCTTT,4372,4,clonotype505,clonotype505_consensus_1
TCGTACCTCTCAAGTG-1,True,TCGTACCTCTCAAGTG-1_contig_2,True,565,TRB,TRBV12-2+TRBV13-2,None,TRBJ1-5,TRBC1,True,True,CASGTGDNQAPLF,TGTGCCAGCGGTACCGGGGACAACCAGGCTCCGCTTTTT,3768,5,clonotype505,clonotype505_consensus_2
TCGTACCTCTCAAGTG-1,True,TCGTACCTCTCAAGTG-1_contig_3,True,505,TRB,TRBV23,None,TRBJ1-1,TRBC1,True,False,None,None,2296,1,clonotype505,None
TCGTACCTCTGGTGTA-1,True,TCGTACCTCTGGTGTA-1_contig_1,True,529,TRA,TRAV6-6,None,TRAJ24,TRAC,True,True,CAPLTTASLGKLQF,TGTGCTCCGTTGACAACTGCCAGTTTGGGGAAACTGCAGTTT,7460,5,clonotype3,clonotype3_consensus_2
TCGTACCTCTGGTGTA-1,True,TCGTACCTCTGGTGTA-1_contig_2,True,505,TRB,TRBV13-1,None,TRBJ2-4,None,True,True,CASSEGTNTLYF,TGTGCCAGCAGTGAAGGAACAAACACCTTGTACTTT,26038,22,clonotype3,clonotype3_consensus_1
TCGTACCTCTGGTGTA-1,True,TCGTACCTCTGGTGTA-1_contig_3,True,715,TRA,TRAV9D-2,None,TRAJ26,TRAC,True,True,CVLSRGNNYAQGLTF,TGTGTTCTGAGCAGGGGCAATAACTATGCCCAGGGATTAACCTTC,10706,7,clonotype3,clonotype3_consensus_3
TCGTACCTCTGGTGTA-1,True,TCGTACCTCTGGTGTA-1_contig_4,True,454,TRB,TRBV16,None,TRBJ2-5,None,True,False,CASSLGGGQDTQYF,TGTGCAAGCAGCTTAGGGGGGGGCCAAGACACCCAGTACTTT,1296,1,clonotype3,None
TCGTACCTCTGGTGTA-1,True,TCGTACCTCTGGTGTA-1_contig_5,True,317,TRB,TRBV13-2,None,TRBJ2-5,None,True,False,CASGDW,TGTGCCAGCGGTGACTGG,2884,2,clonotype3,None
TCTATTGAGTGGTAAT-1,True,TCTATTGAGTGGTAAT-1_contig_1,True,591,TRA,TRAV7-4,None,TRAJ49,TRAC,True,True,CAASPTGYQNFYF,TGTGCAGCTAGTCCCACGGGTTACCAGAACTTCTATTTT,13098,9,clonotype506,clonotype506_consensus_2
TCTATTGAGTGGTAAT-1,True,TCTATTGAGTGGTAAT-1_contig_2,True,521,TRB,TRBV26,None,TRBJ2-7,None,True,True,CASSPSTGGGPRQYF,TGTGCCAGCAGTCCCTCGACAGGGGGCGGCCCGCGGCAGTACTTC,24536,13,clonotype506,clonotype506_consensus_1
TCTATTGAGTTCGCAT-1,True,TCTATTGAGTTCGCAT-1_contig_1,True,545,TRA,TRAV14N-3,None,TRAJ6,TRAC,True,True,CAARTSGGNYKPTF,TGTGCAGCAAGAACCTCAGGAGGAAACTACAAACCTACGTTT,6092,3,clonotype4,clonotype4_consensus_2
TCTATTGAGTTCGCAT-1,True,TCTATTGAGTTCGCAT-1_contig_2,True,549,TRA,TRAV8N-2,None,TRAJ13,TRAC,True,True,CATEDSGTYQRF,TGTGCTACTGAGGATTCTGGGACTTACCAGAGGTTT,13338,10,clonotype4,clonotype4_consensus_1
TCTATTGAGTTCGCAT-1,True,TCTATTGAGTTCGCAT-1_contig_3,True,608,TRB,TRBV12-2+TRBV13-2,None,TRBJ2-7,None,True,True,CASGTGGDYEQYF,TGTGCCAGCGGGACTGGGGGGGACTATGAACAGTACTTC,7480,12,clonotype4,clonotype4_consensus_3
TCTATTGCATTGGCGC-1,True,TCTATTGCATTGGCGC-1_contig_1,True,556,TRA,TRAV19,None,TRAJ39,TRAC,True,True,CAAGGNNAGAKLTF,TGCGCAGCAGGTGGGAATAATGCAGGTGCCAAGCTCACATTC,33622,20,clonotype1,clonotype1_consensus_2
TCTATTGCATTGGCGC-1,True,TCTATTGCATTGGCGC-1_contig_2,True,582,TRB,TRBV12-2+TRBV13-2,None,TRBJ1-2,TRBC1,True,True,CASGGGTGNSDYTF,TGTGCCAGCGGTGGGGGGACAGGGAACTCCGACTACACCTTC,16206,13,clonotype1,clonotype1_consensus_1
TCTATTGCATTGGCGC-1,True,TCTATTGCATTGGCGC-1_contig_3,True,422,TRB,None,None,TRBJ2-1,None,False,False,None,None,12894,9,clonotype1,None
TCTATTGCATTGGCGC-1,True,TCTATTGCATTGGCGC-1_contig_4,True,623,TRB,None,None,TRBJ2-7,None,False,False,None,None,4984,3,clonotype1,None
TCTATTGCATTGGCGC-1,True,TCTATTGCATTGGCGC-1_contig_5,True,378,TRA,TRAV7-5,None,TRAJ45,TRAC,True,False,CSDTEGADRLTF,TGCAGTGATACAGAAGGTGCAGATAGACTCACCTTT,2582,1,clonotype1,None
TCTATTGTCCACTGGG-1,True,TCTATTGTCCACTGGG-1_contig_1,True,544,TRA,TRAV16D-DV11,None,TRAJ9,TRAC,True,True,CAMRESNMGYKLTF,TGTGCTATGAGAGAGAGCAACATGGGCTACAAACTTACCTTC,5604,3,clonotype66,clonotype66_consensus_1
TCTATTGTCCACTGGG-1,True,TCTATTGTCCACTGGG-1_contig_2,True,525,TRB,TRBV17,None,TRBJ2-5,None,True,True,CASSRKGAQDTQYF,TGTGCTAGCAGTAGGAAGGGGGCGCAAGACACCCAGTACTTT,18400,12,clonotype66,clonotype66_consensus_2
TCTATTGTCCACTGGG-1,True,TCTATTGTCCACTGGG-1_contig_3,True,530,TRB,TRBV20,None,TRBJ1-6,TRBC1,True,True,CADRSYNSPLYF,TGTGCCGACAGGTCCTATAATTCGCCCCTCTACTTT,12918,10,clonotype66,clonotype66_consensus_3
TCTATTGTCCACTGGG-1,True,TCTATTGTCCACTGGG-1_contig_4,True,481,TRB,None,None,TRBJ2-7,None,False,False,None,None,10468,5,clonotype66,None
TCTATTGTCCCTTGCA-1,True,TCTATTGTCCCTTGCA-1_contig_1,True,584,TRA,TRAV8-1,None,TRAJ30,TRAC,True,True,CATDTNAYKVIF,TGTGCTACCGACACAAATGCTTACAAAGTCATCTTT,2798,3,clonotype104,clonotype104_consensus_1
TCTATTGTCCCTTGCA-1,True,TCTATTGTCCCTTGCA-1_contig_2,True,471,TRB,None,None,TRBJ1-4,TRBC1,False,False,None,None,504,1,clonotype104,None
TCTCATAAGAATAGGG-1,True,TCTCATAAGAATAGGG-1_contig_1,True,568,TRB,TRBV12-2,None,TRBJ2-5,None,True,True,CASSLQGVQDTQYF,TGTGCCAGCTCTCTCCAGGGGGTCCAAGACACCCAGTACTTT,6968,7,clonotype75,clonotype75_consensus_1
TCTCATACATGCTAGT-1,True,TCTCATACATGCTAGT-1_contig_1,True,558,TRA,TRAV19,None,TRAJ39,TRAC,True,True,CAAGGNNAGAKLTF,TGCGCAGCAGGTGGGAATAATGCAGGTGCCAAGCTCACATTC,3962,2,clonotype1,clonotype1_consensus_2
TCTCATACATGCTAGT-1,True,TCTCATACATGCTAGT-1_contig_2,True,602,TRB,TRBV12-2+TRBV13-2,None,TRBJ1-2,TRBC1,True,True,CASGGGTGNSDYTF,TGTGCCAGCGGTGGGGGGACAGGGAACTCCGACTACACCTTC,8508,10,clonotype1,clonotype1_consensus_1
TCTCATAGTCGGCTCA-1,True,TCTCATAGTCGGCTCA-1_contig_1,True,566,TRA,TRAV3-3,None,TRAJ49,TRAC,True,True,CAVSGSTGYQNFYF,TGCGCAGTCAGTGGGAGCACGGGTTACCAGAACTTCTATTTT,5284,3,clonotype5,clonotype5_consensus_1
TCTCATAGTCGGCTCA-1,True,TCTCATAGTCGGCTCA-1_contig_2,True,561,TRB,TRBV12-2+TRBV13-2,None,TRBJ2-7,None,True,True,CASGVQGWEQYF,TGTGCCAGCGGTGTACAGGGGTGGGAACAGTACTTC,4238,6,clonotype5,clonotype5_consensus_2
TCTCATAGTCGGCTCA-1,True,TCTCATAGTCGGCTCA-1_contig_3,True,548,TRA,TRAV6D-5,None,TRAJ38,TRAC,True,False,CTTVFWDNVGDNSKLIW,TGTACTACTGTGTTCTGGGATAATGTTGGTGACAACAGTAAGCTGATTTGG,2406,3,clonotype5,None
TCTCATAGTGGTACAG-1,True,TCTCATAGTGGTACAG-1_contig_1,True,512,TRB,TRBV13-1,None,TRBJ2-4,None,True,True,CASSEGTNTLYF,TGTGCCAGCAGTGAAGGAACAAACACCTTGTACTTT,5130,6,clonotype6,clonotype6_consensus_1
TCTCATAGTGGTACAG-1,True,TCTCATAGTGGTACAG-1_contig_2,True,427,TRA,TRAV9D-2,None,TRAJ26,TRAC,True,False,CVLSRGNNYAQGLTF,TGTGTTCTGAGCAGGGGCAATAACTATGCCCAGGGATTAACCTTC,1784,3,clonotype6,None
TCTCATAGTTCCGGCA-1,True,TCTCATAGTTCCGGCA-1_contig_1,True,574,TRA,TRAV3D-3,None,TRAJ23,TRAC,True,True,CAVSDNYNQGKLIF,TGCGCAGTCAGTGATAATTATAACCAGGGGAAGCTTATCTTT,2268,1,clonotype109,clonotype109_consensus_1
TCTCATAGTTCCGGCA-1,True,TCTCATAGTTCCGGCA-1_contig_2,True,542,TRB,TRBV3,None,TRBJ2-5,None,True,True,CASSLDWGGQDTQYF,TGTGCCAGCAGCTTAGACTGGGGGGGGCAAGACACCCAGTACTTT,4514,3,clonotype109,clonotype109_consensus_2
TCTCATAGTTCCGGCA-1,True,TCTCATAGTTCCGGCA-1_contig_3,True,322,TRB,None,None,TRBJ2-7,None,False,False,None,None,3304,1,clonotype109,None
TCTCATATCTGTTTGT-1,True,TCTCATATCTGTTTGT-1_contig_1,True,572,TRB,TRBV12-2,None,TRBJ1-2,TRBC1,True,True,CASSLSTGGVNSDYTF,TGTGCCAGCTCTCTATCGACAGGGGGCGTGAACTCCGACTACACCTTC,16748,13,clonotype507,clonotype507_consensus_1
TCTCTAAAGAGTTGGC-1,True,TCTCTAAAGAGTTGGC-1_contig_1,True,555,TRA,TRAV3-3,None,TRAJ49,TRAC,True,True,CAVSGATGYQNFYF,TGCGCAGTCAGTGGGGCCACGGGTTACCAGAACTTCTATTTT,13026,11,clonotype10,clonotype10_consensus_3
TCTCTAAAGAGTTGGC-1,True,TCTCTAAAGAGTTGGC-1_contig_2,True,507,TRA,TRAV21-DV12,None,TRAJ42,TRAC,True,True,CILRVHGGSNAKLTF,TGTATCCTGAGAGTCCATGGAGGAAGCAATGCAAAGCTAACCTTC,32114,26,clonotype10,clonotype10_consensus_1
TCTCTAAAGAGTTGGC-1,True,TCTCTAAAGAGTTGGC-1_contig_3,True,596,TRB,TRBV12-2+TRBV13-2,None,TRBJ2-7,None,True,True,CASGVQGEQYF,TGTGCCAGCGGTGTTCAGGGAGAACAGTACTTC,16780,22,clonotype10,clonotype10_consensus_2
TCTCTAAAGAGTTGGC-1,True,TCTCTAAAGAGTTGGC-1_contig_4,True,328,TRB,None,None,TRBJ2-1,None,False,False,None,None,7558,18,clonotype10,None
TCTCTAAAGTGACATA-1,True,TCTCTAAAGTGACATA-1_contig_1,True,538,TRA,TRAV16D-DV11,None,TRAJ26,TRAC,True,True,CAMREENNYAQGLTF,TGTGCTATGAGAGAGGAAAATAACTATGCCCAGGGATTAACCTTC,1716,1,clonotype508,clonotype508_consensus_2
TCTCTAAAGTGACATA-1,True,TCTCTAAAGTGACATA-1_contig_2,True,451,TRB,TRBV13-1,None,TRBJ2-4,None,True,True,CASSEGTNTLYF,TGTGCCAGCAGTGAAGGAACAAACACCTTGTACTTT,80,2,clonotype508,clonotype508_consensus_1
TCTCTAAAGTGACATA-1,True,TCTCTAAAGTGACATA-1_contig_3,True,759,TRA,TRAV3D-3,None,TRAJ28,TRAC,True,False,CTSAQSVRGTGSNRLTF,TGTACTTCTGCGCAGTCAGTGAGGGGCACTGGGAGTAACAGGCTCACTTTT,2508,2,clonotype508,None
TCTCTAACAATCGGTT-1,True,TCTCTAACAATCGGTT-1_contig_1,True,544,TRA,TRAV8-1,None,TRAJ6,TRAC,True,True,CATDSTSGGNYKPTF,TGTGCTACTGATTCAACCTCAGGAGGAAACTACAAACCTACGTTT,1360,3,clonotype73,clonotype73_consensus_2
TCTCTAACAATCGGTT-1,True,TCTCTAACAATCGGTT-1_contig_2,True,508,TRB,TRBV13-1,None,TRBJ2-1,None,True,True,CASSGGDYAEQFF,TGTGCCAGCAGTGGGGGGGACTATGCTGAGCAGTTCTTC,14472,11,clonotype73,clonotype73_consensus_1
TCTCTAACAATCGGTT-1,True,TCTCTAACAATCGGTT-1_contig_3,True,467,TRB,None,None,TRBJ1-2,TRBC1,False,False,None,None,5494,4,clonotype73,None
TCTCTAATCAGGTTCA-1,True,TCTCTAATCAGGTTCA-1_contig_1,True,566,TRA,TRAV3-3,None,TRAJ49,TRAC,True,True,CAVSGATGYQNFYF,TGCGCAGTCAGTGGGGCCACGGGTTACCAGAACTTCTATTTT,1582,3,clonotype65,clonotype65_consensus_2
TCTCTAATCAGGTTCA-1,True,TCTCTAATCAGGTTCA-1_contig_2,True,558,TRB,TRBV12-2+TRBV13-2,None,TRBJ2-7,None,True,True,CASGVQGEQYF,TGTGCCAGCGGTGTTCAGGGAGAACAGTACTTC,8514,8,clonotype65,clonotype65_consensus_1
TCTGAGAAGAGCCTAG-1,True,TCTGAGAAGAGCCTAG-1_contig_1,True,567,TRA,TRAV8-1,None,TRAJ30,TRAC,True,True,CATDTNAYKVIF,TGTGCTACCGACACAAATGCTTACAAAGTCATCTTT,2934,2,clonotype147,clonotype147_consensus_1
TCTGAGAAGAGCCTAG-1,True,TCTGAGAAGAGCCTAG-1_contig_2,True,566,TRB,TRBV12-2+TRBV13-2,None,TRBJ1-5,TRBC1,True,True,CASGTGDNQAPLF,TGTGCCAGCGGGACAGGGGACAACCAGGCTCCGCTTTTT,11332,9,clonotype147,clonotype147_consensus_2
TCTGAGAAGAGCCTAG-1,True,TCTGAGAAGAGCCTAG-1_contig_3,True,334,TRB,None,None,TRBJ2-1,None,False,False,None,None,1910,1,clonotype147,None
TCTGAGAAGAGCCTAG-1,True,TCTGAGAAGAGCCTAG-1_contig_4,True,345,TRB,None,None,TRBJ2-3,None,False,False,None,None,2354,1,clonotype147,None
TCTGAGAAGCCCAGCT-1,True,TCTGAGAAGCCCAGCT-1_contig_1,True,518,TRB,TRBV13-1,None,TRBJ2-1,None,True,True,CASSDRGWYAEQFF,TGTGCCAGCAGTGACAGGGGGTGGTATGCTGAGCAGTTCTTC,5362,4,clonotype509,clonotype509_consensus_1
TCTGAGAAGCCCAGCT-1,True,TCTGAGAAGCCCAGCT-1_contig_2,True,591,TRA,TRAV7D-4,None,TRAJ31,TRAC,True,True,CAASEDSNNRIFF,TGTGCAGCTAGTGAGGATAGCAATAACAGAATCTTCTTT,1148,2,clonotype509,clonotype509_consensus_2
TCTGAGAAGCCCAGCT-1,True,TCTGAGAAGCCCAGCT-1_contig_3,True,555,TRA,TRAV4-3,None,TRAJ32,TRAC,True,False,None,None,4202,3,clonotype509,None
TCTGAGAAGCCCAGCT-1,True,TCTGAGAAGCCCAGCT-1_contig_4,True,531,TRB,TRBV15,None,TRBJ1-6,TRBC1,True,False,CVPAVPGTGGSYNSPLYF,TGTGTGCCAGCAGTTCCCGGGACAGGGGGGTCCTATAATTCGCCCCTCTACTTT,5052,2,clonotype509,None
TCTGAGAAGGTTACCT-1,True,TCTGAGAAGGTTACCT-1_contig_1,True,556,TRA,TRAV19,None,TRAJ39,TRAC,True,True,CAAGGNNAGAKLTF,TGCGCAGCAGGTGGGAATAATGCAGGTGCCAAGCTCACATTC,15762,13,clonotype1,clonotype1_consensus_2
TCTGAGAAGGTTACCT-1,True,TCTGAGAAGGTTACCT-1_contig_2,True,579,TRB,TRBV12-2+TRBV13-2,None,TRBJ1-2,TRBC1,True,True,CASGGGTGNSDYTF,TGTGCCAGCGGTGGGGGGACAGGGAACTCCGACTACACCTTC,16602,15,clonotype1,clonotype1_consensus_1
TCTGAGAAGGTTACCT-1,True,TCTGAGAAGGTTACCT-1_contig_3,True,402,TRB,None,None,TRBJ2-7,None,False,False,None,None,6984,4,clonotype1,None
TCTGAGAAGGTTACCT-1,True,TCTGAGAAGGTTACCT-1_contig_4,True,343,TRB,None,None,TRBJ2-3,None,False,False,None,None,3060,1,clonotype1,None
TCTGAGAAGGTTACCT-1,True,TCTGAGAAGGTTACCT-1_contig_5,True,518,TRA,TRAV7-5,None,TRAJ45,TRAC,True,False,CSDTEGADRLTF,TGCAGTGATACAGAAGGTGCAGATAGACTCACCTTT,9404,7,clonotype1,None
TCTGAGAAGGTTACCT-1,True,TCTGAGAAGGTTACCT-1_contig_6,True,373,TRB,None,None,TRBJ2-1,None,False,False,None,None,12720,10,clonotype1,None
TCTGAGAAGTTGTAGA-1,True,TCTGAGAAGTTGTAGA-1_contig_1,True,549,TRB,TRBV16,None,TRBJ2-5,None,True,True,CASSLGGYQDTQYF,TGTGCAAGCAGCTTAGGGGGCTACCAAGACACCCAGTACTTT,1308,1,clonotype35,clonotype35_consensus_3
TCTGAGAAGTTGTAGA-1,True,TCTGAGAAGTTGTAGA-1_contig_2,True,526,TRA,TRAV4-3,None,TRAJ27,TRAC,True,True,CAAANTNTGKLTF,TGTGCTGCTGCTAACACCAATACAGGCAAATTAACCTTT,1880,1,clonotype35,clonotype35_consensus_2
TCTGAGAAGTTGTAGA-1,True,TCTGAGAAGTTGTAGA-1_contig_3,True,568,TRA,TRAV12-1,None,TRAJ48,TRAC,True,True,CALSDAGDYGNEKITF,TGTGCTCTGAGTGATGCAGGAGACTATGGAAATGAGAAAATAACTTTT,2914,3,clonotype35,clonotype35_consensus_1
TCTGGAAAGAGATGAG-1,True,TCTGGAAAGAGATGAG-1_contig_1,True,566,TRA,TRAV3-3,None,TRAJ49,TRAC,True,True,CAVSGSTGYQNFYF,TGCGCAGTCAGTGGGAGCACGGGTTACCAGAACTTCTATTTT,10882,8,clonotype191,clonotype191_consensus_1
TCTGGAAAGAGATGAG-1,True,TCTGGAAAGAGATGAG-1_contig_2,True,574,TRB,TRBV12-2+TRBV13-2,None,TRBJ2-7,None,True,True,CASGVQGWEQYF,TGTGCCAGCGGTGTACAGGGGTGGGAACAGTACTTC,1488,2,clonotype191,clonotype191_consensus_2
TCTGGAAAGAGATGAG-1,True,TCTGGAAAGAGATGAG-1_contig_3,True,560,TRB,TRBV12-2+TRBV13-2,None,TRBJ1-5,TRBC1,True,True,CASGTGDNQAPLF,TGTGCCAGCGGGACAGGGGACAACCAGGCTCCGCTTTTT,3524,4,clonotype191,clonotype191_consensus_3
TCTGGAAAGAGATGAG-1,True,TCTGGAAAGAGATGAG-1_contig_4,True,530,TRB,None,None,TRBJ1-1,TRBC1,False,False,None,None,1962,2,clonotype191,None
TCTGGAAAGAGATGAG-1,True,TCTGGAAAGAGATGAG-1_contig_5,True,627,TRB,None,None,TRBJ2-5,None,False,False,None,None,5532,4,clonotype191,None
TCTGGAAAGCCTTGAT-1,True,TCTGGAAAGCCTTGAT-1_contig_1,True,558,TRA,TRAV19,None,TRAJ39,TRAC,True,True,CAAGGNNAGAKLTF,TGCGCAGCAGGTGGGAATAATGCAGGTGCCAAGCTCACATTC,15016,8,clonotype1,clonotype1_consensus_2
TCTGGAAAGCCTTGAT-1,True,TCTGGAAAGCCTTGAT-1_contig_2,True,607,TRB,TRBV12-2+TRBV13-2,None,TRBJ1-2,TRBC1,True,True,CASGGGTGNSDYTF,TGTGCCAGCGGTGGGGGGACAGGGAACTCCGACTACACCTTC,13646,15,clonotype1,clonotype1_consensus_1
TCTGGAAAGCCTTGAT-1,True,TCTGGAAAGCCTTGAT-1_contig_3,True,358,TRB,None,None,TRBJ2-7,None,False,False,None,None,5674,3,clonotype1,None
TCTGGAACAATAACGA-1,True,TCTGGAACAATAACGA-1_contig_1,True,549,TRA,TRAV6-6,None,TRAJ24,TRAC,True,True,CAPLTTASLGKLQF,TGTGCTCCGTTGACAACTGCCAGTTTGGGGAAACTGCAGTTT,8886,7,clonotype3,clonotype3_consensus_2
TCTGGAACAATAACGA-1,True,TCTGGAACAATAACGA-1_contig_2,True,505,TRB,TRBV13-1,None,TRBJ2-4,None,True,True,CASSEGTNTLYF,TGTGCCAGCAGTGAAGGAACAAACACCTTGTACTTT,56436,46,clonotype3,clonotype3_consensus_1
TCTGGAACAATAACGA-1,True,TCTGGAACAATAACGA-1_contig_3,True,716,TRA,TRAV9D-2,None,TRAJ26,TRAC,True,True,CVLSRGNNYAQGLTF,TGTGTTCTGAGCAGGGGCAATAACTATGCCCAGGGATTAACCTTC,8350,6,clonotype3,clonotype3_consensus_3
TCTGGAACAATAACGA-1,True,TCTGGAACAATAACGA-1_contig_4,True,347,TRB,None,None,TRBJ2-7,None,False,False,None,None,2498,2,clonotype3,None
TCTTCGGAGACACTAA-1,True,TCTTCGGAGACACTAA-1_contig_1,True,563,TRB,TRBV12-2+TRBV13-2,None,TRBJ1-5,TRBC1,True,True,CASGTGDNQAPLF,TGTGCCAGCGGGACAGGGGACAACCAGGCTCCGCTTTTT,3140,4,clonotype16,clonotype16_consensus_1
TCTTCGGAGTTGTAGA-1,True,TCTTCGGAGTTGTAGA-1_contig_1,True,539,TRA,TRAV19,None,TRAJ39,TRAC,True,True,CAAGGNNAGAKLTF,TGCGCAGCAGGTGGGAATAATGCAGGTGCCAAGCTCACATTC,4184,2,clonotype1,clonotype1_consensus_2
TCTTCGGAGTTGTAGA-1,True,TCTTCGGAGTTGTAGA-1_contig_2,True,560,TRB,TRBV12-2+TRBV13-2,None,TRBJ1-2,TRBC1,True,True,CASGGGTGNSDYTF,TGTGCCAGCGGTGGGGGGACAGGGAACTCCGACTACACCTTC,3936,6,clonotype1,clonotype1_consensus_1
TCTTCGGCATAGACTC-1,True,TCTTCGGCATAGACTC-1_contig_1,True,566,TRA,TRAV3-3,None,TRAJ49,TRAC,True,True,CAVSGATGYQNFYF,TGCGCAGTCAGTGGGGCCACGGGTTACCAGAACTTCTATTTT,13892,6,clonotype10,clonotype10_consensus_3
TCTTCGGCATAGACTC-1,True,TCTTCGGCATAGACTC-1_contig_2,True,507,TRA,TRAV21-DV12,None,TRAJ42,TRAC,True,True,CILRVHGGSNAKLTF,TGTATCCTGAGAGTCCATGGAGGAAGCAATGCAAAGCTAACCTTC,5584,6,clonotype10,clonotype10_consensus_1
TCTTCGGCATAGACTC-1,True,TCTTCGGCATAGACTC-1_contig_3,True,593,TRB,TRBV12-2+TRBV13-2,None,TRBJ2-7,None,True,True,CASGVQGEQYF,TGTGCCAGCGGTGTTCAGGGAGAACAGTACTTC,20328,18,clonotype10,clonotype10_consensus_2
TCTTCGGCATAGACTC-1,True,TCTTCGGCATAGACTC-1_contig_4,True,339,TRB,None,None,TRBJ2-1,None,False,False,None,None,10548,8,clonotype10,None
TCTTCGGCATTTCAGG-1,True,TCTTCGGCATTTCAGG-1_contig_1,True,549,TRB,TRBV16,None,TRBJ2-7,None,True,True,CASSFGGGADEQYF,TGTGCAAGCAGCTTTGGTGGGGGGGCGGATGAACAGTACTTC,19998,16,clonotype20,clonotype20_consensus_2
TCTTCGGCATTTCAGG-1,True,TCTTCGGCATTTCAGG-1_contig_2,True,540,TRA,TRAV13D-2,None,TRAJ11,TRAC,True,True,CAIDLDSGYNKLTF,TGTGCTATAGATCTTGACTCGGGATACAACAAACTCACTTTT,29822,18,clonotype20,clonotype20_consensus_1
TCTTCGGCATTTCAGG-1,True,TCTTCGGCATTTCAGG-1_contig_3,True,601,TRB,TRBV13-1,None,TRBJ1-2,TRBC1,True,False,None,None,2532,2,clonotype20,None
TCTTCGGGTATCTGCA-1,True,TCTTCGGGTATCTGCA-1_contig_1,True,524,TRA,TRAV14N-3,None,TRAJ6,TRAC,True,True,CAARTSGGNYKPTF,TGTGCAGCAAGAACCTCAGGAGGAAACTACAAACCTACGTTT,4432,3,clonotype196,clonotype196_consensus_2
TCTTCGGGTATCTGCA-1,True,TCTTCGGGTATCTGCA-1_contig_2,True,509,TRB,TRBV13-1,None,TRBJ2-7,None,True,True,CASSAPYEQYF,TGTGCCAGCAGTGCACCGTATGAACAGTACTTC,3358,2,clonotype196,clonotype196_consensus_1
TCTTCGGGTCCGACGT-1,True,TCTTCGGGTCCGACGT-1_contig_1,True,524,TRA,TRAV14N-3,None,TRAJ6,TRAC,True,True,CAARTSGGNYKPTF,TGTGCAGCAAGAACCTCAGGAGGAAACTACAAACCTACGTTT,3862,2,clonotype78,clonotype78_consensus_2
TCTTCGGGTCCGACGT-1,True,TCTTCGGGTCCGACGT-1_contig_2,True,549,TRA,TRAV8N-2,None,TRAJ13,TRAC,True,True,CATEDSGTYQRF,TGTGCTACTGAGGATTCTGGGACTTACCAGAGGTTT,4702,3,clonotype78,clonotype78_consensus_1
TCTTCGGGTGAGGCTA-1,True,TCTTCGGGTGAGGCTA-1_contig_1,True,555,TRA,TRAV7-3,None,TRAJ38,TRAC,True,True,CAVSAANVGDNSKLIW,TGTGCAGTGAGCGCGGCGAATGTTGGTGACAACAGTAAGCTGATTTGG,7158,4,clonotype207,clonotype207_consensus_2
TCTTCGGGTGAGGCTA-1,True,TCTTCGGGTGAGGCTA-1_contig_2,True,522,TRA,TRAV7N-6,None,TRAJ34,TRAC,True,True,CAISSNTNKVVF,TGTGCAATTTCTTCCAATACCAACAAAGTCGTCTTT,5202,3,clonotype207,clonotype207_consensus_1
TCTTCGGTCTTTAGGG-1,True,TCTTCGGTCTTTAGGG-1_contig_1,True,561,TRA,TRAV4-3,None,TRAJ42,TRAC,True,True,CAADNSGGSNAKLTF,TGTGCTGCTGATAATTCTGGAGGAAGCAATGCAAAGCTAACCTTC,3758,5,clonotype510,clonotype510_consensus_1
TCTTTCCAGCGATAGC-1,True,TCTTTCCAGCGATAGC-1_contig_1,True,523,TRA,TRAV7-5,None,TRAJ23,TRAC,True,True,CAVSMNYNQGKLIF,TGTGCAGTGAGCATGAATTATAACCAGGGGAAGCTTATCTTT,11856,7,clonotype154,clonotype154_consensus_3
TCTTTCCAGCGATAGC-1,True,TCTTTCCAGCGATAGC-1_contig_2,True,708,TRA,TRAV9-2,None,TRAJ32,TRAC,True,True,CVLSAGSSGNKLIF,TGTGTTTTGAGCGCTGGGAGCAGTGGCAACAAGCTCATCTTT,5244,3,clonotype154,clonotype154_consensus_2
TCTTTCCAGCGATAGC-1,True,TCTTTCCAGCGATAGC-1_contig_3,True,619,TRB,TRBV2,None,TRBJ2-7,None,True,True,CASSQGWGAFSYEQYF,TGTGCCAGCAGCCAAGGGTGGGGGGCTTTCTCCTATGAACAGTACTTC,12062,8,clonotype154,clonotype154_consensus_1
TCTTTCCAGCGATAGC-1,True,TCTTTCCAGCGATAGC-1_contig_4,True,459,TRB,None,None,TRBJ1-2,TRBC1,False,False,None,None,3188,3,clonotype154,None
TCTTTCCAGCGATAGC-1,True,TCTTTCCAGCGATAGC-1_contig_5,True,695,TRA,TRAV13D-4,None,TRAJ9,TRAC,True,False,None,None,1096,1,clonotype154,None
TCTTTCCGTAAGGGCT-1,True,TCTTTCCGTAAGGGCT-1_contig_1,True,516,TRA,TRAV6-6,None,TRAJ24,TRAC,True,True,CAPLTTASLGKLQF,TGTGCTCCGTTGACAACTGCCAGTTTGGGGAAACTGCAGTTT,11370,11,clonotype3,clonotype3_consensus_2
TCTTTCCGTAAGGGCT-1,True,TCTTTCCGTAAGGGCT-1_contig_2,True,505,TRB,TRBV13-1,None,TRBJ2-4,None,True,True,CASSEGTNTLYF,TGTGCCAGCAGTGAAGGAACAAACACCTTGTACTTT,49128,49,clonotype3,clonotype3_consensus_1
TCTTTCCGTAAGGGCT-1,True,TCTTTCCGTAAGGGCT-1_contig_3,True,671,TRA,TRAV9D-2,None,TRAJ26,TRAC,True,True,CVLSRGNNYAQGLTF,TGTGTTCTGAGCAGGGGCAATAACTATGCCCAGGGATTAACCTTC,9772,8,clonotype3,clonotype3_consensus_3
TCTTTCCGTAAGGGCT-1,True,TCTTTCCGTAAGGGCT-1_contig_4,True,407,TRB,None,None,TRBJ2-7,None,False,False,None,None,2100,1,clonotype3,None
TCTTTCCGTAAGGGCT-1,True,TCTTTCCGTAAGGGCT-1_contig_5,True,309,TRA,None,None,TRAJ17,TRAC,False,False,None,None,3260,3,clonotype3,None
TCTTTCCGTACTCAAC-1,True,TCTTTCCGTACTCAAC-1_contig_1,True,595,TRA,TRAV8D-1,None,TRAJ5,None,True,True,CATDGDTGLGQLTF,TGTGCTACTGATGGGGACACAGGTCTGGGGCAGCTCACTTTC,914,1,clonotype89,clonotype89_consensus_2
TCTTTCCGTACTCAAC-1,True,TCTTTCCGTACTCAAC-1_contig_2,True,580,TRB,TRBV12-2+TRBV13-2,None,TRBJ1-5,TRBC1,True,True,CASGDGDIQAPLF,TGTGCCAGCGGTGATGGGGACATCCAGGCTCCGCTTTTT,5680,5,clonotype89,clonotype89_consensus_1
TCTTTCCGTACTCAAC-1,True,TCTTTCCGTACTCAAC-1_contig_3,True,441,TRB,None,None,TRBJ2-3,None,False,False,None,None,6270,4,clonotype89,None
TCTTTCCGTCTGATCA-1,True,TCTTTCCGTCTGATCA-1_contig_1,True,502,TRB,TRBV13-1,None,TRBJ1-4,TRBC1,True,True,CASSGGERLFF,TGTGCCAGCAGTGGGGGCGAAAGATTATTTTTC,11776,9,clonotype511,clonotype511_consensus_2
TCTTTCCGTCTGATCA-1,True,TCTTTCCGTCTGATCA-1_contig_2,True,591,TRA,TRAV12-3,None,TRAJ45,TRAC,True,True,CALSPYTEGADRLTF,TGTGCTCTGAGTCCCTATACAGAAGGTGCAGATAGACTCACCTTT,4046,4,clonotype511,clonotype511_consensus_1
TCTTTCCGTCTGATCA-1,True,TCTTTCCGTCTGATCA-1_contig_3,True,310,TRB,None,None,TRBJ2-1,None,False,False,None,None,11140,6,clonotype511,None
TCTTTCCGTCTGATCA-1,True,TCTTTCCGTCTGATCA-1_contig_4,True,313,TRB,None,None,TRBJ2-7,None,False,False,None,None,6330,3,clonotype511,None
TCTTTCCTCATCGATG-1,True,TCTTTCCTCATCGATG-1_contig_1,True,562,TRB,TRBV12-2+TRBV13-2,None,TRBJ1-5,TRBC1,True,True,CASGDGDIQAPLF,TGTGCCAGCGGTGATGGGGACATCCAGGCTCCGCTTTTT,6438,4,clonotype512,clonotype512_consensus_1
TCTTTCCTCATCGATG-1,True,TCTTTCCTCATCGATG-1_contig_2,True,349,TRB,TRBV31,None,TRBJ2-7,None,True,False,None,None,9130,7,clonotype512,None
TCTTTCCTCATGCAAC-1,True,TCTTTCCTCATGCAAC-1_contig_1,True,549,TRB,TRBV16,None,TRBJ2-5,None,True,True,CASSLGGGQDTQYF,TGTGCAAGCAGCTTAGGGGGGGGCCAAGACACCCAGTACTTT,3944,5,clonotype8,clonotype8_consensus_1
TCTTTCCTCATGCAAC-1,True,TCTTTCCTCATGCAAC-1_contig_2,True,558,TRA,TRAV4D-3,None,TRAJ27,TRAC,True,True,CAADGPNTGKLTF,TGTGCTGCGGACGGACCCAATACAGGCAAATTAACCTTT,1342,2,clonotype8,clonotype8_consensus_2
TCTTTCCTCATGCAAC-1,True,TCTTTCCTCATGCAAC-1_contig_3,True,525,TRA,TRAV7N-6,None,TRAJ30,TRAC,True,True,CAVVDTNAYKVIF,TGTGCAGTGGTTGACACAAATGCTTACAAAGTCATCTTT,1234,1,clonotype8,clonotype8_consensus_3
TCTTTCCTCATGCAAC-1,True,TCTTTCCTCATGCAAC-1_contig_4,True,342,TRB,None,None,TRBJ2-7,None,False,False,None,None,2142,2,clonotype8,None
TGAAAGAAGAACTCGG-1,True,TGAAAGAAGAACTCGG-1_contig_1,True,549,TRB,TRBV16,None,TRBJ2-5,None,True,True,CASSLGGGQDTQYF,TGTGCAAGCAGCTTAGGGGGGGGGCAAGACACCCAGTACTTT,5678,7,clonotype11,clonotype11_consensus_2
TGAAAGAAGAACTCGG-1,True,TGAAAGAAGAACTCGG-1_contig_2,True,560,TRA,TRAV4D-3,None,TRAJ27,TRAC,True,True,CAADGPNTGKLTF,TGTGCTGCTGACGGGCCCAATACAGGCAAATTAACCTTT,2366,1,clonotype11,clonotype11_consensus_1
TGAAAGAAGAGAACAG-1,True,TGAAAGAAGAGAACAG-1_contig_1,True,505,TRB,TRBV13-1,None,TRBJ2-4,None,True,True,CASSEGTNTLYF,TGTGCCAGCAGTGAAGGAACAAACACCTTGTACTTT,7400,5,clonotype6,clonotype6_consensus_1
TGAAAGAAGAGAACAG-1,True,TGAAAGAAGAGAACAG-1_contig_2,True,457,TRA,TRAV6-6,None,TRAJ24,TRAC,True,False,CAPLTTASLGKLQF,TGTGCTCCGTTGACAACTGCCAGTTTGGGGAAACTGCAGTTT,4534,2,clonotype6,None
TGAAAGAAGATATGGT-1,True,TGAAAGAAGATATGGT-1_contig_1,True,555,TRA,TRAV3-3,None,TRAJ49,TRAC,True,True,CAVSGSTGYQNFYF,TGCGCAGTCAGTGGGAGCACGGGTTACCAGAACTTCTATTTT,7218,6,clonotype5,clonotype5_consensus_1
TGAAAGAAGATATGGT-1,True,TGAAAGAAGATATGGT-1_contig_2,True,591,TRB,TRBV12-2+TRBV13-2,None,TRBJ2-7,None,True,True,CASGVQGWEQYF,TGTGCCAGCGGTGTACAGGGGTGGGAACAGTACTTC,10724,15,clonotype5,clonotype5_consensus_2
TGAAAGACAGTCCTTC-1,True,TGAAAGACAGTCCTTC-1_contig_1,True,503,TRB,TRBV13-1,None,TRBJ2-4,None,True,True,CASSEGTNTLYF,TGTGCCAGCAGTGAAGGAACAAACACCTTGTACTTT,2296,2,clonotype9,clonotype9_consensus_1
TGAAAGACAGTCCTTC-1,True,TGAAAGACAGTCCTTC-1_contig_2,True,701,TRA,TRAV9D-2,None,TRAJ26,TRAC,True,True,CVLSRGNNYAQGLTF,TGTGTTCTGAGCAGGGGCAATAACTATGCCCAGGGATTAACCTTC,1128,3,clonotype9,clonotype9_consensus_2
TGAAAGAGTCTGATCA-1,True,TGAAAGAGTCTGATCA-1_contig_1,True,515,TRA,TRAV6-6,None,TRAJ24,TRAC,True,True,CAPLTTASLGKLQF,TGTGCTCCGTTGACAACTGCCAGTTTGGGGAAACTGCAGTTT,4086,5,clonotype2,clonotype2_consensus_2
TGAAAGAGTCTGATCA-1,True,TGAAAGAGTCTGATCA-1_contig_2,True,512,TRB,TRBV13-1,None,TRBJ2-4,None,True,True,CASSEGTNTLYF,TGTGCCAGCAGTGAAGGAACAAACACCTTGTACTTT,2018,1,clonotype2,clonotype2_consensus_1
TGAAAGAGTCTGATCA-1,True,TGAAAGAGTCTGATCA-1_contig_3,True,433,TRB,None,None,TRBJ2-7,None,False,False,None,None,1346,1,clonotype2,None
TGAAAGAGTCTGATCA-1,True,TGAAAGAGTCTGATCA-1_contig_4,True,341,TRB,TRBV31,None,TRBJ2-1,None,True,False,None,None,2546,1,clonotype2,None
TGAAAGAGTTCCGTCT-1,True,TGAAAGAGTTCCGTCT-1_contig_1,True,512,TRB,TRBV26,None,TRBJ1-1,TRBC1,True,True,CASSRGNTEVFF,TGTGCCAGCAGCCGCGGAAACACAGAAGTCTTCTTT,8256,6,clonotype27,clonotype27_consensus_2
TGAAAGAGTTCCGTCT-1,True,TGAAAGAGTTCCGTCT-1_contig_2,True,599,TRA,TRAV3-4,None,TRAJ49,TRAC,True,True,CAVRGGYQNFYF,TGCGCAGTCAGGGGGGGTTACCAGAACTTCTATTTT,2114,3,clonotype27,clonotype27_consensus_1
TGAAAGAGTTGGGACA-1,True,TGAAAGAGTTGGGACA-1_contig_1,True,667,TRA,TRAV16D-DV11,None,TRAJ26,TRAC,True,True,CAMREENNYAQGLTF,TGTGCTATGAGAGAGGAAAATAACTATGCCCAGGGATTAACCTTC,5744,5,clonotype12,clonotype12_consensus_2
TGAAAGAGTTGGGACA-1,True,TGAAAGAGTTGGGACA-1_contig_2,True,512,TRB,TRBV13-1,None,TRBJ2-3,None,True,True,CASGDSAETLYF,TGTGCCAGCGGGGACAGTGCAGAAACGCTGTATTTT,31320,22,clonotype12,clonotype12_consensus_1
TGAAAGAGTTGGGACA-1,True,TGAAAGAGTTGGGACA-1_contig_3,True,506,TRB,None,None,TRBJ1-6,TRBC1,False,False,None,None,21174,14,clonotype12,None
TGAAAGAGTTGGGACA-1,True,TGAAAGAGTTGGGACA-1_contig_4,True,575,TRA,TRAV3D-3,None,TRAJ28,TRAC,True,False,CTSAQSVRGTGSNRLTF,TGTACTTCTGCGCAGTCAGTGAGGGGCACTGGGAGTAACAGGCTCACTTTT,4162,3,clonotype12,None
TGAAAGATCGGCATCG-1,True,TGAAAGATCGGCATCG-1_contig_1,True,561,TRA,TRAV4-3,None,TRAJ42,TRAC,True,True,CAADNSGGSNAKLTF,TGTGCTGCTGATAATTCTGGAGGAAGCAATGCAAAGCTAACCTTC,4394,4,clonotype29,clonotype29_consensus_2
TGAAAGATCGGCATCG-1,True,TGAAAGATCGGCATCG-1_contig_2,True,505,TRB,TRBV13-1,None,TRBJ2-1,None,True,True,CASGGAYAEQFF,TGTGCCAGCGGGGGGGCGTATGCTGAGCAGTTCTTC,20630,16,clonotype29,clonotype29_consensus_1
TGAAAGATCGGCATCG-1,True,TGAAAGATCGGCATCG-1_contig_3,True,566,TRA,TRAV12-2,None,TRAJ34,TRAC,True,True,CALSGNTNKVVF,TGTGCTTTGAGTGGCAATACCAACAAAGTCGTCTTT,4378,4,clonotype29,clonotype29_consensus_3
TGAAAGATCGTGGACC-1,True,TGAAAGATCGTGGACC-1_contig_1,True,549,TRB,TRBV16,None,TRBJ2-5,None,True,True,CASSLGGGQDTQYF,TGTGCAAGCAGCTTAGGGGGGGGCCAAGACACCCAGTACTTT,44638,40,clonotype8,clonotype8_consensus_1
TGAAAGATCGTGGACC-1,True,TGAAAGATCGTGGACC-1_contig_2,True,570,TRA,TRAV4D-3,None,TRAJ27,TRAC,True,True,CAADGPNTGKLTF,TGTGCTGCGGACGGACCCAATACAGGCAAATTAACCTTT,14638,9,clonotype8,clonotype8_consensus_2
TGAAAGATCGTGGACC-1,True,TGAAAGATCGTGGACC-1_contig_3,True,525,TRA,TRAV7N-6,None,TRAJ30,TRAC,True,True,CAVVDTNAYKVIF,TGTGCAGTGGTTGACACAAATGCTTACAAAGTCATCTTT,7050,5,clonotype8,clonotype8_consensus_3
TGAAAGATCTCTGTCG-1,True,TGAAAGATCTCTGTCG-1_contig_1,True,519,TRA,TRAV6-6,None,TRAJ24,TRAC,True,True,CAPLTTASLGKLQF,TGTGCTCCGTTGACAACTGCCAGTTTGGGGAAACTGCAGTTT,6376,4,clonotype2,clonotype2_consensus_2
TGAAAGATCTCTGTCG-1,True,TGAAAGATCTCTGTCG-1_contig_2,True,505,TRB,TRBV13-1,None,TRBJ2-4,None,True,True,CASSEGTNTLYF,TGTGCCAGCAGTGAAGGAACAAACACCTTGTACTTT,10632,7,clonotype2,clonotype2_consensus_1
TGACAACAGTACGTTC-1,True,TGACAACAGTACGTTC-1_contig_1,True,513,TRA,TRAV6-6,None,TRAJ24,TRAC,True,True,CAPLTTASLGKLQF,TGTGCTCCGTTGACAACTGCCAGTTTGGGGAAACTGCAGTTT,3884,3,clonotype3,clonotype3_consensus_2
TGACAACAGTACGTTC-1,True,TGACAACAGTACGTTC-1_contig_2,True,512,TRB,TRBV13-1,None,TRBJ2-4,None,True,True,CASSEGTNTLYF,TGTGCCAGCAGTGAAGGAACAAACACCTTGTACTTT,25264,15,clonotype3,clonotype3_consensus_1
TGACAACAGTACGTTC-1,True,TGACAACAGTACGTTC-1_contig_3,True,729,TRA,TRAV9D-2,None,TRAJ26,TRAC,True,True,CVLSRGNNYAQGLTF,TGTGTTCTGAGCAGGGGCAATAACTATGCCCAGGGATTAACCTTC,5456,4,clonotype3,clonotype3_consensus_3
TGACAACAGTACGTTC-1,True,TGACAACAGTACGTTC-1_contig_4,True,571,TRB,TRBV12-2+TRBV13-2,None,TRBJ2-5,None,True,False,CASGDW,TGTGCCAGCGGTGACTGG,1776,1,clonotype3,None
TGACAACCAAGCTGGA-1,True,TGACAACCAAGCTGGA-1_contig_1,True,514,TRA,TRAV6-6,None,TRAJ24,TRAC,True,True,CAPLTTASLGKLQF,TGTGCTCCGTTGACAACTGCCAGTTTGGGGAAACTGCAGTTT,3388,3,clonotype3,clonotype3_consensus_2
TGACAACCAAGCTGGA-1,True,TGACAACCAAGCTGGA-1_contig_2,True,505,TRB,TRBV13-1,None,TRBJ2-4,None,True,True,CASSEGTNTLYF,TGTGCCAGCAGTGAAGGAACAAACACCTTGTACTTT,22746,16,clonotype3,clonotype3_consensus_1
TGACAACCAAGCTGGA-1,True,TGACAACCAAGCTGGA-1_contig_3,True,730,TRA,TRAV9D-2,None,TRAJ26,TRAC,True,True,CVLSRGNNYAQGLTF,TGTGTTCTGAGCAGGGGCAATAACTATGCCCAGGGATTAACCTTC,2416,2,clonotype3,clonotype3_consensus_3
TGACAACCACAACGCC-1,True,TGACAACCACAACGCC-1_contig_1,True,549,TRB,TRBV16,None,TRBJ2-5,None,True,True,CASSLGGGQDTQYF,TGTGCAAGCAGCTTAGGGGGGGGGCAAGACACCCAGTACTTT,2300,3,clonotype77,clonotype77_consensus_1
TGACAACGTAGCTAAA-1,True,TGACAACGTAGCTAAA-1_contig_1,True,555,TRA,TRAV3-3,None,TRAJ49,TRAC,True,True,CAVSGATGYQNFYF,TGCGCAGTCAGTGGGGCCACGGGTTACCAGAACTTCTATTTT,5092,4,clonotype10,clonotype10_consensus_3
TGACAACGTAGCTAAA-1,True,TGACAACGTAGCTAAA-1_contig_2,True,507,TRA,TRAV21-DV12,None,TRAJ42,TRAC,True,True,CILRVHGGSNAKLTF,TGTATCCTGAGAGTCCATGGAGGAAGCAATGCAAAGCTAACCTTC,6124,4,clonotype10,clonotype10_consensus_1
TGACAACGTAGCTAAA-1,True,TGACAACGTAGCTAAA-1_contig_3,True,570,TRB,TRBV12-2+TRBV13-2,None,TRBJ2-7,None,True,True,CASGVQGEQYF,TGTGCCAGCGGTGTTCAGGGAGAACAGTACTTC,6136,6,clonotype10,clonotype10_consensus_2
TGACAACGTAGCTAAA-1,True,TGACAACGTAGCTAAA-1_contig_4,True,303,TRB,None,None,TRBJ2-3,None,False,False,None,None,4696,2,clonotype10,None
TGACAACGTCTCTTTA-1,True,TGACAACGTCTCTTTA-1_contig_1,True,600,TRA,TRAV14N-3,None,TRAJ6,TRAC,True,True,CAARTSGGNYKPTF,TGTGCAGCAAGAACCTCAGGAGGAAACTACAAACCTACGTTT,24318,14,clonotype4,clonotype4_consensus_2
TGACAACGTCTCTTTA-1,True,TGACAACGTCTCTTTA-1_contig_2,True,549,TRA,TRAV8N-2,None,TRAJ13,TRAC,True,True,CATEDSGTYQRF,TGTGCTACTGAGGATTCTGGGACTTACCAGAGGTTT,21600,14,clonotype4,clonotype4_consensus_1
TGACAACGTCTCTTTA-1,True,TGACAACGTCTCTTTA-1_contig_3,True,607,TRB,TRBV12-2+TRBV13-2,None,TRBJ2-7,None,True,True,CASGTGGDYEQYF,TGTGCCAGCGGGACTGGGGGGGACTATGAACAGTACTTC,30364,27,clonotype4,clonotype4_consensus_3
TGACAACGTGAGTATA-1,True,TGACAACGTGAGTATA-1_contig_1,True,558,TRA,TRAV19,None,TRAJ39,TRAC,True,True,CAAGGNNAGAKLTF,TGCGCAGCAGGTGGGAATAATGCAGGTGCCAAGCTCACATTC,2236,2,clonotype1,clonotype1_consensus_2
TGACAACGTGAGTATA-1,True,TGACAACGTGAGTATA-1_contig_2,True,567,TRB,TRBV12-2+TRBV13-2,None,TRBJ1-2,TRBC1,True,True,CASGGGTGNSDYTF,TGTGCCAGCGGTGGGGGGACAGGGAACTCCGACTACACCTTC,2072,5,clonotype1,clonotype1_consensus_1
TGACAACGTGAGTATA-1,True,TGACAACGTGAGTATA-1_contig_3,True,548,TRB,TRBV16,None,TRBJ2-7,None,True,False,CASSFGGGADEQYF,TGTGCAAGCAGCTTTGGTGGGGGGGCGGATGAACAGTACTTC,2264,1,clonotype1,None
TGACAACTCTGTTTGT-1,True,TGACAACTCTGTTTGT-1_contig_1,True,505,TRA,TRAV8-1,None,TRAJ30,TRAC,True,True,CATDTNAYKVIF,TGTGCTACCGACACAAATGCTTACAAAGTCATCTTT,2406,1,clonotype38,clonotype38_consensus_1
TGACAACTCTGTTTGT-1,True,TGACAACTCTGTTTGT-1_contig_2,True,564,TRB,TRBV12-2+TRBV13-2,None,TRBJ1-5,TRBC1,True,True,CASGTGDNQAPLF,TGTGCCAGCGGTACAGGAGACAACCAGGCTCCGCTTTTT,7524,10,clonotype38,clonotype38_consensus_2
TGACAACTCTGTTTGT-1,True,TGACAACTCTGTTTGT-1_contig_3,True,375,TRB,None,None,TRBJ1-4,TRBC1,False,False,None,None,3350,2,clonotype38,None
TGACGGCAGGCTAGAC-1,True,TGACGGCAGGCTAGAC-1_contig_1,True,538,TRA,TRAV8D-1,None,TRAJ31,TRAC,True,True,CATDSNNRIFF,TGTGCTACTGATAGCAATAACAGAATCTTCTTT,3434,2,clonotype206,clonotype206_consensus_1
TGACGGCAGGCTAGAC-1,True,TGACGGCAGGCTAGAC-1_contig_2,True,525,TRB,TRBV13-2,None,TRBJ2-1,None,True,True,CASAGGDYAEQFF,TGTGCCAGCGCGGGGGGGGACTATGCTGAGCAGTTCTTC,2746,3,clonotype206,clonotype206_consensus_2
TGACGGCCAAGACACG-1,True,TGACGGCCAAGACACG-1_contig_1,True,549,TRB,TRBV16,None,TRBJ2-5,None,True,True,CASSLGGYQDTQYF,TGTGCAAGCAGCTTAGGGGGCTACCAAGACACCCAGTACTTT,2194,3,clonotype28,clonotype28_consensus_2
TGACGGCCAAGACACG-1,True,TGACGGCCAAGACACG-1_contig_2,True,528,TRA,TRAV4-3,None,TRAJ27,TRAC,True,True,CAAANTNTGKLTF,TGTGCTGCTGCTAACACCAATACAGGCAAATTAACCTTT,3044,3,clonotype28,clonotype28_consensus_1
TGACGGCCAGTTAACC-1,True,TGACGGCCAGTTAACC-1_contig_1,True,512,TRB,TRBV13-1,None,TRBJ2-3,None,True,True,CASGDSAETLYF,TGTGCCAGCGGGGACAGTGCAGAAACGCTGTATTTT,8134,8,clonotype24,clonotype24_consensus_1
TGACGGCCAGTTAACC-1,True,TGACGGCCAGTTAACC-1_contig_2,True,589,TRA,TRAV16D-DV11,None,TRAJ25,TRAC,True,False,None,None,2880,1,clonotype24,None
TGACGGCGTCACACGC-1,True,TGACGGCGTCACACGC-1_contig_1,True,555,TRA,TRAV3-3,None,TRAJ49,TRAC,True,True,CAVSGATGYQNFYF,TGCGCAGTCAGTGGGGCCACGGGTTACCAGAACTTCTATTTT,9550,7,clonotype10,clonotype10_consensus_3
TGACGGCGTCACACGC-1,True,TGACGGCGTCACACGC-1_contig_2,True,507,TRA,TRAV21-DV12,None,TRAJ42,TRAC,True,True,CILRVHGGSNAKLTF,TGTATCCTGAGAGTCCATGGAGGAAGCAATGCAAAGCTAACCTTC,9302,5,clonotype10,clonotype10_consensus_1
TGACGGCGTCACACGC-1,True,TGACGGCGTCACACGC-1_contig_3,True,580,TRB,TRBV12-2+TRBV13-2,None,TRBJ2-7,None,True,True,CASGVQGEQYF,TGTGCCAGCGGTGTTCAGGGAGAACAGTACTTC,35484,36,clonotype10,clonotype10_consensus_2
TGACGGCGTCACACGC-1,True,TGACGGCGTCACACGC-1_contig_4,True,356,TRB,None,None,TRBJ2-1,None,False,False,None,None,14658,14,clonotype10,None
TGACGGCGTCTAGAGG-1,True,TGACGGCGTCTAGAGG-1_contig_1,True,558,TRA,TRAV4D-3,None,TRAJ27,TRAC,True,True,CAADGPNTGKLTF,TGTGCTGCTGACGGGCCCAATACAGGCAAATTAACCTTT,3876,4,clonotype57,clonotype57_consensus_1
TGACGGCGTGATAAAC-1,True,TGACGGCGTGATAAAC-1_contig_1,True,512,TRB,TRBV13-1,None,TRBJ2-4,None,True,True,CASSEGTNTLYF,TGTGCCAGCAGTGAAGGAACAAACACCTTGTACTTT,4982,4,clonotype6,clonotype6_consensus_1
TGACGGCGTGATAAAC-1,True,TGACGGCGTGATAAAC-1_contig_2,True,482,TRA,TRAV9D-2,None,TRAJ25,TRAC,True,False,CVLSRGNNYAQGLTF,TGTGTTCTGAGCAGGGGCAATAACTATGCCCAGGGATTAACCTTC,2020,2,clonotype6,None
TGACGGCGTGATAAAC-1,True,TGACGGCGTGATAAAC-1_contig_3,True,311,TRB,None,None,TRBJ2-7,None,False,False,None,None,2272,1,clonotype6,None
TGACGGCGTGATAAAC-1,True,TGACGGCGTGATAAAC-1_contig_4,True,764,TRA,TRAV9D-2,None,TRAJ26,TRAC,True,False,CVLSRGNNYAQGLTF,TGTGTTCTGAGCAGGGGCAATAACTATGCCCAGGGATTAACCTTC,1776,2,clonotype6,None
TGACGGCGTTAGGGTG-1,True,TGACGGCGTTAGGGTG-1_contig_1,True,558,TRA,TRAV19,None,TRAJ39,TRAC,True,True,CAAGGNNAGAKLTF,TGCGCAGCAGGTGGGAATAATGCAGGTGCCAAGCTCACATTC,15622,10,clonotype1,clonotype1_consensus_2
TGACGGCGTTAGGGTG-1,True,TGACGGCGTTAGGGTG-1_contig_2,True,622,TRB,TRBV12-2+TRBV13-2,None,TRBJ1-2,TRBC1,True,True,CASGGGTGNSDYTF,TGTGCCAGCGGTGGGGGGACAGGGAACTCCGACTACACCTTC,20478,19,clonotype1,clonotype1_consensus_1
TGACGGCTCATGTCCC-1,True,TGACGGCTCATGTCCC-1_contig_1,True,568,TRB,TRBV12-2+TRBV13-2,None,TRBJ1-2,TRBC1,True,True,CASGGGTGNSDYTF,TGTGCCAGCGGTGGGGGGACAGGGAACTCCGACTACACCTTC,2524,3,clonotype7,clonotype7_consensus_1
TGACGGCTCCATGCTC-1,True,TGACGGCTCCATGCTC-1_contig_1,True,572,TRA,TRAV14N-3,None,TRAJ6,TRAC,True,True,CAARTSGGNYKPTF,TGTGCAGCAAGAACCTCAGGAGGAAACTACAAACCTACGTTT,10764,5,clonotype4,clonotype4_consensus_2
TGACGGCTCCATGCTC-1,True,TGACGGCTCCATGCTC-1_contig_2,True,549,TRA,TRAV8N-2,None,TRAJ13,TRAC,True,True,CATEDSGTYQRF,TGTGCTACTGAGGATTCTGGGACTTACCAGAGGTTT,17066,10,clonotype4,clonotype4_consensus_1
TGACGGCTCCATGCTC-1,True,TGACGGCTCCATGCTC-1_contig_3,True,599,TRB,TRBV12-2+TRBV13-2,None,TRBJ2-7,None,True,True,CASGTGGDYEQYF,TGTGCCAGCGGGACTGGGGGGGACTATGAACAGTACTTC,7602,8,clonotype4,clonotype4_consensus_3
TGACGGCTCGCACTCT-1,True,TGACGGCTCGCACTCT-1_contig_1,True,505,TRB,TRBV13-1,None,TRBJ2-4,None,True,True,CASSEGTNTLYF,TGTGCCAGCAGTGAAGGAACAAACACCTTGTACTTT,8938,8,clonotype6,clonotype6_consensus_1
TGACGGCTCGCACTCT-1,True,TGACGGCTCGCACTCT-1_contig_2,True,380,TRA,TRAV9D-2,None,TRAJ26,TRAC,True,False,CVLSRGNNYAQGLTF,TGTGTTCTGAGCAGGGGCAATAACTATGCCCAGGGATTAACCTTC,2762,1,clonotype6,None
TGACGGCTCGGAAATA-1,True,TGACGGCTCGGAAATA-1_contig_1,True,541,TRA,TRAV8D-1,None,TRAJ30,TRAC,True,True,CATDTNAYKVIF,TGTGCTACTGACACAAATGCTTACAAAGTCATCTTT,4538,3,clonotype70,clonotype70_consensus_1
TGACGGCTCGGAAATA-1,True,TGACGGCTCGGAAATA-1_contig_2,True,423,TRB,None,None,TRBJ2-5,None,False,False,None,None,5646,4,clonotype70,None
TGACTAGAGAACTGTA-1,True,TGACTAGAGAACTGTA-1_contig_1,True,503,TRB,TRBV13-1,None,TRBJ2-4,None,True,True,CASSEGTNTLYF,TGTGCCAGCAGTGAAGGAACAAACACCTTGTACTTT,6340,5,clonotype9,clonotype9_consensus_1
TGACTAGAGAACTGTA-1,True,TGACTAGAGAACTGTA-1_contig_2,True,702,TRA,TRAV9D-2,None,TRAJ26,TRAC,True,True,CVLSRGNNYAQGLTF,TGTGTTCTGAGCAGGGGCAATAACTATGCCCAGGGATTAACCTTC,1708,2,clonotype9,clonotype9_consensus_2
TGACTAGGTGTTAAGA-1,True,TGACTAGGTGTTAAGA-1_contig_1,True,566,TRA,TRAV16,None,TRAJ48,TRAC,True,True,CAMRESNYGNEKITF,TGTGCTATGAGAGAGAGCAACTATGGAAATGAGAAAATAACTTTT,718,1,clonotype513,clonotype513_consensus_1
TGACTAGGTGTTAAGA-1,True,TGACTAGGTGTTAAGA-1_contig_2,True,563,TRB,TRBV12-2+TRBV13-2,None,TRBJ2-7,None,True,True,CASGDPGHRDF,TGTGCCAGCGGTGATCCGGGACACAGAGACTTC,9858,8,clonotype513,clonotype513_consensus_2
TGACTAGGTGTTAAGA-1,True,TGACTAGGTGTTAAGA-1_contig_3,True,633,TRB,TRBV3,None,TRBJ2-7,None,True,False,CASSFEG,TGTGCCAGCAGCTTTGAAGGG,1528,1,clonotype513,None
TGACTAGTCGGCGCAT-1,True,TGACTAGTCGGCGCAT-1_contig_1,True,558,TRA,TRAV19,None,TRAJ39,TRAC,True,True,CAAGGNNAGAKLTF,TGCGCAGCAGGTGGGAATAATGCAGGTGCCAAGCTCACATTC,10868,8,clonotype1,clonotype1_consensus_2
TGACTAGTCGGCGCAT-1,True,TGACTAGTCGGCGCAT-1_contig_2,True,569,TRB,TRBV12-2+TRBV13-2,None,TRBJ1-2,TRBC1,True,True,CASGGGTGNSDYTF,TGTGCCAGCGGTGGGGGGACAGGGAACTCCGACTACACCTTC,20290,19,clonotype1,clonotype1_consensus_1
TGACTAGTCGGCGCAT-1,True,TGACTAGTCGGCGCAT-1_contig_3,True,546,TRA,TRAV7-5,None,TRAJ45,TRAC,True,False,CSDTEGADRLTF,TGCAGTGATACAGAAGGTGCAGATAGACTCACCTTT,4968,2,clonotype1,None
TGACTAGTCGGCGCAT-1,True,TGACTAGTCGGCGCAT-1_contig_4,True,338,TRB,None,None,TRBJ2-3,None,False,False,None,None,2266,1,clonotype1,None
TGACTTTAGGCTAGAC-1,True,TGACTTTAGGCTAGAC-1_contig_1,True,505,TRB,TRBV13-1,None,TRBJ2-4,None,True,True,CASSEGTNTLYF,TGTGCCAGCAGTGAAGGAACAAACACCTTGTACTTT,1856,2,clonotype9,clonotype9_consensus_1
TGACTTTAGGCTAGAC-1,True,TGACTTTAGGCTAGAC-1_contig_2,True,670,TRA,TRAV9D-2,None,TRAJ26,TRAC,True,True,CVLSRGNNYAQGLTF,TGTGTTCTGAGCAGGGGCAATAACTATGCCCAGGGATTAACCTTC,4220,3,clonotype9,clonotype9_consensus_2
TGACTTTAGGTGCACA-1,True,TGACTTTAGGTGCACA-1_contig_1,True,629,TRA,TRAV16D-DV11,None,TRAJ9,TRAC,True,True,CAMRESNMGYKLTF,TGTGCTATGAGAGAGAGCAACATGGGCTACAAACTTACCTTC,8976,4,clonotype32,clonotype32_consensus_1
TGACTTTAGGTGCACA-1,True,TGACTTTAGGTGCACA-1_contig_2,True,606,TRB,TRBV20,None,TRBJ1-6,TRBC1,True,True,CADRSYNSPLYF,TGTGCCGACAGGTCCTATAATTCGCCCCTCTACTTT,16968,12,clonotype32,clonotype32_consensus_2
TGACTTTAGGTGCACA-1,True,TGACTTTAGGTGCACA-1_contig_3,True,432,TRB,None,None,TRBJ2-7,None,False,False,None,None,3650,4,clonotype32,None
TGACTTTCAGGCGATA-1,True,TGACTTTCAGGCGATA-1_contig_1,True,572,TRA,TRAV19,None,TRAJ39,TRAC,True,True,CAAGGNNAGAKLTF,TGCGCAGCAGGTGGGAATAATGCAGGTGCCAAGCTCACATTC,1188,2,clonotype1,clonotype1_consensus_2
TGACTTTCAGGCGATA-1,True,TGACTTTCAGGCGATA-1_contig_2,True,638,TRB,TRBV12-2+TRBV13-2,None,TRBJ1-2,TRBC1,True,True,CASGGGTGNSDYTF,TGTGCCAGCGGTGGGGGGACAGGGAACTCCGACTACACCTTC,1624,5,clonotype1,clonotype1_consensus_1
TGACTTTCAGTCAGAG-1,True,TGACTTTCAGTCAGAG-1_contig_1,True,512,TRB,TRBV13-1,None,TRBJ2-4,None,True,True,CASSTGWNTLYF,TGTGCCAGCAGTACAGGGTGGAACACCTTGTACTTT,5138,6,clonotype151,clonotype151_consensus_1
TGACTTTGTAACGCGA-1,True,TGACTTTGTAACGCGA-1_contig_1,True,509,TRB,TRBV13-1,None,TRBJ2-2,None,True,True,CASSDPGQLYF,TGTGCCAGCAGTGATCCCGGGCAGCTCTACTTT,2570,2,clonotype514,clonotype514_consensus_1
TGACTTTGTAACGCGA-1,True,TGACTTTGTAACGCGA-1_contig_2,True,381,TRB,None,None,TRBJ2-7,None,False,False,None,None,1610,1,clonotype514,None
TGACTTTTCCGCATAA-1,True,TGACTTTTCCGCATAA-1_contig_1,True,519,TRA,TRAV6-6,None,TRAJ24,TRAC,True,True,CAPLTTASLGKLQF,TGTGCTCCGTTGACAACTGCCAGTTTGGGGAAACTGCAGTTT,12242,9,clonotype2,clonotype2_consensus_2
TGACTTTTCCGCATAA-1,True,TGACTTTTCCGCATAA-1_contig_2,True,505,TRB,TRBV13-1,None,TRBJ2-4,None,True,True,CASSEGTNTLYF,TGTGCCAGCAGTGAAGGAACAAACACCTTGTACTTT,44100,34,clonotype2,clonotype2_consensus_1
TGACTTTTCCGCATAA-1,True,TGACTTTTCCGCATAA-1_contig_3,True,605,TRB,TRBV12-2+TRBV13-2,None,TRBJ2-5,None,True,False,CASGDW,TGTGCCAGCGGTGACTGG,2200,2,clonotype2,None
TGAGAGGAGGTACTCT-1,True,TGAGAGGAGGTACTCT-1_contig_1,True,565,TRA,TRAV8-1,None,TRAJ30,TRAC,True,True,CASDTNAYKVIF,TGTGCTTCTGACACAAATGCTTACAAAGTCATCTTT,1244,1,clonotype23,clonotype23_consensus_2
TGAGAGGAGGTACTCT-1,True,TGAGAGGAGGTACTCT-1_contig_2,True,566,TRB,TRBV12-2+TRBV13-2,None,TRBJ1-5,TRBC1,True,True,CASGTGDNQAPLF,TGTGCCAGCGGGACAGGGGACAACCAGGCTCCGCTTTTT,3584,6,clonotype23,clonotype23_consensus_1
TGAGAGGCAATGGTCT-1,True,TGAGAGGCAATGGTCT-1_contig_1,True,558,TRA,TRAV3-3,None,TRAJ32,TRAC,True,True,CAVRAYGSSGNKLIF,TGCGCAGTCAGAGCTTATGGGAGCAGTGGCAACAAGCTCATCTTT,5792,5,clonotype137,clonotype137_consensus_2
TGAGAGGCAATGGTCT-1,True,TGAGAGGCAATGGTCT-1_contig_2,True,555,TRB,TRBV13-3,None,TRBJ2-2,None,True,True,CASSATSNTGQLYF,TGTGCCAGCAGTGCGACATCAAACACCGGGCAGCTCTACTTT,966,1,clonotype137,clonotype137_consensus_1
TGAGAGGCAATGGTCT-1,True,TGAGAGGCAATGGTCT-1_contig_3,True,606,TRA,TRAV13-1,None,TRAJ40,TRAC,True,False,None,None,1618,1,clonotype137,None
TGAGAGGGTATTACCG-1,True,TGAGAGGGTATTACCG-1_contig_1,True,568,TRB,TRBV12-2+TRBV13-2,None,TRBJ2-1,None,True,True,CASGAGDYAEQFF,TGTGCCAGCGGTGCTGGGGATTATGCTGAGCAGTTCTTC,8984,9,clonotype515,clonotype515_consensus_1
TGAGAGGGTATTACCG-1,True,TGAGAGGGTATTACCG-1_contig_2,True,936,TRB,None,None,TRBJ2-5,None,False,False,None,None,1120,2,clonotype515,None
TGAGCATAGGCAGTCA-1,True,TGAGCATAGGCAGTCA-1_contig_1,True,549,TRB,TRBV16,None,TRBJ2-7,None,True,True,CASSFGGGADEQYF,TGTGCAAGCAGCTTTGGTGGGGGGGCGGATGAACAGTACTTC,20030,16,clonotype20,clonotype20_consensus_2
TGAGCATAGGCAGTCA-1,True,TGAGCATAGGCAGTCA-1_contig_2,True,562,TRA,TRAV13D-2,None,TRAJ11,TRAC,True,True,CAIDLDSGYNKLTF,TGTGCTATAGATCTTGACTCGGGATACAACAAACTCACTTTT,5156,4,clonotype20,clonotype20_consensus_1
TGAGCATAGGCAGTCA-1,True,TGAGCATAGGCAGTCA-1_contig_3,True,455,TRA,TRAV11,None,TRAJ11,TRAC,True,False,CVVDSGYNKLTF,TGTGTGGTGGACTCGGGATACAACAAACTCACTTTT,136,1,clonotype20,None
TGAGCATCAATCAGAA-1,True,TGAGCATCAATCAGAA-1_contig_1,True,549,TRB,TRBV16,None,TRBJ2-5,None,True,True,CASSLGGGLDTQYF,TGTGCAAGCAGCTTAGGGGGGGGGCTCGACACCCAGTACTTT,2676,3,clonotype124,clonotype124_consensus_1
TGAGCATCAATCAGAA-1,True,TGAGCATCAATCAGAA-1_contig_2,True,554,Multi,TRDV1,None,TRAJ45,TRAC,True,False,CGGTEGADRLTF,TGTGGAGGGACAGAAGGTGCAGATAGACTCACCTTT,4226,3,clonotype124,None
TGAGCATCAGACTCGC-1,True,TGAGCATCAGACTCGC-1_contig_1,True,555,TRA,TRAV7-3,None,TRAJ38,TRAC,True,True,CAVSAANVGDNSKLIW,TGTGCAGTGAGCGCGGCGAATGTTGGTGACAACAGTAAGCTGATTTGG,9514,6,clonotype49,clonotype49_consensus_2
TGAGCATCAGACTCGC-1,True,TGAGCATCAGACTCGC-1_contig_2,True,505,TRB,TRBV13-1,None,TRBJ2-7,None,True,True,CASSGGHLEQYF,TGTGCCAGCAGTGGGGGACACCTTGAACAGTACTTC,10164,8,clonotype49,clonotype49_consensus_1
TGAGCATCAGATGAGC-1,True,TGAGCATCAGATGAGC-1_contig_1,True,569,TRB,TRBV12-2+TRBV13-2,None,TRBJ2-3,None,True,True,CASGDAPPGEGTLYF,TGTGCCAGCGGTGATGCACCTCCAGGGGAGGGAACGCTGTATTTT,3398,4,clonotype516,clonotype516_consensus_3
TGAGCATCAGATGAGC-1,True,TGAGCATCAGATGAGC-1_contig_2,True,544,TRA,TRAV14N-3,None,TRAJ6,TRAC,True,True,CAARTSGGNYKPTF,TGTGCAGCAAGAACCTCAGGAGGAAACTACAAACCTACGTTT,1610,1,clonotype516,clonotype516_consensus_2
TGAGCATCAGATGAGC-1,True,TGAGCATCAGATGAGC-1_contig_3,True,588,TRA,TRAV7-4,None,TRAJ26,TRAC,True,True,CAASDYAQGLTF,TGTGCAGCTAGTGACTATGCCCAGGGATTAACCTTC,3406,3,clonotype516,clonotype516_consensus_1
TGAGCATTCAGCTTAG-1,True,TGAGCATTCAGCTTAG-1_contig_1,True,566,TRA,TRAV3-3,None,TRAJ49,TRAC,True,True,CAVSGATGYQNFYF,TGCGCAGTCAGTGGGGCCACGGGTTACCAGAACTTCTATTTT,5518,4,clonotype64,clonotype64_consensus_1
TGAGCATTCAGCTTAG-1,True,TGAGCATTCAGCTTAG-1_contig_2,True,570,TRB,TRBV12-2+TRBV13-2,None,TRBJ2-5,None,True,True,CASGVQGDTQYF,TGTGCCAGCGGTGTTCAGGGGGACACCCAGTACTTT,9422,11,clonotype64,clonotype64_consensus_2
TGAGCATTCAGCTTAG-1,True,TGAGCATTCAGCTTAG-1_contig_3,True,552,TRA,TRAV8N-2,None,TRAJ43,TRAC,True,False,CATDANNNNAPRF,TGTGCTACTGATGCCAATAACAACAATGCCCCACGATTT,5796,3,clonotype64,None
TGAGCCGCAAGTCTGT-1,True,TGAGCCGCAAGTCTGT-1_contig_1,True,561,TRA,TRAV4-3,None,TRAJ42,TRAC,True,True,CAADNSGGSNAKLTF,TGTGCTGCTGATAATTCTGGAGGAAGCAATGCAAAGCTAACCTTC,3560,4,clonotype29,clonotype29_consensus_2
TGAGCCGCAAGTCTGT-1,True,TGAGCCGCAAGTCTGT-1_contig_2,True,512,TRB,TRBV13-1,None,TRBJ2-1,None,True,True,CASGGAYAEQFF,TGTGCCAGCGGGGGGGCGTATGCTGAGCAGTTCTTC,10282,10,clonotype29,clonotype29_consensus_1
TGAGCCGCAAGTCTGT-1,True,TGAGCCGCAAGTCTGT-1_contig_3,True,566,TRA,TRAV12-2,None,TRAJ34,TRAC,True,True,CALSGNTNKVVF,TGTGCTTTGAGTGGCAATACCAACAAAGTCGTCTTT,4112,3,clonotype29,clonotype29_consensus_3
TGAGCCGCAAGTCTGT-1,True,TGAGCCGCAAGTCTGT-1_contig_4,True,584,TRA,TRAV6N-7,None,TRAJ48,TRAC,True,False,CTTVLWVINYGNEKITF,TGTACTACTGTGCTCTGGGTGATCAACTATGGAAATGAGAAAATAACTTTT,5642,4,clonotype29,None
TGAGCCGCAAGTCTGT-1,True,TGAGCCGCAAGTCTGT-1_contig_5,True,621,TRB,TRBV12-1,None,TRBJ2-7,None,True,False,CQLFRQGREQYF,TGCCAGCTCTTCCGACAGGGGAGAGAACAGTACTTC,2070,1,clonotype29,None
TGAGCCGGTAGCTTGT-1,True,TGAGCCGGTAGCTTGT-1_contig_1,True,556,TRB,TRBV12-2+TRBV13-2,None,TRBJ2-1,None,True,True,CASGDPFQFF,TGTGCCAGCGGTGATCCTTTCCAGTTCTTC,11186,9,clonotype58,clonotype58_consensus_2
TGAGCCGGTAGCTTGT-1,True,TGAGCCGGTAGCTTGT-1_contig_2,True,507,TRB,TRBV5,None,TRBJ2-2,None,True,True,CASSTGQLYF,TGTGCCAGCAGCACCGGGCAGCTCTACTTT,12956,10,clonotype58,clonotype58_consensus_1
TGAGCCGGTAGCTTGT-1,True,TGAGCCGGTAGCTTGT-1_contig_3,True,560,TRA,TRAV9D-4,None,TRAJ22,TRAC,True,False,None,None,488,1,clonotype58,None
TGAGCCGGTAGCTTGT-1,True,TGAGCCGGTAGCTTGT-1_contig_4,True,497,TRA,TRAV9N-4,None,TRAJ22,TRAC,True,False,CALPSSGSWQLIF,TGTGCTCTCCCATCTTCTGGCAGCTGGCAACTCATCTTT,12,1,clonotype58,None
TGAGCCGGTCGACTAT-1,True,TGAGCCGGTCGACTAT-1_contig_1,True,566,TRA,TRAV3-3,None,TRAJ49,TRAC,True,True,CAVSGSTGYQNFYF,TGCGCAGTCAGTGGGAGCACGGGTTACCAGAACTTCTATTTT,13960,10,clonotype5,clonotype5_consensus_1
TGAGCCGGTCGACTAT-1,True,TGAGCCGGTCGACTAT-1_contig_2,True,580,TRB,TRBV12-2+TRBV13-2,None,TRBJ2-7,None,True,True,CASGVQGWEQYF,TGTGCCAGCGGTGTACAGGGGTGGGAACAGTACTTC,22210,16,clonotype5,clonotype5_consensus_2
TGAGCCGGTCGACTAT-1,True,TGAGCCGGTCGACTAT-1_contig_3,True,326,TRA,TRAV6D-5,None,None,TRAC,False,False,None,None,5598,3,clonotype5,None
TGAGCCGTCCACGTTC-1,True,TGAGCCGTCCACGTTC-1_contig_1,True,558,TRA,TRAV19,None,TRAJ39,TRAC,True,True,CAAGGNNAGAKLTF,TGCGCAGCAGGTGGGAATAATGCAGGTGCCAAGCTCACATTC,20612,15,clonotype1,clonotype1_consensus_2
TGAGCCGTCCACGTTC-1,True,TGAGCCGTCCACGTTC-1_contig_2,True,571,TRB,TRBV12-2+TRBV13-2,None,TRBJ1-2,TRBC1,True,True,CASGGGTGNSDYTF,TGTGCCAGCGGTGGGGGGACAGGGAACTCCGACTACACCTTC,41506,44,clonotype1,clonotype1_consensus_1
TGAGCCGTCCACGTTC-1,True,TGAGCCGTCCACGTTC-1_contig_3,True,630,TRB,None,None,TRBJ2-7,None,False,False,None,None,6458,5,clonotype1,None
TGAGCCGTCCACGTTC-1,True,TGAGCCGTCCACGTTC-1_contig_4,True,333,TRB,None,None,TRBJ2-1,None,False,False,None,None,5732,3,clonotype1,None
TGAGCCGTCCTACAGA-1,True,TGAGCCGTCCTACAGA-1_contig_1,True,517,TRA,TRAV6-6,None,TRAJ24,TRAC,True,True,CAPLTTASLGKLQF,TGTGCTCCGTTGACAACTGCCAGTTTGGGGAAACTGCAGTTT,4284,2,clonotype2,clonotype2_consensus_2
TGAGCCGTCCTACAGA-1,True,TGAGCCGTCCTACAGA-1_contig_2,True,505,TRB,TRBV13-1,None,TRBJ2-4,None,True,True,CASSEGTNTLYF,TGTGCCAGCAGTGAAGGAACAAACACCTTGTACTTT,5860,6,clonotype2,clonotype2_consensus_1
TGAGCCGTCCTACAGA-1,True,TGAGCCGTCCTACAGA-1_contig_3,True,333,TRA,TRAV9D-2,None,TRAJ26,None,True,False,CVLSRGNNYAQGLTF,TGTGTTCTGAGCAGGGGCAATAACTATGCCCAGGGATTAACCTTC,432,1,clonotype2,None
TGAGCCGTCGTACCGG-1,True,TGAGCCGTCGTACCGG-1_contig_1,True,544,TRA,TRAV6-6,None,TRAJ24,TRAC,True,True,CAPLTTASLGKLQF,TGTGCTCCGTTGACAACTGCCAGTTTGGGGAAACTGCAGTTT,1732,1,clonotype2,clonotype2_consensus_2
TGAGCCGTCGTACCGG-1,True,TGAGCCGTCGTACCGG-1_contig_2,True,512,TRB,TRBV13-1,None,TRBJ2-4,None,True,True,CASSEGTNTLYF,TGTGCCAGCAGTGAAGGAACAAACACCTTGTACTTT,3070,3,clonotype2,clonotype2_consensus_1
TGAGCCGTCGTACCGG-1,True,TGAGCCGTCGTACCGG-1_contig_3,True,392,TRA,TRAV3-3,None,TRAJ49,TRAC,True,False,CAVSGATGYQNFYF,TGCGCAGTCAGTGGGGCCACGGGTTACCAGAACTTCTATTTT,224,1,clonotype2,None
TGAGGGACACAGATTC-1,True,TGAGGGACACAGATTC-1_contig_1,True,519,TRA,TRAV6-6,None,TRAJ24,TRAC,True,True,CAPLTTASLGKLQF,TGTGCTCCGTTGACAACTGCCAGTTTGGGGAAACTGCAGTTT,5808,3,clonotype2,clonotype2_consensus_2
TGAGGGACACAGATTC-1,True,TGAGGGACACAGATTC-1_contig_2,True,512,TRB,TRBV13-1,None,TRBJ2-4,None,True,True,CASSEGTNTLYF,TGTGCCAGCAGTGAAGGAACAAACACCTTGTACTTT,10592,8,clonotype2,clonotype2_consensus_1
TGAGGGAGTACCGTAT-1,True,TGAGGGAGTACCGTAT-1_contig_1,True,519,TRA,TRAV6-6,None,TRAJ24,TRAC,True,True,CAPLTTASLGKLQF,TGTGCTCCGTTGACAACTGCCAGTTTGGGGAAACTGCAGTTT,9462,4,clonotype3,clonotype3_consensus_2
TGAGGGAGTACCGTAT-1,True,TGAGGGAGTACCGTAT-1_contig_2,True,512,TRB,TRBV13-1,None,TRBJ2-4,None,True,True,CASSEGTNTLYF,TGTGCCAGCAGTGAAGGAACAAACACCTTGTACTTT,41722,34,clonotype3,clonotype3_consensus_1
TGAGGGAGTACCGTAT-1,True,TGAGGGAGTACCGTAT-1_contig_3,True,704,TRA,TRAV9D-2,None,TRAJ26,TRAC,True,True,CVLSRGNNYAQGLTF,TGTGTTCTGAGCAGGGGCAATAACTATGCCCAGGGATTAACCTTC,14070,7,clonotype3,clonotype3_consensus_3
TGAGGGAGTACCGTAT-1,True,TGAGGGAGTACCGTAT-1_contig_4,True,579,TRB,TRBV12-2+TRBV13-2,None,TRBJ2-5,None,True,False,CASGDW,TGTGCCAGCGGTGACTGG,1642,1,clonotype3,None
TGAGGGAGTATTCGTG-1,True,TGAGGGAGTATTCGTG-1_contig_1,True,505,TRB,TRBV13-1,None,TRBJ2-4,None,True,True,CASSEGTNTLYF,TGTGCCAGCAGTGAAGGAACAAACACCTTGTACTTT,16292,14,clonotype6,clonotype6_consensus_1
TGAGGGAGTATTCGTG-1,True,TGAGGGAGTATTCGTG-1_contig_2,True,376,TRA,TRAV9D-2,None,TRAJ26,TRAC,True,False,CVLSRGNNYAQGLTF,TGTGTTCTGAGCAGGGGCAATAACTATGCCCAGGGATTAACCTTC,1156,2,clonotype6,None
TGAGGGATCCACGCAG-1,True,TGAGGGATCCACGCAG-1_contig_1,True,565,TRB,TRBV12-2+TRBV13-2,None,TRBJ1-5,TRBC1,True,True,CASGTGDNQAPLF,TGTGCCAGCGGGACAGGGGACAACCAGGCTCCGCTTTTT,5006,5,clonotype16,clonotype16_consensus_1
TGAGGGATCCACGCAG-1,True,TGAGGGATCCACGCAG-1_contig_2,True,556,TRA,TRAV4-3,None,TRAJ23,TRAC,True,False,None,None,2542,2,clonotype16,None
TGATTTCGTACCGGCT-1,True,TGATTTCGTACCGGCT-1_contig_1,True,576,TRA,TRAV6-6,None,TRAJ24,TRAC,True,True,CAPLTTASLGKLQF,TGTGCTCCGTTGACAACTGCCAGTTTGGGGAAACTGCAGTTT,7190,4,clonotype3,clonotype3_consensus_2
TGATTTCGTACCGGCT-1,True,TGATTTCGTACCGGCT-1_contig_2,True,505,TRB,TRBV13-1,None,TRBJ2-4,None,True,True,CASSEGTNTLYF,TGTGCCAGCAGTGAAGGAACAAACACCTTGTACTTT,35024,30,clonotype3,clonotype3_consensus_1
TGATTTCGTACCGGCT-1,True,TGATTTCGTACCGGCT-1_contig_3,True,697,TRA,TRAV9D-2,None,TRAJ26,TRAC,True,True,CVLSRGNNYAQGLTF,TGTGTTCTGAGCAGGGGCAATAACTATGCCCAGGGATTAACCTTC,16524,9,clonotype3,clonotype3_consensus_3
TGATTTCGTCAGAATA-1,True,TGATTTCGTCAGAATA-1_contig_1,True,583,TRB,TRBV12-1,None,TRBJ2-5,None,True,True,CASSPRDWDQDTQYF,TGTGCCAGCTCTCCTCGGGACTGGGACCAAGACACCCAGTACTTT,32526,24,clonotype103,clonotype103_consensus_2
TGATTTCGTCAGAATA-1,True,TGATTTCGTCAGAATA-1_contig_2,True,540,TRA,TRAV6-1,None,TRAJ43,TRAC,True,True,CVLGDGNNNAPRF,TGTGTTCTGGGTGATGGTAACAACAATGCCCCACGATTT,17724,15,clonotype103,clonotype103_consensus_1
TGATTTCGTCAGAATA-1,True,TGATTTCGTCAGAATA-1_contig_3,True,521,TRB,TRBV5,None,TRBJ2-1,None,True,False,CASSQ,TGTGCCAGCAGCCAA,2906,2,clonotype103,None
TGATTTCTCCAAGCCG-1,True,TGATTTCTCCAAGCCG-1_contig_1,True,549,TRB,TRBV16,None,TRBJ2-5,None,True,True,CASSLGGGQDTQYF,TGTGCAAGCAGCTTAGGGGGGGGCCAAGACACCCAGTACTTT,4772,4,clonotype517,clonotype517_consensus_1
TGATTTCTCCAAGCCG-1,True,TGATTTCTCCAAGCCG-1_contig_2,True,548,TRA,TRAV13D-2,None,TRAJ26,TRAC,True,True,CAIDRYAQGLTF,TGTGCTATAGATCGCTATGCCCAGGGATTAACCTTC,6194,5,clonotype517,clonotype517_consensus_2
TGATTTCTCCAAGCCG-1,True,TGATTTCTCCAAGCCG-1_contig_3,True,341,TRB,None,None,TRBJ2-7,None,False,False,None,None,1976,1,clonotype517,None
TGATTTCTCTGCTGCT-1,True,TGATTTCTCTGCTGCT-1_contig_1,True,549,TRB,TRBV16,None,TRBJ2-5,None,True,True,CASSLGGGQDTQYF,TGTGCAAGCAGCTTAGGGGGGGGGCAAGACACCCAGTACTTT,4994,4,clonotype11,clonotype11_consensus_2
TGATTTCTCTGCTGCT-1,True,TGATTTCTCTGCTGCT-1_contig_2,True,562,TRA,TRAV4D-3,None,TRAJ27,TRAC,True,True,CAADGPNTGKLTF,TGTGCTGCTGACGGGCCCAATACAGGCAAATTAACCTTT,2622,4,clonotype11,clonotype11_consensus_1
TGCACCTAGAAGGACA-1,True,TGCACCTAGAAGGACA-1_contig_1,True,518,TRA,TRAV8-1,None,TRAJ30,TRAC,True,True,CATDTNAYKVIF,TGTGCTACTGACACAAATGCTTACAAAGTCATCTTT,3850,3,clonotype518,clonotype518_consensus_1
TGCACCTAGAAGGACA-1,True,TGCACCTAGAAGGACA-1_contig_2,True,597,TRB,TRBV12-2+TRBV13-2,None,TRBJ1-5,TRBC1,True,True,CASGTGDNQAPLF,TGTGCCAGCGGGACGGGGGACAACCAGGCTCCGCTTTTT,15730,11,clonotype518,clonotype518_consensus_2
TGCACCTAGAAGGACA-1,True,TGCACCTAGAAGGACA-1_contig_3,True,334,TRB,None,None,TRBJ2-1,None,False,False,None,None,5476,3,clonotype518,None
TGCACCTAGAAGGACA-1,True,TGCACCTAGAAGGACA-1_contig_4,True,582,TRA,TRAV6N-7,None,TRAJ40,TRAC,True,False,CTTVLWVPDTGNYKYVF,TGTACTACTGTGCTCTGGGTACCGGATACAGGAAACTACAAATACGTCTTT,3156,3,clonotype518,None
TGCACCTAGAGTAAGG-1,True,TGCACCTAGAGTAAGG-1_contig_1,True,505,TRB,TRBV13-1,None,TRBJ2-4,None,True,True,CASSEGTNTLYF,TGTGCCAGCAGTGAAGGAACAAACACCTTGTACTTT,3788,5,clonotype6,clonotype6_consensus_1
TGCACCTAGAGTAAGG-1,True,TGCACCTAGAGTAAGG-1_contig_2,True,393,TRA,TRAV6-6,None,TRAJ24,TRAC,True,False,None,None,1930,2,clonotype6,None
TGCACCTAGAGTAAGG-1,True,TGCACCTAGAGTAAGG-1_contig_3,True,433,TRB,None,None,TRBJ2-7,None,False,False,None,None,1958,1,clonotype6,None
TGCACCTAGAGTAAGG-1,True,TGCACCTAGAGTAAGG-1_contig_4,True,358,TRA,TRAV9D-2,None,TRAJ26,TRAC,True,False,CVLSRGNNYAQGLTF,TGTGTTCTGAGCAGGGGCAATAACTATGCCCAGGGATTAACCTTC,3570,2,clonotype6,None
TGCACCTAGATATACG-1,True,TGCACCTAGATATACG-1_contig_1,True,569,TRA,TRAV12-2,None,TRAJ30,TRAC,True,True,CALSDTNAYKVIF,TGTGCTTTGTCCGACACAAATGCTTACAAAGTCATCTTT,10210,7,clonotype519,clonotype519_consensus_2
TGCACCTAGATATACG-1,True,TGCACCTAGATATACG-1_contig_2,True,533,TRB,TRBV13-3,None,TRBJ2-3,None,True,True,CASSTPGLGETLYF,TGTGCCAGCAGTACCCCGGGACTGGGCGAAACGCTGTATTTT,7244,8,clonotype519,clonotype519_consensus_1
TGCACCTAGATATACG-1,True,TGCACCTAGATATACG-1_contig_3,True,446,TRA,TRAV7D-5,None,TRAJ26,TRAC,True,False,CSEDYAQGLTF,TGCAGTGAGGACTATGCCCAGGGATTAACCTTC,3246,2,clonotype519,None
TGCACCTAGATATACG-1,True,TGCACCTAGATATACG-1_contig_4,True,390,TRB,None,None,TRBJ2-7,None,False,False,None,None,1380,1,clonotype519,None
TGCACCTAGGGCTTCC-1,True,TGCACCTAGGGCTTCC-1_contig_1,True,566,TRA,TRAV3-3,None,TRAJ49,TRAC,True,True,CAVSGSTGYQNFYF,TGCGCAGTCAGTGGGAGCACGGGTTACCAGAACTTCTATTTT,6140,5,clonotype5,clonotype5_consensus_1
TGCACCTAGGGCTTCC-1,True,TGCACCTAGGGCTTCC-1_contig_2,True,561,TRB,TRBV12-2+TRBV13-2,None,TRBJ2-7,None,True,True,CASGVQGWEQYF,TGTGCCAGCGGTGTACAGGGGTGGGAACAGTACTTC,5366,9,clonotype5,clonotype5_consensus_2
TGCACCTTCTAACTTC-1,True,TGCACCTTCTAACTTC-1_contig_1,True,558,TRA,TRAV19,None,TRAJ39,TRAC,True,True,CAAGGNNAGAKLTF,TGCGCAGCAGGTGGGAATAATGCAGGTGCCAAGCTCACATTC,2348,1,clonotype1,clonotype1_consensus_2
TGCACCTTCTAACTTC-1,True,TGCACCTTCTAACTTC-1_contig_2,True,559,TRB,TRBV12-2+TRBV13-2,None,TRBJ1-2,TRBC1,True,True,CASGGGTGNSDYTF,TGTGCCAGCGGTGGGGGGACAGGGAACTCCGACTACACCTTC,2008,3,clonotype1,clonotype1_consensus_1
TGCACCTTCTAACTTC-1,True,TGCACCTTCTAACTTC-1_contig_3,True,392,TRB,None,None,TRBJ2-1,None,False,False,None,None,3140,1,clonotype1,None
TGCACCTTCTGCGACG-1,True,TGCACCTTCTGCGACG-1_contig_1,True,549,TRB,TRBV16,None,TRBJ2-7,None,True,True,CASSFGGGADEQYF,TGTGCAAGCAGCTTTGGTGGGGGGGCGGATGAACAGTACTTC,12190,12,clonotype20,clonotype20_consensus_2
TGCACCTTCTGCGACG-1,True,TGCACCTTCTGCGACG-1_contig_2,True,555,TRA,TRAV13D-2,None,TRAJ11,TRAC,True,True,CAIDLDSGYNKLTF,TGTGCTATAGATCTTGACTCGGGATACAACAAACTCACTTTT,7758,5,clonotype20,clonotype20_consensus_1
TGCCAAAAGGAATTAC-1,True,TGCCAAAAGGAATTAC-1_contig_1,True,663,TRA,TRAV9N-4,None,TRAJ22,TRAC,True,True,CALTPSSGSWQLIF,TGTGCTCTGACCCCATCTTCTGGCAGCTGGCAACTCATCTTT,1488,3,clonotype170,clonotype170_consensus_2
TGCCAAAAGGAATTAC-1,True,TGCCAAAAGGAATTAC-1_contig_2,True,559,TRB,TRBV12-2+TRBV13-2,None,TRBJ2-7,None,True,True,CASGGLGEQYF,TGTGCCAGCGGTGGCCTGGGGGAACAGTACTTC,3188,3,clonotype170,clonotype170_consensus_1
TGCCAAAAGGAATTAC-1,True,TGCCAAAAGGAATTAC-1_contig_3,True,517,TRB,TRBV23,None,TRBJ1-1,None,True,False,CASSPSTGVNTEVFF,TGTGCCAGCAGTCCCTCGACAGGGGTTAACACAGAAGTCTTCTTT,1776,2,clonotype170,None
TGCCAAATCATACGGT-1,True,TGCCAAATCATACGGT-1_contig_1,True,542,TRA,TRAV13-2,None,TRAJ35,TRAC,True,True,CAIAPQTGFASALTF,TGTGCTATAGCCCCGCAGACAGGCTTTGCAAGTGCGCTGACATTT,1144,2,clonotype520,clonotype520_consensus_1
TGCCAAATCATACGGT-1,True,TGCCAAATCATACGGT-1_contig_2,True,549,TRB,TRBV16,None,TRBJ2-5,None,True,True,CASSLGGGGDTQYF,TGTGCAAGCAGCTTAGGCGGGGGGGGGGACACCCAGTACTTT,4936,6,clonotype520,clonotype520_consensus_2
TGCCAAATCATACGGT-1,True,TGCCAAATCATACGGT-1_contig_3,True,557,TRA,TRAV4-3,None,TRAJ26,TRAC,True,True,CAAEGSNYAQGLTF,TGTGCTGCTGAGGGTTCGAACTATGCCCAGGGATTAACCTTC,3338,5,clonotype520,clonotype520_consensus_3
TGCCAAATCGATAGAA-1,True,TGCCAAATCGATAGAA-1_contig_1,True,521,TRA,TRAV8-1,None,TRAJ31,TRAC,True,True,CATDADSNNRIFF,TGTGCTACTGATGCGGATAGCAATAACAGAATCTTCTTT,1400,2,clonotype177,clonotype177_consensus_1
TGCCAAATCGATAGAA-1,True,TGCCAAATCGATAGAA-1_contig_2,True,607,TRB,TRBV12-2+TRBV13-2,None,TRBJ2-2,None,True,True,CASGTGDTGQLYF,TGTGCCAGCGGGACAGGGGACACCGGGCAGCTCTACTTT,6088,5,clonotype177,clonotype177_consensus_2
TGCCAAATCGATAGAA-1,True,TGCCAAATCGATAGAA-1_contig_3,True,352,TRB,None,None,TRBJ2-1,None,False,False,None,None,4126,2,clonotype177,None
TGCCAAATCGATAGAA-1,True,TGCCAAATCGATAGAA-1_contig_4,True,549,TRA,TRAV12D-2,None,TRAJ31,TRAC,True,False,CPVLLCFECGGNSNNRIFF,TGCCCTGTACTTCTGTGCTTTGAGTGTGGGGGGAATAGCAATAACAGAATCTTCTTT,2038,2,clonotype177,None
TGCCCATGTAGCTTGT-1,True,TGCCCATGTAGCTTGT-1_contig_1,True,527,TRA,TRAV19,None,TRAJ39,TRAC,True,True,CAAGGNNAGAKLTF,TGCGCAGCAGGTGGGAATAATGCAGGTGCCAAGCTCACATTC,4804,4,clonotype1,clonotype1_consensus_2
TGCCCATGTAGCTTGT-1,True,TGCCCATGTAGCTTGT-1_contig_2,True,586,TRB,TRBV12-2+TRBV13-2,None,TRBJ1-2,TRBC1,True,True,CASGGGTGNSDYTF,TGTGCCAGCGGTGGGGGGACAGGGAACTCCGACTACACCTTC,10226,10,clonotype1,clonotype1_consensus_1
TGCCCATGTAGCTTGT-1,True,TGCCCATGTAGCTTGT-1_contig_3,True,314,TRB,None,None,TRBJ1-3,TRBC1,False,False,None,None,2942,1,clonotype1,None
TGCCCATTCTCGATGA-1,True,TGCCCATTCTCGATGA-1_contig_1,True,505,TRB,TRBV13-1,None,TRBJ2-4,None,True,True,CASSEGTNTLYF,TGTGCCAGCAGTGAAGGAACAAACACCTTGTACTTT,44460,35,clonotype9,clonotype9_consensus_1
TGCCCATTCTCGATGA-1,True,TGCCCATTCTCGATGA-1_contig_2,True,641,TRA,TRAV9D-2,None,TRAJ26,TRAC,True,True,CVLSRGNNYAQGLTF,TGTGTTCTGAGCAGGGGCAATAACTATGCCCAGGGATTAACCTTC,3414,6,clonotype9,clonotype9_consensus_2
TGCCCTAAGCGTTCCG-1,True,TGCCCTAAGCGTTCCG-1_contig_1,True,555,TRA,TRAV7-3,None,TRAJ38,TRAC,True,True,CAVSAANVGDNSKLIW,TGTGCAGTGAGCGCGGCGAATGTTGGTGACAACAGTAAGCTGATTTGG,1344,1,clonotype49,clonotype49_consensus_2
TGCCCTAAGCGTTCCG-1,True,TGCCCTAAGCGTTCCG-1_contig_2,True,512,TRB,TRBV13-1,None,TRBJ2-7,None,True,True,CASSGGHLEQYF,TGTGCCAGCAGTGGGGGACACCTTGAACAGTACTTC,4032,3,clonotype49,clonotype49_consensus_1
TGCCCTATCCTTTCTC-1,True,TGCCCTATCCTTTCTC-1_contig_1,True,538,TRA,TRAV19,None,TRAJ39,TRAC,True,True,CAAGGNNAGAKLTF,TGCGCAGCAGGTGGGAATAATGCAGGTGCCAAGCTCACATTC,7468,4,clonotype1,clonotype1_consensus_2
TGCCCTATCCTTTCTC-1,True,TGCCCTATCCTTTCTC-1_contig_2,True,603,TRB,TRBV12-2+TRBV13-2,None,TRBJ1-2,TRBC1,True,True,CASGGGTGNSDYTF,TGTGCCAGCGGTGGGGGGACAGGGAACTCCGACTACACCTTC,12022,10,clonotype1,clonotype1_consensus_1
TGCCCTATCCTTTCTC-1,True,TGCCCTATCCTTTCTC-1_contig_3,True,523,TRA,TRAV7-5,None,TRAJ45,TRAC,True,False,CSDTEGADRLTF,TGCAGTGATACAGAAGGTGCAGATAGACTCACCTTT,1088,1,clonotype1,None
TGCGCAGAGAATAGGG-1,True,TGCGCAGAGAATAGGG-1_contig_1,True,567,TRB,TRBV12-2+TRBV13-2,None,TRBJ2-7,None,True,True,CASGDGGGLREQYF,TGTGCCAGCGGTGATGGGGGGGGCCTAAGGGAACAGTACTTC,10042,11,clonotype521,clonotype521_consensus_2
TGCGCAGAGAATAGGG-1,True,TGCGCAGAGAATAGGG-1_contig_2,True,567,TRA,TRAV2,None,TRAJ23,TRAC,True,True,CIVTGNYNQGKLIF,TGCATTGTGACTGGGAATTATAACCAGGGGAAGCTTATCTTT,8464,5,clonotype521,clonotype521_consensus_1
TGCGCAGAGAATAGGG-1,True,TGCGCAGAGAATAGGG-1_contig_3,True,591,TRA,TRAV4-3,None,TRAJ16,TRAC,True,False,CAAEVQVARSWFLAR,TGTGCTGCTGAAGTTCAAGTGGCCAGAAGCTGGTTTTTGGCCAGG,9154,6,clonotype521,None
TGCGCAGGTCATGCAT-1,True,TGCGCAGGTCATGCAT-1_contig_1,True,518,TRA,TRAV6-6,None,TRAJ24,TRAC,True,True,CAPLTTASLGKLQF,TGTGCTCCGTTGACAACTGCCAGTTTGGGGAAACTGCAGTTT,5410,6,clonotype3,clonotype3_consensus_2
TGCGCAGGTCATGCAT-1,True,TGCGCAGGTCATGCAT-1_contig_2,True,505,TRB,TRBV13-1,None,TRBJ2-4,None,True,True,CASSEGTNTLYF,TGTGCCAGCAGTGAAGGAACAAACACCTTGTACTTT,44264,32,clonotype3,clonotype3_consensus_1
TGCGCAGGTCATGCAT-1,True,TGCGCAGGTCATGCAT-1_contig_3,True,760,TRA,TRAV9D-2,None,TRAJ26,TRAC,True,True,CVLSRGNNYAQGLTF,TGTGTTCTGAGCAGGGGCAATAACTATGCCCAGGGATTAACCTTC,9876,7,clonotype3,clonotype3_consensus_3
TGCGCAGGTCATGCAT-1,True,TGCGCAGGTCATGCAT-1_contig_4,True,391,TRB,None,None,TRBJ2-7,None,False,False,None,None,2218,1,clonotype3,None
TGCGCAGGTCCGAACC-1,True,TGCGCAGGTCCGAACC-1_contig_1,True,549,TRB,TRBV16,None,TRBJ2-5,None,True,True,CASSLGGGQDTQYF,TGTGCAAGCAGCTTAGGGGGGGGGCAAGACACCCAGTACTTT,4166,2,clonotype11,clonotype11_consensus_2
TGCGCAGGTCCGAACC-1,True,TGCGCAGGTCCGAACC-1_contig_2,True,573,TRA,TRAV4D-3,None,TRAJ27,TRAC,True,True,CAADGPNTGKLTF,TGTGCTGCTGACGGGCCCAATACAGGCAAATTAACCTTT,3498,3,clonotype11,clonotype11_consensus_1
TGCGCAGGTCGGCTCA-1,True,TGCGCAGGTCGGCTCA-1_contig_1,True,549,TRB,TRBV16,None,TRBJ2-5,None,True,True,CASSFGGAPDTQYF,TGTGCAAGCAGCTTTGGGGGGGCGCCAGACACCCAGTACTTT,12514,11,clonotype17,clonotype17_consensus_2
TGCGCAGGTCGGCTCA-1,True,TGCGCAGGTCGGCTCA-1_contig_2,True,623,TRA,TRAV14-2,None,TRAJ49,TRAC,True,True,CAAQGYQNFYF,TGTGCAGCACAGGGTTACCAGAACTTCTATTTT,23210,13,clonotype17,clonotype17_consensus_3
TGCGCAGGTCGGCTCA-1,True,TGCGCAGGTCGGCTCA-1_contig_3,True,560,TRA,TRAV4D-4,None,TRAJ45,TRAC,True,True,CAAYTEGADRLTF,TGTGCTGCCTATACAGAAGGTGCAGATAGACTCACCTTT,13770,9,clonotype17,clonotype17_consensus_1
TGCGCAGGTCGGCTCA-1,True,TGCGCAGGTCGGCTCA-1_contig_4,True,393,TRB,None,None,TRBJ1-3,TRBC1,False,False,None,None,4344,3,clonotype17,None
TGCGCAGGTTGACGTT-1,True,TGCGCAGGTTGACGTT-1_contig_1,True,654,TRA,TRAV14N-3,None,TRAJ6,TRAC,True,True,CAARSSGGNYKPTF,TGTGCAGCAAGGTCCTCAGGAGGAAACTACAAACCTACGTTT,8374,6,clonotype98,clonotype98_consensus_3
TGCGCAGGTTGACGTT-1,True,TGCGCAGGTTGACGTT-1_contig_2,True,522,TRB,TRBV31,None,TRBJ2-3,None,True,True,CAWSLLLGGSAETLYF,TGTGCCTGGAGTCTACTCCTGGGGGGAAGTGCAGAAACGCTGTATTTT,21718,15,clonotype98,clonotype98_consensus_1
TGCGCAGGTTGACGTT-1,True,TGCGCAGGTTGACGTT-1_contig_3,True,590,TRB,TRBV12-2+TRBV13-2,None,TRBJ2-7,None,True,True,CASGTGGDYEQYF,TGTGCCAGCGGGACTGGGGGGGATTATGAACAGTACTTC,46742,38,clonotype98,clonotype98_consensus_2
TGCGCAGTCAGGATCT-1,True,TGCGCAGTCAGGATCT-1_contig_1,True,565,TRA,TRAV16D-DV11,None,TRAJ26,TRAC,True,True,CAMREENNYAQGLTF,TGTGCTATGAGAGAGGAAAATAACTATGCCCAGGGATTAACCTTC,9032,7,clonotype12,clonotype12_consensus_2
TGCGCAGTCAGGATCT-1,True,TGCGCAGTCAGGATCT-1_contig_2,True,512,TRB,TRBV13-1,None,TRBJ2-3,None,True,True,CASGDSAETLYF,TGTGCCAGCGGGGACAGTGCAGAAACGCTGTATTTT,12740,9,clonotype12,clonotype12_consensus_1
TGCGCAGTCAGGATCT-1,True,TGCGCAGTCAGGATCT-1_contig_3,True,575,TRA,TRAV3D-3,None,TRAJ28,TRAC,True,False,CTSAQSVRGTGSNRLTF,TGTACTTCTGCGCAGTCAGTGAGGGGCACTGGGAGTAACAGGCTCACTTTT,8408,5,clonotype12,None
TGCGCAGTCCATGCTC-1,True,TGCGCAGTCCATGCTC-1_contig_1,True,530,TRA,TRAV6-6,None,TRAJ24,TRAC,True,True,CAPLTTASLGKLQF,TGTGCTCCGTTGACAACTGCCAGTTTGGGGAAACTGCAGTTT,8800,14,clonotype3,clonotype3_consensus_2
TGCGCAGTCCATGCTC-1,True,TGCGCAGTCCATGCTC-1_contig_2,True,512,TRB,TRBV13-1,None,TRBJ2-4,None,True,True,CASSEGTNTLYF,TGTGCCAGCAGTGAAGGAACAAACACCTTGTACTTT,62450,95,clonotype3,clonotype3_consensus_1
TGCGCAGTCCATGCTC-1,True,TGCGCAGTCCATGCTC-1_contig_3,True,746,TRA,TRAV9D-2,None,TRAJ26,TRAC,True,True,CVLSRGNNYAQGLTF,TGTGTTCTGAGCAGGGGCAATAACTATGCCCAGGGATTAACCTTC,5222,7,clonotype3,clonotype3_consensus_3
TGCGCAGTCCATGCTC-1,True,TGCGCAGTCCATGCTC-1_contig_4,True,353,TRB,None,None,TRBJ2-7,None,False,False,None,None,1142,1,clonotype3,None
TGCGCAGTCCGCGTTT-1,True,TGCGCAGTCCGCGTTT-1_contig_1,True,549,TRB,TRBV16,None,TRBJ2-7,None,True,True,CASSFGGGADEQYF,TGTGCAAGCAGCTTTGGTGGGGGGGCGGATGAACAGTACTTC,22142,21,clonotype20,clonotype20_consensus_2
TGCGCAGTCCGCGTTT-1,True,TGCGCAGTCCGCGTTT-1_contig_2,True,546,TRA,TRAV13D-2,None,TRAJ11,TRAC,True,True,CAIDLDSGYNKLTF,TGTGCTATAGATCTTGACTCGGGATACAACAAACTCACTTTT,12450,8,clonotype20,clonotype20_consensus_1
TGCGCAGTCCGCGTTT-1,True,TGCGCAGTCCGCGTTT-1_contig_3,True,312,TRB,None,None,TRBJ2-5,None,False,False,None,None,38,1,clonotype20,None
TGCGGGTAGAGCTGCA-1,True,TGCGGGTAGAGCTGCA-1_contig_1,True,505,TRB,TRBV13-1,None,TRBJ2-3,None,True,True,CASGDSAETLYF,TGTGCCAGCGGGGACAGTGCAGAAACGCTGTATTTT,2930,3,clonotype24,clonotype24_consensus_1
TGCGGGTCATTGAGCT-1,True,TGCGGGTCATTGAGCT-1_contig_1,True,517,TRA,TRAV7D-2,None,TRAJ6,TRAC,True,True,CAATISGGNYKPTF,TGTGCAGCAACCATCTCAGGAGGAAACTACAAACCTACGTTT,9338,5,clonotype522,clonotype522_consensus_2
TGCGGGTCATTGAGCT-1,True,TGCGGGTCATTGAGCT-1_contig_2,True,601,TRB,TRBV12-2+TRBV13-2,None,TRBJ2-7,None,True,True,CASGDGRDYEQYF,TGTGCCAGCGGTGATGGGCGGGACTATGAACAGTACTTC,10606,13,clonotype522,clonotype522_consensus_1
TGCGGGTCATTGAGCT-1,True,TGCGGGTCATTGAGCT-1_contig_3,True,595,TRB,TRBV1,None,TRBJ1-1,TRBC1,True,False,None,None,1822,2,clonotype522,None
TGCGGGTGTGTATGGG-1,True,TGCGGGTGTGTATGGG-1_contig_1,True,512,TRA,TRAV13-4-DV7,None,TRAJ58,TRAC,True,True,CAPMQQGTGSKLSF,TGTGCTCCTATGCAGCAAGGCACTGGGTCTAAGCTGTCATTT,3148,3,clonotype18,clonotype18_consensus_2
TGCGGGTGTGTATGGG-1,True,TGCGGGTGTGTATGGG-1_contig_2,True,525,TRB,TRBV17,None,TRBJ2-5,None,True,True,CASSRKGVQDTQYF,TGTGCTAGCAGTAGAAAGGGGGTCCAAGACACCCAGTACTTT,20752,14,clonotype18,clonotype18_consensus_1
TGCGGGTGTTCTGGTA-1,True,TGCGGGTGTTCTGGTA-1_contig_1,True,551,TRA,TRAV4-3,None,TRAJ47,TRAC,True,True,CAAEGVDYANKMIF,TGTGCTGCTGAGGGTGTGGACTATGCAAACAAGATGATCTTT,528,1,clonotype79,clonotype79_consensus_1
TGCGGGTGTTCTGGTA-1,True,TGCGGGTGTTCTGGTA-1_contig_2,True,527,TRB,TRBV15,None,TRBJ1-3,TRBC1,True,True,CASSLNRGSSGNTLYF,TGTGCCAGCAGTTTAAACAGGGGGAGTTCTGGAAATACGCTCTATTTT,10136,7,clonotype79,clonotype79_consensus_2
TGCGGGTTCCTAGGGC-1,True,TGCGGGTTCCTAGGGC-1_contig_1,True,550,TRA,TRAV6-6,None,TRAJ24,TRAC,True,True,CAPLTTASLGKLQF,TGTGCTCCGTTGACAACTGCCAGTTTGGGGAAACTGCAGTTT,8152,7,clonotype2,clonotype2_consensus_2
TGCGGGTTCCTAGGGC-1,True,TGCGGGTTCCTAGGGC-1_contig_2,True,505,TRB,TRBV13-1,None,TRBJ2-4,None,True,True,CASSEGTNTLYF,TGTGCCAGCAGTGAAGGAACAAACACCTTGTACTTT,56704,56,clonotype2,clonotype2_consensus_1
TGCGGGTTCCTAGGGC-1,True,TGCGGGTTCCTAGGGC-1_contig_3,True,403,TRA,TRAV9D-2,None,TRAJ26,TRAC,True,False,CVLSRGNNYAQGLTF,TGTGTTCTGAGCAGGGGCAATAACTATGCCCAGGGATTAACCTTC,6506,4,clonotype2,None
TGCGGGTTCCTTAATC-1,True,TGCGGGTTCCTTAATC-1_contig_1,True,505,TRB,TRBV13-1,None,TRBJ2-4,None,True,True,CASSEGTNTLYF,TGTGCCAGCAGTGAAGGAACAAACACCTTGTACTTT,2790,5,clonotype6,clonotype6_consensus_1
TGCGGGTTCCTTAATC-1,True,TGCGGGTTCCTTAATC-1_contig_2,True,734,TRA,TRAV10D,None,TRAJ30,None,True,False,None,None,330,1,clonotype6,None
TGCGGGTTCCTTAATC-1,True,TGCGGGTTCCTTAATC-1_contig_3,True,400,TRA,TRAV9D-2,None,TRAJ26,TRAC,True,False,CVLSRGNNYAQGLTF,TGTGTTCTGAGCAGGGGCAATAACTATGCCCAGGGATTAACCTTC,1884,2,clonotype6,None
TGCGGGTTCGTGGTCG-1,True,TGCGGGTTCGTGGTCG-1_contig_1,True,507,TRA,TRAV21-DV12,None,TRAJ42,TRAC,True,True,CILRVHGGSNAKLTF,TGTATCCTGAGAGTCCATGGAGGAAGCAATGCAAAGCTAACCTTC,6978,4,clonotype72,clonotype72_consensus_1
TGCGGGTTCGTGGTCG-1,True,TGCGGGTTCGTGGTCG-1_contig_2,True,561,TRB,TRBV12-2+TRBV13-2,None,TRBJ2-7,None,True,True,CASGVQGEQYF,TGTGCCAGCGGTGTTCAGGGAGAACAGTACTTC,3698,3,clonotype72,clonotype72_consensus_2
TGCGTGGAGTGGGATC-1,True,TGCGTGGAGTGGGATC-1_contig_1,True,558,TRA,TRAV19,None,TRAJ39,TRAC,True,True,CAAGGNNAGAKLTF,TGCGCAGCAGGTGGGAATAATGCAGGTGCCAAGCTCACATTC,26830,18,clonotype1,clonotype1_consensus_2
TGCGTGGAGTGGGATC-1,True,TGCGTGGAGTGGGATC-1_contig_2,True,601,TRB,TRBV12-2+TRBV13-2,None,TRBJ1-2,TRBC1,True,True,CASGGGTGNSDYTF,TGTGCCAGCGGTGGGGGGACAGGGAACTCCGACTACACCTTC,25370,25,clonotype1,clonotype1_consensus_1
TGCGTGGAGTGGGATC-1,True,TGCGTGGAGTGGGATC-1_contig_3,True,355,TRB,None,None,TRBJ2-1,None,False,False,None,None,1564,3,clonotype1,None
TGCGTGGAGTGGGATC-1,True,TGCGTGGAGTGGGATC-1_contig_4,True,303,TRB,None,None,TRBJ2-3,None,False,False,None,None,2664,1,clonotype1,None
TGCGTGGAGTGGGATC-1,True,TGCGTGGAGTGGGATC-1_contig_5,True,505,TRA,TRAV7-5,None,TRAJ45,TRAC,True,False,CSDTEGADRLTF,TGCAGTGATACAGAAGGTGCAGATAGACTCACCTTT,2028,1,clonotype1,None
TGCGTGGAGTGGGATC-1,True,TGCGTGGAGTGGGATC-1_contig_6,True,366,TRB,None,None,TRBJ2-7,None,False,False,None,None,1308,1,clonotype1,None
TGCGTGGGTGTATGGG-1,True,TGCGTGGGTGTATGGG-1_contig_1,True,523,TRA,TRAV8D-1,None,TRAJ30,TRAC,True,True,CATDTNAYKVIF,TGTGCTACTGACACAAATGCTTACAAAGTCATCTTT,6120,3,clonotype31,clonotype31_consensus_1
TGCGTGGGTGTATGGG-1,True,TGCGTGGGTGTATGGG-1_contig_2,True,563,TRB,TRBV12-2+TRBV13-2,None,TRBJ1-5,TRBC1,True,True,CASGTGDNQAPLF,TGTGCCAGCGGTACAGGAGACAACCAGGCTCCGCTTTTT,686,1,clonotype31,clonotype31_consensus_2
TGCGTGGTCCTTGCCA-1,True,TGCGTGGTCCTTGCCA-1_contig_1,True,550,TRA,TRAV6-6,None,TRAJ24,TRAC,True,True,CAPLTTASLGKLQF,TGTGCTCCGTTGACAACTGCCAGTTTGGGGAAACTGCAGTTT,1714,3,clonotype2,clonotype2_consensus_2
TGCGTGGTCCTTGCCA-1,True,TGCGTGGTCCTTGCCA-1_contig_2,True,512,TRB,TRBV13-1,None,TRBJ2-4,None,True,True,CASSEGTNTLYF,TGTGCCAGCAGTGAAGGAACAAACACCTTGTACTTT,13002,10,clonotype2,clonotype2_consensus_1
TGCGTGGTCCTTGCCA-1,True,TGCGTGGTCCTTGCCA-1_contig_3,True,799,TRA,TRAV9D-2,None,TRAJ26,TRAC,True,False,CVLSRGNNYAQGLTF,TGTGTTCTGAGCAGGGGCAATAACTATGCCCAGGGATTAACCTTC,1038,2,clonotype2,None
TGCTACCAGCTGGAAC-1,True,TGCTACCAGCTGGAAC-1_contig_1,True,553,TRA,TRAV19,None,TRAJ39,TRAC,True,True,CAAGGNNAGAKLTF,TGCGCAGCAGGTGGGAATAATGCAGGTGCCAAGCTCACATTC,2862,3,clonotype1,clonotype1_consensus_2
TGCTACCAGCTGGAAC-1,True,TGCTACCAGCTGGAAC-1_contig_2,True,567,TRB,TRBV12-2+TRBV13-2,None,TRBJ1-2,TRBC1,True,True,CASGGGTGNSDYTF,TGTGCCAGCGGTGGGGGGACAGGGAACTCCGACTACACCTTC,4556,6,clonotype1,clonotype1_consensus_1
TGCTACCAGCTGGAAC-1,True,TGCTACCAGCTGGAAC-1_contig_3,True,389,TRB,None,None,TRBJ2-1,None,False,False,None,None,4786,5,clonotype1,None
TGCTACCAGTGGGCTA-1,True,TGCTACCAGTGGGCTA-1_contig_1,True,555,TRA,TRAV3-3,None,TRAJ49,TRAC,True,True,CAVSGATGYQNFYF,TGCGCAGTCAGTGGGGCCACGGGTTACCAGAACTTCTATTTT,2412,2,clonotype523,clonotype523_consensus_2
TGCTACCAGTGGGCTA-1,True,TGCTACCAGTGGGCTA-1_contig_2,True,597,TRB,TRBV12-2+TRBV13-2,None,TRBJ2-7,None,True,True,CASGVQGGEQYF,TGTGCCAGCGGTGTGCAGGGGGGAGAACAGTACTTC,20994,17,clonotype523,clonotype523_consensus_4
TGCTACCAGTGGGCTA-1,True,TGCTACCAGTGGGCTA-1_contig_3,True,571,TRA,TRAV3D-3,None,TRAJ37,TRAC,True,True,CAVLTGNTGKLIF,TGCGCAGTCTTAACAGGCAATACCGGAAAACTCATCTTT,9708,6,clonotype523,clonotype523_consensus_1
TGCTACCAGTGGGCTA-1,True,TGCTACCAGTGGGCTA-1_contig_4,True,529,TRB,TRBV10,None,TRBJ1-1,TRBC1,True,True,CASSSGQGGTEVFF,TGTGCCAGCAGCTCGGGACAGGGGGGCACAGAAGTCTTCTTT,14222,11,clonotype523,clonotype523_consensus_3
TGCTACCAGTGGGCTA-1,True,TGCTACCAGTGGGCTA-1_contig_5,True,425,TRB,None,None,TRBJ2-1,None,False,False,None,None,12490,8,clonotype523,None
TGCTACCAGTGGGCTA-1,True,TGCTACCAGTGGGCTA-1_contig_6,True,647,TRA,TRAV5D-4,None,TRAJ32,TRAC,True,False,CCKCRYGSSGNKLIF,TGCTGCAAGTGCAGATATGGGAGCAGTGGCAACAAGCTCATCTTT,8188,4,clonotype523,None
TGCTACCGTGCATCTA-1,True,TGCTACCGTGCATCTA-1_contig_1,True,549,TRB,TRBV16,None,TRBJ2-7,None,True,True,CASSFGGGADEQYF,TGTGCAAGCAGCTTTGGTGGGGGGGCGGATGAACAGTACTTC,5246,5,clonotype20,clonotype20_consensus_2
TGCTACCGTGCATCTA-1,True,TGCTACCGTGCATCTA-1_contig_2,True,566,TRA,TRAV13D-2,None,TRAJ11,TRAC,True,True,CAIDLDSGYNKLTF,TGTGCTATAGATCTTGACTCGGGATACAACAAACTCACTTTT,3962,3,clonotype20,clonotype20_consensus_1
TGCTACCGTGCATCTA-1,True,TGCTACCGTGCATCTA-1_contig_3,True,525,TRA,TRAV11,None,TRAJ11,TRAC,True,False,CVVDSGYNKLTF,TGTGTGGTGGACTCGGGATACAACAAACTCACTTTT,1664,1,clonotype20,None
TGCTACCGTGCATCTA-1,True,TGCTACCGTGCATCTA-1_contig_4,True,577,TRB,TRBV13-1,None,TRBJ1-2,TRBC1,True,False,None,None,4474,2,clonotype20,None
TGCTACCGTTTGGCGC-1,True,TGCTACCGTTTGGCGC-1_contig_1,True,558,TRA,TRAV19,None,TRAJ39,TRAC,True,True,CAAGGNNAGAKLTF,TGCGCAGCAGGTGGGAATAATGCAGGTGCCAAGCTCACATTC,3002,2,clonotype1,clonotype1_consensus_2
TGCTACCGTTTGGCGC-1,True,TGCTACCGTTTGGCGC-1_contig_2,True,546,TRB,TRBV12-2+TRBV13-2,None,TRBJ1-2,TRBC1,True,True,CASGGGTGNSDYTF,TGTGCCAGCGGTGGGGGGACAGGGAACTCCGACTACACCTTC,4908,3,clonotype1,clonotype1_consensus_1
TGCTACCGTTTGGCGC-1,True,TGCTACCGTTTGGCGC-1_contig_3,True,545,TRB,None,None,TRBJ2-7,None,False,False,None,None,856,1,clonotype1,None
TGCTACCGTTTGGCGC-1,True,TGCTACCGTTTGGCGC-1_contig_4,True,338,TRB,None,None,TRBJ2-3,None,False,False,None,None,832,2,clonotype1,None
TGCTACCTCAAACCAC-1,True,TGCTACCTCAAACCAC-1_contig_1,True,550,TRA,TRAV8-1,None,TRAJ30,TRAC,True,True,CATDTNAYKVIF,TGTGCTACCGACACAAATGCTTACAAAGTCATCTTT,6352,3,clonotype38,clonotype38_consensus_1
TGCTACCTCAAACCAC-1,True,TGCTACCTCAAACCAC-1_contig_2,True,565,TRB,TRBV12-2+TRBV13-2,None,TRBJ1-5,TRBC1,True,True,CASGTGDNQAPLF,TGTGCCAGCGGTACAGGAGACAACCAGGCTCCGCTTTTT,2420,2,clonotype38,clonotype38_consensus_2
TGCTACCTCAAGCCTA-1,True,TGCTACCTCAAGCCTA-1_contig_1,True,549,TRB,TRBV16,None,TRBJ2-5,None,True,True,CASSSGGRGDTQYF,TGTGCAAGCAGCTCTGGGGGACGAGGAGACACCCAGTACTTT,13232,11,clonotype524,clonotype524_consensus_1
TGCTACCTCAAGCCTA-1,True,TGCTACCTCAAGCCTA-1_contig_2,True,551,TRB,TRBV15,None,TRBJ1-2,TRBC1,True,False,CVPAVLNSDYTF,TGTGTGCCAGCAGTTTTGAACTCCGACTACACCTTC,2854,3,clonotype524,None
TGCTACCTCAAGCCTA-1,True,TGCTACCTCAAGCCTA-1_contig_3,True,353,TRA,TRAV9-2,None,TRAJ30,TRAC,True,False,CVLDDTNAYKVIF,TGTGTTTTGGATGACACAAATGCTTACAAAGTCATCTTT,4520,3,clonotype524,None
TGCTACCTCAAGCCTA-1,True,TGCTACCTCAAGCCTA-1_contig_4,True,493,Multi,TRDV1,None,TRAJ45,TRAC,True,False,CGYTEGADRLTF,TGTGGGTATACAGAAGGTGCAGATAGACTCACCTTT,3082,1,clonotype524,None
TGCTACCTCGTATCAG-1,True,TGCTACCTCGTATCAG-1_contig_1,True,558,TRA,TRAV10N,None,TRAJ7,TRAC,True,True,CAPEPDYSNNRLTL,TGTGCACCGGAACCGGACTACAGCAACAACAGACTTACTTTG,9322,5,clonotype183,clonotype183_consensus_2
TGCTACCTCGTATCAG-1,True,TGCTACCTCGTATCAG-1_contig_2,True,608,TRB,TRBV12-2+TRBV13-2,None,TRBJ2-2,None,True,True,CASGGTGGANTGQLYF,TGTGCCAGCGGTGGGACTGGGGGGGCTAACACCGGGCAGCTCTACTTT,9886,10,clonotype183,clonotype183_consensus_1
TGCTACCTCGTATCAG-1,True,TGCTACCTCGTATCAG-1_contig_3,True,499,TRA,TRAV1,None,TRAJ27,TRAC,True,False,None,None,3020,3,clonotype183,None
TGCTGCTCAAACGCGA-1,True,TGCTGCTCAAACGCGA-1_contig_1,True,582,TRA,TRAV12D-1,None,TRAJ5,TRAC,True,True,CALSDQGVVGQLTF,TGTGCTCTGAGTGATCAAGGGGTTGTGGGGCAGCTCACTTTC,11382,8,clonotype136,clonotype136_consensus_2
TGCTGCTCAAACGCGA-1,True,TGCTGCTCAAACGCGA-1_contig_2,True,505,TRB,TRBV13-1,None,TRBJ2-5,None,True,True,CASSDGDDTQYF,TGTGCCAGCAGTGACGGGGACGACACCCAGTACTTT,43104,38,clonotype136,clonotype136_consensus_1
TGCTGCTCAAACGCGA-1,True,TGCTGCTCAAACGCGA-1_contig_3,True,580,TRB,None,None,TRBJ1-2,TRBC1,False,False,None,None,4970,4,clonotype136,None
TGCTGCTCAAACGCGA-1,True,TGCTGCTCAAACGCGA-1_contig_4,True,380,TRA,TRAV9D-2,None,TRAJ2,TRAC,True,False,CSERGGLSGKLTF,TGTTCTGAGCGCGGAGGACTAAGTGGTAAATTAACATTC,5140,2,clonotype136,None
TGCTGCTCAAGACGTG-1,True,TGCTGCTCAAGACGTG-1_contig_1,True,564,TRB,TRBV12-2+TRBV13-2,None,TRBJ2-7,None,True,True,CASGAGGDYEQYF,TGTGCCAGCGGTGCTGGGGGGGACTATGAACAGTACTTC,2476,3,clonotype106,clonotype106_consensus_1
TGCTGCTCAAGTTAAG-1,True,TGCTGCTCAAGTTAAG-1_contig_1,True,568,TRB,TRBV12-1,None,TRBJ2-7,None,True,True,CASSRNSGTGGVEQYF,TGTGCCAGCTCTCGGAATTCCGGGACTGGGGGGGTTGAACAGTACTTC,2760,2,clonotype145,clonotype145_consensus_1
TGCTGCTCAAGTTAAG-1,True,TGCTGCTCAAGTTAAG-1_contig_2,True,398,TRB,None,None,TRBJ2-1,None,False,False,None,None,2442,1,clonotype145,None
TGCTGCTCAATCGAAA-1,True,TGCTGCTCAATCGAAA-1_contig_1,True,549,TRB,TRBV16,None,TRBJ2-7,None,True,True,CASSLGGGLDEQYF,TGTGCAAGCAGCTTAGGGGGGGGGCTCGATGAACAGTACTTC,1838,4,clonotype26,clonotype26_consensus_1
TGCTGCTCAGGATCGA-1,True,TGCTGCTCAGGATCGA-1_contig_1,True,519,TRA,TRAV6-6,None,TRAJ24,TRAC,True,True,CAPLTTASLGKLQF,TGTGCTCCGTTGACAACTGCCAGTTTGGGGAAACTGCAGTTT,1670,2,clonotype3,clonotype3_consensus_2
TGCTGCTCAGGATCGA-1,True,TGCTGCTCAGGATCGA-1_contig_2,True,512,TRB,TRBV13-1,None,TRBJ2-4,None,True,True,CASSEGTNTLYF,TGTGCCAGCAGTGAAGGAACAAACACCTTGTACTTT,15092,15,clonotype3,clonotype3_consensus_1
TGCTGCTCAGGATCGA-1,True,TGCTGCTCAGGATCGA-1_contig_3,True,725,TRA,TRAV9D-2,None,TRAJ26,TRAC,True,True,CVLSRGNNYAQGLTF,TGTGTTCTGAGCAGGGGCAATAACTATGCCCAGGGATTAACCTTC,2090,2,clonotype3,clonotype3_consensus_3
TGCTGCTGTAAAGGAG-1,True,TGCTGCTGTAAAGGAG-1_contig_1,True,525,TRB,TRBV17,None,TRBJ2-5,None,True,True,CASSRKGAQDTQYF,TGTGCTAGCAGTAGGAAGGGGGCGCAAGACACCCAGTACTTT,12888,8,clonotype134,clonotype134_consensus_1
TGCTGCTGTAAAGGAG-1,True,TGCTGCTGTAAAGGAG-1_contig_2,True,601,TRB,TRBV20,None,TRBJ1-6,TRBC1,True,True,CADRSYNSPLYF,TGTGCCGACAGGTCCTATAATTCGCCCCTCTACTTT,9384,7,clonotype134,clonotype134_consensus_2
TGCTGCTGTAAAGGAG-1,True,TGCTGCTGTAAAGGAG-1_contig_3,True,429,TRB,None,None,TRBJ2-1,None,False,False,None,None,3778,3,clonotype134,None
TGCTGCTGTCGACTGC-1,True,TGCTGCTGTCGACTGC-1_contig_1,True,555,TRB,TRBV12-2+TRBV13-2,None,TRBJ2-1,None,True,True,CASGDPFQFF,TGTGCCAGCGGTGATCCTTTCCAGTTCTTC,8188,8,clonotype58,clonotype58_consensus_2
TGCTGCTGTCGACTGC-1,True,TGCTGCTGTCGACTGC-1_contig_2,True,507,TRB,TRBV5,None,TRBJ2-2,None,True,True,CASSTGQLYF,TGTGCCAGCAGCACCGGGCAGCTCTACTTT,4190,2,clonotype58,clonotype58_consensus_1
TGGACGCAGATGGCGT-1,True,TGGACGCAGATGGCGT-1_contig_1,True,591,TRB,TRBV12-2+TRBV13-2,None,TRBJ2-1,None,True,True,CASGDPFQFF,TGTGCCAGCGGTGATCCTTTCCAGTTCTTC,10950,12,clonotype25,clonotype25_consensus_3
TGGACGCAGATGGCGT-1,True,TGGACGCAGATGGCGT-1_contig_2,True,507,TRB,TRBV5,None,TRBJ2-2,None,True,True,CASSTGQLYF,TGTGCCAGCAGCACCGGGCAGCTCTACTTT,18680,10,clonotype25,clonotype25_consensus_1
TGGACGCAGATGGCGT-1,True,TGGACGCAGATGGCGT-1_contig_3,True,708,TRA,TRAV9N-4,None,TRAJ22,TRAC,True,True,CALPSSGSWQLIF,TGTGCTCTCCCATCTTCTGGCAGCTGGCAACTCATCTTT,2850,4,clonotype25,clonotype25_consensus_2
TGGACGCCAGCAGTTT-1,True,TGGACGCCAGCAGTTT-1_contig_1,True,593,TRA,TRAV19,None,TRAJ39,TRAC,True,True,CAAGGNNAGAKLTF,TGCGCAGCAGGTGGGAATAATGCAGGTGCCAAGCTCACATTC,4124,2,clonotype1,clonotype1_consensus_2
TGGACGCCAGCAGTTT-1,True,TGGACGCCAGCAGTTT-1_contig_2,True,571,TRB,TRBV12-2+TRBV13-2,None,TRBJ1-2,TRBC1,True,True,CASGGGTGNSDYTF,TGTGCCAGCGGTGGGGGGACAGGGAACTCCGACTACACCTTC,18488,18,clonotype1,clonotype1_consensus_1
TGGACGCGTTATTCTC-1,True,TGGACGCGTTATTCTC-1_contig_1,True,549,TRB,TRBV16,None,TRBJ2-5,None,True,True,CASSLGGGQDTQYF,TGTGCAAGCAGCTTAGGGGGGGGGCAAGACACCCAGTACTTT,16872,13,clonotype11,clonotype11_consensus_2
TGGACGCGTTATTCTC-1,True,TGGACGCGTTATTCTC-1_contig_2,True,561,TRA,TRAV4D-3,None,TRAJ27,TRAC,True,True,CAADGPNTGKLTF,TGTGCTGCTGACGGGCCCAATACAGGCAAATTAACCTTT,3380,3,clonotype11,clonotype11_consensus_1
TGGACGCTCCCAGGTG-1,True,TGGACGCTCCCAGGTG-1_contig_1,True,549,TRB,TRBV16,None,TRBJ2-5,None,True,True,CASSLGGGQDTQYF,TGTGCAAGCAGCTTAGGGGGGGGGCAAGACACCCAGTACTTT,4768,4,clonotype11,clonotype11_consensus_2
TGGACGCTCCCAGGTG-1,True,TGGACGCTCCCAGGTG-1_contig_2,True,572,TRA,TRAV4D-3,None,TRAJ27,TRAC,True,True,CAADGPNTGKLTF,TGTGCTGCTGACGGGCCCAATACAGGCAAATTAACCTTT,12648,9,clonotype11,clonotype11_consensus_1
TGGACGCTCCTTCAAT-1,True,TGGACGCTCCTTCAAT-1_contig_1,True,585,TRA,TRAV16D-DV11,None,TRAJ26,TRAC,True,True,CAMREENNYAQGLTF,TGTGCTATGAGAGAGGAAAATAACTATGCCCAGGGATTAACCTTC,3366,5,clonotype12,clonotype12_consensus_2
TGGACGCTCCTTCAAT-1,True,TGGACGCTCCTTCAAT-1_contig_2,True,505,TRB,TRBV13-1,None,TRBJ2-3,None,True,True,CASGDSAETLYF,TGTGCCAGCGGGGACAGTGCAGAAACGCTGTATTTT,49858,73,clonotype12,clonotype12_consensus_1
TGGACGCTCCTTCAAT-1,True,TGGACGCTCCTTCAAT-1_contig_3,True,435,TRB,None,None,TRBJ2-5,None,False,False,None,None,5344,5,clonotype12,None
TGGACGCTCCTTCAAT-1,True,TGGACGCTCCTTCAAT-1_contig_4,True,441,TRB,None,None,TRBJ2-7,None,False,False,None,None,2342,3,clonotype12,None
TGGACGCTCCTTCAAT-1,True,TGGACGCTCCTTCAAT-1_contig_5,True,565,TRA,TRAV3D-3,None,TRAJ28,TRAC,True,False,CTSAQSVRGTGSNRLTF,TGTACTTCTGCGCAGTCAGTGAGGGGCACTGGGAGTAACAGGCTCACTTTT,2248,4,clonotype12,None
TGGACGCTCCTTCAAT-1,True,TGGACGCTCCTTCAAT-1_contig_6,True,484,TRB,None,None,TRBJ1-6,TRBC1,False,False,None,None,14208,18,clonotype12,None
TGGACGCTCGGCGCTA-1,True,TGGACGCTCGGCGCTA-1_contig_1,True,578,TRA,TRAV8-1,None,TRAJ13,TRAC,True,True,CATNSGTYQRF,TGTGCTACTAATTCTGGGACTTACCAGAGGTTT,2336,2,clonotype525,clonotype525_consensus_2
TGGACGCTCGGCGCTA-1,True,TGGACGCTCGGCGCTA-1_contig_2,True,555,TRB,TRBV12-1,None,TRBJ2-7,None,True,True,CASSETGYEQYF,TGTGCCAGCAGTGAAACAGGGTATGAACAGTACTTC,2968,3,clonotype525,clonotype525_consensus_1
TGGACGCTCGGCGCTA-1,True,TGGACGCTCGGCGCTA-1_contig_3,True,663,TRA,TRAV3-4,None,TRAJ4,None,False,False,CTSAHPMLSGSFNKLTF,TGTACTTCTGCGCACCCCATGTTATCTGGTAGCTTCAATAAGTTGACCTTT,842,1,clonotype525,None
TGGCCAGAGGCCCTCA-1,True,TGGCCAGAGGCCCTCA-1_contig_1,True,549,TRB,TRBV16,None,TRBJ2-5,None,True,True,CASSLGGGQDTQYF,TGTGCAAGCAGCTTAGGGGGGGGGCAAGACACCCAGTACTTT,1052,1,clonotype11,clonotype11_consensus_2
TGGCCAGAGGCCCTCA-1,True,TGGCCAGAGGCCCTCA-1_contig_2,True,564,TRA,TRAV4D-3,None,TRAJ27,TRAC,True,True,CAADGPNTGKLTF,TGTGCTGCTGACGGGCCCAATACAGGCAAATTAACCTTT,10354,7,clonotype11,clonotype11_consensus_1
TGGCCAGAGGGCATGT-1,True,TGGCCAGAGGGCATGT-1_contig_1,True,526,TRA,TRAV7D-5,None,TRAJ16,TRAC,True,True,CAVSSPATSSGQKLVF,TGTGCAGTGAGCAGCCCCGCAACTTCAAGTGGCCAGAAGCTGGTTTTT,6284,7,clonotype121,clonotype121_consensus_1
TGGCCAGAGGGCATGT-1,True,TGGCCAGAGGGCATGT-1_contig_2,True,368,TRB,None,None,TRBJ2-7,None,False,False,None,None,5018,5,clonotype121,None
TGGCCAGAGTCGTTTG-1,True,TGGCCAGAGTCGTTTG-1_contig_1,True,523,TRA,TRAV8-1,None,TRAJ30,TRAC,True,True,CATDTNAYKVIF,TGTGCTACTGACACAAATGCTTACAAAGTCATCTTT,4134,3,clonotype93,clonotype93_consensus_1
TGGCCAGAGTCGTTTG-1,True,TGGCCAGAGTCGTTTG-1_contig_2,True,565,TRB,TRBV12-2+TRBV13-2,None,TRBJ1-5,TRBC1,True,True,CASGTGDNQAPLF,TGTGCCAGCGGTACAGGGGATAACCAGGCTCCGCTTTTT,8850,9,clonotype93,clonotype93_consensus_2
TGGCCAGAGTCGTTTG-1,True,TGGCCAGAGTCGTTTG-1_contig_3,True,402,TRB,None,None,TRBJ1-2,TRBC1,False,False,None,None,1460,1,clonotype93,None
TGGCCAGCACCAGCAC-1,True,TGGCCAGCACCAGCAC-1_contig_1,True,521,TRA,TRAV8-1,None,TRAJ30,TRAC,True,True,CATDTNAYKVIF,TGTGCTACTGACACAAATGCTTACAAAGTCATCTTT,9300,5,clonotype14,clonotype14_consensus_1
TGGCCAGCACCAGCAC-1,True,TGGCCAGCACCAGCAC-1_contig_2,True,566,TRB,TRBV12-2+TRBV13-2,None,TRBJ1-5,TRBC1,True,True,CASGTGDNQAPLF,TGTGCCAGCGGTACAGGGGACAACCAGGCTCCGCTTTTT,4228,3,clonotype14,clonotype14_consensus_2
TGGCCAGCACCAGCAC-1,True,TGGCCAGCACCAGCAC-1_contig_3,True,567,TRA,TRAV3-3,None,TRAJ37,TRAC,True,False,None,None,3064,3,clonotype14,None
TGGCCAGTCGAATGGG-1,True,TGGCCAGTCGAATGGG-1_contig_1,True,519,TRA,TRAV7-3,None,TRAJ38,TRAC,True,True,CAVSAANVGDNSKLIW,TGTGCAGTGAGCGCGGCGAATGTTGGTGACAACAGTAAGCTGATTTGG,5902,3,clonotype207,clonotype207_consensus_2
TGGCCAGTCGAATGGG-1,True,TGGCCAGTCGAATGGG-1_contig_2,True,522,TRA,TRAV7N-6,None,TRAJ34,TRAC,True,True,CAISSNTNKVVF,TGTGCAATTTCTTCCAATACCAACAAAGTCGTCTTT,4174,2,clonotype207,clonotype207_consensus_1
TGGCGCAAGTAAGTAC-1,True,TGGCGCAAGTAAGTAC-1_contig_1,True,562,TRA,TRAV14D-1,None,TRAJ27,TRAC,True,True,CAQNPPSNTGKLTF,TGTGCACAAAATCCCCCATCCAATACAGGCAAATTAACCTTT,4086,2,clonotype53,clonotype53_consensus_2
TGGCGCAAGTAAGTAC-1,True,TGGCGCAAGTAAGTAC-1_contig_2,True,521,TRB,TRBV13-3,None,TRBJ1-3,TRBC1,True,True,CASSEHPLSGNTLYF,TGTGCCAGCAGTGAGCACCCCCTTTCTGGAAATACGCTCTATTTT,11470,9,clonotype53,clonotype53_consensus_1
TGGCGCACACAGTCGC-1,True,TGGCGCACACAGTCGC-1_contig_1,True,539,TRA,TRAV8-1,None,TRAJ31,TRAC,True,True,CATDGNNRIFF,TGTGCTACTGACGGCAATAACAGAATCTTCTTT,3900,5,clonotype186,clonotype186_consensus_1
TGGCGCACACAGTCGC-1,True,TGGCGCACACAGTCGC-1_contig_2,True,515,TRB,TRBV13-1,None,TRBJ2-2,None,True,True,CATSTGDTGQLYF,TGTGCCACCTCGACAGGGGACACCGGGCAGCTCTACTTT,1088,2,clonotype186,clonotype186_consensus_2
TGGCGCACACAGTCGC-1,True,TGGCGCACACAGTCGC-1_contig_3,True,635,TRB,TRBV1,None,TRBJ2-3,None,True,False,None,None,864,1,clonotype186,None
TGGCGCACACAGTCGC-1,True,TGGCGCACACAGTCGC-1_contig_4,True,707,TRA,TRAV9D-4,None,TRAJ7,TRAC,True,False,None,None,4570,4,clonotype186,None
TGGCGCACAGGTGGAT-1,True,TGGCGCACAGGTGGAT-1_contig_1,True,511,TRB,TRBV26,None,TRBJ2-5,None,True,True,CASSRGTDTQYF,TGTGCCAGCAGCCGCGGGACCGACACCCAGTACTTT,4418,3,clonotype526,clonotype526_consensus_1
TGGCGCACAGGTGGAT-1,True,TGGCGCACAGGTGGAT-1_contig_2,True,540,TRA,TRAV3D-3,None,TRAJ32,TRAC,True,True,CAVRPYGSSGNKLIF,TGCGCAGTCAGGCCTTATGGGAGCAGTGGCAACAAGCTCATCTTT,3038,2,clonotype526,clonotype526_consensus_3
TGGCGCACAGGTGGAT-1,True,TGGCGCACAGGTGGAT-1_contig_3,True,512,TRB,TRBV13-1,None,TRBJ2-1,None,True,True,CASSNNYAEQFF,TGTGCCAGCAGTAACAACTATGCTGAGCAGTTCTTC,5104,5,clonotype526,clonotype526_consensus_2
TGGCGCACAGGTGGAT-1,True,TGGCGCACAGGTGGAT-1_contig_4,True,493,TRB,TRBV10,None,TRBJ2-4,None,True,False,CASS*,TGTGCCAGCAGCTAA,826,1,clonotype526,None
TGGCGCACAGGTGGAT-1,True,TGGCGCACAGGTGGAT-1_contig_5,True,386,TRA,TRAV6-6,None,TRAJ27,TRAC,True,False,None,None,3538,4,clonotype526,None
TGGCGCACATTAGGCT-1,True,TGGCGCACATTAGGCT-1_contig_1,True,606,TRA,TRAV16N,None,TRAJ39,TRAC,True,True,CAMRESNNAGAKLTF,TGTGCTATGAGAGAGAGTAATAATGCAGGTGCCAAGCTCACATTC,856,2,clonotype527,clonotype527_consensus_2
TGGCGCACATTAGGCT-1,True,TGGCGCACATTAGGCT-1_contig_2,True,502,TRB,TRBV13-1,None,TRBJ2-2,None,True,True,CASSDPGQLYF,TGTGCCAGCAGTGATCCCGGGCAGCTCTACTTT,454,2,clonotype527,clonotype527_consensus_1
TGGCGCACATTAGGCT-1,True,TGGCGCACATTAGGCT-1_contig_3,True,520,TRB,None,None,TRBJ2-5,None,False,False,None,None,1626,1,clonotype527,None
TGGCGCAGTGACAAAT-1,True,TGGCGCAGTGACAAAT-1_contig_1,True,568,TRB,TRBV12-2+TRBV13-2,None,TRBJ1-5,TRBC1,True,True,CASGTGDNQAPLF,TGTGCCAGCGGGACAGGGGACAACCAGGCTCCGCTTTTT,3144,4,clonotype16,clonotype16_consensus_1
TGGCGCATCAGCAACT-1,True,TGGCGCATCAGCAACT-1_contig_1,True,573,TRA,TRAV8-1,None,TRAJ30,TRAC,True,True,CAYDTNAYKVIF,TGTGCCTATGACACAAATGCTTACAAAGTCATCTTT,2912,2,clonotype528,clonotype528_consensus_1
TGGCGCATCAGCAACT-1,True,TGGCGCATCAGCAACT-1_contig_2,True,585,TRB,TRBV12-2+TRBV13-2,None,TRBJ1-5,TRBC1,True,True,CASGTGDNQAPLF,TGTGCCAGCGGGACAGGGGACAACCAGGCTCCGCTTTTT,16080,12,clonotype528,clonotype528_consensus_2
TGGCGCATCAGCAACT-1,True,TGGCGCATCAGCAACT-1_contig_3,True,578,TRB,None,None,TRBJ1-3,TRBC1,False,False,None,None,15692,8,clonotype528,None
TGGCGCATCAGCAACT-1,True,TGGCGCATCAGCAACT-1_contig_4,True,358,TRB,None,None,TRBJ2-1,None,False,False,None,None,6796,3,clonotype528,None
TGGCGCATCAGCAACT-1,True,TGGCGCATCAGCAACT-1_contig_5,True,509,TRA,TRAV13D-3,None,TRAJ34,TRAC,True,False,None,None,6206,4,clonotype528,None
TGGCGCATCATTTGGG-1,True,TGGCGCATCATTTGGG-1_contig_1,True,538,TRA,TRAV8-1,None,TRAJ30,TRAC,True,True,CATDTNAYKVIF,TGTGCTACTGACACAAATGCTTACAAAGTCATCTTT,12962,11,clonotype14,clonotype14_consensus_1
TGGCGCATCATTTGGG-1,True,TGGCGCATCATTTGGG-1_contig_2,True,566,TRB,TRBV12-2+TRBV13-2,None,TRBJ1-5,TRBC1,True,True,CASGTGDNQAPLF,TGTGCCAGCGGTACAGGGGACAACCAGGCTCCGCTTTTT,53976,43,clonotype14,clonotype14_consensus_2
TGGCGCATCATTTGGG-1,True,TGGCGCATCATTTGGG-1_contig_3,True,567,TRA,TRAV3-3,None,TRAJ37,TRAC,True,False,None,None,1092,1,clonotype14,None
TGGCGCATCCCAACGG-1,True,TGGCGCATCCCAACGG-1_contig_1,True,534,TRA,TRAV19,None,TRAJ39,TRAC,True,True,CAAGGNNAGAKLTF,TGCGCAGCAGGTGGGAATAATGCAGGTGCCAAGCTCACATTC,7972,5,clonotype1,clonotype1_consensus_2
TGGCGCATCCCAACGG-1,True,TGGCGCATCCCAACGG-1_contig_2,True,568,TRB,TRBV12-2+TRBV13-2,None,TRBJ1-2,TRBC1,True,True,CASGGGTGNSDYTF,TGTGCCAGCGGTGGGGGGACAGGGAACTCCGACTACACCTTC,2360,3,clonotype1,clonotype1_consensus_1
TGGCGCATCCCAACGG-1,True,TGGCGCATCCCAACGG-1_contig_3,True,574,TRB,None,None,TRBJ2-7,None,False,False,None,None,1772,1,clonotype1,None
TGGCTGGAGACCGGAT-1,True,TGGCTGGAGACCGGAT-1_contig_1,True,609,TRB,TRBV12-1,None,TRBJ2-5,None,True,True,CASSPRDWDQDTQYF,TGTGCCAGCTCTCCTCGGGACTGGGACCAAGACACCCAGTACTTT,2360,2,clonotype103,clonotype103_consensus_2
TGGCTGGAGACCGGAT-1,True,TGGCTGGAGACCGGAT-1_contig_2,True,543,TRA,TRAV6-1,None,TRAJ43,TRAC,True,True,CVLGDGNNNAPRF,TGTGTTCTGGGTGATGGTAACAACAATGCCCCACGATTT,5402,3,clonotype103,clonotype103_consensus_1
TGGCTGGAGTGGTAGC-1,True,TGGCTGGAGTGGTAGC-1_contig_1,True,530,TRA,TRAV16,None,TRAJ57,TRAC,True,True,CAMREPQGGSAKLIF,TGTGCTATGAGAGAGCCTCAAGGAGGGTCTGCGAAGCTCATCTTT,9034,5,clonotype22,clonotype22_consensus_3
TGGCTGGAGTGGTAGC-1,True,TGGCTGGAGTGGTAGC-1_contig_2,True,532,TRA,TRAV13-4-DV7,None,TRAJ58,TRAC,True,True,CAPMQQGTGSKLSF,TGTGCTCCTATGCAGCAAGGCACTGGGTCTAAGCTGTCATTT,9614,6,clonotype22,clonotype22_consensus_2
TGGCTGGAGTGGTAGC-1,True,TGGCTGGAGTGGTAGC-1_contig_3,True,525,TRB,TRBV17,None,TRBJ2-5,None,True,True,CASSRKGVQDTQYF,TGTGCTAGCAGTAGAAAGGGGGTCCAAGACACCCAGTACTTT,18460,12,clonotype22,clonotype22_consensus_1
TGGCTGGAGTTTGCGT-1,True,TGGCTGGAGTTTGCGT-1_contig_1,True,549,TRA,TRAV6-6,None,TRAJ24,TRAC,True,True,CAPLTTASLGKLQF,TGTGCTCCGTTGACAACTGCCAGTTTGGGGAAACTGCAGTTT,18384,14,clonotype3,clonotype3_consensus_2
TGGCTGGAGTTTGCGT-1,True,TGGCTGGAGTTTGCGT-1_contig_2,True,512,TRB,TRBV13-1,None,TRBJ2-4,None,True,True,CASSEGTNTLYF,TGTGCCAGCAGTGAAGGAACAAACACCTTGTACTTT,44620,40,clonotype3,clonotype3_consensus_1
TGGCTGGAGTTTGCGT-1,True,TGGCTGGAGTTTGCGT-1_contig_3,True,732,TRA,TRAV9D-2,None,TRAJ26,TRAC,True,True,CVLSRGNNYAQGLTF,TGTGTTCTGAGCAGGGGCAATAACTATGCCCAGGGATTAACCTTC,8988,10,clonotype3,clonotype3_consensus_3
TGGCTGGAGTTTGCGT-1,True,TGGCTGGAGTTTGCGT-1_contig_4,True,434,TRB,None,None,TRBJ2-7,None,False,False,None,None,5012,5,clonotype3,None
TGGCTGGGTGCAACGA-1,True,TGGCTGGGTGCAACGA-1_contig_1,True,558,TRA,TRAV19,None,TRAJ39,TRAC,True,True,CAAGGNNAGAKLTF,TGCGCAGCAGGTGGGAATAATGCAGGTGCCAAGCTCACATTC,4990,3,clonotype1,clonotype1_consensus_2
TGGCTGGGTGCAACGA-1,True,TGGCTGGGTGCAACGA-1_contig_2,True,568,TRB,TRBV12-2+TRBV13-2,None,TRBJ1-2,TRBC1,True,True,CASGGGTGNSDYTF,TGTGCCAGCGGTGGGGGGACAGGGAACTCCGACTACACCTTC,4926,5,clonotype1,clonotype1_consensus_1
TGGCTGGGTGGCCCTA-1,True,TGGCTGGGTGGCCCTA-1_contig_1,True,549,TRB,TRBV16,None,TRBJ2-5,None,True,True,CASSLGGNQDTQYF,TGTGCAAGCAGCTTGGGGGGTAACCAAGACACCCAGTACTTT,11060,10,clonotype135,clonotype135_consensus_1
TGGCTGGGTGGCCCTA-1,True,TGGCTGGGTGGCCCTA-1_contig_2,True,507,TRA,TRAV6N-6,None,TRAJ12,TRAC,True,False,CSGLTGGYKVVF,TGCTCTGGGTTAACTGGAGGCTATAAAGTGGTCTTT,6186,5,clonotype135,None
TGGCTGGGTGGCCCTA-1,True,TGGCTGGGTGGCCCTA-1_contig_3,True,512,TRB,TRBV31,None,TRBJ2-1,None,True,False,CLEGRGGTEQFF,TGCCTGGAAGGGAGGGGGGGCACTGAGCAGTTCTTC,3764,3,clonotype135,None
TGGCTGGTCTCTTGAT-1,True,TGGCTGGTCTCTTGAT-1_contig_1,True,558,TRA,TRAV19,None,TRAJ39,TRAC,True,True,CAAGGNNAGAKLTF,TGCGCAGCAGGTGGGAATAATGCAGGTGCCAAGCTCACATTC,7300,4,clonotype1,clonotype1_consensus_2
TGGCTGGTCTCTTGAT-1,True,TGGCTGGTCTCTTGAT-1_contig_2,True,580,TRB,TRBV12-2+TRBV13-2,None,TRBJ1-2,TRBC1,True,True,CASGGGTGNSDYTF,TGTGCCAGCGGTGGGGGGACAGGGAACTCCGACTACACCTTC,37684,34,clonotype1,clonotype1_consensus_1
TGGGAAGAGAGGTTGC-1,True,TGGGAAGAGAGGTTGC-1_contig_1,True,558,TRA,TRAV19,None,TRAJ39,TRAC,True,True,CAAGGNNAGAKLTF,TGCGCAGCAGGTGGGAATAATGCAGGTGCCAAGCTCACATTC,9622,9,clonotype1,clonotype1_consensus_2
TGGGAAGAGAGGTTGC-1,True,TGGGAAGAGAGGTTGC-1_contig_2,True,569,TRB,TRBV12-2+TRBV13-2,None,TRBJ1-2,TRBC1,True,True,CASGGGTGNSDYTF,TGTGCCAGCGGTGGGGGGACAGGGAACTCCGACTACACCTTC,27022,24,clonotype1,clonotype1_consensus_1
TGGGAAGAGGAGTCTG-1,True,TGGGAAGAGGAGTCTG-1_contig_1,True,566,TRA,TRAV3-3,None,TRAJ26,TRAC,True,True,CAVSEDNYAQGLTF,TGCGCAGTCAGTGAGGATAACTATGCCCAGGGATTAACCTTC,2878,3,clonotype192,clonotype192_consensus_1
TGGGAAGAGGAGTCTG-1,True,TGGGAAGAGGAGTCTG-1_contig_2,True,571,TRB,TRBV2,None,TRBJ2-3,None,True,True,CASSQDGGGRFAETLYF,TGTGCCAGCAGCCAAGATGGGGGGGGGCGCTTTGCAGAAACGCTGTATTTT,1200,1,clonotype192,clonotype192_consensus_2
TGGGAAGAGTGGGTTG-1,True,TGGGAAGAGTGGGTTG-1_contig_1,True,558,TRA,TRAV19,None,TRAJ39,TRAC,True,True,CAAGGNNAGAKLTF,TGCGCAGCAGGTGGGAATAATGCAGGTGCCAAGCTCACATTC,2972,2,clonotype1,clonotype1_consensus_2
TGGGAAGAGTGGGTTG-1,True,TGGGAAGAGTGGGTTG-1_contig_2,True,560,TRB,TRBV12-2+TRBV13-2,None,TRBJ1-2,TRBC1,True,True,CASGGGTGNSDYTF,TGTGCCAGCGGTGGGGGGACAGGGAACTCCGACTACACCTTC,3696,3,clonotype1,clonotype1_consensus_1
TGGGAAGAGTGGGTTG-1,True,TGGGAAGAGTGGGTTG-1_contig_3,True,453,TRB,None,None,TRBJ2-7,None,False,False,None,None,3532,3,clonotype1,None
TGGGAAGCACGGATAG-1,True,TGGGAAGCACGGATAG-1_contig_1,True,547,TRA,TRAV8D-1,None,TRAJ39,TRAC,True,True,CATDNNNAGAKLTF,TGTGCTACTGATAATAATAATGCAGGTGCCAAGCTCACATTC,880,1,clonotype529,clonotype529_consensus_1
TGGGAAGCACGGATAG-1,True,TGGGAAGCACGGATAG-1_contig_2,True,559,TRB,TRBV12-2+TRBV13-2,None,TRBJ2-1,None,True,True,CASGGGGAEQFF,TGTGCCAGCGGTGGAGGGGGGGCTGAGCAGTTCTTC,2068,2,clonotype529,clonotype529_consensus_2
TGGGAAGGTAGCTCCG-1,True,TGGGAAGGTAGCTCCG-1_contig_1,True,505,TRB,TRBV13-1,None,TRBJ2-4,None,True,True,CASSEGTNTLYF,TGTGCCAGCAGTGAAGGAACAAACACCTTGTACTTT,4900,3,clonotype9,clonotype9_consensus_1
TGGGAAGGTAGCTCCG-1,True,TGGGAAGGTAGCTCCG-1_contig_2,True,668,TRA,TRAV9D-2,None,TRAJ26,TRAC,True,True,CVLSRGNNYAQGLTF,TGTGTTCTGAGCAGGGGCAATAACTATGCCCAGGGATTAACCTTC,2352,4,clonotype9,clonotype9_consensus_2
TGGGAAGGTTCGGCAC-1,True,TGGGAAGGTTCGGCAC-1_contig_1,True,529,TRA,TRAV13N-4,None,TRAJ37,TRAC,True,True,CAMDPLITGNTGKLIF,TGTGCTATGGACCCTCTTATAACAGGCAATACCGGAAAACTCATCTTT,3010,2,clonotype530,clonotype530_consensus_1
TGGGAAGGTTCGGCAC-1,True,TGGGAAGGTTCGGCAC-1_contig_2,True,348,TRA,TRAV5-4,None,TRAJ52,TRAC,True,False,CAASEDTGANTGKLTF,TGTGCTGCAAGTGAAGACACTGGAGCTAACACTGGAAAGCTCACGTTT,2380,2,clonotype530,None
TGGGCGTAGATGAGAG-1,True,TGGGCGTAGATGAGAG-1_contig_1,True,560,TRA,TRAV14N-3,None,TRAJ6,TRAC,True,True,CAARTSGGNYKPTF,TGTGCAGCAAGAACCTCAGGAGGAAACTACAAACCTACGTTT,22312,13,clonotype4,clonotype4_consensus_2
TGGGCGTAGATGAGAG-1,True,TGGGCGTAGATGAGAG-1_contig_2,True,549,TRA,TRAV8N-2,None,TRAJ13,TRAC,True,True,CATEDSGTYQRF,TGTGCTACTGAGGATTCTGGGACTTACCAGAGGTTT,41718,25,clonotype4,clonotype4_consensus_1
TGGGCGTAGATGAGAG-1,True,TGGGCGTAGATGAGAG-1_contig_3,True,565,TRB,TRBV12-2+TRBV13-2,None,TRBJ2-7,None,True,True,CASGTGGDYEQYF,TGTGCCAGCGGGACTGGGGGGGACTATGAACAGTACTTC,12580,9,clonotype4,clonotype4_consensus_3
TGGGCGTAGCGTAATA-1,True,TGGGCGTAGCGTAATA-1_contig_1,True,579,TRA,TRAV6-6,None,TRAJ24,TRAC,True,True,CAPLTTASLGKLQF,TGTGCTCCGTTGACAACTGCCAGTTTGGGGAAACTGCAGTTT,6548,5,clonotype2,clonotype2_consensus_2
TGGGCGTAGCGTAATA-1,True,TGGGCGTAGCGTAATA-1_contig_2,True,505,TRB,TRBV13-1,None,TRBJ2-4,None,True,True,CASSEGTNTLYF,TGTGCCAGCAGTGAAGGAACAAACACCTTGTACTTT,2094,1,clonotype2,clonotype2_consensus_1
TGGGCGTAGCGTAATA-1,True,TGGGCGTAGCGTAATA-1_contig_3,True,487,TRB,None,None,TRBJ2-7,None,False,False,None,None,4978,3,clonotype2,None
TGGGCGTAGCGTAATA-1,True,TGGGCGTAGCGTAATA-1_contig_4,True,426,TRA,TRAV9D-2,None,TRAJ26,TRAC,True,False,CVLSRGNNYAQGLTF,TGTGTTCTGAGCAGGGGCAATAACTATGCCCAGGGATTAACCTTC,668,2,clonotype2,None
TGGGCGTAGCGTAATA-1,True,TGGGCGTAGCGTAATA-1_contig_5,True,565,TRB,TRBV12-2+TRBV13-2,None,TRBJ2-5,None,True,False,CASGDW,TGTGCCAGCGGTGACTGG,1254,2,clonotype2,None
TGGGCGTCACAACGTT-1,True,TGGGCGTCACAACGTT-1_contig_1,True,549,TRB,TRBV16,None,TRBJ2-5,None,True,True,CASSLGGGQDTQYF,TGTGCAAGCAGCTTAGGGGGGGGGCAAGACACCCAGTACTTT,1796,3,clonotype11,clonotype11_consensus_2
TGGGCGTCACAACGTT-1,True,TGGGCGTCACAACGTT-1_contig_2,True,565,TRA,TRAV4D-3,None,TRAJ27,TRAC,True,True,CAADGPNTGKLTF,TGTGCTGCTGACGGGCCCAATACAGGCAAATTAACCTTT,1768,2,clonotype11,clonotype11_consensus_1
TGGGCGTCACAACGTT-1,True,TGGGCGTCACAACGTT-1_contig_3,True,595,TRA,TRAV7-4,None,TRAJ31,TRAC,True,False,None,None,1154,1,clonotype11,None
TGGGCGTGTAAAGTCA-1,True,TGGGCGTGTAAAGTCA-1_contig_1,True,543,TRA,TRAV19,None,TRAJ39,TRAC,True,True,CAAGGNNAGAKLTF,TGCGCAGCAGGTGGGAATAATGCAGGTGCCAAGCTCACATTC,2746,2,clonotype1,clonotype1_consensus_2
TGGGCGTGTAAAGTCA-1,True,TGGGCGTGTAAAGTCA-1_contig_2,True,523,TRB,TRBV13-2,None,TRBJ1-2,TRBC1,True,True,CASGGGTGNSDYTF,TGTGCCAGCGGTGGGGGGACAGGGAACTCCGACTACACCTTC,6672,5,clonotype1,clonotype1_consensus_1
TGGGCGTGTACATCCA-1,True,TGGGCGTGTACATCCA-1_contig_1,True,541,TRA,TRAV8D-1,None,TRAJ30,TRAC,True,True,CATDTNAYKVIF,TGTGCTACTGACACAAATGCTTACAAAGTCATCTTT,5134,3,clonotype70,clonotype70_consensus_1
TGGGCGTGTGATGATA-1,True,TGGGCGTGTGATGATA-1_contig_1,True,560,TRA,TRAV10N,None,TRAJ23,TRAC,True,True,CAASNRYNQGKLIF,TGTGCAGCAAGCAACCGGTATAACCAGGGGAAGCTTATCTTT,1172,2,clonotype167,clonotype167_consensus_1
TGGGCGTGTGATGATA-1,True,TGGGCGTGTGATGATA-1_contig_2,True,557,TRB,TRBV12-2+TRBV13-2,None,TRBJ2-5,None,True,True,CASGTGDTQYF,TGTGCCAGCGGCACCGGGGACACCCAGTACTTT,3660,3,clonotype167,clonotype167_consensus_3
TGGGCGTGTGATGATA-1,True,TGGGCGTGTGATGATA-1_contig_3,True,511,TRA,TRAV7N-6,None,TRAJ6,TRAC,True,True,CASSGGNYKPTF,TGTGCATCCTCAGGAGGAAACTACAAACCTACGTTT,572,1,clonotype167,clonotype167_consensus_2
TGGGCGTTCAACACTG-1,True,TGGGCGTTCAACACTG-1_contig_1,True,512,TRB,TRBV13-1,None,TRBJ2-4,None,True,True,CASSEGTNTLYF,TGTGCCAGCAGTGAAGGAACAAACACCTTGTACTTT,9584,7,clonotype6,clonotype6_consensus_1
TGGGCGTTCAACACTG-1,True,TGGGCGTTCAACACTG-1_contig_2,True,490,TRB,TRBV12-2+TRBV13-2,None,TRBJ2-5,None,True,False,CASGDW,TGTGCCAGCGGTGACTGG,1340,1,clonotype6,None
TGGGCGTTCTACGAGT-1,True,TGGGCGTTCTACGAGT-1_contig_1,True,545,TRA,TRAV8-1,None,TRAJ30,TRAC,True,True,CATDTNAYKVIF,TGTGCTACTGACACAAATGCTTACAAAGTCATCTTT,818,1,clonotype13,clonotype13_consensus_1
TGGGCGTTCTACGAGT-1,True,TGGGCGTTCTACGAGT-1_contig_2,True,581,TRB,TRBV12-2+TRBV13-2,None,TRBJ1-5,TRBC1,True,True,CASGTGDNQAPLF,TGTGCCAGCGGGACAGGGGACAACCAGGCTCCGCTTTTT,4260,3,clonotype13,clonotype13_consensus_2
TGGGCGTTCTACGAGT-1,True,TGGGCGTTCTACGAGT-1_contig_3,True,427,TRB,None,None,TRBJ2-4,None,False,False,None,None,606,1,clonotype13,None
TGGTTAGAGAGGTACC-1,True,TGGTTAGAGAGGTACC-1_contig_1,True,505,TRB,TRBV13-1,None,TRBJ2-4,None,True,True,CASSEGTNTLYF,TGTGCCAGCAGTGAAGGAACAAACACCTTGTACTTT,7768,5,clonotype9,clonotype9_consensus_1
TGGTTAGAGAGGTACC-1,True,TGGTTAGAGAGGTACC-1_contig_2,True,722,TRA,TRAV9D-2,None,TRAJ26,TRAC,True,True,CVLSRGNNYAQGLTF,TGTGTTCTGAGCAGGGGCAATAACTATGCCCAGGGATTAACCTTC,2686,2,clonotype9,clonotype9_consensus_2
TGGTTAGAGAGGTACC-1,True,TGGTTAGAGAGGTACC-1_contig_3,True,753,TRA,TRAV10D,None,TRAJ30,None,True,False,None,None,956,1,clonotype9,None
TGGTTAGAGGCAGGTT-1,True,TGGTTAGAGGCAGGTT-1_contig_1,True,517,TRA,TRAV6-6,None,TRAJ24,TRAC,True,True,CAPLTTASLGKLQF,TGTGCTCCGTTGACAACTGCCAGTTTGGGGAAACTGCAGTTT,9292,5,clonotype2,clonotype2_consensus_2
TGGTTAGAGGCAGGTT-1,True,TGGTTAGAGGCAGGTT-1_contig_2,True,512,TRB,TRBV13-1,None,TRBJ2-4,None,True,True,CASSEGTNTLYF,TGTGCCAGCAGTGAAGGAACAAACACCTTGTACTTT,47578,34,clonotype2,clonotype2_consensus_1
TGGTTAGAGGCAGGTT-1,True,TGGTTAGAGGCAGGTT-1_contig_3,True,811,TRA,TRAV9D-2,None,TRAJ26,TRAC,True,False,CVLSRGNNYAQGLTF,TGTGTTCTGAGCAGGGGCAATAACTATGCCCAGGGATTAACCTTC,4424,3,clonotype2,None
TGGTTAGAGTCTTGCA-1,True,TGGTTAGAGTCTTGCA-1_contig_1,True,560,TRB,TRBV12-2+TRBV13-2,None,TRBJ2-7,None,True,True,CASGVQGWEQYF,TGTGCCAGCGGTGTACAGGGGTGGGAACAGTACTTC,5598,5,clonotype138,clonotype138_consensus_1
TGGTTAGAGTCTTGCA-1,True,TGGTTAGAGTCTTGCA-1_contig_2,True,435,TRA,TRAV3-3,None,TRAJ49,TRAC,True,False,CAVSGSTGYQNFYF,TGCGCAGTCAGTGGGAGCACGGGTTACCAGAACTTCTATTTT,234,3,clonotype138,None
TGGTTAGAGTCTTGCA-1,True,TGGTTAGAGTCTTGCA-1_contig_3,True,460,TRB,None,None,TRBJ1-1,TRBC1,False,False,None,None,3210,1,clonotype138,None
TGGTTAGAGTCTTGCA-1,True,TGGTTAGAGTCTTGCA-1_contig_4,True,752,TRB,None,None,TRBJ1-1,TRBC1,False,False,None,None,1182,1,clonotype138,None
TGGTTAGGTACAGTGG-1,True,TGGTTAGGTACAGTGG-1_contig_1,True,530,TRA,TRAV6-7-DV9,None,TRAJ47,TRAC,True,True,CALSDLDYANKMIF,TGTGCTCTGAGTGATCTGGACTATGCAAACAAGATGATCTTT,4812,4,clonotype188,clonotype188_consensus_1
TGGTTAGGTACAGTGG-1,True,TGGTTAGGTACAGTGG-1_contig_2,True,505,TRB,TRBV13-1,None,TRBJ2-4,None,True,True,CASSTGWNTLYF,TGTGCCAGCAGTACAGGGTGGAACACCTTGTACTTT,7668,6,clonotype188,clonotype188_consensus_2
TGGTTAGGTTCATGGT-1,True,TGGTTAGGTTCATGGT-1_contig_1,True,597,TRB,TRBV12-2+TRBV13-2,None,TRBJ1-4,TRBC1,True,True,CASGDAPERLFF,TGTGCCAGCGGTGATGCTCCCGAAAGATTATTTTTC,43130,46,clonotype41,clonotype41_consensus_1
TGGTTAGGTTCATGGT-1,True,TGGTTAGGTTCATGGT-1_contig_2,True,352,TRB,None,None,TRBJ2-1,None,False,False,None,None,16716,13,clonotype41,None
TGGTTAGGTTCATGGT-1,True,TGGTTAGGTTCATGGT-1_contig_3,True,555,Multi,TRDV1,None,TRAJ43,TRAC,True,False,CGGLNNAPRF,TGTGGAGGCCTCAACAATGCCCCACGATTT,14566,16,clonotype41,None
TGGTTAGGTTCATGGT-1,True,TGGTTAGGTTCATGGT-1_contig_4,True,301,TRB,None,None,TRBJ2-3,None,False,False,None,None,302,1,clonotype41,None
TGGTTCCAGAAACCGC-1,True,TGGTTCCAGAAACCGC-1_contig_1,True,537,TRA,TRAV3-3,None,TRAJ49,TRAC,True,True,CAVSGATGYQNFYF,TGCGCAGTCAGTGGGGCCACGGGTTACCAGAACTTCTATTTT,6698,4,clonotype64,clonotype64_consensus_1
TGGTTCCAGAAACCGC-1,True,TGGTTCCAGAAACCGC-1_contig_2,True,565,TRB,TRBV12-2+TRBV13-2,None,TRBJ2-5,None,True,True,CASGVQGDTQYF,TGTGCCAGCGGTGTTCAGGGGGACACCCAGTACTTT,39284,35,clonotype64,clonotype64_consensus_2
TGGTTCCAGAAACCGC-1,True,TGGTTCCAGAAACCGC-1_contig_3,True,479,TRA,TRAV8N-2,None,TRAJ43,None,True,False,CATDANNNNAPRF,TGTGCTACTGATGCCAATAACAACAATGCCCCACGATTT,504,1,clonotype64,None
TGGTTCCAGATAGGAG-1,True,TGGTTCCAGATAGGAG-1_contig_1,True,547,TRA,TRAV8-1,None,TRAJ6,TRAC,True,True,CATDSTSGGNYKPTF,TGTGCTACTGATTCAACCTCAGGAGGAAACTACAAACCTACGTTT,1874,1,clonotype73,clonotype73_consensus_2
TGGTTCCAGATAGGAG-1,True,TGGTTCCAGATAGGAG-1_contig_2,True,508,TRB,TRBV13-1,None,TRBJ2-1,None,True,True,CASSGGDYAEQFF,TGTGCCAGCAGTGGGGGGGACTATGCTGAGCAGTTCTTC,2286,2,clonotype73,clonotype73_consensus_1
TGGTTCCAGCTACCTA-1,True,TGGTTCCAGCTACCTA-1_contig_1,True,549,TRA,TRAV6-6,None,TRAJ24,TRAC,True,True,CAPLTTASLGKLQF,TGTGCTCCGTTGACAACTGCCAGTTTGGGGAAACTGCAGTTT,9824,7,clonotype3,clonotype3_consensus_2
TGGTTCCAGCTACCTA-1,True,TGGTTCCAGCTACCTA-1_contig_2,True,505,TRB,TRBV13-1,None,TRBJ2-4,None,True,True,CASSEGTNTLYF,TGTGCCAGCAGTGAAGGAACAAACACCTTGTACTTT,25068,21,clonotype3,clonotype3_consensus_1
TGGTTCCAGCTACCTA-1,True,TGGTTCCAGCTACCTA-1_contig_3,True,723,TRA,TRAV9D-2,None,TRAJ26,TRAC,True,True,CVLSRGNNYAQGLTF,TGTGTTCTGAGCAGGGGCAATAACTATGCCCAGGGATTAACCTTC,7790,5,clonotype3,clonotype3_consensus_3
TGGTTCCAGCTACCTA-1,True,TGGTTCCAGCTACCTA-1_contig_4,True,586,TRA,TRAV10D,None,TRAJ30,None,True,False,None,None,578,1,clonotype3,None
TGGTTCCAGGGTGTGT-1,True,TGGTTCCAGGGTGTGT-1_contig_1,True,547,TRA,TRAV16D-DV11,None,TRAJ26,TRAC,True,True,CAMREENNYAQGLTF,TGTGCTATGAGAGAGGAAAATAACTATGCCCAGGGATTAACCTTC,18926,11,clonotype12,clonotype12_consensus_2
TGGTTCCAGGGTGTGT-1,True,TGGTTCCAGGGTGTGT-1_contig_2,True,512,TRB,TRBV13-1,None,TRBJ2-3,None,True,True,CASGDSAETLYF,TGTGCCAGCGGGGACAGTGCAGAAACGCTGTATTTT,5832,5,clonotype12,clonotype12_consensus_1
TGGTTCCAGGGTGTGT-1,True,TGGTTCCAGGGTGTGT-1_contig_3,True,450,TRB,None,None,TRBJ1-6,TRBC1,False,False,None,None,4566,2,clonotype12,None
TGGTTCCAGGGTGTGT-1,True,TGGTTCCAGGGTGTGT-1_contig_4,True,779,TRA,TRAV3D-3,None,TRAJ28,TRAC,True,False,CTSAQSVRGTGSNRLTF,TGTACTTCTGCGCAGTCAGTGAGGGGCACTGGGAGTAACAGGCTCACTTTT,3948,2,clonotype12,None
TGGTTCCAGTTTCCTT-1,True,TGGTTCCAGTTTCCTT-1_contig_1,True,512,TRB,TRBV13-1,None,TRBJ2-3,None,True,True,CASGDSAETLYF,TGTGCCAGCGGGGACAGTGCAGAAACGCTGTATTTT,3310,3,clonotype24,clonotype24_consensus_1
TGGTTCCAGTTTCCTT-1,True,TGGTTCCAGTTTCCTT-1_contig_2,True,514,TRA,TRAV3D-3,None,TRAJ28,TRAC,True,False,CTSAQSVRGTGSNRLTF,TGTACTTCTGCGCAGTCAGTGAGGGGCACTGGGAGTAACAGGCTCACTTTT,1790,1,clonotype24,None
TGGTTCCCACCAGATT-1,True,TGGTTCCCACCAGATT-1_contig_1,True,513,TRA,TRAV6-6,None,TRAJ24,TRAC,True,True,CAPLTTASLGKLQF,TGTGCTCCGTTGACAACTGCCAGTTTGGGGAAACTGCAGTTT,1790,2,clonotype2,clonotype2_consensus_2
TGGTTCCCACCAGATT-1,True,TGGTTCCCACCAGATT-1_contig_2,True,512,TRB,TRBV13-1,None,TRBJ2-4,None,True,True,CASSEGTNTLYF,TGTGCCAGCAGTGAAGGAACAAACACCTTGTACTTT,25688,22,clonotype2,clonotype2_consensus_1
TGGTTCCCACCAGATT-1,True,TGGTTCCCACCAGATT-1_contig_3,True,1023,TRA,TRAV10D,None,TRAJ24,TRAC,True,False,None,None,3842,6,clonotype2,None
TGGTTCCGTCATATCG-1,True,TGGTTCCGTCATATCG-1_contig_1,True,551,TRA,TRAV6-6,None,TRAJ24,TRAC,True,True,CAPLTTASLGKLQF,TGTGCTCCGTTGACAACTGCCAGTTTGGGGAAACTGCAGTTT,3664,3,clonotype2,clonotype2_consensus_2
TGGTTCCGTCATATCG-1,True,TGGTTCCGTCATATCG-1_contig_2,True,505,TRB,TRBV13-1,None,TRBJ2-4,None,True,True,CASSEGTNTLYF,TGTGCCAGCAGTGAAGGAACAAACACCTTGTACTTT,12052,10,clonotype2,clonotype2_consensus_1
TGGTTCCGTCATATCG-1,True,TGGTTCCGTCATATCG-1_contig_3,True,704,TRA,TRAV9D-2,None,TRAJ26,None,True,False,CVLSRGNNYAQGLTF,TGTGTTCTGAGCAGGGGCAATAACTATGCCCAGGGATTAACCTTC,1468,1,clonotype2,None
TGGTTCCGTCGTCTTC-1,True,TGGTTCCGTCGTCTTC-1_contig_1,True,552,TRA,TRAV6-6,None,TRAJ24,TRAC,True,True,CAPLTTASLGKLQF,TGTGCTCCGTTGACAACTGCCAGTTTGGGGAAACTGCAGTTT,2942,2,clonotype2,clonotype2_consensus_2
TGGTTCCGTCGTCTTC-1,True,TGGTTCCGTCGTCTTC-1_contig_2,True,512,TRB,TRBV13-1,None,TRBJ2-4,None,True,True,CASSEGTNTLYF,TGTGCCAGCAGTGAAGGAACAAACACCTTGTACTTT,13786,11,clonotype2,clonotype2_consensus_1
TGGTTCCGTCGTCTTC-1,True,TGGTTCCGTCGTCTTC-1_contig_3,True,357,TRA,TRAV9D-2,None,TRAJ26,TRAC,True,False,CVLSRGNNYAQGLTF,TGTGTTCTGAGCAGGGGCAATAACTATGCCCAGGGATTAACCTTC,1808,1,clonotype2,None
TGGTTCCGTCTCTCTG-1,True,TGGTTCCGTCTCTCTG-1_contig_1,True,549,TRB,TRBV16,None,TRBJ2-5,None,True,True,CASSLGGNQDTQYF,TGTGCAAGCAGCTTGGGGGGTAACCAAGACACCCAGTACTTT,5350,5,clonotype135,clonotype135_consensus_1
TGGTTCCGTCTCTCTG-1,True,TGGTTCCGTCTCTCTG-1_contig_2,True,466,TRA,TRAV6N-6,None,TRAJ2,TRAC,False,False,None,None,2502,2,clonotype135,None
TGGTTCCGTCTCTCTG-1,True,TGGTTCCGTCTCTCTG-1_contig_3,True,559,TRA,TRAV6-6,None,TRAJ12,TRAC,True,False,CSGLTGGYKVVF,TGCTCTGGGTTAACTGGAGGCTATAAAGTGGTCTTT,7154,6,clonotype135,None
TGGTTCCGTCTCTCTG-1,True,TGGTTCCGTCTCTCTG-1_contig_4,True,566,TRB,TRBV31,None,TRBJ2-1,None,True,False,CLEGRGGTEQFF,TGCCTGGAAGGGAGGGGGGGCACTGAGCAGTTCTTC,5728,4,clonotype135,None
TGGTTCCGTCTCTCTG-1,True,TGGTTCCGTCTCTCTG-1_contig_5,True,448,TRB,None,None,TRBJ2-7,None,False,False,None,None,3332,3,clonotype135,None
TGGTTCCTCCTGCAGG-1,True,TGGTTCCTCCTGCAGG-1_contig_1,True,536,TRA,TRAV6-6,None,TRAJ24,TRAC,True,True,CAPLTTASLGKLQF,TGTGCTCCGTTGACAACTGCCAGTTTGGGGAAACTGCAGTTT,5020,4,clonotype2,clonotype2_consensus_2
TGGTTCCTCCTGCAGG-1,True,TGGTTCCTCCTGCAGG-1_contig_2,True,512,TRB,TRBV13-1,None,TRBJ2-4,None,True,True,CASSEGTNTLYF,TGTGCCAGCAGTGAAGGAACAAACACCTTGTACTTT,10716,8,clonotype2,clonotype2_consensus_1
TGGTTCCTCCTGCAGG-1,True,TGGTTCCTCCTGCAGG-1_contig_3,True,1056,TRA,TRAV10D,None,TRAJ24,TRAC,True,False,None,None,754,1,clonotype2,None
TGGTTCCTCCTGCAGG-1,True,TGGTTCCTCCTGCAGG-1_contig_4,True,591,TRB,TRBV12-2+TRBV13-2,None,None,TRBC1,False,False,None,None,3156,1,clonotype2,None
TGGTTCCTCCTGCAGG-1,True,TGGTTCCTCCTGCAGG-1_contig_5,True,466,TRA,TRAV9D-2,None,TRAJ25,TRAC,True,False,CVLSRGNNYAQGLTF,TGTGTTCTGAGCAGGGGCAATAACTATGCCCAGGGATTAACCTTC,5738,4,clonotype2,None
TGTATTCAGAGCTGCA-1,True,TGTATTCAGAGCTGCA-1_contig_1,True,514,TRB,TRBV14,None,TRBJ2-1,None,True,True,CASSFGPANYAEQFF,TGTGCCAGCAGTTTCGGGCCAGCTAACTATGCTGAGCAGTTCTTC,530,1,clonotype208,clonotype208_consensus_2
TGTATTCAGAGCTGCA-1,True,TGTATTCAGAGCTGCA-1_contig_2,True,569,TRA,TRAV12-2,None,TRAJ30,TRAC,True,True,CALSDPNAYKVIF,TGTGCTTTGAGTGATCCAAATGCTTACAAAGTCATCTTT,7274,5,clonotype208,clonotype208_consensus_1
TGTATTCAGATGAGAG-1,True,TGTATTCAGATGAGAG-1_contig_1,True,549,TRB,TRBV16,None,TRBJ2-5,None,True,True,CASSLGGGQDTQYF,TGTGCAAGCAGCTTAGGGGGGGGGCAAGACACCCAGTACTTT,2848,3,clonotype11,clonotype11_consensus_2
TGTATTCAGATGAGAG-1,True,TGTATTCAGATGAGAG-1_contig_2,True,570,TRA,TRAV4D-3,None,TRAJ27,TRAC,True,True,CAADGPNTGKLTF,TGTGCTGCTGACGGGCCCAATACAGGCAAATTAACCTTT,1788,2,clonotype11,clonotype11_consensus_1
TGTATTCCAGACAAGC-1,True,TGTATTCCAGACAAGC-1_contig_1,True,558,TRA,TRAV19,None,TRAJ39,TRAC,True,True,CAAGGNNAGAKLTF,TGCGCAGCAGGTGGGAATAATGCAGGTGCCAAGCTCACATTC,6472,4,clonotype1,clonotype1_consensus_2
TGTATTCCAGACAAGC-1,True,TGTATTCCAGACAAGC-1_contig_2,True,593,TRB,TRBV12-2+TRBV13-2,None,TRBJ1-2,TRBC1,True,True,CASGGGTGNSDYTF,TGTGCCAGCGGTGGGGGGACAGGGAACTCCGACTACACCTTC,11722,12,clonotype1,clonotype1_consensus_1
TGTATTCCATGGGACA-1,True,TGTATTCCATGGGACA-1_contig_1,True,504,TRA,TRAV7-5,None,TRAJ33,TRAC,True,True,CAVDSNYQLIW,TGTGCAGTGGACAGCAACTATCAGTTGATCTGG,12742,9,clonotype67,clonotype67_consensus_2
TGTATTCCATGGGACA-1,True,TGTATTCCATGGGACA-1_contig_2,True,539,TRA,TRAV8-1,None,TRAJ30,TRAC,True,True,CATDTNAYKVIF,TGTGCTACTGACACAAATGCTTACAAAGTCATCTTT,8108,5,clonotype67,clonotype67_consensus_1
TGTATTCCATGGGACA-1,True,TGTATTCCATGGGACA-1_contig_3,True,568,TRB,TRBV12-2+TRBV13-2,None,TRBJ1-5,TRBC1,True,True,CASGTGDNQAPLF,TGTGCCAGCGGTACCGGGGACAACCAGGCTCCGCTTTTT,28652,24,clonotype67,clonotype67_consensus_3
TGTATTCCATGGGACA-1,True,TGTATTCCATGGGACA-1_contig_4,True,305,TRB,None,None,TRBJ2-3,None,False,False,None,None,2936,1,clonotype67,None
TGTATTCCATGGGACA-1,True,TGTATTCCATGGGACA-1_contig_5,True,369,TRB,None,None,TRBJ2-1,None,False,False,None,None,19678,13,clonotype67,None
TGTATTCGTTCTGGTA-1,True,TGTATTCGTTCTGGTA-1_contig_1,True,532,TRA,TRAV13-4-DV7,None,TRAJ58,TRAC,True,True,CAPMQQGTGSKLSF,TGTGCTCCTATGCAGCAAGGCACTGGGTCTAAGCTGTCATTT,8646,10,clonotype18,clonotype18_consensus_2
TGTATTCGTTCTGGTA-1,True,TGTATTCGTTCTGGTA-1_contig_2,True,525,TRB,TRBV17,None,TRBJ2-5,None,True,True,CASSRKGVQDTQYF,TGTGCTAGCAGTAGAAAGGGGGTCCAAGACACCCAGTACTTT,52218,49,clonotype18,clonotype18_consensus_1
TGTATTCGTTCTGGTA-1,True,TGTATTCGTTCTGGTA-1_contig_3,True,347,TRA,TRAV16,None,TRAJ57,TRAC,True,False,CAMREPQGGSAKLIF,TGTGCTATGAGAGAGCCTCAAGGAGGGTCTGCGAAGCTCATCTTT,788,2,clonotype18,None
TGTATTCGTTCTGGTA-1,True,TGTATTCGTTCTGGTA-1_contig_4,True,629,TRB,TRBV1,None,TRBJ1-3,TRBC1,True,False,None,None,9322,11,clonotype18,None
TGTATTCGTTCTGGTA-1,True,TGTATTCGTTCTGGTA-1_contig_5,True,303,TRA,None,None,TRAJ42,TRAC,False,False,None,None,2326,1,clonotype18,None
TGTATTCTCGCGATCG-1,True,TGTATTCTCGCGATCG-1_contig_1,True,606,TRA,TRAV16D-DV11,None,TRAJ12,TRAC,True,True,CAMREGGTGGYKVVF,TGTGCTATGAGAGAGGGCGGGACTGGAGGCTATAAAGTGGTCTTT,1866,3,clonotype531,clonotype531_consensus_2
TGTATTCTCGCGATCG-1,True,TGTATTCTCGCGATCG-1_contig_2,True,643,TRB,TRBV12-2+TRBV13-2,None,TRBJ1-1,TRBC1,True,True,CASGSGGGEVFF,TGTGCCAGCGGATCAGGGGGAGGGGAAGTCTTCTTT,7766,7,clonotype531,clonotype531_consensus_1
TGTATTCTCGCGATCG-1,True,TGTATTCTCGCGATCG-1_contig_3,True,514,TRB,None,None,TRBJ2-2,None,False,False,None,None,24168,19,clonotype531,None
TGTCCCAAGAGCTGCA-1,True,TGTCCCAAGAGCTGCA-1_contig_1,True,518,TRB,TRBV13-2,None,TRBJ1-2,TRBC1,True,True,CASGGGTGNSDYTF,TGTGCCAGCGGTGGGGGGACAGGGAACTCCGACTACACCTTC,6498,6,clonotype7,clonotype7_consensus_1
TGTCCCAAGCGCTTAT-1,True,TGTCCCAAGCGCTTAT-1_contig_1,True,566,TRB,TRBV12-2+TRBV13-2,None,TRBJ1-2,TRBC1,True,True,CASGGGTGNSDYTF,TGTGCCAGCGGTGGGGGGACAGGGAACTCCGACTACACCTTC,3312,5,clonotype7,clonotype7_consensus_1
TGTCCCAAGTCATGCT-1,True,TGTCCCAAGTCATGCT-1_contig_1,True,541,TRA,TRAV8-1,None,TRAJ34,TRAC,True,True,CATDVSNTNKVVF,TGTGCTACTGATGTATCCAATACCAACAAAGTCGTCTTT,7798,5,clonotype82,clonotype82_consensus_2
TGTCCCAAGTCATGCT-1,True,TGTCCCAAGTCATGCT-1_contig_2,True,565,TRB,TRBV12-2+TRBV13-2,None,TRBJ1-5,TRBC1,True,True,CASGTGDNQAPLF,TGTGCCAGCGGGACAGGGGACAACCAGGCTCCGCTTTTT,8724,7,clonotype82,clonotype82_consensus_1
TGTCCCACAGGGAGAG-1,True,TGTCCCACAGGGAGAG-1_contig_1,True,512,TRB,TRBV13-1,None,TRBJ2-4,None,True,True,CASSEGTNTLYF,TGTGCCAGCAGTGAAGGAACAAACACCTTGTACTTT,9744,7,clonotype9,clonotype9_consensus_1
TGTCCCACAGGGAGAG-1,True,TGTCCCACAGGGAGAG-1_contig_2,True,790,TRA,TRAV9D-2,None,TRAJ26,TRAC,True,True,CVLSRGNNYAQGLTF,TGTGTTCTGAGCAGGGGCAATAACTATGCCCAGGGATTAACCTTC,8294,5,clonotype9,clonotype9_consensus_2
TGTCCCACAGGGAGAG-1,True,TGTCCCACAGGGAGAG-1_contig_3,True,667,TRA,TRAV10D,None,TRAJ30,None,True,False,None,None,804,1,clonotype9,None
TGTCCCAGTCTACCTC-1,True,TGTCCCAGTCTACCTC-1_contig_1,True,505,TRB,TRBV13-1,None,TRBJ2-4,None,True,True,CASSEGTNTLYF,TGTGCCAGCAGTGAAGGAACAAACACCTTGTACTTT,7816,6,clonotype6,clonotype6_consensus_1
TGTCCCAGTCTACCTC-1,True,TGTCCCAGTCTACCTC-1_contig_2,True,490,TRA,TRAV6-6,None,TRAJ24,TRAC,True,False,CAPLTTASLGKLQF,TGTGCTCCGTTGACAACTGCCAGTTTGGGGAAACTGCAGTTT,5604,3,clonotype6,None
TGTCCCATCTGCGGCA-1,True,TGTCCCATCTGCGGCA-1_contig_1,True,600,TRA,TRAV16D-DV11,None,TRAJ26,TRAC,True,True,CAMREENNYAQGLTF,TGTGCTATGAGAGAGGAAAATAACTATGCCCAGGGATTAACCTTC,9590,10,clonotype12,clonotype12_consensus_2
TGTCCCATCTGCGGCA-1,True,TGTCCCATCTGCGGCA-1_contig_2,True,505,TRB,TRBV13-1,None,TRBJ2-3,None,True,True,CASGDSAETLYF,TGTGCCAGCGGGGACAGTGCAGAAACGCTGTATTTT,32918,23,clonotype12,clonotype12_consensus_1
TGTCCCATCTGCGGCA-1,True,TGTCCCATCTGCGGCA-1_contig_3,True,323,TRB,None,None,TRBJ2-7,None,False,False,None,None,3476,3,clonotype12,None
TGTCCCATCTGCGGCA-1,True,TGTCCCATCTGCGGCA-1_contig_4,True,452,TRB,None,None,TRBJ1-6,TRBC1,False,False,None,None,1952,2,clonotype12,None
TGTGGTACAAAGCAAT-1,True,TGTGGTACAAAGCAAT-1_contig_1,True,539,TRA,TRAV8-1,None,TRAJ30,TRAC,True,True,CATDTNAYKVIF,TGTGCTACCGACACAAATGCTTACAAAGTCATCTTT,2000,2,clonotype147,clonotype147_consensus_1
TGTGGTACAAAGCAAT-1,True,TGTGGTACAAAGCAAT-1_contig_2,True,593,TRB,TRBV12-2+TRBV13-2,None,TRBJ1-5,TRBC1,True,True,CASGTGDNQAPLF,TGTGCCAGCGGGACAGGGGACAACCAGGCTCCGCTTTTT,2400,3,clonotype147,clonotype147_consensus_2
TGTGGTAGTCACACGC-1,True,TGTGGTAGTCACACGC-1_contig_1,True,538,TRA,TRAV8-1,None,TRAJ30,TRAC,True,True,CATDTNAYKVIF,TGTGCTACTGACACAAATGCTTACAAAGTCATCTTT,8486,5,clonotype45,clonotype45_consensus_1
TGTGGTAGTCACACGC-1,True,TGTGGTAGTCACACGC-1_contig_2,True,949,TRB,TRBV12-2+TRBV13-2,None,TRBJ1-5,TRBC1,True,True,CASGTGDNQAPLF,TGTGCCAGCGGGACAGGAGACAACCAGGCTCCGCTTTTT,7598,9,clonotype45,clonotype45_consensus_2
TGTGGTAGTCACACGC-1,True,TGTGGTAGTCACACGC-1_contig_3,True,377,TRB,None,None,TRBJ2-1,None,False,False,None,None,2828,4,clonotype45,None
TGTGGTAGTGTATGGG-1,True,TGTGGTAGTGTATGGG-1_contig_1,True,522,TRA,TRAV6-6,None,TRAJ24,TRAC,True,True,CAPLTTASLGKLQF,TGTGCTCCGTTGACAACTGCCAGTTTGGGGAAACTGCAGTTT,3456,2,clonotype3,clonotype3_consensus_2
TGTGGTAGTGTATGGG-1,True,TGTGGTAGTGTATGGG-1_contig_2,True,505,TRB,TRBV13-1,None,TRBJ2-4,None,True,True,CASSEGTNTLYF,TGTGCCAGCAGTGAAGGAACAAACACCTTGTACTTT,36238,30,clonotype3,clonotype3_consensus_1
TGTGGTAGTGTATGGG-1,True,TGTGGTAGTGTATGGG-1_contig_3,True,673,TRA,TRAV9D-2,None,TRAJ26,TRAC,True,True,CVLSRGNNYAQGLTF,TGTGTTCTGAGCAGGGGCAATAACTATGCCCAGGGATTAACCTTC,3222,2,clonotype3,clonotype3_consensus_3
TGTGGTAGTGTATGGG-1,True,TGTGGTAGTGTATGGG-1_contig_4,True,589,TRB,TRBV12-2+TRBV13-2,None,TRBJ2-5,None,True,False,CASGDW,TGTGCCAGCGGTGACTGG,1398,1,clonotype3,None
TGTGTTTAGCGGCTTC-1,True,TGTGTTTAGCGGCTTC-1_contig_1,True,505,TRB,TRBV13-1,None,TRBJ2-4,None,True,True,CASSEGTNTLYF,TGTGCCAGCAGTGAAGGAACAAACACCTTGTACTTT,44514,37,clonotype9,clonotype9_consensus_1
TGTGTTTAGCGGCTTC-1,True,TGTGTTTAGCGGCTTC-1_contig_2,True,731,TRA,TRAV9D-2,None,TRAJ26,TRAC,True,True,CVLSRGNNYAQGLTF,TGTGTTCTGAGCAGGGGCAATAACTATGCCCAGGGATTAACCTTC,14652,7,clonotype9,clonotype9_consensus_2
TGTGTTTAGCGGCTTC-1,True,TGTGTTTAGCGGCTTC-1_contig_3,True,587,TRB,TRBV12-2+TRBV13-2,None,TRBJ2-5,None,True,False,CASGDW,TGTGCCAGCGGTGACTGG,3224,3,clonotype9,None
TGTGTTTCAAGCGATG-1,True,TGTGTTTCAAGCGATG-1_contig_1,True,558,TRA,TRAV19,None,TRAJ49,TRAC,True,True,CAAGGNTGYQNFYF,TGCGCAGCAGGTGGTAACACGGGTTACCAGAACTTCTATTTT,3790,2,clonotype209,clonotype209_consensus_2
TGTGTTTCAAGCGATG-1,True,TGTGTTTCAAGCGATG-1_contig_2,True,566,TRB,TRBV12-2+TRBV13-2,None,TRBJ2-7,None,True,True,CASGVQGVEQYF,TGTGCCAGCGGTGTACAGGGGGTTGAACAGTACTTC,2904,5,clonotype209,clonotype209_consensus_1
TGTGTTTCACCAGTTA-1,True,TGTGTTTCACCAGTTA-1_contig_1,True,548,TRA,TRAV6-6,None,TRAJ24,TRAC,True,True,CAPLTTASLGKLQF,TGTGCTCCGTTGACAACTGCCAGTTTGGGGAAACTGCAGTTT,17050,11,clonotype3,clonotype3_consensus_2
TGTGTTTCACCAGTTA-1,True,TGTGTTTCACCAGTTA-1_contig_2,True,505,TRB,TRBV13-1,None,TRBJ2-4,None,True,True,CASSEGTNTLYF,TGTGCCAGCAGTGAAGGAACAAACACCTTGTACTTT,32264,24,clonotype3,clonotype3_consensus_1
TGTGTTTCACCAGTTA-1,True,TGTGTTTCACCAGTTA-1_contig_3,True,684,TRA,TRAV9D-2,None,TRAJ26,TRAC,True,True,CVLSRGNNYAQGLTF,TGTGTTCTGAGCAGGGGCAATAACTATGCCCAGGGATTAACCTTC,7034,4,clonotype3,clonotype3_consensus_3
TGTGTTTCACCAGTTA-1,True,TGTGTTTCACCAGTTA-1_contig_4,True,735,TRA,TRAV10D,None,TRAJ30,None,True,False,None,None,290,2,clonotype3,None
TGTGTTTCATTGGCGC-1,True,TGTGTTTCATTGGCGC-1_contig_1,True,505,TRB,TRBV13-1,None,TRBJ2-3,None,True,True,CASGDSAETLYF,TGTGCCAGCGGGGACAGTGCAGAAACGCTGTATTTT,19414,17,clonotype24,clonotype24_consensus_1
TGTGTTTCATTGGCGC-1,True,TGTGTTTCATTGGCGC-1_contig_2,True,371,TRB,None,None,TRBJ2-7,None,False,False,None,None,4604,3,clonotype24,None
TGTGTTTCATTGGCGC-1,True,TGTGTTTCATTGGCGC-1_contig_3,True,564,TRA,TRAV3D-3,None,TRAJ28,TRAC,True,False,CTSAQSVRGTGSNRLTF,TGTACTTCTGCGCAGTCAGTGAGGGGCACTGGGAGTAACAGGCTCACTTTT,3396,2,clonotype24,None
TGTGTTTCATTGGCGC-1,True,TGTGTTTCATTGGCGC-1_contig_4,True,475,TRB,None,None,TRBJ1-6,TRBC1,False,False,None,None,9992,8,clonotype24,None
TGTGTTTGTAGAAGGA-1,True,TGTGTTTGTAGAAGGA-1_contig_1,True,516,TRA,TRAV6-6,None,TRAJ24,TRAC,True,True,CAPLTTASLGKLQF,TGTGCTCCGTTGACAACTGCCAGTTTGGGGAAACTGCAGTTT,8524,7,clonotype2,clonotype2_consensus_2
TGTGTTTGTAGAAGGA-1,True,TGTGTTTGTAGAAGGA-1_contig_2,True,512,TRB,TRBV13-1,None,TRBJ2-4,None,True,True,CASSEGTNTLYF,TGTGCCAGCAGTGAAGGAACAAACACCTTGTACTTT,35138,28,clonotype2,clonotype2_consensus_1
TGTGTTTGTAGAAGGA-1,True,TGTGTTTGTAGAAGGA-1_contig_3,True,565,TRB,TRBV12-2+TRBV13-2,None,TRBJ2-5,None,True,False,CASGDW,TGTGCCAGCGGTGACTGG,2478,2,clonotype2,None
TGTGTTTGTCAGTGGA-1,True,TGTGTTTGTCAGTGGA-1_contig_1,True,566,TRA,TRAV10N,None,TRAJ23,TRAC,True,True,CAASNRYNQGKLIF,TGTGCAGCAAGCAACCGGTATAACCAGGGGAAGCTTATCTTT,3472,2,clonotype532,clonotype532_consensus_1
TGTGTTTGTCAGTGGA-1,True,TGTGTTTGTCAGTGGA-1_contig_2,True,501,TRA,TRAV7N-6,None,TRAJ6,TRAC,True,True,CASSGGNYKPTF,TGTGCATCCTCAGGAGGAAACTACAAACCTACGTTT,2802,2,clonotype532,clonotype532_consensus_2
TGTGTTTGTCTCTCGT-1,True,TGTGTTTGTCTCTCGT-1_contig_1,True,555,TRA,TRAV3-3,None,TRAJ49,TRAC,True,True,CAVSGSTGYQNFYF,TGCGCAGTCAGTGGGAGCACGGGTTACCAGAACTTCTATTTT,12240,8,clonotype5,clonotype5_consensus_1
TGTGTTTGTCTCTCGT-1,True,TGTGTTTGTCTCTCGT-1_contig_2,True,565,TRB,TRBV12-2+TRBV13-2,None,TRBJ2-7,None,True,True,CASGVQGWEQYF,TGTGCCAGCGGTGTACAGGGGTGGGAACAGTACTTC,12564,9,clonotype5,clonotype5_consensus_2
TGTGTTTGTCTCTCGT-1,True,TGTGTTTGTCTCTCGT-1_contig_3,True,532,TRA,TRAV6D-5,None,TRAJ38,TRAC,True,False,CTTVFWDNVGDNSKLIW,TGTACTACTGTGTTCTGGGATAATGTTGGTGACAACAGTAAGCTGATTTGG,6098,3,clonotype5,None
TGTGTTTGTCTCTCGT-1,True,TGTGTTTGTCTCTCGT-1_contig_4,True,665,TRB,None,None,TRBJ1-1,TRBC1,False,False,None,None,5274,3,clonotype5,None
TGTGTTTGTCTCTCGT-1,True,TGTGTTTGTCTCTCGT-1_contig_5,True,302,TRB,None,None,TRBJ2-5,None,False,False,None,None,10740,7,clonotype5,None
TGTGTTTGTGTTGGGA-1,True,TGTGTTTGTGTTGGGA-1_contig_1,True,549,TRB,TRBV16,None,TRBJ2-5,None,True,True,CASSFGGGEDTQYF,TGTGCAAGCAGCTTTGGGGGGGGGGAAGACACCCAGTACTTT,12164,15,clonotype74,clonotype74_consensus_1
TGTGTTTGTTATGTGC-1,True,TGTGTTTGTTATGTGC-1_contig_1,True,512,TRB,TRBV26,None,TRBJ2-5,None,True,True,CASSRGTDTQYF,TGTGCCAGCAGCCGCGGGACCGACACCCAGTACTTT,13326,9,clonotype42,clonotype42_consensus_1
TGTGTTTGTTATGTGC-1,True,TGTGTTTGTTATGTGC-1_contig_2,True,575,TRA,TRAV12-2,None,TRAJ37,TRAC,True,True,CALSPQTGNTGKLIF,TGTGCTTTGAGCCCCCAAACAGGCAATACCGGAAAACTCATCTTT,4330,5,clonotype42,clonotype42_consensus_2
TGTGTTTGTTATGTGC-1,True,TGTGTTTGTTATGTGC-1_contig_3,True,399,TRB,None,None,TRBJ1-3,TRBC1,False,False,None,None,5106,2,clonotype42,None
TGTGTTTGTTATGTGC-1,True,TGTGTTTGTTATGTGC-1_contig_4,True,330,TRB,None,None,TRBJ2-2,None,False,False,None,None,2262,1,clonotype42,None
TGTGTTTGTTATGTGC-1,True,TGTGTTTGTTATGTGC-1_contig_5,True,357,TRB,None,None,TRBJ2-1,None,False,False,None,None,3958,1,clonotype42,None
TGTGTTTGTTTAAGCC-1,True,TGTGTTTGTTTAAGCC-1_contig_1,True,580,TRA,TRAV14-1,None,TRAJ45,TRAC,True,True,CAASLYTEGADRLTF,TGTGCAGCAAGTCTTTATACAGAAGGTGCAGATAGACTCACCTTT,3542,3,clonotype62,clonotype62_consensus_2
TGTGTTTGTTTAAGCC-1,True,TGTGTTTGTTTAAGCC-1_contig_2,True,516,TRB,TRBV26,None,TRBJ2-1,None,True,True,CASSLHKFYAEQFF,TGTGCCAGCAGTCTGCACAAATTCTATGCTGAGCAGTTCTTC,3132,2,clonotype62,clonotype62_consensus_1
TGTGTTTTCCTACAGA-1,True,TGTGTTTTCCTACAGA-1_contig_1,True,562,TRA,TRAV14D-1,None,TRAJ22,TRAC,True,True,CAASASSGSWQLIF,TGTGCAGCAAGTGCGTCTTCTGGCAGCTGGCAACTCATCTTT,5214,3,clonotype56,clonotype56_consensus_1
TGTGTTTTCCTACAGA-1,True,TGTGTTTTCCTACAGA-1_contig_2,True,504,TRB,TRBV14,None,TRBJ2-5,None,True,True,CASSPGTDDTQYF,TGTGCCAGCAGTCCCGGGACAGATGACACCCAGTACTTT,4828,3,clonotype56,clonotype56_consensus_2
TGTGTTTTCTGCCCTA-1,True,TGTGTTTTCTGCCCTA-1_contig_1,True,528,TRA,TRAV14-2,None,TRAJ6,TRAC,True,True,CAARTSGGNYKPTF,TGTGCAGCAAGAACCTCAGGAGGAAACTACAAACCTACGTTT,6054,3,clonotype533,clonotype533_consensus_1
TGTGTTTTCTGCCCTA-1,True,TGTGTTTTCTGCCCTA-1_contig_2,True,571,TRB,TRBV12-2+TRBV13-2,None,TRBJ1-4,TRBC1,True,True,CASGTGGDERLFF,TGTGCCAGCGGGACAGGGGGCGACGAAAGATTATTTTTC,2988,4,clonotype533,clonotype533_consensus_2
TGTGTTTTCTGCCCTA-1,True,TGTGTTTTCTGCCCTA-1_contig_3,True,691,TRB,None,None,TRBJ2-7,None,False,False,None,None,1802,5,clonotype533,None
TGTGTTTTCTGCCCTA-1,True,TGTGTTTTCTGCCCTA-1_contig_4,True,385,TRB,None,None,TRBJ2-1,None,False,False,None,None,1808,1,clonotype533,None
TGTTCCGAGCTCAACT-1,True,TGTTCCGAGCTCAACT-1_contig_1,True,607,TRB,TRBV12-2+TRBV13-2,None,TRBJ1-2,TRBC1,True,True,CASGGGTGNSDYTF,TGTGCCAGCGGTGGGGGGACAGGGAACTCCGACTACACCTTC,1520,3,clonotype7,clonotype7_consensus_1
TGTTCCGAGCTCAACT-1,True,TGTTCCGAGCTCAACT-1_contig_2,True,524,TRA,TRAV7-5,None,TRAJ45,TRAC,True,False,CSDTEGADRLTF,TGCAGTGATACAGAAGGTGCAGATAGACTCACCTTT,1944,1,clonotype7,None
TGTTCCGGTACTCGCG-1,True,TGTTCCGGTACTCGCG-1_contig_1,True,536,TRA,TRAV19,None,TRAJ39,TRAC,True,True,CAAGGNNAGAKLTF,TGCGCAGCAGGTGGGAATAATGCAGGTGCCAAGCTCACATTC,3836,3,clonotype1,clonotype1_consensus_2
TGTTCCGGTACTCGCG-1,True,TGTTCCGGTACTCGCG-1_contig_2,True,577,TRB,TRBV12-2+TRBV13-2,None,TRBJ1-2,TRBC1,True,True,CASGGGTGNSDYTF,TGTGCCAGCGGTGGGGGGACAGGGAACTCCGACTACACCTTC,22108,24,clonotype1,clonotype1_consensus_1
TGTTCCGGTACTCGCG-1,True,TGTTCCGGTACTCGCG-1_contig_3,True,618,TRB,None,None,TRBJ2-7,None,False,False,None,None,8746,7,clonotype1,None
TGTTCCGTCTAACTTC-1,True,TGTTCCGTCTAACTTC-1_contig_1,True,562,TRA,TRAV14D-1,None,TRAJ27,TRAC,True,True,CAQNPPSNTGKLTF,TGTGCACAAAATCCCCCATCCAATACAGGCAAATTAACCTTT,5376,3,clonotype53,clonotype53_consensus_2
TGTTCCGTCTAACTTC-1,True,TGTTCCGTCTAACTTC-1_contig_2,True,531,TRB,TRBV13-3,None,TRBJ1-3,TRBC1,True,True,CASSEHPLSGNTLYF,TGTGCCAGCAGTGAGCACCCCCTTTCTGGAAATACGCTCTATTTT,6548,6,clonotype53,clonotype53_consensus_1
TGTTCCGTCTAACTTC-1,True,TGTTCCGTCTAACTTC-1_contig_3,True,473,TRB,None,None,TRBJ2-7,None,False,False,None,None,2300,1,clonotype53,None
TTAACTCAGAGTAATC-1,True,TTAACTCAGAGTAATC-1_contig_1,True,556,TRA,TRAV19,None,TRAJ39,TRAC,True,True,CAAGGNNAGAKLTF,TGCGCAGCAGGTGGGAATAATGCAGGTGCCAAGCTCACATTC,2306,4,clonotype1,clonotype1_consensus_2
TTAACTCAGAGTAATC-1,True,TTAACTCAGAGTAATC-1_contig_2,True,569,TRB,TRBV12-2+TRBV13-2,None,TRBJ1-2,TRBC1,True,True,CASGGGTGNSDYTF,TGTGCCAGCGGTGGGGGGACAGGGAACTCCGACTACACCTTC,5580,5,clonotype1,clonotype1_consensus_1
TTAACTCGTAGCTTGT-1,True,TTAACTCGTAGCTTGT-1_contig_1,True,538,TRA,TRAV8-1,None,TRAJ30,TRAC,True,True,CATDTNAYKVIF,TGTGCTACTGACACAAATGCTTACAAAGTCATCTTT,3250,2,clonotype99,clonotype99_consensus_1
TTAACTCGTAGCTTGT-1,True,TTAACTCGTAGCTTGT-1_contig_2,True,566,TRB,TRBV12-2+TRBV13-2,None,TRBJ1-5,TRBC1,True,True,CASGTGDNQAPLF,TGTGCCAGCGGGACAGGGGATAACCAGGCTCCGCTTTTT,2314,2,clonotype99,clonotype99_consensus_2
TTAACTCTCCATGAAC-1,True,TTAACTCTCCATGAAC-1_contig_1,True,438,TRB,TRBV13-1,None,TRBJ2-4,None,True,True,CASSEGTNTLYF,TGTGCCAGCAGTGAAGGAACAAACACCTTGTACTTT,2130,2,clonotype9,clonotype9_consensus_1
TTAACTCTCCATGAAC-1,True,TTAACTCTCCATGAAC-1_contig_2,True,728,TRA,TRAV9D-2,None,TRAJ26,TRAC,True,True,CVLSRGNNYAQGLTF,TGTGTTCTGAGCAGGGGCAATAACTATGCCCAGGGATTAACCTTC,1446,1,clonotype9,clonotype9_consensus_2
TTAACTCTCGGACAAG-1,True,TTAACTCTCGGACAAG-1_contig_1,True,549,TRB,TRBV16,None,TRBJ2-5,None,True,True,CASSLGGGQDTQYF,TGTGCAAGCAGCTTGGGGGGAGGCCAAGACACCCAGTACTTT,18738,17,clonotype534,clonotype534_consensus_1
TTAACTCTCGGACAAG-1,True,TTAACTCTCGGACAAG-1_contig_2,True,677,TRA,TRAV5D-4,None,TRAJ22,TRAC,True,True,CAASTLSSGSWQLIF,TGTGCTGCAAGTACGCTCTCTTCTGGCAGCTGGCAACTCATCTTT,9322,5,clonotype534,clonotype534_consensus_3
TTAACTCTCGGACAAG-1,True,TTAACTCTCGGACAAG-1_contig_3,True,588,TRA,TRAV8-1,None,TRAJ12,TRAC,True,True,CATDEWTGGYKVVF,TGTGCTACTGATGAATGGACTGGAGGCTATAAAGTGGTCTTT,6184,3,clonotype534,clonotype534_consensus_2
TTAACTCTCGGACAAG-1,True,TTAACTCTCGGACAAG-1_contig_4,True,466,TRB,TRBV19,None,TRBJ1-6,TRBC1,True,False,CQQYRDRRDSPLYF,TGCCAGCAGTACCGGGACAGGCGGGATTCGCCCCTCTACTTT,3562,2,clonotype534,None
TTAACTCTCGGACAAG-1,True,TTAACTCTCGGACAAG-1_contig_5,True,553,TRA,TRAV10,None,TRAJ32,TRAC,True,False,CAYGSSGNKLIF,TGCGCTTATGGGAGCAGTGGCAACAAGCTCATCTTT,3472,2,clonotype534,None
TTAACTCTCGGCGGTT-1,True,TTAACTCTCGGCGGTT-1_contig_1,True,598,TRA,TRAV12D-3,None,TRAJ33,TRAC,True,True,CALSPSNYQLIW,TGTGCTCTGAGCCCTAGCAACTATCAGTTGATCTGG,4718,3,clonotype535,clonotype535_consensus_2
TTAACTCTCGGCGGTT-1,True,TTAACTCTCGGCGGTT-1_contig_2,True,511,TRB,TRBV26,None,TRBJ2-1,None,True,True,CASSLTGGAAEQFF,TGTGCCAGCAGTCTGACTGGGGGGGCCGCTGAGCAGTTCTTC,3290,4,clonotype535,clonotype535_consensus_1
TTAGGACCAAGTAATG-1,True,TTAGGACCAAGTAATG-1_contig_1,True,515,TRA,TRAV19,None,TRAJ39,TRAC,True,True,CAAGGNNAGAKLTF,TGCGCAGCAGGTGGGAATAATGCAGGTGCCAAGCTCACATTC,528,2,clonotype1,clonotype1_consensus_2
TTAGGACCAAGTAATG-1,True,TTAGGACCAAGTAATG-1_contig_2,True,638,TRB,TRBV12-2+TRBV13-2,None,TRBJ1-2,TRBC1,True,True,CASGGGTGNSDYTF,TGTGCCAGCGGTGGGGGGACAGGGAACTCCGACTACACCTTC,4272,3,clonotype1,clonotype1_consensus_1
TTAGGACCACAGGAGT-1,True,TTAGGACCACAGGAGT-1_contig_1,True,537,TRA,TRAV3-3,None,TRAJ49,TRAC,True,True,CAVSGSTGYQNFYF,TGCGCAGTCAGTGGGAGCACGGGTTACCAGAACTTCTATTTT,5238,5,clonotype5,clonotype5_consensus_1
TTAGGACCACAGGAGT-1,True,TTAGGACCACAGGAGT-1_contig_2,True,565,TRB,TRBV12-2+TRBV13-2,None,TRBJ2-7,None,True,True,CASGVQGWEQYF,TGTGCCAGCGGTGTACAGGGGTGGGAACAGTACTTC,10768,11,clonotype5,clonotype5_consensus_2
TTAGGACCATTTGCCC-1,True,TTAGGACCATTTGCCC-1_contig_1,True,558,TRA,TRAV19,None,TRAJ39,TRAC,True,True,CAAGGNNAGAKLTF,TGCGCAGCAGGTGGGAATAATGCAGGTGCCAAGCTCACATTC,5118,3,clonotype1,clonotype1_consensus_2
TTAGGACCATTTGCCC-1,True,TTAGGACCATTTGCCC-1_contig_2,True,568,TRB,TRBV12-2+TRBV13-2,None,TRBJ1-2,TRBC1,True,True,CASGGGTGNSDYTF,TGTGCCAGCGGTGGGGGGACAGGGAACTCCGACTACACCTTC,4558,4,clonotype1,clonotype1_consensus_1
TTAGGACCATTTGCCC-1,True,TTAGGACCATTTGCCC-1_contig_3,True,355,TRB,None,None,TRBJ2-1,None,False,False,None,None,9954,5,clonotype1,None
TTAGGACCATTTGCCC-1,True,TTAGGACCATTTGCCC-1_contig_4,True,505,TRA,TRAV7-5,None,TRAJ45,TRAC,True,False,CSDTEGADRLTF,TGCAGTGATACAGAAGGTGCAGATAGACTCACCTTT,1518,1,clonotype1,None
TTAGGACGTGTTCTTT-1,True,TTAGGACGTGTTCTTT-1_contig_1,True,549,TRA,TRAV3-3,None,TRAJ31,TRAC,True,True,CAVSAGNNRIFF,TGCGCAGTCAGTGCAGGCAATAACAGAATCTTCTTT,4464,3,clonotype34,clonotype34_consensus_2
TTAGGACGTGTTCTTT-1,True,TTAGGACGTGTTCTTT-1_contig_2,True,515,TRB,TRBV13-1,None,TRBJ2-3,None,True,True,CASEGQGAETLYF,TGTGCCAGCGAGGGACAGGGTGCAGAAACGCTGTATTTT,3482,3,clonotype34,clonotype34_consensus_1
TTAGGACGTTACGACT-1,True,TTAGGACGTTACGACT-1_contig_1,True,593,TRB,TRBV13-3,None,TRBJ2-1,None,True,True,CASSDRGWYAEQFF,TGTGCCAGCAGTGACCGGGGATGGTATGCTGAGCAGTTCTTC,4160,7,clonotype140,clonotype140_consensus_1
TTAGGACGTTACGACT-1,True,TTAGGACGTTACGACT-1_contig_2,True,657,TRA,TRAV7-1,None,TRAJ31,TRAC,True,True,CAVSEGSNNRIFF,TGTGCAGTGAGCGAGGGAAGCAATAACAGAATCTTCTTT,17962,13,clonotype140,clonotype140_consensus_2
TTAGGACGTTACGACT-1,True,TTAGGACGTTACGACT-1_contig_3,True,553,TRB,None,None,TRBJ2-5,None,False,False,None,None,122,1,clonotype140,None
TTAGGACGTTACGACT-1,True,TTAGGACGTTACGACT-1_contig_4,True,438,TRA,TRAV9D-4,None,TRAJ37,TRAC,True,False,None,None,3336,2,clonotype140,None
TTAGGACGTTACGACT-1,True,TTAGGACGTTACGACT-1_contig_5,True,588,TRA,TRAV9D-4,None,TRAJ37,TRAC,True,False,None,None,7154,4,clonotype140,None
TTAGGCAAGAAGGCCT-1,True,TTAGGCAAGAAGGCCT-1_contig_1,True,542,TRA,TRAV9-1,None,TRAJ26,TRAC,True,True,CAVSADYAQGLTF,TGTGCTGTGAGCGCGGACTATGCCCAGGGATTAACCTTC,7344,6,clonotype536,clonotype536_consensus_1
TTAGGCACAACGATCT-1,True,TTAGGCACAACGATCT-1_contig_1,True,549,TRB,TRBV16,None,TRBJ2-5,None,True,True,CASSFGGGEDTQYF,TGTGCAAGCAGCTTTGGGGGGGGGGAAGACACCCAGTACTTT,3802,3,clonotype40,clonotype40_consensus_2
TTAGGCACAACGATCT-1,True,TTAGGCACAACGATCT-1_contig_2,True,558,TRA,TRAV16,None,TRAJ49,TRAC,True,True,CAMRESNTGYQNFYF,TGTGCTATGAGAGAGTCGAACACGGGTTACCAGAACTTCTATTTT,1736,1,clonotype40,clonotype40_consensus_1
TTAGGCACATGTAAGA-1,True,TTAGGCACATGTAAGA-1_contig_1,True,566,TRA,TRAV16D-DV11,None,TRAJ26,TRAC,True,True,CAMREENNYAQGLTF,TGTGCTATGAGAGAGGAAAATAACTATGCCCAGGGATTAACCTTC,1754,1,clonotype12,clonotype12_consensus_2
TTAGGCACATGTAAGA-1,True,TTAGGCACATGTAAGA-1_contig_2,True,505,TRB,TRBV13-1,None,TRBJ2-3,None,True,True,CASGDSAETLYF,TGTGCCAGCGGGGACAGTGCAGAAACGCTGTATTTT,45482,38,clonotype12,clonotype12_consensus_1
TTAGGCACATGTAAGA-1,True,TTAGGCACATGTAAGA-1_contig_3,True,575,TRA,TRAV3D-3,None,TRAJ28,TRAC,True,False,CTSAQSVRGTGSNRLTF,TGTACTTCTGCGCAGTCAGTGAGGGGCACTGGGAGTAACAGGCTCACTTTT,3536,2,clonotype12,None
TTAGGCACATGTAAGA-1,True,TTAGGCACATGTAAGA-1_contig_4,True,378,TRB,None,None,TRBJ1-6,TRBC1,False,False,None,None,11790,11,clonotype12,None
TTAGGCAGTACCGTAT-1,True,TTAGGCAGTACCGTAT-1_contig_1,True,569,TRA,TRAV3D-3,None,TRAJ32,TRAC,True,True,CAVRPYGSSGNKLIF,TGCGCAGTCAGGCCTTATGGGAGCAGTGGCAACAAGCTCATCTTT,15074,10,clonotype59,clonotype59_consensus_1
TTAGGCAGTACCGTAT-1,True,TTAGGCAGTACCGTAT-1_contig_2,True,505,TRB,TRBV13-1,None,TRBJ2-1,None,True,True,CASSNNYAEQFF,TGTGCCAGCAGTAACAACTATGCTGAGCAGTTCTTC,25460,22,clonotype59,clonotype59_consensus_2
TTAGGCAGTACCGTAT-1,True,TTAGGCAGTACCGTAT-1_contig_3,True,508,TRA,TRAV6-6,None,TRAJ27,TRAC,True,False,None,None,2432,4,clonotype59,None
TTAGGCAGTACCGTAT-1,True,TTAGGCAGTACCGTAT-1_contig_4,True,526,TRB,TRBV10,None,TRBJ2-4,None,True,False,CASS*,TGTGCCAGCAGCTAA,2936,2,clonotype59,None
TTAGGCAGTGGCTCCA-1,True,TTAGGCAGTGGCTCCA-1_contig_1,True,565,TRA,TRAV19,None,TRAJ39,TRAC,True,True,CAAGGNNAGAKLTF,TGCGCAGCAGGTGGGAATAATGCAGGTGCCAAGCTCACATTC,12598,10,clonotype1,clonotype1_consensus_2
TTAGGCAGTGGCTCCA-1,True,TTAGGCAGTGGCTCCA-1_contig_2,True,578,TRB,TRBV12-2+TRBV13-2,None,TRBJ1-2,TRBC1,True,True,CASGGGTGNSDYTF,TGTGCCAGCGGTGGGGGGACAGGGAACTCCGACTACACCTTC,35546,30,clonotype1,clonotype1_consensus_1
TTAGGCAGTGGCTCCA-1,True,TTAGGCAGTGGCTCCA-1_contig_3,True,327,TRB,None,None,TRBJ2-3,None,False,False,None,None,2570,1,clonotype1,None
TTAGGCAGTGGCTCCA-1,True,TTAGGCAGTGGCTCCA-1_contig_4,True,322,TRB,None,None,TRBJ2-7,None,False,False,None,None,6854,5,clonotype1,None
TTAGGCAGTTTGTTGG-1,True,TTAGGCAGTTTGTTGG-1_contig_1,True,546,TRA,TRAV6-6,None,TRAJ24,TRAC,True,True,CAPLTTASLGKLQF,TGTGCTCCGTTGACAACTGCCAGTTTGGGGAAACTGCAGTTT,374,2,clonotype2,clonotype2_consensus_2
TTAGGCAGTTTGTTGG-1,True,TTAGGCAGTTTGTTGG-1_contig_2,True,505,TRB,TRBV13-1,None,TRBJ2-4,None,True,True,CASSEGTNTLYF,TGTGCCAGCAGTGAAGGAACAAACACCTTGTACTTT,4108,4,clonotype2,clonotype2_consensus_1
TTAGGCAGTTTGTTGG-1,True,TTAGGCAGTTTGTTGG-1_contig_3,True,393,TRA,TRAV9D-2,None,TRAJ26,TRAC,True,False,CVLSRGNNYAQGLTF,TGTGTTCTGAGCAGGGGCAATAACTATGCCCAGGGATTAACCTTC,3336,1,clonotype2,None
TTAGGCATCGTTTATC-1,True,TTAGGCATCGTTTATC-1_contig_1,True,555,TRA,TRAV3-3,None,TRAJ49,TRAC,True,True,CAVSGSTGYQNFYF,TGCGCAGTCAGTGGGAGCACGGGTTACCAGAACTTCTATTTT,12858,11,clonotype5,clonotype5_consensus_1
TTAGGCATCGTTTATC-1,True,TTAGGCATCGTTTATC-1_contig_2,True,562,TRB,TRBV12-2+TRBV13-2,None,TRBJ2-7,None,True,True,CASGVQGWEQYF,TGTGCCAGCGGTGTACAGGGGTGGGAACAGTACTTC,30550,30,clonotype5,clonotype5_consensus_2
TTAGGCATCGTTTATC-1,True,TTAGGCATCGTTTATC-1_contig_3,True,426,TRB,None,None,TRBJ2-5,None,False,False,None,None,11102,6,clonotype5,None
TTAGGCATCGTTTATC-1,True,TTAGGCATCGTTTATC-1_contig_4,True,495,TRA,TRAV6D-5,None,TRAJ38,TRAC,True,False,CTTVFWDNVGDNSKLIW,TGTACTACTGTGTTCTGGGATAATGTTGGTGACAACAGTAAGCTGATTTGG,5376,2,clonotype5,None
TTAGGCATCGTTTATC-1,True,TTAGGCATCGTTTATC-1_contig_5,True,574,TRB,None,None,TRBJ1-1,TRBC1,False,False,None,None,3792,3,clonotype5,None
TTAGGCATCTCACATT-1,True,TTAGGCATCTCACATT-1_contig_1,True,505,TRB,TRBV13-1,None,TRBJ2-4,None,True,True,CASSEGTNTLYF,TGTGCCAGCAGTGAAGGAACAAACACCTTGTACTTT,13248,8,clonotype9,clonotype9_consensus_1
TTAGGCATCTCACATT-1,True,TTAGGCATCTCACATT-1_contig_2,True,748,TRA,TRAV9D-2,None,TRAJ26,TRAC,True,True,CVLSRGNNYAQGLTF,TGTGTTCTGAGCAGGGGCAATAACTATGCCCAGGGATTAACCTTC,6262,4,clonotype9,clonotype9_consensus_2
TTAGTTCAGCGTCAAG-1,True,TTAGTTCAGCGTCAAG-1_contig_1,True,583,TRB,TRBV2,None,TRBJ2-2,None,True,True,CASSQDGGNTGQLYF,TGTGCCAGCAGCCAAGATGGGGGTAACACCGGGCAGCTCTACTTT,3412,2,clonotype537,clonotype537_consensus_2
TTAGTTCAGCGTCAAG-1,True,TTAGTTCAGCGTCAAG-1_contig_2,True,569,TRA,TRAV6-7-DV9,None,TRAJ42,TRAC,True,True,CALSDWSGGSNAKLTF,TGTGCTCTGAGTGATTGGTCTGGAGGAAGCAATGCAAAGCTAACCTTC,17630,11,clonotype537,clonotype537_consensus_1
TTAGTTCAGCGTCAAG-1,True,TTAGTTCAGCGTCAAG-1_contig_3,True,538,TRA,TRAV13N-1,None,TRAJ38,TRAC,True,True,CAMELGDNSKLIW,TGTGCTATGGAACTTGGTGACAACAGTAAGCTGATTTGG,5602,4,clonotype537,clonotype537_consensus_3
TTAGTTCAGCGTCAAG-1,True,TTAGTTCAGCGTCAAG-1_contig_4,True,367,TRB,None,None,TRBJ2-1,None,False,False,None,None,6056,4,clonotype537,None
TTAGTTCAGCGTTTAC-1,True,TTAGTTCAGCGTTTAC-1_contig_1,True,512,TRB,TRBV26,None,TRBJ1-1,TRBC1,True,True,CASSRGNTEVFF,TGTGCCAGCAGCCGCGGAAACACAGAAGTCTTCTTT,13532,10,clonotype27,clonotype27_consensus_2
TTAGTTCAGCGTTTAC-1,True,TTAGTTCAGCGTTTAC-1_contig_2,True,599,TRA,TRAV3-4,None,TRAJ49,TRAC,True,True,CAVRGGYQNFYF,TGCGCAGTCAGGGGGGGTTACCAGAACTTCTATTTT,12996,8,clonotype27,clonotype27_consensus_1
TTAGTTCAGCGTTTAC-1,True,TTAGTTCAGCGTTTAC-1_contig_3,True,524,TRA,TRAV12-3,None,TRAJ40,None,True,False,CPVLLCSECHVNTGNYKYVF,TGCCCTGTACTACTGTGCTCTGAGTGTCACGTTAATACAGGAAACTACAAATACGTCTTT,2420,1,clonotype27,None
TTAGTTCAGCGTTTAC-1,True,TTAGTTCAGCGTTTAC-1_contig_4,True,620,TRB,TRBV10,None,TRBJ1-4,TRBC1,True,False,None,None,2238,1,clonotype27,None
TTAGTTCAGCTCCTCT-1,True,TTAGTTCAGCTCCTCT-1_contig_1,True,505,TRB,TRBV13-1,None,TRBJ2-4,None,True,True,CASSEGTNTLYF,TGTGCCAGCAGTGAAGGAACAAACACCTTGTACTTT,4344,4,clonotype6,clonotype6_consensus_1
TTAGTTCAGGTGATAT-1,True,TTAGTTCAGGTGATAT-1_contig_1,True,505,TRB,TRBV13-1,None,TRBJ2-4,None,True,True,CASSEGTNTLYF,TGTGCCAGCAGTGAAGGAACAAACACCTTGTACTTT,19002,16,clonotype9,clonotype9_consensus_1
TTAGTTCAGGTGATAT-1,True,TTAGTTCAGGTGATAT-1_contig_2,True,739,TRA,TRAV9D-2,None,TRAJ26,TRAC,True,True,CVLSRGNNYAQGLTF,TGTGTTCTGAGCAGGGGCAATAACTATGCCCAGGGATTAACCTTC,902,1,clonotype9,clonotype9_consensus_2
TTAGTTCAGGTGATAT-1,True,TTAGTTCAGGTGATAT-1_contig_3,True,397,TRB,None,None,TRBJ2-7,None,False,False,None,None,3998,2,clonotype9,None
TTAGTTCAGGTGATAT-1,True,TTAGTTCAGGTGATAT-1_contig_4,True,391,TRA,TRAV6-6,None,TRAJ24,TRAC,True,False,None,None,998,2,clonotype9,None
TTAGTTCAGTCACGCC-1,True,TTAGTTCAGTCACGCC-1_contig_1,True,521,TRA,TRAV6-6,None,TRAJ24,TRAC,True,True,CAPLTTASLGKLQF,TGTGCTCCGTTGACAACTGCCAGTTTGGGGAAACTGCAGTTT,6272,3,clonotype2,clonotype2_consensus_2
TTAGTTCAGTCACGCC-1,True,TTAGTTCAGTCACGCC-1_contig_2,True,512,TRB,TRBV13-1,None,TRBJ2-4,None,True,True,CASSEGTNTLYF,TGTGCCAGCAGTGAAGGAACAAACACCTTGTACTTT,4776,5,clonotype2,clonotype2_consensus_1
TTAGTTCCACCAGGCT-1,True,TTAGTTCCACCAGGCT-1_contig_1,True,549,TRB,TRBV16,None,TRBJ2-5,None,True,True,CASSFGGAPDTQYF,TGTGCAAGCAGCTTTGGGGGGGCGCCAGACACCCAGTACTTT,6474,4,clonotype538,clonotype538_consensus_1
TTAGTTCCACCAGGCT-1,True,TTAGTTCCACCAGGCT-1_contig_2,True,374,TRB,None,None,TRBJ2-1,None,False,False,None,None,3044,3,clonotype538,None
TTAGTTCGTCAGAGGT-1,True,TTAGTTCGTCAGAGGT-1_contig_1,True,544,TRA,TRAV8D-1,None,TRAJ49,TRAC,True,True,CATDATGYQNFYF,TGTGCTACTGATGCGACGGGTTACCAGAACTTCTATTTT,8176,6,clonotype71,clonotype71_consensus_2
TTAGTTCGTCAGAGGT-1,True,TTAGTTCGTCAGAGGT-1_contig_2,True,565,TRB,TRBV12-2+TRBV13-2,None,TRBJ2-1,None,True,True,CASGAGDYAEQFF,TGTGCCAGCGGTGCTGGGGATTATGCTGAGCAGTTCTTC,7710,7,clonotype71,clonotype71_consensus_1
TTAGTTCGTCAGAGGT-1,True,TTAGTTCGTCAGAGGT-1_contig_3,True,572,TRB,None,None,TRBJ2-5,None,False,False,None,None,2960,6,clonotype71,None
TTAGTTCTCGGATGGA-1,True,TTAGTTCTCGGATGGA-1_contig_1,True,558,TRA,TRAV19,None,TRAJ39,TRAC,True,True,CAAGGNNAGAKLTF,TGCGCAGCAGGTGGGAATAATGCAGGTGCCAAGCTCACATTC,898,1,clonotype1,clonotype1_consensus_2
TTAGTTCTCGGATGGA-1,True,TTAGTTCTCGGATGGA-1_contig_2,True,569,TRB,TRBV12-2+TRBV13-2,None,TRBJ1-2,TRBC1,True,True,CASGGGTGNSDYTF,TGTGCCAGCGGTGGGGGGACAGGGAACTCCGACTACACCTTC,16294,14,clonotype1,clonotype1_consensus_1
TTATGCTCAATTGCTG-1,True,TTATGCTCAATTGCTG-1_contig_1,True,588,TRB,TRBV12-2+TRBV13-2,None,TRBJ1-5,TRBC1,True,True,CASGTGDNQAPLF,TGTGCCAGCGGTACAGGGGACAACCAGGCTCCGCTTTTT,10138,9,clonotype88,clonotype88_consensus_1
TTATGCTCAATTGCTG-1,True,TTATGCTCAATTGCTG-1_contig_2,True,354,TRB,None,None,TRBJ2-7,None,False,False,None,None,5442,4,clonotype88,None
TTATGCTGTTTACTCT-1,True,TTATGCTGTTTACTCT-1_contig_1,True,559,TRA,TRAV4D-3,None,TRAJ27,TRAC,True,True,CAADGPNTGKLTF,TGTGCTGCGGACGGACCCAATACAGGCAAATTAACCTTT,4736,4,clonotype182,clonotype182_consensus_1
TTATGCTGTTTACTCT-1,True,TTATGCTGTTTACTCT-1_contig_2,True,525,TRA,TRAV7N-6,None,TRAJ30,TRAC,True,True,CAVVDTNAYKVIF,TGTGCAGTGGTTGACACAAATGCTTACAAAGTCATCTTT,2652,2,clonotype182,clonotype182_consensus_2
TTATGCTTCGTATCAG-1,True,TTATGCTTCGTATCAG-1_contig_1,True,555,TRA,TRAV7-3,None,TRAJ38,TRAC,True,True,CAVSAANVGDNSKLIW,TGTGCAGTGAGCGCGGCGAATGTTGGTGACAACAGTAAGCTGATTTGG,10496,8,clonotype49,clonotype49_consensus_2
TTATGCTTCGTATCAG-1,True,TTATGCTTCGTATCAG-1_contig_2,True,505,TRB,TRBV13-1,None,TRBJ2-7,None,True,True,CASSGGHLEQYF,TGTGCCAGCAGTGGGGGACACCTTGAACAGTACTTC,16916,12,clonotype49,clonotype49_consensus_1
TTCCCAGCAACTGGCC-1,True,TTCCCAGCAACTGGCC-1_contig_1,True,537,TRA,TRAV3-3,None,TRAJ49,TRAC,True,True,CAVSGATGYQNFYF,TGCGCAGTCAGTGGGGCCACGGGTTACCAGAACTTCTATTTT,4100,2,clonotype65,clonotype65_consensus_2
TTCCCAGCAACTGGCC-1,True,TTCCCAGCAACTGGCC-1_contig_2,True,559,TRB,TRBV12-2+TRBV13-2,None,TRBJ2-7,None,True,True,CASGVQGEQYF,TGTGCCAGCGGTGTTCAGGGAGAACAGTACTTC,8540,7,clonotype65,clonotype65_consensus_1
TTCCCAGCACACAGAG-1,True,TTCCCAGCACACAGAG-1_contig_1,True,558,TRA,TRAV19,None,TRAJ39,TRAC,True,True,CAAGGNNAGAKLTF,TGCGCAGCAGGTGGGAATAATGCAGGTGCCAAGCTCACATTC,18320,17,clonotype1,clonotype1_consensus_2
TTCCCAGCACACAGAG-1,True,TTCCCAGCACACAGAG-1_contig_2,True,603,TRB,TRBV12-2+TRBV13-2,None,TRBJ1-2,TRBC1,True,True,CASGGGTGNSDYTF,TGTGCCAGCGGTGGGGGGACAGGGAACTCCGACTACACCTTC,49378,56,clonotype1,clonotype1_consensus_1
TTCCCAGCACACAGAG-1,True,TTCCCAGCACACAGAG-1_contig_3,True,357,TRB,None,None,TRBJ2-1,None,False,False,None,None,2934,2,clonotype1,None
TTCCCAGCACACAGAG-1,True,TTCCCAGCACACAGAG-1_contig_4,True,318,TRB,None,None,TRBJ2-5,None,False,False,None,None,1526,3,clonotype1,None
TTCCCAGCACACAGAG-1,True,TTCCCAGCACACAGAG-1_contig_5,True,504,TRA,TRAV7-5,None,TRAJ45,TRAC,True,False,CSDTEGADRLTF,TGCAGTGATACAGAAGGTGCAGATAGACTCACCTTT,1300,1,clonotype1,None
TTCCCAGCACACAGAG-1,True,TTCCCAGCACACAGAG-1_contig_6,True,684,TRA,None,None,TRAJ26,TRAC,False,False,None,None,3868,5,clonotype1,None
TTCCCAGGTACTCTCC-1,True,TTCCCAGGTACTCTCC-1_contig_1,True,510,TRB,TRBV26,None,TRBJ1-1,TRBC1,True,True,CASSRGNTEVFF,TGTGCCAGCAGCCGCGGAAACACAGAAGTCTTCTTT,26232,15,clonotype27,clonotype27_consensus_2
TTCCCAGGTACTCTCC-1,True,TTCCCAGGTACTCTCC-1_contig_2,True,599,TRA,TRAV3-4,None,TRAJ49,TRAC,True,True,CAVRGGYQNFYF,TGCGCAGTCAGGGGGGGTTACCAGAACTTCTATTTT,6716,4,clonotype27,clonotype27_consensus_1
TTCCCAGGTACTCTCC-1,True,TTCCCAGGTACTCTCC-1_contig_3,True,431,TRB,None,None,TRBJ2-1,None,False,False,None,None,23918,13,clonotype27,None
TTCGAAGAGAGTAAGG-1,True,TTCGAAGAGAGTAAGG-1_contig_1,True,566,TRA,TRAV3-3,None,TRAJ49,TRAC,True,True,CAVSGATGYQNFYF,TGCGCAGTCAGTGGGGCCACGGGTTACCAGAACTTCTATTTT,2578,2,clonotype10,clonotype10_consensus_3
TTCGAAGAGAGTAAGG-1,True,TTCGAAGAGAGTAAGG-1_contig_2,True,507,TRA,TRAV21-DV12,None,TRAJ42,TRAC,True,True,CILRVHGGSNAKLTF,TGTATCCTGAGAGTCCATGGAGGAAGCAATGCAAAGCTAACCTTC,15774,10,clonotype10,clonotype10_consensus_1
TTCGAAGAGAGTAAGG-1,True,TTCGAAGAGAGTAAGG-1_contig_3,True,557,TRB,TRBV12-2+TRBV13-2,None,TRBJ2-7,None,True,True,CASGVQGEQYF,TGTGCCAGCGGTGTTCAGGGAGAACAGTACTTC,35872,33,clonotype10,clonotype10_consensus_2
TTCGAAGAGAGTAAGG-1,True,TTCGAAGAGAGTAAGG-1_contig_4,True,335,TRB,None,None,TRBJ2-1,None,False,False,None,None,9348,6,clonotype10,None
TTCGAAGAGGCTCAGA-1,True,TTCGAAGAGGCTCAGA-1_contig_1,True,570,TRB,TRBV12-2+TRBV13-2,None,TRBJ1-2,TRBC1,True,True,CASGGGTGNSDYTF,TGTGCCAGCGGTGGGGGGACAGGGAACTCCGACTACACCTTC,10528,10,clonotype7,clonotype7_consensus_1
TTCGAAGAGGCTCAGA-1,True,TTCGAAGAGGCTCAGA-1_contig_2,True,619,TRB,None,None,TRBJ2-7,None,False,False,None,None,2356,2,clonotype7,None
TTCGAAGCAGGAATGC-1,True,TTCGAAGCAGGAATGC-1_contig_1,True,544,TRA,TRAV14N-3,None,TRAJ6,TRAC,True,True,CAARTSGGNYKPTF,TGTGCAGCAAGAACCTCAGGAGGAAACTACAAACCTACGTTT,4694,4,clonotype4,clonotype4_consensus_2
TTCGAAGCAGGAATGC-1,True,TTCGAAGCAGGAATGC-1_contig_2,True,549,TRA,TRAV8N-2,None,TRAJ13,TRAC,True,True,CATEDSGTYQRF,TGTGCTACTGAGGATTCTGGGACTTACCAGAGGTTT,13548,7,clonotype4,clonotype4_consensus_1
TTCGAAGCAGGAATGC-1,True,TTCGAAGCAGGAATGC-1_contig_3,True,989,TRB,TRBV12-2+TRBV13-2,None,TRBJ2-7,None,True,True,CASGTGGDYEQYF,TGTGCCAGCGGGACTGGGGGGGACTATGAACAGTACTTC,2588,5,clonotype4,clonotype4_consensus_3
TTCGAAGCATAAGACA-1,True,TTCGAAGCATAAGACA-1_contig_1,True,571,TRB,TRBV12-2+TRBV13-2,None,TRBJ2-3,None,True,True,CASGDAPPGEGTLYF,TGTGCCAGCGGTGATGCACCTCCAGGGGAGGGAACGCTGTATTTT,7958,9,clonotype37,clonotype37_consensus_2
TTCGAAGCATAAGACA-1,True,TTCGAAGCATAAGACA-1_contig_2,True,564,TRA,TRAV13N-3,None,TRAJ49,TRAC,True,True,CAMGGYQNFYF,TGTGCTATGGGGGGTTACCAGAACTTCTATTTT,2962,5,clonotype37,clonotype37_consensus_1
TTCGAAGGTCTTGATG-1,True,TTCGAAGGTCTTGATG-1_contig_1,True,538,TRA,TRAV4-3,None,TRAJ42,TRAC,True,True,CAADNSGGSNAKLTF,TGTGCTGCTGATAATTCTGGAGGAAGCAATGCAAAGCTAACCTTC,6752,5,clonotype29,clonotype29_consensus_2
TTCGAAGGTCTTGATG-1,True,TTCGAAGGTCTTGATG-1_contig_2,True,512,TRB,TRBV13-1,None,TRBJ2-1,None,True,True,CASGGAYAEQFF,TGTGCCAGCGGGGGGGCGTATGCTGAGCAGTTCTTC,4222,5,clonotype29,clonotype29_consensus_1
TTCGAAGGTCTTGATG-1,True,TTCGAAGGTCTTGATG-1_contig_3,True,566,TRA,TRAV12-2,None,TRAJ34,TRAC,True,True,CALSGNTNKVVF,TGTGCTTTGAGTGGCAATACCAACAAAGTCGTCTTT,9260,6,clonotype29,clonotype29_consensus_3
TTCGAAGTCCAAGCCG-1,True,TTCGAAGTCCAAGCCG-1_contig_1,True,589,TRA,TRAV8-1,None,TRAJ6,TRAC,True,True,CATDSTSGGNYKPTF,TGTGCTACTGATTCAACCTCAGGAGGAAACTACAAACCTACGTTT,8656,6,clonotype73,clonotype73_consensus_2
TTCGAAGTCCAAGCCG-1,True,TTCGAAGTCCAAGCCG-1_contig_2,True,515,TRB,TRBV13-1,None,TRBJ2-1,None,True,True,CASSGGDYAEQFF,TGTGCCAGCAGTGGGGGGGACTATGCTGAGCAGTTCTTC,19964,17,clonotype73,clonotype73_consensus_1
TTCGAAGTCCAAGCCG-1,True,TTCGAAGTCCAAGCCG-1_contig_3,True,417,TRA,TRAV16D-DV11,None,None,None,False,False,CAMRE,TGTGCTATGAGAGAG,198,2,clonotype73,None
TTCGAAGTCCAAGCCG-1,True,TTCGAAGTCCAAGCCG-1_contig_4,True,369,TRB,None,None,TRBJ1-2,TRBC1,False,False,None,None,4520,2,clonotype73,None
TTCGGTCGTACCAGTT-1,True,TTCGGTCGTACCAGTT-1_contig_1,True,555,TRA,TRAV3-3,None,TRAJ49,TRAC,True,True,CAVSGATGYQNFYF,TGCGCAGTCAGTGGGGCCACGGGTTACCAGAACTTCTATTTT,7468,4,clonotype10,clonotype10_consensus_3
TTCGGTCGTACCAGTT-1,True,TTCGGTCGTACCAGTT-1_contig_2,True,507,TRA,TRAV21-DV12,None,TRAJ42,TRAC,True,True,CILRVHGGSNAKLTF,TGTATCCTGAGAGTCCATGGAGGAAGCAATGCAAAGCTAACCTTC,12518,9,clonotype10,clonotype10_consensus_1
TTCGGTCGTACCAGTT-1,True,TTCGGTCGTACCAGTT-1_contig_3,True,558,TRB,TRBV12-2+TRBV13-2,None,TRBJ2-7,None,True,True,CASGVQGEQYF,TGTGCCAGCGGTGTTCAGGGAGAACAGTACTTC,28960,29,clonotype10,clonotype10_consensus_2
TTCGGTCGTACCAGTT-1,True,TTCGGTCGTACCAGTT-1_contig_4,True,351,TRB,None,None,TRBJ2-1,None,False,False,None,None,19240,20,clonotype10,None
TTCGGTCGTCGCCATG-1,True,TTCGGTCGTCGCCATG-1_contig_1,True,518,TRA,TRAV8-1,None,TRAJ30,TRAC,True,True,CATDTNAYKVIF,TGTGCTACTGACACAAATGCTTACAAAGTCATCTTT,4452,3,clonotype14,clonotype14_consensus_1
TTCGGTCGTCGCCATG-1,True,TTCGGTCGTCGCCATG-1_contig_2,True,563,TRB,TRBV12-2+TRBV13-2,None,TRBJ1-5,TRBC1,True,True,CASGTGDNQAPLF,TGTGCCAGCGGTACAGGGGACAACCAGGCTCCGCTTTTT,12608,12,clonotype14,clonotype14_consensus_2
TTCGGTCGTCGCCATG-1,True,TTCGGTCGTCGCCATG-1_contig_3,True,556,TRA,TRAV3-3,None,TRAJ37,TRAC,True,False,None,None,1440,2,clonotype14,None
TTCTACAAGCCCTAAT-1,True,TTCTACAAGCCCTAAT-1_contig_1,True,603,TRB,TRBV12-2+TRBV13-2,None,TRBJ1-2,TRBC1,True,True,CASGGGTGNSDYTF,TGTGCCAGCGGTGGGGGGACAGGGAACTCCGACTACACCTTC,7092,8,clonotype7,clonotype7_consensus_1
TTCTACACAATTCCTT-1,True,TTCTACACAATTCCTT-1_contig_1,True,529,TRA,TRAV8-1,None,TRAJ31,TRAC,True,True,CATDADSNNRIFF,TGTGCTACTGATGCGGATAGCAATAACAGAATCTTCTTT,3786,2,clonotype539,clonotype539_consensus_1
TTCTACACAATTCCTT-1,True,TTCTACACAATTCCTT-1_contig_2,True,377,TRB,None,None,TRBJ2-7,None,False,False,None,None,2376,1,clonotype539,None
TTCTACACAATTCCTT-1,True,TTCTACACAATTCCTT-1_contig_3,True,352,TRB,None,None,TRBJ2-3,None,False,False,None,None,3418,1,clonotype539,None
TTCTACAGTCGCGTGT-1,True,TTCTACAGTCGCGTGT-1_contig_1,True,541,TRA,TRAV19,None,TRAJ39,TRAC,True,True,CAAGGNNAGAKLTF,TGCGCAGCAGGTGGGAATAATGCAGGTGCCAAGCTCACATTC,8274,5,clonotype1,clonotype1_consensus_2
TTCTACAGTCGCGTGT-1,True,TTCTACAGTCGCGTGT-1_contig_2,True,585,TRB,TRBV12-2+TRBV13-2,None,TRBJ1-2,TRBC1,True,True,CASGGGTGNSDYTF,TGTGCCAGCGGTGGGGGGACAGGGAACTCCGACTACACCTTC,23010,24,clonotype1,clonotype1_consensus_1
TTCTACAGTCGCGTGT-1,True,TTCTACAGTCGCGTGT-1_contig_3,True,859,TRB,TRBV12-2,None,TRBJ1-2,None,True,False,CASSLHSLTELLAFWLEHTRTCLGP,TGTGCCAGCTCTCTCCACAGCCTTACAGAGCTACTGGCTTTCTGGCTGGAACATACAAGAACCTGCCTTGGTCCC,1348,2,clonotype1,None
TTCTACAGTCGCGTGT-1,True,TTCTACAGTCGCGTGT-1_contig_4,True,398,TRA,TRAV7-5,None,TRAJ45,TRAC,True,False,CSDTEGADRLTF,TGCAGTGATACAGAAGGTGCAGATAGACTCACCTTT,632,1,clonotype1,None
TTCTACAGTTAAGACA-1,True,TTCTACAGTTAAGACA-1_contig_1,True,532,TRA,TRAV13-4-DV7,None,TRAJ58,TRAC,True,True,CAPMQQGTGSKLSF,TGTGCTCCTATGCAGCAAGGCACTGGGTCTAAGCTGTCATTT,4872,5,clonotype18,clonotype18_consensus_2
TTCTACAGTTAAGACA-1,True,TTCTACAGTTAAGACA-1_contig_2,True,525,TRB,TRBV17,None,TRBJ2-5,None,True,True,CASSRKGVQDTQYF,TGTGCTAGCAGTAGAAAGGGGGTCCAAGACACCCAGTACTTT,18084,11,clonotype18,clonotype18_consensus_1
TTCTACAGTTAAGACA-1,True,TTCTACAGTTAAGACA-1_contig_3,True,633,TRB,TRBV1,None,TRBJ1-3,TRBC1,True,False,None,None,3976,4,clonotype18,None
TTCTACATCACTCTTA-1,True,TTCTACATCACTCTTA-1_contig_1,True,541,TRA,TRAV8-1,None,TRAJ30,TRAC,True,True,CATDTNAYKVIF,TGTGCTACTGACACAAATGCTTACAAAGTCATCTTT,8248,5,clonotype45,clonotype45_consensus_1
TTCTACATCACTCTTA-1,True,TTCTACATCACTCTTA-1_contig_2,True,592,TRB,TRBV12-2+TRBV13-2,None,TRBJ1-5,TRBC1,True,True,CASGTGDNQAPLF,TGTGCCAGCGGGACAGGAGACAACCAGGCTCCGCTTTTT,56148,54,clonotype45,clonotype45_consensus_2
TTCTACATCACTCTTA-1,True,TTCTACATCACTCTTA-1_contig_3,True,584,TRA,TRAV13-1,None,TRAJ42,TRAC,True,False,None,None,2222,2,clonotype45,None
TTCTACATCACTCTTA-1,True,TTCTACATCACTCTTA-1_contig_4,True,331,TRB,None,None,TRBJ2-1,None,False,False,None,None,8570,5,clonotype45,None
TTCTACATCACTCTTA-1,True,TTCTACATCACTCTTA-1_contig_5,True,310,TRB,TRBV13-1,None,TRBJ2-4,None,True,False,CASSEGTNTLYF,TGTGCCAGCAGTGAAGGAACAAACACCTTGTACTTT,170,1,clonotype45,None
TTCTACATCTTGTTTG-1,True,TTCTACATCTTGTTTG-1_contig_1,True,651,TRA,TRAV9N-4,None,TRAJ15,TRAC,True,True,CAPSGRALIF,TGTGCTCCCTCCGGCAGAGCTCTGATATTT,1208,1,clonotype540,clonotype540_consensus_1
TTCTACATCTTGTTTG-1,True,TTCTACATCTTGTTTG-1_contig_2,True,559,TRB,TRBV12-2+TRBV13-2,None,TRBJ2-7,None,True,True,CASGGQGEQYF,TGTGCCAGCGGGGGACAGGGGGAACAGTACTTC,18218,18,clonotype540,clonotype540_consensus_2
TTCTACATCTTGTTTG-1,True,TTCTACATCTTGTTTG-1_contig_3,True,308,TRB,None,None,TRBJ2-2,None,False,False,None,None,1324,1,clonotype540,None
TTCTACATCTTGTTTG-1,True,TTCTACATCTTGTTTG-1_contig_4,True,520,TRA,TRAV13N-4,None,TRAJ15,TRAC,True,False,None,None,3690,2,clonotype540,None
TTCTCAAAGATCCGAG-1,True,TTCTCAAAGATCCGAG-1_contig_1,True,555,TRA,TRAV3-3,None,TRAJ23,TRAC,True,True,CAVSDNYNQGKLIF,TGCGCAGTCAGTGATAATTATAACCAGGGGAAGCTTATCTTT,2984,2,clonotype123,clonotype123_consensus_2
TTCTCAAAGATCCGAG-1,True,TTCTCAAAGATCCGAG-1_contig_2,True,605,TRB,TRBV3,None,TRBJ2-5,None,True,True,CASSRDWGGQDTQYF,TGTGCCAGCAGCCGGGACTGGGGGGGACAAGACACCCAGTACTTT,8602,7,clonotype123,clonotype123_consensus_1
TTCTCAAAGATCCGAG-1,True,TTCTCAAAGATCCGAG-1_contig_3,True,493,TRA,TRAV12-3,None,TRAJ31,TRAC,True,False,None,None,2134,1,clonotype123,None
TTCTCAAAGCCAACAG-1,True,TTCTCAAAGCCAACAG-1_contig_1,True,519,TRA,TRAV19,None,TRAJ39,TRAC,True,True,CAAGGNNAGAKLTF,TGCGCAGCAGGTGGGAATAATGCAGGTGCCAAGCTCACATTC,1918,2,clonotype1,clonotype1_consensus_2
TTCTCAAAGCCAACAG-1,True,TTCTCAAAGCCAACAG-1_contig_2,True,568,TRB,TRBV12-2+TRBV13-2,None,TRBJ1-2,TRBC1,True,True,CASGGGTGNSDYTF,TGTGCCAGCGGTGGGGGGACAGGGAACTCCGACTACACCTTC,7984,6,clonotype1,clonotype1_consensus_1
TTCTCAAAGCCAACAG-1,True,TTCTCAAAGCCAACAG-1_contig_3,True,975,TRB,None,None,TRBJ2-1,None,False,False,None,None,6138,4,clonotype1,None
TTCTCAAAGCCAACAG-1,True,TTCTCAAAGCCAACAG-1_contig_4,True,397,TRB,None,None,TRBJ2-7,None,False,False,None,None,2338,1,clonotype1,None
TTCTCAACAATCGGTT-1,True,TTCTCAACAATCGGTT-1_contig_1,True,602,TRA,TRAV14N-3,None,TRAJ6,TRAC,True,True,CAARTSGGNYKPTF,TGTGCAGCAAGAACCTCAGGAGGAAACTACAAACCTACGTTT,11080,7,clonotype4,clonotype4_consensus_2
TTCTCAACAATCGGTT-1,True,TTCTCAACAATCGGTT-1_contig_2,True,549,TRA,TRAV8N-2,None,TRAJ13,TRAC,True,True,CATEDSGTYQRF,TGTGCTACTGAGGATTCTGGGACTTACCAGAGGTTT,11020,6,clonotype4,clonotype4_consensus_1
TTCTCAACAATCGGTT-1,True,TTCTCAACAATCGGTT-1_contig_3,True,565,TRB,TRBV12-2+TRBV13-2,None,TRBJ2-7,None,True,True,CASGTGGDYEQYF,TGTGCCAGCGGGACTGGGGGGGACTATGAACAGTACTTC,37616,43,clonotype4,clonotype4_consensus_3
TTCTCAAGTGACCAAG-1,True,TTCTCAAGTGACCAAG-1_contig_1,True,561,TRB,TRBV12-2+TRBV13-2,None,TRBJ1-3,TRBC1,True,True,CASGDGGTLYF,TGTGCCAGCGGTGATGGGGGGACGCTCTATTTT,9614,9,clonotype541,clonotype541_consensus_1
TTCTCAAGTGACCAAG-1,True,TTCTCAAGTGACCAAG-1_contig_2,True,527,TRB,None,None,TRBJ1-2,TRBC1,False,False,None,None,2636,2,clonotype541,None
TTCTCAAGTGACCAAG-1,True,TTCTCAAGTGACCAAG-1_contig_3,True,437,TRB,None,None,TRBJ2-3,None,False,False,None,None,2010,1,clonotype541,None
TTCTCAATCACCTTAT-1,True,TTCTCAATCACCTTAT-1_contig_1,True,522,TRB,TRBV5,None,TRBJ1-5,TRBC1,True,True,CASSQAGENNQAPLF,TGTGCCAGCAGCCAAGCAGGGGAGAACAACCAGGCTCCGCTTTTT,3378,4,clonotype139,clonotype139_consensus_1
TTCTCAATCTTCCTTC-1,True,TTCTCAATCTTCCTTC-1_contig_1,True,567,TRB,TRBV12-2+TRBV13-2,None,TRBJ2-7,None,True,True,CASGAPYEQYF,TGTGCCAGCGGTGCCCCGTATGAACAGTACTTC,7566,7,clonotype155,clonotype155_consensus_1
TTCTCAATCTTCCTTC-1,True,TTCTCAATCTTCCTTC-1_contig_2,True,528,TRA,TRAV4-3,None,TRAJ17,TRAC,True,True,CAAPNSAGNKLTF,TGTGCTGCCCCGAACAGTGCAGGGAACAAGCTAACTTTT,5320,5,clonotype155,clonotype155_consensus_2
TTCTCCTAGACGACGT-1,True,TTCTCCTAGACGACGT-1_contig_1,True,558,TRB,TRBV12-2+TRBV13-2,None,TRBJ2-1,None,True,True,CASGDPFQFF,TGTGCCAGCGGTGATCCTTTCCAGTTCTTC,1476,2,clonotype58,clonotype58_consensus_2
TTCTCCTAGACGACGT-1,True,TTCTCCTAGACGACGT-1_contig_2,True,507,TRB,TRBV5,None,TRBJ2-2,None,True,True,CASSTGQLYF,TGTGCCAGCAGCACCGGGCAGCTCTACTTT,13374,7,clonotype58,clonotype58_consensus_1
TTCTCCTCACTGCCAG-1,True,TTCTCCTCACTGCCAG-1_contig_1,True,522,TRA,TRAV6-6,None,TRAJ24,TRAC,True,True,CAPLTTASLGKLQF,TGTGCTCCGTTGACAACTGCCAGTTTGGGGAAACTGCAGTTT,2630,3,clonotype2,clonotype2_consensus_2
TTCTCCTCACTGCCAG-1,True,TTCTCCTCACTGCCAG-1_contig_2,True,505,TRB,TRBV13-1,None,TRBJ2-4,None,True,True,CASSEGTNTLYF,TGTGCCAGCAGTGAAGGAACAAACACCTTGTACTTT,8582,9,clonotype2,clonotype2_consensus_1
TTCTCCTCACTGCCAG-1,True,TTCTCCTCACTGCCAG-1_contig_3,True,421,TRA,TRAV9D-2,None,TRAJ26,TRAC,True,False,CVLSRGNNYAQGLTF,TGTGTTCTGAGCAGGGGCAATAACTATGCCCAGGGATTAACCTTC,5668,3,clonotype2,None
TTCTCCTCACTGCCAG-1,True,TTCTCCTCACTGCCAG-1_contig_4,True,572,TRB,TRBV12-2+TRBV13-2,None,TRBJ2-5,None,True,False,CASGDW,TGTGCCAGCGGTGACTGG,822,1,clonotype2,None
TTCTCCTCACTGCCAG-1,True,TTCTCCTCACTGCCAG-1_contig_5,True,300,TRB,None,None,TRBJ2-1,None,False,False,None,None,3054,1,clonotype2,None
TTCTCCTCATCCGCGA-1,True,TTCTCCTCATCCGCGA-1_contig_1,True,537,TRA,TRAV6-6,None,TRAJ24,TRAC,True,True,CAPLTTASLGKLQF,TGTGCTCCGTTGACAACTGCCAGTTTGGGGAAACTGCAGTTT,9918,5,clonotype3,clonotype3_consensus_2
TTCTCCTCATCCGCGA-1,True,TTCTCCTCATCCGCGA-1_contig_2,True,505,TRB,TRBV13-1,None,TRBJ2-4,None,True,True,CASSEGTNTLYF,TGTGCCAGCAGTGAAGGAACAAACACCTTGTACTTT,13226,14,clonotype3,clonotype3_consensus_1
TTCTCCTCATCCGCGA-1,True,TTCTCCTCATCCGCGA-1_contig_3,True,753,TRA,TRAV9D-2,None,TRAJ26,TRAC,True,True,CVLSRGNNYAQGLTF,TGTGTTCTGAGCAGGGGCAATAACTATGCCCAGGGATTAACCTTC,9624,7,clonotype3,clonotype3_consensus_3
TTCTCCTCATCCGCGA-1,True,TTCTCCTCATCCGCGA-1_contig_4,True,537,TRA,TRAV10D,None,TRAJ30,None,True,False,None,None,834,1,clonotype3,None
TTCTCCTGTCTGGAGA-1,True,TTCTCCTGTCTGGAGA-1_contig_1,True,511,TRB,TRBV13-1,None,TRBJ2-4,None,True,True,CASSEGTNTLYF,TGTGCCAGCAGTGAAGGAACAAACACCTTGTACTTT,5446,6,clonotype6,clonotype6_consensus_1
TTCTCCTGTTATGTGC-1,True,TTCTCCTGTTATGTGC-1_contig_1,True,584,TRB,TRBV12-2+TRBV13-2,None,TRBJ2-7,None,True,True,CASGAPYEQYF,TGTGCCAGCGGTGCCCCCTATGAACAGTACTTC,2450,3,clonotype197,clonotype197_consensus_2
TTCTCCTGTTATGTGC-1,True,TTCTCCTGTTATGTGC-1_contig_2,True,550,TRA,TRAV4D-3,None,TRAJ17,TRAC,True,True,CAAPNSAGNKLTF,TGTGCTGCCCCTAACAGTGCAGGGAACAAGCTAACTTTT,1240,3,clonotype197,clonotype197_consensus_1
TTCTCCTGTTTGTGTG-1,True,TTCTCCTGTTTGTGTG-1_contig_1,True,555,TRA,TRAV7-3,None,TRAJ38,TRAC,True,True,CAVSAANVGDNSKLIW,TGTGCAGTGAGCGCGGCGAATGTTGGTGACAACAGTAAGCTGATTTGG,5064,4,clonotype49,clonotype49_consensus_2
TTCTCCTGTTTGTGTG-1,True,TTCTCCTGTTTGTGTG-1_contig_2,True,512,TRB,TRBV13-1,None,TRBJ2-7,None,True,True,CASSGGHLEQYF,TGTGCCAGCAGTGGGGGACACCTTGAACAGTACTTC,9696,7,clonotype49,clonotype49_consensus_1
TTCTCCTTCAGCATGT-1,True,TTCTCCTTCAGCATGT-1_contig_1,True,517,TRA,TRAV19,None,TRAJ39,TRAC,True,True,CAAGGNNAGAKLTF,TGCGCAGCAGGTGGGAATAATGCAGGTGCCAAGCTCACATTC,422,1,clonotype1,clonotype1_consensus_2
TTCTCCTTCAGCATGT-1,True,TTCTCCTTCAGCATGT-1_contig_2,True,569,TRB,TRBV12-2+TRBV13-2,None,TRBJ1-2,TRBC1,True,True,CASGGGTGNSDYTF,TGTGCCAGCGGTGGGGGGACAGGGAACTCCGACTACACCTTC,8872,8,clonotype1,clonotype1_consensus_1
TTCTCCTTCAGCATGT-1,True,TTCTCCTTCAGCATGT-1_contig_3,True,519,TRA,TRAV7-5,None,TRAJ45,TRAC,True,False,CSDTEGADRLTF,TGCAGTGATACAGAAGGTGCAGATAGACTCACCTTT,1620,1,clonotype1,None
TTCTTAGAGTGTACCT-1,True,TTCTTAGAGTGTACCT-1_contig_1,True,549,TRB,TRBV16,None,TRBJ2-5,None,True,True,CASSLGGGQDTQYF,TGTGCAAGCAGCTTAGGGGGGGGGCAAGACACCCAGTACTTT,1274,3,clonotype77,clonotype77_consensus_1
TTCTTAGCAATAGAGT-1,True,TTCTTAGCAATAGAGT-1_contig_1,True,548,TRB,TRBV12-2+TRBV13-2,None,TRBJ2-1,None,True,True,CASGDPFQFF,TGTGCCAGCGGTGATCCTTTCCAGTTCTTC,5652,5,clonotype25,clonotype25_consensus_3
TTCTTAGCAATAGAGT-1,True,TTCTTAGCAATAGAGT-1_contig_2,True,507,TRB,TRBV5,None,TRBJ2-2,None,True,True,CASSTGQLYF,TGTGCCAGCAGCACCGGGCAGCTCTACTTT,15306,11,clonotype25,clonotype25_consensus_1
TTCTTAGCAATAGAGT-1,True,TTCTTAGCAATAGAGT-1_contig_3,True,695,TRA,TRAV9N-4,None,TRAJ22,TRAC,True,True,CALPSSGSWQLIF,TGTGCTCTCCCATCTTCTGGCAGCTGGCAACTCATCTTT,2026,1,clonotype25,clonotype25_consensus_2
TTCTTAGCATACAGCT-1,True,TTCTTAGCATACAGCT-1_contig_1,True,505,TRB,TRBV13-1,None,TRBJ2-4,None,True,True,CASSEGTNTLYF,TGTGCCAGCAGTGAAGGAACAAACACCTTGTACTTT,7040,4,clonotype6,clonotype6_consensus_1
TTCTTAGCATACAGCT-1,True,TTCTTAGCATACAGCT-1_contig_2,True,412,TRA,TRAV9D-2,None,TRAJ26,TRAC,True,False,CVLSRGNNYAQGLTF,TGTGTTCTGAGCAGGGGCAATAACTATGCCCAGGGATTAACCTTC,2242,1,clonotype6,None
TTCTTAGCATACGCCG-1,True,TTCTTAGCATACGCCG-1_contig_1,True,549,TRB,TRBV16,None,TRBJ2-5,None,True,True,CASSFGGGQDTQYF,TGTGCAAGCAGCTTCGGGGGCGGCCAAGACACCCAGTACTTT,2512,2,clonotype83,clonotype83_consensus_1
TTCTTAGCATACGCCG-1,True,TTCTTAGCATACGCCG-1_contig_2,True,515,Multi,TRDV2-2,None,TRAJ58,TRAC,True,False,CALMEPQGTGSKLSF,TGTGCTCTCATGGAGCCTCAAGGCACTGGGTCTAAGCTGTCATTT,2794,1,clonotype83,None
TTCTTAGCATGAGCGA-1,True,TTCTTAGCATGAGCGA-1_contig_1,True,505,TRB,TRBV13-1,None,TRBJ2-4,None,True,True,CASSEGTNTLYF,TGTGCCAGCAGTGAAGGAACAAACACCTTGTACTTT,11370,9,clonotype6,clonotype6_consensus_1
TTCTTAGCATGAGCGA-1,True,TTCTTAGCATGAGCGA-1_contig_2,True,375,TRA,TRAV9D-2,None,TRAJ26,TRAC,True,False,CVLSRGNNYAQGLTF,TGTGTTCTGAGCAGGGGCAATAACTATGCCCAGGGATTAACCTTC,8316,4,clonotype6,None
TTCTTAGCATGAGCGA-1,True,TTCTTAGCATGAGCGA-1_contig_3,True,397,TRA,TRAV6-6,None,TRAJ24,TRAC,True,False,None,None,3030,2,clonotype6,None
TTCTTAGCATGAGCGA-1,True,TTCTTAGCATGAGCGA-1_contig_4,True,317,TRA,None,None,TRAJ17,None,False,False,None,None,390,1,clonotype6,None
TTCTTAGCATTAGGCT-1,True,TTCTTAGCATTAGGCT-1_contig_1,True,554,TRA,TRAV8-1,None,TRAJ30,TRAC,True,True,CATDTNAYKVIF,TGTGCTACCGACACAAATGCTTACAAAGTCATCTTT,1242,3,clonotype147,clonotype147_consensus_1
TTCTTAGCATTAGGCT-1,True,TTCTTAGCATTAGGCT-1_contig_2,True,637,TRB,TRBV12-2+TRBV13-2,None,TRBJ1-5,TRBC1,True,True,CASGTGDNQAPLF,TGTGCCAGCGGGACAGGGGACAACCAGGCTCCGCTTTTT,4436,5,clonotype147,clonotype147_consensus_2
TTCTTAGCATTAGGCT-1,True,TTCTTAGCATTAGGCT-1_contig_3,True,559,TRA,TRAV6N-7,None,TRAJ7,TRAC,True,False,CTTVLWVKDYSNNRLTL,TGTACTACTGTGCTCTGGGTGAAAGACTACAGCAACAACAGACTTACTTTG,2544,2,clonotype147,None
TTCTTAGGTACGACCC-1,True,TTCTTAGGTACGACCC-1_contig_1,True,729,TRB,TRBV12-1,None,TRBJ2-5,None,True,True,CASSPRDWDQDTQYF,TGTGCCAGCTCTCCTCGGGACTGGGACCAAGACACCCAGTACTTT,14290,12,clonotype103,clonotype103_consensus_2
TTCTTAGGTACGACCC-1,True,TTCTTAGGTACGACCC-1_contig_2,True,496,TRA,TRAV6-1,None,TRAJ43,TRAC,True,True,CVLGDGNNNAPRF,TGTGTTCTGGGTGATGGTAACAACAATGCCCCACGATTT,12250,8,clonotype103,clonotype103_consensus_1
TTCTTAGGTTCCAACA-1,True,TTCTTAGGTTCCAACA-1_contig_1,True,536,TRA,TRAV8-1,None,TRAJ30,TRAC,True,True,CATDTNAYKVIF,TGTGCTACTGACACAAATGCTTACAAAGTCATCTTT,3694,5,clonotype13,clonotype13_consensus_1
TTCTTAGGTTCCAACA-1,True,TTCTTAGGTTCCAACA-1_contig_2,True,564,TRB,TRBV12-2+TRBV13-2,None,TRBJ1-5,TRBC1,True,True,CASGTGDNQAPLF,TGTGCCAGCGGGACAGGGGACAACCAGGCTCCGCTTTTT,10900,11,clonotype13,clonotype13_consensus_2
TTCTTAGGTTTGGGCC-1,True,TTCTTAGGTTTGGGCC-1_contig_1,True,574,TRB,TRBV13-1,None,TRBJ1-1,TRBC1,True,True,CASSDPAEVFF,TGTGCCAGCAGTGATCCAGCGGAAGTCTTCTTT,3338,3,clonotype101,clonotype101_consensus_1
TTCTTAGGTTTGGGCC-1,True,TTCTTAGGTTTGGGCC-1_contig_2,True,537,TRA,TRAV16D-DV11,None,TRAJ22,TRAC,True,True,CAMREALSSGSWQLIF,TGTGCTATGAGAGAGGCCCTATCTTCTGGCAGCTGGCAACTCATCTTT,2054,1,clonotype101,clonotype101_consensus_2
TTCTTAGGTTTGGGCC-1,True,TTCTTAGGTTTGGGCC-1_contig_3,True,564,TRA,TRAV12-1,None,TRAJ17,TRAC,True,False,None,None,2326,1,clonotype101,None
TTCTTAGTCAGTCAGT-1,True,TTCTTAGTCAGTCAGT-1_contig_1,True,558,TRA,TRAV8-1,None,TRAJ30,TRAC,True,True,CATDTNAYKVIF,TGTGCTACTGACACAAATGCTTACAAAGTCATCTTT,7488,5,clonotype45,clonotype45_consensus_1
TTCTTAGTCAGTCAGT-1,True,TTCTTAGTCAGTCAGT-1_contig_2,True,575,TRB,TRBV12-2+TRBV13-2,None,TRBJ1-5,TRBC1,True,True,CASGTGDNQAPLF,TGTGCCAGCGGGACAGGAGACAACCAGGCTCCGCTTTTT,15594,13,clonotype45,clonotype45_consensus_2
TTCTTAGTCAGTCAGT-1,True,TTCTTAGTCAGTCAGT-1_contig_3,True,310,TRB,None,None,TRBJ2-7,None,False,False,None,None,1196,3,clonotype45,None
TTCTTAGTCAGTCAGT-1,True,TTCTTAGTCAGTCAGT-1_contig_4,True,332,TRB,None,None,TRBJ2-1,None,False,False,None,None,3094,1,clonotype45,None
TTCTTAGTCATAGCAC-1,True,TTCTTAGTCATAGCAC-1_contig_1,True,555,TRA,TRAV3-3,None,TRAJ49,TRAC,True,True,CAVSGSTGYQNFYF,TGCGCAGTCAGTGGGAGCACGGGTTACCAGAACTTCTATTTT,2836,2,clonotype5,clonotype5_consensus_1
TTCTTAGTCATAGCAC-1,True,TTCTTAGTCATAGCAC-1_contig_2,True,594,TRB,TRBV12-2+TRBV13-2,None,TRBJ2-7,None,True,True,CASGVQGWEQYF,TGTGCCAGCGGTGTACAGGGGTGGGAACAGTACTTC,16640,14,clonotype5,clonotype5_consensus_2
TTCTTAGTCATAGCAC-1,True,TTCTTAGTCATAGCAC-1_contig_3,True,413,TRB,None,None,TRBJ1-1,TRBC1,False,False,None,None,2422,2,clonotype5,None
TTCTTAGTCATAGCAC-1,True,TTCTTAGTCATAGCAC-1_contig_4,True,355,TRB,None,None,TRBJ1-2,TRBC1,False,False,None,None,3364,3,clonotype5,None
TTGAACGAGCAGCGTA-1,True,TTGAACGAGCAGCGTA-1_contig_1,True,542,TRA,TRAV8-1,None,TRAJ34,TRAC,True,True,CATDTNTNKVVF,TGTGCTACTGATACCAATACCAACAAAGTCGTCTTT,12158,6,clonotype542,clonotype542_consensus_1
TTGAACGAGCAGCGTA-1,True,TTGAACGAGCAGCGTA-1_contig_2,True,622,TRB,TRBV12-2+TRBV13-2,None,TRBJ2-1,None,True,True,CASGTGDYAEQFF,TGTGCCAGCGGGACAGGGGACTATGCTGAGCAGTTCTTC,43920,37,clonotype542,clonotype542_consensus_2
TTGAACGAGCAGCGTA-1,True,TTGAACGAGCAGCGTA-1_contig_3,True,352,TRA,TRAV7N-4,None,TRAJ37,TRAC,True,False,None,None,4302,2,clonotype542,None
TTGAACGAGGGTTTCT-1,True,TTGAACGAGGGTTTCT-1_contig_1,True,558,TRA,TRAV19,None,TRAJ39,TRAC,True,True,CAAGGNNAGAKLTF,TGCGCAGCAGGTGGGAATAATGCAGGTGCCAAGCTCACATTC,8590,6,clonotype1,clonotype1_consensus_2
TTGAACGAGGGTTTCT-1,True,TTGAACGAGGGTTTCT-1_contig_2,True,579,TRB,TRBV12-2+TRBV13-2,None,TRBJ1-2,TRBC1,True,True,CASGGGTGNSDYTF,TGTGCCAGCGGTGGGGGGACAGGGAACTCCGACTACACCTTC,13376,11,clonotype1,clonotype1_consensus_1
TTGAACGAGTTACCCA-1,True,TTGAACGAGTTACCCA-1_contig_1,True,524,TRA,TRAV6-6,None,TRAJ24,TRAC,True,True,CAPLTTASLGKLQF,TGTGCTCCGTTGACAACTGCCAGTTTGGGGAAACTGCAGTTT,5236,7,clonotype2,clonotype2_consensus_2
TTGAACGAGTTACCCA-1,True,TTGAACGAGTTACCCA-1_contig_2,True,512,TRB,TRBV13-1,None,TRBJ2-4,None,True,True,CASSEGTNTLYF,TGTGCCAGCAGTGAAGGAACAAACACCTTGTACTTT,44116,32,clonotype2,clonotype2_consensus_1
TTGAACGAGTTACCCA-1,True,TTGAACGAGTTACCCA-1_contig_3,True,572,TRB,TRBV12-2+TRBV13-2,None,TRBJ2-5,None,True,False,CASGDW,TGTGCCAGCGGTGACTGG,1552,1,clonotype2,None
TTGAACGGTCTCACCT-1,True,TTGAACGGTCTCACCT-1_contig_1,True,599,TRB,TRBV12-2+TRBV13-2,None,TRBJ2-3,None,True,True,CASGDAPPGEGTLYF,TGTGCCAGCGGTGATGCACCTCCAGGGGAGGGAACGCTGTATTTT,4760,4,clonotype37,clonotype37_consensus_2
TTGAACGGTCTCACCT-1,True,TTGAACGGTCTCACCT-1_contig_2,True,538,TRA,TRAV13N-3,None,TRAJ49,TRAC,True,True,CAMGGYQNFYF,TGTGCTATGGGGGGTTACCAGAACTTCTATTTT,10002,6,clonotype37,clonotype37_consensus_1
TTGAACGGTTGAGTTC-1,True,TTGAACGGTTGAGTTC-1_contig_1,True,505,TRB,TRBV13-1,None,TRBJ2-4,None,True,True,CASSEGTNTLYF,TGTGCCAGCAGTGAAGGAACAAACACCTTGTACTTT,6878,5,clonotype6,clonotype6_consensus_1
TTGAACGTCCGAGCCA-1,True,TTGAACGTCCGAGCCA-1_contig_1,True,549,TRB,TRBV16,None,TRBJ2-5,None,True,True,CASSLGGGQDTQYF,TGTGCAAGCAGCTTAGGGGGGGGGCAAGACACCCAGTACTTT,7514,9,clonotype11,clonotype11_consensus_2
TTGAACGTCCGAGCCA-1,True,TTGAACGTCCGAGCCA-1_contig_2,True,590,TRA,TRAV4D-3,None,TRAJ27,TRAC,True,True,CAADGPNTGKLTF,TGTGCTGCTGACGGGCCCAATACAGGCAAATTAACCTTT,2728,3,clonotype11,clonotype11_consensus_1
TTGAACGTCGACCAGC-1,True,TTGAACGTCGACCAGC-1_contig_1,True,574,TRA,TRAV3D-3,None,TRAJ26,TRAC,True,True,CAVSGNNYAQGLTF,TGCGCAGTCAGTGGGAATAACTATGCCCAGGGATTAACCTTC,7150,7,clonotype543,clonotype543_consensus_1
TTGAACGTCGACCAGC-1,True,TTGAACGTCGACCAGC-1_contig_2,True,581,TRB,TRBV12-2+TRBV13-2,None,TRBJ1-3,TRBC1,True,True,CASGGGPGNTLYF,TGTGCCAGCGGTGGGGGGCCTGGAAATACGCTCTATTTT,8174,7,clonotype543,clonotype543_consensus_2
TTGAACGTCGACCAGC-1,True,TTGAACGTCGACCAGC-1_contig_3,True,398,TRB,None,None,TRBJ2-7,None,False,False,None,None,7740,4,clonotype543,None
TTGAACGTCGAGCCCA-1,True,TTGAACGTCGAGCCCA-1_contig_1,True,568,TRB,TRBV12-2+TRBV13-2,None,TRBJ1-2,TRBC1,True,True,CASGGGTGNSDYTF,TGTGCCAGCGGTGGGGGGACAGGGAACTCCGACTACACCTTC,1248,3,clonotype7,clonotype7_consensus_1
TTGAACGTCGAGCCCA-1,True,TTGAACGTCGAGCCCA-1_contig_2,True,360,TRB,None,None,TRBJ2-7,None,False,False,None,None,928,1,clonotype7,None
TTGAACGTCGGACAAG-1,True,TTGAACGTCGGACAAG-1_contig_1,True,555,TRA,TRAV3-3,None,TRAJ49,TRAC,True,True,CAVSGSTGYQNFYF,TGCGCAGTCAGTGGGAGCACGGGTTACCAGAACTTCTATTTT,6764,6,clonotype5,clonotype5_consensus_1
TTGAACGTCGGACAAG-1,True,TTGAACGTCGGACAAG-1_contig_2,True,561,TRB,TRBV12-2+TRBV13-2,None,TRBJ2-7,None,True,True,CASGVQGWEQYF,TGTGCCAGCGGTGTACAGGGGTGGGAACAGTACTTC,6404,8,clonotype5,clonotype5_consensus_2
TTGACTTAGACTAAGT-1,True,TTGACTTAGACTAAGT-1_contig_1,True,609,TRB,TRBV12-2+TRBV13-2,None,TRBJ1-5,TRBC1,True,True,CASGTGDNQAPLF,TGTGCCAGCGGTACAGGAGACAACCAGGCTCCGCTTTTT,3328,4,clonotype39,clonotype39_consensus_1
TTGACTTAGACTAAGT-1,True,TTGACTTAGACTAAGT-1_contig_2,True,322,TRB,None,None,TRBJ2-7,None,False,False,None,None,642,1,clonotype39,None
TTGACTTAGACTAAGT-1,True,TTGACTTAGACTAAGT-1_contig_3,True,632,TRA,None,None,TRAJ24,TRAC,False,False,None,None,2060,2,clonotype39,None
TTGACTTCAATGACCT-1,True,TTGACTTCAATGACCT-1_contig_1,True,549,TRB,TRBV16,None,TRBJ2-5,None,True,True,CASSLGGGQDTQYF,TGTGCAAGCAGCTTAGGGGGGGGGCAAGACACCCAGTACTTT,10480,9,clonotype11,clonotype11_consensus_2
TTGACTTCAATGACCT-1,True,TTGACTTCAATGACCT-1_contig_2,True,559,TRA,TRAV4D-3,None,TRAJ27,TRAC,True,True,CAADGPNTGKLTF,TGTGCTGCTGACGGGCCCAATACAGGCAAATTAACCTTT,4872,3,clonotype11,clonotype11_consensus_1
TTGACTTCACGAAAGC-1,True,TTGACTTCACGAAAGC-1_contig_1,True,560,TRA,TRAV14D-1,None,TRAJ27,TRAC,True,True,CAQNPPSNTGKLTF,TGTGCACAAAATCCCCCATCCAATACAGGCAAATTAACCTTT,3580,3,clonotype544,clonotype544_consensus_1
TTGACTTCACGAAAGC-1,True,TTGACTTCACGAAAGC-1_contig_2,True,373,TRB,None,None,TRBJ2-3,None,False,False,None,None,7336,8,clonotype544,None
TTGACTTGTCTAGGTT-1,True,TTGACTTGTCTAGGTT-1_contig_1,True,549,TRB,TRBV16,None,TRBJ2-5,None,True,True,CASSLGGGQDTQYF,TGTGCAAGCAGCTTAGGGGGGGGCCAAGACACCCAGTACTTT,16126,18,clonotype8,clonotype8_consensus_1
TTGACTTGTCTAGGTT-1,True,TTGACTTGTCTAGGTT-1_contig_2,True,580,TRA,TRAV4D-3,None,TRAJ27,TRAC,True,True,CAADGPNTGKLTF,TGTGCTGCGGACGGACCCAATACAGGCAAATTAACCTTT,2956,2,clonotype8,clonotype8_consensus_2
TTGACTTGTCTAGGTT-1,True,TTGACTTGTCTAGGTT-1_contig_3,True,525,TRA,TRAV7N-6,None,TRAJ30,TRAC,True,True,CAVVDTNAYKVIF,TGTGCAGTGGTTGACACAAATGCTTACAAAGTCATCTTT,2894,1,clonotype8,clonotype8_consensus_3
TTGCCGTAGATGCCTT-1,True,TTGCCGTAGATGCCTT-1_contig_1,True,555,TRA,TRAV3-3,None,TRAJ49,TRAC,True,True,CAVSGATGYQNFYF,TGCGCAGTCAGTGGGGCCACGGGTTACCAGAACTTCTATTTT,5820,9,clonotype43,clonotype43_consensus_1
TTGCCGTAGATGCCTT-1,True,TTGCCGTAGATGCCTT-1_contig_2,True,601,TRB,TRBV12-2+TRBV13-2,None,TRBJ2-7,None,True,True,CASGVQGGEQYF,TGTGCCAGCGGTGTGCAGGGGGGAGAACAGTACTTC,17662,16,clonotype43,clonotype43_consensus_2
TTGCCGTAGCTAACTC-1,True,TTGCCGTAGCTAACTC-1_contig_1,True,562,TRA,TRAV16D-DV11,None,TRAJ26,TRAC,True,True,CAMREENNYAQGLTF,TGTGCTATGAGAGAGGAAAATAACTATGCCCAGGGATTAACCTTC,9002,6,clonotype12,clonotype12_consensus_2
TTGCCGTAGCTAACTC-1,True,TTGCCGTAGCTAACTC-1_contig_2,True,512,TRB,TRBV13-1,None,TRBJ2-3,None,True,True,CASGDSAETLYF,TGTGCCAGCGGGGACAGTGCAGAAACGCTGTATTTT,7112,6,clonotype12,clonotype12_consensus_1
TTGCCGTAGCTAACTC-1,True,TTGCCGTAGCTAACTC-1_contig_3,True,372,TRB,None,None,TRBJ1-6,TRBC1,False,False,None,None,7268,7,clonotype12,None
TTGCCGTAGCTAACTC-1,True,TTGCCGTAGCTAACTC-1_contig_4,True,567,TRA,TRAV3D-3,None,TRAJ28,TRAC,True,False,CTSAQSVRGTGSNRLTF,TGTACTTCTGCGCAGTCAGTGAGGGGCACTGGGAGTAACAGGCTCACTTTT,7024,5,clonotype12,None
TTGCCGTAGTCGTACT-1,True,TTGCCGTAGTCGTACT-1_contig_1,True,558,TRA,TRAV19,None,TRAJ39,TRAC,True,True,CAAGGNNAGAKLTF,TGCGCAGCAGGTGGGAATAATGCAGGTGCCAAGCTCACATTC,13046,13,clonotype1,clonotype1_consensus_2
TTGCCGTAGTCGTACT-1,True,TTGCCGTAGTCGTACT-1_contig_2,True,603,TRB,TRBV12-2+TRBV13-2,None,TRBJ1-2,TRBC1,True,True,CASGGGTGNSDYTF,TGTGCCAGCGGTGGGGGGACAGGGAACTCCGACTACACCTTC,28804,27,clonotype1,clonotype1_consensus_1
TTGCCGTAGTCGTACT-1,True,TTGCCGTAGTCGTACT-1_contig_3,True,506,TRA,TRAV7-5,None,TRAJ45,TRAC,True,False,CSDTEGADRLTF,TGCAGTGATACAGAAGGTGCAGATAGACTCACCTTT,1064,2,clonotype1,None
TTGCCGTCAGTATCTG-1,True,TTGCCGTCAGTATCTG-1_contig_1,True,515,TRA,TRAV8-1,None,TRAJ30,TRAC,True,True,CACDTNAYKVIF,TGTGCTTGTGACACAAATGCTTACAAAGTCATCTTT,1740,2,clonotype120,clonotype120_consensus_1
TTGCCGTCAGTATCTG-1,True,TTGCCGTCAGTATCTG-1_contig_2,True,565,TRB,TRBV12-2+TRBV13-2,None,TRBJ2-1,None,True,True,CASGTGDYAEQFF,TGTGCCAGCGGGACAGGTGACTATGCTGAGCAGTTCTTC,6286,5,clonotype120,clonotype120_consensus_2
TTGCCGTGTCCGAACC-1,True,TTGCCGTGTCCGAACC-1_contig_1,True,558,TRA,TRAV19,None,TRAJ39,TRAC,True,True,CAAGGNNAGAKLTF,TGCGCAGCAGGTGGGAATAATGCAGGTGCCAAGCTCACATTC,8780,5,clonotype1,clonotype1_consensus_2
TTGCCGTGTCCGAACC-1,True,TTGCCGTGTCCGAACC-1_contig_2,True,571,TRB,TRBV12-2+TRBV13-2,None,TRBJ1-2,TRBC1,True,True,CASGGGTGNSDYTF,TGTGCCAGCGGTGGGGGGACAGGGAACTCCGACTACACCTTC,7466,7,clonotype1,clonotype1_consensus_1
TTGCCGTTCGGAAACG-1,True,TTGCCGTTCGGAAACG-1_contig_1,True,590,TRA,TRAV8-1,None,TRAJ30,TRAC,True,True,CATDTNAYKVIF,TGTGCTACCGACACAAATGCTTACAAAGTCATCTTT,19854,21,clonotype38,clonotype38_consensus_1
TTGCCGTTCGGAAACG-1,True,TTGCCGTTCGGAAACG-1_contig_2,True,574,TRB,TRBV12-2+TRBV13-2,None,TRBJ1-5,TRBC1,True,True,CASGTGDNQAPLF,TGTGCCAGCGGTACAGGAGACAACCAGGCTCCGCTTTTT,21624,32,clonotype38,clonotype38_consensus_2
TTGCCGTTCGGAAACG-1,True,TTGCCGTTCGGAAACG-1_contig_3,True,627,TRB,None,None,TRBJ2-5,None,False,False,None,None,4598,8,clonotype38,None
TTGCCGTTCGGAAACG-1,True,TTGCCGTTCGGAAACG-1_contig_4,True,326,TRB,None,None,TRBJ2-3,None,False,False,None,None,1044,1,clonotype38,None
TTGCCGTTCGGAAACG-1,True,TTGCCGTTCGGAAACG-1_contig_5,True,355,TRA,None,None,TRAJ19,TRAC,False,False,None,None,1072,3,clonotype38,None
TTGCCGTTCGGAAACG-1,True,TTGCCGTTCGGAAACG-1_contig_6,True,446,TRB,None,None,TRBJ1-4,TRBC1,False,False,None,None,23222,27,clonotype38,None
TTGCCGTTCGGAAACG-1,True,TTGCCGTTCGGAAACG-1_contig_7,True,335,TRB,None,None,TRBJ2-1,None,False,False,None,None,2920,4,clonotype38,None
TTGCGTCAGCGATGAC-1,True,TTGCGTCAGCGATGAC-1_contig_1,True,561,TRA,TRAV4-3,None,TRAJ42,TRAC,True,True,CAADNSGGSNAKLTF,TGTGCTGCTGATAATTCTGGAGGAAGCAATGCAAAGCTAACCTTC,5830,5,clonotype87,clonotype87_consensus_2
TTGCGTCAGCGATGAC-1,True,TTGCGTCAGCGATGAC-1_contig_2,True,512,TRB,TRBV13-1,None,TRBJ2-1,None,True,True,CASGGAYAEQFF,TGTGCCAGCGGGGGGGCGTATGCTGAGCAGTTCTTC,6536,5,clonotype87,clonotype87_consensus_1
TTGCGTCCAATAACGA-1,True,TTGCGTCCAATAACGA-1_contig_1,True,549,TRB,TRBV16,None,TRBJ2-5,None,True,True,CASSLGGGQDTQYF,TGTGCAAGCAGCTTAGGGGGGGGCCAAGACACCCAGTACTTT,1912,2,clonotype54,clonotype54_consensus_1
TTGCGTCCAATAACGA-1,True,TTGCGTCCAATAACGA-1_contig_2,True,525,TRA,TRAV7N-6,None,TRAJ30,TRAC,True,True,CAVVDTNAYKVIF,TGTGCAGTGGTTGACACAAATGCTTACAAAGTCATCTTT,4102,2,clonotype54,clonotype54_consensus_2
TTGCGTCCAATAACGA-1,True,TTGCGTCCAATAACGA-1_contig_3,True,580,TRB,None,None,TRBJ1-2,TRBC1,False,False,None,None,1140,1,clonotype54,None
TTGCGTCGTCCGTTAA-1,True,TTGCGTCGTCCGTTAA-1_contig_1,True,601,TRA,TRAV14N-3,None,TRAJ6,TRAC,True,True,CAARTSGGNYKPTF,TGTGCAGCAAGAACCTCAGGAGGAAACTACAAACCTACGTTT,606,2,clonotype4,clonotype4_consensus_2
TTGCGTCGTCCGTTAA-1,True,TTGCGTCGTCCGTTAA-1_contig_2,True,549,TRA,TRAV8N-2,None,TRAJ13,TRAC,True,True,CATEDSGTYQRF,TGTGCTACTGAGGATTCTGGGACTTACCAGAGGTTT,2518,3,clonotype4,clonotype4_consensus_1
TTGCGTCGTCCGTTAA-1,True,TTGCGTCGTCCGTTAA-1_contig_3,True,581,TRB,TRBV12-2+TRBV13-2,None,TRBJ2-7,None,True,True,CASGTGGDYEQYF,TGTGCCAGCGGGACTGGGGGGGACTATGAACAGTACTTC,3746,9,clonotype4,clonotype4_consensus_3
TTGCGTCGTTCCCTTG-1,True,TTGCGTCGTTCCCTTG-1_contig_1,True,562,TRA,TRAV4D-4,None,TRAJ26,TRAC,True,True,CGNYAQGLTF,TGTGGGAACTATGCCCAGGGATTAACCTTC,2152,2,clonotype545,clonotype545_consensus_4
TTGCGTCGTTCCCTTG-1,True,TTGCGTCGTTCCCTTG-1_contig_2,True,525,TRA,TRAV14N-3,None,TRAJ6,TRAC,True,True,CAARTSGGNYKPTF,TGTGCAGCAAGAACCTCAGGAGGAAACTACAAACCTACGTTT,3592,4,clonotype545,clonotype545_consensus_2
TTGCGTCGTTCCCTTG-1,True,TTGCGTCGTTCCCTTG-1_contig_3,True,566,TRB,TRBV12-2+TRBV13-2,None,TRBJ2-7,None,True,True,CASGTGGDYEQYF,TGTGCCAGCGGGACTGGGGGGGACTATGAACAGTACTTC,3484,9,clonotype545,clonotype545_consensus_3
TTGCGTCGTTCCCTTG-1,True,TTGCGTCGTTCCCTTG-1_contig_4,True,515,TRB,TRBV13-1,None,TRBJ2-1,None,True,True,CASTGGDYAEQFF,TGTGCCAGCACCGGGGGGGACTATGCTGAGCAGTTCTTC,3078,5,clonotype545,clonotype545_consensus_1
TTGCGTCTCGCTTAGA-1,True,TTGCGTCTCGCTTAGA-1_contig_1,True,558,TRA,TRAV19,None,TRAJ39,TRAC,True,True,CAAGGNNAGAKLTF,TGCGCAGCAGGTGGGAATAATGCAGGTGCCAAGCTCACATTC,2586,3,clonotype19,clonotype19_consensus_1
TTGGAACAGGTGCAAC-1,True,TTGGAACAGGTGCAAC-1_contig_1,True,522,TRB,TRBV5,None,TRBJ1-5,TRBC1,True,True,CASSQAGENNQAPLF,TGTGCCAGCAGCCAAGCAGGGGAGAACAACCAGGCTCCGCTTTTT,4308,3,clonotype52,clonotype52_consensus_2
TTGGAACAGGTGCAAC-1,True,TTGGAACAGGTGCAAC-1_contig_2,True,600,TRA,TRAV12D-3,None,TRAJ26,TRAC,True,True,CALSVNYAQGLTF,TGTGCTCTGAGTGTCAACTATGCCCAGGGATTAACCTTC,1684,3,clonotype52,clonotype52_consensus_1
TTGGAACAGGTGCAAC-1,True,TTGGAACAGGTGCAAC-1_contig_3,True,376,TRB,None,None,TRBJ2-7,None,False,False,None,None,3840,3,clonotype52,None
TTGGAACAGGTGCAAC-1,True,TTGGAACAGGTGCAAC-1_contig_4,True,590,TRA,TRAV8D-2,None,TRAJ9,TRAC,True,False,CAPNMGYKLTF,TGTGCTCCAAACATGGGCTACAAACTTACCTTC,3986,2,clonotype52,None
TTGGAACAGGTTACCT-1,True,TTGGAACAGGTTACCT-1_contig_1,True,512,TRB,TRBV13-1,None,TRBJ2-4,None,True,True,CASSEGTNTLYF,TGTGCCAGCAGTGAAGGAACAAACACCTTGTACTTT,9430,7,clonotype6,clonotype6_consensus_1
TTGGAACAGGTTACCT-1,True,TTGGAACAGGTTACCT-1_contig_2,True,361,TRA,TRAV9D-2,None,TRAJ26,TRAC,True,False,CVLSRGNNYAQGLTF,TGTGTTCTGAGCAGGGGCAATAACTATGCCCAGGGATTAACCTTC,6750,5,clonotype6,None
TTGGAACGTATCAGTC-1,True,TTGGAACGTATCAGTC-1_contig_1,True,593,TRA,TRAV19,None,TRAJ39,TRAC,True,True,CAAGGNNAGAKLTF,TGCGCAGCAGGTGGGAATAATGCAGGTGCCAAGCTCACATTC,9886,5,clonotype1,clonotype1_consensus_2
TTGGAACGTATCAGTC-1,True,TTGGAACGTATCAGTC-1_contig_2,True,567,TRB,TRBV12-2+TRBV13-2,None,TRBJ1-2,TRBC1,True,True,CASGGGTGNSDYTF,TGTGCCAGCGGTGGGGGGACAGGGAACTCCGACTACACCTTC,11038,8,clonotype1,clonotype1_consensus_1
TTGGAACGTCTAGCGC-1,True,TTGGAACGTCTAGCGC-1_contig_1,True,634,TRA,TRAV14N-3,None,TRAJ6,TRAC,True,True,CAARTSGGNYKPTF,TGTGCAGCAAGAACCTCAGGAGGAAACTACAAACCTACGTTT,7600,4,clonotype4,clonotype4_consensus_2
TTGGAACGTCTAGCGC-1,True,TTGGAACGTCTAGCGC-1_contig_2,True,549,TRA,TRAV8N-2,None,TRAJ13,TRAC,True,True,CATEDSGTYQRF,TGTGCTACTGAGGATTCTGGGACTTACCAGAGGTTT,2904,3,clonotype4,clonotype4_consensus_1
TTGGAACGTCTAGCGC-1,True,TTGGAACGTCTAGCGC-1_contig_3,True,563,TRB,TRBV12-2+TRBV13-2,None,TRBJ2-7,None,True,True,CASGTGGDYEQYF,TGTGCCAGCGGGACTGGGGGGGACTATGAACAGTACTTC,6658,7,clonotype4,clonotype4_consensus_3
TTGGAACGTGTGCCTG-1,True,TTGGAACGTGTGCCTG-1_contig_1,True,523,TRB,TRBV14,None,TRBJ2-1,None,True,True,CASSFGPANYAEQFF,TGTGCCAGCAGTTTCGGGCCAGCTAACTATGCTGAGCAGTTCTTC,4488,3,clonotype208,clonotype208_consensus_2
TTGGAACGTGTGCCTG-1,True,TTGGAACGTGTGCCTG-1_contig_2,True,569,TRA,TRAV12-2,None,TRAJ30,TRAC,True,True,CALSDPNAYKVIF,TGTGCTTTGAGTGATCCAAATGCTTACAAAGTCATCTTT,3896,4,clonotype208,clonotype208_consensus_1
TTGGAACTCTCTAGGA-1,True,TTGGAACTCTCTAGGA-1_contig_1,True,562,TRA,TRAV6N-7,None,TRAJ48,TRAC,True,True,CALGGNYGNEKITF,TGTGCTCTGGGGGGCAACTATGGAAATGAGAAAATAACTTTT,6402,6,clonotype546,clonotype546_consensus_1
TTGGAACTCTCTAGGA-1,True,TTGGAACTCTCTAGGA-1_contig_2,True,531,TRB,TRBV17,None,TRBJ2-1,None,True,True,CASSRVSGGGYAEQFF,TGTGCTAGCAGTAGAGTGTCTGGGGGGGGCTATGCTGAGCAGTTCTTC,25308,15,clonotype546,clonotype546_consensus_2
TTGGAACTCTCTAGGA-1,True,TTGGAACTCTCTAGGA-1_contig_3,True,314,TRB,None,None,TRBJ2-2,None,False,False,None,None,2868,1,clonotype546,None
TTGGAACTCTCTAGGA-1,True,TTGGAACTCTCTAGGA-1_contig_4,True,548,TRA,TRAV15D-2-DV6D-2,None,TRAJ32,TRAC,True,False,None,None,2778,2,clonotype546,None
TTGGCAAAGAATTCCC-1,True,TTGGCAAAGAATTCCC-1_contig_1,True,558,TRA,TRAV19,None,TRAJ39,TRAC,True,True,CAAGGNNAGAKLTF,TGCGCAGCAGGTGGGAATAATGCAGGTGCCAAGCTCACATTC,15356,11,clonotype1,clonotype1_consensus_2
TTGGCAAAGAATTCCC-1,True,TTGGCAAAGAATTCCC-1_contig_2,True,574,TRB,TRBV12-2+TRBV13-2,None,TRBJ1-2,TRBC1,True,True,CASGGGTGNSDYTF,TGTGCCAGCGGTGGGGGGACAGGGAACTCCGACTACACCTTC,27526,21,clonotype1,clonotype1_consensus_1
TTGGCAAAGAATTCCC-1,True,TTGGCAAAGAATTCCC-1_contig_3,True,674,TRB,None,None,TRBJ2-7,None,False,False,None,None,5444,5,clonotype1,None
TTGGCAAAGGTTCCTA-1,True,TTGGCAAAGGTTCCTA-1_contig_1,True,536,TRA,TRAV16,None,TRAJ52,TRAC,True,True,CAMREGHTGANTGKLTF,TGTGCTATGAGAGAGGGCCACACTGGAGCTAACACTGGAAAGCTCACGTTT,1964,1,clonotype84,clonotype84_consensus_1
TTGGCAAAGGTTCCTA-1,True,TTGGCAAAGGTTCCTA-1_contig_2,True,566,TRB,TRBV12-2,None,TRBJ2-5,None,True,True,CASSLQGVQDTQYF,TGTGCCAGCTCTCTCCAGGGGGTCCAAGACACCCAGTACTTT,3204,3,clonotype84,clonotype84_consensus_2
TTGGCAAAGGTTCCTA-1,True,TTGGCAAAGGTTCCTA-1_contig_3,True,356,TRB,None,None,TRBJ2-1,None,False,False,None,None,3282,1,clonotype84,None
TTGGCAAAGGTTCCTA-1,True,TTGGCAAAGGTTCCTA-1_contig_4,True,557,TRA,TRAV8N-2,None,TRAJ53,TRAC,True,False,None,None,1624,3,clonotype84,None
TTGGCAACAGCGAACA-1,True,TTGGCAACAGCGAACA-1_contig_1,True,530,TRA,TRAV7D-5,None,TRAJ16,TRAC,True,True,CAVSSPATSSGQKLVF,TGTGCAGTGAGCAGCCCCGCAACTTCAAGTGGCCAGAAGCTGGTTTTT,5514,2,clonotype30,clonotype30_consensus_2
TTGGCAACAGCGAACA-1,True,TTGGCAACAGCGAACA-1_contig_2,True,574,TRB,TRBV12-2,None,TRBJ1-2,TRBC1,True,True,CASSLSTGGVNSDYTF,TGTGCCAGCTCTCTATCGACAGGGGGCGTGAACTCCGACTACACCTTC,12868,11,clonotype30,clonotype30_consensus_1
TTGGCAACAGCGAACA-1,True,TTGGCAACAGCGAACA-1_contig_3,True,325,TRB,None,None,TRBJ2-7,None,False,False,None,None,20566,16,clonotype30,None
TTGGCAAGTAGTGAAT-1,True,TTGGCAAGTAGTGAAT-1_contig_1,True,547,TRA,TRAV7D-5,None,TRAJ16,TRAC,True,True,CAVSSPATSSGQKLVF,TGTGCAGTGAGCAGCCCCGCAACTTCAAGTGGCCAGAAGCTGGTTTTT,8486,4,clonotype30,clonotype30_consensus_2
TTGGCAAGTAGTGAAT-1,True,TTGGCAAGTAGTGAAT-1_contig_2,True,576,TRB,TRBV12-2,None,TRBJ1-2,TRBC1,True,True,CASSLSTGGVNSDYTF,TGTGCCAGCTCTCTATCGACAGGGGGCGTGAACTCCGACTACACCTTC,2624,6,clonotype30,clonotype30_consensus_1
TTGGCAAGTATATGGA-1,True,TTGGCAAGTATATGGA-1_contig_1,True,538,TRA,TRAV19,None,TRAJ39,TRAC,True,True,CAAGGNNAGAKLTF,TGCGCAGCAGGTGGGAATAATGCAGGTGCCAAGCTCACATTC,11390,5,clonotype1,clonotype1_consensus_2
TTGGCAAGTATATGGA-1,True,TTGGCAAGTATATGGA-1_contig_2,True,581,TRB,TRBV12-2+TRBV13-2,None,TRBJ1-2,TRBC1,True,True,CASGGGTGNSDYTF,TGTGCCAGCGGTGGGGGGACAGGGAACTCCGACTACACCTTC,22140,18,clonotype1,clonotype1_consensus_1
TTGGCAAGTCTTGATG-1,True,TTGGCAAGTCTTGATG-1_contig_1,True,571,TRA,TRAV19,None,TRAJ39,TRAC,True,True,CAAGGNNAGAKLTF,TGCGCAGCAGGTGGGAATAATGCAGGTGCCAAGCTCACATTC,10918,6,clonotype1,clonotype1_consensus_2
TTGGCAAGTCTTGATG-1,True,TTGGCAAGTCTTGATG-1_contig_2,True,569,TRB,TRBV12-2+TRBV13-2,None,TRBJ1-2,TRBC1,True,True,CASGGGTGNSDYTF,TGTGCCAGCGGTGGGGGGACAGGGAACTCCGACTACACCTTC,20380,18,clonotype1,clonotype1_consensus_1
TTGGCAATCCCTAATT-1,True,TTGGCAATCCCTAATT-1_contig_1,True,534,TRA,TRAV6-6,None,TRAJ24,TRAC,True,True,CAPLTTASLGKLQF,TGTGCTCCGTTGACAACTGCCAGTTTGGGGAAACTGCAGTTT,3714,3,clonotype76,clonotype76_consensus_1
TTGGCAATCCCTAATT-1,True,TTGGCAATCCCTAATT-1_contig_2,True,361,TRA,TRAV9D-2,None,TRAJ26,TRAC,True,False,CVLSRGNNYAQGLTF,TGTGTTCTGAGCAGGGGCAATAACTATGCCCAGGGATTAACCTTC,4364,3,clonotype76,None
TTGTAGGAGAGTAAGG-1,True,TTGTAGGAGAGTAAGG-1_contig_1,True,558,TRA,TRAV16,None,TRAJ57,TRAC,True,True,CAMREPQGGSAKLIF,TGTGCTATGAGAGAGCCTCAAGGAGGGTCTGCGAAGCTCATCTTT,8058,8,clonotype547,clonotype547_consensus_2
TTGTAGGAGAGTAAGG-1,True,TTGTAGGAGAGTAAGG-1_contig_2,True,525,TRB,TRBV17,None,TRBJ2-5,None,True,True,CASSRKGVQDTQYF,TGTGCTAGCAGTAGAAAGGGGGTCCAAGACACCCAGTACTTT,29220,16,clonotype547,clonotype547_consensus_1
TTGTAGGAGAGTAAGG-1,True,TTGTAGGAGAGTAAGG-1_contig_3,True,337,TRB,None,None,TRBJ2-3,None,False,False,None,None,11488,7,clonotype547,None
TTGTAGGAGAGTAAGG-1,True,TTGTAGGAGAGTAAGG-1_contig_4,True,360,TRB,None,None,TRBJ2-7,None,False,False,None,None,6358,3,clonotype547,None
TTGTAGGAGAGTAAGG-1,True,TTGTAGGAGAGTAAGG-1_contig_5,True,641,TRB,TRBV1,None,TRBJ1-3,TRBC1,True,False,None,None,4824,3,clonotype547,None
TTGTAGGAGGAATGGA-1,True,TTGTAGGAGGAATGGA-1_contig_1,True,525,TRB,TRBV17,None,TRBJ2-5,None,True,True,CASSRKGVQDTQYF,TGTGCTAGCAGTAGAAAGGGGGTCCAAGACACCCAGTACTTT,5536,3,clonotype153,clonotype153_consensus_1
TTGTAGGCACCAGGTC-1,True,TTGTAGGCACCAGGTC-1_contig_1,True,551,TRA,TRAV19,None,TRAJ49,TRAC,True,True,CAAGGNTGYQNFYF,TGCGCAGCAGGTGGTAACACGGGTTACCAGAACTTCTATTTT,6110,3,clonotype209,clonotype209_consensus_2
TTGTAGGCACCAGGTC-1,True,TTGTAGGCACCAGGTC-1_contig_2,True,562,TRB,TRBV12-2+TRBV13-2,None,TRBJ2-7,None,True,True,CASGVQGVEQYF,TGTGCCAGCGGTGTACAGGGGGTTGAACAGTACTTC,9960,7,clonotype209,clonotype209_consensus_1
TTGTAGGCAGCCAATT-1,True,TTGTAGGCAGCCAATT-1_contig_1,True,530,TRA,TRAV8-1,None,TRAJ6,TRAC,True,True,CATDSTSGGNYKPTF,TGTGCTACTGATTCAACCTCAGGAGGAAACTACAAACCTACGTTT,5102,4,clonotype73,clonotype73_consensus_2
TTGTAGGCAGCCAATT-1,True,TTGTAGGCAGCCAATT-1_contig_2,True,515,TRB,TRBV13-1,None,TRBJ2-1,None,True,True,CASSGGDYAEQFF,TGTGCCAGCAGTGGGGGGGACTATGCTGAGCAGTTCTTC,3300,3,clonotype73,clonotype73_consensus_1
TTGTAGGCAGCCAATT-1,True,TTGTAGGCAGCCAATT-1_contig_3,True,457,TRB,None,None,TRBJ1-2,TRBC1,False,False,None,None,8474,4,clonotype73,None
TTGTAGGGTCGTCTTC-1,True,TTGTAGGGTCGTCTTC-1_contig_1,True,548,TRA,TRAV6-6,None,TRAJ24,TRAC,True,True,CAPLTTASLGKLQF,TGTGCTCCGTTGACAACTGCCAGTTTGGGGAAACTGCAGTTT,2518,3,clonotype2,clonotype2_consensus_2
TTGTAGGGTCGTCTTC-1,True,TTGTAGGGTCGTCTTC-1_contig_2,True,512,TRB,TRBV13-1,None,TRBJ2-4,None,True,True,CASSEGTNTLYF,TGTGCCAGCAGTGAAGGAACAAACACCTTGTACTTT,11730,9,clonotype2,clonotype2_consensus_1
TTGTAGGGTGCAGACA-1,True,TTGTAGGGTGCAGACA-1_contig_1,True,605,TRB,TRBV12-2+TRBV13-2,None,TRBJ1-2,TRBC1,True,True,CASGGGTGNSDYTF,TGTGCCAGCGGTGGGGGGACAGGGAACTCCGACTACACCTTC,6250,6,clonotype7,clonotype7_consensus_1
TTGTAGGGTTACAGAA-1,True,TTGTAGGGTTACAGAA-1_contig_1,True,541,TRA,TRAV8-1,None,TRAJ30,TRAC,True,True,CATDTNAYKVIF,TGTGCTACCGACACAAATGCTTACAAAGTCATCTTT,2048,2,clonotype38,clonotype38_consensus_1
TTGTAGGGTTACAGAA-1,True,TTGTAGGGTTACAGAA-1_contig_2,True,564,TRB,TRBV12-2+TRBV13-2,None,TRBJ1-5,TRBC1,True,True,CASGTGDNQAPLF,TGTGCCAGCGGTACAGGAGACAACCAGGCTCCGCTTTTT,1064,2,clonotype38,clonotype38_consensus_2
TTGTAGGGTTACAGAA-1,True,TTGTAGGGTTACAGAA-1_contig_3,True,355,TRB,TRBV13-1,None,TRBJ2-3,None,True,False,CASGDSAETLYF,TGTGCCAGCGGGGACAGTGCAGAAACGCTGTATTTT,90,1,clonotype38,None
TTGTAGGTCCTAGGGC-1,True,TTGTAGGTCCTAGGGC-1_contig_1,True,549,TRB,TRBV16,None,TRBJ2-7,None,True,True,CASSFGGGADEQYF,TGTGCAAGCAGCTTTGGTGGGGGGGCGGATGAACAGTACTTC,6508,7,clonotype20,clonotype20_consensus_2
TTGTAGGTCCTAGGGC-1,True,TTGTAGGTCCTAGGGC-1_contig_2,True,545,TRA,TRAV13D-2,None,TRAJ11,TRAC,True,True,CAIDLDSGYNKLTF,TGTGCTATAGATCTTGACTCGGGATACAACAAACTCACTTTT,3494,3,clonotype20,clonotype20_consensus_1
TTGTAGGTCCTAGGGC-1,True,TTGTAGGTCCTAGGGC-1_contig_3,True,487,TRB,None,None,TRBJ2-5,None,False,False,None,None,1002,1,clonotype20,None
TTGTAGGTCTGACCTC-1,True,TTGTAGGTCTGACCTC-1_contig_1,True,542,TRA,TRAV9-1,None,TRAJ26,TRAC,True,True,CAVSADYAQGLTF,TGTGCTGTGAGCGCGGACTATGCCCAGGGATTAACCTTC,10278,8,clonotype143,clonotype143_consensus_1
TTGTAGGTCTGACCTC-1,True,TTGTAGGTCTGACCTC-1_contig_2,True,592,TRB,TRBV12-2+TRBV13-2,None,TRBJ2-7,None,True,True,CASGGGLGSEQYF,TGTGCCAGCGGTGGGGGACTGGGGAGTGAACAGTACTTC,10046,11,clonotype143,clonotype143_consensus_2
TTGTAGGTCTGACCTC-1,True,TTGTAGGTCTGACCTC-1_contig_3,True,581,TRB,TRBV5,None,TRBJ1-4,None,True,False,CASSQEGGAPTKDYFSVMEPSCLSW,TGTGCCAGCAGCCAAGAAGGGGGGGCTCCAACGAAAGATTATTTTTCGGTCATGGAACCAAGCTGTCTGTCCTGG,76,3,clonotype143,None
TTTACTGAGGACATTA-1,True,TTTACTGAGGACATTA-1_contig_1,True,523,TRA,TRAV4-2,None,TRAJ35,TRAC,True,True,CAVEPQTGFASALTF,TGTGCTGTTGAGCCCCAGACAGGCTTTGCAAGTGCGCTGACATTT,6216,7,clonotype85,clonotype85_consensus_3
TTTACTGAGGACATTA-1,True,TTTACTGAGGACATTA-1_contig_2,True,518,TRA,TRAV8-1,None,TRAJ30,TRAC,True,True,CATDTNAYKVIF,TGTGCTACTGACACAAATGCTTACAAAGTCATCTTT,1938,2,clonotype85,clonotype85_consensus_1
TTTACTGAGGACATTA-1,True,TTTACTGAGGACATTA-1_contig_3,True,564,TRB,TRBV12-2+TRBV13-2,None,TRBJ1-5,TRBC1,True,True,CASGTGDNQAPLF,TGTGCCAGCGGGACAGGGGATAACCAGGCTCCGCTTTTT,7902,9,clonotype85,clonotype85_consensus_2
TTTACTGCAGTCGATT-1,True,TTTACTGCAGTCGATT-1_contig_1,True,549,TRB,TRBV16,None,TRBJ2-5,None,True,True,CASSLGGGQDTQYF,TGTGCAAGCAGCTTAGGGGGGGGGCAAGACACCCAGTACTTT,7152,7,clonotype11,clonotype11_consensus_2
TTTACTGCAGTCGATT-1,True,TTTACTGCAGTCGATT-1_contig_2,True,571,TRA,TRAV4D-3,None,TRAJ27,TRAC,True,True,CAADGPNTGKLTF,TGTGCTGCTGACGGGCCCAATACAGGCAAATTAACCTTT,1908,2,clonotype11,clonotype11_consensus_1
TTTACTGGTGCAACGA-1,True,TTTACTGGTGCAACGA-1_contig_1,True,525,TRB,TRBV17,None,TRBJ2-5,None,True,True,CASSRKGVQDTQYF,TGTGCTAGCAGTAGGAAAGGGGTCCAAGACACCCAGTACTTT,4082,4,clonotype548,clonotype548_consensus_1
TTTACTGGTGCAACGA-1,True,TTTACTGGTGCAACGA-1_contig_2,True,567,TRA,TRAV16,None,TRAJ50,TRAC,True,True,CAMREGLRASSSFSKLVF,TGTGCTATGAGAGAGGGCTTAAGAGCATCCTCCTCCTTCAGCAAGCTGGTGTTT,1358,1,clonotype548,clonotype548_consensus_2
TTTATGCCAAGTAATG-1,True,TTTATGCCAAGTAATG-1_contig_1,True,549,TRB,TRBV16,None,TRBJ2-5,None,True,True,CASSLGGYQDTQYF,TGTGCAAGCAGCTTAGGGGGCTACCAAGACACCCAGTACTTT,2842,4,clonotype102,clonotype102_consensus_2
TTTATGCCAAGTAATG-1,True,TTTATGCCAAGTAATG-1_contig_2,True,568,TRA,TRAV12-1,None,TRAJ48,TRAC,True,True,CALSDAGDYGNEKITF,TGTGCTCTGAGTGATGCAGGAGACTATGGAAATGAGAAAATAACTTTT,1538,1,clonotype102,clonotype102_consensus_1
TTTATGCCACTGTGTA-1,True,TTTATGCCACTGTGTA-1_contig_1,True,567,TRA,TRAV3D-3,None,TRAJ32,TRAC,True,True,CAVRNYGSSGNKLIF,TGCGCAGTCAGGAATTATGGGAGCAGTGGCAACAAGCTCATCTTT,2638,2,clonotype549,clonotype549_consensus_1
TTTATGCCACTGTGTA-1,True,TTTATGCCACTGTGTA-1_contig_2,True,727,TRA,TRAV9-4,None,TRAJ35,TRAC,True,False,None,None,5268,3,clonotype549,None
TTTATGCGTCTTCAAG-1,True,TTTATGCGTCTTCAAG-1_contig_1,True,532,TRA,TRAV13-4-DV7,None,TRAJ58,TRAC,True,True,CAPMQQGTGSKLSF,TGTGCTCCTATGCAGCAAGGCACTGGGTCTAAGCTGTCATTT,21318,24,clonotype18,clonotype18_consensus_2
TTTATGCGTCTTCAAG-1,True,TTTATGCGTCTTCAAG-1_contig_2,True,525,TRB,TRBV17,None,TRBJ2-5,None,True,True,CASSRKGVQDTQYF,TGTGCTAGCAGTAGAAAGGGGGTCCAAGACACCCAGTACTTT,38334,43,clonotype18,clonotype18_consensus_1
TTTATGCGTCTTCAAG-1,True,TTTATGCGTCTTCAAG-1_contig_3,True,330,TRA,None,None,TRAJ42,TRAC,False,False,None,None,3148,2,clonotype18,None
TTTATGCGTCTTCAAG-1,True,TTTATGCGTCTTCAAG-1_contig_4,True,428,TRB,None,None,TRBJ2-3,None,False,False,None,None,8680,8,clonotype18,None
TTTATGCTCGCTAGCG-1,True,TTTATGCTCGCTAGCG-1_contig_1,True,578,TRB,TRBV12-2+TRBV13-2,None,TRBJ2-7,None,True,True,CASGVQGEQYF,TGTGCCAGCGGTGTTCAGGGAGAACAGTACTTC,4414,4,clonotype184,clonotype184_consensus_1
TTTCCTCCAAGTTAAG-1,True,TTTCCTCCAAGTTAAG-1_contig_1,True,558,TRA,TRAV19,None,TRAJ39,TRAC,True,True,CAAGGNNAGAKLTF,TGCGCAGCAGGTGGGAATAATGCAGGTGCCAAGCTCACATTC,6212,4,clonotype1,clonotype1_consensus_2
TTTCCTCCAAGTTAAG-1,True,TTTCCTCCAAGTTAAG-1_contig_2,True,562,TRB,TRBV12-2+TRBV13-2,None,TRBJ1-2,TRBC1,True,True,CASGGGTGNSDYTF,TGTGCCAGCGGTGGGGGGACAGGGAACTCCGACTACACCTTC,9644,8,clonotype1,clonotype1_consensus_1
TTTCCTCCAAGTTAAG-1,True,TTTCCTCCAAGTTAAG-1_contig_3,True,376,TRB,None,None,TRBJ2-7,None,False,False,None,None,8522,6,clonotype1,None
TTTCCTCCATCCGTGG-1,True,TTTCCTCCATCCGTGG-1_contig_1,True,550,TRA,TRAV13N-1,None,TRAJ42,TRAC,True,True,CAILNSGGSNAKLTF,TGTGCTATTCTTAATTCTGGAGGAAGCAATGCAAAGCTAACCTTC,2106,3,clonotype550,clonotype550_consensus_1
TTTCCTCGTTATCGGT-1,True,TTTCCTCGTTATCGGT-1_contig_1,True,544,TRA,TRAV8D-1,None,TRAJ49,TRAC,True,True,CATDATGYQNFYF,TGTGCTACTGATGCGACGGGTTACCAGAACTTCTATTTT,4502,4,clonotype71,clonotype71_consensus_2
TTTCCTCGTTATCGGT-1,True,TTTCCTCGTTATCGGT-1_contig_2,True,479,TRB,TRBV12-2+TRBV13-2,None,TRBJ2-1,None,True,True,CASGAGDYAEQFF,TGTGCCAGCGGTGCTGGGGATTATGCTGAGCAGTTCTTC,1454,1,clonotype71,clonotype71_consensus_1
TTTCCTCTCACCGTAA-1,True,TTTCCTCTCACCGTAA-1_contig_1,True,518,TRB,TRBV26,None,TRBJ2-1,None,True,True,CASSLHKFYAEQFF,TGTGCCAGCAGTCTGCACAAATTCTATGCTGAGCAGTTCTTC,12652,7,clonotype201,clonotype201_consensus_1
TTTCCTCTCGTAGATC-1,True,TTTCCTCTCGTAGATC-1_contig_1,True,541,TRA,TRAV6-6,None,TRAJ24,TRAC,True,True,CAPLTTASLGKLQF,TGTGCTCCGTTGACAACTGCCAGTTTGGGGAAACTGCAGTTT,2588,3,clonotype3,clonotype3_consensus_2
TTTCCTCTCGTAGATC-1,True,TTTCCTCTCGTAGATC-1_contig_2,True,512,TRB,TRBV13-1,None,TRBJ2-4,None,True,True,CASSEGTNTLYF,TGTGCCAGCAGTGAAGGAACAAACACCTTGTACTTT,26076,23,clonotype3,clonotype3_consensus_1
TTTCCTCTCGTAGATC-1,True,TTTCCTCTCGTAGATC-1_contig_3,True,670,TRA,TRAV9D-2,None,TRAJ26,TRAC,True,True,CVLSRGNNYAQGLTF,TGTGTTCTGAGCAGGGGCAATAACTATGCCCAGGGATTAACCTTC,2056,4,clonotype3,clonotype3_consensus_3
TTTGCGCGTAGTACCT-1,True,TTTGCGCGTAGTACCT-1_contig_1,True,555,TRA,TRAV3-3,None,TRAJ49,TRAC,True,True,CAVSGSTGYQNFYF,TGCGCAGTCAGTGGGAGCACGGGTTACCAGAACTTCTATTTT,3966,3,clonotype33,clonotype33_consensus_1
TTTGCGCGTCTCCACT-1,True,TTTGCGCGTCTCCACT-1_contig_1,True,507,TRB,TRBV31,None,TRBJ2-4,None,True,True,CAWDNQNTLYF,TGTGCCTGGGACAATCAAAACACCTTGTACTTT,13022,7,clonotype200,clonotype200_consensus_2
TTTGCGCGTCTCCACT-1,True,TTTGCGCGTCTCCACT-1_contig_2,True,560,TRB,TRBV12-2+TRBV13-2,None,TRBJ2-4,None,True,True,CASGTGDTLYF,TGTGCCAGCGGTACGGGCGACACCTTGTACTTT,13322,16,clonotype200,clonotype200_consensus_1
TTTGCGCGTCTCCACT-1,True,TTTGCGCGTCTCCACT-1_contig_3,True,418,TRA,TRAV9D-3,None,TRAJ22,TRAC,True,False,CEHDPSGSWQLIF,TGTGAGCATGACCCTTCTGGCAGCTGGCAACTCATCTTT,4696,2,clonotype200,None
TTTGCGCTCAGCTCTC-1,True,TTTGCGCTCAGCTCTC-1_contig_1,True,512,TRB,TRBV26,None,TRBJ2-5,None,True,True,CASSRGTDTQYF,TGTGCCAGCAGCCGCGGGACCGACACCCAGTACTTT,886,1,clonotype42,clonotype42_consensus_1
TTTGCGCTCAGCTCTC-1,True,TTTGCGCTCAGCTCTC-1_contig_2,True,575,TRA,TRAV12-2,None,TRAJ37,TRAC,True,True,CALSPQTGNTGKLIF,TGTGCTTTGAGCCCCCAAACAGGCAATACCGGAAAACTCATCTTT,2148,2,clonotype42,clonotype42_consensus_2
TTTGCGCTCAGTCAGT-1,True,TTTGCGCTCAGTCAGT-1_contig_1,True,566,TRA,TRAV3-3,None,TRAJ49,TRAC,True,True,CAVSGSTGYQNFYF,TGCGCAGTCAGTGGGAGCACGGGTTACCAGAACTTCTATTTT,3618,2,clonotype5,clonotype5_consensus_1
TTTGCGCTCAGTCAGT-1,True,TTTGCGCTCAGTCAGT-1_contig_2,True,585,TRB,TRBV12-2+TRBV13-2,None,TRBJ2-7,None,True,True,CASGVQGWEQYF,TGTGCCAGCGGTGTACAGGGGTGGGAACAGTACTTC,5410,6,clonotype5,clonotype5_consensus_2
TTTGCGCTCAGTCAGT-1,True,TTTGCGCTCAGTCAGT-1_contig_3,True,539,TRA,TRAV6D-5,None,TRAJ38,TRAC,True,False,CTTVFWDNVGDNSKLIW,TGTACTACTGTGTTCTGGGATAATGTTGGTGACAACAGTAAGCTGATTTGG,1438,1,clonotype5,None
TTTGGTTAGAAACCAT-1,True,TTTGGTTAGAAACCAT-1_contig_1,True,540,TRA,TRAV8-1,None,TRAJ30,TRAC,True,True,CATDTNAYKVIF,TGTGCTACTGACACAAATGCTTACAAAGTCATCTTT,9000,5,clonotype13,clonotype13_consensus_1
TTTGGTTAGAAACCAT-1,True,TTTGGTTAGAAACCAT-1_contig_2,True,895,TRB,TRBV12-2+TRBV13-2,None,TRBJ1-5,TRBC1,True,True,CASGTGDNQAPLF,TGTGCCAGCGGGACAGGGGACAACCAGGCTCCGCTTTTT,4060,3,clonotype13,clonotype13_consensus_2
TTTGGTTAGAAACCAT-1,True,TTTGGTTAGAAACCAT-1_contig_3,True,556,TRA,TRAV4-3,None,TRAJ23,TRAC,True,False,None,None,2306,2,clonotype13,None
TTTGGTTCAAACCCAT-1,True,TTTGGTTCAAACCCAT-1_contig_1,True,512,TRB,TRBV13-1,None,TRBJ2-4,None,True,True,CASSEGTNTLYF,TGTGCCAGCAGTGAAGGAACAAACACCTTGTACTTT,2674,3,clonotype6,clonotype6_consensus_1
TTTGGTTCACTGCCAG-1,True,TTTGGTTCACTGCCAG-1_contig_1,True,549,TRB,TRBV16,None,TRBJ2-5,None,True,True,CASSLGGGQDTQYF,TGTGCAAGCAGCTTAGGGGGGGGGCAAGACACCCAGTACTTT,5258,3,clonotype11,clonotype11_consensus_2
TTTGGTTCACTGCCAG-1,True,TTTGGTTCACTGCCAG-1_contig_2,True,559,TRA,TRAV4D-3,None,TRAJ27,TRAC,True,True,CAADGPNTGKLTF,TGTGCTGCTGACGGGCCCAATACAGGCAAATTAACCTTT,3082,3,clonotype11,clonotype11_consensus_1
TTTGGTTCAGACAGGT-1,True,TTTGGTTCAGACAGGT-1_contig_1,True,566,TRA,TRAV3-3,None,TRAJ49,TRAC,True,True,CAVSGSTGYQNFYF,TGCGCAGTCAGTGGGAGCACGGGTTACCAGAACTTCTATTTT,6286,3,clonotype33,clonotype33_consensus_1
TTTGGTTCATCTACGA-1,True,TTTGGTTCATCTACGA-1_contig_1,True,449,TRB,TRBV13-1,None,TRBJ2-7,None,True,True,CASSGGHLEQYF,TGTGCCAGCAGTGGGGGACACCTTGAACAGTACTTC,600,1,clonotype122,clonotype122_consensus_2
TTTGGTTCATCTACGA-1,True,TTTGGTTCATCTACGA-1_contig_2,True,522,TRA,TRAV7N-6,None,TRAJ34,TRAC,True,True,CAISSNTNKVVF,TGTGCAATTTCTTCCAATACCAACAAAGTCGTCTTT,2906,2,clonotype122,clonotype122_consensus_1
TTTGGTTCATCTCGCT-1,True,TTTGGTTCATCTCGCT-1_contig_1,True,563,TRA,TRAV6-6,None,TRAJ24,TRAC,True,True,CAPLTTASLGKLQF,TGTGCTCCGTTGACAACTGCCAGTTTGGGGAAACTGCAGTTT,13334,8,clonotype3,clonotype3_consensus_2
TTTGGTTCATCTCGCT-1,True,TTTGGTTCATCTCGCT-1_contig_2,True,505,TRB,TRBV13-1,None,TRBJ2-4,None,True,True,CASSEGTNTLYF,TGTGCCAGCAGTGAAGGAACAAACACCTTGTACTTT,8810,7,clonotype3,clonotype3_consensus_1
TTTGGTTCATCTCGCT-1,True,TTTGGTTCATCTCGCT-1_contig_3,True,722,TRA,TRAV9D-2,None,TRAJ26,TRAC,True,True,CVLSRGNNYAQGLTF,TGTGTTCTGAGCAGGGGCAATAACTATGCCCAGGGATTAACCTTC,15496,6,clonotype3,clonotype3_consensus_3
TTTGGTTCATCTCGCT-1,True,TTTGGTTCATCTCGCT-1_contig_4,True,569,TRA,TRAV10D,None,TRAJ30,None,True,False,None,None,190,1,clonotype3,None
TTTGGTTGTTGTCTTT-1,True,TTTGGTTGTTGTCTTT-1_contig_1,True,504,TRB,TRBV13-1,None,TRBJ2-4,None,True,True,CASSEGTNTLYF,TGTGCCAGCAGTGAAGGAACAAACACCTTGTACTTT,2270,2,clonotype6,clonotype6_consensus_1
TTTGGTTGTTGTCTTT-1,True,TTTGGTTGTTGTCTTT-1_contig_2,True,400,TRA,TRAV9D-2,None,TRAJ26,TRAC,True,False,CVLSRGNNYAQGLTF,TGTGTTCTGAGCAGGGGCAATAACTATGCCCAGGGATTAACCTTC,3036,1,clonotype6,None
TTTGGTTTCCAAATGC-1,True,TTTGGTTTCCAAATGC-1_contig_1,True,549,TRB,TRBV16,None,TRBJ2-7,None,True,True,CASSLGGGLDEQYF,TGTGCAAGCAGCTTAGGGGGGGGGCTCGATGAACAGTACTTC,5044,6,clonotype26,clonotype26_consensus_1
TTTGGTTTCCAAATGC-1,True,TTTGGTTTCCAAATGC-1_contig_2,True,588,Multi,TRDV1,None,TRAJ45,TRAC,True,False,CGGTEGADRLTF,TGTGGAGGGACAGAAGGTGCAGATAGACTCACCTTT,2382,1,clonotype26,None
TTTGTCAAGGAATGGA-1,True,TTTGTCAAGGAATGGA-1_contig_1,True,534,TRA,TRAV8-1,None,TRAJ30,TRAC,True,True,CATDTNAYKVIF,TGTGCTACTGACACAAATGCTTACAAAGTCATCTTT,7294,6,clonotype551,clonotype551_consensus_1
TTTGTCAAGGAATGGA-1,True,TTTGTCAAGGAATGGA-1_contig_2,True,566,TRB,TRBV12-2+TRBV13-2,None,TRBJ2-1,None,True,True,CASERGALAEQFF,TGTGCCAGCGAAAGGGGGGCGCTGGCTGAGCAGTTCTTC,2258,2,clonotype551,clonotype551_consensus_3
TTTGTCAAGGAATGGA-1,True,TTTGTCAAGGAATGGA-1_contig_3,True,566,TRB,TRBV12-2+TRBV13-2,None,TRBJ1-5,TRBC1,True,True,CASGTGDNQAPLF,TGTGCCAGCGGGACAGGGGACAACCAGGCTCCGCTTTTT,6662,9,clonotype551,clonotype551_consensus_2
TTTGTCAAGTGAACAT-1,True,TTTGTCAAGTGAACAT-1_contig_1,True,561,TRA,TRAV4-3,None,TRAJ42,TRAC,True,True,CAADNSGGSNAKLTF,TGTGCTGCTGATAATTCTGGAGGAAGCAATGCAAAGCTAACCTTC,2508,2,clonotype29,clonotype29_consensus_2
TTTGTCAAGTGAACAT-1,True,TTTGTCAAGTGAACAT-1_contig_2,True,505,TRB,TRBV13-1,None,TRBJ2-1,None,True,True,CASGGAYAEQFF,TGTGCCAGCGGGGGGGCGTATGCTGAGCAGTTCTTC,4070,3,clonotype29,clonotype29_consensus_1
TTTGTCAAGTGAACAT-1,True,TTTGTCAAGTGAACAT-1_contig_3,True,566,TRA,TRAV12-2,None,TRAJ34,TRAC,True,True,CALSGNTNKVVF,TGTGCTTTGAGTGGCAATACCAACAAAGTCGTCTTT,9562,6,clonotype29,clonotype29_consensus_3
TTTGTCAAGTGAACAT-1,True,TTTGTCAAGTGAACAT-1_contig_4,True,468,TRB,TRBV12-1,None,TRBJ2-7,None,True,False,CQLFRQGREQYF,TGCCAGCTCTTCCGACAGGGGAGAGAACAGTACTTC,2172,1,clonotype29,None
TTTGTCACAGGATCGA-1,True,TTTGTCACAGGATCGA-1_contig_1,True,569,TRA,TRAV3D-3,None,TRAJ32,TRAC,True,True,CAVRPYGSSGNKLIF,TGCGCAGTCAGGCCTTATGGGAGCAGTGGCAACAAGCTCATCTTT,13202,9,clonotype59,clonotype59_consensus_1
TTTGTCACAGGATCGA-1,True,TTTGTCACAGGATCGA-1_contig_2,True,505,TRB,TRBV13-1,None,TRBJ2-1,None,True,True,CASSNNYAEQFF,TGTGCCAGCAGTAACAACTATGCTGAGCAGTTCTTC,12278,11,clonotype59,clonotype59_consensus_2
TTTGTCACAGGATCGA-1,True,TTTGTCACAGGATCGA-1_contig_3,True,533,TRB,TRBV10,None,TRBJ2-4,None,True,False,CASS*,TGTGCCAGCAGCTAA,1032,1,clonotype59,None
TTTGTCACAGGATCGA-1,True,TTTGTCACAGGATCGA-1_contig_4,True,425,TRA,TRAV6-6,None,TRAJ27,TRAC,True,False,None,None,5714,3,clonotype59,None
TTTGTCAGTAAGAGAG-1,True,TTTGTCAGTAAGAGAG-1_contig_1,True,518,TRA,TRAV6-6,None,TRAJ24,TRAC,True,True,CAPLTTASLGKLQF,TGTGCTCCGTTGACAACTGCCAGTTTGGGGAAACTGCAGTTT,1576,3,clonotype3,clonotype3_consensus_2
TTTGTCAGTAAGAGAG-1,True,TTTGTCAGTAAGAGAG-1_contig_2,True,505,TRB,TRBV13-1,None,TRBJ2-4,None,True,True,CASSEGTNTLYF,TGTGCCAGCAGTGAAGGAACAAACACCTTGTACTTT,21938,17,clonotype3,clonotype3_consensus_1
TTTGTCAGTAAGAGAG-1,True,TTTGTCAGTAAGAGAG-1_contig_3,True,669,TRA,TRAV9D-2,None,TRAJ26,TRAC,True,True,CVLSRGNNYAQGLTF,TGTGTTCTGAGCAGGGGCAATAACTATGCCCAGGGATTAACCTTC,4384,4,clonotype3,clonotype3_consensus_3
AAACCTGAGATGTGGC-1,False,AAACCTGAGATGTGGC-1_contig_1,False,563,TRB,TRBV12-2+TRBV13-2,None,TRBJ2-7,None,True,True,CASGTGGDYEQYF,TGTGCCAGCGGGACTGGGGGGGACTATGAACAGTACTTC,724,1,None,None
AAACCTGAGCGATAGC-1,False,AAACCTGAGCGATAGC-1_contig_1,False,555,TRA,TRAV4-3,None,TRAJ27,TRAC,True,True,CAAANTNTGKLTF,TGTGCTGCTGCTAACACCAATACAGGCAAATTAACCTTT,1190,1,None,None
AAACCTGAGCTAGGCA-1,False,AAACCTGAGCTAGGCA-1_contig_1,False,651,TRA,TRAV14N-3,None,TRAJ6,TRAC,True,True,CAARTSGGNYKPTF,TGTGCAGCAAGAACCTCAGGAGGAAACTACAAACCTACGTTT,1686,2,None,None
AAACCTGCAATGTAAG-1,False,AAACCTGCAATGTAAG-1_contig_1,False,549,TRB,TRBV16,None,TRBJ2-5,None,True,True,CASSLGGGQDTQYF,TGTGCAAGCAGCTTAGGGGGGGGCCAAGACACCCAGTACTTT,1060,1,None,None
AAACCTGGTAGCGTAG-1,False,AAACCTGGTAGCGTAG-1_contig_1,False,558,TRA,TRAV19,None,TRAJ39,TRAC,True,True,CAAGGNNAGAKLTF,TGCGCAGCAGGTGGGAATAATGCAGGTGCCAAGCTCACATTC,3064,2,None,None
AAACCTGGTATAGGTA-1,False,AAACCTGGTATAGGTA-1_contig_1,True,610,TRB,None,None,TRBJ1-1,TRBC1,False,False,None,None,1138,2,None,None
AAACCTGGTATAGGTA-1,False,AAACCTGGTATAGGTA-1_contig_2,True,308,TRA,TRAV3-3,None,TRAJ49,TRAC,True,False,CAVSGSTGYQNFYF,TGCGCAGTCAGTGGGAGCACGGGTTACCAGAACTTCTATTTT,4330,1,None,None
AAACCTGGTCGCGAAA-1,False,AAACCTGGTCGCGAAA-1_contig_1,False,607,TRB,TRBV16,None,TRBJ1-2,TRBC1,True,True,CASSSGTGNSDYTF,TGTGCAAGCAGCTCCGGGACAGGGAACTCCGACTACACCTTC,1702,1,None,None
AAACCTGGTGCACTTA-1,False,AAACCTGGTGCACTTA-1_contig_1,False,537,TRB,TRBV13-1,None,TRBJ2-1,None,True,False,CASGGGDYAEQFF,TGTGCCAGCGGGGGGGGAGACTATGCTGAGCAGTTCTTC,1146,1,None,None
AAACCTGGTTACGCGC-1,False,AAACCTGGTTACGCGC-1_contig_1,False,561,TRB,TRBV12-2+TRBV13-2,None,TRBJ2-7,None,True,True,CASGVQGWEQYF,TGTGCCAGCGGTGTACAGGGGTGGGAACAGTACTTC,1670,2,None,None
AAACCTGTCAGCCTAA-1,False,AAACCTGTCAGCCTAA-1_contig_1,False,563,TRB,TRBV12-2+TRBV13-2,None,TRBJ2-7,None,True,True,CASGTGGDYEQYF,TGTGCCAGCGGGACTGGGGGGGACTATGAACAGTACTTC,1062,1,None,None
AAACCTGTCAGCCTAA-1,False,AAACCTGTCAGCCTAA-1_contig_2,False,583,TRA,TRAV13D-4,None,TRAJ9,TRAC,True,False,None,None,1422,1,None,None
AAACCTGTCCGATATG-1,False,AAACCTGTCCGATATG-1_contig_1,False,549,TRA,TRAV8N-2,None,TRAJ13,TRAC,True,True,CATEDSGTYQRF,TGTGCTACTGAGGATTCTGGGACTTACCAGAGGTTT,1366,1,None,None
AAACCTGTCCGCTGTT-1,False,AAACCTGTCCGCTGTT-1_contig_1,False,306,TRB,None,None,TRBJ2-3,None,False,False,None,None,2932,1,None,None
AAACCTGTCGTACGGC-1,False,AAACCTGTCGTACGGC-1_contig_1,False,511,TRA,TRAV3D-3,None,TRAJ21,TRAC,True,False,None,None,1632,1,None,None
AAACCTGTCTTTACAC-1,False,AAACCTGTCTTTACAC-1_contig_1,False,509,TRB,TRBV13-1,None,TRBJ2-3,None,True,True,CASGDSAETLYF,TGTGCCAGCGGGGACAGTGCAGAAACGCTGTATTTT,1462,1,None,None
AAACGGGAGAGTAAGG-1,False,AAACGGGAGAGTAAGG-1_contig_1,False,522,TRB,TRBV12-2+TRBV13-2,None,TRBJ1-2,TRBC1,True,True,CASGGGTGNSDYTF,TGTGCCAGCGGTGGGGGGACAGGGAACTCCGACTACACCTTC,1406,1,None,None
AAACGGGAGCCAGTAG-1,False,AAACGGGAGCCAGTAG-1_contig_1,False,345,TRB,None,None,TRBJ2-7,None,False,False,None,None,3044,1,None,None
AAACGGGAGCTGATAA-1,False,AAACGGGAGCTGATAA-1_contig_1,False,563,TRB,TRBV12-2+TRBV13-2,None,TRBJ2-3,None,True,True,CASGDAPPGEGTLYF,TGTGCCAGCGGTGATGCACCTCCAGGGGAGGGAACGCTGTATTTT,1226,1,None,None
AAACGGGAGGCATGGT-1,False,AAACGGGAGGCATGGT-1_contig_1,False,588,TRA,TRAV7-4,None,TRAJ33,TRAC,True,True,CAARDSNYQLIW,TGTGCAGCTAGGGATAGCAACTATCAGTTGATCTGG,266,1,None,None
AAACGGGAGTTGAGTA-1,False,AAACGGGAGTTGAGTA-1_contig_1,False,685,TRB,TRBV12-2+TRBV13-2,None,TRBJ1-2,TRBC1,True,True,CASGGGTGNSDYTF,TGTGCCAGCGGTGGGGGGACAGGGAACTCCGACTACACCTTC,478,1,None,None
AAACGGGCACCTGGTG-1,False,AAACGGGCACCTGGTG-1_contig_1,False,387,TRB,None,None,TRBJ2-7,None,False,False,None,None,2112,1,None,None
AAACGGGCAGCTATTG-1,False,AAACGGGCAGCTATTG-1_contig_1,False,589,TRB,TRBV12-2+TRBV13-2,None,TRBJ1-2,TRBC1,True,True,CASGGGTGNSDYTF,TGTGCCAGCGGTGGGGGGACAGGGAACTCCGACTACACCTTC,3118,2,None,None
AAACGGGCAGTCACTA-1,False,AAACGGGCAGTCACTA-1_contig_1,False,309,TRB,None,None,TRBJ2-5,None,False,False,None,None,572,1,None,None
AAACGGGCAGTGGGAT-1,False,AAACGGGCAGTGGGAT-1_contig_1,False,506,TRB,TRBV13-1,None,TRBJ1-4,TRBC1,True,True,CASGTGANERLFF,TGTGCCAGCGGGACAGGGGCCAACGAAAGATTATTTTTC,1234,1,None,None
AAACGGGGTAGAGCTG-1,False,AAACGGGGTAGAGCTG-1_contig_1,False,555,TRA,TRAV3-3,None,TRAJ49,TRAC,True,True,CAVSGSTGYQNFYF,TGCGCAGTCAGTGGGAGCACGGGTTACCAGAACTTCTATTTT,4594,3,None,None
AAACGGGGTAGAGCTG-1,False,AAACGGGGTAGAGCTG-1_contig_2,False,555,TRA,TRAV3-3,None,TRAJ49,TRAC,True,True,CAVSGATGYQNFYF,TGCGCAGTCAGTGGGGCCACGGGTTACCAGAACTTCTATTTT,8364,5,None,None
AAACGGGGTAGAGCTG-1,False,AAACGGGGTAGAGCTG-1_contig_3,False,507,TRA,TRAV21-DV12,None,TRAJ42,TRAC,True,True,CILRVHGGSNAKLTF,TGTATCCTGAGAGTCCATGGAGGAAGCAATGCAAAGCTAACCTTC,9862,6,None,None
AAACGGGGTAGAGCTG-1,False,AAACGGGGTAGAGCTG-1_contig_4,False,560,TRB,TRBV12-2+TRBV13-2,None,TRBJ2-7,None,True,True,CASGVQGEQYF,TGTGCCAGCGGTGTTCAGGGAGAACAGTACTTC,3336,4,None,None
AAACGGGGTAGAGCTG-1,False,AAACGGGGTAGAGCTG-1_contig_5,False,563,TRB,TRBV12-2+TRBV13-2,None,TRBJ2-7,None,True,True,CASGVQGWEQYF,TGTGCCAGCGGTGTACAGGGGTGGGAACAGTACTTC,5710,4,None,None
AAACGGGGTAGAGCTG-1,False,AAACGGGGTAGAGCTG-1_contig_6,False,583,TRB,None,None,TRBJ2-5,None,False,False,None,None,4342,3,None,None
AAACGGGGTAGAGCTG-1,False,AAACGGGGTAGAGCTG-1_contig_7,False,568,TRB,None,None,TRBJ1-1,TRBC1,False,False,None,None,13532,12,None,None
AAACGGGGTAGAGCTG-1,False,AAACGGGGTAGAGCTG-1_contig_8,False,542,TRA,TRAV6D-5,None,TRAJ38,TRAC,True,False,CTTVFWDNVGDNSKLIW,TGTACTACTGTGTTCTGGGATAATGTTGGTGACAACAGTAAGCTGATTTGG,4106,4,None,None
AAACGGGGTATAAACG-1,False,AAACGGGGTATAAACG-1_contig_1,False,595,TRB,TRBV12-2+TRBV13-2,None,TRBJ1-2,TRBC1,True,True,CASGGGTGNSDYTF,TGTGCCAGCGGTGGGGGGACAGGGAACTCCGACTACACCTTC,1562,1,None,None
AAACGGGGTCATATCG-1,False,AAACGGGGTCATATCG-1_contig_1,False,591,TRB,TRBV12-2+TRBV13-2,None,TRBJ1-5,TRBC1,True,True,CASGTGDNQAPLF,TGTGCCAGCGGGACGGGGGACAACCAGGCTCCGCTTTTT,1702,1,None,None
AAACGGGGTCGGCATC-1,False,AAACGGGGTCGGCATC-1_contig_1,False,537,TRA,TRAV3-3,None,TRAJ49,TRAC,True,True,CAVSGATGYQNFYF,TGCGCAGTCAGTGGGGCCACGGGTTACCAGAACTTCTATTTT,2232,1,None,None
AAACGGGGTTCAGACT-1,False,AAACGGGGTTCAGACT-1_contig_1,False,505,TRB,TRBV13-1,None,TRBJ2-3,None,True,True,CASGDSAETLYF,TGTGCCAGCGGGGACAGTGCAGAAACGCTGTATTTT,936,1,None,None
AAACGGGGTTCCACTC-1,False,AAACGGGGTTCCACTC-1_contig_1,False,543,TRB,TRBV16,None,TRBJ2-5,None,True,True,CASSLGGGQDTQYF,TGTGCAAGCAGCTTAGGGGGGGGCCAAGACACCCAGTACTTT,1990,1,None,None
AAACGGGGTTTAAGCC-1,False,AAACGGGGTTTAAGCC-1_contig_1,False,549,TRB,TRBV16,None,TRBJ2-5,None,True,True,CASSLGGGQDTQYF,TGTGCAAGCAGCTTAGGGGGGGGCCAAGACACCCAGTACTTT,4350,2,None,None
AAACGGGGTTTAAGCC-1,False,AAACGGGGTTTAAGCC-1_contig_2,False,477,TRB,TRBV12-2+TRBV13-2,None,TRBJ1-3,None,True,True,CASGDGGTLYF,TGTGCCAGCGGTGATGGGGGGACGCTCTATTTT,1416,1,None,None
AAACGGGTCACATGCA-1,False,AAACGGGTCACATGCA-1_contig_1,False,549,TRB,TRBV16,None,TRBJ2-7,None,True,True,CASSFGGGADEQYF,TGTGCAAGCAGCTTTGGTGGGGGGGCGGATGAACAGTACTTC,1822,1,None,None
AAACGGGTCCAAGCCG-1,False,AAACGGGTCCAAGCCG-1_contig_1,False,529,TRA,TRAV14-2,None,TRAJ49,TRAC,True,True,CAAQGYQNFYF,TGTGCAGCACAGGGTTACCAGAACTTCTATTTT,2234,1,None,None
AAACGGGTCCAAGCCG-1,False,AAACGGGTCCAAGCCG-1_contig_2,False,508,TRA,TRAV1,None,TRAJ27,TRAC,True,False,None,None,2252,1,None,None
AAACGGGTCCCTCAGT-1,False,AAACGGGTCCCTCAGT-1_contig_1,False,516,TRA,TRAV19,None,TRAJ39,TRAC,True,True,CAAGGNNAGAKLTF,TGCGCAGCAGGTGGGAATAATGCAGGTGCCAAGCTCACATTC,1450,1,None,None
AAACGGGTCGCCCTTA-1,False,AAACGGGTCGCCCTTA-1_contig_1,False,512,TRB,TRBV13-1,None,TRBJ2-4,None,True,True,CASSEGTNTLYF,TGTGCCAGCAGTGAAGGAACAAACACCTTGTACTTT,1856,1,None,None
AAACGGGTCGTGGGAA-1,False,AAACGGGTCGTGGGAA-1_contig_1,False,543,TRB,TRBV10,None,TRBJ2-7,None,True,False,CASRLDWGAEQYF,TGTGCCAGCAGGCTCGACTGGGGGGCTGAACAGTACTTC,1748,1,None,None
AAACGGGTCTTGTCAT-1,False,AAACGGGTCTTGTCAT-1_contig_1,False,505,TRB,TRBV13-1,None,TRBJ2-5,None,True,True,CASSDGDDTQYF,TGTGCCAGCAGTGACGGGGACGACACCCAGTACTTT,1592,1,None,None
AAAGATGAGAAGCCCA-1,False,AAAGATGAGAAGCCCA-1_contig_1,False,556,TRA,TRAV19,None,TRAJ39,TRAC,True,True,CAAGGNNAGAKLTF,TGCGCAGCAGGTGGGAATAATGCAGGTGCCAAGCTCACATTC,6200,4,None,None
AAAGATGAGAAGCCCA-1,False,AAAGATGAGAAGCCCA-1_contig_2,False,499,TRB,TRBV12-2+TRBV13-2,None,TRBJ1-2,None,True,True,CASGGGTGNSDYTF,TGTGCCAGCGGTGGGGGGACAGGGAACTCCGACTACACCTTC,1440,1,None,None
AAAGATGAGAATGTGT-1,False,AAAGATGAGAATGTGT-1_contig_1,False,522,TRA,TRAV11,None,TRAJ11,TRAC,True,False,CVVDSGYNKLTF,TGTGTGGTGGACTCGGGATACAACAAACTCACTTTT,1864,1,None,None
AAAGATGAGATCCCGC-1,False,AAAGATGAGATCCCGC-1_contig_1,False,563,TRB,TRBV12-2+TRBV13-2,None,TRBJ2-7,None,True,True,CASGTGGDYEQYF,TGTGCCAGCGGGACTGGGGGGGACTATGAACAGTACTTC,1424,1,None,None
AAAGATGAGCCACCTG-1,False,AAAGATGAGCCACCTG-1_contig_1,False,525,TRB,TRBV17,None,TRBJ2-5,None,True,True,CASSRKGSQDTQYF,TGTGCTAGCAGTAGAAAGGGTTCTCAAGACACCCAGTACTTT,1276,1,None,None
AAAGATGAGTGCTGCC-1,False,AAAGATGAGTGCTGCC-1_contig_1,False,638,TRB,TRBV12-2+TRBV13-2,None,TRBJ1-2,TRBC1,True,True,CASGGGTGNSDYTF,TGTGCCAGCGGTGGGGGGACAGGGAACTCCGACTACACCTTC,1124,1,None,None
AAAGATGCAAGCCTAT-1,False,AAAGATGCAAGCCTAT-1_contig_1,False,331,TRB,None,None,TRBJ2-1,None,False,False,None,None,1858,1,None,None
AAAGATGCACACTGCG-1,False,AAAGATGCACACTGCG-1_contig_1,False,505,TRB,TRBV13-1,None,TRBJ2-4,None,True,True,CASSEGTNTLYF,TGTGCCAGCAGTGAAGGAACAAACACCTTGTACTTT,1558,1,None,None
AAAGATGCAGCTGTAT-1,False,AAAGATGCAGCTGTAT-1_contig_1,False,538,TRA,TRAV19,None,TRAJ39,TRAC,True,True,CAAGGNNAGAKLTF,TGCGCAGCAGGTGGGAATAATGCAGGTGCCAAGCTCACATTC,1952,1,None,None
AAAGATGCATAACCTG-1,False,AAAGATGCATAACCTG-1_contig_1,False,526,TRB,TRBV13-1,None,TRBJ2-3,None,True,False,CASGDSAETLYF,TGTGCCAGCGGGGACAGTGCAGAAACGCTGTATTTT,2474,1,None,None
AAAGATGCATTCACTT-1,False,AAAGATGCATTCACTT-1_contig_1,False,662,TRA,TRAV8N-2,None,TRAJ43,TRAC,True,False,CATDANNNNAPRV,TGTGCTACTGATGCCAACAACAACAATGCCCCACGAGTT,176,1,None,None
AAAGATGGTAAGAGGA-1,False,AAAGATGGTAAGAGGA-1_contig_1,False,575,TRA,TRAV3D-3,None,TRAJ28,TRAC,True,False,CTSAQSVRGTGSNRLTF,TGTACTTCTGCGCAGTCAGTGAGGGGCACTGGGAGTAACAGGCTCACTTTT,1416,1,None,None
AAAGATGGTAGATTAG-1,False,AAAGATGGTAGATTAG-1_contig_1,False,592,TRB,TRBV13-2,None,TRBJ2-7,None,True,False,CASGVQGGEQYF,TGTGCCAGCGGTGTGCAGGGGGGAGAACAGTACTTC,756,1,None,None
AAAGATGGTCATCCCT-1,False,AAAGATGGTCATCCCT-1_contig_1,False,502,TRB,TRBV13-1,None,TRBJ1-1,TRBC1,True,True,CASSDPAEVFF,TGTGCCAGCAGTGATCCAGCGGAAGTCTTCTTT,394,1,None,None
AAAGATGGTCATGCAT-1,False,AAAGATGGTCATGCAT-1_contig_1,False,557,TRA,TRAV4D-3,None,TRAJ17,TRAC,True,True,CAAPNSAGNKLTF,TGTGCTGCCCCCAACAGTGCAGGGAACAAGCTAACTTTT,1162,2,None,None
AAAGATGGTCATGCAT-1,False,AAAGATGGTCATGCAT-1_contig_2,False,640,TRB,TRBV12-2+TRBV13-2,None,TRBJ1-2,TRBC1,True,True,CASGGGTGNSDYTF,TGTGCCAGCGGTGGGGGGACAGGGAACTCCGACTACACCTTC,770,1,None,None
AAAGATGGTGAAGGCT-1,False,AAAGATGGTGAAGGCT-1_contig_1,False,449,TRB,TRBV16,None,TRBJ2-5,None,True,False,CASSLGGGQDTQYF,TGTGCAAGCAGCTTAGGGGGGGGCCAAGACACCCAGTACTTT,892,1,None,None
AAAGATGGTGAAGGCT-1,False,AAAGATGGTGAAGGCT-1_contig_2,False,429,TRB,TRBV13-1,None,TRBJ2-3,None,True,False,CASGDSAETLYF,TGTGCCAGCGGGGACAGTGCAGAAACGCTGTATTTT,1066,1,None,None
AAAGATGGTGTCCTCT-1,False,AAAGATGGTGTCCTCT-1_contig_1,False,518,TRA,TRAV19,None,TRAJ39,TRAC,True,True,CAAGGNNAGAKLTF,TGCGCAGCAGGTGGGAATAATGCAGGTGCCAAGCTCACATTC,2374,2,None,None
AAAGATGGTTCGCGAC-1,False,AAAGATGGTTCGCGAC-1_contig_1,False,532,TRA,TRAV8-1,None,TRAJ30,TRAC,True,True,CATDTNAYKVIF,TGTGCTACCGACACAAATGCATACAAAGTCATCTTT,58,1,None,None
AAAGATGGTTCTCATT-1,False,AAAGATGGTTCTCATT-1_contig_1,False,598,TRB,TRBV12-2+TRBV13-2,None,TRBJ2-7,None,True,True,CASGVQGWEQYF,TGTGCCAGCGGTGTACAGGGGTGGGAACAGTACTTC,1752,1,None,None
AAAGATGTCCAGGGCT-1,False,AAAGATGTCCAGGGCT-1_contig_1,False,557,TRB,TRBV12-2+TRBV13-2,None,TRBJ2-1,None,True,True,CASGGYAEQFF,TGTGCCAGCGGGGGCTATGCTGAGCAGTTCTTC,1060,1,None,None
AAAGATGTCTCGCATC-1,False,AAAGATGTCTCGCATC-1_contig_1,False,513,TRA,TRAV13D-2,None,TRAJ11,TRAC,True,True,CAIDLDSGYNKLTF,TGTGCTATAGATCTTGACTCGGGATACAACAAACTCACTTTT,1800,1,None,None
AAAGATGTCTCGTTTA-1,False,AAAGATGTCTCGTTTA-1_contig_1,False,370,TRB,None,None,TRBJ1-6,TRBC1,False,False,None,None,2458,1,None,None
AAAGATGTCTGCTTGC-1,False,AAAGATGTCTGCTTGC-1_contig_1,False,564,TRB,TRBV12-2+TRBV13-2,None,TRBJ1-2,TRBC1,True,True,CASGGGTGNSDYTF,TGTGCCAGCGGTGGGGGGACAGGGAACTCCGACTACACCTTC,564,3,None,None
AAAGCAAAGGCATTGG-1,False,AAAGCAAAGGCATTGG-1_contig_1,False,570,TRB,TRBV12-2+TRBV13-2,None,TRBJ1-2,TRBC1,True,True,CASGGGTGNSDYTF,TGTGCCAGCGGTGGGGGGACAGGGAACTCCGACTACACCTTC,2092,2,None,None
AAAGCAAAGTGTGGCA-1,False,AAAGCAAAGTGTGGCA-1_contig_1,False,492,TRB,TRBV31,None,TRBJ2-3,None,True,False,CAWSLLLGGSAETLYF,TGTGCCTGGAGTCTACTCCTGGGGGGAAGTGCAGAAACGCTGTATTTT,2214,1,None,None
AAAGCAACAATCGGTT-1,False,AAAGCAACAATCGGTT-1_contig_1,False,603,TRB,TRBV12-2+TRBV13-2,None,TRBJ1-2,TRBC1,True,True,CASGGGTGNSDYTF,TGTGCCAGCGGTGGGGGGACAGGGAACTCCGACTACACCTTC,1528,1,None,None
AAAGCAACACGGTAAG-1,False,AAAGCAACACGGTAAG-1_contig_1,False,496,TRB,TRBV13-1,None,TRBJ2-4,None,True,False,CASSEGTNTLYF,TGTGCCAGCAGTGAAGGAACAAACACTTTGTACTTT,1530,1,None,None
AAAGCAACAGTGACAG-1,False,AAAGCAACAGTGACAG-1_contig_1,False,597,TRB,TRBV13-1,None,TRBJ1-2,TRBC1,True,False,None,None,1466,1,None,None
AAAGCAACATGCGCAC-1,False,AAAGCAACATGCGCAC-1_contig_1,False,564,TRB,TRBV12-2+TRBV13-2,None,TRBJ1-2,TRBC1,True,True,CASGGGTGNSDYTF,TGTGCCAGCGGTGGGGGGACAGGGAACTCCGACTACACCTTC,844,1,None,None
AAAGCAAGTAGAGGAA-1,False,AAAGCAAGTAGAGGAA-1_contig_1,False,538,TRA,TRAV8-1,None,TRAJ30,TRAC,True,True,CATDTNAYKVIF,TGTGCTACTGACACAAATGCTTACAAAGTCATCTTT,824,2,None,None
AAAGCAAGTGTGCCTG-1,False,AAAGCAAGTGTGCCTG-1_contig_1,False,549,TRB,TRBV16,None,TRBJ2-7,None,True,True,CASSLGGGLDEQYF,TGTGCAAGCAGCTTAGGGGGGGGGCTCGATGAACAGTACTTC,534,1,None,None
AAAGCAATCAACGAAA-1,False,AAAGCAATCAACGAAA-1_contig_1,False,587,TRA,TRAV9D-4,None,TRAJ26,TRAC,True,False,CVLSRGNNYAQGLTF,TGTGTTCTGAGCAGGGGCAATAACTATGCCCAGGGATTAACCTTC,2222,1,None,None
AAAGCAATCATGCATG-1,False,AAAGCAATCATGCATG-1_contig_1,False,558,TRB,TRBV12-2+TRBV13-2,None,TRBJ2-7,None,True,True,CASGVQGEQYF,TGTGCCAGCGGTGTTCAGGGAGAACAGTACTTC,1564,1,None,None
AAAGCAATCATGCATG-1,False,AAAGCAATCATGCATG-1_contig_2,False,567,TRB,TRBV12-2+TRBV13-2,None,TRBJ1-2,TRBC1,True,True,CASGGGTGNSDYTF,TGTGCCAGCGGTGGGGGGACAGGGAACTCCGACTACACCTTC,1392,1,None,None
AAAGCAATCCAAGCCG-1,False,AAAGCAATCCAAGCCG-1_contig_1,False,518,TRA,TRAV19,None,TRAJ39,TRAC,True,True,CAAGGNNAGAKLTF,TGCGCAGCAGGTGGGAATAATGCAGGTGCCAAGCTCACATTC,1652,1,None,None
AAAGCAATCCAAGCCG-1,False,AAAGCAATCCAAGCCG-1_contig_2,False,589,TRB,TRBV12-2+TRBV13-2,None,TRBJ1-2,TRBC1,True,True,CASGGGTGNSDYTF,TGTGCCAGCGGTGGGGGGACAGGGAACTCCGACTACACCTTC,1710,1,None,None
AAAGCAATCCGTAGGC-1,False,AAAGCAATCCGTAGGC-1_contig_1,False,435,TRB,TRBV13-1,None,TRBJ2-2,None,True,False,CASSDPGQLYF,TGTGCCAGCAGTGACCCCGGGCAGCTCTACTTT,1930,1,None,None
AAAGCAATCGTCCAGG-1,False,AAAGCAATCGTCCAGG-1_contig_1,False,561,TRB,TRBV12-2+TRBV13-2,None,TRBJ2-7,None,True,True,CASGVQGWEQYF,TGTGCCAGCGGTGTACAGGGGTGGGAACAGTACTTC,1910,1,None,None
AAAGCAATCTCGCTTG-1,False,AAAGCAATCTCGCTTG-1_contig_1,False,582,TRB,TRBV12-2+TRBV13-2,None,TRBJ1-2,TRBC1,True,True,CASGGGTGNSDYTF,TGTGCCAGCGGTGGGGGGACAGGGAACTCCGACTACACCTTC,1434,1,None,None
AAAGCAATCTCTGAGA-1,False,AAAGCAATCTCTGAGA-1_contig_1,False,534,TRA,TRAV19,None,TRAJ39,TRAC,True,True,CAAGGNNAGAKLTF,TGCGCAGCAGGTGGGAATAATGCAGGTGCCAAGCTCACATTC,2108,1,None,None
AAAGCAATCTGCTGCT-1,False,AAAGCAATCTGCTGCT-1_contig_1,False,508,TRB,TRBV13-1,None,TRBJ2-1,None,True,True,CASGGGDYAEQFF,TGTGCCAGCGGGGGGGGAGACTATGCTGAGCAGTTCTTC,2278,1,None,None
AAAGCAATCTTGCATT-1,False,AAAGCAATCTTGCATT-1_contig_1,False,505,TRB,TRBV13-1,None,TRBJ2-5,None,True,True,CASSDGDDTQYF,TGTGCCAGCAGTGACGGGGACGACACCCAGTACTTT,1530,1,None,None
AAAGTAGAGACGCAAC-1,False,AAAGTAGAGACGCAAC-1_contig_1,False,538,TRA,TRAV8-1,None,TRAJ17,TRAC,True,True,CATHSAGNKLTF,TGTGCTACTCACAGTGCAGGGAACAAGCTAACTTTT,1802,1,None,None
AAAGTAGAGCAATATG-1,False,AAAGTAGAGCAATATG-1_contig_1,False,505,TRB,TRBV13-1,None,TRBJ2-4,None,True,True,CASSEGTNTLYF,TGTGCCAGCAGTGAAGGAACAAACACCTTGTACTTT,1358,1,None,None
AAAGTAGAGCCCAACC-1,False,AAAGTAGAGCCCAACC-1_contig_1,False,566,TRB,TRBV12-2+TRBV13-2,None,TRBJ1-2,TRBC1,True,True,CASGGGTGNSDYTF,TGTGCCAGCGGTGGGGGGACAGGGAACTCCGACTACACCTTC,192,1,None,None
AAAGTAGAGCGATTCT-1,False,AAAGTAGAGCGATTCT-1_contig_1,False,593,TRA,TRAV19,None,TRAJ39,TRAC,True,True,CAAGGNNAGAKLTF,TGCGCAGCAGGTGGGAATAATGCAGGTGCCAAGCTCACATTC,11508,7,None,None
AAAGTAGAGCGATTCT-1,False,AAAGTAGAGCGATTCT-1_contig_2,False,605,TRB,TRBV12-2+TRBV13-2,None,TRBJ1-2,TRBC1,True,True,CASGGGTGNSDYTF,TGTGCCAGCGGTGGGGGGACAGGGAACTCCGACTACACCTTC,14808,13,None,None
AAAGTAGAGCGATTCT-1,False,AAAGTAGAGCGATTCT-1_contig_3,False,562,TRB,TRBV12-2+TRBV13-2,None,TRBJ1-5,TRBC1,True,True,CASGTGDNQAPLF,TGTGCCAGCGGGACAGGGGACAACCAGGCTCCGCTTTTT,1138,1,None,None
AAAGTAGAGCGATTCT-1,False,AAAGTAGAGCGATTCT-1_contig_4,True,359,TRB,None,None,TRBJ2-1,None,False,False,None,None,6160,3,None,None
AAAGTAGAGCGATTCT-1,False,AAAGTAGAGCGATTCT-1_contig_5,True,500,TRA,TRAV7-5,None,TRAJ45,TRAC,True,False,CSDTEGADRLTF,TGCAGTGATACAGAAGGTGCAGATAGACTCACCTTT,708,1,None,None
AAAGTAGAGCGATTCT-1,False,AAAGTAGAGCGATTCT-1_contig_6,True,417,TRA,None,None,TRAJ17,TRAC,False,False,None,None,2852,3,None,None
AAAGTAGAGCTACCTA-1,False,AAAGTAGAGCTACCTA-1_contig_1,False,587,TRB,TRBV13-1,None,TRBJ1-4,TRBC1,True,True,CASGTGANERLFF,TGTGCCAGCGGGACAGGGGCCAACGAAAGATTATTTTTC,1378,1,None,None
AAAGTAGAGGGCACTA-1,False,AAAGTAGAGGGCACTA-1_contig_1,False,584,TRB,TRBV26,None,TRBJ1-1,TRBC1,True,True,CASSRGNTEVFF,TGTGCCAGCAGCCGCGGAAACACAGAAGTCTTCTTT,1976,1,None,None
AAAGTAGAGTCAAGCG-1,False,AAAGTAGAGTCAAGCG-1_contig_1,False,570,TRA,TRAV14-2,None,TRAJ32,TRAC,True,True,CAASGSSGNKLIF,TGTGCAGCAAGTGGGAGCAGTGGCAACAAGCTCATCTTT,848,1,None,None
AAAGTAGAGTGGGTTG-1,False,AAAGTAGAGTGGGTTG-1_contig_1,False,508,TRB,TRBV13-1,None,TRBJ2-1,None,True,False,CASSDNYAEQFF,TGTGCCAGCAGTGACAACTATGCTGAGCAGTTCTTC,2514,1,None,None
AAAGTAGAGTTACCCA-1,False,AAAGTAGAGTTACCCA-1_contig_1,False,560,TRB,TRBV12-2+TRBV13-2,None,TRBJ1-2,TRBC1,True,True,CASGGGTGNSDYTF,TGTGCCAGCGGTGGGGGGACAGGGAACTCCGACTACACCTTC,704,1,None,None
AAAGTAGCAAACTGTC-1,False,AAAGTAGCAAACTGTC-1_contig_1,False,415,TRB,None,None,TRBJ1-6,TRBC1,False,False,None,None,2298,1,None,None
AAAGTAGCAAGCGCTC-1,False,AAAGTAGCAAGCGCTC-1_contig_1,False,511,TRA,TRAV4D-3,None,TRAJ27,TRAC,True,True,CAADGPNTGKLTF,TGTGCTGCGGACGGACCCAATACAGGCAAATTAACCTTT,1092,1,None,None
AAAGTAGCAATGGAGC-1,False,AAAGTAGCAATGGAGC-1_contig_1,False,341,TRB,TRBV31,None,TRBJ2-1,None,True,False,None,None,840,1,None,None
AAAGTAGCAGACTCGC-1,False,AAAGTAGCAGACTCGC-1_contig_1,False,503,TRB,TRBV26,None,TRBJ2-5,None,True,True,CASSRGTDTQYF,TGTGCCAGCAGCCGCGGGACCGACACCCAGTACTTT,1320,1,None,None
AAAGTAGCAGTTAACC-1,False,AAAGTAGCAGTTAACC-1_contig_1,False,512,TRB,TRBV13-1,None,TRBJ2-4,None,True,True,CASSEGTNTLYF,TGTGCCAGCAGTGAAGGAACAAACACCTTGTACTTT,1426,1,None,None
AAAGTAGCATCCCACT-1,False,AAAGTAGCATCCCACT-1_contig_1,False,507,TRB,TRBV13-1,None,TRBJ2-3,None,True,True,CASGDSAETLYF,TGTGCCAGCGGGGACAGTGCAGAAACGCTGTATTTT,398,1,None,None
AAAGTAGCATCCCACT-1,False,AAAGTAGCATCCCACT-1_contig_2,False,561,TRB,TRBV12-2+TRBV13-2,None,TRBJ1-2,TRBC1,True,True,CASGGGTGNSDYTF,TGTGCCAGCGGTGGGGGGACAGGGAACTCCGACTACACCTTC,284,1,None,None
AAAGTAGCATTTGCTT-1,False,AAAGTAGCATTTGCTT-1_contig_1,False,525,TRB,TRBV17,None,TRBJ2-5,None,True,True,CASSRKGSQDTQYF,TGTGCTAGCAGTAGAAAGGGTTCTCAAGACACCCAGTACTTT,406,1,None,None
AAAGTAGGTAGCACGA-1,False,AAAGTAGGTAGCACGA-1_contig_1,False,552,TRB,TRBV16,None,TRBJ2-4,None,True,True,CASSSPWGGQNTLYF,TGTGCAAGCAGCTCCCCCTGGGGGGGTCAAAACACCTTGTACTTT,29218,28,None,None
AAAGTAGGTAGCACGA-1,False,AAAGTAGGTAGCACGA-1_contig_2,False,566,TRA,TRAV14D-2,None,TRAJ13,TRAC,True,True,CAATSANSGTYQRF,TGTGCAGCAACCTCTGCAAATTCTGGGACTTACCAGAGGTTT,3564,3,None,None
AAAGTAGGTAGCACGA-1,False,AAAGTAGGTAGCACGA-1_contig_3,False,505,TRB,TRBV13-1,None,TRBJ2-4,None,True,True,CASSEGTNTLYF,TGTGCCAGCAGTGAAGGAACAAACACCTTGTACTTT,12506,13,None,None
AAAGTAGGTAGCACGA-1,False,AAAGTAGGTAGCACGA-1_contig_4,False,573,TRB,TRBV12-2+TRBV13-2,None,TRBJ2-7,None,True,True,CASGDGWGVKYF,TGTGCCAGCGGTGATGGCTGGGGGGTGAAGTACTTC,19390,22,None,None
AAAGTAGGTAGCACGA-1,False,AAAGTAGGTAGCACGA-1_contig_5,False,586,TRA,TRAV12D-2,None,TRAJ24,TRAC,True,True,CAFPASLGKLQF,TGTGCTTTTCCTGCCAGTTTGGGGAAACTGCAGTTT,9452,9,None,None
AAAGTAGGTAGCACGA-1,False,AAAGTAGGTAGCACGA-1_contig_6,False,390,TRA,TRAV6-6,None,TRAJ24,TRAC,True,False,None,None,1540,1,None,None
AAAGTAGGTATTAGCC-1,False,AAAGTAGGTATTAGCC-1_contig_1,False,427,TRB,None,None,TRBJ2-1,None,False,False,None,None,996,1,None,None
AAAGTAGGTCCTGCTT-1,False,AAAGTAGGTCCTGCTT-1_contig_1,False,486,TRA,TRAV3-3,None,TRAJ49,None,True,True,CAVSGATGYQNFYF,TGCGCAGTCAGTGGGGCCACGGGTTACCAGAACTTCTATTTT,2210,1,None,None
AAAGTAGGTGCCTGTG-1,False,AAAGTAGGTGCCTGTG-1_contig_1,False,560,TRB,TRBV12-2+TRBV13-2,None,TRBJ2-7,None,True,True,CASGVQGWEQYF,TGTGCCAGCGGTGTACAGGGGTGGGAACAGTACTTC,1366,1,None,None
AAAGTAGGTGGGTATG-1,False,AAAGTAGGTGGGTATG-1_contig_1,False,601,TRB,TRBV13-1,None,TRBJ2-5,None,True,False,CASSDGDDTQYF,TGTGCCAGCAGTGACGGGGACGACACCCAGTACTTT,1592,1,None,None
AAAGTAGTCACTCCTG-1,False,AAAGTAGTCACTCCTG-1_contig_1,False,525,TRA,TRAV7N-6,None,TRAJ30,TRAC,True,True,CAVVDTNAYKVIF,TGTGCAGTGGTTGACACAAATGCTTACAAAGTCATCTTT,1860,1,None,None
AAAGTAGTCGCCAAAT-1,False,AAAGTAGTCGCCAAAT-1_contig_1,False,568,TRB,TRBV12-2+TRBV13-2,None,TRBJ1-2,TRBC1,True,True,CASGGGTGNSDYTF,TGTGCCAGCGGTGGGGGGACAGGGAACTCCGACTACACCTTC,1816,1,None,None
AAAGTAGTCGCTTGTC-1,False,AAAGTAGTCGCTTGTC-1_contig_1,False,565,TRB,TRBV12-2+TRBV13-2,None,TRBJ1-5,TRBC1,True,True,CASGTGDNQAPLF,TGTGCCAGCGGTACAGGGGACAACCAGGCTCCGCTTTTT,1092,1,None,None
AAAGTAGTCGTACGGC-1,False,AAAGTAGTCGTACGGC-1_contig_1,False,527,TRB,TRBV13-2,None,TRBJ2-7,None,True,True,CASGALWEQYF,TGTGCCAGCGGGGCTCTATGGGAACAGTACTTC,1620,1,None,None
AAAGTAGTCTATCGCC-1,False,AAAGTAGTCTATCGCC-1_contig_1,False,436,TRB,TRBV12-2+TRBV13-2,None,None,TRBC1,False,False,None,None,1376,1,None,None
AAATGCCAGATATGGT-1,False,AAATGCCAGATATGGT-1_contig_1,False,627,TRB,None,None,TRBJ1-2,TRBC1,False,False,None,None,1560,1,None,None
AAATGCCAGCTTCGCG-1,False,AAATGCCAGCTTCGCG-1_contig_1,False,568,TRB,TRBV12-2+TRBV13-2,None,TRBJ1-2,TRBC1,True,True,CASGGGTGNSDYTF,TGTGCCAGCGGTGGGGGGACAGGGAACTCCGACTACACCTTC,822,1,None,None
AAATGCCAGGATGCGT-1,False,AAATGCCAGGATGCGT-1_contig_1,False,565,TRB,TRBV12-2+TRBV13-2,None,TRBJ2-7,None,True,True,CASGVQGEQYF,TGTGCCAGCGGTGTTCAGGGAGAACAGTACTTC,1456,1,None,None
AAATGCCAGGGAACGG-1,False,AAATGCCAGGGAACGG-1_contig_1,False,566,TRB,TRBV12-2+TRBV13-2,None,TRBJ1-2,TRBC1,True,True,CASGGGTGNSDYTF,TGTGCCAGCGGTGGGGGGACAGGGAACTCCGACTACACCTTC,944,1,None,None
AAATGCCAGGTAGCCA-1,False,AAATGCCAGGTAGCCA-1_contig_1,False,549,TRB,TRBV16,None,TRBJ2-5,None,True,True,CASSLGGGQDTQYF,TGTGCAAGCAGCTTAGGGGGGGGCCAAGACACCCAGTACTTT,1924,1,None,None
AAATGCCAGTGGCACA-1,False,AAATGCCAGTGGCACA-1_contig_1,False,568,TRB,TRBV12-2+TRBV13-2,None,TRBJ1-2,TRBC1,True,True,CASGGGTGNSDYTF,TGTGCCAGCGGTGGGGGGACAGGGAACTCCGACTACACCTTC,1130,1,None,None
AAATGCCCACCGAAAG-1,False,AAATGCCCACCGAAAG-1_contig_1,False,532,TRB,TRBV12-2+TRBV13-2,None,TRBJ1-2,None,True,True,CASGGGTGNSDYTF,TGTGCCAGCGGTGGGGGGACAGGGAACTCCGACTACACCTTC,344,1,None,None
AAATGCCCACCTGGTG-1,False,AAATGCCCACCTGGTG-1_contig_1,False,549,TRB,TRBV16,None,TRBJ2-5,None,True,True,CASSLGGGQDTQYF,TGTGCAAGCAGCTTAGGGGGGGGCCAAGACACCCAGTACTTT,1280,1,None,None
AAATGCCCACGAGAGT-1,False,AAATGCCCACGAGAGT-1_contig_1,False,549,TRA,TRAV16D-DV11,None,TRAJ16,TRAC,True,True,CAMREIASSGQKLVF,TGTGCTATGAGAGAGATAGCTTCAAGTGGCCAGAAGCTGGTTTTT,2862,3,None,None
AAATGCCCACGAGAGT-1,False,AAATGCCCACGAGAGT-1_contig_2,False,558,TRA,TRAV19,None,TRAJ39,TRAC,True,True,CAAGGNNAGAKLTF,TGCGCAGCAGGTGGGAATAATGCAGGTGCCAAGCTCACATTC,12626,14,None,None
AAATGCCCACGAGAGT-1,False,AAATGCCCACGAGAGT-1_contig_3,False,527,TRB,TRBV15,None,TRBJ2-2,None,True,True,CASSLRQGKGTGQLYF,TGTGCCAGCAGTTTAAGGCAGGGGAAGGGCACCGGGCAGCTCTACTTT,20548,13,None,None
AAATGCCCACGAGAGT-1,False,AAATGCCCACGAGAGT-1_contig_4,False,569,TRB,TRBV12-2+TRBV13-2,None,TRBJ1-2,TRBC1,True,True,CASGGGTGNSDYTF,TGTGCCAGCGGTGGGGGGACAGGGAACTCCGACTACACCTTC,10858,9,None,None
AAATGCCCACGAGAGT-1,False,AAATGCCCACGAGAGT-1_contig_5,False,569,TRB,TRBV13-3,None,TRBJ1-6,TRBC1,True,True,CASSEHGQYNSPLYF,TGTGCCAGCAGTGAACACGGACAATATAATTCGCCCCTCTACTTT,19470,17,None,None
AAATGCCCACGAGAGT-1,False,AAATGCCCACGAGAGT-1_contig_6,False,634,TRB,None,None,TRBJ2-7,None,False,False,None,None,8120,9,None,None
AAATGCCCACGAGAGT-1,False,AAATGCCCACGAGAGT-1_contig_7,False,497,TRA,TRAV7-5,None,TRAJ45,TRAC,True,False,CSDTEGADRLTF,TGCAGTGATACAGAAGGTGCAGATAGACTCACCTTT,1926,1,None,None
AAATGCCCAGATTGCT-1,False,AAATGCCCAGATTGCT-1_contig_1,False,714,TRA,TRAV3-3,None,TRAJ49,TRAC,True,False,CAVSGSTGYQNFYF,TGCGCAGTCAGTGGGAGCACGGGTTACCAGAACTTCTATTTT,1454,1,None,None
AAATGCCCATTGGGCC-1,False,AAATGCCCATTGGGCC-1_contig_1,False,563,TRB,TRBV12-2+TRBV13-2,None,TRBJ2-7,None,True,True,CASGVQGWEQYF,TGTGCCAGCGGTGTACAGGGGTGGGAACAGTACTTC,1626,1,None,None
AAATGCCGTACATGTC-1,False,AAATGCCGTACATGTC-1_contig_1,False,462,TRB,TRBV16,None,TRBJ2-5,None,True,True,CASSLGGGQDTQYF,TGTGCAAGCAGCTTAGGGGGGGGGCAAGACACCCAGTACTTT,518,1,None,None
AAATGCCGTACATGTC-1,False,AAATGCCGTACATGTC-1_contig_2,False,493,TRB,TRBV12-2+TRBV13-2,None,TRBJ2-7,None,True,False,CASGVQGWEQYF,TGTGCCAGCGGTGTACAGGGGTGGGAACAGTACTTC,1850,1,None,None
AAATGCCGTCGAGTTT-1,False,AAATGCCGTCGAGTTT-1_contig_1,False,565,TRA,TRAV8-1,None,TRAJ34,TRAC,True,True,CATDVSNTNKVVF,TGTGCTACTGATGTTTCCAATACCAACAAAGTCGTCTTT,852,1,None,None
AAATGCCGTCGAGTTT-1,False,AAATGCCGTCGAGTTT-1_contig_2,False,525,TRA,TRAV7N-6,None,TRAJ30,TRAC,True,True,CAVVDTNAYKVIF,TGTGCAGTGGTTGACACAAATGCTTACAAAGTCATCTTT,1762,1,None,None
AAATGCCGTCTAGAGG-1,False,AAATGCCGTCTAGAGG-1_contig_1,False,539,TRB,TRBV13-2,None,TRBJ1-2,TRBC1,True,True,CASGGGTGNSDYTF,TGTGCCAGCGGTGGGGGGACAGGGAACTCCGACTACACCTTC,1742,1,None,None
AAATGCCGTCTCATCC-1,False,AAATGCCGTCTCATCC-1_contig_1,False,535,TRB,TRBV16,None,TRBJ2-5,None,True,True,CASSLGGGQDTQYF,TGTGCAAGCAGCTTAGGGGGGGGCCAAGACACCCAGTACTTT,1060,1,None,None
AAATGCCGTCTTGATG-1,False,AAATGCCGTCTTGATG-1_contig_1,False,527,TRB,TRBV15,None,TRBJ1-3,TRBC1,True,True,CASSLNRGSSGNTLYF,TGTGCCAGCAGTTTAAACAGGGGGAGTTCTGGAAATACGCTCTATTTT,1306,1,None,None
AAATGCCGTGATAAAC-1,False,AAATGCCGTGATAAAC-1_contig_1,False,566,TRB,TRBV12-2+TRBV13-2,None,TRBJ2-7,None,True,True,CASGVQGWEQYF,TGTGCCAGCGGTGTACAGGGGTGGGAACAGTACTTC,214,1,None,None
AAATGCCGTTCTGTTT-1,False,AAATGCCGTTCTGTTT-1_contig_1,False,407,TRB,TRBV13-1,None,TRBJ1-4,TRBC1,True,False,CASSGGERLFF,TGTGCCAGCAGTGGGGGCGAAAGATTATTTTTC,1492,2,None,None
AAATGCCTCAACTCTT-1,False,AAATGCCTCAACTCTT-1_contig_1,False,365,TRB,None,None,TRBJ2-7,None,False,False,None,None,1620,1,None,None
AAATGCCTCAGGTTCA-1,False,AAATGCCTCAGGTTCA-1_contig_1,False,538,TRA,TRAV3D-3,None,TRAJ28,TRAC,True,False,CTSAQSVRGTGSNRLTF,TGTACTTCTGCGCAGTCAGTGAGGGGCACTGGGAGTAACAGGCTCACTTTT,1462,1,None,None
AAATGCCTCCTACAGA-1,False,AAATGCCTCCTACAGA-1_contig_1,False,549,TRB,TRBV16,None,TRBJ2-5,None,True,True,CASSLGGGQDTQYF,TGTGCAAGCAGCTTAGGGGGGGGCCAAGACACCCAGTACTTT,1586,1,None,None
AAATGCCTCCTTCAAT-1,False,AAATGCCTCCTTCAAT-1_contig_1,False,572,TRB,TRBV12-1,None,TRBJ2-4,None,True,True,CASSEGTNTLYF,TGTGCCAGCAGTGAAGGAACAAACACCTTGTACTTT,1884,1,None,None
AAATGCCTCGAACTGT-1,False,AAATGCCTCGAACTGT-1_contig_1,False,383,TRA,TRAV9D-2,None,None,TRAC,False,False,None,None,1554,1,None,None
AAATGCCTCGAGGTAG-1,False,AAATGCCTCGAGGTAG-1_contig_1,False,584,TRA,TRAV9D-4,None,TRAJ22,TRAC,True,False,None,None,2308,1,None,None
AAATGCCTCGCCAGCA-1,False,AAATGCCTCGCCAGCA-1_contig_1,False,590,TRB,TRBV12-2+TRBV13-2,None,TRBJ1-5,TRBC1,True,True,CASGTGDNQAPLF,TGTGCCAGCGGTACAGGGGACAACCAGGCTCCGCTTTTT,1362,1,None,None
AAATGCCTCTCCAACC-1,False,AAATGCCTCTCCAACC-1_contig_1,False,427,TRB,TRBV13-2,None,TRBJ1-5,TRBC1,True,False,CASGTGDNQAPLF,TGTGCCAGCGGGACCGGGGACAACCAGGCTCCGCTTTTT,1678,1,None,None
AAATGCCTCTCCTATA-1,False,AAATGCCTCTCCTATA-1_contig_1,False,427,TRB,None,None,TRBJ2-1,None,False,False,None,None,584,1,None,None
AAATGCCTCTGTTGAG-1,False,AAATGCCTCTGTTGAG-1_contig_1,False,549,TRB,TRBV16,None,TRBJ2-7,None,True,True,CASSFGGGADEQYF,TGTGCAAGCAGCTTTGGTGGGGGGGCGGATGAACAGTACTTC,17404,23,None,None
AAATGCCTCTGTTGAG-1,False,AAATGCCTCTGTTGAG-1_contig_2,False,549,TRA,TRAV13D-2,None,TRAJ11,TRAC,True,True,CAIDLDSGYNKLTF,TGTGCTATAGATCTTGACTCGGGATACAACAAACTCACTTTT,8326,9,None,None
AAATGCCTCTGTTGAG-1,False,AAATGCCTCTGTTGAG-1_contig_3,False,558,TRA,TRAV19,None,TRAJ39,TRAC,True,True,CAAGGNNAGAKLTF,TGCGCAGCAGGTGGGAATAATGCAGGTGCCAAGCTCACATTC,8804,8,None,None
AAATGCCTCTGTTGAG-1,False,AAATGCCTCTGTTGAG-1_contig_4,False,603,TRB,TRBV12-2+TRBV13-2,None,TRBJ1-2,TRBC1,True,True,CASGGGTGNSDYTF,TGTGCCAGCGGTGGGGGGACAGGGAACTCCGACTACACCTTC,33178,43,None,None
AAATGCCTCTGTTGAG-1,False,AAATGCCTCTGTTGAG-1_contig_5,True,352,TRB,None,None,TRBJ2-1,None,False,False,None,None,1148,2,None,None
AAATGCCTCTGTTGAG-1,False,AAATGCCTCTGTTGAG-1_contig_6,True,516,TRA,TRAV7-5,None,TRAJ45,TRAC,True,False,CSDTEGADRLTF,TGCAGTGATACAGAAGGTGCAGATAGACTCACCTTT,2866,2,None,None
AACACGTAGAGGTTGC-1,False,AACACGTAGAGGTTGC-1_contig_1,False,565,TRB,TRBV12-2+TRBV13-2,None,TRBJ2-7,None,True,True,CASGVQGWEQYF,TGTGCCAGCGGTGTACAGGGGTGGGAACAGTACTTC,516,1,None,None
AACACGTAGCTGTTCA-1,False,AACACGTAGCTGTTCA-1_contig_1,False,564,TRB,TRBV12-2+TRBV13-2,None,TRBJ1-2,TRBC1,True,True,CASGGGTGNSDYTF,TGTGCCAGCGGTGGGGGGACAGGGAACTCCGACTACACCTTC,696,1,None,None
AACACGTAGGAGCGAG-1,False,AACACGTAGGAGCGAG-1_contig_1,False,558,TRA,TRAV3D-3,None,TRAJ21,TRAC,True,False,CTSAQSGPCNVLYF,TGTACTTCTGCGCAGTCAGGCCCCTGCAACGTGCTTTACTTC,1830,1,None,None
AACACGTAGTGTGGCA-1,False,AACACGTAGTGTGGCA-1_contig_1,False,560,TRB,TRBV12-2+TRBV13-2,None,TRBJ2-5,None,True,True,CASGVQGDTQYF,TGTGCCAGCGGTGTTCAGGGGGACACCCAGTACTTT,1324,1,None,None
AACACGTAGTGTGGCA-1,False,AACACGTAGTGTGGCA-1_contig_2,False,562,TRA,TRAV4D-3,None,TRAJ27,TRAC,True,True,CAADGPNTGKLTF,TGTGCTGCTGACGGGCCCAATACAGGCAAATTAACCTTT,1792,1,None,None
AACACGTCAAGAAAGG-1,False,AACACGTCAAGAAAGG-1_contig_1,False,509,TRB,TRBV13-1,None,TRBJ2-3,None,True,True,CASGDSAETLYF,TGTGCCAGCGGGGACAGTGCAGAAACGCTGTATTTT,602,1,None,None
AACACGTCAAGAGGCT-1,False,AACACGTCAAGAGGCT-1_contig_1,False,557,TRB,TRBV13-2,None,TRBJ1-5,TRBC1,True,True,CASGDPAPLF,TGTGCCAGCGGTGATCCGGCTCCGCTTTTT,2174,1,None,None
AACACGTCACCAGGTC-1,False,AACACGTCACCAGGTC-1_contig_1,False,375,TRB,None,None,TRBJ1-6,TRBC1,False,False,None,None,1146,1,None,None
AACACGTCATCACGAT-1,False,AACACGTCATCACGAT-1_contig_1,False,549,TRB,TRBV13-2,None,TRBJ1-2,TRBC1,True,True,CASGGGTGNSDYTF,TGTGCCAGCGGTGGGGGGACAGGGAACTCCGACTACACCTTC,1808,3,None,None
AACACGTCATCACGAT-1,False,AACACGTCATCACGAT-1_contig_2,True,317,TRA,TRAV7-5,None,TRAJ45,TRAC,True,False,CSDTEGADRLTF,TGCAGTGATACAGAAGGTGCAGATAGACTCACCTTT,2914,1,None,None
AACACGTCATGTCGAT-1,False,AACACGTCATGTCGAT-1_contig_1,False,458,TRB,TRBV5,None,TRBJ1-5,TRBC1,True,False,CASSHPGQNNQAPLF,TGTGCCAGCAGCCACCCGGGACAGAACAACCAGGCTCCGCTTTTT,228,2,None,None
AACACGTGTACTTGAC-1,False,AACACGTGTACTTGAC-1_contig_1,False,565,TRB,TRBV12-2+TRBV13-2,None,TRBJ1-5,TRBC1,True,True,CASGTGDNQAPLF,TGTGCCAGCGGTACAGGGGATAACCAGGCTCCGCTTTTT,1720,1,None,None
AACACGTGTCCGCTGA-1,False,AACACGTGTCCGCTGA-1_contig_1,False,576,TRB,TRBV12-2+TRBV13-2,None,TRBJ1-2,TRBC1,True,True,CASGGGTGNSDYTF,TGTGCCAGCGGTGGGGGGACAGGGAACTCCGACTACACCTTC,1454,1,None,None
AACACGTGTTCACCTC-1,False,AACACGTGTTCACCTC-1_contig_1,False,500,TRB,TRBV13-1,None,TRBJ2-7,None,True,True,CASSGPLEQYF,TGTGCCAGCAGTGGGCCCCTGGAACAGTACTTC,1764,1,None,None
AACACGTGTTCCTCCA-1,False,AACACGTGTTCCTCCA-1_contig_1,False,549,TRB,TRBV16,None,TRBJ1-2,TRBC1,True,True,CASSSGTGNSDYTF,TGTGCAAGCAGCTCCGGGACAGGGAACTCCGACTACACCTTC,864,1,None,None
AACACGTTCAGCGACC-1,False,AACACGTTCAGCGACC-1_contig_1,False,549,TRB,TRBV16,None,TRBJ2-5,None,True,True,CASSFGGGQDTQYF,TGTGCAAGCAGCTTTGGGGGGGGCCAAGACACCCAGTACTTT,1022,1,None,None
AACACGTTCAGCTTAG-1,False,AACACGTTCAGCTTAG-1_contig_1,False,301,TRB,None,None,TRBJ2-7,None,False,False,None,None,2962,1,None,None
AACACGTTCATCACCC-1,False,AACACGTTCATCACCC-1_contig_1,False,522,TRB,TRBV12-2+TRBV13-2,None,TRBJ1-2,TRBC1,True,True,CASGGGTGNSDYTF,TGTGCCAGCGGTGGGGGGACAGGGAACTCCGACTACACCTTC,1064,1,None,None
AACACGTTCCTATTCA-1,False,AACACGTTCCTATTCA-1_contig_1,False,527,TRB,TRBV15,None,TRBJ1-3,TRBC1,True,True,CASSLNRGSSGNTLYF,TGTGCCAGCAGTTTAAACAGGGGGAGTTCTGGAAATACGCTCTATTTT,1424,1,None,None
AACACGTTCGAACTGT-1,False,AACACGTTCGAACTGT-1_contig_1,False,423,TRB,None,None,TRBJ1-2,TRBC1,False,False,None,None,1332,1,None,None
AACACGTTCGGAAATA-1,False,AACACGTTCGGAAATA-1_contig_1,False,353,TRB,None,None,TRBJ2-1,None,False,False,None,None,174,2,None,None
AACACGTTCGTGGGAA-1,False,AACACGTTCGTGGGAA-1_contig_1,False,563,TRB,TRBV12-2+TRBV13-2,None,TRBJ1-5,TRBC1,True,True,CASGTGDNQAPLF,TGTGCCAGCGGTACCGGGGACAACCAGGCTCCGCTTTTT,1986,2,None,None
AACCATGAGACAAGCC-1,False,AACCATGAGACAAGCC-1_contig_1,False,592,TRB,TRBV12-2+TRBV13-2,None,TRBJ2-7,None,True,True,CASGDGWGVKYF,TGTGCCAGCGGTGATGGCTGGGGGGTGAAGTACTTC,544,1,None,None
AACCATGAGCCCGAAA-1,False,AACCATGAGCCCGAAA-1_contig_1,False,551,TRB,TRBV12-2+TRBV13-2,None,TRBJ2-7,None,True,True,CASGAGGEQYF,TGTGCCAGCGGTGCTGGGGGGGAACAGTACTTC,1718,1,None,None
AACCATGAGCGATCCC-1,False,AACCATGAGCGATCCC-1_contig_1,False,538,TRA,TRAV3-3,None,TRAJ49,TRAC,True,True,CAVSGSTGYQNFYF,TGCGCAGTCAGTGGGAGCACGGGTTACCAGAACTTCTATTTT,1426,1,None,None
AACCATGAGTAGGCCA-1,False,AACCATGAGTAGGCCA-1_contig_1,False,396,TRA,TRAV9D-2,None,TRAJ2,TRAC,True,False,CSERGGLSGKLTF,TGTTCTGAGCGCGGAGGACTAAGTGGTAAATTAACATTC,1270,1,None,None
AACCATGAGTCGATAA-1,False,AACCATGAGTCGATAA-1_contig_1,False,549,TRA,TRAV8N-2,None,TRAJ13,TRAC,True,True,CATEDSGTYQRF,TGTGCTACTGAGGATTCTGGGACTTACCAGAGGTTT,1908,1,None,None
AACCATGAGTCGATAA-1,False,AACCATGAGTCGATAA-1_contig_2,False,610,TRB,TRBV13-2,None,TRBJ2-7,None,True,True,CASGTGGDYEQYF,TGTGCCAGCGGGACTGGGGGGGACTATGAACAGTACTTC,1700,1,None,None
AACCATGCAAACGCGA-1,False,AACCATGCAAACGCGA-1_contig_1,False,544,TRA,TRAV8D-1,None,TRAJ12,TRAC,True,True,CATDGTGGYKVVF,TGTGCTACTGACGGGACTGGAGGCTATAAAGTGGTCTTT,1772,1,None,None
AACCATGCAAACGCGA-1,False,AACCATGCAAACGCGA-1_contig_2,False,620,TRB,TRBV12-2+TRBV13-2,None,TRBJ1-2,TRBC1,True,True,CASGGGTGNSDYTF,TGTGCCAGCGGTGGGGGGACAGGGAACTCCGACTACACCTTC,1422,2,None,None
AACCATGGTAAGTAGT-1,False,AACCATGGTAAGTAGT-1_contig_1,False,653,TRA,TRAV14N-3,None,TRAJ6,TRAC,True,True,CAARTSGGNYKPTF,TGTGCAGCAAGAACCTCAGGAGGAAACTACAAACCTACGTTT,2506,1,None,None
AACCATGGTGTTAAGA-1,False,AACCATGGTGTTAAGA-1_contig_1,False,571,TRB,TRBV12-2+TRBV13-2,None,TRBJ2-5,None,True,True,CASGVQGDTQYF,TGTGCCAGCGGTGTTCAGGGGGACACCCAGTACTTT,1302,1,None,None
AACCATGGTTGAGGTG-1,False,AACCATGGTTGAGGTG-1_contig_1,False,556,TRA,TRAV3-3,None,TRAJ37,TRAC,True,False,None,None,1746,1,None,None
AACCATGGTTTCCACC-1,False,AACCATGGTTTCCACC-1_contig_1,False,512,TRB,TRBV13-1,None,TRBJ2-4,None,True,True,CASSEGTNTLYF,TGTGCCAGCAGTGAAGGAACAAACACCTTGTACTTT,516,1,None,None
AACCATGTCCGAATGT-1,False,AACCATGTCCGAATGT-1_contig_1,False,505,TRB,TRBV13-1,None,TRBJ2-4,None,True,True,CASSEGTNTLYF,TGTGCCAGCAGTGAAGGAACAAACACCTTGTACTTT,1632,1,None,None
AACCATGTCTAACGGT-1,False,AACCATGTCTAACGGT-1_contig_1,False,543,TRA,TRAV19,None,TRAJ39,TRAC,True,True,CAAGGNNAGAKLTF,TGCGCAGCAGGTGGGAATAATGCAGGTGCCAAGCTCACATTC,2854,1,None,None
AACCGCGAGAGCTGCA-1,False,AACCGCGAGAGCTGCA-1_contig_1,False,563,TRB,TRBV12-2+TRBV13-2,None,TRBJ1-5,TRBC1,True,True,CASGTGDNQAPLF,TGTGCCAGCGGTACAGGAGACAACCAGGCTCCGCTTTTT,1084,1,None,None
AACCGCGAGATATGCA-1,False,AACCGCGAGATATGCA-1_contig_1,False,549,TRB,TRBV16,None,TRBJ2-5,None,True,False,None,None,290,1,None,None
AACCGCGAGCGAGAAA-1,False,AACCGCGAGCGAGAAA-1_contig_1,False,556,TRA,TRAV19,None,TRAJ39,TRAC,True,True,CAAGGNNAGAKLTF,TGCGCAGCAGGTGGGAATAATGCAGGTGCCAAGCTCACATTC,1256,1,None,None
AACCGCGAGCGTGAGT-1,False,AACCGCGAGCGTGAGT-1_contig_1,False,567,TRB,TRBV12-1,None,TRBJ2-5,None,True,True,CASSPRDWDQDTQYF,TGTGCCAGCTCTCCTCGGGACTGGGACCAAGACACCCAGTACTTT,2904,2,None,None
AACCGCGAGCTGTCTA-1,False,AACCGCGAGCTGTCTA-1_contig_1,False,525,TRB,TRBV17,None,TRBJ2-5,None,True,True,CASSRKGSQDTQYF,TGTGCTAGCAGTAGAAAGGGTTCTCAAGACACCCAGTACTTT,1304,1,None,None
AACCGCGAGGAACTGC-1,False,AACCGCGAGGAACTGC-1_contig_1,False,429,TRB,None,None,TRBJ2-5,None,False,False,None,None,1278,1,None,None
AACCGCGAGTCTCAAC-1,False,AACCGCGAGTCTCAAC-1_contig_1,False,569,TRB,TRBV12-2+TRBV13-2,None,TRBJ1-2,TRBC1,True,True,CASGGGTGNSDYTF,TGTGCCAGCGGTGGGGGGACAGGGAACTCCGACTACACCTTC,1414,1,None,None
AACCGCGCACCAGGTC-1,False,AACCGCGCACCAGGTC-1_contig_1,False,563,TRB,TRBV12-2+TRBV13-2,None,TRBJ1-2,TRBC1,True,True,CASGGGTGNSDYTF,TGTGCCAGCGGTGGGGGGACAGGGAACTCCGACTACACCTTC,824,1,None,None
AACCGCGCACGGATAG-1,False,AACCGCGCACGGATAG-1_contig_1,False,566,TRA,TRAV3-3,None,TRAJ49,TRAC,True,True,CAVSGNTGYQNFYF,TGCGCAGTCAGTGGAAACACGGGTTACCAGAACTTCTATTTT,1154,1,None,None
AACCGCGCAGCTGTTA-1,False,AACCGCGCAGCTGTTA-1_contig_1,False,567,TRB,TRBV12-2+TRBV13-2,None,TRBJ2-7,None,True,True,CASGTGGDYEQYF,TGTGCCAGCGGGACTGGGGGGGACTATGAACAGTACTTC,1232,1,None,None
AACCGCGCATCTGGTA-1,False,AACCGCGCATCTGGTA-1_contig_1,False,440,TRB,None,None,TRBJ1-3,TRBC1,False,False,None,None,1888,1,None,None
AACCGCGGTATCAGTC-1,False,AACCGCGGTATCAGTC-1_contig_1,False,543,TRA,TRAV6-6,None,TRAJ24,TRAC,True,True,CAPLTTASLGKLQF,TGTGCTCCGTTGACAACTGCCAGTTTGGGGAAACTGCAGTTT,1422,1,None,None
AACCGCGGTATTCGTG-1,False,AACCGCGGTATTCGTG-1_contig_1,False,573,TRA,TRAV19,None,TRAJ39,TRAC,True,True,CAAGGNNAGAKLTF,TGCGCAGCAGGTGGGAATAATGCAGGTGCCAAGCTCACATTC,2280,1,None,None
AACCGCGGTCCCGACA-1,False,AACCGCGGTCCCGACA-1_contig_1,False,505,TRB,TRBV13-1,None,TRBJ2-4,None,True,True,CASSEGTNTLYF,TGTGCCAGCAGTGAAGGAACAAACACCTTGTACTTT,340,1,None,None
AACCGCGGTCCCTTGT-1,False,AACCGCGGTCCCTTGT-1_contig_1,False,575,TRB,None,None,TRBJ1-1,TRBC1,False,False,None,None,1968,1,None,None
AACCGCGGTGCACGAA-1,False,AACCGCGGTGCACGAA-1_contig_1,False,414,TRB,None,None,TRBJ2-7,None,False,False,None,None,766,1,None,None
AACCGCGGTGCGATAG-1,False,AACCGCGGTGCGATAG-1_contig_1,False,557,TRB,TRBV12-2+TRBV13-2,None,TRBJ2-1,None,True,True,CASGDPFQFF,TGTGCCAGCGGTGATCCTTTCCAGTTCTTC,866,1,None,None
AACCGCGGTTCACCTC-1,False,AACCGCGGTTCACCTC-1_contig_1,False,570,TRB,TRBV12-2+TRBV13-2,None,TRBJ1-2,TRBC1,True,True,CASGGGTGNSDYTF,TGTGCCAGCGGTGGGGGGACAGGGAACTCCGACTACACCTTC,1460,1,None,None
AACCGCGGTTCTGGTA-1,False,AACCGCGGTTCTGGTA-1_contig_1,False,554,TRB,TRBV12-2+TRBV13-2,None,TRBJ2-1,None,True,True,CASGDPFQFF,TGTGCCAGCGGTGATCCTTTCCAGTTCTTC,1156,1,None,None
AACCGCGTCATGCTCC-1,False,AACCGCGTCATGCTCC-1_contig_1,False,551,TRA,TRAV5-1,None,TRAJ18,TRAC,True,False,None,None,898,1,None,None
AACCGCGTCGATGAGG-1,False,AACCGCGTCGATGAGG-1_contig_1,False,311,TRB,None,None,TRBJ2-7,None,False,False,None,None,354,1,None,None
AACGTTGAGACTGTAA-1,False,AACGTTGAGACTGTAA-1_contig_1,False,501,TRB,TRBV13-1,None,TRBJ2-5,None,True,True,CASSDGDDTQYF,TGTGCCAGCAGTGACGGGGACGACACCCAGTACTTT,1388,1,None,None
AACGTTGAGATGTGTA-1,False,AACGTTGAGATGTGTA-1_contig_1,False,586,TRB,TRBV12-2+TRBV13-2,None,TRBJ2-7,None,True,True,CASGVQGGEQYF,TGTGCCAGCGGTGTGCAGGGGGGAGAACAGTACTTC,1724,1,None,None
AACGTTGAGCAACGGT-1,False,AACGTTGAGCAACGGT-1_contig_1,False,563,TRB,TRBV12-2+TRBV13-2,None,TRBJ1-5,TRBC1,True,True,CASGTGDNQAPLF,TGTGCCAGCGGAACAGGGGACAACCAGGCTCCGCTTTTT,1378,1,None,None
AACGTTGAGCCACCTG-1,False,AACGTTGAGCCACCTG-1_contig_1,False,602,TRB,TRBV12-2+TRBV13-2,None,TRBJ1-2,TRBC1,True,True,CASGGGTGNSDYTF,TGTGCCAGCGGTGGGGGGACAGGGAACTCCGACTACACCTTC,1324,1,None,None
AACGTTGAGCCAGTAG-1,False,AACGTTGAGCCAGTAG-1_contig_1,True,409,TRA,TRAV8-1,None,TRAJ30,TRAC,True,False,CATDTNAYKVIF,TGTGCTACTGACACAAATGCTTACAAAGTCATCTTT,446,1,None,None
AACGTTGAGCCAGTAG-1,False,AACGTTGAGCCAGTAG-1_contig_2,True,589,TRA,TRAV13-1,None,TRAJ42,TRAC,True,False,None,None,1318,1,None,None
AACGTTGAGTTGCAGG-1,False,AACGTTGAGTTGCAGG-1_contig_1,False,509,TRB,TRBV13-1,None,TRBJ2-7,None,True,True,CASSDPGQGYF,TGTGCCAGCAGTGATCCGGGACAGGGTTACTTC,602,1,None,None
AACGTTGCAAGTCTAC-1,False,AACGTTGCAAGTCTAC-1_contig_1,False,564,TRB,TRBV12-2+TRBV13-2,None,TRBJ2-5,None,True,True,CASGVQGDTQYF,TGTGCCAGCGGTGTTCAGGGGGACACCCAGTACTTT,1888,1,None,None
AACGTTGCACAAGCCC-1,False,AACGTTGCACAAGCCC-1_contig_1,False,566,TRB,TRBV12-2+TRBV13-2,None,TRBJ2-7,None,True,True,CASGTGGDYEQYF,TGTGCCAGCGGGACTGGGGGGGACTATGAACAGTACTTC,1464,1,None,None
AACGTTGCACTAAGTC-1,False,AACGTTGCACTAAGTC-1_contig_1,False,452,TRB,None,None,TRBJ1-6,TRBC1,False,False,None,None,2274,1,None,None
AACGTTGCAGGGTACA-1,False,AACGTTGCAGGGTACA-1_contig_1,False,505,TRB,TRBV13-1,None,TRBJ2-3,None,True,True,CASGDSAETLYF,TGTGCCAGCGGGGACAGTGCAGAAACGCTGTATTTT,2004,1,None,None
AACGTTGCAGGTTTCA-1,False,AACGTTGCAGGTTTCA-1_contig_1,False,560,TRB,TRBV12-2+TRBV13-2,None,TRBJ2-7,None,True,True,CASGVQGWEQYF,TGTGCCAGCGGTGTACAGGGGTGGGAACAGTACTTC,954,1,None,None
AACGTTGCAGTCACTA-1,False,AACGTTGCAGTCACTA-1_contig_1,False,565,TRB,TRBV12-2+TRBV13-2,None,TRBJ2-7,None,True,True,CASGTGGDYEQYF,TGTGCCAGCGGGACTGGGGGGGACTATGAACAGTACTTC,1608,1,None,None
AACGTTGGTAGAAGGA-1,False,AACGTTGGTAGAAGGA-1_contig_1,False,560,TRA,TRAV4D-3,None,TRAJ27,TRAC,True,True,CAADGPNTGKLTF,TGTGCTGCGGACGGACCCAATACAGGCAAATTAACCTTT,1696,1,None,None
AACGTTGGTAGGCATG-1,False,AACGTTGGTAGGCATG-1_contig_1,False,532,TRA,TRAV19,None,TRAJ39,TRAC,True,True,CAAGGNNAGAKLTF,TGCGCAGCAGGTGGGAATAATGCAGGTGCCAAGCTCACATTC,2094,1,None,None
AACGTTGGTCACAAGG-1,False,AACGTTGGTCACAAGG-1_contig_1,False,525,TRB,TRBV17,None,TRBJ2-5,None,True,True,CASSRKGVQDTQYF,TGTGCTAGCAGTAGAAAGGGGGTCCAAGACACCCAGTACTTT,1602,1,None,None
AACGTTGGTCACAAGG-1,False,AACGTTGGTCACAAGG-1_contig_2,False,552,TRA,TRAV8N-2,None,TRAJ43,TRAC,True,False,CATDANNNNAPRF,TGTGCTACTGATGCCAATAACAACAATGCCCCACGATTT,2198,1,None,None
AACGTTGGTCGGCACT-1,False,AACGTTGGTCGGCACT-1_contig_1,False,559,TRB,TRBV12-2+TRBV13-2,None,TRBJ2-1,None,True,True,CASGDPFQFF,TGTGCCAGCGGTGATCCTTTCCAGTTCTTC,1968,1,None,None
AACGTTGGTGATGATA-1,False,AACGTTGGTGATGATA-1_contig_1,False,516,TRA,TRAV19,None,TRAJ39,TRAC,True,True,CAAGGNNAGAKLTF,TGCGCAGCAGGTGGGAATAATGCAGGTGCCAAGCTCACATTC,104,2,None,None
AACGTTGTCCAAAGTC-1,False,AACGTTGTCCAAAGTC-1_contig_1,False,501,TRB,TRBV13-1,None,TRBJ2-4,None,True,True,CASSEGTNTLYF,TGTGCCAGCAGTGAAGGAACAAACACCTTGTACTTT,1902,1,None,None
AACGTTGTCTAACGGT-1,False,AACGTTGTCTAACGGT-1_contig_1,False,549,TRB,TRBV16,None,TRBJ2-5,None,True,True,CASSLGGGQDTQYF,TGTGCAAGCAGCTTAGGGGGGGGCCAAGACACCCAGTACTTT,1158,1,None,None
AACGTTGTCTGTCAAG-1,False,AACGTTGTCTGTCAAG-1_contig_1,False,521,TRA,TRAV6-6,None,TRAJ39,TRAC,True,True,CALGDWNNAGAKLTF,TGTGCTCTGGGTGATTGGAATAATGCAGGTGCCAAGCTCACATTC,1600,1,None,None
AACGTTGTCTTGCCGT-1,False,AACGTTGTCTTGCCGT-1_contig_1,False,591,TRA,TRAV7D-4,None,TRAJ31,TRAC,True,True,CAASEDSNNRIFF,TGTGCAGCTAGTGAGGATAGCAATAACAGAATCTTCTTT,1712,1,None,None
AACGTTGTCTTTACGT-1,False,AACGTTGTCTTTACGT-1_contig_1,False,506,TRB,TRBV13-1,None,TRBJ2-2,None,True,True,CASSDPGQLYF,TGTGCCAGCAGTGACCCCGGGCAGCTCTACTTT,2996,2,None,None
AACTCAGAGCCGCCTA-1,False,AACTCAGAGCCGCCTA-1_contig_1,False,509,TRB,TRBV13-1,None,TRBJ2-2,None,True,True,CASSDPGQLYF,TGTGCCAGCAGTGACCCCGGGCAGCTCTACTTT,922,1,None,None
AACTCAGAGGAGTACC-1,False,AACTCAGAGGAGTACC-1_contig_1,False,559,TRB,TRBV12-2+TRBV13-2,None,TRBJ2-7,None,True,True,CASGGQGEQYF,TGTGCCAGCGGCGGACAGGGTGAACAGTACTTC,1844,1,None,None
AACTCAGAGGCCATAG-1,False,AACTCAGAGGCCATAG-1_contig_1,False,573,TRB,TRBV12-2+TRBV13-2,None,TRBJ1-2,TRBC1,True,True,CASGGGTGNSDYTF,TGTGCCAGCGGTGGGGGGACAGGGAACTCCGACTACACCTTC,5700,6,None,None
AACTCAGAGGCCATAG-1,False,AACTCAGAGGCCATAG-1_contig_2,False,549,TRA,TRAV8N-2,None,TRAJ13,TRAC,True,True,CATEDSGTYQRF,TGTGCTACTGAGGATTCTGGGACTTACCAGAGGTTT,1944,2,None,None
AACTCAGCAAAGGCGT-1,False,AACTCAGCAAAGGCGT-1_contig_1,False,637,TRB,TRBV12-2+TRBV13-2,None,TRBJ1-2,TRBC1,True,True,CASGGGTGNSDYTF,TGTGCCAGCGGTGGGGGGACAGGGAACTCCGACTACACCTTC,938,1,None,None
AACTCAGCAAGTCTAC-1,False,AACTCAGCAAGTCTAC-1_contig_1,True,527,TRB,TRBV12-2+TRBV13-2,None,TRBJ1-2,TRBC1,True,False,CASGGGTGNSDYTF,TGTGCCAGCGGTGGGGGGACAGGGAACTCCGACTACACCTTC,2832,2,None,None
AACTCAGCAGCTGCAC-1,False,AACTCAGCAGCTGCAC-1_contig_1,False,441,TRB,None,None,TRBJ1-2,TRBC1,False,False,None,None,616,1,None,None
AACTCAGCATTGGGCC-1,False,AACTCAGCATTGGGCC-1_contig_1,False,522,TRB,TRBV15,None,TRBJ2-7,None,True,False,CVPAVARDRGLEQYF,TGTGTGCCAGCAGTCGCCCGGGACAGGGGGCTTGAACAGTACTTC,272,2,None,None
AACTCAGGTACAGTTC-1,False,AACTCAGGTACAGTTC-1_contig_1,False,597,TRB,TRBV13-1,None,TRBJ2-1,None,True,False,CASSDNYAEQFF,TGTGCCAGCAGTGACAACTATGCTGAGCAGTTCTTC,1580,1,None,None
AACTCAGGTCAAACTC-1,False,AACTCAGGTCAAACTC-1_contig_1,False,555,TRA,TRAV7-3,None,TRAJ38,TRAC,True,True,CAVSAANVGDNSKLIW,TGTGCAGTGAGCGCGGCGAATGTTGGTGACAACAGTAAGCTGATTTGG,2320,1,None,None
AACTCAGGTCACCCAG-1,False,AACTCAGGTCACCCAG-1_contig_1,False,426,TRA,TRAV19,None,TRAJ39,TRAC,True,False,CAAGGNNAGAKLTF,TGCGCAGCAGGTGGGAATAATGCAGGTGCCAAGCTCACATTC,1154,1,None,None
AACTCAGGTGTGCCTG-1,False,AACTCAGGTGTGCCTG-1_contig_1,False,530,TRA,TRAV9D-4,None,TRAJ31,TRAC,True,False,None,None,1828,2,None,None
AACTCAGGTGTTCGAT-1,False,AACTCAGGTGTTCGAT-1_contig_1,False,557,TRB,TRBV12-2+TRBV13-2,None,TRBJ2-7,None,True,True,CASGTGGDYEQYF,TGTGCCAGCGGGACTGGGGGGGACTATGAACAGTACTTC,1192,1,None,None
AACTCAGGTTAAGAAC-1,False,AACTCAGGTTAAGAAC-1_contig_1,False,681,TRB,TRBV13-2,None,TRBJ1-5,TRBC1,True,True,CASGTGDNQAPLF,TGTGCCAGCGGGACAGGGGACAACCAGGCTCCGCTTTTT,1898,1,None,None
AACTCAGGTTCAGCGC-1,False,AACTCAGGTTCAGCGC-1_contig_1,False,549,TRB,TRBV16,None,TRBJ2-5,None,True,True,CASSLGGGQDTQYF,TGTGCAAGCAGCTTAGGGGGGGGGCAAGACACCCAGTACTTT,940,1,None,None
AACTCAGTCAAACCGT-1,False,AACTCAGTCAAACCGT-1_contig_1,False,507,TRA,TRAV7-5,None,TRAJ45,TRAC,True,False,CSDTEGADRLTF,TGCAGTGATACAGAAGGTGCAGATAGACTCACCTTT,1762,1,None,None
AACTCAGTCAGATAAG-1,False,AACTCAGTCAGATAAG-1_contig_1,False,511,TRA,TRAV19,None,TRAJ39,TRAC,True,True,CAAGGNNAGAKLTF,TGCGCAGCAGGTGGGAATAATGCAGGTGCCAAGCTCACATTC,2368,2,None,None
AACTCAGTCCGCTGTT-1,False,AACTCAGTCCGCTGTT-1_contig_1,False,602,TRB,TRBV13-1,None,TRBJ1-4,TRBC1,True,False,CASGTGANERLFF,TGTGCCAGCGGGACAGGGGCCAACGAAAGATTATTTTTC,1868,2,None,None
AACTCAGTCCTACAGA-1,False,AACTCAGTCCTACAGA-1_contig_1,False,555,TRA,TRAV3-3,None,TRAJ49,TRAC,True,True,CAVSGSTGYQNFYF,TGCGCAGTCAGTGGGAGCACGGGTTACCAGAACTTCTATTTT,1600,2,None,None
AACTCAGTCCTACAGA-1,False,AACTCAGTCCTACAGA-1_contig_2,False,786,TRB,None,None,TRBJ2-2,None,False,False,None,None,1150,1,None,None
AACTCCCAGAGCCTAG-1,False,AACTCCCAGAGCCTAG-1_contig_1,False,509,TRB,TRBV13-1,None,TRBJ2-2,None,True,True,CASSDPGQLYF,TGTGCCAGCAGTGACCCCGGGCAGCTCTACTTT,1890,2,None,None
AACTCCCAGGAATGGA-1,False,AACTCCCAGGAATGGA-1_contig_1,False,560,TRB,TRBV12-2+TRBV13-2,None,TRBJ2-5,None,True,True,CASGVQGDTQYF,TGTGCCAGCGGTGTTCAGGGGGACACCCAGTACTTT,316,1,None,None
AACTCCCAGTTACGGG-1,False,AACTCCCAGTTACGGG-1_contig_1,False,587,TRA,TRAV3-4,None,TRAJ49,TRAC,True,True,CAVRGGYQNFYF,TGCGCAGTCAGGGGGGGTTACCAGAACTTCTATTTT,1932,1,None,None
AACTCCCAGTTACGGG-1,False,AACTCCCAGTTACGGG-1_contig_2,False,369,TRB,None,None,TRBJ1-4,TRBC1,False,False,None,None,2046,1,None,None
AACTCCCAGTTCGCGC-1,False,AACTCCCAGTTCGCGC-1_contig_1,False,525,TRB,TRBV17,None,TRBJ2-5,None,True,True,CASSRKGSQDTQYF,TGTGCTAGCAGTAGAAAGGGTTCTCAAGACACCCAGTACTTT,1750,1,None,None
AACTCCCAGTTGAGAT-1,False,AACTCCCAGTTGAGAT-1_contig_1,False,560,TRB,TRBV12-2+TRBV13-2,None,TRBJ2-7,None,True,True,CASGVQGWEQYF,TGTGCCAGCGGTGTACAGGGGTGGGAACAGTACTTC,778,1,None,None
AACTCCCCAAAGAATC-1,False,AACTCCCCAAAGAATC-1_contig_1,False,549,TRB,TRBV16,None,TRBJ2-5,None,True,True,CASSLGGGQDTQYF,TGTGCAAGCAGCTTAGGGGGGGGCCAAGACACCCAGTACTTT,992,1,None,None
AACTCCCCAACGATGG-1,False,AACTCCCCAACGATGG-1_contig_1,False,569,TRA,TRAV12-2,None,TRAJ26,TRAC,True,True,CALSDNYAQGLTF,TGTGCTTTGAGTGATAACTATGCCCAGGGATTAACCTTC,1292,1,None,None
AACTCCCCAAGCTGAG-1,False,AACTCCCCAAGCTGAG-1_contig_1,False,586,TRB,TRBV13-2,None,TRBJ2-7,None,True,True,CASGVQGWEQYF,TGTGCCAGCGGTGTACAGGGGTGGGAACAGTACTTC,1280,1,None,None
AACTCCCCACGAAAGC-1,False,AACTCCCCACGAAAGC-1_contig_1,True,427,TRB,TRBV13-2,None,TRBJ1-5,TRBC1,True,False,CASGTGDNQAPLF,TGTGCCAGCGGTACAGGGGACAACCAGGCTCCGCTTTTT,2424,3,None,None
AACTCCCCAGAGCCAA-1,False,AACTCCCCAGAGCCAA-1_contig_1,False,566,TRA,TRAV3-3,None,TRAJ49,TRAC,True,True,CAVSGSTGYQNFYF,TGCGCAGTCAGTGGGAGCACGGGTTACCAGAACTTCTATTTT,1654,1,None,None
AACTCCCCAGAGCCAA-1,False,AACTCCCCAGAGCCAA-1_contig_2,False,562,TRB,TRBV12-2+TRBV13-2,None,TRBJ2-7,None,True,True,CASGVQGEQYF,TGTGCCAGCGGTGTTCAGGGAGAACAGTACTTC,2118,1,None,None
AACTCCCCATCCCACT-1,False,AACTCCCCATCCCACT-1_contig_1,False,466,TRB,TRBV16,None,TRBJ2-5,None,True,True,CASSLGGGQDTQYF,TGTGCAAGCAGCTTAGGGGGGGGCCAAGACACCCAGTACTTT,286,1,None,None
AACTCCCCATCCCACT-1,False,AACTCCCCATCCCACT-1_contig_2,False,557,TRB,TRBV12-2+TRBV13-2,None,TRBJ1-5,TRBC1,True,True,CASGTGDNQAPLF,TGTGCCAGCGGGACGGGGGACAACCAGGCTCCGCTTTTT,1418,1,None,None
AACTCCCGTAGCCTCG-1,False,AACTCCCGTAGCCTCG-1_contig_1,False,530,TRA,TRAV14-1,None,TRAJ45,TRAC,True,True,CAASLYTEGADRLTF,TGTGCAGCAAGTCTTTATACAGAAGGTGCAGATAGACTCACCTTT,830,1,None,None
AACTCCCGTCCTCTTG-1,False,AACTCCCGTCCTCTTG-1_contig_1,False,572,TRB,TRBV12-2+TRBV13-2,None,TRBJ1-2,TRBC1,True,True,CASGGGTGNSDYTF,TGTGCCAGCGGTGGGGGGACAGGGAACTCCGACTACACCTTC,1500,1,None,None
AACTCCCGTCCTGCTT-1,False,AACTCCCGTCCTGCTT-1_contig_1,False,558,TRA,TRAV19,None,TRAJ39,TRAC,True,True,CAAGGNNAGAKLTF,TGCGCAGCAGGTGGGAATAATGCAGGTGCCAAGCTCACATTC,1564,1,None,None
AACTCCCGTCGATTGT-1,False,AACTCCCGTCGATTGT-1_contig_1,False,480,TRB,TRBV13-1,None,TRBJ2-4,None,True,False,CASSEGTNTLYF,TGTGCCAGCAGTGAAGGAACAAACACCTTGTACTTT,2036,1,None,None
AACTCCCGTTATGCGT-1,False,AACTCCCGTTATGCGT-1_contig_1,False,536,TRA,TRAV4D-3,None,TRAJ27,TRAC,True,True,CAADGPNTGKLTF,TGTGCTGCTGACGGGCCCAATACAGGCAAATTAACCTTT,1684,1,None,None
AACTCCCGTTCAGACT-1,False,AACTCCCGTTCAGACT-1_contig_1,False,549,TRB,TRBV16,None,TRBJ2-7,None,True,True,CASSFGGGADEQYF,TGTGCAAGCAGCTTTGGTGGGGGGGCGGATGAACAGTACTTC,148,1,None,None
AACTCCCTCACTTATC-1,False,AACTCCCTCACTTATC-1_contig_1,False,570,TRB,TRBV12-2+TRBV13-2,None,TRBJ2-7,None,True,True,CASGTGDEQYF,TGTGCCAGCGGGACAGGGGATGAACAGTACTTC,1260,1,None,None
AACTCCCTCGCACTCT-1,False,AACTCCCTCGCACTCT-1_contig_1,False,512,TRB,TRBV13-1,None,TRBJ2-3,None,True,True,CASGDSAETLYF,TGTGCCAGCGGGGACAGTGCAGAAACGCTGTATTTT,1598,1,None,None
AACTCCCTCGCACTCT-1,False,AACTCCCTCGCACTCT-1_contig_2,False,656,TRB,TRBV12-2+TRBV13-2,None,TRBJ1-5,TRBC1,True,True,CASGTGDNQAPLF,TGTGCCAGCGGTACAGGAGACAACCAGGCTCCGCTTTTT,1486,1,None,None
AACTCCCTCGCCGTGA-1,False,AACTCCCTCGCCGTGA-1_contig_1,False,515,TRB,TRBV13-2,None,TRBJ1-5,TRBC1,True,True,CASGTGDNQAPLF,TGTGCCAGCGGTACCGGGGACAACCAGGCTCCGCTTTTT,842,1,None,None
AACTCCCTCTGCTGCT-1,False,AACTCCCTCTGCTGCT-1_contig_1,False,522,TRB,TRBV5,None,TRBJ2-7,None,True,True,CASSQDWGGAVEQYF,TGTGCCAGCAGCCAAGACTGGGGGGGCGCAGTTGAACAGTACTTC,1226,1,None,None
AACTCTTAGAAGCCCA-1,False,AACTCTTAGAAGCCCA-1_contig_1,False,566,TRB,TRBV12-2+TRBV13-2,None,TRBJ1-5,TRBC1,True,True,CASGTGDNQAPLF,TGTGCCAGCGGTACCGGGGACAACCAGGCTCCGCTTTTT,718,1,None,None
AACTCTTAGCTAGTGG-1,False,AACTCTTAGCTAGTGG-1_contig_1,False,572,TRB,TRBV12-2+TRBV13-2,None,TRBJ1-2,TRBC1,True,True,CASGGQANSDYTF,TGTGCCAGCGGTGGACAGGCAAACTCCGACTACACCTTC,1458,1,None,None
AACTCTTAGCTTCGCG-1,False,AACTCTTAGCTTCGCG-1_contig_1,False,512,TRB,TRBV13-1,None,TRBJ2-3,None,True,True,CASGDSAETLYF,TGTGCCAGCGGGGACAGTGCAGAAACGCTGTATTTT,1538,1,None,None
AACTCTTAGTTGTAGA-1,False,AACTCTTAGTTGTAGA-1_contig_1,False,545,TRA,TRAV6-6,None,TRAJ39,TRAC,True,True,CALGDWNNAGAKLTF,TGTGCTCTGGGTGATTGGAATAATGCAGGTGCCAAGCTCACATTC,1190,1,None,None
AACTCTTAGTTGTAGA-1,False,AACTCTTAGTTGTAGA-1_contig_2,False,353,TRB,None,None,TRBJ2-1,None,False,False,None,None,2318,1,None,None
AACTCTTGTAAAGGAG-1,False,AACTCTTGTAAAGGAG-1_contig_1,False,568,TRB,TRBV12-2+TRBV13-2,None,TRBJ1-2,TRBC1,True,True,CASGGGTGNSDYTF,TGTGCCAGCGGTGGGGGGACAGGGAACTCCGACTACACCTTC,666,1,None,None
AACTCTTGTAAGGGAA-1,False,AACTCTTGTAAGGGAA-1_contig_1,False,505,TRB,TRBV13-1,None,TRBJ2-4,None,True,True,CASSEGTNTLYF,TGTGCCAGCAGTGAAGGAACAAACACCTTGTACTTT,66,1,None,None
AACTCTTGTGCTTCTC-1,False,AACTCTTGTGCTTCTC-1_contig_1,False,509,TRB,TRBV13-1,None,TRBJ2-4,None,True,True,CASSEGTNTLYF,TGTGCCAGCAGTGAAGGAACAAACACCTTGTACTTT,874,1,None,None
AACTCTTGTTAAAGTG-1,False,AACTCTTGTTAAAGTG-1_contig_1,False,517,TRB,TRBV13-2,None,TRBJ1-2,TRBC1,True,True,CASGGGTGNSDYTF,TGTGCCAGCGGTGGGGGGACAGGGAACTCCGACTACACCTTC,824,1,None,None
AACTCTTGTTCCGTCT-1,False,AACTCTTGTTCCGTCT-1_contig_1,False,482,TRB,TRBV12-2+TRBV13-2,None,TRBJ1-2,None,True,True,CASGGGTGNSDYTF,TGTGCCAGCGGTGGGGGGACAGGGAACTCCGACTACACCTTC,550,1,None,None
AACTCTTGTTCTGGTA-1,False,AACTCTTGTTCTGGTA-1_contig_1,False,549,TRB,TRBV16,None,TRBJ2-5,None,True,True,CASSLGGGQDTQYF,TGTGCAAGCAGCTTAGGGGGGGGGCAAGACACCCAGTACTTT,1292,1,None,None
AACTCTTGTTCTGGTA-1,False,AACTCTTGTTCTGGTA-1_contig_2,False,552,TRA,TRAV8N-2,None,TRAJ43,TRAC,True,False,CATDANNNNAPRF,TGTGCTACTGATGCCAATAACAACAATGCCCCACGATTT,1086,1,None,None
AACTCTTTCAACACAC-1,False,AACTCTTTCAACACAC-1_contig_1,False,330,TRB,None,None,TRBJ1-4,TRBC1,False,False,None,None,3722,1,None,None
AACTCTTTCCACGTTC-1,False,AACTCTTTCCACGTTC-1_contig_1,False,508,TRB,TRBV13-1,None,TRBJ1-4,TRBC1,True,True,CASGTGANERLFF,TGTGCCAGCGGGACAGGGGCCAACGAAAGATTATTTTTC,942,1,None,None
AACTCTTTCCTTGACC-1,False,AACTCTTTCCTTGACC-1_contig_1,False,525,TRB,TRBV17,None,TRBJ2-5,None,True,True,CASSRKGSQDTQYF,TGTGCTAGCAGTAGAAAGGGTTCTCAAGACACCCAGTACTTT,2624,1,None,None
AACTCTTTCTGTCAAG-1,False,AACTCTTTCTGTCAAG-1_contig_1,False,575,TRA,TRAV3D-3,None,TRAJ28,TRAC,True,False,CTSAQSVRGTGSNRLTF,TGTACTTCTGCGCAGTCAGTGAGGGGCACTGGGAGTAACAGGCTCACTTTT,180,1,None,None
AACTCTTTCTTCATGT-1,False,AACTCTTTCTTCATGT-1_contig_1,False,459,TRB,None,None,TRBJ2-1,None,False,False,None,None,2280,1,None,None
AACTCTTTCTTTAGGG-1,False,AACTCTTTCTTTAGGG-1_contig_1,False,574,TRB,TRBV12-2+TRBV13-2,None,TRBJ2-2,None,True,True,CASGGTGGANTGQLYF,TGTGCCAGCGGTGGGACTGGGGGGGCTAACACCGGGCAGCTCTACTTT,902,1,None,None
AACTGGTAGAACTCGG-1,False,AACTGGTAGAACTCGG-1_contig_1,False,559,TRB,TRBV12-2+TRBV13-2,None,TRBJ2-7,None,True,True,CASGGQGEQYF,TGTGCCAGCGGCGGACAGGGTGAACAGTACTTC,1056,1,None,None
AACTGGTAGACGACGT-1,False,AACTGGTAGACGACGT-1_contig_1,False,300,TRB,None,None,TRBJ1-2,TRBC1,False,False,None,None,198,1,None,None
AACTGGTAGGGATGGG-1,False,AACTGGTAGGGATGGG-1_contig_1,False,558,TRB,TRBV12-2+TRBV13-2,None,TRBJ1-4,TRBC1,True,True,CASGDAPERLFF,TGTGCCAGCGGTGATGCTCCCGAAAGATTATTTTTC,132,1,None,None
AACTGGTAGTCTCCTC-1,False,AACTGGTAGTCTCCTC-1_contig_1,False,569,TRB,TRBV12-2+TRBV13-2,None,TRBJ1-2,TRBC1,True,True,CASGGGTGNSDYTF,TGTGCCAGCGGTGGGGGGACAGGGAACTCCGACTACACCTTC,1730,1,None,None
AACTGGTCACGGCGTT-1,False,AACTGGTCACGGCGTT-1_contig_1,False,505,TRB,TRBV13-1,None,TRBJ2-4,None,True,True,CASSEGTNTLYF,TGTGCCAGCAGTGAAGGAACAAACACCTTGTACTTT,786,1,None,None
AACTGGTCAGACGCCT-1,False,AACTGGTCAGACGCCT-1_contig_1,False,543,TRB,TRBV16,None,TRBJ2-5,None,True,True,CASSLGGGQDTQYF,TGTGCAAGCAGCTTAGGGGGGGGCCAAGACACCCAGTACTTT,320,1,None,None
AACTGGTCAGCTGCTG-1,False,AACTGGTCAGCTGCTG-1_contig_1,False,551,TRA,TRAV19,None,TRAJ39,TRAC,True,True,CAAGGNNAGAKLTF,TGCGCAGCAGGTGGGAATAATGCAGGTGCCAAGCTCACATTC,2308,1,None,None
AACTGGTCATCAGTCA-1,False,AACTGGTCATCAGTCA-1_contig_1,False,549,TRB,TRBV12-2+TRBV13-2,None,TRBJ2-7,None,True,True,CASGVQGEQYF,TGTGCCAGCGGTGTTCAGGGAGAACAGTACTTC,1888,1,None,None
AACTGGTCATTGAGCT-1,False,AACTGGTCATTGAGCT-1_contig_1,False,351,TRB,None,None,TRBJ2-1,None,False,False,None,None,3976,1,None,None
AACTGGTGTAGCCTAT-1,False,AACTGGTGTAGCCTAT-1_contig_1,False,640,TRB,TRBV12-2+TRBV13-2,None,TRBJ1-2,TRBC1,True,True,CASGGGTGNSDYTF,TGTGCCAGCGGTGGGGGGACAGGGAACTCCGACTACACCTTC,1552,1,None,None
AACTGGTGTGCCTGCA-1,False,AACTGGTGTGCCTGCA-1_contig_1,False,651,TRA,TRAV14N-3,None,TRAJ6,TRAC,True,True,CAARTSGGNYKPTF,TGTGCAGCAAGAACCTCAGGAGGAAACTACAAACCTACGTTT,16522,12,None,None
AACTGGTGTGCCTGCA-1,False,AACTGGTGTGCCTGCA-1_contig_2,False,505,TRB,TRBV13-1,None,TRBJ2-4,None,True,True,CASSEGTNTLYF,TGTGCCAGCAGTGAAGGAACAAACACCTTGTACTTT,5888,8,None,None
AACTGGTGTGCCTGCA-1,False,AACTGGTGTGCCTGCA-1_contig_3,False,549,TRA,TRAV8N-2,None,TRAJ13,TRAC,True,True,CATEDSGTYQRF,TGTGCTACTGAGGATTCTGGGACTTACCAGAGGTTT,33732,23,None,None
AACTGGTGTGCCTGCA-1,False,AACTGGTGTGCCTGCA-1_contig_4,False,578,TRB,TRBV12-2+TRBV13-2,None,TRBJ2-7,None,True,True,CASGTGGDYEQYF,TGTGCCAGCGGGACTGGGGGGGACTATGAACAGTACTTC,16192,19,None,None
AACTGGTGTGCCTGCA-1,False,AACTGGTGTGCCTGCA-1_contig_5,True,604,TRA,TRAV10D,None,TRAJ30,None,True,False,None,None,286,2,None,None
AACTGGTGTGCCTGCA-1,False,AACTGGTGTGCCTGCA-1_contig_6,True,316,TRA,TRAV9D-2,None,TRAJ26,TRAC,True,False,CVLSRGNNYAQGLTF,TGTGTTCTGAGCAGGGGCAATAACTATGCCCAGGGATTAACCTTC,4034,4,None,None
AACTGGTGTGGTGTAG-1,False,AACTGGTGTGGTGTAG-1_contig_1,False,603,TRA,TRAV14N-3,None,TRAJ6,TRAC,True,True,CAARTSGGNYKPTF,TGTGCAGCAAGAACCTCAGGAGGAAACTACAAACCTACGTTT,2718,1,None,None
AACTGGTGTTAGAACA-1,False,AACTGGTGTTAGAACA-1_contig_1,False,539,TRB,TRBV12-2+TRBV13-2,None,TRBJ2-7,None,True,True,CASGVQGEQYF,TGTGCCAGCGGTGTTCAGGGAGAACAGTACTTC,478,1,None,None
AACTGGTGTTGATTGC-1,False,AACTGGTGTTGATTGC-1_contig_1,False,568,TRB,TRBV12-2+TRBV13-2,None,TRBJ2-3,None,True,True,CASGDAPPGEGTLYF,TGTGCCAGCGGTGATGCACCTCCAGGGGAGGGAACGCTGTATTTT,1266,1,None,None
AACTGGTGTTGGTAAA-1,False,AACTGGTGTTGGTAAA-1_contig_1,False,562,TRB,TRBV3,None,TRBJ2-5,None,True,True,CASSRDWGGQDTQYF,TGTGCCAGCAGCCGGGACTGGGGGGGACAAGACACCCAGTACTTT,1446,1,None,None
AACTGGTTCCAAAGTC-1,False,AACTGGTTCCAAAGTC-1_contig_1,False,560,TRA,TRAV4D-4,None,TRAJ45,TRAC,True,True,CAAYTEGADRLTF,TGTGCTGCCTATACAGAAGGTGCAGATAGACTCACCTTT,1034,1,None,None
AACTTTCAGAGTGAGA-1,False,AACTTTCAGAGTGAGA-1_contig_1,False,646,TRB,TRBV12-2+TRBV13-2,None,TRBJ1-2,TRBC1,True,True,CASGGGTGNSDYTF,TGTGCCAGCGGTGGGGGGACAGGGAACTCCGACTACACCTTC,3580,2,None,None
AACTTTCAGCCATCGC-1,False,AACTTTCAGCCATCGC-1_contig_1,False,334,TRB,None,None,TRBJ2-1,None,False,False,None,None,3882,1,None,None
AACTTTCAGCCCAATT-1,False,AACTTTCAGCCCAATT-1_contig_1,False,352,TRB,None,None,TRBJ2-1,None,False,False,None,None,2246,1,None,None
AACTTTCAGGATATAC-1,False,AACTTTCAGGATATAC-1_contig_1,False,478,TRA,TRAV8-1,None,TRAJ30,TRAC,True,True,CATDTNAYKVIF,TGTGCTACTGACACAAATGCTTACAAAGTCATCTTT,1760,1,None,None
AACTTTCAGGGATGGG-1,False,AACTTTCAGGGATGGG-1_contig_1,False,558,TRA,TRAV4D-3,None,TRAJ27,TRAC,True,True,CAADGPNTGKLTF,TGTGCTGCGGACGGACCCAATACAGGCAAATTAACCTTT,834,1,None,None
AACTTTCAGTACGATA-1,False,AACTTTCAGTACGATA-1_contig_1,False,510,TRB,None,None,TRBJ1-2,TRBC1,False,False,None,None,4500,2,None,None
AACTTTCCAAAGCGGT-1,False,AACTTTCCAAAGCGGT-1_contig_1,False,514,TRA,TRAV7D-2,None,TRAJ31,TRAC,True,True,CAASIEDSNNRIFF,TGTGCAGCAAGCATAGAGGATAGCAATAACAGAATCTTCTTT,436,1,None,None
AACTTTCCAACGATGG-1,False,AACTTTCCAACGATGG-1_contig_1,False,505,TRB,TRBV13-1,None,TRBJ2-4,None,True,True,CASSEGTNTLYF,TGTGCCAGCAGTGAAGGAACAAACACCTTGTACTTT,1506,1,None,None
AACTTTCCAAGCTGTT-1,False,AACTTTCCAAGCTGTT-1_contig_1,False,549,TRB,TRBV16,None,TRBJ2-5,None,True,True,CASSLGGGQDTQYF,TGTGCAAGCAGCTTAGGGGGGGGGCAAGACACCCAGTACTTT,1040,1,None,None
AACTTTCCACAGACTT-1,False,AACTTTCCACAGACTT-1_contig_1,False,512,TRB,TRBV13-1,None,TRBJ2-3,None,True,True,CASGDSAETLYF,TGTGCCAGCGGGGACAGTGCAGAAACGCTGTATTTT,2140,1,None,None
AACTTTCCACCGAAAG-1,False,AACTTTCCACCGAAAG-1_contig_1,False,370,TRA,None,None,TRAJ41,TRAC,False,False,None,None,2244,1,None,None
AACTTTCCACCGAAAG-1,False,AACTTTCCACCGAAAG-1_contig_2,False,498,TRB,TRBV5,None,TRBJ1-5,TRBC1,True,False,CASSHPGQNNQAPLF,TGTGCCAGCAGCCACCCGGGACAGAACAACCAGGCTCCGCTTTTT,1824,1,None,None
AACTTTCCAGACAGGT-1,False,AACTTTCCAGACAGGT-1_contig_1,False,609,TRB,None,None,TRBJ2-7,None,False,False,None,None,1732,1,None,None
AACTTTCCATCTACGA-1,False,AACTTTCCATCTACGA-1_contig_1,False,500,TRB,TRBV13-1,None,TRBJ2-2,None,True,True,CASSDPGQLYF,TGTGCCAGCAGTGACCCCGGGCAGCTCTACTTT,1438,1,None,None
AACTTTCGTGCACGAA-1,False,AACTTTCGTGCACGAA-1_contig_1,False,598,TRB,TRBV12-2+TRBV13-2,None,TRBJ1-2,TRBC1,True,True,CASGGGTGNSDYTF,TGTGCCAGCGGTGGGGGGACAGGGAACTCCGACTACACCTTC,934,1,None,None
AACTTTCGTGTCCTCT-1,False,AACTTTCGTGTCCTCT-1_contig_1,False,379,TRB,None,None,TRBJ1-6,TRBC1,False,False,None,None,3960,2,None,None
AACTTTCGTTGGTAAA-1,False,AACTTTCGTTGGTAAA-1_contig_1,False,365,TRB,None,None,TRBJ2-7,None,False,False,None,None,2350,1,None,None
AACTTTCGTTTGTGTG-1,False,AACTTTCGTTTGTGTG-1_contig_1,False,505,TRB,TRBV13-1,None,TRBJ2-4,None,True,True,CASSEGTNTLYF,TGTGCCAGCAGTGAAGGAACAAACACCTTGTACTTT,3156,2,None,None
AACTTTCGTTTGTGTG-1,False,AACTTTCGTTTGTGTG-1_contig_2,False,525,TRB,TRBV17,None,TRBJ2-5,None,True,True,CASSRKGSQDTQYF,TGTGCTAGCAGTAGAAAGGGTTCTCAAGACACCCAGTACTTT,9158,6,None,None
AACTTTCGTTTGTGTG-1,False,AACTTTCGTTTGTGTG-1_contig_3,True,504,TRA,TRAV13D-4,None,TRAJ9,TRAC,True,False,None,None,1040,1,None,None
AACTTTCGTTTGTGTG-1,False,AACTTTCGTTTGTGTG-1_contig_4,True,560,TRB,TRBV12-2,None,TRBJ2-7,None,True,False,None,None,3850,2,None,None
AACTTTCTCACTCCTG-1,False,AACTTTCTCACTCCTG-1_contig_1,False,583,TRA,TRAV3-4,None,TRAJ49,TRAC,True,True,CAVRGGYQNFYF,TGCGCAGTCAGGGGGGGTTACCAGAACTTCTATTTT,226,1,None,None
AACTTTCTCCGTACAA-1,False,AACTTTCTCCGTACAA-1_contig_1,False,488,TRB,TRBV13-2,None,TRBJ1-2,TRBC1,True,False,CASGGGTGNSDYTF,TGTGCCAGCGGTGGGGGGACAGGGAACTCCGACTACACCTTC,1394,1,None,None
AAGACCTAGAGTACCG-1,False,AAGACCTAGAGTACCG-1_contig_1,False,512,TRB,TRBV13-1,None,TRBJ2-3,None,True,True,CASGDSAETLYF,TGTGCCAGCGGGGACAGTGCAGAAACGCTGTATTTT,1730,1,None,None
AAGACCTAGCGAAGGG-1,False,AAGACCTAGCGAAGGG-1_contig_1,False,512,TRB,TRBV13-1,None,TRBJ2-3,None,True,True,CASGDSAETLYF,TGTGCCAGCGGGGACAGTGCAGAAACGCTGTATTTT,504,1,None,None
AAGACCTAGCGAAGGG-1,False,AAGACCTAGCGAAGGG-1_contig_2,False,364,TRB,TRBV16,None,TRBJ2-5,None,True,False,CASSFGGAPDTQYF,TGTGCAAGCAGCTTTGGGGGGGCGCCAGACACCCAGTACTTT,2152,1,None,None
AAGACCTAGGAATTAC-1,False,AAGACCTAGGAATTAC-1_contig_1,False,595,TRA,TRAV7-4,None,TRAJ31,TRAC,True,False,None,None,2212,1,None,None
AAGACCTAGTCTCAAC-1,False,AAGACCTAGTCTCAAC-1_contig_1,False,532,TRA,TRAV4D-3,None,TRAJ27,TRAC,True,True,CAADGPNTGKLTF,TGTGCTGCGGACGGACCCAATACAGGCAAATTAACCTTT,2384,1,None,None
AAGACCTAGTTCCACA-1,False,AAGACCTAGTTCCACA-1_contig_1,False,626,TRA,None,None,TRAJ39,TRAC,False,False,None,None,2022,1,None,None
AAGACCTCACGGCTAC-1,False,AAGACCTCACGGCTAC-1_contig_1,False,559,TRB,TRBV12-2+TRBV13-2,None,TRBJ2-7,None,True,True,CASGALWEQYF,TGTGCCAGCGGGGCTCTATGGGAACAGTACTTC,1316,1,None,None
AAGACCTCATATGGTC-1,False,AAGACCTCATATGGTC-1_contig_1,False,562,TRB,TRBV12-2+TRBV13-2,None,TRBJ2-7,None,True,True,CASGVQGWEQYF,TGTGCCAGCGGTGTACAGGGGTGGGAACAGTACTTC,1272,1,None,None
AAGACCTGTAGCGTAG-1,False,AAGACCTGTAGCGTAG-1_contig_1,False,507,TRA,TRAV21-DV12,None,TRAJ42,TRAC,True,True,CILRVHGGSNAKLTF,TGTATCCTGAGAGTCCATGGAGGAAGCAATGCAAAGCTAACCTTC,2206,1,None,None
AAGACCTGTATGGTTC-1,False,AAGACCTGTATGGTTC-1_contig_1,False,673,TRB,TRBV12-2+TRBV13-2,None,TRBJ1-2,TRBC1,True,True,CASGGGTGNSDYTF,TGTGCCAGCGGTGGGGGGACAGGGAACTCCGACTACACCTTC,1234,2,None,None
AAGACCTGTGTTGAGG-1,False,AAGACCTGTGTTGAGG-1_contig_1,False,353,TRB,None,None,TRBJ2-7,None,False,False,None,None,2224,1,None,None
AAGACCTGTTCAGGCC-1,False,AAGACCTGTTCAGGCC-1_contig_1,False,558,TRB,TRBV12-2+TRBV13-2,None,TRBJ2-1,None,True,True,CASGGYAEQFF,TGTGCCAGCGGGGGCTATGCTGAGCAGTTCTTC,614,1,None,None
AAGACCTTCCAAGCCG-1,False,AAGACCTTCCAAGCCG-1_contig_1,False,519,TRA,TRAV8-1,None,TRAJ30,TRAC,True,True,CATDTNAYKVIF,TGTGCTACTGACACAAATGCTTACAAAGTCATCTTT,11476,6,None,None
AAGACCTTCCAAGCCG-1,False,AAGACCTTCCAAGCCG-1_contig_2,False,568,TRB,TRBV12-2+TRBV13-2,None,TRBJ1-5,TRBC1,True,True,CASGTGDNQAPLF,TGTGCCAGCGGGACAGGGGACAACCAGGCTCCGCTTTTT,2646,3,None,None
AAGACCTTCCTTTCGG-1,False,AAGACCTTCCTTTCGG-1_contig_1,False,575,TRB,TRBV12-2+TRBV13-2,None,TRBJ2-2,None,True,True,CASGGTGGANTGQLYF,TGTGCCAGCGGTGGGACTGGGGGGGCTAACACCGGGCAGCTCTACTTT,1150,1,None,None
AAGACCTTCCTTTCGG-1,False,AAGACCTTCCTTTCGG-1_contig_2,True,401,TRA,TRAV10N,None,None,None,False,False,None,None,58,1,None,None
AAGACCTTCGAACTGT-1,False,AAGACCTTCGAACTGT-1_contig_1,False,442,TRB,None,None,TRBJ1-3,TRBC1,False,False,None,None,122,1,None,None
AAGACCTTCGCGGATC-1,False,AAGACCTTCGCGGATC-1_contig_1,False,564,TRB,TRBV12-2+TRBV13-2,None,TRBJ1-5,TRBC1,True,True,CASGTGDNQAPLF,TGTGCCAGCGGTACAGGAGACAACCAGGCTCCGCTTTTT,2076,1,None,None
AAGCCGCAGATGCGAC-1,False,AAGCCGCAGATGCGAC-1_contig_1,False,549,TRB,TRBV16,None,TRBJ2-5,None,True,True,CASSLGGGQDTQYF,TGTGCAAGCAGCTTAGGGGGGGGCCAAGACACCCAGTACTTT,2292,2,None,None
AAGCCGCAGGAGCGAG-1,False,AAGCCGCAGGAGCGAG-1_contig_1,False,555,TRA,TRAV3-3,None,TRAJ49,TRAC,True,True,CAVSGSTGYQNFYF,TGCGCAGTCAGTGGGAGCACGGGTTACCAGAACTTCTATTTT,3162,1,None,None
AAGCCGCCAAAGTGCG-1,False,AAGCCGCCAAAGTGCG-1_contig_1,False,508,TRB,TRBV13-1,None,TRBJ2-1,None,True,True,CASSAGDYAEQFF,TGTGCCAGCAGTGCTGGGGACTATGCTGAGCAGTTCTTC,4204,1,None,None
AAGCCGCCAAATCCGT-1,False,AAGCCGCCAAATCCGT-1_contig_1,False,584,TRA,TRAV19,None,TRAJ39,TRAC,True,True,CAAGGNNAGAKLTF,TGCGCAGCAGGTGGGAATAATGCAGGTGCCAAGCTCACATTC,1442,1,None,None
AAGCCGCCACCTATCC-1,False,AAGCCGCCACCTATCC-1_contig_1,False,575,TRB,None,None,TRBJ1-5,None,False,False,None,None,148,1,None,None
AAGCCGCCACGTGAGA-1,False,AAGCCGCCACGTGAGA-1_contig_1,False,509,TRB,TRBV13-1,None,TRBJ2-5,None,True,True,CASSDAGTQYF,TGTGCCAGCAGTGATGCGGGCACCCAGTACTTT,1396,2,None,None
AAGCCGCCAGCTGGCT-1,False,AAGCCGCCAGCTGGCT-1_contig_1,False,571,TRB,TRBV12-2+TRBV13-2,None,TRBJ1-5,None,True,True,CASGTGDNQAPLF,TGTGCCAGCGGGACGGGGGACAACCAGGCTCCGCTTTTT,604,1,None,None
AAGCCGCCAGGGAGAG-1,False,AAGCCGCCAGGGAGAG-1_contig_1,False,556,TRA,TRAV19,None,TRAJ39,TRAC,True,True,CAAGGNNAGAKLTF,TGCGCAGCAGGTGGGAATAATGCAGGTGCCAAGCTCACATTC,1292,1,None,None
AAGCCGCCAGGGAGAG-1,False,AAGCCGCCAGGGAGAG-1_contig_2,False,555,TRB,TRBV12-2+TRBV13-2,None,TRBJ2-7,None,True,True,CASGVQGEQYF,TGTGCCAGCGGTGTTCAGGGAGAACAGTACTTC,1308,2,None,None
AAGCCGCCAGTTTACG-1,False,AAGCCGCCAGTTTACG-1_contig_1,False,549,TRB,TRBV16,None,TRBJ2-5,None,True,True,CASSWGGGQDTQYF,TGTGCAAGCAGCTGGGGGGGCGGGCAAGACACCCAGTACTTT,1690,1,None,None
AAGCCGCGTATAAACG-1,False,AAGCCGCGTATAAACG-1_contig_1,False,574,TRB,TRBV12-2+TRBV13-2,None,TRBJ1-2,TRBC1,True,True,CASGGGTGNSDYTF,TGTGCCAGCGGTGGGGGGACAGGGAACTCCGACTACACCTTC,1292,1,None,None
AAGCCGCGTCATGCCG-1,False,AAGCCGCGTCATGCCG-1_contig_1,True,511,TRA,TRAV8D-1,None,TRAJ30,TRAC,True,True,CATDTNAYKVIF,TGTGCTACTGACACAAATGCTTACAAAGTCATCTTT,2004,1,None,None
AAGCCGCGTCATGCCG-1,False,AAGCCGCGTCATGCCG-1_contig_2,True,338,TRB,None,None,TRBJ2-7,None,False,False,None,None,2242,2,None,None
AAGCCGCGTCATGCCG-1,False,AAGCCGCGTCATGCCG-1_contig_3,True,534,TRA,TRAV6N-7,None,TRAJ48,TRAC,True,False,CTTVLWVINYGNEKITF,TGTACTACTGTGCTCTGGGTGATCAACTATGGAAATGAGAAAATAACTTTT,1616,1,None,None
AAGCCGCGTCTCCATC-1,False,AAGCCGCGTCTCCATC-1_contig_1,False,566,TRA,TRAV13D-2,None,TRAJ11,TRAC,True,True,CAIDLDSGYNKLTF,TGTGCTATAGATCTTGACTCGGGATACAACAAACTCACTTTT,1648,1,None,None
AAGCCGCGTCTCCATC-1,False,AAGCCGCGTCTCCATC-1_contig_2,False,507,TRA,TRAV21-DV12,None,TRAJ42,TRAC,True,True,CILRVHGGSNAKLTF,TGTATCCTGAGAGTCCATGGAGGAAGCAATGCAAAGCTAACCTTC,780,1,None,None
AAGCCGCGTCTTGCGG-1,False,AAGCCGCGTCTTGCGG-1_contig_1,False,560,TRB,TRBV12-2+TRBV13-2,None,TRBJ1-2,TRBC1,True,True,CASGGGTGNSDYTF,TGTGCCAGCGGTGGGGGGACAGGGAACTCCGACTACACCTTC,980,1,None,None
AAGGAGCAGCACCGTC-1,False,AAGGAGCAGCACCGTC-1_contig_1,False,549,TRB,TRBV16,None,TRBJ2-7,None,True,True,CASSFGGGADEQYF,TGTGCAAGCAGCTTTGGTGGGGGGGCGGATGAACAGTACTTC,776,1,None,None
AAGGAGCAGCAGGCTA-1,False,AAGGAGCAGCAGGCTA-1_contig_1,False,549,TRB,TRBV16,None,TRBJ2-5,None,True,True,CASSFGGAPDTQYF,TGTGCAAGCAGCTTTGGGGGGGCGCCAGACACCCAGTACTTT,1748,2,None,None
AAGGAGCAGCAGGCTA-1,False,AAGGAGCAGCAGGCTA-1_contig_2,False,571,TRB,TRBV12-2+TRBV13-2,None,TRBJ1-2,TRBC1,True,True,CASGGGTGNSDYTF,TGTGCCAGCGGTGGGGGGACAGGGAACTCCGACTACACCTTC,2594,3,None,None
AAGGAGCAGTACGATA-1,False,AAGGAGCAGTACGATA-1_contig_1,False,539,TRA,TRAV14N-3,None,TRAJ6,TRAC,True,True,CAARTSGGNYKPTF,TGTGCAGCAAGAACCTCAGGAGGAAACTACAAACCTACGTTT,2920,1,None,None
AAGGAGCAGTGATCGG-1,False,AAGGAGCAGTGATCGG-1_contig_1,False,584,TRA,TRAV5-4,None,TRAJ37,TRAC,True,False,None,None,2866,1,None,None
AAGGAGCCACCTCGTT-1,False,AAGGAGCCACCTCGTT-1_contig_1,False,599,TRB,TRBV12-2+TRBV13-2,None,TRBJ2-7,None,True,True,CASGVQGWEQYF,TGTGCCAGCGGTGTACAGGGGTGGGAACAGTACTTC,1248,1,None,None
AAGGAGCCACTGTGTA-1,False,AAGGAGCCACTGTGTA-1_contig_1,False,393,TRB,None,None,TRBJ1-6,TRBC1,False,False,None,None,2498,1,None,None
AAGGAGCCAGATGGCA-1,False,AAGGAGCCAGATGGCA-1_contig_1,False,507,TRA,TRAV21-DV12,None,TRAJ42,TRAC,True,True,CILRVHGGSNAKLTF,TGTATCCTGAGAGTCCATGGAGGAAGCAATGCAAAGCTAACCTTC,2078,1,None,None
AAGGAGCCAGATGGCA-1,False,AAGGAGCCAGATGGCA-1_contig_2,False,572,TRB,TRBV12-2+TRBV13-2,None,TRBJ1-2,TRBC1,True,True,CASGGGTGNSDYTF,TGTGCCAGCGGTGGGGGGACAGGGAACTCCGACTACACCTTC,2024,1,None,None
AAGGAGCCAGTCAGCC-1,False,AAGGAGCCAGTCAGCC-1_contig_1,False,589,TRB,TRBV12-2+TRBV13-2,None,TRBJ1-2,TRBC1,True,False,CASGGGTGNSDYTF,TGTGCCAGCGGTGGGGGGACAGGGAACTCCGACTACACCTTC,1388,1,None,None
AAGGAGCCAGTTCATG-1,False,AAGGAGCCAGTTCATG-1_contig_1,False,510,TRB,TRBV26,None,TRBJ1-1,TRBC1,True,True,CASSPGTGWTEVFF,TGTGCCAGCAGCCCCGGGACAGGGTGGACAGAAGTCTTCTTT,2832,1,None,None
AAGGAGCCAGTTCATG-1,False,AAGGAGCCAGTTCATG-1_contig_2,False,568,TRB,TRBV12-2+TRBV13-2,None,TRBJ1-5,TRBC1,True,True,CASGTGDNQAPLF,TGTGCCAGCGGGACAGGGGACAACCAGGCTCCGCTTTTT,1762,1,None,None
AAGGAGCCATACCATG-1,False,AAGGAGCCATACCATG-1_contig_1,False,505,TRB,TRBV13-1,None,TRBJ2-4,None,True,True,CASSEGTNTLYF,TGTGCCAGCAGTGAAGGAACAAACACCTTGTACTTT,992,1,None,None
AAGGAGCCATCCCACT-1,False,AAGGAGCCATCCCACT-1_contig_1,False,568,TRB,TRBV12-2+TRBV13-2,None,TRBJ1-2,TRBC1,True,True,CASGGGTGNSDYTF,TGTGCCAGCGGTGGGGGGACAGGGAACTCCGACTACACCTTC,1288,1,None,None
AAGGAGCCATGGTAGG-1,False,AAGGAGCCATGGTAGG-1_contig_1,False,524,TRA,TRAV14N-3,None,TRAJ6,TRAC,True,True,CAARTSGGNYKPTF,TGTGCAGCAAGAACCTCAGGAGGAAACTACAAACCTACGTTT,2356,1,None,None
AAGGAGCGTAAGGATT-1,False,AAGGAGCGTAAGGATT-1_contig_1,False,502,TRA,TRAV3-3,None,TRAJ49,TRAC,True,False,CAVSGSTGYQNFYF,TGCGCAGTCAGTGGGAGCACGGGTTACCAGAACTTCTATTTT,1356,1,None,None
AAGGAGCGTGTCTGAT-1,False,AAGGAGCGTGTCTGAT-1_contig_1,False,525,TRA,TRAV7N-6,None,TRAJ30,TRAC,True,True,CAVVDTNAYKVIF,TGTGCAGTGGTTGACACAAATGCTTACAAAGTCATCTTT,1856,2,None,None
AAGGAGCGTTATTCTC-1,False,AAGGAGCGTTATTCTC-1_contig_1,False,549,TRB,TRBV16,None,TRBJ2-5,None,True,True,CASSWGGGQDTQYF,TGTGCAAGCAGCTGGGGGGGCGGGCAAGACACCCAGTACTTT,1484,1,None,None
AAGGAGCGTTCGCTAA-1,False,AAGGAGCGTTCGCTAA-1_contig_1,False,519,TRB,TRBV12-2+TRBV13-2,None,TRBJ2-7,None,True,True,CASGVQGEQYF,TGTGCCAGCGGTGTTCAGGGAGAACAGTACTTC,524,2,None,None
AAGGAGCGTTTGGGCC-1,False,AAGGAGCGTTTGGGCC-1_contig_1,False,563,TRB,TRBV12-2+TRBV13-2,None,TRBJ1-2,TRBC1,True,True,CASGGGTGNSDYTF,TGTGCCAGCGGTGGGGGGACAGGGAACTCCGACTACACCTTC,1464,2,None,None
AAGGAGCTCAAACCGT-1,False,AAGGAGCTCAAACCGT-1_contig_1,False,601,TRB,TRBV13-1,None,TRBJ2-3,None,True,False,CASGDSAETLYF,TGTGCCAGCGGGGACAGTGCAGAAACGCTGTATTTT,1620,1,None,None
AAGGAGCTCGGATGTT-1,False,AAGGAGCTCGGATGTT-1_contig_1,False,571,TRA,TRAV14-2,None,TRAJ50,TRAC,True,True,CAATSSSSFSKLVF,TGTGCAGCAACTTCATCCTCCTCCTTCAGCAAGCTGGTGTTT,1702,1,None,None
AAGGCAGAGAGACGAA-1,False,AAGGCAGAGAGACGAA-1_contig_1,False,473,TRB,TRBV10,None,TRBJ2-7,None,True,False,CASSLPGLGEEQYF,TGTGCCAGCAGCCTACCGGGACTGGGGGAGGAACAGTACTTC,2692,1,None,None
AAGGCAGAGAGTCTGG-1,False,AAGGCAGAGAGTCTGG-1_contig_1,False,450,TRB,None,None,TRBJ1-6,TRBC1,False,False,None,None,254,1,None,None
AAGGCAGAGCCAGGAT-1,False,AAGGCAGAGCCAGGAT-1_contig_1,False,529,TRB,TRBV13-2,None,TRBJ2-7,None,True,True,CASGAGGDYEQYF,TGTGCCAGCGGTGCTGGGGGGGACTATGAACAGTACTTC,1076,1,None,None
AAGGCAGAGGACCACA-1,False,AAGGCAGAGGACCACA-1_contig_1,False,594,TRB,TRBV5,None,TRBJ1-5,TRBC1,True,True,CASSHPGQNNQAPLF,TGTGCCAGCAGCCACCCGGGACAGAACAACCAGGCTCCGCTTTTT,1796,1,None,None
AAGGCAGAGGCTCATT-1,False,AAGGCAGAGGCTCATT-1_contig_1,False,525,TRA,TRAV7N-6,None,TRAJ30,TRAC,True,True,CAVVDTNAYKVIF,TGTGCAGTGGTTGACACAAATGCTTACAAAGTCATCTTT,1126,1,None,None
AAGGCAGAGTAAGTAC-1,False,AAGGCAGAGTAAGTAC-1_contig_1,False,559,TRB,TRBV12-2+TRBV13-2,None,TRBJ1-2,TRBC1,True,True,CASGGGTGNSDYTF,TGTGCCAGCGGTGGGGGGACAGGGAACTCCGACTACACCTTC,1304,1,None,None
AAGGCAGAGTGTTTGC-1,False,AAGGCAGAGTGTTTGC-1_contig_1,False,571,TRB,TRBV12-2+TRBV13-2,None,TRBJ1-2,TRBC1,True,True,CASGGGTGNSDYTF,TGTGCCAGCGGTGGGGGGACAGGGAACTCCGACTACACCTTC,1252,1,None,None
AAGGCAGAGTTGAGAT-1,False,AAGGCAGAGTTGAGAT-1_contig_1,False,556,TRA,TRAV19,None,TRAJ39,TRAC,True,True,CAAGGNNAGAKLTF,TGCGCAGCAGGTGGGAATAATGCAGGTGCCAAGCTCACATTC,2234,1,None,None
AAGGCAGAGTTGAGAT-1,False,AAGGCAGAGTTGAGAT-1_contig_2,False,566,TRA,TRAV3-3,None,TRAJ49,TRAC,True,True,CAVSGNTGYQNFYF,TGCGCAGTCAGTGGAAACACGGGTTACCAGAACTTCTATTTT,1648,1,None,None
AAGGCAGAGTTGAGAT-1,False,AAGGCAGAGTTGAGAT-1_contig_3,False,620,TRB,TRBV12-2+TRBV13-2,None,TRBJ1-2,TRBC1,True,True,CASGGGTGNSDYTF,TGTGCCAGCGGTGGGGGGACAGGGAACTCCGACTACACCTTC,3980,4,None,None
AAGGCAGAGTTGAGAT-1,False,AAGGCAGAGTTGAGAT-1_contig_4,True,424,TRB,None,None,TRBJ2-7,None,False,False,None,None,3250,2,None,None
AAGGCAGCAGACGCAA-1,False,AAGGCAGCAGACGCAA-1_contig_1,False,574,TRB,TRBV12-2+TRBV13-2,None,TRBJ1-2,TRBC1,True,True,CASGGGTGNSDYTF,TGTGCCAGCGGTGGGGGGACAGGGAACTCCGACTACACCTTC,1466,1,None,None
AAGGCAGCATCGGTTA-1,False,AAGGCAGCATCGGTTA-1_contig_1,False,566,TRA,TRAV3-3,None,TRAJ49,TRAC,True,True,CAVSGSTGYQNFYF,TGCGCAGTCAGTGGGAGCACGGGTTACCAGAACTTCTATTTT,1312,1,None,None
AAGGCAGGTAACGTTC-1,False,AAGGCAGGTAACGTTC-1_contig_1,False,567,TRB,TRBV12-2+TRBV13-2,None,TRBJ1-2,TRBC1,True,True,CASGGGTGNSDYTF,TGTGCCAGCGGTGGGGGGACAGGGAACTCCGACTACACCTTC,2302,1,None,None
AAGGCAGGTAGAGGAA-1,False,AAGGCAGGTAGAGGAA-1_contig_1,False,305,TRB,None,None,TRBJ2-1,None,False,False,None,None,3416,1,None,None
AAGGCAGGTATAGGTA-1,False,AAGGCAGGTATAGGTA-1_contig_1,False,525,TRA,TRAV7N-6,None,TRAJ30,TRAC,True,True,CAVVDTNAYKVIF,TGTGCAGTGGTTGACACAAATGCTTACAAAGTCATCTTT,2172,1,None,None
AAGGCAGGTCCAGTAT-1,False,AAGGCAGGTCCAGTAT-1_contig_1,False,568,TRA,TRAV12-1,None,TRAJ48,TRAC,True,True,CALSDAGDYGNEKITF,TGTGCTCTGAGTGATGCAGGAGACTATGGAAATGAGAAAATAACTTTT,1926,1,None,None
AAGGCAGGTCCCTACT-1,False,AAGGCAGGTCCCTACT-1_contig_1,False,428,TRB,TRBV13-2,None,TRBJ2-7,None,True,False,CASGVQGEQYF,TGTGCCAGCGGTGTTCAGGGAGAACAGTACTTC,1634,1,None,None
AAGGCAGGTCCGAGTC-1,False,AAGGCAGGTCCGAGTC-1_contig_1,False,565,TRB,TRBV12-2+TRBV13-2,None,TRBJ2-7,None,True,True,CASGAGGDYEQYF,TGTGCCAGCGGTGCTGGGGGGGACTATGAACAGTACTTC,1304,1,None,None
AAGGCAGGTGCCTTGG-1,False,AAGGCAGGTGCCTTGG-1_contig_1,False,505,TRB,TRBV13-1,None,TRBJ2-3,None,True,True,CASGDSAETLYF,TGTGCCAGCGGGGACAGTGCAGAAACGCTGTATTTT,2454,1,None,None
AAGGCAGGTTATCGGT-1,False,AAGGCAGGTTATCGGT-1_contig_1,False,512,TRB,TRBV13-1,None,TRBJ2-3,None,True,True,CASGDSAETLYF,TGTGCCAGCGGGGACAGTGCAGAAACGCTGTATTTT,1912,1,None,None
AAGGCAGTCACTCTTA-1,False,AAGGCAGTCACTCTTA-1_contig_1,False,562,TRB,TRBV12-2+TRBV13-2,None,TRBJ2-7,None,True,True,CASGVQGGEQYF,TGTGCCAGCGGTGTGCAGGGGGGAGAACAGTACTTC,1264,1,None,None
AAGGCAGTCCGCAAGC-1,False,AAGGCAGTCCGCAAGC-1_contig_1,False,571,TRB,TRBV12-2+TRBV13-2,None,TRBJ2-3,None,True,True,CASGDAPPGEGTLYF,TGTGCCAGCGGTGATGCACCTCCAGGGGAGGGAACGCTGTATTTT,2918,2,None,None
AAGGCAGTCCGCAAGC-1,False,AAGGCAGTCCGCAAGC-1_contig_2,False,568,TRB,TRBV12-2+TRBV13-2,None,TRBJ1-2,TRBC1,True,True,CASGGGTGNSDYTF,TGTGCCAGCGGTGGGGGGACAGGGAACTCCGACTACACCTTC,3064,4,None,None
AAGGCAGTCCGCAAGC-1,False,AAGGCAGTCCGCAAGC-1_contig_3,False,549,TRA,TRAV8N-2,None,TRAJ13,TRAC,True,True,CATEDSGTYQRF,TGTGCTACTGAGGATTCTGGGACTTACCAGAGGTTT,980,1,None,None
AAGGCAGTCCGCAAGC-1,False,AAGGCAGTCCGCAAGC-1_contig_4,False,506,TRA,TRAV13-2,None,TRAJ43,TRAC,True,True,CATLNNNNAPRF,TGTGCTACTCTCAATAACAACAATGCCCCACGATTT,1012,1,None,None
AAGGTTCAGACTACAA-1,False,AAGGTTCAGACTACAA-1_contig_1,False,639,TRB,TRBV12-2+TRBV13-2,None,TRBJ1-2,TRBC1,True,True,CASGGGTGNSDYTF,TGTGCCAGCGGTGGGGGGACAGGGAACTCCGACTACACCTTC,1426,1,None,None
AAGGTTCAGACTACAA-1,False,AAGGTTCAGACTACAA-1_contig_2,True,322,TRB,None,None,TRBJ2-7,None,False,False,None,None,4284,3,None,None
AAGGTTCAGACTACAA-1,False,AAGGTTCAGACTACAA-1_contig_3,True,551,TRA,TRAV6D-5,None,TRAJ38,TRAC,True,False,CTTVFWDNVGDNSKLIW,TGTACTACTGTGTTCTGGGATAATGTTGGTGACAACAGTAAGCTGATTTGG,3404,2,None,None
AAGGTTCAGACTACAA-1,False,AAGGTTCAGACTACAA-1_contig_4,True,603,TRB,None,None,TRBJ1-1,TRBC1,False,False,None,None,1012,2,None,None
AAGGTTCAGACTTTCG-1,False,AAGGTTCAGACTTTCG-1_contig_1,False,565,TRB,TRBV12-2+TRBV13-2,None,TRBJ2-7,None,True,True,CASGTGGDYEQYF,TGTGCCAGCGGGACTGGGGGGGACTATGAACAGTACTTC,1576,1,None,None
AAGGTTCAGCACCGTC-1,False,AAGGTTCAGCACCGTC-1_contig_1,False,461,TRA,TRAV3D-3,None,TRAJ28,TRAC,True,False,CTSAQSVRGTGSNRLTF,TGTACTTCTGCGCAGTCAGTGAGGGGCACTGGGAGTAACAGGCTCACTTTT,164,1,None,None
AAGGTTCAGCATCATC-1,False,AAGGTTCAGCATCATC-1_contig_1,False,516,TRA,TRAV6-6,None,TRAJ24,TRAC,True,True,CAPLTTASLGKLQF,TGTGCTCCGTTGACAACTGCCAGTTTGGGGAAACTGCAGTTT,4054,2,None,None
AAGGTTCAGCATCATC-1,False,AAGGTTCAGCATCATC-1_contig_2,False,536,TRA,TRAV14N-3,None,TRAJ6,TRAC,True,True,CAARTSGGNYKPTF,TGTGCAGCAAGAACCTCAGGAGGAAACTACAAACCTACGTTT,1504,2,None,None
AAGGTTCAGCATCATC-1,False,AAGGTTCAGCATCATC-1_contig_3,False,512,TRB,TRBV13-1,None,TRBJ2-4,None,True,True,CASSEGTNTLYF,TGTGCCAGCAGTGAAGGAACAAACACCTTGTACTTT,6762,5,None,None
AAGGTTCAGCATCATC-1,False,AAGGTTCAGCATCATC-1_contig_4,False,549,TRA,TRAV8N-2,None,TRAJ13,TRAC,True,True,CATEDSGTYQRF,TGTGCTACTGAGGATTCTGGGACTTACCAGAGGTTT,4278,2,None,None
AAGGTTCAGCATCATC-1,False,AAGGTTCAGCATCATC-1_contig_5,False,630,TRB,TRBV12-2+TRBV13-2,None,TRBJ2-5,None,True,False,CASGDW,TGTGCCAGCGGTGACTGG,3794,3,None,None
AAGGTTCAGCATCATC-1,False,AAGGTTCAGCATCATC-1_contig_6,False,357,TRB,None,None,TRBJ2-7,None,False,False,None,None,2202,1,None,None
AAGGTTCAGGCTATCT-1,False,AAGGTTCAGGCTATCT-1_contig_1,False,590,TRB,TRBV12-2+TRBV13-2,None,TRBJ2-7,None,True,True,CASGTGDEQYF,TGTGCCAGCGGGACAGGGGATGAACAGTACTTC,984,1,None,None
AAGGTTCAGGCTCTTA-1,False,AAGGTTCAGGCTCTTA-1_contig_1,False,564,TRA,TRAV4D-3,None,TRAJ17,TRAC,True,True,CAAPNSAGNKLTF,TGTGCTGCCCCCAACAGTGCAGGGAACAAGCTAACTTTT,1422,1,None,None
AAGGTTCCAATACGCT-1,False,AAGGTTCCAATACGCT-1_contig_1,False,516,TRA,TRAV6-6,None,TRAJ24,TRAC,True,True,CAPLTTASLGKLQF,TGTGCTCCGTTGACAACTGCCAGTTTGGGGAAACTGCAGTTT,2302,2,None,None
AAGGTTCCAATACGCT-1,False,AAGGTTCCAATACGCT-1_contig_2,False,603,TRA,TRAV9D-2,None,TRAJ26,TRAC,True,True,CVLSRGNNYAQGLTF,TGTGTTCTGAGCAGGGGCAATAACTATGCCCAGGGATTAACCTTC,6816,3,None,None
AAGGTTCCAATACGCT-1,False,AAGGTTCCAATACGCT-1_contig_3,True,572,TRB,TRBV13-1,None,TRBJ2-4,None,True,False,CASSEGTNTLYF,TGTGCCAGCAGTGAAGGAACAAACACCTTGTACTTT,844,1,None,None
AAGGTTCCAATACGCT-1,False,AAGGTTCCAATACGCT-1_contig_4,True,1089,TRB,TRBV12-2,None,TRBJ2-4,None,True,False,None,None,458,1,None,None
AAGGTTCCACATCCGG-1,False,AAGGTTCCACATCCGG-1_contig_1,False,540,TRA,TRAV10,None,TRAJ30,TRAC,True,True,CAARDTNAYKVIF,TGTGCAGCAAGGGACACAAATGCTTACAAAGTCATCTTT,1960,1,None,None
AAGGTTCGTAACGTTC-1,False,AAGGTTCGTAACGTTC-1_contig_1,False,512,TRB,TRBV13-1,None,TRBJ2-3,None,True,True,CASGDSAETLYF,TGTGCCAGCGGGGACAGTGCAGAAACGCTGTATTTT,2832,1,None,None
AAGGTTCGTCCCGACA-1,False,AAGGTTCGTCCCGACA-1_contig_1,False,517,TRA,TRAV6-6,None,TRAJ24,TRAC,True,True,CAPLTTASLGKLQF,TGTGCTCCGTTGACAACTGCCAGTTTGGGGAAACTGCAGTTT,8428,7,None,None
AAGGTTCGTCCCGACA-1,False,AAGGTTCGTCCCGACA-1_contig_2,False,580,TRA,TRAV14N-3,None,TRAJ6,TRAC,True,True,CAARTSGGNYKPTF,TGTGCAGCAAGAACCTCAGGAGGAAACTACAAACCTACGTTT,4970,5,None,None
AAGGTTCGTCCCGACA-1,False,AAGGTTCGTCCCGACA-1_contig_3,False,512,TRB,TRBV13-1,None,TRBJ2-4,None,True,True,CASSEGTNTLYF,TGTGCCAGCAGTGAAGGAACAAACACCTTGTACTTT,26590,19,None,None
AAGGTTCGTCCCGACA-1,False,AAGGTTCGTCCCGACA-1_contig_4,False,569,TRB,TRBV12-2+TRBV13-2,None,TRBJ2-7,None,True,True,CASGTGGDYEQYF,TGTGCCAGCGGGACTGGGGGGGACTATGAACAGTACTTC,6196,6,None,None
AAGGTTCGTCCCGACA-1,False,AAGGTTCGTCCCGACA-1_contig_5,True,436,TRA,TRAV9D-2,None,TRAJ26,TRAC,True,False,CVLSRGNNYAQGLTF,TGTGTTCTGAGCAGGGGCAATAACTATGCCCAGGGATTAACCTTC,4976,2,None,None
AAGGTTCGTCTAAACC-1,False,AAGGTTCGTCTAAACC-1_contig_1,False,556,TRA,TRAV19,None,TRAJ39,TRAC,True,True,CAAGGNNAGAKLTF,TGCGCAGCAGGTGGGAATAATGCAGGTGCCAAGCTCACATTC,2342,1,None,None
AAGGTTCGTGGTCCGT-1,False,AAGGTTCGTGGTCCGT-1_contig_1,False,538,TRA,TRAV19,None,TRAJ39,TRAC,True,False,CAAGGNNAGAKLTF,TGCGCAGCAGGTGGGAATAATGCAGGTGCCAAGCTCACATTC,2644,1,None,None
AAGGTTCGTTGAACTC-1,False,AAGGTTCGTTGAACTC-1_contig_1,False,566,TRA,TRAV3-3,None,TRAJ49,TRAC,True,True,CAVSGATGYQNFYF,TGCGCAGTCAGTGGGGCCACGGGTTACCAGAACTTCTATTTT,1638,1,None,None
AAGGTTCTCAGATAAG-1,False,AAGGTTCTCAGATAAG-1_contig_1,False,640,TRB,TRBV12-2+TRBV13-2,None,TRBJ1-2,TRBC1,True,True,CASGGGTGNSDYTF,TGTGCCAGCGGTGGGGGGACAGGGAACTCCGACTACACCTTC,792,1,None,None
AAGGTTCTCATCGGAT-1,False,AAGGTTCTCATCGGAT-1_contig_1,False,556,TRA,TRAV19,None,TRAJ39,TRAC,True,True,CAAGGNNAGAKLTF,TGCGCAGCAGGTGGGAATAATGCAGGTGCCAAGCTCACATTC,1380,1,None,None
AAGGTTCTCCTTTACA-1,False,AAGGTTCTCCTTTACA-1_contig_1,False,520,TRB,TRBV13-2,None,TRBJ1-5,TRBC1,True,True,CASGTGDNQAPLF,TGTGCCAGCGGTACAGGGGATAACCAGGCTCCGCTTTTT,1628,1,None,None
AAGGTTCTCTAACTGG-1,False,AAGGTTCTCTAACTGG-1_contig_1,False,561,TRA,TRAV16N,None,TRAJ22,TRAC,True,True,CAMREAASSGSWQLIF,TGTGCTATGAGAGAGGCAGCATCTTCTGGCAGCTGGCAACTCATCTTT,2668,1,None,None
AAGGTTCTCTCCCTGA-1,False,AAGGTTCTCTCCCTGA-1_contig_1,False,558,TRA,TRAV19,None,TRAJ39,TRAC,True,True,CAAGGNNAGAKLTF,TGCGCAGCAGGTGGGAATAATGCAGGTGCCAAGCTCACATTC,1930,1,None,None
AAGTCTGAGACGACGT-1,False,AAGTCTGAGACGACGT-1_contig_1,False,559,TRB,TRBV12-2+TRBV13-2,None,TRBJ2-1,None,True,True,CASGDPFQFF,TGTGCCAGCGGTGATCCTTTCCAGTTCTTC,1136,1,None,None
AAGTCTGAGATGTGGC-1,False,AAGTCTGAGATGTGGC-1_contig_1,False,566,TRA,TRAV3-3,None,TRAJ49,TRAC,True,True,CAVSGATGYQNFYF,TGCGCAGTCAGTGGGGCCACGGGTTACCAGAACTTCTATTTT,1576,1,None,None
AAGTCTGAGCTGAACG-1,False,AAGTCTGAGCTGAACG-1_contig_1,False,508,TRB,TRBV13-1,None,TRBJ1-4,TRBC1,True,True,CASGTGANERLFF,TGTGCCAGCGGGACAGGGGCCAACGAAAGATTATTTTTC,1604,1,None,None
AAGTCTGAGTATCTCG-1,False,AAGTCTGAGTATCTCG-1_contig_1,False,568,TRB,TRBV12-2+TRBV13-2,None,TRBJ1-2,TRBC1,True,True,CASGGGTGNSDYTF,TGTGCCAGCGGTGGGGGGACAGGGAACTCCGACTACACCTTC,1138,2,None,None
AAGTCTGCAACACCTA-1,False,AAGTCTGCAACACCTA-1_contig_1,False,559,TRB,TRBV12-2+TRBV13-2,None,TRBJ2-7,None,True,True,CASGVQGEQYF,TGTGCCAGCGGTGTTCAGGGAGAACAGTACTTC,1328,1,None,None
AAGTCTGCAAGGGTCA-1,False,AAGTCTGCAAGGGTCA-1_contig_1,False,548,TRB,TRBV13-2,None,TRBJ1-2,TRBC1,True,True,CASGGGTGNSDYTF,TGTGCCAGCGGTGGGGGGACAGGGAACTCCGACTACACCTTC,1130,1,None,None
AAGTCTGCAGATGAGC-1,False,AAGTCTGCAGATGAGC-1_contig_1,False,584,TRB,TRBV13-2,None,TRBJ1-2,TRBC1,True,False,CASGGGTGNSDYTF,TGTGCCAGCGGTGGGGGGACAGGGAACTCCGACTACACCTTC,1468,1,None,None
AAGTCTGGTAGAAGGA-1,False,AAGTCTGGTAGAAGGA-1_contig_1,False,576,TRB,TRBV12-2+TRBV13-2,None,TRBJ1-5,TRBC1,True,True,CASGTGDNQAPLF,TGTGCCAGCGGGACAGGGGACAACCAGGCTCCGCTTTTT,1690,1,None,None
AAGTCTGGTCACACGC-1,False,AAGTCTGGTCACACGC-1_contig_1,False,567,TRB,TRBV12-2+TRBV13-2,None,TRBJ1-2,TRBC1,True,True,CASGGGTGNSDYTF,TGTGCCAGCGGTGGGGGGACAGGGAACTCCGACTACACCTTC,1916,1,None,None
AAGTCTGGTCAGCTAT-1,False,AAGTCTGGTCAGCTAT-1_contig_1,False,512,TRB,TRBV13-1,None,TRBJ2-3,None,True,True,CASGDSAETLYF,TGTGCCAGCGGGGACAGTGCAGAAACGCTGTATTTT,1360,1,None,None
AAGTCTGGTCCCTACT-1,False,AAGTCTGGTCCCTACT-1_contig_1,False,534,TRB,TRBV13-1,None,TRBJ2-4,None,True,False,CASSEGTNTLYF,TGTGCCAGCAGTGAAGGAACAAACACCTTGTACTTT,366,1,None,None
AAGTCTGTCCACGCAG-1,False,AAGTCTGTCCACGCAG-1_contig_1,False,558,TRB,TRBV12-2+TRBV13-2,None,TRBJ2-7,None,True,True,CASGTGDEQYF,TGTGCCAGCGGGACAGGGGATGAACAGTACTTC,1262,1,None,None
AAGTCTGTCCGCAGTG-1,False,AAGTCTGTCCGCAGTG-1_contig_1,False,349,TRB,None,None,TRBJ1-2,TRBC1,False,False,None,None,2024,1,None,None
AAGTCTGTCCGTCAAA-1,False,AAGTCTGTCCGTCAAA-1_contig_1,False,313,TRB,TRBV13-2,None,TRBJ1-5,TRBC1,True,False,CASGTGDNQAPLF,TGTGCCAGCGGGACAGGGGACAACCAGGCTCCGCTTTTT,2226,1,None,None
AAGTCTGTCGAGGTAG-1,False,AAGTCTGTCGAGGTAG-1_contig_1,False,372,TRB,None,None,TRBJ1-3,TRBC1,False,False,None,None,2878,1,None,None
AATCCAGAGGCCCGTT-1,False,AATCCAGAGGCCCGTT-1_contig_1,False,566,TRB,TRBV12-2+TRBV13-2,None,TRBJ1-2,TRBC1,True,True,CASGGGTGNSDYTF,TGTGCCAGCGGTGGGGGGACAGGGAACTCCGACTACACCTTC,910,2,None,None
AATCCAGAGGGTCTCC-1,False,AATCCAGAGGGTCTCC-1_contig_1,False,475,TRB,TRBV13-1,None,TRBJ2-3,None,True,False,CASGDSAETLYF,TGTGCCAGCGGGGACAGTGCAGAAACGCTGTATTTT,1256,1,None,None
AATCCAGAGTAACCCT-1,False,AATCCAGAGTAACCCT-1_contig_1,False,549,TRB,TRBV16,None,TRBJ2-5,None,True,True,CASSLGGGQDTQYF,TGTGCAAGCAGCTTAGGGGGGGGCCAAGACACCCAGTACTTT,1560,1,None,None
AATCCAGAGTCCATAC-1,False,AATCCAGAGTCCATAC-1_contig_1,False,493,TRB,TRBV19,None,TRBJ2-5,None,True,False,None,None,2712,1,None,None
AATCCAGCAAGGTTCT-1,False,AATCCAGCAAGGTTCT-1_contig_1,False,549,TRB,TRBV16,None,TRBJ2-5,None,True,True,CASSFGGAPDTQYF,TGTGCAAGCAGCTTTGGGGGGGCGCCAGACACCCAGTACTTT,456,1,None,None
AATCCAGCACAGGAGT-1,False,AATCCAGCACAGGAGT-1_contig_1,False,502,TRB,TRBV13-1,None,TRBJ2-2,None,True,True,CASSDPGQLYF,TGTGCCAGCAGTGACCCCGGGCAGCTCTACTTT,1522,1,None,None
AATCCAGCAGCTGTGC-1,False,AATCCAGCAGCTGTGC-1_contig_1,False,675,TRB,TRBV13-2,None,TRBJ1-2,TRBC1,True,True,CASGGGTGNSDYTF,TGTGCCAGCGGTGGGGGGACAGGGAACTCCGACTACACCTTC,1174,1,None,None
AATCCAGCATTGAGCT-1,False,AATCCAGCATTGAGCT-1_contig_1,False,513,TRA,TRAV7D-2,None,TRAJ6,TRAC,True,True,CAAPTSGGNYKPTF,TGTGCAGCCCCAACCTCAGGAGGAAACTACAAACCTACGTTT,474,1,None,None
AATCCAGCATTGAGCT-1,False,AATCCAGCATTGAGCT-1_contig_2,False,652,TRB,None,None,TRBJ2-7,None,False,False,None,None,854,1,None,None
AATCCAGGTACCGCTG-1,False,AATCCAGGTACCGCTG-1_contig_1,False,570,TRB,TRBV12-2+TRBV13-2,None,TRBJ1-2,TRBC1,True,True,CASGGGTGNSDYTF,TGTGCCAGCGGTGGGGGGACAGGGAACTCCGACTACACCTTC,1214,1,None,None
AATCCAGTCAAAGACA-1,False,AATCCAGTCAAAGACA-1_contig_1,False,526,TRA,TRAV6D-5,None,TRAJ38,TRAC,True,False,CTTVFWDNVGDNSKLIW,TGTACTACTGTGTTCTGGGATAATGTTGGTGACAACAGTAAGCTGATTTGG,794,1,None,None
AATCCAGTCCAAGTAC-1,False,AATCCAGTCCAAGTAC-1_contig_1,False,549,TRB,TRBV16,None,TRBJ2-5,None,True,True,CASSLGGGQDTQYF,TGTGCAAGCAGCTTAGGGGGGGGGCAAGACACCCAGTACTTT,1192,1,None,None
AATCCAGTCTTCATGT-1,False,AATCCAGTCTTCATGT-1_contig_1,False,524,TRA,None,None,TRAJ39,TRAC,False,False,None,None,1794,1,None,None
AATCGGTAGAAACCTA-1,False,AATCGGTAGAAACCTA-1_contig_1,False,432,TRB,TRBV13-2,None,TRBJ1-2,TRBC1,True,False,CASGGGTGNSDYTF,TGTGCCAGCGGTGGGGGGACAGGGAACTCCGACTACACCTTC,1610,1,None,None
AATCGGTAGACTAGGC-1,False,AATCGGTAGACTAGGC-1_contig_1,False,570,TRB,TRBV12-2+TRBV13-2,None,TRBJ2-3,None,True,True,CASGDAPPGEGTLYF,TGTGCCAGCGGTGATGCACCTCCAGGGGAGGGAACGCTGTATTTT,1236,1,None,None
AATCGGTAGATCCTGT-1,False,AATCGGTAGATCCTGT-1_contig_1,False,525,TRB,TRBV17,None,TRBJ2-5,None,True,True,CASSRKGVQDTQYF,TGTGCTAGCAGTAGAAAGGGGGTCCAAGACACCCAGTACTTT,2424,1,None,None
AATCGGTAGATGTGGC-1,False,AATCGGTAGATGTGGC-1_contig_1,False,512,TRB,TRBV13-1,None,TRBJ2-3,None,True,True,CASGDSAETLYF,TGTGCCAGCGGGGACAGTGCAGAAACGCTGTATTTT,2262,1,None,None
AATCGGTAGCGTTGCC-1,False,AATCGGTAGCGTTGCC-1_contig_1,False,549,TRA,TRAV8N-2,None,TRAJ13,TRAC,True,True,CATEDSGTYQRF,TGTGCTACTGAGGATTCTGGGACTTACCAGAGGTTT,2666,1,None,None
AATCGGTAGGCAAAGA-1,False,AATCGGTAGGCAAAGA-1_contig_1,False,552,TRA,TRAV3-3,None,TRAJ49,TRAC,True,True,CAVSGSTGYQNFYF,TGCGCAGTCAGTGGGAGCACGGGTTACCAGAACTTCTATTTT,930,1,None,None
AATCGGTAGGTGACCA-1,False,AATCGGTAGGTGACCA-1_contig_1,False,565,TRB,TRBV12-2+TRBV13-2,None,TRBJ2-5,None,True,True,CASGAGMEDTQYF,TGTGCCAGCGGTGCAGGGATGGAAGACACCCAGTACTTT,1866,1,None,None
AATCGGTAGTGGTAGC-1,False,AATCGGTAGTGGTAGC-1_contig_1,False,562,TRB,TRBV12-2+TRBV13-2,None,TRBJ2-7,None,True,True,CASGVQGWEQYF,TGTGCCAGCGGTGTACAGGGGTGGGAACAGTACTTC,2538,3,None,None
AATCGGTAGTTGAGAT-1,False,AATCGGTAGTTGAGAT-1_contig_1,False,574,TRA,TRAV3D-3,None,TRAJ26,TRAC,True,True,CAVSANNYAQGLTF,TGCGCAGTCAGTGCAAATAACTATGCCCAGGGATTAACCTTC,1454,1,None,None
AATCGGTCACAAGTAA-1,False,AATCGGTCACAAGTAA-1_contig_1,False,537,TRA,TRAV3-3,None,TRAJ49,TRAC,True,True,CAVSGSTGYQNFYF,TGCGCAGTCAGTGGGAGCACGGGTTACCAGAACTTCTATTTT,2260,1,None,None
AATCGGTCACGAAAGC-1,False,AATCGGTCACGAAAGC-1_contig_1,False,566,TRB,TRBV12-2+TRBV13-2,None,TRBJ1-2,TRBC1,True,True,CASGGGTRNSDYTF,TGTGCCAGCGGTGGGGGGACAAGGAACTCCGACTACACCTTC,1510,1,None,None
AATCGGTCACGCCAGT-1,False,AATCGGTCACGCCAGT-1_contig_1,False,585,TRA,TRAV3-4,None,TRAJ49,TRAC,True,True,CAVRGGYQNFYF,TGCGCAGTCAGGGGGGGTTACCAGAACTTCTATTTT,878,1,None,None
AATCGGTCAGCCTATA-1,False,AATCGGTCAGCCTATA-1_contig_1,False,549,TRB,TRBV16,None,TRBJ2-5,None,True,True,CASSLGGGQDTQYF,TGTGCAAGCAGCTTAGGGGGGGGCCAAGACACCCAGTACTTT,2162,1,None,None
AATCGGTCAGGAATCG-1,False,AATCGGTCAGGAATCG-1_contig_1,False,559,TRA,TRAV4D-3,None,TRAJ27,TRAC,True,True,CAADGPNTGKLTF,TGTGCTGCGGACGGACCCAATACAGGCAAATTAACCTTT,1468,1,None,None
AATCGGTCAGTCGATT-1,False,AATCGGTCAGTCGATT-1_contig_1,False,412,TRA,TRAV3-3,None,TRAJ49,TRAC,True,False,CAVSGATGYQNFYF,TGCGCAGTCAGTGGGGCCACGGGTTACCAGAACTTCTATTTT,2076,1,None,None
AATCGGTCATCGGACC-1,False,AATCGGTCATCGGACC-1_contig_1,False,557,TRB,TRBV12-2+TRBV13-2,None,TRBJ2-1,None,True,True,CASGTGDYAEQFF,TGTGCCAGCGGGACTGGGGACTATGCTGAGCAGTTCTTC,1224,1,None,None
AATCGGTCATGCCTTC-1,False,AATCGGTCATGCCTTC-1_contig_1,False,508,TRB,TRBV12-2+TRBV13-2,None,TRBJ1-2,TRBC1,True,False,None,None,1124,1,None,None
AATCGGTCATGTCCTC-1,False,AATCGGTCATGTCCTC-1_contig_1,False,522,TRB,TRBV5,None,TRBJ1-5,TRBC1,True,True,CASSQAGENNQAPLF,TGTGCCAGCAGCCAAGCAGGGGAGAACAACCAGGCTCCGCTTTTT,648,2,None,None
AATCGGTGTAATCACC-1,False,AATCGGTGTAATCACC-1_contig_1,False,549,TRB,TRBV16,None,TRBJ2-5,None,True,True,CASSLGGGQDTQYF,TGTGCAAGCAGCTTAGGGGGGGGGCAAGACACCCAGTACTTT,1788,1,None,None
AATCGGTGTCAGAAGC-1,False,AATCGGTGTCAGAAGC-1_contig_1,False,512,TRB,TRBV13-1,None,TRBJ2-4,None,True,True,CASSEGTNTLYF,TGTGCCAGCAGTGAAGGAACAAACACCTTGTACTTT,1632,1,None,None
AATCGGTGTCTGATTG-1,False,AATCGGTGTCTGATTG-1_contig_1,False,568,TRB,TRBV12-2+TRBV13-2,None,TRBJ1-2,TRBC1,True,True,CASGGGTGNSDYTF,TGTGCCAGCGGTGGGGGGACAGGGAACTCCGACTACACCTTC,1682,1,None,None
AATCGGTGTGATAAGT-1,False,AATCGGTGTGATAAGT-1_contig_1,False,564,TRB,TRBV12-2+TRBV13-2,None,TRBJ1-5,TRBC1,True,True,CASGTGDNQAPLF,TGTGCCAGCGGTACAGGGGATAACCAGGCTCCGCTTTTT,170,2,None,None
AATCGGTGTTGCCTCT-1,False,AATCGGTGTTGCCTCT-1_contig_1,False,444,TRA,TRAV13D-2,None,TRAJ11,TRAC,True,False,CAIDLDSGYNKLTF,TGTGCTATAGATCTTGACTCGGGATACAACAAACTCACTTTT,1856,1,None,None
AATCGGTTCAGAGACG-1,False,AATCGGTTCAGAGACG-1_contig_1,False,420,TRB,TRBV13-2,None,TRBJ2-7,None,True,False,CASGVQGEQYF,TGTGCCAGCGGTGTTCAGGGAGAACAGTACTTC,750,1,None,None
AATCGGTTCAGTCAGT-1,False,AATCGGTTCAGTCAGT-1_contig_1,False,562,TRB,TRBV12-2+TRBV13-2,None,TRBJ2-5,None,True,True,CASGVQGDTQYF,TGTGCCAGCGGTGTTCAGGGGGACACCCAGTACTTT,1736,2,None,None
AATCGGTTCCCACTTG-1,False,AATCGGTTCCCACTTG-1_contig_1,False,507,TRA,TRAV21-DV12,None,TRAJ42,TRAC,True,True,CILRVHGGSNAKLTF,TGTATCCTGAGAGTCCATGGAGGAAGCAATGCAAAGCTAACCTTC,2086,1,None,None
AATCGGTTCCGCATCT-1,False,AATCGGTTCCGCATCT-1_contig_1,False,331,TRB,None,None,TRBJ2-1,None,False,False,None,None,3336,1,None,None
AATCGGTTCCTATTCA-1,False,AATCGGTTCCTATTCA-1_contig_1,False,503,TRB,TRBV26,None,TRBJ2-5,None,True,True,CASSRGTDTQYF,TGTGCCAGCAGCCGCGGGACCGACACCCAGTACTTT,2182,1,None,None
AATCGGTTCGACAGCC-1,False,AATCGGTTCGACAGCC-1_contig_1,False,366,TRB,None,None,TRBJ1-2,TRBC1,False,False,None,None,1430,1,None,None
ACACCAAAGCTTCGCG-1,False,ACACCAAAGCTTCGCG-1_contig_1,False,507,TRA,TRAV21-DV12,None,TRAJ42,TRAC,True,True,CILRVHGGSNAKLTF,TGTATCCTGAGAGTCCATGGAGGAAGCAATGCAAAGCTAACCTTC,1864,1,None,None
ACACCAAAGGGTTCCC-1,False,ACACCAAAGGGTTCCC-1_contig_1,False,555,TRB,TRBV12-2+TRBV13-2,None,TRBJ1-2,TRBC1,True,True,CASGGGTGNSDYTF,TGTGCCAGCGGTGGGGGGACAGGGAACTCCGACTACACCTTC,806,1,None,None
ACACCAAAGGTGCTAG-1,False,ACACCAAAGGTGCTAG-1_contig_1,False,992,TRB,TRBV12-2+TRBV13-2,None,TRBJ1-5,TRBC1,True,True,CASGTGDNQAPLF,TGTGCCAGCGGGACAGGGGACAACCAGGCTCCGCTTTTT,3366,4,None,None
ACACCAACACATGTGT-1,False,ACACCAACACATGTGT-1_contig_1,False,559,TRA,TRAV4D-3,None,TRAJ27,TRAC,True,True,CAADGPNTGKLTF,TGTGCTGCGGACGGACCCAATACAGGCAAATTAACCTTT,2962,1,None,None
ACACCAACAGTCGATT-1,False,ACACCAACAGTCGATT-1_contig_1,False,549,TRB,TRBV16,None,TRBJ2-5,None,True,True,CASSLGGGQDTQYF,TGTGCAAGCAGCTTAGGGGGGGGCCAAGACACCCAGTACTTT,1462,1,None,None
ACACCAACATCCCACT-1,False,ACACCAACATCCCACT-1_contig_1,False,448,TRB,None,None,TRBJ1-6,TRBC1,False,False,None,None,1838,1,None,None
ACACCAACATCCCATC-1,False,ACACCAACATCCCATC-1_contig_1,False,328,TRB,None,None,TRBJ2-7,None,False,False,None,None,1704,1,None,None
ACACCAAGTCAACTGT-1,False,ACACCAAGTCAACTGT-1_contig_1,False,558,TRB,TRBV12-2+TRBV13-2,None,TRBJ2-7,None,True,True,CASGALWEQYF,TGTGCCAGCGGGGCTCTATGGGAACAGTACTTC,792,1,None,None
ACACCAAGTCAACTGT-1,False,ACACCAAGTCAACTGT-1_contig_2,False,359,TRB,None,None,TRBJ2-1,None,False,False,None,None,2964,1,None,None
ACACCAAGTCTGATTG-1,False,ACACCAAGTCTGATTG-1_contig_1,False,512,TRB,TRBV13-1,None,TRBJ2-3,None,True,True,CASGDSAETLYF,TGTGCCAGCGGGGACAGTGCAGAAACGCTGTATTTT,898,1,None,None
ACACCAAGTCTTCGTC-1,False,ACACCAAGTCTTCGTC-1_contig_1,False,569,TRA,TRAV3-3,None,TRAJ32,TRAC,True,True,CAVRPYGSSGNKLIF,TGCGCAGTCAGACCCTATGGGAGCAGTGGCAACAAGCTCATCTTT,1802,1,None,None
ACACCAAGTCTTCGTC-1,False,ACACCAAGTCTTCGTC-1_contig_2,False,544,TRB,TRBV10,None,TRBJ2-7,None,True,True,CASSLPGLGEEQYF,TGTGCCAGCAGCCTACCGGGACTGGGGGAGGAACAGTACTTC,702,1,None,None
ACACCAAGTGATGTGG-1,False,ACACCAAGTGATGTGG-1_contig_1,False,572,TRB,TRBV13-1,None,TRBJ2-3,None,True,False,CASGDSAETLYF,TGTGCCAGCGGGGACAGTGCAGAAACGCTGTATTTT,298,1,None,None
ACACCAAGTGCAGGTA-1,False,ACACCAAGTGCAGGTA-1_contig_1,False,549,TRB,TRBV16,None,TRBJ2-5,None,True,True,CASSFGGGEDTQYF,TGTGCAAGCAGCTTTGGGGGGGGGGAAGACACCCAGTACTTT,1316,1,None,None
ACACCAAGTTAGAACA-1,False,ACACCAAGTTAGAACA-1_contig_1,False,566,TRA,TRAV3-3,None,TRAJ49,TRAC,True,True,CAVSGSTGYQNFYF,TGCGCAGTCAGTGGGAGCACGGGTTACCAGAACTTCTATTTT,1828,1,None,None
ACACCAATCAGCTGGC-1,False,ACACCAATCAGCTGGC-1_contig_1,False,411,TRA,None,None,TRAJ26,TRAC,False,False,None,None,2322,1,None,None
ACACCAATCCGGCACA-1,False,ACACCAATCCGGCACA-1_contig_1,False,510,TRB,TRBV13-1,None,TRBJ1-4,TRBC1,True,True,CASGTGANERLFF,TGTGCCAGCGGGACAGGGGCCAACGAAAGATTATTTTTC,928,1,None,None
ACACCAATCGAATCCA-1,False,ACACCAATCGAATCCA-1_contig_1,False,550,TRA,TRAV8-1,None,TRAJ30,TRAC,True,True,CATDTNAYKVIF,TGTGCTACCGACACAAATGCTTACAAAGTCATCTTT,3438,2,None,None
ACACCAATCGCGCCAA-1,False,ACACCAATCGCGCCAA-1_contig_1,False,538,TRA,TRAV6D-5,None,TRAJ38,TRAC,True,False,CTTVFWDNVGDNSKLIW,TGTACTACTGTGTTCTGGGATAATGTTGGTGACAACAGTAAGCTGATTTGG,2148,1,None,None
ACACCAATCGGCGCAT-1,False,ACACCAATCGGCGCAT-1_contig_1,False,558,TRB,TRBV12-2+TRBV13-2,None,TRBJ1-2,TRBC1,True,True,CASGGGTGNSDYTF,TGTGCCAGCGGTGGGGGGACAGGGAACTCCGACTACACCTTC,652,1,None,None
ACACCAATCGTTACAG-1,False,ACACCAATCGTTACAG-1_contig_1,False,535,TRA,TRAV8-1,None,TRAJ30,TRAC,True,True,CATDTNAYKVIF,TGTGCTACTGACACAAATGCTTACAAAGTCATCTTT,1830,1,None,None
ACACCCTAGAGGGATA-1,False,ACACCCTAGAGGGATA-1_contig_1,False,552,TRA,TRAV8N-2,None,TRAJ43,TRAC,True,False,CATDANNNNAPRF,TGTGCTACTGATGCCAATAACAACAATGCCCCACGATTT,684,1,None,None
ACACCCTAGAGGTAGA-1,False,ACACCCTAGAGGTAGA-1_contig_1,False,505,TRB,TRBV13-1,None,TRBJ2-3,None,True,True,CASGDSAETLYF,TGTGCCAGCGGGGACAGTGCAGAAACGCTGTATTTT,1994,1,None,None
ACACCCTAGATACACA-1,False,ACACCCTAGATACACA-1_contig_1,False,383,TRB,TRBV13-2,None,TRBJ1-5,TRBC1,True,False,CASGTGDNQAPLF,TGTGCCAGCGGGACAGGGGACAACCAGGCTCCGCTTTTT,1944,1,None,None
ACACCCTAGATGGCGT-1,False,ACACCCTAGATGGCGT-1_contig_1,False,517,TRB,TRBV26,None,TRBJ2-1,None,True,True,CASSLHKFYAEQFF,TGTGCCAGCAGTCTGCACAAATTCTATGCTGAGCAGTTCTTC,936,1,None,None
ACACCCTAGCAACGGT-1,False,ACACCCTAGCAACGGT-1_contig_1,False,505,TRB,TRBV13-1,None,TRBJ2-4,None,True,True,CASSEGTNTLYF,TGTGCCAGCAGTGAAGGAACAAACACCTTGTACTTT,1462,1,None,None
ACACCCTAGCCCGAAA-1,False,ACACCCTAGCCCGAAA-1_contig_1,False,568,TRA,TRAV4D-3,None,TRAJ27,TRAC,True,True,CAADGPNTGKLTF,TGTGCTGCGGACGGACCCAATACAGGCAAATTAACCTTT,1302,1,None,None
ACACCCTAGCGATCCC-1,False,ACACCCTAGCGATCCC-1_contig_1,False,554,TRB,TRBV12-2+TRBV13-2,None,TRBJ2-7,None,True,True,CASGVQGWEQYF,TGTGCCAGCGGTGTACAGGGGTGGGAACAGTACTTC,3218,2,None,None
ACACCCTAGCTACCGC-1,False,ACACCCTAGCTACCGC-1_contig_1,False,558,TRA,TRAV19,None,TRAJ39,TRAC,True,True,CAAGGNNAGAKLTF,TGCGCAGCAGGTGGGAATAATGCAGGTGCCAAGCTCACATTC,1392,1,None,None
ACACCCTAGCTCTCGG-1,False,ACACCCTAGCTCTCGG-1_contig_1,False,567,TRB,TRBV12-2+TRBV13-2,None,TRBJ2-7,None,True,True,CASGTGGDYEQYF,TGTGCCAGCGGGACTGGGGGGGACTATGAACAGTACTTC,1592,1,None,None
ACACCCTAGGACCACA-1,False,ACACCCTAGGACCACA-1_contig_1,False,525,TRA,TRAV7N-6,None,TRAJ30,TRAC,True,True,CAVVDTNAYKVIF,TGTGCAGTGGTTGACACAAATGCTTACAAAGTCATCTTT,876,1,None,None
ACACCCTAGGACCACA-1,False,ACACCCTAGGACCACA-1_contig_2,False,555,TRB,TRBV3,None,TRBJ2-5,None,True,False,None,None,3998,1,None,None
ACACCCTAGGACTGGT-1,False,ACACCCTAGGACTGGT-1_contig_1,False,526,TRA,TRAV19,None,TRAJ39,TRAC,True,True,CAAGGNNAGAKLTF,TGCGCAGCAGGTGGGAATAATGCAGGTGCCAAGCTCACATTC,732,1,None,None
ACACCCTAGTGCGATG-1,False,ACACCCTAGTGCGATG-1_contig_1,False,525,TRA,TRAV7N-6,None,TRAJ30,TRAC,True,True,CAVVDTNAYKVIF,TGTGCAGTGGTTGACACAAATGCTTACAAAGTCATCTTT,384,1,None,None
ACACCCTAGTTTCCTT-1,False,ACACCCTAGTTTCCTT-1_contig_1,False,566,TRA,TRAV3-3,None,TRAJ49,TRAC,True,True,CAVSGATGYQNFYF,TGCGCAGTCAGTGGGGCCACGGGTTACCAGAACTTCTATTTT,1410,1,None,None
ACACCCTCAATAACGA-1,False,ACACCCTCAATAACGA-1_contig_1,False,554,TRB,TRBV12-2+TRBV13-2,None,TRBJ2-7,None,True,True,CASGVQGGEQYF,TGTGCCAGCGGTGTGCAGGGGGGAGAACAGTACTTC,3808,2,None,None
ACACCCTCAGCTGCTG-1,False,ACACCCTCAGCTGCTG-1_contig_1,False,566,TRA,TRAV3-3,None,TRAJ49,TRAC,True,True,CAVSGSTGYQNFYF,TGCGCAGTCAGTGGGAGCACGGGTTACCAGAACTTCTATTTT,1500,1,None,None
ACACCCTCAGCTGCTG-1,False,ACACCCTCAGCTGCTG-1_contig_2,True,645,TRB,None,None,TRBJ2-5,None,False,False,None,None,1418,2,None,None
ACACCCTCAGGGTTAG-1,False,ACACCCTCAGGGTTAG-1_contig_1,False,561,TRB,TRBV12-2+TRBV13-2,None,TRBJ2-7,None,True,True,CASGVQGGEQYF,TGTGCCAGCGGTGTGCAGGGGGGAGAACAGTACTTC,1462,1,None,None
ACACCCTGTAAGGGAA-1,False,ACACCCTGTAAGGGAA-1_contig_1,False,333,TRB,TRBV13-2,None,TRBJ2-7,None,True,False,CASGAGGDYEQYF,TGTGCCAGCGGTGCTGGGGGGGACTATGAACAGTACTTC,2658,1,None,None
ACACCCTGTCAAGCGA-1,False,ACACCCTGTCAAGCGA-1_contig_1,False,523,TRA,TRAV6D-5,None,TRAJ38,TRAC,True,False,CTTVFWDNVGDNSKLIW,TGTACTACTGTGTTCTGGGATAATGTTGGTGACAACAGTAAGCTGATTTGG,158,2,None,None
ACACCCTGTCAGAATA-1,False,ACACCCTGTCAGAATA-1_contig_1,False,561,TRB,TRBV12-2+TRBV13-2,None,TRBJ1-5,TRBC1,True,True,CASGTGDNQAPLF,TGTGCCAGCGGTACAGGAGACAACCAGGCTCCGCTTTTT,482,2,None,None
ACACCCTGTGCCTGTG-1,False,ACACCCTGTGCCTGTG-1_contig_1,False,549,TRB,TRBV16,None,TRBJ2-5,None,True,True,CASSLGGGQDTQYF,TGTGCAAGCAGCTTAGGGGGGGGCCAAGACACCCAGTACTTT,1596,1,None,None
ACACCCTGTGCCTGTG-1,False,ACACCCTGTGCCTGTG-1_contig_2,False,552,TRA,TRAV3-3,None,TRAJ45,TRAC,True,True,CAVRNTEGADRLTF,TGCGCAGTCAGGAATACAGAAGGTGCAGATAGACTCACCTTT,1680,1,None,None
ACACCCTGTGGCCCTA-1,False,ACACCCTGTGGCCCTA-1_contig_1,False,573,TRB,TRBV12-2+TRBV13-2,None,TRBJ2-3,None,True,True,CASGDAPPGEGTLYF,TGTGCCAGCGGTGATGCACCTCCAGGGGAGGGAACGCTGTATTTT,1618,1,None,None
ACACCCTGTTCCGGCA-1,False,ACACCCTGTTCCGGCA-1_contig_1,False,552,TRB,TRBV16,None,TRBJ2-4,None,True,True,CASSSPWGGQNTLYF,TGTGCAAGCAGCTCCCCCTGGGGGGGTCAAAACACCTTGTACTTT,1200,2,None,None
ACACCCTGTTCCGGCA-1,False,ACACCCTGTTCCGGCA-1_contig_2,False,558,TRA,TRAV19,None,TRAJ39,TRAC,True,True,CAAGGNNAGAKLTF,TGCGCAGCAGGTGGGAATAATGCAGGTGCCAAGCTCACATTC,1436,2,None,None
ACACCCTGTTCCGGCA-1,False,ACACCCTGTTCCGGCA-1_contig_3,False,600,TRA,TRAV14D-2,None,TRAJ13,TRAC,True,True,CAATSANSGTYQRF,TGTGCAGCAACCTCTGCAAATTCTGGGACTTACCAGAGGTTT,1250,1,None,None
ACACCCTTCAGCTCTC-1,False,ACACCCTTCAGCTCTC-1_contig_1,False,553,TRB,TRBV12-2+TRBV13-2,None,TRBJ2-7,None,True,True,CASGVQGWEQYF,TGTGCCAGCGGTGTACAGGGGTGGGAACAGTACTTC,1546,1,None,None
ACACCCTTCGTCCGTT-1,False,ACACCCTTCGTCCGTT-1_contig_1,False,573,TRA,TRAV19,None,TRAJ39,TRAC,True,True,CAAGGNNAGAKLTF,TGCGCAGCAGGTGGGAATAATGCAGGTGCCAAGCTCACATTC,992,1,None,None
ACACCCTTCGTTTAGG-1,False,ACACCCTTCGTTTAGG-1_contig_1,False,566,TRA,TRAV12-2,None,TRAJ34,TRAC,True,True,CALSGNTNKVVF,TGTGCTTTGAGTGGCAATACCAACAAAGTCGTCTTT,992,1,None,None
ACACCGGAGAAACCGC-1,False,ACACCGGAGAAACCGC-1_contig_1,False,544,TRA,TRAV6-6,None,TRAJ24,TRAC,True,True,CAPLTTASLGKLQF,TGTGCTCCGTTGACAACTGCCAGTTTGGGGAAACTGCAGTTT,2652,1,None,None
ACACCGGAGAAGCCCA-1,False,ACACCGGAGAAGCCCA-1_contig_1,False,641,TRB,TRBV12-2+TRBV13-2,None,TRBJ1-2,TRBC1,True,True,CASGGGTGNSDYTF,TGTGCCAGCGGTGGGGGGACAGGGAACTCCGACTACACCTTC,1052,1,None,None
ACACCGGAGAATGTGT-1,False,ACACCGGAGAATGTGT-1_contig_1,False,525,TRB,TRBV17,None,TRBJ2-5,None,True,True,CASSRKGVQDTQYF,TGTGCTAGCAGTAGAAAGGGGGTCCAAGACACCCAGTACTTT,2526,1,None,None
ACACCGGAGGAGTAGA-1,False,ACACCGGAGGAGTAGA-1_contig_1,False,608,TRB,TRBV13-1,None,TRBJ2-3,None,True,False,CASGDSAETLYF,TGTGCCAGCGGGGACAGTGCAGAAACGCTGTATTTT,1140,1,None,None
ACACCGGAGTCCGGTC-1,False,ACACCGGAGTCCGGTC-1_contig_1,False,522,TRA,TRAV6-6,None,TRAJ24,TRAC,True,True,CAPLTTASLGKLQF,TGTGCTCCGTTGACAACTGCCAGTTTGGGGAAACTGCAGTTT,4738,2,None,None
ACACCGGAGTCCGGTC-1,False,ACACCGGAGTCCGGTC-1_contig_2,False,526,TRA,TRAV14N-3,None,TRAJ6,TRAC,True,True,CAARTSGGNYKPTF,TGTGCAGCAAGAACCTCAGGAGGAAACTACAAACCTACGTTT,5414,3,None,None
ACACCGGAGTCCGGTC-1,False,ACACCGGAGTCCGGTC-1_contig_3,False,512,TRB,TRBV13-1,None,TRBJ2-4,None,True,True,CASSEGTNTLYF,TGTGCCAGCAGTGAAGGAACAAACACCTTGTACTTT,16228,12,None,None
ACACCGGAGTCCGGTC-1,False,ACACCGGAGTCCGGTC-1_contig_4,False,549,TRA,TRAV8N-2,None,TRAJ13,TRAC,True,True,CATEDSGTYQRF,TGTGCTACTGAGGATTCTGGGACTTACCAGAGGTTT,1920,2,None,None
ACACCGGAGTCCGGTC-1,False,ACACCGGAGTCCGGTC-1_contig_5,False,566,TRB,TRBV12-2+TRBV13-2,None,TRBJ2-7,None,True,True,CASGTGGDYEQYF,TGTGCCAGCGGGACTGGGGGGGACTATGAACAGTACTTC,8684,11,None,None
ACACCGGAGTCCGGTC-1,False,ACACCGGAGTCCGGTC-1_contig_6,False,799,TRA,TRAV9D-2,None,TRAJ26,TRAC,True,False,CVLSRGNNYAQGLTF,TGTGTTCTGAGCAGGGGCAATAACTATGCCCAGGGATTAACCTTC,892,1,None,None
ACACCGGAGTCGTTTG-1,False,ACACCGGAGTCGTTTG-1_contig_1,False,367,TRB,None,None,TRBJ1-6,TRBC1,False,False,None,None,2248,1,None,None
ACACCGGCAAACCCAT-1,False,ACACCGGCAAACCCAT-1_contig_1,False,321,TRB,None,None,TRBJ2-7,None,False,False,None,None,266,1,None,None
ACACCGGCAGGAATCG-1,False,ACACCGGCAGGAATCG-1_contig_1,False,510,TRA,TRAV13D-2,None,TRAJ11,TRAC,True,True,CAIDLDSGYNKLTF,TGTGCTATAGATCTTGACTCGGGATACAACAAACTCACTTTT,226,2,None,None
ACACCGGCAGTGAGTG-1,False,ACACCGGCAGTGAGTG-1_contig_1,False,563,TRB,TRBV12-2+TRBV13-2,None,TRBJ1-5,TRBC1,True,True,CASGTGDNQAPLF,TGTGCCAGCGGTACAGGGGACAACCAGGCTCCGCTTTTT,154,1,None,None
ACACCGGCATGACGGA-1,False,ACACCGGCATGACGGA-1_contig_1,False,555,TRA,TRAV7-3,None,TRAJ38,TRAC,True,True,CAVSAANVGDNSKLIW,TGTGCAGTGAGCGCGGCGAATGTTGGTGACAACAGTAAGCTGATTTGG,7332,4,None,None
ACACCGGCATGACGGA-1,False,ACACCGGCATGACGGA-1_contig_2,False,536,TRA,TRAV6-6,None,TRAJ24,TRAC,True,True,CAPLTTASLGKLQF,TGTGCTCCGTTGACAACTGCCAGTTTGGGGAAACTGCAGTTT,6968,3,None,None
ACACCGGCATGACGGA-1,False,ACACCGGCATGACGGA-1_contig_3,False,512,TRB,TRBV13-1,None,TRBJ2-4,None,True,True,CASSEGTNTLYF,TGTGCCAGCAGTGAAGGAACAAACACCTTGTACTTT,37582,30,None,None
ACACCGGCATGACGGA-1,False,ACACCGGCATGACGGA-1_contig_4,False,505,TRB,TRBV13-1,None,TRBJ2-7,None,True,True,CASSGGHLEQYF,TGTGCCAGCAGTGGGGGACACCTTGAACAGTACTTC,8894,5,None,None
ACACCGGCATGACGGA-1,False,ACACCGGCATGACGGA-1_contig_5,False,522,TRA,TRAV7N-6,None,TRAJ34,TRAC,True,True,CAISSNTNKVVF,TGTGCAATTTCTTCCAATACCAACAAAGTCGTCTTT,2442,2,None,None
ACACCGGCATGACGGA-1,False,ACACCGGCATGACGGA-1_contig_6,False,579,TRB,TRBV12-2+TRBV13-2,None,TRBJ2-5,None,True,False,CASGDW,TGTGCCAGCGGTGACTGG,1324,1,None,None
ACACCGGCATGACGGA-1,False,ACACCGGCATGACGGA-1_contig_7,False,429,TRA,TRAV9D-2,None,TRAJ26,TRAC,True,False,CVLSRGNNYAQGLTF,TGTGTTCTGAGCAGGGGCAATAACTATGCCCAGGGATTAACCTTC,702,1,None,None
ACACCGGGTAAGTTCC-1,False,ACACCGGGTAAGTTCC-1_contig_1,False,556,TRA,TRAV19,None,TRAJ39,TRAC,True,True,CAAGGNNAGAKLTF,TGCGCAGCAGGTGGGAATAATGCAGGTGCCAAGCTCACATTC,10628,9,None,None
ACACCGGGTAAGTTCC-1,False,ACACCGGGTAAGTTCC-1_contig_2,False,505,TRB,TRBV13-1,None,TRBJ2-4,None,True,True,CASSEGTNTLYF,TGTGCCAGCAGTGAAGGAACAAACACCTTGTACTTT,8288,8,None,None
ACACCGGGTAAGTTCC-1,False,ACACCGGGTAAGTTCC-1_contig_3,False,522,TRB,TRBV5,None,TRBJ1-5,TRBC1,True,True,CASSHPGQNNQAPLF,TGTGCCAGCAGCCACCCGGGACAGAACAACCAGGCTCCGCTTTTT,5734,4,None,None
ACACCGGGTAAGTTCC-1,False,ACACCGGGTAAGTTCC-1_contig_4,False,582,TRB,TRBV12-2+TRBV13-2,None,TRBJ1-2,TRBC1,True,True,CASGGGTGNSDYTF,TGTGCCAGCGGTGGGGGGACAGGGAACTCCGACTACACCTTC,31148,34,None,None
ACACCGGGTAAGTTCC-1,False,ACACCGGGTAAGTTCC-1_contig_5,False,408,TRB,None,None,TRBJ2-2,None,False,False,None,None,2266,2,None,None
ACACCGGGTAAGTTCC-1,False,ACACCGGGTAAGTTCC-1_contig_6,False,495,TRB,None,None,TRBJ2-1,None,False,False,None,None,7768,10,None,None
ACACCGGGTAAGTTCC-1,False,ACACCGGGTAAGTTCC-1_contig_7,False,304,TRA,None,None,TRAJ37,TRAC,False,False,None,None,4230,5,None,None
ACACCGGGTAAGTTCC-1,False,ACACCGGGTAAGTTCC-1_contig_8,False,434,TRA,TRAV9D-2,None,TRAJ26,TRAC,True,False,CVLSRGNNYAQGLTF,TGTGTTCTGAGCAGGGGCAATAACTATGCCCAGGGATTAACCTTC,2218,3,None,None
ACACCGGGTCGTGGCT-1,False,ACACCGGGTCGTGGCT-1_contig_1,False,558,TRA,TRAV13D-2,None,TRAJ11,TRAC,True,True,CAIDLDSGYNKLTF,TGTGCTATAGATCTTGACTCGGGATACAACAAACTCACTTTT,2180,1,None,None
ACACCGGGTCTAGCGC-1,False,ACACCGGGTCTAGCGC-1_contig_1,False,515,TRA,TRAV19,None,TRAJ39,TRAC,True,True,CAAGGNNAGAKLTF,TGCGCAGCAGGTGGGAATAATGCAGGTGCCAAGCTCACATTC,2170,1,None,None
ACACCGGGTCTCTTTA-1,False,ACACCGGGTCTCTTTA-1_contig_1,False,566,TRB,TRBV12-2+TRBV13-2,None,TRBJ1-2,TRBC1,True,True,CASGGGTGNSDYTF,TGTGCCAGCGGTGGGGGGACAGGGAACTCCGACTACACCTTC,862,1,None,None
ACACCGGGTCTGGAGA-1,False,ACACCGGGTCTGGAGA-1_contig_1,False,546,TRB,TRBV12-2+TRBV13-2,None,TRBJ2-7,None,True,True,CASGVQGEQYF,TGTGCCAGCGGTGTTCAGGGAGAACAGTACTTC,864,1,None,None
ACACCGGGTCTTTCAT-1,False,ACACCGGGTCTTTCAT-1_contig_1,False,542,TRA,TRAV3D-3,None,TRAJ28,TRAC,True,False,CTSAQSVRGTGSNRLTF,TGTACTTCTGCGCAGTCAGTGAGGGGCACTGGGAGTAACAGGCTCACTTTT,1202,1,None,None
ACACCGGGTTGATTGC-1,False,ACACCGGGTTGATTGC-1_contig_1,False,572,TRB,TRBV12-2+TRBV13-2,None,TRBJ1-2,TRBC1,True,True,CASGGGTGNSDYTF,TGTGCCAGCGGTGGGGGGACAGGGAACTCCGACTACACCTTC,1022,1,None,None
ACACCGGTCAGCTCTC-1,False,ACACCGGTCAGCTCTC-1_contig_1,False,649,TRB,TRBV13-2,None,TRBJ1-2,TRBC1,True,True,CASGGGTGNSDYTF,TGTGCCAGCGGTGGGGGGACAGGGAACTCCGACTACACTTTC,1212,1,None,None
ACACCGGTCCTTAATC-1,False,ACACCGGTCCTTAATC-1_contig_1,False,502,TRB,TRBV13-1,None,TRBJ2-7,None,True,True,CASSGPLEQYF,TGTGCCAGCAGTGGGCCCCTGGAACAGTACTTC,938,1,None,None
ACACCGGTCGAATGCT-1,False,ACACCGGTCGAATGCT-1_contig_1,False,632,TRB,TRBV12-2+TRBV13-2,None,TRBJ1-2,TRBC1,True,True,CASGGGTGNSDYTF,TGTGCCAGCGGTGGGGGGACAGGGAACTCCGACTACACCTTC,1680,1,None,None
ACACCGGTCTAACTTC-1,False,ACACCGGTCTAACTTC-1_contig_1,False,512,TRB,TRBV13-1,None,TRBJ2-3,None,True,True,CASGDSAETLYF,TGTGCCAGCGGGGACAGTGCAGAAACGCTGTATTTT,1404,1,None,None
ACACCGGTCTAACTTC-1,False,ACACCGGTCTAACTTC-1_contig_2,False,518,TRB,TRBV26,None,TRBJ2-1,None,True,True,CASSLHKFYAEQFF,TGTGCCAGCAGTCTGCACAAATTCTATGCTGAGCAGTTCTTC,1680,1,None,None
ACACTGAAGCGTTGCC-1,False,ACACTGAAGCGTTGCC-1_contig_1,False,512,TRB,TRBV13-1,None,TRBJ2-4,None,True,True,CASSEGTNTLYF,TGTGCCAGCAGTGAAGGAACAAACACCTTGTACTTT,1666,1,None,None
ACACTGAAGTCTTGCA-1,False,ACACTGAAGTCTTGCA-1_contig_1,True,582,TRB,None,None,TRBJ1-3,TRBC1,False,False,None,None,4724,4,None,None
ACACTGAAGTCTTGCA-1,False,ACACTGAAGTCTTGCA-1_contig_2,True,506,TRA,TRAV13D-3,None,TRAJ34,TRAC,True,False,None,None,1932,1,None,None
ACACTGACAAGAAGAG-1,False,ACACTGACAAGAAGAG-1_contig_1,False,558,TRA,TRAV19,None,TRAJ39,TRAC,True,True,CAAGGNNAGAKLTF,TGCGCAGCAGGTGGGAATAATGCAGGTGCCAAGCTCACATTC,1388,1,None,None
ACACTGACAAGCGTAG-1,False,ACACTGACAAGCGTAG-1_contig_1,False,553,TRA,TRAV19,None,TRAJ39,TRAC,True,True,CAAGGNNAGAKLTF,TGCGCAGCAGGTGGGAATAATGCAGGTGCCAAGCTCACATTC,1650,1,None,None
ACACTGACACAGTCGC-1,False,ACACTGACACAGTCGC-1_contig_1,False,507,TRB,TRBV5,None,TRBJ2-2,None,True,True,CASSTGQLYF,TGTGCCAGCAGCACCGGGCAGCTCTACTTT,1244,2,None,None
ACACTGACAGCGATCC-1,False,ACACTGACAGCGATCC-1_contig_1,False,557,TRB,TRBV12-2+TRBV13-2,None,TRBJ1-2,TRBC1,True,True,CASGGGTGNSDYTF,TGTGCCAGCGGTGGGGGGACAGGGAACTCCGACTACACCTTC,554,1,None,None
ACACTGACATATGGTC-1,False,ACACTGACATATGGTC-1_contig_1,False,594,TRB,TRBV12-2+TRBV13-2,None,TRBJ2-7,None,True,True,CASGVQGEQYF,TGTGCCAGCGGTGTTCAGGGAGAACAGTACTTC,1286,1,None,None
ACACTGACATATGGTC-1,False,ACACTGACATATGGTC-1_contig_2,False,528,TRB,TRBV13-2,None,TRBJ1-2,TRBC1,True,True,CASGGGTGNSDYTF,TGTGCCAGCGGTGGGGGGACAGGGAACTCCGACTACACCTTC,798,1,None,None
ACACTGAGTCATGCCG-1,False,ACACTGAGTCATGCCG-1_contig_1,False,539,TRA,TRAV19,None,TRAJ39,TRAC,True,True,CAAGGNNAGAKLTF,TGCGCAGCAGGTGGGAATAATGCAGGTGCCAAGCTCACATTC,1574,1,None,None
ACACTGAGTCTGCGGT-1,False,ACACTGAGTCTGCGGT-1_contig_1,False,638,TRB,TRBV12-2+TRBV13-2,None,TRBJ1-2,TRBC1,True,True,CASGGGTGNSDYTF,TGTGCCAGCGGTGGGGGGACAGGGAACTCCGACTACACCTTC,1050,1,None,None
ACACTGAGTGCAACGA-1,False,ACACTGAGTGCAACGA-1_contig_1,False,523,TRA,TRAV8D-1,None,TRAJ30,TRAC,True,True,CATDTNAYKVIF,TGTGCTACTGACACAAATGCTTACAAAGTCATCTTT,722,1,None,None
ACACTGAGTGCTGTAT-1,False,ACACTGAGTGCTGTAT-1_contig_1,False,549,TRB,TRBV13-2,None,TRBJ2-5,None,True,True,CASGVQGDTQYF,TGTGCCAGCGGTGTTCAGGGGGACACCCAGTACTTT,1790,1,None,None
ACACTGAGTGGTCCGT-1,False,ACACTGAGTGGTCCGT-1_contig_1,False,498,TRA,TRAV21-DV12,None,TRAJ42,TRAC,True,True,CILRVHGGSNAKLTF,TGTATCCTGAGAGTCCATGGAGGAAGCAATGCAAAGCTAACCTTC,2102,1,None,None
ACACTGAGTTATCACG-1,False,ACACTGAGTTATCACG-1_contig_1,False,563,TRA,TRAV14N-3,None,TRAJ6,TRAC,True,True,CAARTSGGNYKPTF,TGTGCAGCAAGAACCTCAGGAGGAAACTACAAACCTACGTTT,294,1,None,None
ACACTGAGTTTCGCTC-1,False,ACACTGAGTTTCGCTC-1_contig_1,False,563,TRB,TRBV12-2+TRBV13-2,None,TRBJ2-5,None,True,True,CASGAGMEDTQYF,TGTGCCAGCGGTGCAGGGATGGAAGACACCCAGTACTTT,894,1,None,None
ACACTGAGTTTCGCTC-1,False,ACACTGAGTTTCGCTC-1_contig_2,False,356,TRB,None,None,TRBJ2-7,None,False,False,None,None,2198,1,None,None
ACACTGATCCGGCACA-1,False,ACACTGATCCGGCACA-1_contig_1,False,505,TRB,TRBV13-1,None,TRBJ2-3,None,True,True,CASGDSAETLYF,TGTGCCAGCGGGGACAGTGCAGAAACGCTGTATTTT,2174,1,None,None
ACAGCCGAGTTCGCGC-1,False,ACAGCCGAGTTCGCGC-1_contig_1,False,425,TRB,None,None,TRBJ2-4,None,False,False,None,None,1440,1,None,None
ACAGCCGCACCTTGTC-1,False,ACAGCCGCACCTTGTC-1_contig_1,False,596,TRB,TRBV3,None,TRBJ2-5,None,True,True,CASSFDQDTQYF,TGTGCCAGCAGCTTTGACCAAGACACCCAGTACTTT,2008,1,None,None
ACAGCCGCACGTGAGA-1,False,ACAGCCGCACGTGAGA-1_contig_1,False,549,TRB,TRBV16,None,TRBJ2-5,None,True,True,CASSLGGGQDTQYF,TGTGCAAGCAGCTTAGGGGGGGGCCAAGACACCCAGTACTTT,1674,1,None,None
ACAGCCGCAGACGTAG-1,False,ACAGCCGCAGACGTAG-1_contig_1,False,552,TRA,TRAV8N-2,None,TRAJ43,TRAC,True,False,CATDANNNNAPRF,TGTGCTACTGATGCCAATAACAACAATGCCCCACGATTT,1314,1,None,None
ACAGCCGCAGGGTTAG-1,False,ACAGCCGCAGGGTTAG-1_contig_1,False,538,TRA,TRAV16D-DV11,None,TRAJ9,TRAC,True,True,CAMRESNMGYKLTF,TGTGCTATGAGAGAGAGCAACATGGGCTACAAACTTACCTTC,1140,1,None,None
ACAGCCGGTATCACCA-1,False,ACAGCCGGTATCACCA-1_contig_1,False,566,TRB,TRBV12-2+TRBV13-2,None,TRBJ1-2,TRBC1,True,True,CASGGGTGNSDYTF,TGTGCCAGCGGTGGGGGGACAGGGAACTCCGACTACACCTTC,684,1,None,None
ACAGCCGGTCCGACGT-1,False,ACAGCCGGTCCGACGT-1_contig_1,False,558,TRB,TRBV12-2+TRBV13-2,None,TRBJ2-1,None,True,True,CASGDPFQFF,TGTGCCAGCGGTGATCCTTTCCAGTTCTTC,1852,1,None,None
ACAGCCGGTCGGGTCT-1,False,ACAGCCGGTCGGGTCT-1_contig_1,False,549,TRB,TRBV16,None,TRBJ2-5,None,True,True,CASSLGGGQDTQYF,TGTGCAAGCAGCTTAGGGGGGGGCCAAGACACCCAGTACTTT,2016,1,None,None
ACAGCCGGTCGTCTTC-1,False,ACAGCCGGTCGTCTTC-1_contig_1,False,613,TRB,TRBV12-2+TRBV13-2,None,TRBJ2-7,None,True,True,CASGVQGEQYF,TGTGCCAGCGGTGTTCAGGGAGAACAGTACTTC,1840,1,None,None
ACAGCCGGTCTAGAGG-1,False,ACAGCCGGTCTAGAGG-1_contig_1,False,562,TRB,TRBV12-2+TRBV13-2,None,TRBJ2-4,None,True,True,CASGTGDTLYF,TGTGCCAGCGGTACGGGCGACACCTTGTACTTT,1022,1,None,None
ACAGCCGGTCTAGTGT-1,False,ACAGCCGGTCTAGTGT-1_contig_1,False,639,TRB,TRBV12-2+TRBV13-2,None,TRBJ1-5,TRBC1,True,True,CASGTGDNQAPLF,TGTGCCAGCGGTACAGGGGATAACCAGGCTCCGCTTTTT,1386,1,None,None
ACAGCCGGTCTCCATC-1,False,ACAGCCGGTCTCCATC-1_contig_1,False,575,TRB,TRBV13-1,None,TRBJ2-3,None,True,False,CASGDSAETLYF,TGTGCCAGCGGGGACAGTGCAGAAACGCTGTATTTT,1508,1,None,None
ACAGCCGGTCTGGAGA-1,False,ACAGCCGGTCTGGAGA-1_contig_1,False,566,TRA,TRAV12-2,None,TRAJ34,TRAC,True,True,CALSGNTNKVVF,TGTGCTTTGAGTGGCAATACCAACAAAGTCGTCTTT,1576,1,None,None
ACAGCCGGTTCACCTC-1,False,ACAGCCGGTTCACCTC-1_contig_1,False,503,TRB,TRBV13-1,None,TRBJ2-3,None,True,True,CASGDSAETLYF,TGTGCCAGCGGGGACAGTGCAGAAACGCTGTATTTT,1444,1,None,None
ACAGCCGGTTCGAATC-1,False,ACAGCCGGTTCGAATC-1_contig_1,False,562,TRB,TRBV12-2+TRBV13-2,None,TRBJ2-7,None,True,True,CASGTGGDYEQYF,TGTGCCAGCGGGACTGGGGGGGACTATGAACAGTACTTC,772,1,None,None
ACAGCCGGTTGTGGAG-1,False,ACAGCCGGTTGTGGAG-1_contig_1,False,519,TRA,TRAV8-1,None,TRAJ30,TRAC,True,True,CASDTNAYKVIF,TGTGCTAGTGACACAAATGCTTACAAAGTCATCTTT,1196,1,None,None
ACAGCCGGTTGTGGAG-1,False,ACAGCCGGTTGTGGAG-1_contig_2,True,543,TRB,TRBV12-2+TRBV13-2,None,TRBJ1-5,None,True,True,CASGTGDNQAPLF,TGTGCCAGCGGGACAGGGGACAACCAGGCTCCGCTTTTT,1070,1,None,None
ACAGCCGGTTGTGGAG-1,False,ACAGCCGGTTGTGGAG-1_contig_3,True,358,TRB,TRBV13-2,None,TRBJ1-5,TRBC1,True,False,CASGTGDNQAPLF,TGTGCCAGCGGGACAGGGGACAACCAGGCTCCGCTTTTT,1974,1,None,None
ACAGCCGGTTGTGGAG-1,False,ACAGCCGGTTGTGGAG-1_contig_4,True,357,TRB,None,None,TRBJ2-7,None,False,False,None,None,3572,2,None,None
ACAGCCGGTTGTGGAG-1,False,ACAGCCGGTTGTGGAG-1_contig_5,True,528,TRA,TRAV11,None,TRAJ34,TRAC,True,False,CWMTLPPTSVWWGSNTNKVVF,TGCTGGATGACACTGCCACCTACATCTGTGTGGTGGGGTTCCAATACCAACAAAGTCGTCTTT,1942,1,None,None
ACAGCCGGTTTGCATG-1,False,ACAGCCGGTTTGCATG-1_contig_1,False,535,TRA,TRAV10,None,TRAJ30,TRAC,True,True,CAARDTNAYKVIF,TGTGCAGCAAGGGACACAAATGCTTACAAAGTCATCTTT,1620,1,None,None
ACAGCCGTCACCCGAG-1,False,ACAGCCGTCACCCGAG-1_contig_1,False,483,TRA,TRAV6D-3,None,TRAJ30,TRAC,True,False,CAMSDDTNAYKVIF,TGTGCTATGAGTGATGACACAAATGCTTACAAAGTCATCTTT,1342,1,None,None
ACAGCCGTCACCCGAG-1,False,ACAGCCGTCACCCGAG-1_contig_2,False,312,TRB,TRBV13-2,None,TRBJ1-5,TRBC1,True,False,CASGTGDNQAPLF,TGTGCCAGCGGGACAGGGGACAACCAGGCTCCGCTTTTT,3172,1,None,None
ACAGCCGTCCGGGTGT-1,False,ACAGCCGTCCGGGTGT-1_contig_1,False,634,TRB,TRBV12-2+TRBV13-2,None,TRBJ1-5,TRBC1,True,True,CASGTGDNQAPLF,TGTGCCAGCGGTACAGGGGACAACCAGGCTCCGCTTTTT,802,1,None,None
ACAGCCGTCCTTGGTC-1,False,ACAGCCGTCCTTGGTC-1_contig_1,False,509,TRB,TRBV13-1,None,TRBJ2-2,None,True,True,CASSDPGQLYF,TGTGCCAGCAGTGACCCCGGGCAGCTCTACTTT,1234,1,None,None
ACAGCCGTCGCGTAGC-1,False,ACAGCCGTCGCGTAGC-1_contig_1,False,561,TRB,TRBV12-2+TRBV13-2,None,TRBJ1-5,TRBC1,True,True,CASGTGDNQAPLF,TGTGCCAGCGGGACAGGGGACAACCAGGCTCCGCTTTTT,118,2,None,None
ACAGCCGTCTCAACTT-1,False,ACAGCCGTCTCAACTT-1_contig_1,False,539,TRB,None,None,TRBJ2-1,None,False,False,None,None,1296,1,None,None
ACAGCCGTCTTTACAC-1,False,ACAGCCGTCTTTACAC-1_contig_1,False,652,TRA,TRAV14N-3,None,TRAJ6,TRAC,True,True,CAARTSGGNYKPTF,TGTGCAGCAAGAACCTCAGGAGGAAACTACAAACCTACGTTT,20972,15,None,None
ACAGCCGTCTTTACAC-1,False,ACAGCCGTCTTTACAC-1_contig_2,False,566,TRA,TRAV3-3,None,TRAJ49,TRAC,True,True,CAVSGSTGYQNFYF,TGCGCAGTCAGTGGGAGCACGGGTTACCAGAACTTCTATTTT,7106,8,None,None
ACAGCCGTCTTTACAC-1,False,ACAGCCGTCTTTACAC-1_contig_3,False,597,TRB,TRBV12-2+TRBV13-2,None,TRBJ2-7,None,True,True,CASGVQGWEQYF,TGTGCCAGCGGTGTACAGGGGTGGGAACAGTACTTC,7468,7,None,None
ACAGCCGTCTTTACAC-1,False,ACAGCCGTCTTTACAC-1_contig_4,False,549,TRA,TRAV8N-2,None,TRAJ13,TRAC,True,True,CATEDSGTYQRF,TGTGCTACTGAGGATTCTGGGACTTACCAGAGGTTT,27234,20,None,None
ACAGCCGTCTTTACAC-1,False,ACAGCCGTCTTTACAC-1_contig_5,False,600,TRB,TRBV12-2+TRBV13-2,None,TRBJ2-7,None,True,True,CASGTGGDYEQYF,TGTGCCAGCGGGACTGGGGGGGACTATGAACAGTACTTC,1376,2,None,None
ACAGCCGTCTTTACAC-1,False,ACAGCCGTCTTTACAC-1_contig_6,False,374,TRB,None,None,TRBJ1-2,TRBC1,False,False,None,None,2648,1,None,None
ACAGCCGTCTTTACAC-1,False,ACAGCCGTCTTTACAC-1_contig_7,False,608,TRB,None,None,TRBJ2-5,None,False,False,None,None,6638,5,None,None
ACAGCCGTCTTTACAC-1,False,ACAGCCGTCTTTACAC-1_contig_8,False,539,TRA,TRAV6D-5,None,TRAJ38,TRAC,True,False,CTTVFWDNVGDNSKLIW,TGTACTACTGTGTTCTGGGATAATGTTGGTGACAACAGTAAGCTGATTTGG,1718,1,None,None
ACAGCTAAGATATGCA-1,False,ACAGCTAAGATATGCA-1_contig_1,False,639,TRB,TRBV12-2+TRBV13-2,None,TRBJ1-2,TRBC1,True,True,CASGGGTGNSDYTF,TGTGCCAGCGGTGGGGGGACAGGGAACTCCGACTACACCTTC,1066,1,None,None
ACAGCTAAGCCATCGC-1,False,ACAGCTAAGCCATCGC-1_contig_1,False,601,TRB,TRBV13-1,None,TRBJ2-3,None,True,False,CASGDSAETLYF,TGTGCCAGCGGGGACAGTGCAGAAACGCTGTATTTT,1548,1,None,None
ACAGCTAAGCTGTTCA-1,False,ACAGCTAAGCTGTTCA-1_contig_1,False,531,TRA,TRAV13D-2,None,TRAJ11,TRAC,True,True,CAIDLDSGYNKLTF,TGTGCTATAGATCTTGACTCGGGATACAACAAACTCACTTTT,1432,1,None,None
ACAGCTAAGGAGCGAG-1,False,ACAGCTAAGGAGCGAG-1_contig_1,False,437,TRB,None,None,TRBJ1-2,TRBC1,False,False,None,None,1970,1,None,None
ACAGCTAAGTCAAGCG-1,False,ACAGCTAAGTCAAGCG-1_contig_1,False,568,TRB,TRBV12-2+TRBV13-2,None,TRBJ1-2,TRBC1,True,True,CASGGGTGNSDYTF,TGTGCCAGCGGTGGGGGGACAGGGAACTCCGACTACACCTTC,1306,1,None,None
ACAGCTAAGTCACGCC-1,False,ACAGCTAAGTCACGCC-1_contig_1,False,539,TRB,TRBV12-2+TRBV13-2,None,TRBJ2-7,None,True,True,CASGTGGDYEQYF,TGTGCCAGCGGGACTGGGGGGGACTATGAACAGTACTTC,910,1,None,None
ACAGCTAAGTCTTGCA-1,False,ACAGCTAAGTCTTGCA-1_contig_1,False,524,TRA,TRAV14N-3,None,TRAJ6,TRAC,True,True,CAARSSGGNYKPTF,TGTGCAGCAAGGTCCTCAGGAGGAAACTACAAACCTACGTTT,2038,1,None,None
ACAGCTAAGTGCCAGA-1,False,ACAGCTAAGTGCCAGA-1_contig_1,False,567,TRB,TRBV12-2+TRBV13-2,None,TRBJ1-2,TRBC1,True,True,CASGGGTGNSDYTF,TGTGCCAGCGGTGGGGGGACAGGGAACTCCGACTACACCTTC,1100,1,None,None
ACAGCTACAAGTCTAC-1,False,ACAGCTACAAGTCTAC-1_contig_1,False,556,TRA,TRAV19,None,TRAJ39,TRAC,True,True,CAAGGNNAGAKLTF,TGCGCAGCAGGTGGGAATAATGCAGGTGCCAAGCTCACATTC,1226,1,None,None
ACAGCTACACTACAGT-1,False,ACAGCTACACTACAGT-1_contig_1,False,568,TRB,TRBV12-2+TRBV13-2,None,TRBJ1-2,TRBC1,True,True,CASGGGTGNSDYTF,TGTGCCAGCGGTGGGGGGACAGGGAACTCCGACTACACCTTC,2054,1,None,None
ACAGCTACAGGGCATA-1,False,ACAGCTACAGGGCATA-1_contig_1,False,512,TRB,TRBV13-1,None,TRBJ2-3,None,True,True,CASGDSAETLYF,TGTGCCAGCGGGGACAGTGCAGAAACGCTGTATTTT,1570,1,None,None
ACAGCTACATTTGCCC-1,False,ACAGCTACATTTGCCC-1_contig_1,False,637,TRB,TRBV12-2+TRBV13-2,None,TRBJ1-5,TRBC1,True,True,CATGTGDQAPLF,TGTGCCACCGGGACAGGGGACCAGGCTCCGCTTTTT,650,1,None,None
ACAGCTAGTACTCGCG-1,False,ACAGCTAGTACTCGCG-1_contig_1,False,549,TRB,TRBV16,None,TRBJ2-7,None,True,True,CASSLGGGGDEQYF,TGTGCAAGCAGCTTAGGTGGGGGGGGCGATGAACAGTACTTC,1234,2,None,None
ACAGCTAGTACTCGCG-1,False,ACAGCTAGTACTCGCG-1_contig_2,False,560,TRB,TRBV12-2+TRBV13-2,None,TRBJ1-2,TRBC1,True,True,CASGGGTGNSDYTF,TGTGCCAGCGGTGGGGGGACAGGGAACTCCGACTACACCTTC,1558,1,None,None
ACAGCTAGTCTAGAGG-1,False,ACAGCTAGTCTAGAGG-1_contig_1,False,518,TRA,TRAV19,None,TRAJ39,TRAC,True,True,CAAGGNNAGAKLTF,TGCGCAGCAGGTGGGAATAATGCAGGTGCCAAGCTCACATTC,2368,1,None,None
ACAGCTAGTGCAGTAG-1,False,ACAGCTAGTGCAGTAG-1_contig_1,False,640,TRB,TRBV12-2+TRBV13-2,None,TRBJ1-2,TRBC1,True,True,CASGGGTGNSDYTF,TGTGCCAGCGGTGGGGGGACAGGGAACTCCGACTACACCTTC,1194,1,None,None
ACAGCTAGTGTTCGAT-1,False,ACAGCTAGTGTTCGAT-1_contig_1,False,378,TRB,None,None,TRBJ2-7,None,False,False,None,None,70,1,None,None
ACAGCTAGTTACCGAT-1,False,ACAGCTAGTTACCGAT-1_contig_1,False,549,TRB,TRBV16,None,TRBJ2-5,None,True,True,CASSLGGGQDTQYF,TGTGCAAGCAGCTTAGGGGGGGGGCAAGACACCCAGTACTTT,1982,1,None,None
ACAGCTAGTTATGCGT-1,False,ACAGCTAGTTATGCGT-1_contig_1,False,638,TRB,TRBV12-2+TRBV13-2,None,TRBJ1-2,TRBC1,True,True,CASGGGTGNSDYTF,TGTGCCAGCGGTGGGGGGACAGGGAACTCCGACTACACCTTC,984,1,None,None
ACAGCTATCACAAACC-1,False,ACAGCTATCACAAACC-1_contig_1,False,562,TRB,TRBV12-2+TRBV13-2,None,TRBJ2-5,None,True,True,CASGVQGDTQYF,TGTGCCAGCGGTGTTCAGGGGGACACCCAGTACTTT,1388,1,None,None
ACAGCTATCACCTTAT-1,False,ACAGCTATCACCTTAT-1_contig_1,False,564,TRB,TRBV12-2+TRBV13-2,None,TRBJ1-5,TRBC1,True,True,CASGTGDNQAPLF,TGTGCCAGCGGGACAGGGGACAACCAGGCTCCGCTTTTT,2062,1,None,None
ACAGCTATCCTGTAGA-1,False,ACAGCTATCCTGTAGA-1_contig_1,False,549,TRB,TRBV16,None,TRBJ2-5,None,True,True,CASSLGGGQDTQYF,TGTGCAAGCAGCTTAGGGGGGGGCCAAGACACCCAGTACTTT,2440,1,None,None
ACAGCTATCGACAGCC-1,False,ACAGCTATCGACAGCC-1_contig_1,False,550,TRA,TRAV4D-3,None,TRAJ27,TRAC,True,True,CAADGPNTGKLTF,TGTGCTGCGGACGGACCCAATACAGGCAAATTAACCTTT,208,1,None,None
ACAGCTATCGGCGCAT-1,False,ACAGCTATCGGCGCAT-1_contig_1,False,522,TRB,TRBV5,None,TRBJ1-5,TRBC1,True,True,CASSQAGENNQAPLF,TGTGCCAGCAGCCAAGCAGGGGAGAACAACCAGGCTCCGCTTTTT,2352,1,None,None
ACATACGCAAGGTTCT-1,False,ACATACGCAAGGTTCT-1_contig_1,False,563,TRB,TRBV12-2+TRBV13-2,None,TRBJ2-7,None,True,True,CASGTGGDYEQYF,TGTGCCAGCGGGACTGGGGGGGACTATGAACAGTACTTC,268,2,None,None
ACATACGCAATAGAGT-1,False,ACATACGCAATAGAGT-1_contig_1,False,561,TRA,TRAV4D-4,None,TRAJ45,TRAC,True,True,CAAYTEGADRLTF,TGTGCTGCCTATACAGAAGGTGCAGATAGACTCACCTTT,2168,1,None,None
ACATACGCAATCGGTT-1,False,ACATACGCAATCGGTT-1_contig_1,False,568,TRB,TRBV12-2+TRBV13-2,None,TRBJ1-2,TRBC1,True,True,CASGGGTGNSDYTF,TGTGCCAGCGGTGGGGGGACAGGGAACTCCGACTACACCTTC,1696,1,None,None
ACATACGCACTTAAGC-1,False,ACATACGCACTTAAGC-1_contig_1,False,560,TRB,TRBV12-2+TRBV13-2,None,TRBJ1-2,TRBC1,True,True,CASGGGTGNSDYTF,TGTGCCAGCGGTGGGGGGACAGGGAACTCCGACTACACCTTC,884,1,None,None
ACATACGCAGTCGTGC-1,False,ACATACGCAGTCGTGC-1_contig_1,False,527,TRB,TRBV15,None,TRBJ1-3,TRBC1,True,True,CASSLNRGSSGNTLYF,TGTGCCAGCAGTTTAAACAGGGGGAGTTCTGGAAATACGCTCTATTTT,2236,1,None,None
ACATACGCATAAAGGT-1,False,ACATACGCATAAAGGT-1_contig_1,False,727,TRA,TRAV13D-4,None,TRAJ9,TRAC,True,False,None,None,1810,1,None,None
ACATACGCATAACCTG-1,False,ACATACGCATAACCTG-1_contig_1,False,582,TRB,TRBV12-2+TRBV13-2,None,TRBJ1-2,TRBC1,True,True,CASGGGTGNSDYTF,TGTGCCAGCGGTGGGGGGACAGGGAACTCCGACTACACCTTC,3614,2,None,None
ACATACGGTACGCTGC-1,False,ACATACGGTACGCTGC-1_contig_1,False,563,TRB,TRBV12-2+TRBV13-2,None,TRBJ2-1,None,True,True,CASGAGDYAEQFF,TGTGCCAGCGGTGCTGGGGACTATGCTGAGCAGTTCTTC,1262,1,None,None
ACATACGGTCCGAGTC-1,False,ACATACGGTCCGAGTC-1_contig_1,False,532,TRA,TRAV13-4-DV7,None,TRAJ58,TRAC,True,True,CAPMQQGTGSKLSF,TGTGCTCCTATGCAGCAAGGCACTGGGTCTAAGCTGTCATTT,240,2,None,None
ACATACGGTCGGCATC-1,False,ACATACGGTCGGCATC-1_contig_1,False,505,TRB,TRBV13-1,None,TRBJ2-3,None,True,True,CASGDSAETLYF,TGTGCCAGCGGGGACAGTGCAGAAACGCTGTATTTT,2584,2,None,None
ACATACGGTCGGCATC-1,False,ACATACGGTCGGCATC-1_contig_2,True,538,TRA,TRAV3D-3,None,TRAJ28,TRAC,True,False,CTSAQSVRGTGSNRLTF,TGTACTTCTGCGCAGTCAGTGAGGGGCACTGGGAGTAACAGGCTCACTTTT,1906,1,None,None
ACATACGGTCTCCACT-1,False,ACATACGGTCTCCACT-1_contig_1,False,523,TRA,TRAV19,None,TRAJ39,TRAC,True,True,CAAGGNNAGAKLTF,TGCGCAGCAGGTGGGAATAATGCAGGTGCCAAGCTCACATTC,430,1,None,None
ACATACGGTGCACCAC-1,False,ACATACGGTGCACCAC-1_contig_1,False,605,TRA,TRAV12D-3,None,TRAJ26,TRAC,True,True,CALSESYAQGLTF,TGTGCTCTGAGTGAGAGCTATGCCCAGGGATTAACCTTC,1876,1,None,None
ACATACGGTGCACTTA-1,False,ACATACGGTGCACTTA-1_contig_1,False,519,TRA,TRAV14N-3,None,TRAJ30,TRAC,True,False,None,None,1736,1,None,None
ACATACGGTTCACCTC-1,False,ACATACGGTTCACCTC-1_contig_1,False,561,TRB,TRBV12-2+TRBV13-2,None,TRBJ2-5,None,True,True,CASGVQGDTQYF,TGTGCCAGCGGTGTTCAGGGGGACACCCAGTACTTT,1290,1,None,None
ACATACGGTTCGCGAC-1,False,ACATACGGTTCGCGAC-1_contig_1,False,549,TRB,TRBV16,None,TRBJ2-7,None,True,True,CASSFGGGADEQYF,TGTGCAAGCAGCTTTGGTGGGGGGGCGGATGAACAGTACTTC,676,1,None,None
ACATACGGTTGAGTTC-1,False,ACATACGGTTGAGTTC-1_contig_1,False,514,TRB,TRBV12-2+TRBV13-2,None,TRBJ2-7,None,True,False,CASGDPRPYF,TGTGCCAGCGGTGATCCCAGACCGTACTTC,2054,1,None,None
ACATACGTCCGAGCCA-1,False,ACATACGTCCGAGCCA-1_contig_1,False,568,TRA,TRAV4D-3,None,TRAJ27,TRAC,True,True,CAADGPNTGKLTF,TGTGCTGCGGACGGACCCAATACAGGCAAATTAACCTTT,1730,1,None,None
ACATCAGAGAGGTAGA-1,False,ACATCAGAGAGGTAGA-1_contig_1,False,572,TRB,TRBV12-2+TRBV13-2,None,TRBJ2-7,None,True,True,CASGTGGDYEQYF,TGTGCCAGCGGGACTGGGGGGGACTATGAACAGTACTTC,1102,1,None,None
ACATCAGAGGAACTGC-1,False,ACATCAGAGGAACTGC-1_contig_1,False,617,TRB,TRBV13-2,None,TRBJ1-2,TRBC1,True,True,CASGGGTGNSDYTF,TGTGCCAGCGGTGGGGGGACAGGGAACTCCGACTACACCTTC,1434,1,None,None
ACATCAGAGTATTGGA-1,False,ACATCAGAGTATTGGA-1_contig_1,False,535,TRA,TRAV19,None,TRAJ39,TRAC,True,True,CAAGGNNAGAKLTF,TGCGCAGCAGGTGGGAATAATGCAGGTGCCAAGCTCACATTC,1798,1,None,None
ACATCAGAGTATTGGA-1,False,ACATCAGAGTATTGGA-1_contig_2,False,436,TRB,TRBV16,None,TRBJ2-5,None,True,False,CASSLGGYQDTQYF,TGTGCAAGCAGCTTAGGGGGCTACCAAGACACCCAGTACTTT,1816,1,None,None
ACATCAGAGTCCATAC-1,False,ACATCAGAGTCCATAC-1_contig_1,False,507,TRA,TRAV21-DV12,None,TRAJ42,TRAC,True,True,CILRVHGGSNAKLTF,TGTATCCTGAGAGTCCATGGAGGAAGCAATGCAAAGCTAACCTTC,1140,1,None,None
ACATCAGAGTTATCGC-1,False,ACATCAGAGTTATCGC-1_contig_1,False,566,TRA,TRAV3-3,None,TRAJ49,TRAC,True,True,CAVSGATGYQNFYF,TGCGCAGTCAGTGGGGCCACGGGTTACCAGAACTTCTATTTT,4224,1,None,None
ACATCAGAGTTATCGC-1,False,ACATCAGAGTTATCGC-1_contig_2,False,568,TRB,TRBV12-2+TRBV13-2,None,TRBJ1-2,TRBC1,True,True,CASGGGTGNSDYTF,TGTGCCAGCGGTGGGGGGACAGGGAACTCCGACTACACCTTC,982,1,None,None
ACATCAGCAAGCGATG-1,False,ACATCAGCAAGCGATG-1_contig_1,False,578,TRB,TRBV12-2+TRBV13-2,None,TRBJ2-1,None,True,True,CASGTGDYAEQFF,TGTGCCAGCGGGACTGGGGACTATGCTGAGCAGTTCTTC,1654,1,None,None
ACATCAGCACCAGATT-1,False,ACATCAGCACCAGATT-1_contig_1,False,552,TRA,TRAV8N-2,None,TRAJ43,TRAC,True,False,CATDANNNNAPRF,TGTGCTACTGATGCCAATAACAACAATGCCCCACGATTT,1644,1,None,None
ACATCAGCACGGCGTT-1,False,ACATCAGCACGGCGTT-1_contig_1,False,475,TRA,TRAV4D-4,None,TRAJ45,TRAC,True,False,CAAYTEGADRLTF,TGTGCTGCCTATACAGAAGGTGCAGATAGACTCACCTTT,2936,1,None,None
ACATCAGCACGTCAGC-1,False,ACATCAGCACGTCAGC-1_contig_1,False,391,TRB,None,None,TRBJ2-7,None,False,False,None,None,258,1,None,None
ACATCAGCAGCCTTTC-1,False,ACATCAGCAGCCTTTC-1_contig_1,False,509,TRB,TRBV13-1,None,TRBJ2-7,None,True,True,CASSGPLEQYF,TGTGCCAGCAGTGGGCCCCTGGAACAGTACTTC,4544,3,None,None
ACATCAGCAGGAACGT-1,False,ACATCAGCAGGAACGT-1_contig_1,False,470,TRB,TRBV13-2,None,TRBJ2-1,None,True,False,CASGDPFQFF,TGTGCCAGCGGTGATCCTTTCCAGTTCTTC,2256,1,None,None
ACATCAGCAGTATCTG-1,False,ACATCAGCAGTATCTG-1_contig_1,False,561,TRB,TRBV12-2+TRBV13-2,None,TRBJ2-7,None,True,True,CASGVQGGEQYF,TGTGCCAGCGGTGTGCAGGGGGGAGAACAGTACTTC,562,1,None,None
ACATCAGCAGTCTTCC-1,False,ACATCAGCAGTCTTCC-1_contig_1,False,477,TRA,TRAV8N-2,None,TRAJ52,TRAC,True,False,None,None,2310,1,None,None
ACATCAGCATGGGAAC-1,False,ACATCAGCATGGGAAC-1_contig_1,False,611,TRA,TRAV17,None,TRAJ57,TRAC,True,True,CALGNQGGSAKLIF,TGTGCACTGGGGAATCAAGGAGGGTCTGCGAAGCTCATCTTT,1574,1,None,None
ACATCAGCATTAACCG-1,False,ACATCAGCATTAACCG-1_contig_1,False,566,TRB,TRBV12-2+TRBV13-2,None,TRBJ1-2,TRBC1,True,True,CASGGGTGNSDYTF,TGTGCCAGCGGTGGGGGGACAGGGAACTCCGACTACACCTTC,1340,1,None,None
ACATCAGGTAAGGGCT-1,False,ACATCAGGTAAGGGCT-1_contig_1,False,545,TRB,TRBV13-2,None,TRBJ1-5,TRBC1,True,True,CASGTGDNQAPLF,TGTGCCAGCGGGACAGGGGACAACCAGGCTCCGCTTTTT,1054,1,None,None
ACATCAGGTACTTAGC-1,False,ACATCAGGTACTTAGC-1_contig_1,False,564,TRB,TRBV12-2+TRBV13-2,None,TRBJ1-5,TRBC1,True,True,CASGTGDNQAPLF,TGTGCCAGCGGTACAGGGGACAACCAGGCTCCGCTTTTT,840,1,None,None
ACATCAGGTAGCGCAA-1,False,ACATCAGGTAGCGCAA-1_contig_1,False,568,TRB,TRBV12-2+TRBV13-2,None,TRBJ1-2,TRBC1,True,True,CASGGGTGNSDYTF,TGTGCCAGCGGTGGGGGGACAGGGAACTCCGACTACACCTTC,1452,1,None,None
ACATCAGGTATCGCAT-1,False,ACATCAGGTATCGCAT-1_contig_1,False,807,TRA,TRAV9D-2,None,TRAJ26,TRAC,True,False,CVLSRGNNYAQGLTF,TGTGTTCTGAGCAGGGGCAATAACTATGCCCAGGGATTAACCTTC,1930,1,None,None
ACATCAGGTCATGCAT-1,False,ACATCAGGTCATGCAT-1_contig_1,False,558,TRA,TRAV19,None,TRAJ39,TRAC,True,True,CAAGGNNAGAKLTF,TGCGCAGCAGGTGGGAATAATGCAGGTGCCAAGCTCACATTC,1622,1,None,None
ACATCAGGTGACCAAG-1,False,ACATCAGGTGACCAAG-1_contig_1,False,519,TRA,TRAV6-6,None,TRAJ24,TRAC,True,True,CAPLTTASLGKLQF,TGTGCTCCGTTGACAACTGCCAGTTTGGGGAAACTGCAGTTT,6752,4,None,None
ACATCAGGTGACCAAG-1,False,ACATCAGGTGACCAAG-1_contig_2,False,502,TRB,TRBV13-1,None,TRBJ2-5,None,True,True,CASSDAGTQYF,TGTGCCAGCAGTGATGCGGGCACCCAGTACTTT,5976,5,None,None
ACATCAGGTGACCAAG-1,False,ACATCAGGTGACCAAG-1_contig_3,False,505,TRB,TRBV13-1,None,TRBJ2-4,None,True,True,CASSEGTNTLYF,TGTGCCAGCAGTGAAGGAACAAACACCTTGTACTTT,23110,19,None,None
ACATCAGGTGACCAAG-1,False,ACATCAGGTGACCAAG-1_contig_4,False,550,TRA,TRAV16N,None,TRAJ22,TRAC,True,True,CAMREAASSGSWQLIF,TGTGCTATGAGAGAGGCAGCATCTTCTGGCAGCTGGCAACTCATCTTT,5812,3,None,None
ACATCAGGTGACCAAG-1,False,ACATCAGGTGACCAAG-1_contig_5,False,718,TRB,TRBV19,None,TRBJ1-3,TRBC1,True,True,CASTHRDSGNTLYF,TGTGCCAGCACCCACAGGGATTCTGGAAATACGCTCTATTTT,6836,4,None,None
ACATCAGGTGACCAAG-1,False,ACATCAGGTGACCAAG-1_contig_6,False,711,TRA,TRAV9D-2,None,TRAJ26,TRAC,True,True,CVLSRGNNYAQGLTF,TGTGTTCTGAGCAGGGGCAATAACTATGCCCAGGGATTAACCTTC,21388,10,None,None
ACATCAGGTGACCAAG-1,False,ACATCAGGTGACCAAG-1_contig_7,False,395,TRB,None,None,TRBJ2-7,None,False,False,None,None,3636,2,None,None
ACATCAGTCCAGAAGG-1,False,ACATCAGTCCAGAAGG-1_contig_1,False,372,TRB,None,None,TRBJ1-6,TRBC1,False,False,None,None,2084,1,None,None
ACATCAGTCGATGAGG-1,False,ACATCAGTCGATGAGG-1_contig_1,False,568,TRB,TRBV12-2+TRBV13-2,None,TRBJ1-2,TRBC1,True,True,CASGGGTGNSDYTF,TGTGCCAGCGGTGGGGGGACAGGGAACTCCGACTACACCTTC,1390,1,None,None
ACATCAGTCGCCGTGA-1,False,ACATCAGTCGCCGTGA-1_contig_1,False,558,TRA,TRAV19,None,TRAJ39,TRAC,True,True,CAAGGNNAGAKLTF,TGCGCAGCAGGTGGGAATAATGCAGGTGCCAAGCTCACATTC,1824,1,None,None
ACATCAGTCGCCGTGA-1,False,ACATCAGTCGCCGTGA-1_contig_2,False,557,TRB,TRBV12-2+TRBV13-2,None,TRBJ1-2,TRBC1,True,True,CASGGGTGNSDYTF,TGTGCCAGCGGTGGGGGGACAGGGAACTCCGACTACACCTTC,612,1,None,None
ACATCAGTCGGAAACG-1,False,ACATCAGTCGGAAACG-1_contig_1,False,545,TRB,TRBV13-2,None,TRBJ2-1,None,True,True,CASGAGDYAEQFF,TGTGCCAGCGGTGCTGGGGATTATGCTGAGCAGTTCTTC,1562,1,None,None
ACATCAGTCGTGACAT-1,False,ACATCAGTCGTGACAT-1_contig_1,False,518,TRB,TRBV13-2,None,TRBJ1-2,TRBC1,True,True,CASGGGTGNSDYTF,TGTGCCAGCGGTGGGGGGACAGGGAACTCCGACTACACCTTC,1036,1,None,None
ACATGGTAGCGTGAGT-1,False,ACATGGTAGCGTGAGT-1_contig_1,True,557,TRA,TRAV4D-4,None,TRAJ26,TRAC,True,True,CAARNNYAQGLTF,TGTGCTGCTAGGAATAACTATGCCCAGGGATTAACCTTC,2802,1,None,None
ACATGGTAGCGTGAGT-1,False,ACATGGTAGCGTGAGT-1_contig_2,True,736,TRA,TRAV6N-7,None,TRAJ42,TRAC,True,False,CTTVLWVPRRGGSNAKLTF,TGTACTACTGTGCTCTGGGTGCCCAGAAGGGGAGGAAGCAATGCAAAGCTAACCTTC,974,2,None,None
ACATGGTAGGAATTAC-1,False,ACATGGTAGGAATTAC-1_contig_1,False,512,TRB,TRBV13-1,None,TRBJ2-4,None,True,True,CASSEGTNTLYF,TGTGCCAGCAGTGAAGGAACAAACACCTTGTACTTT,1016,1,None,None
ACATGGTAGGCTAGGT-1,False,ACATGGTAGGCTAGGT-1_contig_1,False,549,TRB,TRBV16,None,TRBJ2-5,None,True,True,CASSFGGGLDTQYF,TGTGCAAGCAGCTTTGGGGGGGGCCTGGACACCCAGTACTTT,1184,1,None,None
ACATGGTAGTAATCCC-1,False,ACATGGTAGTAATCCC-1_contig_1,False,560,TRB,TRBV12-2+TRBV13-2,None,TRBJ2-7,None,True,True,CASGVQGWEQYF,TGTGCCAGCGGTGTACAGGGGTGGGAACAGTACTTC,1076,1,None,None
ACATGGTCACAGCGTC-1,False,ACATGGTCACAGCGTC-1_contig_1,False,507,TRB,TRBV10,None,TRBJ1-4,TRBC1,True,False,None,None,1902,1,None,None
ACATGGTCAGCTGCAC-1,False,ACATGGTCAGCTGCAC-1_contig_1,False,539,TRB,TRBV16,None,TRBJ2-7,None,True,True,CASSFGGGADEQYF,TGTGCAAGCAGCTTTGGTGGGGGGGCGGATGAACAGTACTTC,1958,1,None,None
ACATGGTGTCATGCAT-1,False,ACATGGTGTCATGCAT-1_contig_1,False,557,TRB,TRBV12-2+TRBV13-2,None,TRBJ1-2,TRBC1,True,True,CASGGGTGNSDYTF,TGTGCCAGCGGTGGGGGGACAGGGAACTCCGACTACACCTTC,1172,1,None,None
ACATGGTGTCCGTTAA-1,False,ACATGGTGTCCGTTAA-1_contig_1,False,525,TRB,TRBV13-2,None,TRBJ2-1,None,True,True,CASGTGDYAEQFF,TGTGCCAGCGGGACTGGGGACTATGCTGAGCAGTTCTTC,938,1,None,None
ACATGGTGTGCAGACA-1,False,ACATGGTGTGCAGACA-1_contig_1,False,354,TRB,TRBV13-2,None,TRBJ1-5,TRBC1,True,False,CASGTGDNQAPLF,TGTGCCAGCGGGACAGGGGACAACCAGGCTCCGCTTTTT,2318,1,None,None
ACATGGTGTGTGCCTG-1,False,ACATGGTGTGTGCCTG-1_contig_1,False,568,TRB,TRBV12-2+TRBV13-2,None,TRBJ1-2,TRBC1,True,True,CASGGGTGNSDYTF,TGTGCCAGCGGTGGGGGGACAGGGAACTCCGACTACACCTTC,1986,2,None,None
ACATGGTTCGAATGCT-1,False,ACATGGTTCGAATGCT-1_contig_1,False,438,TRB,None,None,TRBJ1-6,TRBC1,False,False,None,None,1712,1,None,None
ACATGGTTCTCCAGGG-1,False,ACATGGTTCTCCAGGG-1_contig_1,False,559,TRB,TRBV12-2+TRBV13-2,None,TRBJ2-7,None,True,True,CASGVQGEQYF,TGTGCCAGCGGTGTTCAGGGAGAACAGTACTTC,1242,1,None,None
ACATGGTTCTTCGGTC-1,False,ACATGGTTCTTCGGTC-1_contig_1,True,311,TRB,TRBV13-2,None,TRBJ1-2,TRBC1,True,False,CASGGGTGNSDYTF,TGTGCCAGCGGTGGGGGGACAGGGAACTCCGACTACACCTTC,5636,3,None,None
ACCAGTAAGCGATTCT-1,False,ACCAGTAAGCGATTCT-1_contig_1,False,564,TRB,TRBV12-2+TRBV13-2,None,TRBJ1-2,TRBC1,True,True,CASGGGTGNSDYTF,TGTGCCAGCGGTGGGGGGACAGGGAACTCCGACTACACCTTC,1868,1,None,None
ACCAGTAAGGAGTACC-1,False,ACCAGTAAGGAGTACC-1_contig_1,False,430,TRA,TRAV9D-2,None,TRAJ26,TRAC,True,False,CVLSRGNNYAQGLTF,TGTGTTCTGAGCAGGGGCAATAACTATGCCCAGGGATTAACCTTC,2372,1,None,None
ACCAGTAAGGCCATAG-1,False,ACCAGTAAGGCCATAG-1_contig_1,False,512,TRB,TRBV13-1,None,TRBJ2-3,None,True,True,CASGDSAETLYF,TGTGCCAGCGGGGACAGTGCAGAAACGCTGTATTTT,1146,1,None,None
ACCAGTAAGGGAGTAA-1,False,ACCAGTAAGGGAGTAA-1_contig_1,False,586,TRB,TRBV12-2+TRBV13-2,None,TRBJ2-7,None,True,True,CASGAGGDYEQYF,TGTGCCAGCGGTGCTGGGGGGGACTATGAACAGTACTTC,1192,1,None,None
ACCAGTAAGTTCGCGC-1,False,ACCAGTAAGTTCGCGC-1_contig_1,False,511,TRB,None,None,TRBJ1-2,TRBC1,False,False,None,None,1992,1,None,None
ACCAGTACAGCGTAAG-1,False,ACCAGTACAGCGTAAG-1_contig_1,False,559,TRA,TRAV4D-3,None,TRAJ27,TRAC,True,True,CAADGPNTGKLTF,TGTGCTGCTGACGGGCCCAATACAGGCAAATTAACCTTT,1070,2,None,None
ACCAGTACAGCTGGCT-1,False,ACCAGTACAGCTGGCT-1_contig_1,False,566,TRB,TRBV12-2+TRBV13-2,None,TRBJ2-7,None,True,True,CASGVQGEQYF,TGTGCCAGCGGTGTTCAGGGAGAACAGTACTTC,1034,1,None,None
ACCAGTACATGTAAGA-1,False,ACCAGTACATGTAAGA-1_contig_1,False,549,TRB,TRBV16,None,TRBJ2-5,None,True,True,CASSLGGGQDTQYF,TGTGCAAGCAGCTTAGGGGGGGGCCAAGACACCCAGTACTTT,1850,1,None,None
ACCAGTAGTAAGCACG-1,False,ACCAGTAGTAAGCACG-1_contig_1,False,559,TRA,TRAV12-1,None,TRAJ9,TRAC,True,True,CALRGNMGYKLTF,TGTGCTCTGAGAGGCAACATGGGCTACAAACTTACCTTC,1938,1,None,None
ACCAGTAGTAGCGTCC-1,False,ACCAGTAGTAGCGTCC-1_contig_1,False,546,Multi,TRDV1,None,TRAJ43,TRAC,True,False,CGGLNNAPRF,TGTGGAGGCCTCAACAATGCCCCACGATTT,956,1,None,None
ACCAGTAGTATAAACG-1,False,ACCAGTAGTATAAACG-1_contig_1,False,619,TRB,None,None,TRBJ2-7,None,False,False,None,None,3450,1,None,None
ACCAGTAGTCATTAGC-1,False,ACCAGTAGTCATTAGC-1_contig_1,False,512,TRB,TRBV13-1,None,TRBJ2-5,None,True,True,CASSDGDDTQYF,TGTGCCAGCAGTGACGGGGACGACACCCAGTACTTT,2086,2,None,None
ACCAGTAGTCCAAGTT-1,False,ACCAGTAGTCCAAGTT-1_contig_1,False,519,TRA,TRAV6-6,None,TRAJ24,TRAC,True,True,CAPLTTASLGKLQF,TGTGCTCCGTTGACAACTGCCAGTTTGGGGAAACTGCAGTTT,1680,1,None,None
ACCAGTAGTGAGGGTT-1,False,ACCAGTAGTGAGGGTT-1_contig_1,False,566,TRA,TRAV3-3,None,TRAJ49,TRAC,True,True,CAVSGSTGYQNFYF,TGCGCAGTCAGTGGGAGCACGGGTTACCAGAACTTCTATTTT,1438,1,None,None
ACCAGTAGTGCGAAAC-1,False,ACCAGTAGTGCGAAAC-1_contig_1,False,559,TRA,TRAV4D-3,None,TRAJ27,TRAC,True,True,CAADGPNTGKLTF,TGTGCTGCGGACGGACCCAATACAGGCAAATTAACCTTT,592,1,None,None
ACCAGTAGTGCTCTTC-1,False,ACCAGTAGTGCTCTTC-1_contig_1,False,602,TRA,TRAV14N-3,None,TRAJ40,TRAC,True,True,CAATGVNTGNYKYVF,TGTGCAGCAACTGGTGTTAATACAGGAAACTACAAATACGTCTTT,1244,1,None,None
ACCAGTAGTGTCGCTG-1,False,ACCAGTAGTGTCGCTG-1_contig_1,False,549,TRB,TRBV16,None,TRBJ2-5,None,True,True,CASSLGGGQDTQYF,TGTGCAAGCAGCTTAGGGGGGGGCCAAGACACCCAGTACTTT,2382,2,None,None
ACCAGTAGTTATGTGC-1,False,ACCAGTAGTTATGTGC-1_contig_1,False,539,TRB,TRBV12-2+TRBV13-2,None,TRBJ2-1,None,True,True,CASGGYAEQFF,TGTGCCAGCGGGGGCTATGCTGAGCAGTTCTTC,1266,1,None,None
ACCAGTAGTTATGTGC-1,False,ACCAGTAGTTATGTGC-1_contig_2,False,546,TRA,TRAV8-1,None,TRAJ30,TRAC,True,True,CATDTNAYKVIF,TGTGCTACTGACACAAATGCTTACAAAGTCATCTTT,1746,1,None,None
ACCAGTAGTTTAAGCC-1,False,ACCAGTAGTTTAAGCC-1_contig_1,False,505,TRB,TRBV13-1,None,TRBJ2-3,None,True,True,CASGDSAETLYF,TGTGCCAGCGGGGACAGTGCAGAAACGCTGTATTTT,1392,1,None,None
ACCAGTATCAATCTCT-1,False,ACCAGTATCAATCTCT-1_contig_1,False,333,TRB,None,None,TRBJ2-1,None,False,False,None,None,2572,1,None,None
ACCAGTATCACAAACC-1,False,ACCAGTATCACAAACC-1_contig_1,False,530,TRA,TRAV19,None,TRAJ39,TRAC,True,True,CAAGGNNAGAKLTF,TGCGCAGCAGGTGGGAATAATGCAGGTGCCAAGCTCACATTC,1228,1,None,None
ACCAGTATCACAATGC-1,False,ACCAGTATCACAATGC-1_contig_1,False,492,TRA,TRAV8-1,None,TRAJ48,TRAC,True,True,CATDGNEKITF,TGTGCTACTGATGGAAATGAGAAAATAACTTTT,2326,2,None,None
ACCAGTATCAGCTGGC-1,False,ACCAGTATCAGCTGGC-1_contig_1,False,505,TRB,TRBV13-1,None,TRBJ2-4,None,True,True,CASSEGTNTLYF,TGTGCCAGCAGTGAAGGAACAAACACCTTGTACTTT,1562,1,None,None
ACCAGTATCGCTTGTC-1,False,ACCAGTATCGCTTGTC-1_contig_1,False,558,TRA,TRAV19,None,TRAJ39,TRAC,True,True,CAAGGNNAGAKLTF,TGCGCAGCAGGTGGGAATAATGCAGGTGCCAAGCTCACATTC,472,1,None,None
ACCAGTATCTGCCCTA-1,False,ACCAGTATCTGCCCTA-1_contig_1,False,562,TRB,TRBV12-2+TRBV13-2,None,TRBJ2-7,None,True,True,CASGVQGWEQYF,TGTGCCAGCGGTGTACAGGGGTGGGAACAGTACTTC,1476,1,None,None
ACCCACTAGCCCAGCT-1,False,ACCCACTAGCCCAGCT-1_contig_1,False,567,TRA,TRAV3D-3,None,TRAJ28,TRAC,True,False,CTSAQSVRGTGSNRLTF,TGTACTTCTGCGCAGTCAGTGAGGGGCACTGGGAGTAACAGGCTCACTTTT,1080,1,None,None
ACCCACTAGGAGTACC-1,False,ACCCACTAGGAGTACC-1_contig_1,False,525,TRB,TRBV17,None,TRBJ2-5,None,True,True,CASSRKGVQDTQYF,TGTGCTAGCAGTAGAAAGGGGGTCCAAGACACCCAGTACTTT,2178,1,None,None
ACCCACTAGTGTGAAT-1,False,ACCCACTAGTGTGAAT-1_contig_1,False,525,TRA,TRAV7N-6,None,TRAJ30,TRAC,True,True,CAVVDTNAYKVIF,TGTGCAGTGGTTGACACAAATGCTTACAAAGTCATCTTT,1768,1,None,None
ACCCACTCAAAGCGGT-1,False,ACCCACTCAAAGCGGT-1_contig_1,False,505,TRB,TRBV13-1,None,TRBJ2-3,None,True,True,CASGDSAETLYF,TGTGCCAGCGGGGACAGTGCAGAAACGCTGTATTTT,1626,1,None,None
ACCCACTCAAGACACG-1,False,ACCCACTCAAGACACG-1_contig_1,False,564,TRB,TRBV12-2+TRBV13-2,None,TRBJ2-7,None,True,True,CASGTGGDYEQYF,TGTGCCAGCGGGACTGGGGGGGACTATGAACAGTACTTC,1750,1,None,None
ACCCACTCAAGTTGTC-1,False,ACCCACTCAAGTTGTC-1_contig_1,False,566,TRB,TRBV12-2+TRBV13-2,None,TRBJ2-7,None,True,True,CASGTGGDYEQYF,TGTGCCAGCGGGACTGGGGGGGACTATGAACAGTACTTC,1520,1,None,None
ACCCACTCACAACTGT-1,False,ACCCACTCACAACTGT-1_contig_1,False,535,TRB,TRBV16,None,TRBJ2-5,None,True,True,CASSLGGGQDTQYF,TGTGCAAGCAGCTTAGGGGGGGGGCAAGACACCCAGTACTTT,1554,1,None,None
ACCCACTGTACTCGCG-1,False,ACCCACTGTACTCGCG-1_contig_1,False,518,TRA,TRAV8-1,None,TRAJ30,TRAC,True,True,CATDTNAYKVIF,TGTGCTACTGACACAAATGCTTACAAAGTCATCTTT,2034,1,None,None
ACCCACTGTATAGGGC-1,False,ACCCACTGTATAGGGC-1_contig_1,False,555,TRA,TRAV4-3,None,TRAJ27,TRAC,True,True,CAAANTNTGKLTF,TGTGCTGCTGCTAACACCAATACAGGCAAATTAACCTTT,1986,2,None,None
ACCCACTGTCACAAGG-1,False,ACCCACTGTCACAAGG-1_contig_1,False,507,TRB,TRBV5,None,TRBJ2-2,None,True,True,CASSTGQLYF,TGTGCCAGCAGCACCGGGCAGCTCTACTTT,2008,1,None,None
ACCCACTGTCACAAGG-1,False,ACCCACTGTCACAAGG-1_contig_2,False,560,TRB,TRBV13-2,None,TRBJ1-5,TRBC1,True,True,CASGTGDNQAPLF,TGTGCCAGCGGTACAGGAGACAACCAGGCTCCGCTTTTT,2752,2,None,None
ACCCACTGTCACCCAG-1,False,ACCCACTGTCACCCAG-1_contig_1,False,505,TRB,TRBV13-1,None,TRBJ2-3,None,True,True,CASGDSAETLYF,TGTGCCAGCGGGGACAGTGCAGAAACGCTGTATTTT,1428,1,None,None
ACCCACTGTGTTTGGT-1,False,ACCCACTGTGTTTGGT-1_contig_1,False,445,TRB,TRBV13-2,None,TRBJ1-5,TRBC1,True,False,CASGTGDNQAPLF,TGTGCCAGCGGGACAGGGGACAACCAGGCTCCGCTTTTT,1682,1,None,None
ACCCACTGTTTGTGTG-1,False,ACCCACTGTTTGTGTG-1_contig_1,False,563,TRB,TRBV12-2+TRBV13-2,None,TRBJ2-7,None,True,True,CASGVQGGEQYF,TGTGCCAGCGGTGTGCAGGGGGGAGAACAGTACTTC,1844,1,None,None
ACCCACTTCACCACCT-1,False,ACCCACTTCACCACCT-1_contig_1,False,547,TRA,TRAV16D-DV11,None,TRAJ26,TRAC,True,True,CAMREENNYAQGLTF,TGTGCTATGAGAGAGGAAAATAACTATGCCCAGGGATTAACCTTC,1920,1,None,None
ACCCACTTCCCAACGG-1,False,ACCCACTTCCCAACGG-1_contig_1,False,541,TRA,TRAV8D-1,None,TRAJ30,TRAC,True,True,CALDTNAYKVIF,TGTGCCCTCGACACAAATGCTTACAAAGTCATCTTT,514,1,None,None
ACCCACTTCCGTTGCT-1,False,ACCCACTTCCGTTGCT-1_contig_1,False,752,TRB,TRBV16,None,TRBJ2-7,None,True,False,CASSFGGGADEQYF,TGTGCAAGCAGCTTTGGTGGGGGGGCGGATGAACAGTACTTC,1560,1,None,None
ACCCACTTCGTTGACA-1,False,ACCCACTTCGTTGACA-1_contig_1,False,531,TRB,TRBV17,None,TRBJ2-1,None,True,True,CASSLLGGPDYAEQFF,TGTGCTAGCAGTCTACTGGGGGGGCCGGACTATGCTGAGCAGTTCTTC,1870,1,None,None
ACCCACTTCGTTTGCC-1,False,ACCCACTTCGTTTGCC-1_contig_1,False,519,TRA,TRAV7-3,None,TRAJ38,TRAC,True,True,CAVSAANVGDNSKLIW,TGTGCAGTGAGCGCGGCGAATGTTGGTGACAACAGTAAGCTGATTTGG,2292,1,None,None
ACCCACTTCTTTAGGG-1,False,ACCCACTTCTTTAGGG-1_contig_1,False,505,TRB,TRBV13-1,None,TRBJ2-4,None,True,True,CASSEGTNTLYF,TGTGCCAGCAGTGAAGGAACAAACACCTTGTACTTT,1206,1,None,None
ACCGTAAAGAAGAAGC-1,False,ACCGTAAAGAAGAAGC-1_contig_1,False,549,TRA,TRAV8N-2,None,TRAJ13,TRAC,True,True,CATEDSGTYQRF,TGTGCTACTGAGGATTCTGGGACTTACCAGAGGTTT,2000,1,None,None
ACCGTAAAGACGCACA-1,False,ACCGTAAAGACGCACA-1_contig_1,False,541,TRB,TRBV14,None,TRBJ2-7,None,True,True,CASSAGQNYEQYF,TGTGCCAGCAGTGCGGGACAAAACTATGAACAGTACTTC,2606,1,None,None
ACCGTAAAGAGCAATT-1,False,ACCGTAAAGAGCAATT-1_contig_1,False,517,TRA,TRAV6-6,None,TRAJ24,TRAC,True,True,CAPLTTASLGKLQF,TGTGCTCCGTTGACAACTGCCAGTTTGGGGAAACTGCAGTTT,2164,1,None,None
ACCGTAAAGAGGTTAT-1,False,ACCGTAAAGAGGTTAT-1_contig_1,False,573,TRB,TRBV12-2+TRBV13-2,None,TRBJ2-7,None,True,True,CASGVQGGEQYF,TGTGCCAGCGGTGTGCAGGGGGGAGAACAGTACTTC,1424,1,None,None
ACCGTAACACACCGAC-1,False,ACCGTAACACACCGAC-1_contig_1,False,565,TRB,TRBV12-2+TRBV13-2,None,TRBJ2-7,None,True,True,CASGTGGDYEQYF,TGTGCCAGCGGGACTGGGGGGGACTATGAACAGTACTTC,762,1,None,None
ACCGTAACACTTAAGC-1,False,ACCGTAACACTTAAGC-1_contig_1,False,674,TRB,TRBV13-2,None,TRBJ1-5,TRBC1,True,True,CASGTGDNQAPLF,TGTGCCAGCGGGACAGGAGACAACCAGGCTCCGCTTTTT,2182,1,None,None
ACCGTAACATCACAAC-1,False,ACCGTAACATCACAAC-1_contig_1,False,556,TRA,TRAV4D-3,None,TRAJ27,TRAC,True,True,CAADGPNTGKLTF,TGTGCTGCTGACGGGCCCAATACAGGCAAATTAACCTTT,658,1,None,None
ACCGTAAGTACACCGC-1,False,ACCGTAAGTACACCGC-1_contig_1,False,525,TRB,TRBV17,None,TRBJ2-5,None,True,True,CASSRKGVQDTQYF,TGTGCTAGCAGTAGAAAGGGGGTCCAAGACACCCAGTACTTT,1678,1,None,None
ACCGTAAGTACCAGTT-1,False,ACCGTAAGTACCAGTT-1_contig_1,False,508,TRB,TRBV13-1,None,TRBJ1-4,TRBC1,True,True,CASGTGANERLFF,TGTGCCAGCGGGACAGGGGCCAACGAAAGATTATTTTTC,1154,1,None,None
ACCGTAAGTACGAAAT-1,False,ACCGTAAGTACGAAAT-1_contig_1,False,304,TRB,None,None,TRBJ2-1,None,False,False,None,None,2436,1,None,None
ACCGTAAGTCACTTCC-1,False,ACCGTAAGTCACTTCC-1_contig_1,False,590,TRB,TRBV12-2+TRBV13-2,None,TRBJ1-2,TRBC1,True,True,CASGGGTGNSDYTF,TGTGCCAGCGGTGGGGGGACAGGGAACTCCGACTACACCTTC,2328,2,None,None
ACCGTAAGTCTACCTC-1,False,ACCGTAAGTCTACCTC-1_contig_1,False,635,TRB,TRBV12-2+TRBV13-2,None,TRBJ1-5,TRBC1,True,True,CASGTGDNQAPLF,TGTGCCAGCGGGACAGGGGACAACCAGGCTCCGCTTTTT,1074,1,None,None
ACCGTAAGTGACTACT-1,False,ACCGTAAGTGACTACT-1_contig_1,False,549,TRB,TRBV16,None,TRBJ2-5,None,True,True,CASSLGGGQDTQYF,TGTGCAAGCAGCTTAGGGGGGGGGCAAGACACCCAGTACTTT,974,1,None,None
ACCGTAAGTTGAGTTC-1,False,ACCGTAAGTTGAGTTC-1_contig_1,False,569,TRA,TRAV4D-3,None,TRAJ27,TRAC,True,True,CAADGPNTGKLTF,TGTGCTGCGGACGGACCCAATACAGGCAAATTAACCTTT,1528,1,None,None
ACCGTAATCACGCATA-1,False,ACCGTAATCACGCATA-1_contig_1,False,593,TRA,TRAV19,None,TRAJ39,TRAC,True,True,CAAGGNNAGAKLTF,TGCGCAGCAGGTGGGAATAATGCAGGTGCCAAGCTCACATTC,1770,1,None,None
ACCGTAATCACGCATA-1,False,ACCGTAATCACGCATA-1_contig_2,False,586,TRB,TRBV12-2+TRBV13-2,None,TRBJ1-2,TRBC1,True,True,CASGGGTGNSDYTF,TGTGCCAGCGGTGGGGGGACAGGGAACTCCGACTACACCTTC,1892,2,None,None
ACCGTAATCACGCATA-1,False,ACCGTAATCACGCATA-1_contig_3,False,565,TRB,TRBV12-2+TRBV13-2,None,TRBJ2-7,None,True,True,CASGTGGDYEQYF,TGTGCCAGCGGGACTGGGGGGGACTATGAACAGTACTTC,1258,1,None,None
ACCGTAATCCACTCCA-1,False,ACCGTAATCCACTCCA-1_contig_1,False,566,TRB,TRBV12-2+TRBV13-2,None,TRBJ1-2,TRBC1,True,True,CASGGGTGNSDYTF,TGTGCCAGCGGTGGGGGGACAGGGAACTCCGACTACACCTTC,974,1,None,None
ACCGTAATCCAGATCA-1,False,ACCGTAATCCAGATCA-1_contig_1,False,505,TRB,TRBV13-1,None,TRBJ2-4,None,True,True,CASSEGTNTLYF,TGTGCCAGCAGTGAAGGAACAAACACCTTGTACTTT,1366,1,None,None
ACCGTAATCGCACTCT-1,False,ACCGTAATCGCACTCT-1_contig_1,False,654,TRA,TRAV14N-3,None,TRAJ6,TRAC,True,True,CAARTSGGNYKPTF,TGTGCAGCAAGAACCTCAGGAGGAAACTACAAACCTACGTTT,7760,7,None,None
ACCGTAATCGCACTCT-1,False,ACCGTAATCGCACTCT-1_contig_10,False,714,TRA,TRAV9D-2,None,TRAJ26,None,True,False,CVLSRGNNYAQGLTF,TGTGTTCTGAGCAGGGGCAATAACTATGCCCAGGGATTAACCTTC,886,2,None,None
ACCGTAATCGCACTCT-1,False,ACCGTAATCGCACTCT-1_contig_2,False,566,TRA,TRAV3-3,None,TRAJ49,TRAC,True,True,CAVSGSTGYQNFYF,TGCGCAGTCAGTGGGAGCACGGGTTACCAGAACTTCTATTTT,5126,5,None,None
ACCGTAATCGCACTCT-1,False,ACCGTAATCGCACTCT-1_contig_3,False,512,TRB,TRBV13-1,None,TRBJ2-4,None,True,True,CASSEGTNTLYF,TGTGCCAGCAGTGAAGGAACAAACACCTTGTACTTT,8712,10,None,None
ACCGTAATCGCACTCT-1,False,ACCGTAATCGCACTCT-1_contig_4,False,562,TRB,TRBV12-2+TRBV13-2,None,TRBJ2-7,None,True,True,CASGVQGWEQYF,TGTGCCAGCGGTGTACAGGGGTGGGAACAGTACTTC,8352,12,None,None
ACCGTAATCGCACTCT-1,False,ACCGTAATCGCACTCT-1_contig_5,False,549,TRA,TRAV8N-2,None,TRAJ13,TRAC,True,True,CATEDSGTYQRF,TGTGCTACTGAGGATTCTGGGACTTACCAGAGGTTT,16442,16,None,None
ACCGTAATCGCACTCT-1,False,ACCGTAATCGCACTCT-1_contig_6,False,565,TRB,TRBV12-2+TRBV13-2,None,TRBJ2-7,None,True,True,CASGTGGDYEQYF,TGTGCCAGCGGGACTGGGGGGGACTATGAACAGTACTTC,9870,12,None,None
ACCGTAATCGCACTCT-1,False,ACCGTAATCGCACTCT-1_contig_7,False,369,TRA,TRAV6-6,None,TRAJ24,TRAC,True,False,CAPLTTASLGKLQF,TGTGCTCCGTTGACAACTGCCAGTTTGGGGAAACTGCAGTTT,1542,3,None,None
ACCGTAATCGCACTCT-1,False,ACCGTAATCGCACTCT-1_contig_8,False,356,TRB,None,None,TRBJ2-1,None,False,False,None,None,4660,6,None,None
ACCGTAATCGCACTCT-1,False,ACCGTAATCGCACTCT-1_contig_9,False,822,TRA,TRAV6D-5,None,TRAJ38,TRAC,True,False,CTTVFWDNVGDNSKLIW,TGTACTACTGTGTTCTGGGATAATGTTGGTGACAACAGTAAGCTGATTTGG,4036,4,None,None
ACCGTAATCTGCGTAA-1,False,ACCGTAATCTGCGTAA-1_contig_1,False,492,TRA,TRAV14N-3,None,TRAJ26,TRAC,True,False,CAARGNNYAQGLTF,TGTGCAGCAAGGGGGAATAACTATGCCCAGGGATTAACCTTC,2310,1,None,None
ACCTTTAAGAACTCGG-1,False,ACCTTTAAGAACTCGG-1_contig_1,False,557,TRB,TRBV12-2+TRBV13-2,None,TRBJ1-5,TRBC1,True,True,CASGTGDNQAPLF,TGTGCCAGCGGGACAGGGGACAACCAGGCTCCGCTTTTT,570,1,None,None
ACCTTTAAGAACTGTA-1,False,ACCTTTAAGAACTGTA-1_contig_1,False,554,TRA,TRAV8D-2,None,TRAJ4,TRAC,True,True,CATDPGSFNKLTF,TGTGCTACAGATCCTGGTAGCTTCAATAAGTTGACCTTT,2376,1,None,None
ACCTTTAAGAAGGACA-1,False,ACCTTTAAGAAGGACA-1_contig_1,False,554,TRB,TRBV12-2+TRBV13-2,None,TRBJ2-7,None,True,True,CASGDPRPYF,TGTGCCAGCGGTGATCCCAGACCGTACTTC,1400,1,None,None
ACCTTTAAGAAGGGTA-1,False,ACCTTTAAGAAGGGTA-1_contig_1,False,560,TRA,TRAV4D-3,None,TRAJ27,TRAC,True,True,CAADGPNTGKLTF,TGTGCTGCGGACGGACCCAATACAGGCAAATTAACCTTT,1436,1,None,None
ACCTTTAAGCATGGCA-1,False,ACCTTTAAGCATGGCA-1_contig_1,False,579,TRA,TRAV10N,None,TRAJ7,TRAC,True,True,CAPEPDYSNNRLTL,TGTGCACCGGAACCGGACTACAGCAACAACAGACTTACTTTG,2868,1,None,None
ACCTTTAAGCTAGCCC-1,False,ACCTTTAAGCTAGCCC-1_contig_1,False,512,TRB,TRBV13-1,None,TRBJ2-5,None,True,True,CASSDGDDTQYF,TGTGCCAGCAGTGACGGGGACGACACCCAGTACTTT,1976,1,None,None
ACCTTTAAGCTCCTCT-1,False,ACCTTTAAGCTCCTCT-1_contig_1,False,561,TRB,TRBV12-2+TRBV13-2,None,TRBJ2-7,None,True,True,CASGVQGWEQYF,TGTGCCAGCGGTGTACAGGGGTGGGAACAGTACTTC,1346,1,None,None
ACCTTTAAGGCATTGG-1,False,ACCTTTAAGGCATTGG-1_contig_1,False,567,TRB,TRBV12-2+TRBV13-2,None,TRBJ1-2,TRBC1,True,True,CASGGGTGNSDYTF,TGTGCCAGCGGTGGGGGGACAGGGAACTCCGACTACACCTTC,2012,1,None,None
ACCTTTAAGTCATCCA-1,False,ACCTTTAAGTCATCCA-1_contig_1,False,367,TRB,None,None,TRBJ2-1,None,False,False,None,None,2856,1,None,None
ACCTTTAAGTGAAGTT-1,False,ACCTTTAAGTGAAGTT-1_contig_1,False,640,TRB,TRBV12-2+TRBV13-2,None,TRBJ1-2,TRBC1,True,True,CASGGGTGNSDYTF,TGTGCCAGCGGTGGGGGGACAGGGAACTCCGACTACACCTTC,1440,1,None,None
ACCTTTACAATAAGCA-1,False,ACCTTTACAATAAGCA-1_contig_1,False,527,TRB,TRBV13-2,None,TRBJ1-2,TRBC1,True,True,CASGGGTGNSDYTF,TGTGCCAGCGGTGGGGGGACAGGGAACTCCGACTACACCTTC,2230,1,None,None
ACCTTTACACTGAAGG-1,False,ACCTTTACACTGAAGG-1_contig_1,False,549,TRA,TRAV8N-2,None,TRAJ13,TRAC,True,True,CATEDSGTYQRF,TGTGCTACTGAGGATTCTGGGACTTACCAGAGGTTT,2442,1,None,None
ACCTTTACATACGCTA-1,False,ACCTTTACATACGCTA-1_contig_1,False,532,TRA,TRAV19,None,TRAJ39,TRAC,True,True,CAAGGNNAGAKLTF,TGCGCAGCAGGTGGGAATAATGCAGGTGCCAAGCTCACATTC,3692,1,None,None
ACCTTTACATCCAACA-1,False,ACCTTTACATCCAACA-1_contig_1,False,522,TRA,TRAV7N-6,None,TRAJ34,TRAC,True,True,CAISSNTNKVVF,TGTGCAATTTCTTCCAATACCAACAAAGTCGTCTTT,844,1,None,None
ACCTTTAGTAGGACAC-1,False,ACCTTTAGTAGGACAC-1_contig_1,False,410,TRB,TRBV13-1,None,TRBJ2-2,None,True,False,CASSDPGQLYF,TGTGCCAGCAGTGACCCCGGGCAGCTCTACTTT,1104,1,None,None
ACCTTTAGTCGAATCT-1,False,ACCTTTAGTCGAATCT-1_contig_1,False,549,TRA,TRAV8N-2,None,TRAJ13,TRAC,True,True,CATEDSGTYQRF,TGTGCTACTGAGGATTCTGGGACTTACCAGAGGTTT,1136,1,None,None
ACCTTTAGTCGAATCT-1,False,ACCTTTAGTCGAATCT-1_contig_2,False,504,TRB,None,None,TRBJ2-7,None,False,False,None,None,1588,1,None,None
ACCTTTAGTTCGTGAT-1,False,ACCTTTAGTTCGTGAT-1_contig_1,False,535,TRB,TRBV16,None,TRBJ2-7,None,True,True,CASSLGGGLDEQYF,TGTGCAAGCAGCTTAGGGGGGGGGCTCGATGAACAGTACTTC,1658,1,None,None
ACCTTTATCACCTTAT-1,False,ACCTTTATCACCTTAT-1_contig_1,False,567,TRB,TRBV12-2+TRBV13-2,None,TRBJ1-2,TRBC1,True,True,CASGGGTGNSDYTF,TGTGCCAGCGGTGGGGGGACAGGGAACTCCGACTACACCTTC,1526,1,None,None
ACCTTTATCACTTCAT-1,False,ACCTTTATCACTTCAT-1_contig_1,False,517,TRB,TRBV12-2+TRBV13-2,None,TRBJ1-2,TRBC1,True,False,CASGGGTGNSDYTF,TGTGCCAGCGGTGGGGGGACAGGGAACTCCGACTACACCTTC,1322,1,None,None
ACCTTTATCGGATGGA-1,False,ACCTTTATCGGATGGA-1_contig_1,False,507,TRA,TRAV21-DV12,None,TRAJ42,TRAC,True,True,CILRVHGGSNAKLTF,TGTATCCTGAGAGTCCATGGAGGAAGCAATGCAAAGCTAACCTTC,1026,1,None,None
ACCTTTATCTGAGGGA-1,False,ACCTTTATCTGAGGGA-1_contig_1,False,630,TRB,None,None,TRBJ2-7,None,False,False,None,None,1752,1,None,None
ACCTTTATCTTCGAGA-1,False,ACCTTTATCTTCGAGA-1_contig_1,False,565,TRB,TRBV12-2+TRBV13-2,None,TRBJ2-7,None,True,True,CASGTGGDYEQYF,TGTGCCAGCGGGACTGGGGGGGATTATGAACAGTACTTC,940,1,None,None
ACGAGCCAGACCCACC-1,False,ACGAGCCAGACCCACC-1_contig_1,False,560,TRB,TRBV12-2+TRBV13-2,None,TRBJ1-2,TRBC1,True,True,CASGGGTGNSDYTF,TGTGCCAGCGGTGGGGGGACAGGGAACTCCGACTACACCTTC,1586,1,None,None
ACGAGCCAGCCAGGAT-1,False,ACGAGCCAGCCAGGAT-1_contig_1,False,552,TRA,TRAV16N,None,TRAJ5,TRAC,True,True,CASGTQVVGQLTF,TGTGCTTCGGGGACACAGGTTGTGGGGCAGCTCACTTTC,522,1,None,None
ACGAGCCAGCCATCGC-1,False,ACGAGCCAGCCATCGC-1_contig_1,False,511,TRB,TRBV13-1,None,TRBJ1-5,TRBC1,True,False,None,None,184,1,None,None
ACGAGCCAGCCCAACC-1,False,ACGAGCCAGCCCAACC-1_contig_1,False,566,TRA,TRAV3-3,None,TRAJ49,TRAC,True,True,CAVSGATGYQNFYF,TGCGCAGTCAGTGGGGCCACGGGTTACCAGAACTTCTATTTT,7274,5,None,None
ACGAGCCAGCCCAACC-1,False,ACGAGCCAGCCCAACC-1_contig_2,False,507,TRA,TRAV21-DV12,None,TRAJ42,TRAC,True,True,CILRVHGGSNAKLTF,TGTATCCTGAGAGTCCATGGAGGAAGCAATGCAAAGCTAACCTTC,16598,11,None,None
ACGAGCCAGCCCAACC-1,False,ACGAGCCAGCCCAACC-1_contig_3,False,576,TRB,TRBV12-2+TRBV13-2,None,TRBJ2-7,None,True,True,CASGVQGEQYF,TGTGCCAGCGGTGTTCAGGGAGAACAGTACTTC,20420,17,None,None
ACGAGCCAGCCCAACC-1,False,ACGAGCCAGCCCAACC-1_contig_4,False,666,TRB,TRBV12-2+TRBV13-2,None,TRBJ1-2,TRBC1,True,True,CASGGGTGNSDYTF,TGTGCCAGCGGTGGGGGGACAGGGAACTCCGACTACACCTTC,10702,9,None,None
ACGAGCCAGGCAATTA-1,False,ACGAGCCAGGCAATTA-1_contig_1,False,525,TRB,TRBV17,None,TRBJ2-5,None,True,True,CASSRKGVQDTQYF,TGTGCTAGCAGTAGGAAAGGGGTCCAAGACACCCAGTACTTT,1942,1,None,None
ACGAGCCAGTCTCCTC-1,False,ACGAGCCAGTCTCCTC-1_contig_1,False,561,TRB,TRBV12-2+TRBV13-2,None,TRBJ2-5,None,True,True,CASGVQGDTQYF,TGTGCCAGCGGTGTTCAGGGGGACACCCAGTACTTT,1532,1,None,None
ACGAGCCAGTGGCACA-1,False,ACGAGCCAGTGGCACA-1_contig_1,False,594,TRA,TRAV7-4,None,TRAJ27,TRAC,True,True,CAASEDANTGKLTF,TGTGCAGCTAGTGAGGACGCCAATACAGGCAAATTAACCTTT,1530,1,None,None
ACGAGCCAGTGGCACA-1,False,ACGAGCCAGTGGCACA-1_contig_2,False,512,TRB,TRBV13-1,None,TRBJ2-1,None,True,True,CASGGAYAEQFF,TGTGCCAGCGGGGGGGCGTATGCTGAGCAGTTCTTC,1724,1,None,None
ACGAGCCAGTGGCACA-1,False,ACGAGCCAGTGGCACA-1_contig_3,False,673,TRB,TRBV12-2+TRBV13-2,None,TRBJ1-2,TRBC1,True,True,CASGGGTGNSDYTF,TGTGCCAGCGGTGGGGGGACAGGGAACTCCGACTACACCTTC,846,1,None,None
ACGAGCCCAAGTCTAC-1,False,ACGAGCCCAAGTCTAC-1_contig_1,False,571,TRB,TRBV12-2+TRBV13-2,None,TRBJ2-5,None,True,True,CASGVQGDTQYF,TGTGCCAGCGGTGTTCAGGGGGACACCCAGTACTTT,1240,1,None,None
ACGAGCCCATTCTCAT-1,False,ACGAGCCCATTCTCAT-1_contig_1,True,571,TRB,TRBV1,None,TRBJ2-5,None,True,True,CTCSADRGNQDTQYF,TGCACCTGCAGTGCAGATAGAGGGAACCAAGACACCCAGTACTTT,3204,2,None,None
ACGAGCCCATTCTCAT-1,False,ACGAGCCCATTCTCAT-1_contig_2,True,307,TRB,None,None,TRBJ2-1,None,False,False,None,None,4150,3,None,None
ACGAGCCGTATAGGGC-1,False,ACGAGCCGTATAGGGC-1_contig_1,False,507,TRA,TRAV21-DV12,None,TRAJ42,TRAC,True,True,CILRVHGGSNAKLTF,TGTATCCTGAGAGTCCATGGAGGAAGCAATGCAAAGCTAACCTTC,2292,1,None,None
ACGAGCCGTGTGGCTC-1,False,ACGAGCCGTGTGGCTC-1_contig_1,False,513,TRB,TRBV26,None,TRBJ2-5,None,True,True,CASSRGTDTQYF,TGTGCCAGCAGCCGCGGGACCGACACCCAGTACTTT,1308,1,None,None
ACGAGCCGTGTGGCTC-1,False,ACGAGCCGTGTGGCTC-1_contig_2,False,575,TRA,TRAV12-2,None,TRAJ37,TRAC,True,True,CALSPQTGNTGKLIF,TGTGCTTTGAGCCCCCAAACAGGCAATACCGGAAAACTCATCTTT,2282,2,None,None
ACGAGCCTCATACGGT-1,False,ACGAGCCTCATACGGT-1_contig_1,False,525,TRA,TRAV7N-6,None,TRAJ30,TRAC,True,True,CAVVDTNAYKVIF,TGTGCAGTGGTTGACACAAATGCTTACAAAGTCATCTTT,284,1,None,None
ACGAGCCTCCATTCTA-1,False,ACGAGCCTCCATTCTA-1_contig_1,False,524,TRA,TRAV14N-3,None,TRAJ6,TRAC,True,True,CAARTSGGNYKPTF,TGTGCAGCAAGAACCTCAGGAGGAAACTACAAACCTACGTTT,1340,1,None,None
ACGAGGAAGATGGCGT-1,False,ACGAGGAAGATGGCGT-1_contig_1,False,514,TRA,TRAV19,None,TRAJ39,TRAC,True,True,CAAGGNNAGAKLTF,TGCGCAGCAGGTGGGAATAATGCAGGTGCCAAGCTCACATTC,1348,1,None,None
ACGAGGAAGTGACATA-1,False,ACGAGGAAGTGACATA-1_contig_1,False,523,TRA,TRAV8D-1,None,TRAJ30,TRAC,True,True,CATDTNAYKVIF,TGTGCTACTGACACAAATGCTTACAAAGTCATCTTT,3262,1,None,None
ACGAGGAAGTTCGATC-1,False,ACGAGGAAGTTCGATC-1_contig_1,False,572,TRB,TRBV12-2+TRBV13-2,None,TRBJ1-5,TRBC1,True,True,CASGTGDNQAPLF,TGTGCCAGCGGGACAGGGGACAACCAGGCTCCGCTTTTT,626,1,None,None
ACGAGGAAGTTCGATC-1,False,ACGAGGAAGTTCGATC-1_contig_2,True,531,TRB,TRBV10,None,TRBJ2-1,None,True,False,None,None,1524,2,None,None
ACGAGGAAGTTCGATC-1,False,ACGAGGAAGTTCGATC-1_contig_3,True,529,TRA,TRAV13N-1,None,TRAJ45,TRAC,True,False,None,None,2330,2,None,None
ACGAGGACACCGAAAG-1,False,ACGAGGACACCGAAAG-1_contig_1,False,549,TRB,TRBV16,None,TRBJ2-5,None,True,True,CASSLGGGQDTQYF,TGTGCAAGCAGCTTAGGGGGGGGCCAAGACACCCAGTACTTT,666,1,None,None
ACGAGGACAGACAAAT-1,False,ACGAGGACAGACAAAT-1_contig_1,False,569,TRB,TRBV12-2+TRBV13-2,None,TRBJ1-2,TRBC1,True,True,CASGGGTGNSDYTF,TGTGCCAGCGGTGGGGGGACAGGGAACTCCGACTACACCTTC,1376,1,None,None
ACGAGGACAGGTTTCA-1,False,ACGAGGACAGGTTTCA-1_contig_1,False,568,TRB,TRBV12-2+TRBV13-2,None,TRBJ1-2,TRBC1,True,True,CASGGGTGNSDYTF,TGTGCCAGCGGTGGGGGGACAGGGAACTCCGACTACACCTTC,2006,1,None,None
ACGAGGACATCTCCCA-1,False,ACGAGGACATCTCCCA-1_contig_1,False,303,TRB,None,None,TRBJ2-3,None,False,False,None,None,606,1,None,None
ACGAGGAGTACAGCAG-1,False,ACGAGGAGTACAGCAG-1_contig_1,False,507,TRA,TRAV21-DV12,None,TRAJ42,TRAC,True,True,CILRVHGGSNAKLTF,TGTATCCTGAGAGTCCATGGAGGAAGCAATGCAAAGCTAACCTTC,2392,1,None,None
ACGAGGAGTCATGCCG-1,False,ACGAGGAGTCATGCCG-1_contig_1,False,541,TRA,TRAV8D-1,None,TRAJ30,TRAC,True,True,CATDTNAYKVIF,TGTGCTACTGACACAAATGCTTACAAAGTCATCTTT,1004,1,None,None
ACGAGGAGTTAAAGTG-1,False,ACGAGGAGTTAAAGTG-1_contig_1,False,509,TRB,TRBV13-1,None,TRBJ2-2,None,True,True,CASSDPGQLYF,TGTGCCAGCAGTGACCCCGGGCAGCTCTACTTT,1616,1,None,None
ACGAGGAGTTTGACAC-1,False,ACGAGGAGTTTGACAC-1_contig_1,False,505,TRB,TRBV13-1,None,TRBJ2-4,None,True,True,CASSEGTNTLYF,TGTGCCAGCAGTGAAGGAACAAACACCTTGTACTTT,2124,1,None,None
ACGAGGATCGACAGCC-1,False,ACGAGGATCGACAGCC-1_contig_1,False,509,TRB,TRBV12-2+TRBV13-2,None,TRBJ2-7,None,True,True,CASGVQGWEQYF,TGTGCCAGCGGTGTACAGGGGTGGGAACAGTACTTC,408,1,None,None
ACGAGGATCGGTCCGA-1,False,ACGAGGATCGGTCCGA-1_contig_1,False,505,TRB,TRBV13-1,None,TRBJ2-3,None,True,True,CASGDSAETLYF,TGTGCCAGCGGGGACAGTGCAGAAACGCTGTATTTT,1844,1,None,None
ACGAGGATCTCCGGTT-1,False,ACGAGGATCTCCGGTT-1_contig_1,False,508,TRB,TRBV14,None,TRBJ2-7,None,True,True,CASSAGQNYEQYF,TGTGCCAGCAGTGCGGGACAAAACTATGAACAGTACTTC,1188,2,None,None
ACGATACAGACCTTTG-1,False,ACGATACAGACCTTTG-1_contig_1,False,543,TRA,TRAV19,None,TRAJ39,TRAC,True,True,CAAGGNNAGAKLTF,TGCGCAGCAGGTGGGAATAATGCAGGTGCCAAGCTCACATTC,1532,1,None,None
ACGATACAGATGTTAG-1,False,ACGATACAGATGTTAG-1_contig_1,False,512,TRB,TRBV13-1,None,TRBJ2-3,None,True,True,CASGDSAETLYF,TGTGCCAGCGGGGACAGTGCAGAAACGCTGTATTTT,1574,1,None,None
ACGATACAGCTACCGC-1,False,ACGATACAGCTACCGC-1_contig_1,False,365,TRB,None,None,TRBJ2-1,None,False,False,None,None,3398,1,None,None
ACGATACAGCTAGGCA-1,False,ACGATACAGCTAGGCA-1_contig_1,False,503,TRB,TRBV13-1,None,TRBJ2-3,None,True,True,CASGDSAETLYF,TGTGCCAGCGGGGACAGTGCAGAAACGCTGTATTTT,2288,1,None,None
ACGATACAGCTGCGAA-1,False,ACGATACAGCTGCGAA-1_contig_1,False,564,TRA,TRAV3-4,None,TRAJ49,TRAC,True,True,CAVRGGYQNFYF,TGCGCAGTCAGGGGGGGTTACCAGAACTTCTATTTT,1916,1,None,None
ACGATACAGGAGTCTG-1,False,ACGATACAGGAGTCTG-1_contig_1,False,337,TRB,None,None,TRBJ2-1,None,False,False,None,None,3122,2,None,None
ACGATACAGGCATGGT-1,False,ACGATACAGGCATGGT-1_contig_1,False,503,TRA,TRAV4-2,None,TRAJ35,TRAC,True,True,CAVEPQTGFASALTF,TGTGCTGTTGAGCCCCAGACAGGCTTTGCAAGTGCGCTGACATTT,78,1,None,None
ACGATACAGTCTCGGC-1,False,ACGATACAGTCTCGGC-1_contig_1,False,560,TRB,TRBV12-2+TRBV13-2,None,TRBJ1-2,TRBC1,True,True,CASGGGTGNSDYTF,TGTGCCAGCGGTGGGGGGACAGGGAACTCCGACTACACCTTC,2292,1,None,None
ACGATACCACTGTTAG-1,False,ACGATACCACTGTTAG-1_contig_1,False,505,TRB,TRBV13-1,None,TRBJ2-4,None,True,True,CASSEGTNTLYF,TGTGCCAGCAGTGAAGGAACAAACACCTTGTACTTT,1918,1,None,None
ACGATACCAGGTCTCG-1,False,ACGATACCAGGTCTCG-1_contig_1,False,538,TRB,TRBV12-2+TRBV13-2,None,TRBJ2-7,None,True,True,CASGVQGWEQYF,TGTGCCAGCGGTGTACAGGGGTGGGAACAGTACTTC,1828,2,None,None
ACGATACGTGTTAAGA-1,False,ACGATACGTGTTAAGA-1_contig_1,False,515,TRA,TRAV19,None,TRAJ39,TRAC,True,True,CAAGGNNAGAKLTF,TGCGCAGCAGGTGGGAATAATGCAGGTGCCAAGCTCACATTC,1812,2,None,None
ACGATACGTGTTAAGA-1,False,ACGATACGTGTTAAGA-1_contig_2,False,580,TRB,TRBV12-2+TRBV13-2,None,TRBJ1-2,TRBC1,True,True,CASGGQANSDYTF,TGTGCCAGCGGTGGACAGGCAAACTCCGACTACACCTTC,6438,7,None,None
ACGATACGTGTTAAGA-1,False,ACGATACGTGTTAAGA-1_contig_3,True,509,TRA,TRAV13-2,None,TRAJ31,TRAC,True,False,None,None,3066,2,None,None
ACGATACGTTACAGAA-1,False,ACGATACGTTACAGAA-1_contig_1,False,392,TRA,TRAV6-6,None,TRAJ23,TRAC,True,False,None,None,1242,1,None,None
ACGATACGTTTGTTTC-1,False,ACGATACGTTTGTTTC-1_contig_1,False,557,TRA,TRAV8N-2,None,TRAJ52,TRAC,True,False,None,None,2382,1,None,None
ACGATACTCACTATTC-1,False,ACGATACTCACTATTC-1_contig_1,False,547,TRA,TRAV8-1,None,TRAJ30,TRAC,True,True,CATDTNAYKVIF,TGTGCTACCGACACAAATGCTTACAAAGTCATCTTT,1338,1,None,None
ACGATACTCACTATTC-1,False,ACGATACTCACTATTC-1_contig_2,False,445,TRB,None,None,TRBJ2-7,None,False,False,None,None,1544,1,None,None
ACGATGTAGCCTCGTG-1,False,ACGATGTAGCCTCGTG-1_contig_1,False,549,TRB,TRBV16,None,TRBJ2-7,None,True,True,CASSFGGGADEQYF,TGTGCAAGCAGCTTTGGTGGGGGGGCGGATGAACAGTACTTC,43086,37,None,None
ACGATGTAGCCTCGTG-1,False,ACGATGTAGCCTCGTG-1_contig_2,False,589,TRA,TRAV13D-2,None,TRAJ11,TRAC,True,True,CAIDLDSGYNKLTF,TGTGCTATAGATCTTGACTCGGGATACAACAAACTCACTTTT,11358,9,None,None
ACGATGTAGCCTCGTG-1,False,ACGATGTAGCCTCGTG-1_contig_3,False,578,TRA,TRAV19,None,TRAJ39,TRAC,True,True,CAAGGNNAGAKLTF,TGCGCAGCAGGTGGGAATAATGCAGGTGCCAAGCTCACATTC,1550,2,None,None
ACGATGTAGCCTCGTG-1,False,ACGATGTAGCCTCGTG-1_contig_4,False,609,TRB,TRBV12-2+TRBV13-2,None,TRBJ1-2,TRBC1,True,True,CASGGGTGNSDYTF,TGTGCCAGCGGTGGGGGGACAGGGAACTCCGACTACACCTTC,6434,6,None,None
ACGATGTAGCCTCGTG-1,False,ACGATGTAGCCTCGTG-1_contig_5,True,675,TRB,TRBV13-1,None,TRBJ1-2,TRBC1,True,False,None,None,4126,3,None,None
ACGATGTAGGAGCGTT-1,False,ACGATGTAGGAGCGTT-1_contig_1,False,369,TRA,TRAV8D-2,None,TRAJ30,TRAC,True,False,None,None,3826,1,None,None
ACGATGTAGGCGCTCT-1,False,ACGATGTAGGCGCTCT-1_contig_1,False,566,TRA,TRAV3-3,None,TRAJ49,TRAC,True,True,CAVSGATGYQNFYF,TGCGCAGTCAGTGGGGCCACGGGTTACCAGAACTTCTATTTT,2480,1,None,None
ACGATGTAGTGAAGTT-1,False,ACGATGTAGTGAAGTT-1_contig_1,False,419,TRB,TRBV13-2,None,TRBJ2-1,None,True,False,CASAGGDYAEQFF,TGTGCCAGCGCGGGGGGGGACTATGCTGAGCAGTTCTTC,1494,1,None,None
ACGATGTAGTGACATA-1,False,ACGATGTAGTGACATA-1_contig_1,False,549,TRB,TRBV16,None,TRBJ2-5,None,True,True,CASSWGGGQDTQYF,TGTGCAAGCAGCTGGGGGGGCGGGCAAGACACCCAGTACTTT,1770,1,None,None
ACGATGTAGTGCTGCC-1,False,ACGATGTAGTGCTGCC-1_contig_1,False,374,TRB,None,None,TRBJ1-3,TRBC1,False,False,None,None,2326,1,None,None
ACGATGTCACTTAACG-1,False,ACGATGTCACTTAACG-1_contig_1,False,495,TRA,TRAV19,None,TRAJ39,TRAC,True,False,CAAGGNNAGAKLTF,TGCGCAGCAGGTGGGAATAATGCAGGTGCCAAGCTCACATTC,2218,1,None,None
ACGATGTCAGTCGATT-1,False,ACGATGTCAGTCGATT-1_contig_1,False,484,TRB,TRBV12-2+TRBV13-2,None,TRBJ2-3,None,True,True,CASGDAPPGEGTLYF,TGTGCCAGCGGTGATGCACCTCCAGGGGAGGGAACGCTGTATTTT,1580,1,None,None
ACGATGTCAGTCGATT-1,False,ACGATGTCAGTCGATT-1_contig_2,True,326,TRB,None,None,TRBJ2-7,None,False,False,None,None,1156,1,None,None
ACGATGTCATTACCTT-1,False,ACGATGTCATTACCTT-1_contig_1,False,549,TRB,TRBV16,None,TRBJ2-7,None,True,True,CASSLGGGLDEQYF,TGTGCAAGCAGCTTAGGGGGGGGGCTCGATGAACAGTACTTC,860,1,None,None
ACGATGTCATTGAGCT-1,False,ACGATGTCATTGAGCT-1_contig_1,False,703,TRA,TRAV9N-4,None,TRAJ22,TRAC,True,True,CALPSSGSWQLIF,TGTGCTCTCCCATCTTCTGGCAGCTGGCAACTCATCTTT,1578,1,None,None
ACGATGTGTGCTTCTC-1,False,ACGATGTGTGCTTCTC-1_contig_1,False,653,TRA,TRAV14N-3,None,TRAJ6,TRAC,True,True,CAARSSGGNYKPTF,TGTGCAGCAAGGTCCTCAGGAGGAAACTACAAACCTACGTTT,2070,1,None,None
ACGATGTTCGGAATCT-1,False,ACGATGTTCGGAATCT-1_contig_1,False,558,TRB,TRBV12-2+TRBV13-2,None,TRBJ2-7,None,True,True,CASGVQGEQYF,TGTGCCAGCGGTGTTCAGGGAGAACAGTACTTC,3720,2,None,None
ACGCAGCAGAGCCTAG-1,False,ACGCAGCAGAGCCTAG-1_contig_1,False,549,TRB,TRBV16,None,TRBJ2-5,None,True,True,CASSLGGGQDTQYF,TGTGCAAGCAGCTTAGGGGGGGGCCAAGACACCCAGTACTTT,1520,1,None,None
ACGCAGCAGATGTGGC-1,False,ACGCAGCAGATGTGGC-1_contig_1,False,560,TRB,TRBV12-2+TRBV13-2,None,TRBJ2-7,None,True,True,CASGGLGEQYF,TGTGCCAGCGGTGGCCTGGGGGAACAGTACTTC,1422,1,None,None
ACGCAGCAGATGTGGC-1,False,ACGCAGCAGATGTGGC-1_contig_2,False,525,TRB,TRBV17,None,TRBJ2-5,None,True,True,CASSRKGVQDTQYF,TGTGCTAGCAGTAGAAAGGGGGTCCAAGACACCCAGTACTTT,112,1,None,None
ACGCAGCAGCAAATCA-1,False,ACGCAGCAGCAAATCA-1_contig_1,False,538,TRA,TRAV19,None,TRAJ39,TRAC,True,True,CAAGGNNAGAKLTF,TGCGCAGCAGGTGGGAATAATGCAGGTGCCAAGCTCACATTC,2054,1,None,None
ACGCAGCAGCGGCTTC-1,False,ACGCAGCAGCGGCTTC-1_contig_1,False,571,TRA,TRAV4D-3,None,TRAJ27,TRAC,True,True,CAADGPNTGKLTF,TGTGCTGCGGACGGACCCAATACAGGCAAATTAACCTTT,1876,1,None,None
ACGCAGCAGCGGCTTC-1,False,ACGCAGCAGCGGCTTC-1_contig_2,True,353,TRB,TRBV13-2,None,TRBJ1-5,TRBC1,True,False,CASGTGDNQAPLF,TGTGCCAGCGGGACAGGGGACAACCAGGCTCCGCTTTTT,1458,1,None,None
ACGCAGCAGCGGCTTC-1,False,ACGCAGCAGCGGCTTC-1_contig_3,True,370,TRB,None,None,TRBJ1-2,TRBC1,False,False,None,None,1588,1,None,None
ACGCAGCAGGCAATTA-1,False,ACGCAGCAGGCAATTA-1_contig_1,False,565,TRA,TRAV16D-DV11,None,TRAJ9,TRAC,True,True,CAMRESNMGYKLTF,TGTGCTATGAGAGAGAGCAACATGGGCTACAAACTTACCTTC,752,1,None,None
ACGCAGCAGTCATGCT-1,False,ACGCAGCAGTCATGCT-1_contig_1,False,512,TRB,TRBV12-2+TRBV13-2,None,TRBJ1-5,TRBC1,True,False,CASGTGDNQAPLF,TGTGCCAGCGGGACAGGGGACAACCAGGCTCCGCTTTTT,830,1,None,None
ACGCAGCCAACAACCT-1,False,ACGCAGCCAACAACCT-1_contig_1,False,525,TRB,TRBV17,None,TRBJ2-5,None,True,True,CASSRKGVQDTQYF,TGTGCTAGCAGTAGAAAGGGGGTCCAAGACACCCAGTACTTT,2224,1,None,None
ACGCAGCCAGCCTATA-1,False,ACGCAGCCAGCCTATA-1_contig_1,False,526,TRA,TRAV14N-3,None,TRAJ6,TRAC,True,True,CAARTSGGNYKPTF,TGTGCAGCAAGAACCTCAGGAGGAAACTACAAACCTACGTTT,1980,1,None,None
ACGCAGCCAGCCTATA-1,False,ACGCAGCCAGCCTATA-1_contig_2,False,560,TRB,TRBV12-2+TRBV13-2,None,TRBJ2-7,None,True,True,CASGTGGDYEQYF,TGTGCCAGCGGGACTGGGGGGGACTATGAACAGTACTTC,724,4,None,None
ACGCAGCCAGGAATGC-1,False,ACGCAGCCAGGAATGC-1_contig_1,False,363,TRB,None,None,TRBJ2-7,None,False,False,None,None,2818,1,None,None
ACGCAGCCATATGCTG-1,False,ACGCAGCCATATGCTG-1_contig_1,False,549,TRB,TRBV16,None,TRBJ2-5,None,True,True,CASSLGGGQDTQYF,TGTGCAAGCAGCTTAGGGGGGGGCCAAGACACCCAGTACTTT,1378,1,None,None
ACGCAGCGTAGAGTGC-1,False,ACGCAGCGTAGAGTGC-1_contig_1,False,549,TRB,TRBV16,None,TRBJ2-5,None,True,True,CASSLGGGQDTQYF,TGTGCAAGCAGCTTAGGGGGGGGCCAAGACACCCAGTACTTT,1372,1,None,None
ACGCAGCGTCAGGACA-1,False,ACGCAGCGTCAGGACA-1_contig_1,False,549,TRB,TRBV16,None,TRBJ2-5,None,True,True,CASSWGGGQDTQYF,TGTGCAAGCAGCTGGGGGGGCGGGCAAGACACCCAGTACTTT,1170,1,None,None
ACGCAGCGTCTTCGTC-1,False,ACGCAGCGTCTTCGTC-1_contig_1,False,552,TRA,TRAV8N-2,None,TRAJ43,TRAC,True,False,CATDANNNNAPRF,TGTGCTACTGATGCCAATAACAACAATGCCCCACGATTT,1860,1,None,None
ACGCAGCGTGATAAGT-1,False,ACGCAGCGTGATAAGT-1_contig_1,False,556,TRA,TRAV19,None,TRAJ39,TRAC,True,True,CAAGGNNAGAKLTF,TGCGCAGCAGGTGGGAATAATGCAGGTGCCAAGCTCACATTC,5448,4,None,None
ACGCAGCGTGATAAGT-1,False,ACGCAGCGTGATAAGT-1_contig_2,False,651,TRA,TRAV14N-3,None,TRAJ6,TRAC,True,True,CAARTSGGNYKPTF,TGTGCAGCAAGAACCTCAGGAGGAAACTACAAACCTACGTTT,5000,5,None,None
ACGCAGCGTGATAAGT-1,False,ACGCAGCGTGATAAGT-1_contig_3,False,594,TRB,TRBV12-2+TRBV13-2,None,TRBJ1-2,TRBC1,True,True,CASGGGTGNSDYTF,TGTGCCAGCGGTGGGGGGACAGGGAACTCCGACTACACCTTC,10916,15,None,None
ACGCAGCGTGATAAGT-1,False,ACGCAGCGTGATAAGT-1_contig_4,False,549,TRA,TRAV8N-2,None,TRAJ13,TRAC,True,True,CATEDSGTYQRF,TGTGCTACTGAGGATTCTGGGACTTACCAGAGGTTT,22668,24,None,None
ACGCAGCGTGATAAGT-1,False,ACGCAGCGTGATAAGT-1_contig_5,False,566,TRB,TRBV12-2+TRBV13-2,None,TRBJ2-7,None,True,True,CASGTGGDYEQYF,TGTGCCAGCGGGACTGGGGGGGACTATGAACAGTACTTC,22054,37,None,None
ACGCAGCGTGATAAGT-1,False,ACGCAGCGTGATAAGT-1_contig_6,False,496,TRB,None,None,TRBJ2-5,None,False,False,None,None,472,1,None,None
ACGCAGCGTGATAAGT-1,False,ACGCAGCGTGATAAGT-1_contig_7,False,319,TRB,None,None,TRBJ2-5,None,False,False,None,None,1694,1,None,None
ACGCAGCGTGATAAGT-1,False,ACGCAGCGTGATAAGT-1_contig_8,False,407,TRB,None,None,TRBJ2-5,None,False,False,None,None,5966,12,None,None
ACGCAGCGTGTGCGTC-1,False,ACGCAGCGTGTGCGTC-1_contig_1,False,522,TRA,TRAV19,None,TRAJ39,TRAC,True,True,CAAGGNNAGAKLTF,TGCGCAGCAGGTGGGAATAATGCAGGTGCCAAGCTCACATTC,4852,3,None,None
ACGCAGCGTGTGCGTC-1,False,ACGCAGCGTGTGCGTC-1_contig_2,False,548,TRB,TRBV12-2+TRBV13-2,None,TRBJ1-2,TRBC1,True,True,CASGGGTGNSDYTF,TGTGCCAGCGGTGGGGGGACAGGGAACTCCGACTACACCTTC,1394,1,None,None
ACGCAGCGTTATGCGT-1,False,ACGCAGCGTTATGCGT-1_contig_1,False,385,TRB,None,None,TRBJ2-1,None,False,False,None,None,2768,1,None,None
ACGCAGCTCCGCAAGC-1,False,ACGCAGCTCCGCAAGC-1_contig_1,False,557,TRB,TRBV12-2+TRBV13-2,None,TRBJ2-7,None,True,True,CASGVQGEQYF,TGTGCCAGCGGTGTTCAGGGAGAACAGTACTTC,3206,2,None,None
ACGCAGCTCGAGCCCA-1,False,ACGCAGCTCGAGCCCA-1_contig_1,False,563,TRB,TRBV12-2+TRBV13-2,None,TRBJ2-7,None,True,True,CASGAGGDYEQYF,TGTGCCAGCGGTGCTGGGGGGGACTATGAACAGTACTTC,814,1,None,None
ACGCAGCTCGCGTAGC-1,False,ACGCAGCTCGCGTAGC-1_contig_1,False,527,TRA,TRAV13D-2,None,TRAJ11,TRAC,True,True,CAIDLDSGYNKLTF,TGTGCTATAGATCTTGACTCGGGATACAACAAACTCACTTTT,408,1,None,None
ACGCAGCTCTCTTATG-1,False,ACGCAGCTCTCTTATG-1_contig_1,False,515,TRB,TRBV13-1,None,TRBJ1-4,TRBC1,True,True,CASGTGANERLFF,TGTGCCAGCGGGACAGGGGCCAACGAAAGATTATTTTTC,1560,1,None,None
ACGCCAGAGATGCGAC-1,False,ACGCCAGAGATGCGAC-1_contig_1,False,565,TRB,TRBV12-2+TRBV13-2,None,TRBJ1-5,TRBC1,True,True,CASGTGDNQAPLF,TGTGCCAGCGGTACAGGGGACAACCAGGCTCCGCTTTTT,1048,1,None,None
ACGCCAGAGCTGCGAA-1,False,ACGCCAGAGCTGCGAA-1_contig_1,False,507,TRB,TRBV13-1,None,TRBJ2-7,None,True,True,CASSGGHLEQYF,TGTGCCAGCAGTGGGGGACACCTTGAACAGTACTTC,1114,1,None,None
ACGCCAGAGGACAGCT-1,False,ACGCCAGAGGACAGCT-1_contig_1,False,560,TRB,TRBV12-2+TRBV13-2,None,TRBJ2-5,None,True,True,CASGVQGDTQYF,TGTGCCAGCGGTGTTCAGGGGGACACCCAGTACTTT,1282,1,None,None
ACGCCAGCAAGTCTGT-1,False,ACGCCAGCAAGTCTGT-1_contig_1,False,512,TRB,TRBV13-1,None,TRBJ2-1,None,True,True,CASSDNYAEQFF,TGTGCCAGCAGTGACAACTATGCTGAGCAGTTCTTC,1858,1,None,None
ACGCCAGCAGCTTAAC-1,False,ACGCCAGCAGCTTAAC-1_contig_1,False,559,TRA,TRAV4D-3,None,TRAJ27,TRAC,True,True,CAADGPNTGKLTF,TGTGCTGCTGACGGGCCCAATACAGGCAAATTAACCTTT,1012,1,None,None
ACGCCAGGTAACGACG-1,False,ACGCCAGGTAACGACG-1_contig_1,False,519,TRB,TRBV5,None,TRBJ2-2,None,True,True,CASSQDRHTGQLYF,TGTGCCAGCAGCCAAGATAGACACACCGGGCAGCTCTACTTT,2270,1,None,None
ACGCCAGGTACGCTGC-1,False,ACGCCAGGTACGCTGC-1_contig_1,False,418,TRB,None,None,TRBJ2-7,None,False,False,None,None,1750,1,None,None
ACGCCAGGTCAAACTC-1,False,ACGCCAGGTCAAACTC-1_contig_1,False,558,TRA,TRAV4D-3,None,TRAJ27,TRAC,True,True,CAADGPNTGKLTF,TGTGCTGCGGACGGACCCAATACAGGCAAATTAACCTTT,1726,1,None,None
ACGCCAGGTCATGCAT-1,False,ACGCCAGGTCATGCAT-1_contig_1,False,546,TRA,TRAV10N,None,TRAJ7,TRAC,True,True,CAPEPDYSNNRLTL,TGTGCACCGGAACCGGACTACAGCAACAACAGACTTACTTTG,2618,1,None,None
ACGCCAGGTCCGACGT-1,False,ACGCCAGGTCCGACGT-1_contig_1,False,568,TRB,TRBV12-2+TRBV13-2,None,TRBJ1-2,TRBC1,True,True,CASGGGTGNSDYTF,TGTGCCAGCGGTGGGGGGACAGGGAACTCCGACTACACCTTC,1350,1,None,None
ACGCCAGGTCTCTTAT-1,False,ACGCCAGGTCTCTTAT-1_contig_1,False,561,TRB,TRBV12-2+TRBV13-2,None,TRBJ1-5,TRBC1,True,True,CASGTGDNQAPLF,TGTGCCAGCGGTACAGGAGACAACCAGGCTCCGCTTTTT,436,1,None,None
ACGCCAGGTTACCGAT-1,False,ACGCCAGGTTACCGAT-1_contig_1,False,499,Multi,TRDV1,None,TRAJ45,TRAC,True,False,CGYTEGADRLTF,TGTGGGTATACAGAAGGTGCAGATAGACTCACCTTT,50,1,None,None
ACGCCAGGTTATCCGA-1,False,ACGCCAGGTTATCCGA-1_contig_1,True,512,TRB,TRBV26,None,TRBJ1-1,TRBC1,True,True,CASSRGNTEVFF,TGTGCCAGCAGCCGCGGAAACACAGAAGTCTTCTTT,14854,10,None,None
ACGCCAGGTTATCCGA-1,False,ACGCCAGGTTATCCGA-1_contig_2,False,566,TRA,TRAV3D-3,None,TRAJ23,TRAC,True,True,CAVSDNYNQGKLIF,TGCGCAGTCAGTGATAATTATAACCAGGGGAAGCTTATCTTT,1718,6,None,None
ACGCCAGGTTTCGCTC-1,False,ACGCCAGGTTTCGCTC-1_contig_1,False,527,TRB,None,None,TRBJ1-2,TRBC1,False,False,None,None,1414,1,None,None
ACGCCAGTCAGCCTAA-1,False,ACGCCAGTCAGCCTAA-1_contig_1,False,502,TRB,TRBV13-1,None,TRBJ2-7,None,True,True,CASSAPYEQYF,TGTGCCAGCAGTGCACCGTATGAACAGTACTTC,2722,2,None,None
ACGCCAGTCCGCGTTT-1,False,ACGCCAGTCCGCGTTT-1_contig_1,False,601,TRB,TRBV12-2+TRBV13-2,None,TRBJ1-2,TRBC1,True,True,CASGGGTGNSDYTF,TGTGCCAGCGGTGGGGGGACAGGGAACTCCGACTACACCTTC,1270,1,None,None
ACGCCAGTCGGGAGTA-1,False,ACGCCAGTCGGGAGTA-1_contig_1,False,525,TRB,TRBV17,None,TRBJ2-5,None,True,True,CASSRKGVQDTQYF,TGTGCTAGCAGTAGAAAGGGGGTCCAAGACACCCAGTACTTT,630,1,None,None
ACGCCAGTCGGGAGTA-1,False,ACGCCAGTCGGGAGTA-1_contig_2,False,525,TRA,TRAV7N-6,None,TRAJ30,TRAC,True,True,CAVVDTNAYKVIF,TGTGCAGTGGTTGACACAAATGCTTACAAAGTCATCTTT,1196,1,None,None
ACGCCAGTCGGGAGTA-1,False,ACGCCAGTCGGGAGTA-1_contig_3,True,525,TRA,TRAV13-4-DV7,None,TRAJ58,TRAC,True,False,CAPMQQGTGSKLSF,TGTGCTCCTATGCAGCAAGGCACTGGGTCTAAGCTGTCATTT,1506,1,None,None
ACGCCAGTCTGATTCT-1,False,ACGCCAGTCTGATTCT-1_contig_1,False,505,TRB,TRBV13-1,None,TRBJ2-3,None,True,True,CASGDSAETLYF,TGTGCCAGCGGGGACAGTGCAGAAACGCTGTATTTT,1594,1,None,None
ACGCCAGTCTGATTCT-1,False,ACGCCAGTCTGATTCT-1_contig_2,False,519,TRA,TRAV8-1,None,TRAJ30,TRAC,True,True,CATDTNAYKVIF,TGTGCTACTGACACAAATGCTTACAAAGTCATCTTT,2330,1,None,None
ACGCCGAAGACAATAC-1,False,ACGCCGAAGACAATAC-1_contig_1,False,327,TRB,None,None,TRBJ1-2,TRBC1,False,False,None,None,1940,1,None,None
ACGCCGAAGCGAAGGG-1,False,ACGCCGAAGCGAAGGG-1_contig_1,False,566,TRA,TRAV3-3,None,TRAJ23,TRAC,True,True,CAVSDNYNQGKLIF,TGCGCAGTCAGTGATAATTATAACCAGGGGAAGCTTATCTTT,1690,1,None,None
ACGCCGAAGCGAAGGG-1,False,ACGCCGAAGCGAAGGG-1_contig_2,False,514,TRB,TRBV12-2+TRBV13-2,None,TRBJ2-7,None,True,False,CASGTGGDYEQYF,TGTGCCAGCGGGACTGGGGGGGACTATGAACAGTACTTC,650,1,None,None
ACGCCGAAGGTTACCT-1,False,ACGCCGAAGGTTACCT-1_contig_1,False,521,TRB,TRBV13-2,None,TRBJ2-1,None,True,True,CASGDPFQFF,TGTGCCAGCGGTGATCCTTTCCAGTTCTTC,2120,2,None,None
ACGCCGACAAACGCGA-1,False,ACGCCGACAAACGCGA-1_contig_1,False,303,TRA,TRAV6D-5,None,None,TRAC,False,False,None,None,2098,1,None,None
ACGCCGACATTACCTT-1,False,ACGCCGACATTACCTT-1_contig_1,False,529,TRA,TRAV3-3,None,TRAJ49,TRAC,True,True,CAVSGATGYQNFYF,TGCGCAGTCAGTGGGGCCACGGGTTACCAGAACTTCTATTTT,630,1,None,None
ACGCCGAGTAAACACA-1,False,ACGCCGAGTAAACACA-1_contig_1,False,538,TRA,TRAV19,None,TRAJ39,TRAC,True,True,CAAGGNNAGAKLTF,TGCGCAGCAGGTGGGAATAATGCAGGTGCCAAGCTCACATTC,1416,1,None,None
ACGCCGAGTAACGTTC-1,False,ACGCCGAGTAACGTTC-1_contig_1,False,560,TRB,TRBV12-2+TRBV13-2,None,TRBJ2-7,None,True,True,CASGVQGEQYF,TGTGCCAGCGGTGTTCAGGGAGAACAGTACTTC,2402,2,None,None
ACGCCGAGTCGGCTCA-1,False,ACGCCGAGTCGGCTCA-1_contig_1,False,382,TRB,TRBV13-1,None,TRBJ2-4,None,True,False,CASSEGTNTLYF,TGTGCCAGCAGTGAAGGAACAAACACCTTGTACTTT,2250,1,None,None
ACGCCGAGTGCCTTGG-1,False,ACGCCGAGTGCCTTGG-1_contig_1,False,329,TRB,TRBV16,None,TRBJ2-5,None,True,False,CASSPGGRGDTQYF,TGTGCAAGCAGCCCGGGGGGGCGCGGGGACACCCAGTACTTT,120,3,None,None
ACGCCGAGTGTAATGA-1,False,ACGCCGAGTGTAATGA-1_contig_1,False,566,TRA,TRAV3-3,None,TRAJ49,TRAC,True,True,CAVSGSTGYQNFYF,TGCGCAGTCAGTGGGAGCACGGGTTACCAGAACTTCTATTTT,1820,1,None,None
ACGCCGAGTTGGGACA-1,False,ACGCCGAGTTGGGACA-1_contig_1,False,536,TRB,TRBV13-1,None,TRBJ2-3,None,True,True,CTSGDSAETLYF,TGTACCAGCGGGGACAGTGCAGAAACGCTGTATTTT,1022,1,None,None
ACGCCGATCCCATTAT-1,False,ACGCCGATCCCATTAT-1_contig_1,False,564,TRA,TRAV4D-4,None,TRAJ45,TRAC,True,True,CAAYTEGADRLTF,TGTGCTGCCTATACAGAAGGTGCAGATAGACTCACCTTT,1858,1,None,None
ACGCCGATCCGTTGTC-1,False,ACGCCGATCCGTTGTC-1_contig_1,False,580,TRB,TRBV12-2+TRBV13-2,None,TRBJ2-7,None,True,True,CASGVQGWEQYF,TGTGCCAGCGGTGTACAGGGGTGGGAACAGTACTTC,810,1,None,None
ACGCCGATCGGACAAG-1,False,ACGCCGATCGGACAAG-1_contig_1,False,505,TRB,TRBV13-1,None,TRBJ2-3,None,True,True,CASGDSAETLYF,TGTGCCAGCGGGGACAGTGCAGAAACGCTGTATTTT,894,1,None,None
ACGCCGATCGTACCGG-1,False,ACGCCGATCGTACCGG-1_contig_1,False,590,TRB,TRBV12-2+TRBV13-2,None,TRBJ2-1,None,True,True,CASGGYAEQFF,TGTGCCAGCGGGGGCTATGCTGAGCAGTTCTTC,744,1,None,None
ACGCCGATCGTACCGG-1,False,ACGCCGATCGTACCGG-1_contig_2,False,522,TRB,TRBV5,None,TRBJ1-5,TRBC1,True,True,CASSHPGQNNQAPLF,TGTGCCAGCAGCCACCCGGGACAGAACAACCAGGCTCCGCTTTTT,604,1,None,None
ACGCCGATCTCATTCA-1,False,ACGCCGATCTCATTCA-1_contig_1,False,502,TRB,TRBV13-1,None,TRBJ2-7,None,True,True,CASSGPLEQYF,TGTGCCAGCAGTGGGCCCCTGGAACAGTACTTC,1008,1,None,None
ACGGAGAAGAAACCGC-1,False,ACGGAGAAGAAACCGC-1_contig_1,False,549,TRB,TRBV16,None,TRBJ2-5,None,True,True,CASSLGGGQDTQYF,TGTGCAAGCAGCTTAGGGGGGGGGCAAGACACCCAGTACTTT,1224,1,None,None
ACGGAGAAGAAAGTGG-1,False,ACGGAGAAGAAAGTGG-1_contig_1,False,569,TRB,TRBV12-2+TRBV13-2,None,TRBJ1-2,TRBC1,True,True,CASGGGTGNSDYTF,TGTGCCAGCGGTGGGGGGACAGGGAACTCCGACTACACCTTC,918,1,None,None
ACGGAGAAGACTTGAA-1,False,ACGGAGAAGACTTGAA-1_contig_1,False,566,TRA,TRAV3-3,None,TRAJ49,TRAC,True,True,CAVSGSTGYQNFYF,TGCGCAGTCAGTGGGAGCACGGGTTACCAGAACTTCTATTTT,670,1,None,None
ACGGAGAAGAGTACCG-1,False,ACGGAGAAGAGTACCG-1_contig_1,False,519,TRA,TRAV8-1,None,TRAJ30,TRAC,True,True,CATDTNAYKVIF,TGTGCTACTGACACAAATGCTTACAAAGTCATCTTT,2538,1,None,None
ACGGAGAAGATGTCGG-1,False,ACGGAGAAGATGTCGG-1_contig_1,False,659,TRB,None,None,TRBJ2-7,None,False,False,None,None,790,1,None,None
ACGGAGAAGCGCTTAT-1,False,ACGGAGAAGCGCTTAT-1_contig_1,False,522,TRB,TRBV5,None,TRBJ2-7,None,True,True,CASSQDWGGAVEQYF,TGTGCCAGCAGCCAAGACTGGGGGGGCGCAGTTGAACAGTACTTC,272,1,None,None
ACGGAGAAGGACACCA-1,False,ACGGAGAAGGACACCA-1_contig_1,False,549,TRB,TRBV16,None,TRBJ2-5,None,True,True,CASSLGGGQDTQYF,TGTGCAAGCAGCTTAGGGGGGGGCCAAGACACCCAGTACTTT,1072,1,None,None
ACGGAGAAGTTCGCGC-1,False,ACGGAGAAGTTCGCGC-1_contig_1,False,572,TRB,TRBV13-2,None,TRBJ2-7,None,True,True,CASGVQGWEQYF,TGTGCCAGCGGTGTACAGGGGTGGGAACAGTACTTC,1584,1,None,None
ACGGAGACAAGCGCTC-1,False,ACGGAGACAAGCGCTC-1_contig_1,False,549,TRB,TRBV16,None,TRBJ2-5,None,True,True,CASSLGGGQDTQYF,TGTGCAAGCAGCTTAGGGGGGGGCCAAGACACCCAGTACTTT,1832,1,None,None
ACGGAGACAAGGACTG-1,False,ACGGAGACAAGGACTG-1_contig_1,False,605,TRB,TRBV12-2+TRBV13-2,None,TRBJ1-2,TRBC1,True,True,CASGGGTGNSDYTF,TGTGCCAGCGGTGGGGGGACAGGGAACTCCGACTACACCTTC,1588,1,None,None
ACGGAGACACGGACAA-1,False,ACGGAGACACGGACAA-1_contig_1,False,523,TRA,TRAV19,None,TRAJ39,TRAC,True,True,CAAGGNNAGAKLTF,TGCGCAGCAGGTGGGAATAATGCAGGTGCCAAGCTCACATTC,1392,1,None,None
ACGGAGACACGGTAAG-1,False,ACGGAGACACGGTAAG-1_contig_1,False,524,TRB,TRBV3,None,TRBJ2-5,None,True,False,None,None,1632,1,None,None
ACGGAGACAGACACTT-1,False,ACGGAGACAGACACTT-1_contig_1,False,558,TRB,TRBV12-2+TRBV13-2,None,TRBJ2-7,None,True,True,CASGVQGEQYF,TGTGCCAGCGGTGTTCAGGGAGAACAGTACTTC,1664,1,None,None
ACGGAGACATATGGTC-1,False,ACGGAGACATATGGTC-1_contig_1,False,505,TRB,TRBV26,None,TRBJ2-1,None,True,True,CASSLHKFYAEQFF,TGTGCCAGCAGTCTGCACAAATTCTATGCTGAGCAGTTCTTC,2886,1,None,None
ACGGAGAGTACTTAGC-1,False,ACGGAGAGTACTTAGC-1_contig_1,False,515,TRA,TRAV13D-2,None,TRAJ11,TRAC,True,False,CAIDLDSGYNKLTF,TGTGCTATAGATCTTGACTCGGGATACAACAAACTCACTTTT,354,1,None,None
ACGGAGATCACGCATA-1,False,ACGGAGATCACGCATA-1_contig_1,False,512,TRB,TRBV26,None,TRBJ1-1,TRBC1,True,True,CASSRGNTEVFF,TGTGCCAGCAGCCGCGGAAACACAGAAGTCTTCTTT,1074,1,None,None
ACGGAGATCATAACCG-1,False,ACGGAGATCATAACCG-1_contig_1,False,640,TRB,TRBV13-2,None,TRBJ2-7,None,True,True,CASGAGGDYEQYF,TGTGCCAGCGGTGCTGGGGGGGACTATGAACAGTACTTC,1300,1,None,None
ACGGAGATCCGAACGC-1,False,ACGGAGATCCGAACGC-1_contig_1,False,566,TRB,TRBV12-2+TRBV13-2,None,TRBJ1-2,TRBC1,True,True,CASGGGTGNSDYTF,TGTGCCAGCGGTGGGGGGACAGGGAACTCCGACTACACCTTC,1170,1,None,None
ACGGAGATCGTATCAG-1,False,ACGGAGATCGTATCAG-1_contig_1,False,638,TRB,TRBV12-2+TRBV13-2,None,TRBJ1-2,TRBC1,True,True,CASGGGTGNSDYTF,TGTGCCAGCGGTGGGGGGACAGGGAACTCCGACTACACCTTC,714,1,None,None
ACGGAGATCTCTGTCG-1,False,ACGGAGATCTCTGTCG-1_contig_1,False,525,TRA,TRAV7N-6,None,TRAJ30,TRAC,True,True,CAVVDTNAYKVIF,TGTGCAGTGGTTGACACAAATGCTTACAAAGTCATCTTT,1490,1,None,None
ACGGAGATCTCTTGAT-1,False,ACGGAGATCTCTTGAT-1_contig_1,False,505,TRB,TRBV13-1,None,TRBJ2-4,None,True,True,CASSEGTNTLYF,TGTGCCAGCAGTGAAGGAACAAACACCTTGTACTTT,12352,9,None,None
ACGGAGATCTCTTGAT-1,False,ACGGAGATCTCTTGAT-1_contig_2,False,704,TRA,TRAV9D-2,None,TRAJ26,TRAC,True,True,CVLSRGNNYAQGLTF,TGTGTTCTGAGCAGGGGCAATAACTATGCCCAGGGATTAACCTTC,6510,8,None,None
ACGGAGATCTCTTGAT-1,False,ACGGAGATCTCTTGAT-1_contig_3,False,515,TRB,TRBV13-1,None,TRBJ2-3,None,True,True,CASEGQGAETLYF,TGTGCCAGCGAGGGACAGGGTGCAGAAACGCTGTATTTT,4922,6,None,None
ACGGCCAAGAAGGTTT-1,False,ACGGCCAAGAAGGTTT-1_contig_1,False,568,TRB,TRBV12-2+TRBV13-2,None,TRBJ1-2,TRBC1,True,True,CASGGGTGNSDYTF,TGTGCCAGCGGTGGGGGGACAGGGAACTCCGACTACACCTTC,1160,1,None,None
ACGGCCAAGCGTAATA-1,False,ACGGCCAAGCGTAATA-1_contig_1,False,593,TRB,TRBV13-2,None,TRBJ1-5,TRBC1,True,True,CASGTGDNQAPLF,TGTGCCAGCGGTACAGGGGACAACCAGGCTCCGCTTTTT,2314,1,None,None
ACGGCCAAGCTACCGC-1,False,ACGGCCAAGCTACCGC-1_contig_1,False,301,TRB,TRBV15,None,TRBJ1-3,TRBC1,True,False,CASSLNRGSSGNTLYF,TGTGCCAGCAGTTTAAACAGGGGGAGTTCTGGAAATACGCTCTATTTT,2986,1,None,None
ACGGCCAAGGATCGCA-1,False,ACGGCCAAGGATCGCA-1_contig_1,False,465,TRA,TRAV3D-3,None,TRAJ23,TRAC,True,False,CAVSDNYNQGKLIF,TGCGCAGTCAGTGACAATTATAACCAGGGGAAGCTTATCTTT,2204,1,None,None
ACGGCCAAGGGCTTGA-1,False,ACGGCCAAGGGCTTGA-1_contig_1,False,566,TRB,TRBV12-2+TRBV13-2,None,TRBJ1-2,TRBC1,True,True,CASGGGTGNSDYTF,TGTGCCAGCGGTGGGGGGACAGGGAACTCCGACTACACCTTC,1264,1,None,None
ACGGCCAAGGGTCGAT-1,False,ACGGCCAAGGGTCGAT-1_contig_1,False,641,TRB,TRBV12-2+TRBV13-2,None,TRBJ1-2,TRBC1,True,True,CASGGGTGNSDYTF,TGTGCCAGCGGTGGGGGGACAGGGAACTCCGACTACACCTTC,1134,1,None,None
ACGGCCAAGTGCCATT-1,False,ACGGCCAAGTGCCATT-1_contig_1,False,556,TRA,TRAV19,None,TRAJ39,TRAC,True,True,CAAGGNNAGAKLTF,TGCGCAGCAGGTGGGAATAATGCAGGTGCCAAGCTCACATTC,1344,1,None,None
ACGGCCAAGTTAAGTG-1,False,ACGGCCAAGTTAAGTG-1_contig_1,False,525,TRA,TRAV7N-6,None,TRAJ30,TRAC,True,True,CAVVDTNAYKVIF,TGTGCAGTGGTTGACACAAATGCTTACAAAGTCATCTTT,2064,1,None,None
ACGGCCACAAGGTGTG-1,False,ACGGCCACAAGGTGTG-1_contig_1,False,556,TRA,TRAV19,None,TRAJ39,TRAC,True,True,CAAGGNNAGAKLTF,TGCGCAGCAGGTGGGAATAATGCAGGTGCCAAGCTCACATTC,1734,1,None,None
ACGGCCACAAGGTGTG-1,False,ACGGCCACAAGGTGTG-1_contig_2,False,585,TRB,TRBV12-2+TRBV13-2,None,TRBJ1-2,TRBC1,True,True,CASGGGTGNSDYTF,TGTGCCAGCGGTGGGGGGACAGGGAACTCCGACTACACCTTC,852,1,None,None
ACGGCCAGTACTTAGC-1,False,ACGGCCAGTACTTAGC-1_contig_1,False,522,TRB,TRBV13-2,None,TRBJ1-2,TRBC1,True,True,CASGGGTGNSDYTF,TGTGCCAGCGGTGGGGGGACAGGGAACTCCGACTACACCTTC,1064,1,None,None
ACGGCCAGTCCGTGAC-1,False,ACGGCCAGTCCGTGAC-1_contig_1,False,507,TRA,TRAV21-DV12,None,TRAJ42,TRAC,True,True,CILRVHGGSNAKLTF,TGTATCCTGAGAGTCCATGGAGGAAGCAATGCAAAGCTAACCTTC,1416,1,None,None
ACGGCCAGTCGCATAT-1,False,ACGGCCAGTCGCATAT-1_contig_1,False,555,TRA,TRAV3-3,None,TRAJ49,TRAC,True,True,CAVSGATGYQNFYF,TGCGCAGTCAGTGGGGCCACGGGTTACCAGAACTTCTATTTT,9230,9,None,None
ACGGCCAGTCGCATAT-1,False,ACGGCCAGTCGCATAT-1_contig_2,False,507,TRA,TRAV21-DV12,None,TRAJ42,TRAC,True,True,CILRVHGGSNAKLTF,TGTATCCTGAGAGTCCATGGAGGAAGCAATGCAAAGCTAACCTTC,13636,10,None,None
ACGGCCAGTCGCATAT-1,False,ACGGCCAGTCGCATAT-1_contig_3,False,546,TRB,TRBV12-2+TRBV13-2,None,TRBJ2-7,None,True,True,CASGVQGEQYF,TGTGCCAGCGGTGTTCAGGGAGAACAGTACTTC,7962,9,None,None
ACGGCCAGTCGCATAT-1,False,ACGGCCAGTCGCATAT-1_contig_4,False,538,TRA,TRAV8-1,None,TRAJ30,TRAC,True,True,CATDTNAYKVIF,TGTGCTACTGACACAAATGCTTACAAAGTCATCTTT,3250,3,None,None
ACGGCCAGTCGCATAT-1,False,ACGGCCAGTCGCATAT-1_contig_5,False,563,TRB,TRBV12-2+TRBV13-2,None,TRBJ1-5,TRBC1,True,True,CASGTGDNQAPLF,TGTGCCAGCGGGACGGGGGACAACCAGGCTCCGCTTTTT,23350,29,None,None
ACGGCCAGTCGCATAT-1,False,ACGGCCAGTCGCATAT-1_contig_6,False,337,TRB,None,None,TRBJ2-1,None,False,False,None,None,12780,18,None,None
ACGGCCAGTCTAGGTT-1,False,ACGGCCAGTCTAGGTT-1_contig_1,True,434,TRA,TRAV9D-2,None,TRAJ26,TRAC,True,False,CVLSRGNNYAQGLTF,TGTGTTCTGAGCAGGGGCAATAACTATGCCCAGGGATTAACCTTC,5038,4,None,None
ACGGCCAGTGACCAAG-1,False,ACGGCCAGTGACCAAG-1_contig_1,False,522,TRB,TRBV12-2+TRBV13-2,None,TRBJ2-5,None,True,True,CASGVQGDTQYF,TGTGCCAGCGGTGTTCAGGGGGACACCCAGTACTTT,1778,1,None,None
ACGGCCAGTTGATTCG-1,False,ACGGCCAGTTGATTCG-1_contig_1,False,519,TRB,TRBV13-2,None,TRBJ1-2,TRBC1,True,True,CASGGGTGNSDYTF,TGTGCCAGCGGTGGGGGGACAGGGAACTCCGACTACACCTTC,2816,2,None,None
ACGGCCATCACTCTTA-1,False,ACGGCCATCACTCTTA-1_contig_1,False,574,TRB,None,None,TRBJ1-2,TRBC1,False,False,None,None,1070,1,None,None
ACGGCCATCGTAGGTT-1,False,ACGGCCATCGTAGGTT-1_contig_1,False,590,TRA,TRAV4D-3,None,TRAJ27,TRAC,True,True,CAADGPNTGKLTF,TGTGCTGCGGACGGACCCAATACAGGCAAATTAACCTTT,1916,1,None,None
ACGGCCATCTGCCCTA-1,False,ACGGCCATCTGCCCTA-1_contig_1,False,564,TRB,TRBV12-2+TRBV13-2,None,TRBJ1-5,TRBC1,True,True,CASGTGDNQAPLF,TGTGCCAGCGGGACAGGGGACAACCAGGCTCCGCTTTTT,1006,1,None,None
ACGGGCTAGGACCACA-1,False,ACGGGCTAGGACCACA-1_contig_1,False,535,TRA,TRAV19,None,TRAJ39,TRAC,True,True,CAAGGNNAGAKLTF,TGCGCAGCAGGTGGGAATAATGCAGGTGCCAAGCTCACATTC,2276,1,None,None
ACGGGCTAGGCCCTCA-1,False,ACGGGCTAGGCCCTCA-1_contig_1,False,568,TRB,TRBV12-2+TRBV13-2,None,TRBJ1-2,TRBC1,True,True,CASGGGTGNSDYTF,TGTGCCAGCGGTGGGGGGACAGGGAACTCCGACTACACCTTC,1548,1,None,None
ACGGGCTAGTATCGAA-1,False,ACGGGCTAGTATCGAA-1_contig_1,False,525,TRA,TRAV7N-6,None,TRAJ30,TRAC,True,True,CAVVDTNAYKVIF,TGTGCAGTGGTTGACACAAATGCTTACAAAGTCATCTTT,2132,1,None,None
ACGGGCTCACGCTTTC-1,False,ACGGGCTCACGCTTTC-1_contig_1,False,506,TRB,TRBV26,None,TRBJ1-1,TRBC1,True,False,CASSRGNTEVFF,TGTGCCAGCAGCCGCGGAAACACAGAAGTCTTCTTT,2138,1,None,None
ACGGGCTCACGGTAGA-1,False,ACGGGCTCACGGTAGA-1_contig_1,False,505,TRB,TRBV13-1,None,TRBJ2-4,None,True,True,CASSEGTNTLYF,TGTGCCAGCAGTGAAGGAACAAACACCTTGTACTTT,658,1,None,None
ACGGGCTCATCTATGG-1,False,ACGGGCTCATCTATGG-1_contig_1,False,549,TRA,TRAV8N-2,None,TRAJ13,TRAC,True,True,CATEDSGTYQRF,TGTGCTACTGAGGATTCTGGGACTTACCAGAGGTTT,494,1,None,None
ACGGGCTCATGTTCCC-1,False,ACGGGCTCATGTTCCC-1_contig_1,False,578,TRB,TRBV12-2+TRBV13-2,None,TRBJ1-2,TRBC1,True,True,CASGGGTGNSDYTF,TGTGCCAGCGGTGGGGGGACAGGGAACTCCGACTACACCTTC,1578,1,None,None
ACGGGCTGTAGATTAG-1,False,ACGGGCTGTAGATTAG-1_contig_1,False,566,TRA,TRAV3-3,None,TRAJ49,TRAC,True,True,CAVSGNTGYQNFYF,TGCGCAGTCAGTGGAAACACGGGTTACCAGAACTTCTATTTT,1974,1,None,None
ACGGGCTGTAGATTAG-1,False,ACGGGCTGTAGATTAG-1_contig_2,False,550,TRB,TRBV13-2,None,TRBJ1-2,TRBC1,True,True,CASGGQANSDYTF,TGTGCCAGCGGTGGACAGGCAAACTCCGACTACACCTTC,1198,1,None,None
ACGGGCTGTGCGGTAA-1,False,ACGGGCTGTGCGGTAA-1_contig_1,False,400,TRB,None,None,TRBJ2-7,None,False,False,None,None,1350,1,None,None
ACGGGCTGTGGACGAT-1,False,ACGGGCTGTGGACGAT-1_contig_1,False,580,TRA,TRAV14-1,None,TRAJ45,TRAC,True,True,CAASLYTEGADRLTF,TGTGCAGCAAGTCTTTATACAGAAGGTGCAGATAGACTCACCTTT,2088,1,None,None
ACGGGCTGTTACGTCA-1,False,ACGGGCTGTTACGTCA-1_contig_1,False,435,TRB,TRBV13-1,None,TRBJ1-2,None,True,True,CASSDWEGNSDYTF,TGTGCCAGCAGTGATTGGGAGGGGAACTCCGACTACACCTTC,56,1,None,None
ACGGGCTGTTCAGCGC-1,False,ACGGGCTGTTCAGCGC-1_contig_1,False,431,TRB,TRBV13-1,None,TRBJ2-3,None,True,False,CASGDSAETLYF,TGTGCCAGCGGGGACAGTGCAGAAACGCTGTATTTT,1170,1,None,None
ACGGGCTTCCCTGACT-1,False,ACGGGCTTCCCTGACT-1_contig_1,False,561,TRA,TRAV4D-3,None,TRAJ27,TRAC,True,True,CAADGPNTGKLTF,TGTGCTGCGGACGGACCCAATACAGGCAAATTAACCTTT,3102,1,None,None
ACGGGCTTCGTTACAG-1,False,ACGGGCTTCGTTACAG-1_contig_1,False,309,TRB,None,None,TRBJ2-4,None,False,False,None,None,1720,1,None,None
ACGGGCTTCGTTTAGG-1,False,ACGGGCTTCGTTTAGG-1_contig_1,False,561,TRB,TRBV12-2+TRBV13-2,None,TRBJ2-7,None,True,True,CASGVQGWEQYF,TGTGCCAGCGGTGTACAGGGGTGGGAACAGTACTTC,1202,1,None,None
ACGGGCTTCTGTCCGT-1,False,ACGGGCTTCTGTCCGT-1_contig_1,False,505,TRB,TRBV13-1,None,TRBJ2-3,None,True,True,CASGDSAETLYF,TGTGCCAGCGGGGACAGTGCAGAAACGCTGTATTTT,1014,1,None,None
ACGGGCTTCTTTACAC-1,False,ACGGGCTTCTTTACAC-1_contig_1,False,478,TRA,TRAV16D-DV11,None,TRAJ26,None,True,True,CAMREENNYAQGLTF,TGTGCTATGAGAGAGGAAAATAACTATGCCCAGGGATTAACCTTC,2004,1,None,None
ACGGGCTTCTTTACAC-1,False,ACGGGCTTCTTTACAC-1_contig_2,False,505,TRB,TRBV13-1,None,TRBJ2-3,None,True,True,CASGDSAETLYF,TGTGCCAGCGGGGACAGTGCAGAAACGCTGTATTTT,1402,1,None,None
ACGGGCTTCTTTACAC-1,False,ACGGGCTTCTTTACAC-1_contig_3,True,575,TRA,TRAV3D-3,None,TRAJ28,TRAC,True,False,CTSAQSVRGTGSNRLTF,TGTACTTCTGCGCAGTCAGTGAGGGGCACTGGGAGTAACAGGCTCACTTTT,3462,3,None,None
ACGGGCTTCTTTACAC-1,False,ACGGGCTTCTTTACAC-1_contig_4,True,406,TRB,None,None,TRBJ1-6,TRBC1,False,False,None,None,72,1,None,None
ACGGGTCAGTACTTGC-1,False,ACGGGTCAGTACTTGC-1_contig_1,False,641,TRB,TRBV12-2+TRBV13-2,None,TRBJ1-2,TRBC1,True,True,CASGGGTGNSDYTF,TGTGCCAGCGGTGGGGGGACAGGGAACTCCGACTACACCTTC,1984,1,None,None
ACGGGTCCAGACGCAA-1,False,ACGGGTCCAGACGCAA-1_contig_1,False,527,TRA,TRAV14-2,None,TRAJ50,TRAC,True,True,CAATSSSSFSKLVF,TGTGCAGCAACTTCATCCTCCTCCTTCAGCAAGCTGGTGTTT,2214,1,None,None
ACGGGTCGTAAGTGTA-1,False,ACGGGTCGTAAGTGTA-1_contig_1,False,541,TRA,TRAV15D-1-DV6D-1,None,TRAJ40,TRAC,False,False,None,None,1868,1,None,None
ACGGGTCGTAGCACGA-1,False,ACGGGTCGTAGCACGA-1_contig_1,False,583,TRA,TRAV16D-DV11,None,TRAJ26,TRAC,True,True,CAMREENNYAQGLTF,TGTGCTATGAGAGAGGAAAATAACTATGCCCAGGGATTAACCTTC,3932,3,None,None
ACGGGTCGTAGCACGA-1,False,ACGGGTCGTAGCACGA-1_contig_2,False,518,TRB,TRBV13-1,None,TRBJ2-3,None,True,True,CASGDSAETLYF,TGTGCCAGCGGGGACAGTGCAGAAACGCTGTATTTT,3490,2,None,None
ACGGGTCGTAGCACGA-1,False,ACGGGTCGTAGCACGA-1_contig_3,True,575,TRA,TRAV3D-3,None,TRAJ28,TRAC,True,False,CTSAQSVRGTGSNRLTF,TGTACTTCTGCGCAGTCAGTGAGGGGCACTGGGAGTAACAGGCTCACTTTT,2610,2,None,None
ACGGGTCGTCACTTCC-1,False,ACGGGTCGTCACTTCC-1_contig_1,False,523,TRA,TRAV7D-2,None,TRAJ6,TRAC,True,True,CAAPTSGGNYKPTF,TGTGCAGCCCCAACCTCAGGAGGAAACTACAAACCTACGTTT,1464,1,None,None
ACGGGTCGTTCTCATT-1,False,ACGGGTCGTTCTCATT-1_contig_1,False,482,TRB,TRBV12-2+TRBV13-2,None,TRBJ1-2,None,True,True,CASGGGTGNSDYTF,TGTGCCAGCGGTGGGGGGACAGGGAACTCCGACTACACCTTC,238,1,None,None
ACGGGTCTCAGAAATG-1,False,ACGGGTCTCAGAAATG-1_contig_1,False,508,TRB,TRBV13-1,None,TRBJ2-1,None,True,True,CASGGGDYAEQFF,TGTGCCAGCGGGGGGGGAGACTATGCTGAGCAGTTCTTC,1732,1,None,None
ACGGGTCTCAGCTCGG-1,False,ACGGGTCTCAGCTCGG-1_contig_1,False,539,TRB,TRBV12-2+TRBV13-2,None,TRBJ2-4,None,True,True,CASGTGDTLYF,TGTGCCAGCGGTACGGGCGACACCTTGTACTTT,2194,1,None,None
ACGGGTCTCATAGCAC-1,False,ACGGGTCTCATAGCAC-1_contig_1,False,568,TRB,TRBV12-2+TRBV13-2,None,TRBJ1-2,TRBC1,True,True,CASGGGTGNSDYTF,TGTGCCAGCGGTGGGGGGACAGGGAACTCCGACTACACCTTC,764,1,None,None
ACGGGTCTCCGTACAA-1,False,ACGGGTCTCCGTACAA-1_contig_1,False,362,TRB,None,None,TRBJ1-2,TRBC1,False,False,None,None,1868,1,None,None
ACGGGTCTCTTGTACT-1,False,ACGGGTCTCTTGTACT-1_contig_1,False,568,TRB,TRBV12-2+TRBV13-2,None,TRBJ1-2,TRBC1,True,True,CASGGGTGNSDYTF,TGTGCCAGCGGTGGGGGGACAGGGAACTCCGACTACACCTTC,86,2,None,None
ACGTCAAAGGGCTTGA-1,False,ACGTCAAAGGGCTTGA-1_contig_1,False,466,TRB,TRBV13-1,None,TRBJ2-2,None,True,False,CASSDPGQLYF,TGTGCCAGCAGTGACCCCGGGCAGCTCTACTTT,2316,1,None,None
ACGTCAAAGGTGCAAC-1,False,ACGTCAAAGGTGCAAC-1_contig_1,False,539,TRA,TRAV6D-5,None,TRAJ38,TRAC,True,False,CTTVFWDNVGDNSKLIW,TGTACTACTGTGTTCTGGGATAATGTTGGTGACAACAGTAAGCTGATTTGG,2190,1,None,None
ACGTCAACAAGTAATG-1,False,ACGTCAACAAGTAATG-1_contig_1,False,515,TRB,TRBV13-2,None,TRBJ2-5,None,True,True,CASGAGMEDTQYF,TGTGCCAGCGGTGCAGGGATGGAAGACACCCAGTACTTT,1246,1,None,None
ACGTCAACACACCGAC-1,False,ACGTCAACACACCGAC-1_contig_1,False,568,TRB,TRBV12-2+TRBV13-2,None,TRBJ1-2,TRBC1,True,True,CASGGGTGNSDYTF,TGTGCCAGCGGTGGGGGGACAGGGAACTCCGACTACACCTTC,1534,1,None,None
ACGTCAACACATTAGC-1,False,ACGTCAACACATTAGC-1_contig_1,False,362,TRB,None,None,TRBJ1-2,TRBC1,False,False,None,None,52,1,None,None
ACGTCAACACTTAAGC-1,False,ACGTCAACACTTAAGC-1_contig_1,False,512,TRB,TRBV13-1,None,TRBJ2-3,None,True,True,CASGDSAETLYF,TGTGCCAGCGGGGACAGTGCAGAAACGCTGTATTTT,1564,1,None,None
ACGTCAACACTTAAGC-1,False,ACGTCAACACTTAAGC-1_contig_2,False,515,TRB,TRBV13-1,None,TRBJ1-4,TRBC1,True,True,CASGTGANERLFF,TGTGCCAGCGGGACAGGGGCCAACGAAAGATTATTTTTC,1210,1,None,None
ACGTCAACAGGATTGG-1,False,ACGTCAACAGGATTGG-1_contig_1,False,564,TRB,TRBV12-2+TRBV13-2,None,TRBJ2-7,None,True,True,CASGVQGGEQYF,TGTGCCAGCGGTGTGCAGGGGGGAGAACAGTACTTC,1406,1,None,None
ACGTCAACAGGGTACA-1,False,ACGTCAACAGGGTACA-1_contig_1,False,549,TRB,TRBV16,None,TRBJ2-5,None,True,True,CASSFGGAPDTQYF,TGTGCAAGCAGCTTTGGGGGGGCGCCAGACACCCAGTACTTT,908,2,None,None
ACGTCAAGTAACGTTC-1,False,ACGTCAAGTAACGTTC-1_contig_1,False,442,TRB,TRBV13-2,None,TRBJ2-3,None,True,False,CASGDAPPGEGTLYF,TGTGCCAGCGGTGATGCACCTCCAGGGGAGGGAACGCTGTATTTT,2756,1,None,None
ACGTCAAGTAAGGATT-1,False,ACGTCAAGTAAGGATT-1_contig_1,False,498,TRA,TRAV1,None,TRAJ12,TRAC,True,True,CAVRDRAGGYKVVF,TGTGCTGTGAGGGATCGGGCTGGAGGCTATAAAGTGGTCTTT,11608,15,None,None
ACGTCAAGTAAGGATT-1,False,ACGTCAAGTAAGGATT-1_contig_2,False,558,TRA,TRAV19,None,TRAJ39,TRAC,True,True,CAAGGNNAGAKLTF,TGCGCAGCAGGTGGGAATAATGCAGGTGCCAAGCTCACATTC,6428,12,None,None
ACGTCAAGTAAGGATT-1,False,ACGTCAAGTAAGGATT-1_contig_3,False,529,TRA,TRAV8D-1,None,TRAJ6,TRAC,True,True,CATDAPTGNYKPTF,TGTGCTACTGATGCACCCACCGGAAACTACAAACCTACGTTT,13030,18,None,None
ACGTCAAGTAAGGATT-1,False,ACGTCAAGTAAGGATT-1_contig_4,False,600,TRB,TRBV12-2+TRBV13-2,None,TRBJ1-2,TRBC1,True,True,CASGGGTGNSDYTF,TGTGCCAGCGGTGGGGGGACAGGGAACTCCGACTACACCTTC,15654,31,None,None
ACGTCAAGTAAGGATT-1,False,ACGTCAAGTAAGGATT-1_contig_5,False,508,TRB,TRBV13-1,None,TRBJ2-1,None,True,True,CASGGGDYAEQFF,TGTGCCAGCGGGGGGGGAGACTATGCTGAGCAGTTCTTC,19892,39,None,None
ACGTCAAGTAAGGATT-1,False,ACGTCAAGTAAGGATT-1_contig_6,False,656,TRB,None,None,TRBJ2-7,None,False,False,None,None,8764,15,None,None
ACGTCAAGTATCTGCA-1,False,ACGTCAAGTATCTGCA-1_contig_1,False,575,TRA,TRAV8-1,None,TRAJ30,TRAC,True,True,CATDTNAYKVIF,TGTGCTACTGACACAAATGCTTACAAAGTCATCTTT,2100,2,None,None
ACGTCAAGTCTGATCA-1,False,ACGTCAAGTCTGATCA-1_contig_1,False,549,TRA,TRAV8N-2,None,TRAJ13,TRAC,True,True,CATEDSGTYQRF,TGTGCTACTGAGGATTCTGGGACTTACCAGAGGTTT,740,1,None,None
ACGTCAAGTGCTGTAT-1,False,ACGTCAAGTGCTGTAT-1_contig_1,False,373,TRA,TRAV9D-2,None,TRAJ26,TRAC,True,False,CVLSRGNNYAQGLTF,TGTGTTCTGAGCAGGGGCAATAACTATGCCCAGGGATTAACCTTC,1300,1,None,None
ACGTCAAGTGGGTCAA-1,False,ACGTCAAGTGGGTCAA-1_contig_1,False,505,TRB,TRBV13-1,None,TRBJ2-4,None,True,True,CASSEGTNTLYF,TGTGCCAGCAGTGAAGGAACAAACACCTTGTACTTT,1494,1,None,None
ACGTCAATCAACACAC-1,False,ACGTCAATCAACACAC-1_contig_1,False,579,TRB,TRBV12-2+TRBV13-2,None,TRBJ1-2,TRBC1,True,True,CASGGGTGNSDYTF,TGTGCCAGCGGTGGGGGGACAGGGAACTCCGACTACACCTTC,1080,1,None,None
ACGTCAATCACGGTTA-1,False,ACGTCAATCACGGTTA-1_contig_1,False,521,Multi,TRDV1,None,TRAJ45,TRAC,True,False,CGYTEGADRLTF,TGTGGGTATACAGAAGGTGCAGATAGACTCACCTTT,2564,1,None,None
ACGTCAATCCCACTTG-1,False,ACGTCAATCCCACTTG-1_contig_1,False,529,TRA,TRAV8D-1,None,TRAJ6,TRAC,True,True,CATDAPTGNYKPTF,TGTGCTACTGATGCACCCACCGGAAACTACAAACCTACGTTT,2178,1,None,None
ACGTCAATCCCACTTG-1,False,ACGTCAATCCCACTTG-1_contig_2,False,631,TRB,TRBV12-2,None,TRBJ2-3,None,True,False,CASGDAPPGEGTLYF,TGTGCCAGCGGTGATGCACCTCCAGGGGAGGGAACGCTGTATTTT,1646,1,None,None
ACGTCAATCGTATCAG-1,False,ACGTCAATCGTATCAG-1_contig_1,False,301,TRB,None,None,TRBJ2-5,None,False,False,None,None,2522,1,None,None
ACGTCAATCTCAAACG-1,False,ACGTCAATCTCAAACG-1_contig_1,False,343,TRB,None,None,TRBJ2-3,None,False,False,None,None,392,1,None,None
ACGTCAATCTCTGCTG-1,False,ACGTCAATCTCTGCTG-1_contig_1,False,542,TRB,TRBV12-1,None,TRBJ2-2,None,True,True,CASSDPGQLYF,TGTGCCAGCAGTGACCCCGGGCAGCTCTACTTT,1720,2,None,None
ACTATCTAGCTACCTA-1,False,ACTATCTAGCTACCTA-1_contig_1,False,566,TRA,TRAV3-3,None,TRAJ49,TRAC,True,True,CAVSGATGYQNFYF,TGCGCAGTCAGTGGGGCCACGGGTTACCAGAACTTCTATTTT,1832,1,None,None
ACTATCTAGGATGCGT-1,False,ACTATCTAGGATGCGT-1_contig_1,False,566,TRB,TRBV12-2+TRBV13-2,None,TRBJ1-2,TRBC1,True,True,CASGGGTGNSDYTF,TGTGCCAGCGGTGGGGGGACAGGGAACTCCGACTACACCTTC,128,1,None,None
ACTATCTAGGCCGAAT-1,False,ACTATCTAGGCCGAAT-1_contig_1,False,549,TRB,TRBV16,None,TRBJ2-7,None,True,True,CASSFGGGADEQYF,TGTGCAAGCAGCTTTGGTGGGGGGGCGGATGAACAGTACTTC,1192,1,None,None
ACTATCTAGGTAGCTG-1,False,ACTATCTAGGTAGCTG-1_contig_1,False,546,TRA,TRAV16D-DV11,None,TRAJ26,TRAC,True,True,CAMREENNYAQGLTF,TGTGCTATGAGAGAGGAAAATAACTATGCCCAGGGATTAACCTTC,1844,1,None,None
ACTATCTCACATTAGC-1,False,ACTATCTCACATTAGC-1_contig_1,False,388,TRB,None,None,TRBJ1-3,TRBC1,False,False,None,None,2316,1,None,None
ACTATCTCAGCCAATT-1,False,ACTATCTCAGCCAATT-1_contig_1,False,542,TRA,TRAV6-6,None,TRAJ39,TRAC,True,True,CALGDWNNAGAKLTF,TGTGCTCTGGGTGATTGGAATAATGCAGGTGCCAAGCTCACATTC,2682,1,None,None
ACTATCTCATCGGAAG-1,False,ACTATCTCATCGGAAG-1_contig_1,False,505,TRB,TRBV13-1,None,TRBJ2-4,None,True,True,CASSEGTNTLYF,TGTGCCAGCAGTGAAGGAACAAACACCTTGTACTTT,786,1,None,None
ACTATCTGTCGACTAT-1,False,ACTATCTGTCGACTAT-1_contig_1,False,549,TRB,TRBV16,None,TRBJ2-5,None,True,True,CASSLGGYQDTQYF,TGTGCAAGCAGCTTAGGGGGCTACCAAGACACCCAGTACTTT,1800,1,None,None
ACTATCTGTCGACTAT-1,False,ACTATCTGTCGACTAT-1_contig_2,False,558,TRA,TRAV4D-3,None,TRAJ17,TRAC,True,True,CAAPNSAGNKLTF,TGTGCTGCCCCCAACAGTGCAGGGAACAAGCTAACTTTT,1974,1,None,None
ACTATCTGTGTGGTTT-1,False,ACTATCTGTGTGGTTT-1_contig_1,False,563,TRB,TRBV12-2+TRBV13-2,None,TRBJ1-5,TRBC1,True,True,CASGTGDNQAPLF,TGTGCCAGCGGTACAGGAGACAACCAGGCTCCGCTTTTT,1168,1,None,None
ACTATCTGTTACAGAA-1,False,ACTATCTGTTACAGAA-1_contig_1,False,562,TRB,TRBV12-2+TRBV13-2,None,TRBJ2-7,None,True,True,CASGVQGEQYF,TGTGCCAGCGGTGTTCAGGGAGAACAGTACTTC,1100,1,None,None
ACTATCTTCACTATTC-1,False,ACTATCTTCACTATTC-1_contig_1,False,549,TRB,TRBV16,None,TRBJ2-5,None,True,True,CASSLGGGQDTQYF,TGTGCAAGCAGCTTAGGGGGGGGCCAAGACACCCAGTACTTT,1894,1,None,None
ACTATCTTCTTGTCAT-1,False,ACTATCTTCTTGTCAT-1_contig_1,False,453,Multi,TRDV1,None,TRAJ43,TRAC,True,False,CGGLNNAPRF,TGTGGAGGCCTCAACAATGCCCCACGATTT,1052,1,None,None
ACTGAACAGCGATGAC-1,False,ACTGAACAGCGATGAC-1_contig_1,False,557,TRA,TRAV19,None,TRAJ39,TRAC,True,True,CAAGGNNAGAKLTF,TGCGCAGCAGGTGGGAATAATGCAGGTGCCAAGCTCACATTC,4874,4,None,None
ACTGAACAGCGATGAC-1,False,ACTGAACAGCGATGAC-1_contig_2,False,567,TRB,TRBV12-2+TRBV13-2,None,TRBJ1-2,TRBC1,True,True,CASGGGTGNSDYTF,TGTGCCAGCGGTGGGGGGACAGGGAACTCCGACTACACCTTC,1344,2,None,None
ACTGAACCAAGCTGGA-1,False,ACTGAACCAAGCTGGA-1_contig_1,False,518,TRB,TRBV13-2,None,TRBJ2-7,None,True,True,CASGALWEQYF,TGTGCCAGCGGGGCTCTATGGGAACAGTACTTC,1686,1,None,None
ACTGAACCATCGATTG-1,False,ACTGAACCATCGATTG-1_contig_1,False,568,TRB,TRBV12-2+TRBV13-2,None,TRBJ1-2,TRBC1,True,True,CASGGGTGNSDYTF,TGTGCCAGCGGTGGGGGGACAGGGAACTCCGACTACACCTTC,996,1,None,None
ACTGAACCATTCCTCG-1,False,ACTGAACCATTCCTCG-1_contig_1,False,504,TRB,TRBV13-1,None,TRBJ2-1,None,True,True,CASSGGDYAEQFF,TGTGCCAGCAGTGGGGGGGACTATGCTGAGCAGTTCTTC,790,1,None,None
ACTGAACGTACGCACC-1,False,ACTGAACGTACGCACC-1_contig_1,False,555,TRA,TRAV3-3,None,TRAJ49,TRAC,True,True,CAVSGATGYQNFYF,TGCGCAGTCAGTGGGGCCACGGGTTACCAGAACTTCTATTTT,480,1,None,None
ACTGAACGTAGCGATG-1,False,ACTGAACGTAGCGATG-1_contig_1,False,503,TRB,TRBV13-1,None,TRBJ2-3,None,True,True,CASGDSAETLYF,TGTGCCAGCGGGGACAGTGCAGAAACGCTGTATTTT,1320,1,None,None
ACTGAACGTATTAGCC-1,False,ACTGAACGTATTAGCC-1_contig_1,False,651,TRA,TRAV14N-3,None,TRAJ6,TRAC,True,True,CAARTSGGNYKPTF,TGTGCAGCAAGAACCTCAGGAGGAAACTACAAACCTACGTTT,9720,13,None,None
ACTGAACGTATTAGCC-1,False,ACTGAACGTATTAGCC-1_contig_2,False,566,TRA,TRAV3-3,None,TRAJ49,TRAC,True,True,CAVSGSTGYQNFYF,TGCGCAGTCAGTGGGAGCACGGGTTACCAGAACTTCTATTTT,3542,5,None,None
ACTGAACGTATTAGCC-1,False,ACTGAACGTATTAGCC-1_contig_3,False,563,TRB,TRBV12-2+TRBV13-2,None,TRBJ2-7,None,True,True,CASGVQGWEQYF,TGTGCCAGCGGTGTACAGGGGTGGGAACAGTACTTC,21368,43,None,None
ACTGAACGTATTAGCC-1,False,ACTGAACGTATTAGCC-1_contig_4,False,563,TRB,TRBV12-2+TRBV13-2,None,TRBJ1-2,TRBC1,True,True,CASGGGTGNSDYTF,TGTGCCAGCGGTGGGGGGACAGGGAACTCCGACTACACCTTC,868,3,None,None
ACTGAACGTATTAGCC-1,False,ACTGAACGTATTAGCC-1_contig_5,False,549,TRA,TRAV8N-2,None,TRAJ13,TRAC,True,True,CATEDSGTYQRF,TGTGCTACTGAGGATTCTGGGACTTACCAGAGGTTT,16866,26,None,None
ACTGAACGTATTAGCC-1,False,ACTGAACGTATTAGCC-1_contig_6,False,566,TRB,TRBV12-2+TRBV13-2,None,TRBJ2-7,None,True,True,CASGTGGDYEQYF,TGTGCCAGCGGGACTGGGGGGGACTATGAACAGTACTTC,19684,50,None,None
ACTGAACGTATTAGCC-1,False,ACTGAACGTATTAGCC-1_contig_7,False,535,TRA,TRAV6D-5,None,TRAJ38,TRAC,True,False,CTTVFWDNVGDNSKLIW,TGTACTACTGTGTTCTGGGATAATGTTGGTGACAACAGTAAGCTGATTTGG,2844,8,None,None
ACTGAACGTCTCCACT-1,False,ACTGAACGTCTCCACT-1_contig_1,False,523,TRB,TRBV17,None,TRBJ2-5,None,True,False,CASSRKGIQDTQYF,TGTGCTAGCAGTAGAAAGGGGATCCAAGACACCCAGTACTTT,2440,1,None,None
ACTGAACGTGGGTATG-1,False,ACTGAACGTGGGTATG-1_contig_1,False,522,TRA,TRAV7N-6,None,TRAJ34,TRAC,True,True,CAISSNTNKVVF,TGTGCAATTTCTTCCAATACCAACAAAGTCGTCTTT,534,2,None,None
ACTGAACTCAACACTG-1,False,ACTGAACTCAACACTG-1_contig_1,False,549,TRB,TRBV16,None,TRBJ2-7,None,True,True,CASSFGGGADEQYF,TGTGCAAGCAGCTTTGGTGGGGGGGCGGATGAACAGTACTTC,1238,1,None,None
ACTGAACTCAACACTG-1,False,ACTGAACTCAACACTG-1_contig_2,False,568,TRB,TRBV12-2+TRBV13-2,None,TRBJ1-2,TRBC1,True,True,CASGGGTGNSDYTF,TGTGCCAGCGGTGGGGGGACAGGGAACTCCGACTACACCTTC,2464,3,None,None
ACTGAACTCAACACTG-1,False,ACTGAACTCAACACTG-1_contig_3,True,340,TRB,None,None,TRBJ1-3,TRBC1,False,False,None,None,3158,1,None,None
ACTGAACTCAAGGTAA-1,False,ACTGAACTCAAGGTAA-1_contig_1,False,505,TRB,TRBV13-1,None,TRBJ2-3,None,True,True,CASGDSAETLYF,TGTGCCAGCGGGGACAGTGCAGAAACGCTGTATTTT,1212,1,None,None
ACTGAACTCACAATGC-1,False,ACTGAACTCACAATGC-1_contig_1,False,505,TRB,TRBV13-1,None,TRBJ2-3,None,True,True,CASGDSAETLYF,TGTGCCAGCGGGGACAGTGCAGAAACGCTGTATTTT,1896,1,None,None
ACTGAACTCAGCTCTC-1,False,ACTGAACTCAGCTCTC-1_contig_1,False,601,TRB,TRBV12-2+TRBV13-2,None,TRBJ1-2,TRBC1,True,True,CASGGGTGNSDYTF,TGTGCCAGCGGTGGGGGGACAGGGAACTCCGACTACACCTTC,1216,1,None,None
ACTGAACTCAGGTTCA-1,False,ACTGAACTCAGGTTCA-1_contig_1,False,563,TRB,TRBV12-1,None,TRBJ2-5,None,True,True,CASSPRDWDQDTQYF,TGTGCCAGCTCTCCTCGGGACTGGGACCAAGACACCCAGTACTTT,3738,2,None,None
ACTGAACTCGCCATAA-1,False,ACTGAACTCGCCATAA-1_contig_1,False,544,TRA,TRAV8D-1,None,TRAJ26,TRAC,True,True,CATDDNYAQGLTF,TGTGCTACTGATGATAACTATGCCCAGGGATTAACCTTC,3580,3,None,None
ACTGAACTCGCCATAA-1,False,ACTGAACTCGCCATAA-1_contig_2,False,597,TRB,TRBV12-2+TRBV13-2,None,TRBJ2-7,None,True,True,CASGTGDEQYF,TGTGCCAGCGGGACAGGGGATGAACAGTACTTC,27192,22,None,None
ACTGAACTCGCCATAA-1,False,ACTGAACTCGCCATAA-1_contig_3,False,563,TRB,TRBV12-2+TRBV13-2,None,TRBJ1-2,TRBC1,True,True,CASGGGTGNSDYTF,TGTGCCAGCGGTGGGGGGACAGGGAACTCCGACTACACCTTC,808,2,None,None
ACTGAACTCGCCATAA-1,False,ACTGAACTCGCCATAA-1_contig_4,True,331,TRB,None,None,TRBJ2-1,None,False,False,None,None,5470,3,None,None
ACTGAACTCGCCATAA-1,False,ACTGAACTCGCCATAA-1_contig_5,True,554,TRB,TRBV16,None,TRBJ1-6,TRBC1,True,False,CKQLKQGAYNSPLYF,TGCAAGCAGCTTAAACAGGGGGCGTATAATTCGCCCCTCTACTTT,730,1,None,None
ACTGAGTAGACGCAAC-1,False,ACTGAGTAGACGCAAC-1_contig_1,False,509,TRB,TRBV5,None,TRBJ1-5,TRBC1,True,True,CASSHPGQNNQAPLF,TGTGCCAGCAGCCACCCGGGACAGAACAACCAGGCTCCGCTTTTT,1316,1,None,None
ACTGAGTAGCGATCCC-1,False,ACTGAGTAGCGATCCC-1_contig_1,False,525,TRB,TRBV23,None,TRBJ2-5,None,True,False,CASSQGAPGDQDTQYF,TGTGCCAGCAGTCAAGGGGCCCCAGGGGACCAAGACACCCAGTACTTT,1868,1,None,None
ACTGAGTAGGATTCGG-1,False,ACTGAGTAGGATTCGG-1_contig_1,False,607,TRB,TRBV12-1,None,TRBJ2-5,None,True,True,CASSDGDDTQYF,TGTGCCAGCAGTGACGGGGACGACACCCAGTACTTT,488,1,None,None
ACTGAGTAGGATTCGG-1,False,ACTGAGTAGGATTCGG-1_contig_2,False,552,TRA,TRAV8N-2,None,TRAJ43,TRAC,True,False,CATDANNNNAPRF,TGTGCTACTGATGCCAATAACAACAATGCCCCACGATTT,1164,1,None,None
ACTGAGTAGTACGCGA-1,False,ACTGAGTAGTACGCGA-1_contig_1,False,411,TRB,TRBV13-1,None,TRBJ2-2,None,True,True,CASSDPGQLYF,TGTGCCAGCAGTGACCCCGGGCAGCTCTACTTT,674,2,None,None
ACTGAGTAGTACGCGA-1,False,ACTGAGTAGTACGCGA-1_contig_2,True,333,TRB,None,None,TRBJ2-1,None,False,False,None,None,3314,2,None,None
ACTGAGTAGTCAAGCG-1,False,ACTGAGTAGTCAAGCG-1_contig_1,False,566,TRA,TRAV14N-3,None,TRAJ40,TRAC,True,True,CAATGVNTGNYKYVF,TGTGCAGCAACTGGTGTTAATACAGGAAACTACAAATACGTCTTT,2246,1,None,None
ACTGAGTAGTGAACGC-1,False,ACTGAGTAGTGAACGC-1_contig_1,False,531,TRB,TRBV26,None,TRBJ1-1,TRBC1,True,True,CASSRGNTEVFF,TGTGCCAGCAGCCGCGGAAACACAGAAGTCTTCTTT,2484,1,None,None
ACTGAGTAGTGGGCTA-1,False,ACTGAGTAGTGGGCTA-1_contig_1,False,760,TRB,None,None,TRBJ2-7,None,False,False,None,None,694,1,None,None
ACTGAGTCACATGTGT-1,False,ACTGAGTCACATGTGT-1_contig_1,False,513,TRA,TRAV19,None,TRAJ39,TRAC,True,True,CAAGGNNAGAKLTF,TGCGCAGCAGGTGGGAATAATGCAGGTGCCAAGCTCACATTC,608,1,None,None
ACTGAGTCACCAACCG-1,False,ACTGAGTCACCAACCG-1_contig_1,False,636,TRB,TRBV12-2+TRBV13-2,None,TRBJ1-2,TRBC1,True,True,CASGGGTGNSDYTF,TGTGCCAGCGGTGGGGGGACAGGGAACTCCGACTACACCTTC,1148,1,None,None
ACTGAGTCATCCAACA-1,False,ACTGAGTCATCCAACA-1_contig_1,False,570,TRA,TRAV19,None,TRAJ39,TRAC,True,True,CAAGGNNAGAKLTF,TGCGCAGCAGGTGGGAATAATGCAGGTGCCAAGCTCACATTC,13168,6,None,None
ACTGAGTCATCCAACA-1,False,ACTGAGTCATCCAACA-1_contig_2,False,571,TRB,TRBV12-2+TRBV13-2,None,TRBJ1-2,TRBC1,True,True,CASGGGTGNSDYTF,TGTGCCAGCGGTGGGGGGACAGGGAACTCCGACTACACCTTC,32764,31,None,None
ACTGAGTCATCCAACA-1,False,ACTGAGTCATCCAACA-1_contig_3,False,539,TRA,TRAV8-1,None,TRAJ30,TRAC,True,True,CATDTNAYKVIF,TGTGCTACTGACACAAATGCTTACAAAGTCATCTTT,3684,4,None,None
ACTGAGTCATCCAACA-1,False,ACTGAGTCATCCAACA-1_contig_4,False,568,TRB,TRBV12-2+TRBV13-2,None,TRBJ1-5,TRBC1,True,True,CASGTGDNQAPLF,TGTGCCAGCGGGACAGGGGACAACCAGGCTCCGCTTTTT,8144,6,None,None
ACTGAGTCATCCAACA-1,False,ACTGAGTCATCCAACA-1_contig_5,False,560,TRB,TRBV12-2+TRBV13-2,None,TRBJ2-7,None,True,True,CASGTGGDYEQYF,TGTGCCAGCGGGACTGGGGGGGACTATGAACAGTACTTC,1764,1,None,None
ACTGAGTCATCCAACA-1,False,ACTGAGTCATCCAACA-1_contig_6,False,398,TRA,TRAV7-5,None,TRAJ45,TRAC,True,False,CSDTEGADRLTF,TGCAGTGATACAGAAGGTGCAGATAGACTCACCTTT,1784,1,None,None
ACTGAGTCATCCAACA-1,False,ACTGAGTCATCCAACA-1_contig_7,False,529,TRA,TRAV4-3,None,TRAJ23,TRAC,True,False,None,None,888,1,None,None
ACTGAGTCATCCAACA-1,False,ACTGAGTCATCCAACA-1_contig_8,False,356,TRB,None,None,TRBJ2-1,None,False,False,None,None,13222,9,None,None
ACTGAGTGTACAGTTC-1,False,ACTGAGTGTACAGTTC-1_contig_1,False,532,TRB,TRBV26,None,TRBJ1-1,TRBC1,True,True,CASSRGNTEVFF,TGTGCCAGCAGCCGCGGAAACACAGAAGTCTTCTTT,2156,1,None,None
ACTGAGTGTAGGACAC-1,False,ACTGAGTGTAGGACAC-1_contig_1,False,486,TRB,TRBV13-1,None,TRBJ2-3,None,True,False,CASGDSAETLYF,TGTGCCAGCGGGGACAGTGCAGAAACGCTGTATTTT,1268,1,None,None
ACTGAGTGTCAGTGGA-1,False,ACTGAGTGTCAGTGGA-1_contig_1,False,565,TRA,TRAV8-1,None,TRAJ50,TRAC,True,True,CATVIASSSFSKLVF,TGTGCTACTGTTATAGCATCCTCCTCCTTCAGCAAGCTGGTGTTT,1750,1,None,None
ACTGAGTGTCATGCAT-1,False,ACTGAGTGTCATGCAT-1_contig_1,False,561,TRB,TRBV12-2+TRBV13-2,None,TRBJ2-7,None,True,True,CASGTGGDYEQYF,TGTGCCAGCGGGACTGGGGGGGACTATGAACAGTACTTC,842,1,None,None
ACTGAGTGTTTGTTGG-1,False,ACTGAGTGTTTGTTGG-1_contig_1,False,509,TRB,TRBV13-1,None,TRBJ2-7,None,True,True,CASSAPYEQYF,TGTGCCAGCAGTGCACCGTATGAACAGTACTTC,2608,2,None,None
ACTGAGTGTTTGTTGG-1,False,ACTGAGTGTTTGTTGG-1_contig_2,True,467,TRA,TRAV7N-6,None,TRAJ30,TRAC,True,False,CAVVDTNAYKVIF,TGTGCAGTGGTTGACACAAATGCTTACAAAGTCATCTTT,298,1,None,None
ACTGAGTTCACCGGGT-1,False,ACTGAGTTCACCGGGT-1_contig_1,False,423,TRB,None,None,TRBJ2-7,None,False,False,None,None,2140,1,None,None
ACTGAGTTCAGCCTAA-1,False,ACTGAGTTCAGCCTAA-1_contig_1,False,563,TRB,TRBV12-2+TRBV13-2,None,TRBJ2-5,None,True,True,CASGVQGDTQYF,TGTGCCAGCGGTGTTCAGGGGGACACCCAGTACTTT,1056,1,None,None
ACTGAGTTCTAGCACA-1,False,ACTGAGTTCTAGCACA-1_contig_1,False,469,TRB,TRBV13-1,None,TRBJ2-3,None,True,False,CASGDSAETLYF,TGTGCCAGCGGGGACAGTGCAGAAACGCTGTATTTT,2358,1,None,None
ACTGAGTTCTGATTCT-1,False,ACTGAGTTCTGATTCT-1_contig_1,False,549,TRA,TRAV8N-2,None,TRAJ13,TRAC,True,True,CATEDSGTYQRF,TGTGCTACTGAGGATTCTGGGACTTACCAGAGGTTT,590,1,None,None
ACTGAGTTCTTAGCCC-1,False,ACTGAGTTCTTAGCCC-1_contig_1,False,466,TRB,None,None,TRBJ1-2,TRBC1,False,False,None,None,1226,1,None,None
ACTGAGTTCTTTAGGG-1,False,ACTGAGTTCTTTAGGG-1_contig_1,False,506,TRB,None,None,TRBJ1-1,TRBC1,False,False,None,None,1270,1,None,None
ACTGATGAGACGACGT-1,False,ACTGATGAGACGACGT-1_contig_1,False,532,TRA,TRAV19,None,TRAJ39,TRAC,True,True,CAAGGNNAGAKLTF,TGCGCAGCAGGTGGGAATAATGCAGGTGCCAAGCTCACATTC,1626,1,None,None
ACTGATGAGCGAGAAA-1,False,ACTGATGAGCGAGAAA-1_contig_1,False,616,TRA,TRAV19,None,TRAJ39,TRAC,True,False,CAAGGNNAGAKLTF,TGCGCAGCAGGTGGGAATAATGCAGGTGCCAAGCTCACATTC,1276,1,None,None
ACTGATGAGCGGATCA-1,False,ACTGATGAGCGGATCA-1_contig_1,False,564,TRB,TRBV12-2+TRBV13-2,None,TRBJ1-2,TRBC1,True,True,CASGGGTGNSDYTF,TGTGCCAGCGGTGGGGGGACAGGGAACTCCGACTACACCTTC,774,1,None,None
ACTGATGAGCTAGGCA-1,False,ACTGATGAGCTAGGCA-1_contig_1,False,558,TRA,TRAV6-6,None,TRAJ17,TRAC,True,True,CALGEDSAGNKLTF,TGTGCTCTGGGTGAGGACAGTGCAGGGAACAAGCTAACTTTT,1646,1,None,None
ACTGATGAGGTGATTA-1,False,ACTGATGAGGTGATTA-1_contig_1,False,567,TRA,TRAV3-3,None,TRAJ37,TRAC,True,False,None,None,1686,1,None,None
ACTGATGAGTCAAGCG-1,False,ACTGATGAGTCAAGCG-1_contig_1,False,507,TRB,TRBV13-1,None,TRBJ1-4,TRBC1,True,True,CASGTGANERLFF,TGTGCCAGCGGGACAGGGGCCAACGAAAGATTATTTTTC,842,1,None,None
ACTGATGCAAGCGCTC-1,False,ACTGATGCAAGCGCTC-1_contig_1,False,557,TRB,TRBV12-2+TRBV13-2,None,TRBJ2-7,None,True,True,CASGTGGDYEQYF,TGTGCCAGCGGGACTGGGGGGGATTATGAACAGTACTTC,1454,1,None,None
ACTGATGCAAGTAGTA-1,False,ACTGATGCAAGTAGTA-1_contig_1,False,603,TRB,TRBV12-2+TRBV13-2,None,TRBJ1-2,TRBC1,True,True,CASGGGTGNSDYTF,TGTGCCAGCGGTGGGGGGACAGGGAACTCCGACTACACCTTC,1368,1,None,None
ACTGATGCAAGTTCTG-1,False,ACTGATGCAAGTTCTG-1_contig_1,False,569,TRA,TRAV8-1,None,TRAJ22,TRAC,True,True,CATDASSGSWQLIF,TGTGCTACTGATGCATCTTCTGGCAGCTGGCAACTCATCTTT,1292,1,None,None
ACTGATGCAATGTTGC-1,False,ACTGATGCAATGTTGC-1_contig_1,False,525,TRB,TRBV17,None,TRBJ2-5,None,True,True,CASSRKGSQDTQYF,TGTGCTAGCAGTAGAAAGGGTTCTCAAGACACCCAGTACTTT,2626,1,None,None
ACTGATGCAGCATACT-1,False,ACTGATGCAGCATACT-1_contig_1,False,549,TRB,TRBV16,None,TRBJ2-5,None,True,True,CASSLGGGQDTQYF,TGTGCAAGCAGCTTAGGGGGGGGCCAAGACACCCAGTACTTT,840,1,None,None
ACTGATGCAGCATACT-1,False,ACTGATGCAGCATACT-1_contig_2,False,509,TRB,TRBV5,None,TRBJ1-5,TRBC1,True,True,CASSHPGQNNQAPLF,TGTGCCAGCAGCCACCCGGGACAGAACAACCAGGCTCCGCTTTTT,2202,1,None,None
ACTGATGCAGTGACAG-1,False,ACTGATGCAGTGACAG-1_contig_1,False,593,TRA,TRAV19,None,TRAJ39,TRAC,True,True,CAAGGNNAGAKLTF,TGCGCAGCAGGTGGGAATAATGCAGGTGCCAAGCTCACATTC,834,1,None,None
ACTGATGCAGTGAGTG-1,False,ACTGATGCAGTGAGTG-1_contig_1,False,555,TRA,TRAV3-3,None,TRAJ49,TRAC,True,True,CAVSGSTGYQNFYF,TGCGCAGTCAGTGGGAGCACGGGTTACCAGAACTTCTATTTT,1976,1,None,None
ACTGATGCATGGAATA-1,False,ACTGATGCATGGAATA-1_contig_1,True,553,Multi,TRDV1,None,TRAJ45,TRAC,True,False,CGYTEGADRLTF,TGTGGGTATACAGAAGGTGCAGATAGACTCACCTTT,1532,1,None,None
ACTGATGCATGGAATA-1,False,ACTGATGCATGGAATA-1_contig_2,True,303,TRB,None,None,TRBJ2-3,None,False,False,None,None,2532,2,None,None
ACTGATGCATGTCCTC-1,False,ACTGATGCATGTCCTC-1_contig_1,False,401,TRA,TRAV7-5,None,TRAJ45,TRAC,True,False,CSDTEGADRLTF,TGCAGTGATACAGAAGGTGCAGATAGACTCACCTTT,1262,1,None,None
ACTGATGGTATTACCG-1,False,ACTGATGGTATTACCG-1_contig_1,False,568,TRB,TRBV12-2+TRBV13-2,None,TRBJ1-2,TRBC1,True,True,CASGGGTGNSDYTF,TGTGCCAGCGGTGGGGGGACAGGGAACTCCGACTACACCTTC,952,1,None,None
ACTGATGGTCTTCGTC-1,False,ACTGATGGTCTTCGTC-1_contig_1,False,565,TRB,TRBV12-2+TRBV13-2,None,TRBJ2-5,None,True,True,CASGAGMEDTQYF,TGTGCCAGCGGTGCAGGGATGGAAGACACCCAGTACTTT,614,1,None,None
ACTGATGGTTACGCGC-1,False,ACTGATGGTTACGCGC-1_contig_1,False,571,TRB,TRBV12-2+TRBV13-2,None,TRBJ2-7,None,True,True,CASGTGGDYEQYF,TGTGCCAGCGGGACTGGGGGGGATTATGAACAGTACTTC,1286,1,None,None
ACTGATGGTTACGTCA-1,False,ACTGATGGTTACGTCA-1_contig_1,False,549,TRB,TRBV16,None,TRBJ2-5,None,True,True,CASSLGGGQDTQYF,TGTGCAAGCAGCTTAGGGGGGGGCCAAGACACCCAGTACTTT,24562,19,None,None
ACTGATGGTTACGTCA-1,False,ACTGATGGTTACGTCA-1_contig_2,False,597,TRA,TRAV14D-3-DV8,None,TRAJ6,TRAC,True,True,CAARTSGGNYKPTF,TGTGCAGCAAGAACCTCAGGAGGAAACTACAAACCTACGTTT,4896,3,None,None
ACTGATGGTTACGTCA-1,False,ACTGATGGTTACGTCA-1_contig_3,False,595,TRA,TRAV4D-3,None,TRAJ27,TRAC,True,True,CAADGPNTGKLTF,TGTGCTGCGGACGGACCCAATACAGGCAAATTAACCTTT,14732,9,None,None
ACTGATGGTTACGTCA-1,False,ACTGATGGTTACGTCA-1_contig_4,False,525,TRA,TRAV7N-6,None,TRAJ30,TRAC,True,True,CAVVDTNAYKVIF,TGTGCAGTGGTTGACACAAATGCTTACAAAGTCATCTTT,6854,5,None,None
ACTGATGGTTATCCGA-1,False,ACTGATGGTTATCCGA-1_contig_1,False,509,TRB,TRBV13-1,None,TRBJ1-1,TRBC1,True,True,CASSDPAEVFF,TGTGCCAGCAGTGATCCAGCGGAAGTCTTCTTT,1408,1,None,None
ACTGATGGTTCTGTTT-1,False,ACTGATGGTTCTGTTT-1_contig_1,False,615,TRB,TRBV12-2+TRBV13-2,None,TRBJ1-2,TRBC1,True,True,CASGGGTGNSDYTF,TGTGCCAGCGGTGGGGGGACAGGGAACTCCGACTACACCTTC,818,1,None,None
ACTGATGGTTGCTCCT-1,False,ACTGATGGTTGCTCCT-1_contig_1,True,329,TRB,None,None,TRBJ2-1,None,False,False,None,None,288,1,None,None
ACTGATGGTTGCTCCT-1,False,ACTGATGGTTGCTCCT-1_contig_2,True,423,TRA,TRAV19,None,TRAJ39,TRAC,True,False,CAAGGNNAGAKLTF,TGCGCAGCAGGTGGGAATAATGCAGGTGCCAAGCTCACATTC,2792,1,None,None
ACTGATGGTTGCTCCT-1,False,ACTGATGGTTGCTCCT-1_contig_3,True,519,TRA,TRAV7-5,None,TRAJ45,TRAC,True,False,CSDTEGADRLTF,TGCAGTGATACAGAAGGTGCAGATAGACTCACCTTT,1918,2,None,None
ACTGATGGTTGTGGCC-1,False,ACTGATGGTTGTGGCC-1_contig_1,False,527,TRB,TRBV13-1,None,TRBJ2-7,None,True,False,CASSGGHLEQYF,TGTGCCAGCAGTGGGGGACACCTTGAACAGTACTTC,1810,1,None,None
ACTGATGTCCAGTAGT-1,False,ACTGATGTCCAGTAGT-1_contig_1,False,568,TRA,TRAV4D-3,None,TRAJ27,TRAC,True,True,CAADGPNTGKLTF,TGTGCTGCGGACGGACCCAATACAGGCAAATTAACCTTT,2036,1,None,None
ACTGATGTCGTCCAGG-1,False,ACTGATGTCGTCCAGG-1_contig_1,False,558,TRB,TRBV12-2+TRBV13-2,None,TRBJ2-7,None,True,True,CASGAGGEQYF,TGTGCCAGCGGTGCTGGGGGGGAACAGTACTTC,1704,1,None,None
ACTGCTCAGACTAGGC-1,False,ACTGCTCAGACTAGGC-1_contig_1,False,531,TRA,TRAV13-2,None,TRAJ43,TRAC,True,True,CATLNNNNAPRF,TGTGCTACTCTCAATAACAACAATGCCCCACGATTT,1672,1,None,None
ACTGCTCAGCGATAGC-1,False,ACTGCTCAGCGATAGC-1_contig_1,False,579,TRB,None,None,TRBJ1-1,TRBC1,False,False,None,None,1708,1,None,None
ACTGCTCAGGATCGCA-1,False,ACTGCTCAGGATCGCA-1_contig_1,False,569,TRB,TRBV12-2,None,TRBJ2-5,None,True,True,CASSLQGVQDTQYF,TGTGCCAGCTCTCTCCAGGGGGTCCAAGACACCCAGTACTTT,1728,1,None,None
ACTGCTCAGTCACGCC-1,False,ACTGCTCAGTCACGCC-1_contig_1,False,557,TRA,TRAV8-1,None,TRAJ52,TRAC,True,False,None,None,72,1,None,None
ACTGCTCAGTCACGCC-1,False,ACTGCTCAGTCACGCC-1_contig_2,False,557,TRA,TRAV8N-2,None,TRAJ52,TRAC,True,False,None,None,594,1,None,None
ACTGCTCAGTCTTGCA-1,False,ACTGCTCAGTCTTGCA-1_contig_1,False,512,TRB,TRBV13-1,None,TRBJ2-3,None,True,True,CASGDSAETLYF,TGTGCCAGCGGGGACAGTGCAGAAACGCTGTATTTT,1338,1,None,None
ACTGCTCCAAGTAGTA-1,False,ACTGCTCCAAGTAGTA-1_contig_1,True,345,TRB,None,None,TRBJ2-1,None,False,False,None,None,630,2,None,None
ACTGCTCCAAGTAGTA-1,False,ACTGCTCCAAGTAGTA-1_contig_2,True,555,TRB,TRBV13-1,None,TRBJ1-1,TRBC1,True,False,CASSDPAEVFF,TGTGCCAGCAGTGATCCAGCGGAAGTCTTCTTT,2060,1,None,None
ACTGCTCCAGGACGTA-1,False,ACTGCTCCAGGACGTA-1_contig_1,False,516,TRA,TRAV6-6,None,TRAJ39,TRAC,True,True,CALGDWNNAGAKLTF,TGTGCTCTGGGTGATTGGAATAATGCAGGTGCCAAGCTCACATTC,574,1,None,None
ACTGCTCCATCTGGTA-1,False,ACTGCTCCATCTGGTA-1_contig_1,False,556,TRA,TRAV19,None,TRAJ39,TRAC,True,True,CAAGGNNAGAKLTF,TGCGCAGCAGGTGGGAATAATGCAGGTGCCAAGCTCACATTC,1394,1,None,None
ACTGCTCCATTACGAC-1,False,ACTGCTCCATTACGAC-1_contig_1,False,556,TRA,TRAV19,None,TRAJ39,TRAC,True,True,CAAGGNNAGAKLTF,TGCGCAGCAGGTGGGAATAATGCAGGTGCCAAGCTCACATTC,5828,4,None,None
ACTGCTCCATTACGAC-1,False,ACTGCTCCATTACGAC-1_contig_2,False,570,TRB,TRBV12-2+TRBV13-2,None,TRBJ1-2,TRBC1,True,True,CASGGGTGNSDYTF,TGTGCCAGCGGTGGGGGGACAGGGAACTCCGACTACACCTTC,1322,1,None,None
ACTGCTCCATTACGAC-1,False,ACTGCTCCATTACGAC-1_contig_3,True,355,TRB,None,None,TRBJ2-1,None,False,False,None,None,2692,3,None,None
ACTGCTCGTAGCCTCG-1,False,ACTGCTCGTAGCCTCG-1_contig_1,False,515,TRB,TRBV13-1,None,TRBJ2-1,None,True,True,CASGGGDYAEQFF,TGTGCCAGCGGGGGGGGAGACTATGCTGAGCAGTTCTTC,1502,1,None,None
ACTGCTCGTGCAACTT-1,False,ACTGCTCGTGCAACTT-1_contig_1,False,464,TRA,TRAV19,None,TRAJ39,None,True,True,CAAGGNNAGAKLTF,TGCGCAGCAGGTGGGAATAATGCAGGTGCCAAGCTCACATTC,1668,1,None,None
ACTGCTCGTGCAACTT-1,False,ACTGCTCGTGCAACTT-1_contig_2,False,601,TRA,TRAV4D-3,None,TRAJ27,TRAC,True,True,CAADGPNTGKLTF,TGTGCTGCGGACGGACCCAATACAGGCAAATTAACCTTT,2250,2,None,None
ACTGCTCGTGCAACTT-1,False,ACTGCTCGTGCAACTT-1_contig_3,False,568,TRB,TRBV12-2+TRBV13-2,None,TRBJ1-2,TRBC1,True,True,CASGGGTGNSDYTF,TGTGCCAGCGGTGGGGGGACAGGGAACTCCGACTACACCTTC,5956,7,None,None
ACTGCTCGTGCAACTT-1,False,ACTGCTCGTGCAACTT-1_contig_4,True,303,TRB,None,None,TRBJ2-7,None,False,False,None,None,2952,1,None,None
ACTGCTCGTGCAACTT-1,False,ACTGCTCGTGCAACTT-1_contig_5,True,463,Multi,TRDV1,None,TRAJ45,TRAC,True,False,CGGTEGADRLTF,TGTGGAGGGACAGAAGGTGCAGATAGACTCACCTTT,1408,1,None,None
ACTGCTCGTGCAACTT-1,False,ACTGCTCGTGCAACTT-1_contig_6,True,356,TRB,None,None,TRBJ2-1,None,False,False,None,None,3394,2,None,None
ACTGCTCGTGTATGGG-1,False,ACTGCTCGTGTATGGG-1_contig_1,False,549,TRB,TRBV16,None,TRBJ2-5,None,True,True,CASSLGGGLDTQYF,TGTGCAAGCAGCTTAGGGGGGGGGCTCGACACCCAGTACTTT,488,1,None,None
ACTGCTCGTGTATGGG-1,False,ACTGCTCGTGTATGGG-1_contig_2,False,532,TRA,TRAV19,None,TRAJ39,TRAC,True,True,CAAGGNNAGAKLTF,TGCGCAGCAGGTGGGAATAATGCAGGTGCCAAGCTCACATTC,2042,1,None,None
ACTGCTCTCTCAAACG-1,False,ACTGCTCTCTCAAACG-1_contig_1,False,518,TRA,TRAV19,None,TRAJ39,TRAC,True,True,CAAGGNNAGAKLTF,TGCGCAGCAGGTGGGAATAATGCAGGTGCCAAGCTCACATTC,1136,1,None,None
ACTGCTCTCTTCAACT-1,False,ACTGCTCTCTTCAACT-1_contig_1,False,604,TRB,TRBV13-1,None,TRBJ1-4,TRBC1,True,False,CASGTGANERLFF,TGTGCCAGCGGGACAGGGGCCAACGAAAGATTATTTTTC,1272,1,None,None
ACTGTCCAGACACGAC-1,False,ACTGTCCAGACACGAC-1_contig_1,False,563,TRB,TRBV12-2+TRBV13-2,None,TRBJ1-5,TRBC1,True,True,CASGTGDNQAPLF,TGTGCCAGCGGGACAGGCGACAACCAGGCTCCGCTTTTT,434,1,None,None
ACTGTCCAGAGCTTCT-1,False,ACTGTCCAGAGCTTCT-1_contig_1,False,567,TRB,TRBV12-2+TRBV13-2,None,TRBJ1-2,TRBC1,True,True,CASGGGTGNSDYTF,TGTGCCAGCGGTGGGGGGACAGGGAACTCCGACTACACCTTC,1584,1,None,None
ACTGTCCAGGAGTACC-1,False,ACTGTCCAGGAGTACC-1_contig_1,False,527,TRB,TRBV13-2,None,TRBJ2-7,None,True,True,CASGVQGGEQYF,TGTGCCAGCGGTGTGCAGGGGGGAGAACAGTACTTC,1292,1,None,None
ACTGTCCAGTACGACG-1,False,ACTGTCCAGTACGACG-1_contig_1,False,549,TRB,TRBV16,None,TRBJ2-7,None,True,True,CASSFGGGADEQYF,TGTGCAAGCAGCTTTGGTGGGGGGGCGGATGAACAGTACTTC,1078,1,None,None
ACTGTCCAGTAGCGGT-1,False,ACTGTCCAGTAGCGGT-1_contig_1,False,505,TRB,TRBV13-1,None,TRBJ2-3,None,True,True,CASGDSAETLYF,TGTGCCAGCGGGGACAGTGCAGAAACGCTGTATTTT,966,1,None,None
ACTGTCCAGTTAGCGG-1,False,ACTGTCCAGTTAGCGG-1_contig_1,False,522,TRB,TRBV31,None,TRBJ2-3,None,True,True,CAWSLLLGGSAETLYF,TGTGCCTGGAGTCTACTCCTGGGGGGAAGTGCAGAAACGCTGTATTTT,2314,1,None,None
ACTGTCCCACCACCAG-1,False,ACTGTCCCACCACCAG-1_contig_1,False,563,TRB,TRBV12-2+TRBV13-2,None,TRBJ2-7,None,True,True,CASGTGGDYEQYF,TGTGCCAGCGGGACTGGGGGGGACTATGAACAGTACTTC,1246,1,None,None
ACTGTCCCACGAGAGT-1,False,ACTGTCCCACGAGAGT-1_contig_1,False,499,TRB,TRBV13-1,None,TRBJ2-3,None,True,True,CASGDSAETLYF,TGTGCCAGCGGGGACAGTGCAGAAACGCTGTATTTT,1838,1,None,None
ACTGTCCCACTGTGTA-1,False,ACTGTCCCACTGTGTA-1_contig_1,False,512,TRB,TRBV13-1,None,TRBJ2-3,None,True,True,CASGDSAETLYF,TGTGCCAGCGGGGACAGTGCAGAAACGCTGTATTTT,990,1,None,None
ACTGTCCCACTTCTGC-1,False,ACTGTCCCACTTCTGC-1_contig_1,False,569,TRB,TRBV12-2+TRBV13-2,None,TRBJ1-2,TRBC1,True,True,CASGGGTGNSDYTF,TGTGCCAGCGGTGGGGGGACAGGGAACTCCGACTACACCTTC,1054,1,None,None
ACTGTCCGTAGGGACT-1,False,ACTGTCCGTAGGGACT-1_contig_1,False,515,TRB,TRBV13-1,None,TRBJ1-4,TRBC1,True,True,CASGTGANERLFF,TGTGCCAGCGGGACAGGGGCCAACGAAAGATTATTTTTC,1652,1,None,None
ACTGTCCGTATAGGGC-1,False,ACTGTCCGTATAGGGC-1_contig_1,False,577,TRA,TRAV4D-3,None,TRAJ27,TRAC,True,True,CAADGPNTGKLTF,TGTGCTGCGGACGGACCCAATACAGGCAAATTAACCTTT,1164,1,None,None
ACTGTCCGTCAGTGGA-1,False,ACTGTCCGTCAGTGGA-1_contig_1,False,549,TRB,TRBV16,None,TRBJ2-5,None,True,True,CASSLGGGADTQYF,TGTGCAAGCAGCTTAGGGGGGGGCGCGGACACCCAGTACTTT,1352,1,None,None
ACTGTCCGTCAGTGGA-1,False,ACTGTCCGTCAGTGGA-1_contig_2,False,520,TRB,TRBV14,None,TRBJ2-1,None,True,True,CASSFRGYEAEQFF,TGTGCCAGCAGCTTCAGGGGGTATGAGGCTGAGCAGTTCTTC,1030,1,None,None
ACTGTCCGTCAGTGGA-1,False,ACTGTCCGTCAGTGGA-1_contig_3,True,391,TRA,TRAV10,None,TRAJ43,TRAC,True,False,CAAFNNNNAPRF,TGTGCAGCATTCAATAACAACAATGCCCCACGATTT,1766,1,None,None
ACTGTCCGTCGACTGC-1,False,ACTGTCCGTCGACTGC-1_contig_1,False,479,TRB,TRBV12-2+TRBV13-2,None,TRBJ1-3,None,True,True,CASGGGPGNTLYF,TGTGCCAGCGGTGGAGGTCCTGGAAATACGCTCTATTTT,74,1,None,None
ACTGTCCGTGAAATCA-1,False,ACTGTCCGTGAAATCA-1_contig_1,False,532,TRA,TRAV13-4-DV7,None,TRAJ58,TRAC,True,True,CAPMQQGTGSKLSF,TGTGCTCCTATGCAGCAAGGCACTGGGTCTAAGCTGTCATTT,1832,1,None,None
ACTGTCCGTGTGCCTG-1,False,ACTGTCCGTGTGCCTG-1_contig_1,False,356,TRA,TRAV9D-2,None,TRAJ26,TRAC,True,False,CVLSRGNNYAQGLTF,TGTGTTCTGAGCAGGGGCAATAACTATGCCCAGGGATTAACCTTC,2912,1,None,None
ACTGTCCGTGTTTGGT-1,False,ACTGTCCGTGTTTGGT-1_contig_1,False,518,TRA,TRAV19,None,TRAJ39,TRAC,True,True,CAAGGNNAGAKLTF,TGCGCAGCAGGTGGGAATAATGCAGGTGCCAAGCTCACATTC,2270,1,None,None
ACTGTCCGTTAAGGGC-1,False,ACTGTCCGTTAAGGGC-1_contig_1,False,369,TRB,None,None,TRBJ1-2,TRBC1,False,False,None,None,2032,1,None,None
ACTGTCCGTTCCACAA-1,False,ACTGTCCGTTCCACAA-1_contig_1,False,525,TRA,TRAV7N-6,None,TRAJ30,TRAC,True,True,CAVVDTNAYKVIF,TGTGCAGTGGTTGACACAAATGCTTACAAAGTCATCTTT,1614,1,None,None
ACTGTCCGTTCTCATT-1,False,ACTGTCCGTTCTCATT-1_contig_1,False,563,TRB,TRBV12-2+TRBV13-2,None,TRBJ1-5,TRBC1,True,True,CASGTGDNQAPLF,TGTGCCAGCGGGACAGGGGACAACCAGGCTCCGCTTTTT,1512,2,None,None
ACTGTCCGTTGCCTCT-1,False,ACTGTCCGTTGCCTCT-1_contig_1,False,635,TRB,TRBV12-2+TRBV13-2,None,TRBJ1-5,TRBC1,True,True,CASGTGDNQAPLF,TGTGCCAGCGGGACAGGGGACAACCAGGCTCCGCTTTTT,756,1,None,None
ACTGTCCTCAGCGACC-1,False,ACTGTCCTCAGCGACC-1_contig_1,False,592,TRB,TRBV12-2+TRBV13-2,None,TRBJ2-7,None,True,True,CASGVQGEQYF,TGTGCCAGCGGTGTTCAGGGAGAACAGTACTTC,1008,1,None,None
ACTGTCCTCATTGCGA-1,False,ACTGTCCTCATTGCGA-1_contig_1,False,537,TRA,TRAV3D-3,None,TRAJ26,TRAC,True,True,CAVSANNYAQGLTF,TGCGCAGTCAGTGCAAATAACTATGCCCAGGGATTAACCTTC,2062,1,None,None
ACTGTCCTCCTGCAGG-1,False,ACTGTCCTCCTGCAGG-1_contig_1,False,512,TRB,TRBV13-1,None,TRBJ2-4,None,True,True,CASSEGTNTLYF,TGTGCCAGCAGTGAAGGAACAAACACCTTGTACTTT,1288,1,None,None
ACTGTCCTCCTGCAGG-1,False,ACTGTCCTCCTGCAGG-1_contig_2,False,573,TRB,TRBV12-2+TRBV13-2,None,TRBJ1-2,TRBC1,True,True,CASGGGTGNSDYTF,TGTGCCAGCGGTGGGGGGACAGGGAACTCCGACTACACCTTC,1448,1,None,None
ACTGTCCTCTATCGCC-1,False,ACTGTCCTCTATCGCC-1_contig_1,False,522,TRB,TRBV5,None,TRBJ1-5,TRBC1,True,True,CASSHPGQNNQAPLF,TGTGCCAGCAGCCACCCGGGACAGAACAACCAGGCTCCGCTTTTT,1356,1,None,None
ACTGTCCTCTCAAGTG-1,False,ACTGTCCTCTCAAGTG-1_contig_1,False,530,TRA,TRAV19,None,TRAJ39,TRAC,True,True,CAAGGNNAGAKLTF,TGCGCAGCAGGTGGGAATAATGCAGGTGCCAAGCTCACATTC,2636,3,None,None
ACTGTCCTCTCAAGTG-1,False,ACTGTCCTCTCAAGTG-1_contig_10,False,586,TRA,TRAV7-5,None,TRAJ45,TRAC,True,False,CSDTEGADRLTF,TGCAGTGATACAGAAGGTGCAGATAGACTCACCTTT,628,1,None,None
ACTGTCCTCTCAAGTG-1,False,ACTGTCCTCTCAAGTG-1_contig_11,False,813,TRA,TRAV9D-2,None,TRAJ26,TRAC,True,False,CVLSRGNNYAQGLTF,TGTGTTCTGAGCAGGGGCAATAACTATGCCCAGGGATTAACCTTC,1032,3,None,None
ACTGTCCTCTCAAGTG-1,False,ACTGTCCTCTCAAGTG-1_contig_2,False,568,TRA,TRAV14N-3,None,TRAJ6,TRAC,True,True,CAARTSGGNYKPTF,TGTGCAGCAAGAACCTCAGGAGGAAACTACAAACCTACGTTT,9692,7,None,None
ACTGTCCTCTCAAGTG-1,False,ACTGTCCTCTCAAGTG-1_contig_3,False,566,TRA,TRAV3-3,None,TRAJ49,TRAC,True,True,CAVSGSTGYQNFYF,TGCGCAGTCAGTGGGAGCACGGGTTACCAGAACTTCTATTTT,2192,2,None,None
ACTGTCCTCTCAAGTG-1,False,ACTGTCCTCTCAAGTG-1_contig_4,False,505,TRB,TRBV13-1,None,TRBJ2-4,None,True,True,CASSEGTNTLYF,TGTGCCAGCAGTGAAGGAACAAACACCTTGTACTTT,11974,11,None,None
ACTGTCCTCTCAAGTG-1,False,ACTGTCCTCTCAAGTG-1_contig_5,False,563,TRB,TRBV12-2+TRBV13-2,None,TRBJ2-7,None,True,True,CASGVQGWEQYF,TGTGCCAGCGGTGTACAGGGGTGGGAACAGTACTTC,10192,13,None,None
ACTGTCCTCTCAAGTG-1,False,ACTGTCCTCTCAAGTG-1_contig_6,False,569,TRB,TRBV12-2+TRBV13-2,None,TRBJ1-2,TRBC1,True,True,CASGGGTGNSDYTF,TGTGCCAGCGGTGGGGGGACAGGGAACTCCGACTACACCTTC,5218,6,None,None
ACTGTCCTCTCAAGTG-1,False,ACTGTCCTCTCAAGTG-1_contig_7,False,549,TRA,TRAV8N-2,None,TRAJ13,TRAC,True,True,CATEDSGTYQRF,TGTGCTACTGAGGATTCTGGGACTTACCAGAGGTTT,11202,9,None,None
ACTGTCCTCTCAAGTG-1,False,ACTGTCCTCTCAAGTG-1_contig_8,False,566,TRB,TRBV12-2+TRBV13-2,None,TRBJ2-7,None,True,True,CASGTGGDYEQYF,TGTGCCAGCGGGACTGGGGGGGACTATGAACAGTACTTC,13736,16,None,None
ACTGTCCTCTCAAGTG-1,False,ACTGTCCTCTCAAGTG-1_contig_9,False,566,TRB,TRBV12-2+TRBV13-2,None,TRBJ1-5,TRBC1,True,True,CASGTGDNQAPLF,TGTGCCAGCGGTACAGGGGACAACCAGGCTCCGCTTTTT,3490,6,None,None
ACTTACTAGGCAATTA-1,False,ACTTACTAGGCAATTA-1_contig_1,False,524,TRA,TRAV8-1,None,TRAJ34,TRAC,True,True,CATDVSNTNKVVF,TGTGCTACTGATGTATCCAATACCAACAAAGTCGTCTTT,12052,7,None,None
ACTTACTAGGCAATTA-1,False,ACTTACTAGGCAATTA-1_contig_2,False,538,TRB,TRBV13-2,None,TRBJ1-2,TRBC1,True,True,CASGGGTGNSDYTF,TGTGCCAGCGGTGGGGGGACAGGGAACTCCGACTACACCTTC,1102,1,None,None
ACTTACTAGGCAATTA-1,False,ACTTACTAGGCAATTA-1_contig_3,False,544,TRB,TRBV12-2+TRBV13-2,None,TRBJ1-5,TRBC1,True,True,CASGTGDNQAPLF,TGTGCCAGCGGGACAGGGGACAACCAGGCTCCGCTTTTT,10168,12,None,None
ACTTACTAGGCAATTA-1,False,ACTTACTAGGCAATTA-1_contig_4,True,526,TRA,TRAV7D-3,None,TRAJ35,TRAC,True,False,None,None,228,1,None,None
ACTTACTAGGGATACC-1,False,ACTTACTAGGGATACC-1_contig_1,False,570,TRB,TRBV12-2+TRBV13-2,None,TRBJ1-2,TRBC1,True,True,CASGGGTGNSDYTF,TGTGCCAGCGGTGGGGGGACAGGGAACTCCGACTACACCTTC,984,1,None,None
ACTTACTCACAGCCCA-1,False,ACTTACTCACAGCCCA-1_contig_1,False,667,TRB,TRBV12-2+TRBV13-2,None,TRBJ1-2,TRBC1,True,True,CASGGGTGNSDYTF,TGTGCCAGCGGTGGGGGGACAGGGAACTCCGACTACACCTTC,1490,1,None,None
ACTTACTCACTGTGTA-1,False,ACTTACTCACTGTGTA-1_contig_1,False,505,TRB,TRBV13-1,None,TRBJ2-3,None,True,True,CASGDSAETLYF,TGTGCCAGCGGGGACAGTGCAGAAACGCTGTATTTT,1620,1,None,None
ACTTACTCAGGGATTG-1,False,ACTTACTCAGGGATTG-1_contig_1,False,558,TRA,TRAV19,None,TRAJ39,TRAC,True,True,CAAGGNNAGAKLTF,TGCGCAGCAGGTGGGAATAATGCAGGTGCCAAGCTCACATTC,1394,1,None,None
ACTTACTCAGGGATTG-1,False,ACTTACTCAGGGATTG-1_contig_2,False,422,TRB,TRBV13-1,None,TRBJ2-4,None,True,True,CASSEGTNTLYF,TGTGCCAGCAGTGAAGGAACAAACACCTTGTACTTT,1072,2,None,None
ACTTACTGTATGGTTC-1,False,ACTTACTGTATGGTTC-1_contig_1,False,589,TRB,TRBV12-2+TRBV13-2,None,TRBJ2-7,None,True,True,CASGDPRPYF,TGTGCCAGCGGTGATCCCAGACCGTACTTC,762,1,None,None
ACTTACTGTCATATCG-1,False,ACTTACTGTCATATCG-1_contig_1,False,621,TRB,TRBV12-2,None,TRBJ1-2,TRBC1,True,False,CASGGGTGNSDYTF,TGTGCCAGCGGTGGGGGGACAGGGAACTCCGACTACACCTTC,804,1,None,None
ACTTACTGTCGCATCG-1,False,ACTTACTGTCGCATCG-1_contig_1,False,558,TRA,TRAV19,None,TRAJ39,TRAC,True,True,CAAGGNNAGAKLTF,TGCGCAGCAGGTGGGAATAATGCAGGTGCCAAGCTCACATTC,1876,1,None,None
ACTTACTGTCGCATCG-1,False,ACTTACTGTCGCATCG-1_contig_2,False,566,TRB,TRBV12-2+TRBV13-2,None,TRBJ1-2,TRBC1,True,True,CASGGGTGNSDYTF,TGTGCCAGCGGTGGGGGGACAGGGAACTCCGACTACACCTTC,2990,3,None,None
ACTTACTGTCTCACCT-1,False,ACTTACTGTCTCACCT-1_contig_1,False,549,TRB,TRBV16,None,TRBJ2-5,None,True,True,CASSLGGGQDTEYF,TGTGCAAGCAGCTTAGGTGGGGGCCAAGACACCGAGTACTTT,1258,2,None,None
ACTTACTGTCTCTCGT-1,False,ACTTACTGTCTCTCGT-1_contig_1,False,381,TRB,TRBV13-1,None,TRBJ2-3,None,True,False,CASGDSAETLYF,TGTGCCAGCGGGGACAGTGCAGAAACGCTGTATTTT,3374,1,None,None
ACTTACTGTGGCTCCA-1,False,ACTTACTGTGGCTCCA-1_contig_1,False,525,TRB,TRBV17,None,TRBJ2-5,None,True,True,CASSRKGSQDTQYF,TGTGCTAGCAGTAGAAAGGGTTCTCAAGACACCCAGTACTTT,2054,1,None,None
ACTTACTTCAGATAAG-1,False,ACTTACTTCAGATAAG-1_contig_1,False,560,TRB,TRBV12-2+TRBV13-2,None,TRBJ1-2,TRBC1,True,True,CASGGGTGNSDYTF,TGTGCCAGCGGTGGGGGGACAGGGAACTCCGACTACACCTTC,640,1,None,None
ACTTACTTCAGTCCCT-1,False,ACTTACTTCAGTCCCT-1_contig_1,False,573,TRB,TRBV12-2+TRBV13-2,None,TRBJ2-7,None,True,True,CASGALWEQYF,TGTGCCAGCGGGGCTCTATGGGAACAGTACTTC,1180,1,None,None
ACTTACTTCCACGTTC-1,False,ACTTACTTCCACGTTC-1_contig_1,False,567,TRB,TRBV12-2+TRBV13-2,None,TRBJ2-7,None,True,True,CASGTGGDYEQYF,TGTGCCAGCGGGACTGGGGGGGACTATGAACAGTACTTC,1708,1,None,None
ACTTACTTCCACGTTC-1,False,ACTTACTTCCACGTTC-1_contig_2,False,450,TRB,None,None,TRBJ1-6,TRBC1,False,False,None,None,460,1,None,None
ACTTACTTCGCTGATA-1,False,ACTTACTTCGCTGATA-1_contig_1,False,505,TRB,TRBV13-1,None,TRBJ2-3,None,True,True,CASGDSAETLYF,TGTGCCAGCGGGGACAGTGCAGAAACGCTGTATTTT,1144,1,None,None
ACTTACTTCGTGACAT-1,False,ACTTACTTCGTGACAT-1_contig_1,False,509,TRB,TRBV13-1,None,TRBJ2-2,None,True,True,CASSDPGQLYF,TGTGCCAGCAGTGACCCCGGGCAGCTCTACTTT,1292,1,None,None
ACTTGTTAGAGTCGGT-1,False,ACTTGTTAGAGTCGGT-1_contig_1,False,505,TRB,TRBV13-1,None,TRBJ2-3,None,True,True,CASGDSAETLYF,TGTGCCAGCGGGGACAGTGCAGAAACGCTGTATTTT,1322,1,None,None
ACTTGTTAGAGTCGGT-1,False,ACTTGTTAGAGTCGGT-1_contig_2,False,468,TRA,TRAV19,None,TRAJ39,None,False,False,CAAGGN,TGCGCAGCAGGTGGGAAT,262,2,None,None
ACTTGTTAGCGTCTAT-1,False,ACTTGTTAGCGTCTAT-1_contig_1,False,519,TRB,TRBV13-2,None,TRBJ1-5,TRBC1,True,True,CASGTGDNQAPLF,TGTGCCAGCGGTACAGGGGATAACCAGGCTCCGCTTTTT,1538,1,None,None
ACTTGTTAGGATGCGT-1,False,ACTTGTTAGGATGCGT-1_contig_1,False,562,TRB,TRBV12-1,None,TRBJ2-3,None,True,True,CASGDSAETLYF,TGTGCCAGCGGGGACAGTGCAGAAACGCTGTATTTT,1688,1,None,None
ACTTGTTAGGGATCTG-1,False,ACTTGTTAGGGATCTG-1_contig_1,False,558,TRB,TRBV12-2+TRBV13-2,None,TRBJ2-5,None,True,True,CASGVQGDTQYF,TGTGCCAGCGGTGTTCAGGGGGACACCCAGTACTTT,656,1,None,None
ACTTGTTAGTACGTAA-1,False,ACTTGTTAGTACGTAA-1_contig_1,False,512,TRB,TRBV13-1,None,TRBJ2-4,None,True,True,CASSEGTNTLYF,TGTGCCAGCAGTGAAGGAACAAACACCTTGTACTTT,3244,2,None,None
ACTTGTTAGTCATCCA-1,False,ACTTGTTAGTCATCCA-1_contig_1,False,549,TRB,TRBV16,None,TRBJ2-5,None,True,True,CASSFGGGQDTQYF,TGTGCAAGCAGCTTTGGGGGGGGCCAAGACACCCAGTACTTT,1138,1,None,None
ACTTGTTAGTCATCCA-1,False,ACTTGTTAGTCATCCA-1_contig_2,False,564,TRB,TRBV12-2+TRBV13-2,None,TRBJ1-5,TRBC1,True,True,CASGTGDNQAPLF,TGTGCCAGCGGTACAGGGGACAACCAGGCTCCGCTTTTT,1022,1,None,None
ACTTGTTAGTCGTACT-1,False,ACTTGTTAGTCGTACT-1_contig_1,False,541,TRA,TRAV4D-3,None,TRAJ27,TRAC,True,True,CAADGPNTGKLTF,TGTGCTGCGGACGGACCCAATACAGGCAAATTAACCTTT,2584,1,None,None
ACTTGTTAGTCGTACT-1,False,ACTTGTTAGTCGTACT-1_contig_2,False,484,TRB,None,None,TRBJ1-6,TRBC1,False,False,None,None,1512,1,None,None
ACTTGTTCAAACAACA-1,False,ACTTGTTCAAACAACA-1_contig_1,False,537,TRA,TRAV3-3,None,TRAJ49,TRAC,True,True,CAVSGATGYQNFYF,TGCGCAGTCAGTGGGGCCACGGGTTACCAGAACTTCTATTTT,1564,1,None,None
ACTTGTTCACAGCCCA-1,False,ACTTGTTCACAGCCCA-1_contig_1,False,566,TRB,TRBV12-2+TRBV13-2,None,TRBJ1-2,TRBC1,True,True,CASGGGTGNSDYTF,TGTGCCAGCGGTGGGGGGACAGGGAACTCCGACTACACCTTC,1110,1,None,None
ACTTGTTCAGCTCGCA-1,False,ACTTGTTCAGCTCGCA-1_contig_1,False,592,TRB,TRBV12-2+TRBV13-2,None,TRBJ1-2,TRBC1,True,True,CASGGGTGNSDYTF,TGTGCCAGCGGTGGGGGGACAGGGAACTCCGACTACACCTTC,682,1,None,None
ACTTGTTGTACCAGTT-1,False,ACTTGTTGTACCAGTT-1_contig_1,False,483,TRB,TRBV13-1,None,TRBJ2-1,None,True,False,CASGGGDYAEQFF,TGTGCCAGCGGGGGGGGAGACTATGCTGAGCAGTTCTTC,1602,1,None,None
ACTTGTTGTACCAGTT-1,False,ACTTGTTGTACCAGTT-1_contig_2,False,624,TRB,TRBV12-2,None,TRBJ2-7,None,True,False,CASGTGGDYEQYF,TGTGCCAGCGGGACTGGGGGGGACTATGAACAGTACTTC,354,1,None,None
ACTTGTTGTGAGGGTT-1,False,ACTTGTTGTGAGGGTT-1_contig_1,False,429,TRB,None,None,TRBJ2-5,None,False,False,None,None,1360,1,None,None
ACTTGTTGTGGTTTCA-1,False,ACTTGTTGTGGTTTCA-1_contig_1,False,566,TRA,TRAV3-3,None,TRAJ49,TRAC,True,True,CAVSGSTGYQNFYF,TGCGCAGTCAGTGGGAGCACGGGTTACCAGAACTTCTATTTT,2168,1,None,None
ACTTGTTGTTCGTTGA-1,False,ACTTGTTGTTCGTTGA-1_contig_1,False,525,TRA,TRAV7N-6,None,TRAJ30,TRAC,True,True,CAVVDTNAYKVIF,TGTGCAGTGGTTGACACAAATGCTTACAAAGTCATCTTT,1190,1,None,None
ACTTGTTTCAACACCA-1,False,ACTTGTTTCAACACCA-1_contig_1,False,636,TRB,TRBV13-2,None,TRBJ1-2,TRBC1,True,True,CASGGGTGNSDYTF,TGTGCCAGCGGTGGGGGGACAGGGAACTCCGACTACACCTTC,1212,1,None,None
ACTTGTTTCTCGTATT-1,False,ACTTGTTTCTCGTATT-1_contig_1,False,566,TRB,TRBV12-2+TRBV13-2,None,TRBJ1-2,TRBC1,True,True,CASGGGTGNSDYTF,TGTGCCAGCGGTGGGGGGACAGGGAACTCCGACTACACCTTC,1418,1,None,None
ACTTGTTTCTGTACGA-1,False,ACTTGTTTCTGTACGA-1_contig_1,False,581,TRB,TRBV12-2+TRBV13-2,None,TRBJ1-5,TRBC1,True,True,CASGTGDNQAPLF,TGTGCCAGCGGTACAGGGGATAACCAGGCTCCGCTTTTT,3850,3,None,None
ACTTTCAAGACTGTAA-1,False,ACTTTCAAGACTGTAA-1_contig_1,False,559,TRB,TRBV12-2+TRBV13-2,None,TRBJ2-1,None,True,True,CASGGYAEQFF,TGTGCCAGCGGGGGCTATGCTGAGCAGTTCTTC,1334,1,None,None
ACTTTCAAGATGTGTA-1,False,ACTTTCAAGATGTGTA-1_contig_1,False,630,TRB,TRBV20,None,TRBJ1-6,TRBC1,True,True,CADRSYNSPLYF,TGTGCCGACAGGTCCTATAATTCGCCCCTCTACTTT,2332,1,None,None
ACTTTCAAGCAGCGTA-1,False,ACTTTCAAGCAGCGTA-1_contig_1,False,589,TRB,TRBV12-2+TRBV13-2,None,TRBJ1-2,TRBC1,True,True,CASGGGTGNSDYTF,TGTGCCAGCGGTGGGGGGACAGGGAACTCCGACTACACCTTC,1142,1,None,None
ACTTTCAAGCCCGAAA-1,False,ACTTTCAAGCCCGAAA-1_contig_1,False,428,TRB,None,None,TRBJ2-1,None,False,False,None,None,1168,1,None,None
ACTTTCAAGTAAGTAC-1,False,ACTTTCAAGTAAGTAC-1_contig_1,False,525,TRA,TRAV7N-6,None,TRAJ30,TRAC,True,True,CAVVDTNAYKVIF,TGTGCAGTGGTTGACACAAATGCTTACAAAGTCATCTTT,1450,1,None,None
ACTTTCAAGTAAGTAC-1,False,ACTTTCAAGTAAGTAC-1_contig_2,False,473,TRB,None,None,TRBJ1-2,TRBC1,False,False,None,None,1944,1,None,None
ACTTTCAAGTGTCCCG-1,False,ACTTTCAAGTGTCCCG-1_contig_1,False,512,TRB,TRBV13-1,None,TRBJ2-3,None,True,True,CASGDSAETLYF,TGTGCCAGCGGGGACAGTGCAGAAACGCTGTATTTT,1390,1,None,None
ACTTTCACAAACCCAT-1,False,ACTTTCACAAACCCAT-1_contig_1,False,570,TRB,None,None,TRBJ1-2,TRBC1,False,False,None,None,1420,1,None,None
ACTTTCACAATGTAAG-1,False,ACTTTCACAATGTAAG-1_contig_1,False,549,TRB,TRBV16,None,TRBJ2-5,None,True,True,CASSLGGGQDTQYF,TGTGCAAGCAGCTTAGGGGGGGGCCAAGACACCCAGTACTTT,1888,1,None,None
ACTTTCACACCAGTTA-1,False,ACTTTCACACCAGTTA-1_contig_1,False,497,TRB,TRBV13-2,None,TRBJ1-2,TRBC1,True,True,CASGGQANSDYTF,TGTGCCAGCGGTGGACAGGCAAACTCCGACTACACCTTC,1614,1,None,None
ACTTTCACACGAGGTA-1,False,ACTTTCACACGAGGTA-1_contig_1,False,549,TRA,TRAV8N-2,None,TRAJ13,TRAC,True,True,CATEDSGTYQRF,TGTGCTACTGAGGATTCTGGGACTTACCAGAGGTTT,694,1,None,None
ACTTTCACAGACGCCT-1,False,ACTTTCACAGACGCCT-1_contig_1,False,547,TRA,TRAV14N-3,None,TRAJ6,TRAC,True,True,CAARTSGGNYKPTF,TGTGCAGCAAGAACCTCAGGAGGAAACTACAAACCTACGTTT,1086,1,None,None
ACTTTCAGTAAGAGGA-1,False,ACTTTCAGTAAGAGGA-1_contig_1,False,594,TRB,TRBV12-2+TRBV13-2,None,TRBJ2-7,None,True,True,CASGVQGEQYF,TGTGCCAGCGGTGTTCAGGGAGAACAGTACTTC,2662,2,None,None
ACTTTCAGTAAGGATT-1,False,ACTTTCAGTAAGGATT-1_contig_1,False,594,TRB,TRBV5,None,TRBJ1-5,TRBC1,True,True,CASSHPGQNNQAPLF,TGTGCCAGCAGCCACCCGGGACAGAACAACCAGGCTCCGCTTTTT,2620,1,None,None
ACTTTCAGTAGGCATG-1,False,ACTTTCAGTAGGCATG-1_contig_1,False,503,TRB,TRBV13-1,None,TRBJ2-4,None,True,True,CASSEGTNTLYF,TGTGCCAGCAGTGAAGGAACAAACACCTTGTACTTT,1410,1,None,None
ACTTTCAGTAGTACCT-1,False,ACTTTCAGTAGTACCT-1_contig_1,False,562,TRB,TRBV12-2+TRBV13-2,None,TRBJ2-7,None,True,True,CASGTGDEQYF,TGTGCCAGCGGGACAGGGGATGAACAGTACTTC,1716,1,None,None
ACTTTCAGTATAGGGC-1,False,ACTTTCAGTATAGGGC-1_contig_1,False,505,TRB,TRBV13-1,None,TRBJ2-4,None,True,True,CASSEGTNTLYF,TGTGCCAGCAGTGAAGGAACAAACACCTTGTACTTT,1934,1,None,None
ACTTTCAGTATAGGGC-1,False,ACTTTCAGTATAGGGC-1_contig_2,False,343,TRA,TRAV9D-2,None,TRAJ26,TRAC,True,False,CVLSRGNNYAQGLTF,TGTGTTCTGAGCAGGGGCAATAACTATGCCCAGGGATTAACCTTC,1792,1,None,None
ACTTTCAGTCAAACTC-1,False,ACTTTCAGTCAAACTC-1_contig_1,False,498,TRB,TRBV12-2+TRBV13-2,None,TRBJ1-5,TRBC1,True,False,CASGTGDNQAPLF,TGTGCCAGCGGGACAGGGGACAACCAGGCTCCGCTTTTT,2082,1,None,None
ACTTTCAGTGGTGTAG-1,False,ACTTTCAGTGGTGTAG-1_contig_1,False,497,TRA,TRAV9D-2,None,TRAJ25,TRAC,True,False,CVLSRGNNYAQGLTF,TGTGTTCTGAGCAGGGGCAATAACTATGCCCAGGGATTAACCTTC,1762,1,None,None
ACTTTCAGTTGCTCCT-1,False,ACTTTCAGTTGCTCCT-1_contig_1,False,575,TRB,TRBV12-2+TRBV13-2,None,TRBJ1-5,TRBC1,True,True,CASGTGDNQAPLF,TGTGCCAGCGGTACCGGGGACAACCAGGCTCCGCTTTTT,1148,1,None,None
ACTTTCATCACCGGGT-1,False,ACTTTCATCACCGGGT-1_contig_1,False,549,TRB,TRBV16,None,TRBJ1-2,TRBC1,True,True,CASSSGTGNSDYTF,TGTGCAAGCAGCTCCGGGACAGGGAACTCCGACTACACCTTC,580,1,None,None
ACTTTCATCACCGGGT-1,False,ACTTTCATCACCGGGT-1_contig_2,False,525,TRA,TRAV7N-6,None,TRAJ30,TRAC,True,True,CAVVDTNAYKVIF,TGTGCAGTGGTTGACACAAATGCTTACAAAGTCATCTTT,1672,1,None,None
ACTTTCATCCCTAATT-1,False,ACTTTCATCCCTAATT-1_contig_1,False,611,TRB,None,None,TRBJ2-5,None,False,False,None,None,1004,1,None,None
ACTTTCATCCTTAATC-1,False,ACTTTCATCCTTAATC-1_contig_1,False,558,TRA,TRAV19,None,TRAJ39,TRAC,True,True,CAAGGNNAGAKLTF,TGCGCAGCAGGTGGGAATAATGCAGGTGCCAAGCTCACATTC,2092,1,None,None
ACTTTCATCGGCCGAT-1,False,ACTTTCATCGGCCGAT-1_contig_1,False,374,TRB,None,None,TRBJ1-6,TRBC1,False,False,None,None,132,2,None,None
ACTTTCATCTGATACG-1,False,ACTTTCATCTGATACG-1_contig_1,False,404,TRB,TRBV13-2,None,TRBJ1-5,TRBC1,True,False,CASGTGDNQAPLF,TGTGCCAGCGGTACAGGAGACAACCAGGCTCCGCTTTTT,1306,1,None,None
ACTTTCATCTGTCAAG-1,False,ACTTTCATCTGTCAAG-1_contig_1,True,575,TRA,TRAV12-2,None,TRAJ37,TRAC,True,True,CALSPQTGNTGKLIF,TGTGCTTTGAGCCCCCAAACAGGCAATACCGGAAAACTCATCTTT,2062,3,None,None
ACTTTCATCTGTCAAG-1,False,ACTTTCATCTGTCAAG-1_contig_2,True,389,TRB,None,None,TRBJ2-7,None,False,False,None,None,2030,1,None,None
ACTTTCATCTGTCAAG-1,False,ACTTTCATCTGTCAAG-1_contig_3,True,328,TRB,None,None,TRBJ2-2,None,False,False,None,None,2120,2,None,None
AGAATAGAGAATTGTG-1,False,AGAATAGAGAATTGTG-1_contig_1,False,598,TRB,TRBV12-2+TRBV13-2,None,TRBJ2-7,None,True,True,CASGDGQGRYF,TGTGCCAGCGGTGACGGACAGGGGAGGTACTTC,642,1,None,None
AGAATAGAGACTTTCG-1,False,AGAATAGAGACTTTCG-1_contig_1,False,522,TRB,TRBV5,None,TRBJ2-7,None,True,True,CASSQDWGGAVEQYF,TGTGCCAGCAGCCAAGACTGGGGGGGCGCAGTTGAACAGTACTTC,1096,1,None,None
AGAATAGAGGATGCGT-1,False,AGAATAGAGGATGCGT-1_contig_1,False,549,TRB,TRBV16,None,TRBJ2-5,None,True,True,CASSLGGGQDTQYF,TGTGCAAGCAGCTTAGGGGGGGGCCAAGACACCCAGTACTTT,528,1,None,None
AGAATAGAGGATGCGT-1,False,AGAATAGAGGATGCGT-1_contig_2,False,523,TRA,TRAV8D-1,None,TRAJ30,TRAC,True,True,CATDTNAYKVIF,TGTGCTACTGACACAAATGCTTACAAAGTCATCTTT,1086,1,None,None
AGAATAGAGTCGTACT-1,False,AGAATAGAGTCGTACT-1_contig_1,False,533,TRB,TRBV13-2,None,TRBJ2-1,None,True,True,CASAGGDYAEQFF,TGTGCCAGCGCGGGGGGGGACTATGCTGAGCAGTTCTTC,2406,1,None,None
AGAATAGCACCCATGG-1,False,AGAATAGCACCCATGG-1_contig_1,False,631,TRA,TRAV12D-3,None,TRAJ5,TRAC,True,True,CALGTQVVGQLTF,TGTGCTCTGGGGACACAGGTTGTGGGGCAGCTCACTTTC,1690,1,None,None
AGAATAGCATCACGAT-1,False,AGAATAGCATCACGAT-1_contig_1,False,378,TRB,None,None,TRBJ2-7,None,False,False,None,None,2206,1,None,None
AGAATAGGTCACTGGC-1,False,AGAATAGGTCACTGGC-1_contig_1,False,559,TRB,TRBV12-2+TRBV13-2,None,TRBJ2-7,None,True,True,CASGVQGEQYF,TGTGCCAGCGGTGTTCAGGGAGAACAGTACTTC,872,1,None,None
AGAATAGGTGAGCGAT-1,False,AGAATAGGTGAGCGAT-1_contig_1,False,560,TRB,TRBV12-2+TRBV13-2,None,TRBJ1-2,TRBC1,True,True,CASGGGTGNSDYTF,TGTGCCAGCGGTGGGGGGACAGGGAACTCCGACTACACCTTC,1736,1,None,None
AGAATAGGTGTGACCC-1,False,AGAATAGGTGTGACCC-1_contig_1,True,502,TRB,TRBV13-1,None,TRBJ1-4,TRBC1,True,True,CASSGGERLFF,TGTGCCAGCAGTGGGGGCGAAAGATTATTTTTC,3430,3,None,None
AGAATAGGTGTGACCC-1,False,AGAATAGGTGTGACCC-1_contig_2,True,407,TRA,None,None,TRAJ26,TRAC,False,False,None,None,1434,1,None,None
AGAATAGTCACTTATC-1,False,AGAATAGTCACTTATC-1_contig_1,False,525,TRA,TRAV14N-3,None,TRAJ6,TRAC,True,True,CAARTSGGNYKPTF,TGTGCAGCAAGAACCTCAGGAGGAAACTACAAACCTACGTTT,2212,1,None,None
AGAATAGTCACTTATC-1,False,AGAATAGTCACTTATC-1_contig_2,False,549,TRA,TRAV8N-2,None,TRAJ13,TRAC,True,True,CATEDSGTYQRF,TGTGCTACTGAGGATTCTGGGACTTACCAGAGGTTT,1188,1,None,None
AGAATAGTCACTTATC-1,False,AGAATAGTCACTTATC-1_contig_3,True,495,TRA,TRAV7D-5,None,TRAJ15,TRAC,True,False,None,None,126,1,None,None
AGAATAGTCTTGAGGT-1,False,AGAATAGTCTTGAGGT-1_contig_1,False,556,TRA,TRAV19,None,TRAJ39,TRAC,True,True,CAAGGNNAGAKLTF,TGCGCAGCAGGTGGGAATAATGCAGGTGCCAAGCTCACATTC,476,1,None,None
AGACGTTAGAAACGAG-1,False,AGACGTTAGAAACGAG-1_contig_1,False,556,TRB,TRBV12-2+TRBV13-2,None,TRBJ2-7,None,True,True,CASGTGGDYEQYF,TGTGCCAGCGGGACTGGGGGGGACTATGAACAGTACTTC,1264,1,None,None
AGACGTTAGAAGGCCT-1,False,AGACGTTAGAAGGCCT-1_contig_1,False,505,TRB,TRBV13-1,None,TRBJ2-4,None,True,True,CASSEGTNTLYF,TGTGCCAGCAGTGAAGGAACAAACACCTTGTACTTT,612,1,None,None
AGACGTTAGAAGGCCT-1,False,AGACGTTAGAAGGCCT-1_contig_2,False,433,TRA,TRAV9D-2,None,TRAJ26,TRAC,True,False,CVLSRGNNYAQGLTF,TGTGTTCTGAGCAGGGGCAATAACTATGCCCAGGGATTAACCTTC,272,1,None,None
AGACGTTAGCGTTGCC-1,False,AGACGTTAGCGTTGCC-1_contig_1,False,528,TRB,TRBV13-2,None,TRBJ1-2,TRBC1,True,True,CASGGGTGNSDYTF,TGTGCCAGCGGTGGGGGGACAGGGAACTCCGACTACACCTTC,976,1,None,None
AGACGTTAGCTACCTA-1,False,AGACGTTAGCTACCTA-1_contig_1,False,549,TRB,TRBV16,None,TRBJ2-5,None,True,True,CASSLGGGQDTQYF,TGTGCAAGCAGCTTAGGGGGGGGCCAAGACACCCAGTACTTT,1060,1,None,None
AGACGTTAGCTACCTA-1,False,AGACGTTAGCTACCTA-1_contig_2,False,522,TRA,TRAV8-1,None,TRAJ34,TRAC,True,True,CATDVSNTNKVVF,TGTGCTACTGATGTATCCAATACCAACAAAGTCGTCTTT,1482,1,None,None
AGACGTTAGCTACCTA-1,False,AGACGTTAGCTACCTA-1_contig_3,True,547,TRA,TRAV7D-3,None,TRAJ35,TRAC,True,False,None,None,2090,1,None,None
AGACGTTAGGACCACA-1,False,AGACGTTAGGACCACA-1_contig_1,False,505,TRB,TRBV13-1,None,TRBJ2-3,None,True,True,CASGDSAETLYF,TGTGCCAGCGGGGACAGTGCAGAAACGCTGTATTTT,1860,1,None,None
AGACGTTAGGAGTACC-1,False,AGACGTTAGGAGTACC-1_contig_1,False,505,TRB,TRBV13-1,None,TRBJ2-3,None,True,True,CASGDSAETLYF,TGTGCCAGCGGGGACAGTGCAGAAACGCTGTATTTT,1778,2,None,None
AGACGTTAGGAGTACC-1,False,AGACGTTAGGAGTACC-1_contig_2,True,475,TRB,TRBV17,None,TRBJ2-5,None,True,False,CASSRKGVQDTQYF,TGTGCTAGCAGTAGAAAGGGGGTCCAAGACACCCAGTACTTT,2728,1,None,None
AGACGTTAGGATGGTC-1,False,AGACGTTAGGATGGTC-1_contig_1,False,430,TRA,None,None,TRAJ17,TRAC,False,False,None,None,3318,1,None,None
AGACGTTAGGCTCATT-1,False,AGACGTTAGGCTCATT-1_contig_1,False,566,TRA,TRAV3-3,None,TRAJ49,TRAC,True,True,CAVSGSTGYQNFYF,TGCGCAGTCAGTGGGAGCACGGGTTACCAGAACTTCTATTTT,5428,4,None,None
AGACGTTAGGCTCATT-1,False,AGACGTTAGGCTCATT-1_contig_2,False,598,TRB,TRBV12-2+TRBV13-2,None,TRBJ2-7,None,True,True,CASGVQGWEQYF,TGTGCCAGCGGTGTACAGGGGTGGGAACAGTACTTC,1784,2,None,None
AGACGTTAGGCTCATT-1,False,AGACGTTAGGCTCATT-1_contig_3,True,475,TRB,TRBV13-1,None,TRBJ2-4,None,True,False,CASSEGTNTLYF,TGTGCCAGCAGTGAAGGAACAAACACCTTGTACTTT,4004,2,None,None
AGACGTTAGGGATACC-1,False,AGACGTTAGGGATACC-1_contig_1,False,640,TRB,TRBV13-2,None,TRBJ2-7,None,True,True,CASGVQGEQYF,TGTGCCAGCGGTGTTCAGGGAGAACAGTACTTC,1356,1,None,None
AGACGTTAGGTGATTA-1,False,AGACGTTAGGTGATTA-1_contig_1,False,507,TRA,TRAV21-DV12,None,TRAJ42,TRAC,True,True,CILRVHGGSNAKLTF,TGTATCCTGAGAGTCCATGGAGGAAGCAATGCAAAGCTAACCTTC,2200,1,None,None
AGACGTTAGTCCATAC-1,False,AGACGTTAGTCCATAC-1_contig_1,False,557,TRB,TRBV12-2+TRBV13-2,None,TRBJ2-7,None,True,True,CASGVQGEQYF,TGTGCCAGCGGTGTTCAGGGAGAACAGTACTTC,376,1,None,None
AGACGTTCAAATCCGT-1,False,AGACGTTCAAATCCGT-1_contig_1,False,573,TRA,TRAV16D-DV11,None,TRAJ44,TRAC,True,True,CAMRELTGSGGKLTL,TGTGCTATGAGAGAGCTTACTGGCAGTGGTGGAAAACTCACTTTG,2158,1,None,None
AGACGTTCAGATCGGA-1,False,AGACGTTCAGATCGGA-1_contig_1,False,355,TRB,None,None,TRBJ2-1,None,False,False,None,None,1886,1,None,None
AGACGTTCAGCCTTGG-1,False,AGACGTTCAGCCTTGG-1_contig_1,False,538,TRA,TRAV3-3,None,TRAJ49,TRAC,True,True,CAVSGSTGYQNFYF,TGCGCAGTCAGTGGGAGCACGGGTTACCAGAACTTCTATTTT,3580,2,None,None
AGACGTTCAGCCTTGG-1,False,AGACGTTCAGCCTTGG-1_contig_2,False,562,TRB,TRBV12-2+TRBV13-2,None,TRBJ2-7,None,True,True,CASGVQGWEQYF,TGTGCCAGCGGTGTACAGGGGTGGGAACAGTACTTC,1210,1,None,None
AGACGTTCAGCCTTGG-1,False,AGACGTTCAGCCTTGG-1_contig_3,True,420,TRA,TRAV6D-5,None,TRAJ38,None,True,False,CTTVFWDNVGDNSKLIW,TGTACTACTGTGTTCTGGGATAATGTTGGTGACAACAGTAAGCTGATTTGG,2118,1,None,None
AGACGTTCAGTAAGCG-1,False,AGACGTTCAGTAAGCG-1_contig_1,False,554,TRA,TRAV19,None,TRAJ39,TRAC,True,True,CAAGGNNAGAKLTF,TGCGCAGCAGGTGGGAATAATGCAGGTGCCAAGCTCACATTC,2774,1,None,None
AGACGTTCATATGGTC-1,False,AGACGTTCATATGGTC-1_contig_1,False,439,TRB,None,None,TRBJ2-1,None,False,False,None,None,1478,1,None,None
AGACGTTCATGTTGAC-1,False,AGACGTTCATGTTGAC-1_contig_1,False,563,TRB,TRBV12-2+TRBV13-2,None,TRBJ2-7,None,True,True,CASGVQGGEQYF,TGTGCCAGCGGTGTGCAGGGGGGAGAACAGTACTTC,978,1,None,None
AGACGTTGTACAGACG-1,False,AGACGTTGTACAGACG-1_contig_1,False,530,TRA,TRAV4D-3,None,TRAJ27,TRAC,True,True,CAADGPNTGKLTF,TGTGCTGCTGACGGGCCCAATACAGGCAAATTAACCTTT,1200,1,None,None
AGACGTTGTCAAAGCG-1,False,AGACGTTGTCAAAGCG-1_contig_1,False,558,TRA,TRAV19,None,TRAJ39,TRAC,True,True,CAAGGNNAGAKLTF,TGCGCAGCAGGTGGGAATAATGCAGGTGCCAAGCTCACATTC,2442,1,None,None
AGACGTTGTCGCATAT-1,False,AGACGTTGTCGCATAT-1_contig_1,False,510,TRB,TRBV26,None,TRBJ2-5,None,True,True,CASSRGTDTQYF,TGTGCCAGCAGCCGCGGGACCGACACCCAGTACTTT,1748,1,None,None
AGACGTTGTGCAACTT-1,False,AGACGTTGTGCAACTT-1_contig_1,False,384,TRA,None,None,TRAJ27,TRAC,False,False,None,None,48,1,None,None
AGACGTTGTTAAGATG-1,False,AGACGTTGTTAAGATG-1_contig_1,False,609,TRB,TRBV12-2+TRBV13-2,None,TRBJ2-7,None,True,True,CASGVQGGEQYF,TGTGCCAGCGGTGTGCAGGGGGGAGAACAGTACTTC,1440,1,None,None
AGACGTTTCAACGAAA-1,False,AGACGTTTCAACGAAA-1_contig_1,False,371,TRB,None,None,TRBJ1-6,TRBC1,False,False,None,None,2968,1,None,None
AGACGTTTCAATCACG-1,False,AGACGTTTCAATCACG-1_contig_1,False,557,TRB,TRBV12-2+TRBV13-2,None,TRBJ2-7,None,True,True,CASGAGGDYEQYF,TGTGCCAGCGGTGCTGGGGGGGACTATGAACAGTACTTC,1226,1,None,None
AGACGTTTCGAATGCT-1,False,AGACGTTTCGAATGCT-1_contig_1,False,499,TRB,TRBV16,None,TRBJ1-2,TRBC1,True,False,CASSSGTGNSDYTF,TGTGCAAGCAGCTCCGGGACAGGGAACTCCGACTACACCTTC,506,1,None,None
AGAGCGAAGACTGTAA-1,False,AGAGCGAAGACTGTAA-1_contig_1,False,517,TRB,TRBV13-2,None,TRBJ1-2,TRBC1,True,True,CASGGGTGNSDYTF,TGTGCCAGCGGTGGGGGGACAGGGAACTCCGACTACACCTTC,1270,1,None,None
AGAGCGAAGATATGGT-1,False,AGAGCGAAGATATGGT-1_contig_1,False,570,TRB,TRBV12-2+TRBV13-2,None,TRBJ1-2,TRBC1,True,False,None,None,1226,1,None,None
AGAGCGAAGCAACGGT-1,False,AGAGCGAAGCAACGGT-1_contig_1,False,327,TRB,None,None,TRBJ2-1,None,False,False,None,None,1426,1,None,None
AGAGCGAAGCAACGGT-1,False,AGAGCGAAGCAACGGT-1_contig_2,False,517,TRB,TRBV12-2+TRBV13-2,None,TRBJ1-2,TRBC1,True,False,CASGGGTGNSDYTF,TGTGCCAGCGGTGGGGGGACAGGGAACTCCGACTACACCTTC,1148,1,None,None
AGAGCGAAGCCAGAAC-1,False,AGAGCGAAGCCAGAAC-1_contig_1,True,526,Multi,TRDV1,None,TRAJ43,TRAC,True,False,CGGLNNAPRF,TGTGGAGGCCTCAACAATGCCCCACGATTT,5884,4,None,None
AGAGCGAAGCTGGAAC-1,False,AGAGCGAAGCTGGAAC-1_contig_1,False,572,TRB,TRBV12-2+TRBV13-2,None,TRBJ1-2,TRBC1,True,True,CASGGGTGNSDYTF,TGTGCCAGCGGTGGGGGGACAGGGAACTCCGACTACACCTTC,1296,1,None,None
AGAGCGAAGTTCCACA-1,False,AGAGCGAAGTTCCACA-1_contig_1,False,558,TRA,TRAV19,None,TRAJ39,TRAC,True,True,CAAGGNNAGAKLTF,TGCGCAGCAGGTGGGAATAATGCAGGTGCCAAGCTCACATTC,3350,3,None,None
AGAGCGAAGTTCCACA-1,False,AGAGCGAAGTTCCACA-1_contig_2,False,557,TRB,TRBV12-2+TRBV13-2,None,TRBJ1-5,TRBC1,True,True,CASGTGDNQAPLF,TGTGCCAGCGGGACAGGGGACAACCAGGCTCCGCTTTTT,6304,4,None,None
AGAGCGAAGTTCGCAT-1,False,AGAGCGAAGTTCGCAT-1_contig_1,False,563,TRB,TRBV12-2+TRBV13-2,None,TRBJ2-7,None,True,True,CASGTGGDYEQYF,TGTGCCAGCGGGACTGGGGGGGACTATGAACAGTACTTC,1630,1,None,None
AGAGCGACAAACTGTC-1,False,AGAGCGACAAACTGTC-1_contig_1,False,440,TRB,None,None,TRBJ1-2,TRBC1,False,False,None,None,1592,1,None,None
AGAGCGACACGGTGTC-1,False,AGAGCGACACGGTGTC-1_contig_1,False,558,TRA,TRAV19,None,TRAJ39,TRAC,True,True,CAAGGNNAGAKLTF,TGCGCAGCAGGTGGGAATAATGCAGGTGCCAAGCTCACATTC,1528,1,None,None
AGAGCGACATTAGCCA-1,False,AGAGCGACATTAGCCA-1_contig_1,True,592,TRB,TRBV12-2+TRBV13-2,None,TRBJ2-1,None,True,True,CASGTGDYAEQFF,TGTGCCAGCGGGACTGGGGACTATGCTGAGCAGTTCTTC,3540,3,None,None
AGAGCGACATTAGCCA-1,False,AGAGCGACATTAGCCA-1_contig_2,True,572,TRA,TRAV6-6,None,TRAJ40,TRAC,True,False,CTTVLWVNTGNYKYVF,TGTACTACTGTGCTCTGGGTTAATACAGGAAACTACAAATACGTCTTT,1130,2,None,None
AGAGCGAGTACCAGTT-1,False,AGAGCGAGTACCAGTT-1_contig_1,False,562,TRB,TRBV12-2+TRBV13-2,None,TRBJ2-1,None,True,True,CASEAAYAEQFF,TGTGCCAGCGAAGCAGCCTATGCTGAGCAGTTCTTC,1070,1,None,None
AGAGCGAGTCTCTCGT-1,False,AGAGCGAGTCTCTCGT-1_contig_1,False,303,TRB,None,None,TRBJ1-5,TRBC1,False,False,None,None,3414,1,None,None
AGAGCGAGTGGACGAT-1,False,AGAGCGAGTGGACGAT-1_contig_1,False,547,TRA,TRAV3-3,None,TRAJ49,TRAC,True,True,CAVSGATGYQNFYF,TGCGCAGTCAGTGGGGCCACGGGTTACCAGAACTTCTATTTT,1908,1,None,None
AGAGCGATCACCGGGT-1,False,AGAGCGATCACCGGGT-1_contig_1,False,567,TRB,TRBV12-2+TRBV13-2,None,TRBJ1-2,TRBC1,True,True,CASGGGTGNSDYTF,TGTGCCAGCGGTGGGGGGACAGGGAACTCCGACTACACCTTC,880,1,None,None
AGAGCGATCGTTACGA-1,False,AGAGCGATCGTTACGA-1_contig_1,False,503,TRB,TRBV5,None,TRBJ2-2,None,True,True,CASSQDRHTGQLYF,TGTGCCAGCAGCCAAGATAGACACACCGGGCAGCTCTACTTT,2174,1,None,None
AGAGCGATCTGAGGGA-1,False,AGAGCGATCTGAGGGA-1_contig_1,False,672,TRB,TRBV12-2+TRBV13-2,None,TRBJ1-2,TRBC1,True,True,CASGGGTGNSDYTF,TGTGCCAGCGGTGGGGGGACAGGGAACTCCGACTACACCTTC,840,1,None,None
AGAGCGATCTTGTACT-1,False,AGAGCGATCTTGTACT-1_contig_1,False,508,TRB,TRBV13-1,None,TRBJ1-4,TRBC1,True,True,CASGTGANERLFF,TGTGCCAGCGGGACAGGGGCCAACGAAAGATTATTTTTC,1220,1,None,None
AGAGCTTAGATCGATA-1,False,AGAGCTTAGATCGATA-1_contig_1,False,359,TRA,TRAV7-5,None,TRAJ45,TRAC,True,False,CSDTEGADRLTF,TGCAGTGATACAGAAGGTGCAGATAGACTCACCTTT,2452,1,None,None
AGAGCTTAGCCGGTAA-1,False,AGAGCTTAGCCGGTAA-1_contig_1,False,505,TRB,TRBV13-1,None,TRBJ2-4,None,True,True,CASSEGTNTLYF,TGTGCCAGCAGTGAAGGAACAAACACCTTGTACTTT,13732,9,None,None
AGAGCTTAGCCGGTAA-1,False,AGAGCTTAGCCGGTAA-1_contig_2,False,536,TRA,TRAV8D-1,None,TRAJ30,TRAC,True,True,CALDTNAYKVIF,TGTGCCCTCGACACAAATGCTTACAAAGTCATCTTT,3388,5,None,None
AGAGCTTAGCCGGTAA-1,False,AGAGCTTAGCCGGTAA-1_contig_3,False,705,TRA,TRAV9D-2,None,TRAJ26,TRAC,True,True,CVLSRGNNYAQGLTF,TGTGTTCTGAGCAGGGGCAATAACTATGCCCAGGGATTAACCTTC,5476,4,None,None
AGAGCTTAGCCGGTAA-1,False,AGAGCTTAGCCGGTAA-1_contig_4,False,617,TRB,TRBV12-2+TRBV13-2,None,TRBJ2-1,None,True,True,CASGTGDYAEQFF,TGTGCCAGCGGGACTGGGGACTATGCTGAGCAGTTCTTC,5976,6,None,None
AGAGCTTAGCCGGTAA-1,False,AGAGCTTAGCCGGTAA-1_contig_5,True,359,TRA,None,None,TRAJ24,TRAC,False,False,None,None,4576,3,None,None
AGAGCTTAGCTTATCG-1,False,AGAGCTTAGCTTATCG-1_contig_1,False,549,TRB,TRBV16,None,TRBJ2-5,None,True,True,CASSFGGAPDTQYF,TGTGCAAGCAGCTTTGGGGGGGCGCCAGACACCCAGTACTTT,16904,17,None,None
AGAGCTTAGCTTATCG-1,False,AGAGCTTAGCTTATCG-1_contig_2,False,512,TRB,TRBV13-1,None,TRBJ2-4,None,True,True,CASSEGTNTLYF,TGTGCCAGCAGTGAAGGAACAAACACCTTGTACTTT,12968,14,None,None
AGAGCTTAGCTTATCG-1,False,AGAGCTTAGCTTATCG-1_contig_3,False,574,TRA,TRAV14-2,None,TRAJ49,TRAC,True,True,CAAQGYQNFYF,TGTGCAGCACAGGGTTACCAGAACTTCTATTTT,24962,15,None,None
AGAGCTTAGCTTATCG-1,False,AGAGCTTAGCTTATCG-1_contig_4,False,581,TRA,TRAV4D-4,None,TRAJ45,TRAC,True,True,CAAYTEGADRLTF,TGTGCTGCCTATACAGAAGGTGCAGATAGACTCACCTTT,10784,12,None,None
AGAGCTTAGTGATCGG-1,False,AGAGCTTAGTGATCGG-1_contig_1,False,512,TRB,TRBV13-1,None,TRBJ2-4,None,True,True,CASSEGTNTLYF,TGTGCCAGCAGTGAAGGAACAAACACCTTGTACTTT,1372,2,None,None
AGAGCTTCAGCCTGTG-1,False,AGAGCTTCAGCCTGTG-1_contig_1,False,525,TRB,TRBV17,None,TRBJ2-2,None,True,True,CASSSTKNTGQLYF,TGTGCTAGCAGTAGTACAAAAAACACCGGGCAGCTCTACTTT,1684,1,None,None
AGAGCTTCAGTTAACC-1,False,AGAGCTTCAGTTAACC-1_contig_1,False,553,TRA,TRAV6-6,None,TRAJ24,TRAC,True,True,CAPLTTASLGKLQF,TGTGCTCCGTTGACAACTGCCAGTTTGGGGAAACTGCAGTTT,7380,6,None,None
AGAGCTTCAGTTAACC-1,False,AGAGCTTCAGTTAACC-1_contig_2,False,565,TRA,TRAV12-1,None,TRAJ44,TRAC,True,True,CALSPVTGSGGKLTL,TGTGCTCTGAGTCCTGTTACTGGCAGTGGTGGAAAACTCACTTTG,4624,4,None,None
AGAGCTTCAGTTAACC-1,False,AGAGCTTCAGTTAACC-1_contig_3,False,505,TRB,TRBV13-1,None,TRBJ2-4,None,True,True,CASSEGTNTLYF,TGTGCCAGCAGTGAAGGAACAAACACCTTGTACTTT,41366,51,None,None
AGAGCTTCAGTTAACC-1,False,AGAGCTTCAGTTAACC-1_contig_4,False,560,TRA,TRAV4D-3,None,TRAJ27,TRAC,True,True,CAADGPNTGKLTF,TGTGCTGCGGACGGACCCAATACAGGCAAATTAACCTTT,3366,4,None,None
AGAGCTTCAGTTAACC-1,False,AGAGCTTCAGTTAACC-1_contig_5,False,525,TRA,TRAV7N-6,None,TRAJ30,TRAC,True,True,CAVVDTNAYKVIF,TGTGCAGTGGTTGACACAAATGCTTACAAAGTCATCTTT,2548,3,None,None
AGAGCTTCAGTTAACC-1,False,AGAGCTTCAGTTAACC-1_contig_6,False,702,TRA,TRAV9D-2,None,TRAJ26,TRAC,True,True,CVLSRGNNYAQGLTF,TGTGTTCTGAGCAGGGGCAATAACTATGCCCAGGGATTAACCTTC,6920,6,None,None
AGAGCTTCAGTTAACC-1,False,AGAGCTTCAGTTAACC-1_contig_7,False,440,TRB,TRBV13-1,None,TRBJ2-4,None,True,False,CASSEGTNTLYF,TGTGCCAGCAGTGAAGGAACAAACACCTTGTACTTT,1340,4,None,None
AGAGCTTCAGTTAACC-1,False,AGAGCTTCAGTTAACC-1_contig_8,False,441,TRB,TRBV12-2+TRBV13-2,None,TRBJ2-7,None,True,False,CASGGVDEQYF,TGTGCCAGCGGAGGGGTGGATGAACAGTACTTC,1670,4,None,None
AGAGCTTCAGTTAACC-1,False,AGAGCTTCAGTTAACC-1_contig_9,False,527,TRA,TRAV13-4-DV7,None,TRAJ32,TRAC,True,False,None,None,1498,1,None,None
AGAGCTTCATACAGCT-1,False,AGAGCTTCATACAGCT-1_contig_1,False,559,TRB,TRBV12-2+TRBV13-2,None,TRBJ1-2,TRBC1,True,True,CASGGGTGNSDYTF,TGTGCCAGCGGTGGGGGGACAGGGAACTCCGACTACACCTTC,2820,2,None,None
AGAGCTTCATGCTGGC-1,False,AGAGCTTCATGCTGGC-1_contig_1,False,600,TRB,TRBV12-2+TRBV13-2,None,TRBJ1-2,TRBC1,True,True,CASGGGTGNSDYTF,TGTGCCAGCGGTGGGGGGACAGGGAACTCCGACTACACCTTC,1528,1,None,None
AGAGCTTGTCAAAGAT-1,False,AGAGCTTGTCAAAGAT-1_contig_1,False,567,TRA,TRAV3D-3,None,TRAJ28,TRAC,True,False,CTSAQSVRGTGSNRLTF,TGTACTTCTGCGCAGTCAGTGAGGGGCACTGGGAGTAACAGGCTCACTTTT,1786,1,None,None
AGAGCTTGTCGGCTCA-1,False,AGAGCTTGTCGGCTCA-1_contig_1,False,735,TRA,TRAV19,None,TRAJ39,TRAC,True,False,CAAGGNNAGAKLTF,TGCGCAGCAGGTGGGAATAATGCAGGTGCCAAGCTCACATTC,1152,1,None,None
AGAGCTTGTGCAGTAG-1,False,AGAGCTTGTGCAGTAG-1_contig_1,False,558,TRA,TRAV19,None,TRAJ39,TRAC,True,True,CAAGGNNAGAKLTF,TGCGCAGCAGGTGGGAATAATGCAGGTGCCAAGCTCACATTC,3448,3,None,None
AGAGCTTGTGCAGTAG-1,False,AGAGCTTGTGCAGTAG-1_contig_2,False,582,TRB,TRBV12-2+TRBV13-2,None,TRBJ1-2,TRBC1,True,True,CASGGGTGNSDYTF,TGTGCCAGCGGTGGGGGGACAGGGAACTCCGACTACACCTTC,1462,2,None,None
AGAGCTTGTGCAGTAG-1,False,AGAGCTTGTGCAGTAG-1_contig_3,True,329,TRB,None,None,TRBJ2-1,None,False,False,None,None,334,1,None,None
AGAGCTTTCAGGCGAA-1,False,AGAGCTTTCAGGCGAA-1_contig_1,False,512,TRB,TRBV13-1,None,TRBJ2-4,None,True,True,CASSEGTNTLYF,TGTGCCAGCAGTGAAGGAACAAACACCTTGTACTTT,1098,1,None,None
AGAGCTTTCCTCAACC-1,False,AGAGCTTTCCTCAACC-1_contig_1,False,386,TRB,None,None,TRBJ2-7,None,False,False,None,None,1292,1,None,None
AGAGCTTTCTTAACCT-1,False,AGAGCTTTCTTAACCT-1_contig_1,False,516,TRA,TRAV6-6,None,TRAJ24,TRAC,True,True,CAPLTTASLGKLQF,TGTGCTCCGTTGACAACTGCCAGTTTGGGGAAACTGCAGTTT,8362,7,None,None
AGAGCTTTCTTAACCT-1,False,AGAGCTTTCTTAACCT-1_contig_2,False,529,TRA,TRAV8D-1,None,TRAJ5,TRAC,True,True,CATDGDTGLGQLTF,TGTGCTACTGATGGGGACACAGGTCTGGGGCAGCTCACTTTC,7504,7,None,None
AGAGCTTTCTTAACCT-1,False,AGAGCTTTCTTAACCT-1_contig_3,False,512,TRB,TRBV13-1,None,TRBJ2-4,None,True,True,CASSEGTNTLYF,TGTGCCAGCAGTGAAGGAACAAACACCTTGTACTTT,13914,12,None,None
AGAGCTTTCTTAACCT-1,False,AGAGCTTTCTTAACCT-1_contig_4,False,578,TRB,TRBV12-2+TRBV13-2,None,TRBJ1-5,TRBC1,True,True,CASGDGDIQAPLF,TGTGCCAGCGGTGATGGGGACATCCAGGCTCCGCTTTTT,18820,16,None,None
AGAGCTTTCTTAACCT-1,False,AGAGCTTTCTTAACCT-1_contig_5,True,304,TRB,None,None,TRBJ2-3,None,False,False,None,None,9608,6,None,None
AGAGCTTTCTTAACCT-1,False,AGAGCTTTCTTAACCT-1_contig_6,True,379,TRA,TRAV9D-2,None,TRAJ26,TRAC,True,False,CVLSRGNNYAQGLTF,TGTGTTCTGAGCAGGGGCAATAACTATGCCCAGGGATTAACCTTC,2850,1,None,None
AGAGCTTTCTTAACCT-1,False,AGAGCTTTCTTAACCT-1_contig_7,True,517,TRA,TRAV14D-3-DV8,None,None,TRAC,False,False,None,None,1290,2,None,None
AGAGCTTTCTTAACCT-1,False,AGAGCTTTCTTAACCT-1_contig_8,True,342,TRB,TRBV31,None,TRBJ2-7,None,True,False,None,None,12740,8,None,None
AGAGTGGAGACTTTCG-1,False,AGAGTGGAGACTTTCG-1_contig_1,False,641,TRB,TRBV12-2+TRBV13-2,None,TRBJ1-5,TRBC1,True,True,CASGTGDNQAPLF,TGTGCCAGCGGTACAGGAGACAACCAGGCTCCGCTTTTT,140,1,None,None
AGAGTGGAGAGGTTAT-1,False,AGAGTGGAGAGGTTAT-1_contig_1,False,558,TRA,TRAV19,None,TRAJ39,TRAC,True,True,CAAGGNNAGAKLTF,TGCGCAGCAGGTGGGAATAATGCAGGTGCCAAGCTCACATTC,1386,1,None,None
AGAGTGGAGGCACATG-1,False,AGAGTGGAGGCACATG-1_contig_1,False,490,TRB,None,None,TRBJ1-4,TRBC1,False,False,None,None,1546,1,None,None
AGAGTGGAGTACGCCC-1,False,AGAGTGGAGTACGCCC-1_contig_1,False,487,TRB,TRBV12-2+TRBV13-2,None,TRBJ1-5,None,True,True,CASGTGDNQAPLF,TGTGCCAGCGGTACAGGGGACAACCAGGCTCCGCTTTTT,88,2,None,None
AGAGTGGAGTACGTAA-1,False,AGAGTGGAGTACGTAA-1_contig_1,False,555,TRA,TRAV3-3,None,TRAJ49,TRAC,True,True,CAVSGSTGYQNFYF,TGCGCAGTCAGTGGGAGCACGGGTTACCAGAACTTCTATTTT,17572,11,None,None
AGAGTGGAGTACGTAA-1,False,AGAGTGGAGTACGTAA-1_contig_2,False,578,TRB,TRBV12-2+TRBV13-2,None,TRBJ2-7,None,True,True,CASGVQGWEQYF,TGTGCCAGCGGTGTACAGGGGTGGGAACAGTACTTC,20600,20,None,None
AGAGTGGAGTACGTAA-1,False,AGAGTGGAGTACGTAA-1_contig_3,False,472,TRB,TRBV12-2+TRBV13-2,None,TRBJ1-2,None,True,True,CASGGGTGNSDYTF,TGTGCCAGCGGTGGGGGGACAGGGAACTCCGACTACACCTTC,1374,1,None,None
AGAGTGGAGTACGTAA-1,False,AGAGTGGAGTACGTAA-1_contig_4,True,538,TRA,TRAV6D-5,None,TRAJ38,TRAC,True,False,CTTVFWDNVGDNSKLIW,TGTACTACTGTGTTCTGGGATAATGTTGGTGACAACAGTAAGCTGATTTGG,4706,3,None,None
AGAGTGGCACATTCGA-1,False,AGAGTGGCACATTCGA-1_contig_1,False,488,TRA,TRAV7-5,None,TRAJ33,TRAC,True,True,CAVDSNYQLIW,TGTGCAGTGGACAGCAACTATCAGTTGATCTGG,378,1,None,None
AGAGTGGCAGGACCCT-1,False,AGAGTGGCAGGACCCT-1_contig_1,False,508,TRA,TRAV1,None,TRAJ27,TRAC,True,False,None,None,1436,1,None,None
AGAGTGGCATATGCTG-1,False,AGAGTGGCATATGCTG-1_contig_1,False,549,TRB,TRBV16,None,TRBJ2-5,None,True,True,CASSLGGYQDTQYF,TGTGCAAGCAGCTTAGGGGGCTACCAAGACACCCAGTACTTT,760,1,None,None
AGAGTGGCATATGCTG-1,False,AGAGTGGCATATGCTG-1_contig_2,False,573,TRB,TRBV12-2+TRBV13-2,None,TRBJ2-7,None,True,True,CASGGQGEQYF,TGTGCCAGCGGCGGACAGGGTGAACAGTACTTC,940,1,None,None
AGAGTGGCATCCTTGC-1,False,AGAGTGGCATCCTTGC-1_contig_1,False,563,TRA,TRAV4D-3,None,TRAJ27,TRAC,True,True,CAADGPNTGKLTF,TGTGCTGCGGACGGACCCAATACAGGCAAATTAACCTTT,1970,1,None,None
AGAGTGGCATCGGAAG-1,False,AGAGTGGCATCGGAAG-1_contig_1,False,562,TRB,TRBV12-2+TRBV13-2,None,TRBJ2-4,None,True,True,CASGTGDTLYF,TGTGCCAGCGGTACGGGCGACACCTTGTACTTT,784,1,None,None
AGAGTGGCATGTTCCC-1,False,AGAGTGGCATGTTCCC-1_contig_1,False,504,TRB,TRBV13-1,None,TRBJ2-4,None,True,True,CASSEGTNTLYF,TGTGCCAGCAGTGAAGGAACAAACACCTTGTACTTT,1136,1,None,None
AGAGTGGGTAGCCTAT-1,False,AGAGTGGGTAGCCTAT-1_contig_1,False,570,TRB,TRBV12-2+TRBV13-2,None,TRBJ1-2,TRBC1,True,True,CASGGGTGNSDYTF,TGTGCCAGCGGTGGGGGGACAGGGAACTCCGACTACACCTTC,1786,1,None,None
AGAGTGGGTCAGTGGA-1,False,AGAGTGGGTCAGTGGA-1_contig_1,False,651,TRB,TRBV12-2+TRBV13-2,None,TRBJ1-2,TRBC1,True,True,CASGGGTGNSDYTF,TGTGCCAGCGGTGGGGGGACAGGGAACTCCGACTACACCTTC,1216,1,None,None
AGAGTGGGTCGAGTTT-1,False,AGAGTGGGTCGAGTTT-1_contig_1,False,569,TRB,TRBV12-2+TRBV13-2,None,TRBJ1-2,TRBC1,True,True,CASGGGTGNSDYTF,TGTGCCAGCGGTGGGGGGACAGGGAACTCCGACTACACCTTC,774,1,None,None
AGAGTGGGTGACTCAT-1,False,AGAGTGGGTGACTCAT-1_contig_1,False,445,TRA,TRAV16D-DV11,None,TRAJ26,TRAC,True,False,None,None,1856,1,None,None
AGAGTGGGTGAGCGAT-1,False,AGAGTGGGTGAGCGAT-1_contig_1,False,622,TRA,TRAV14N-3,None,TRAJ6,TRAC,True,True,CAARTSGGNYKPTF,TGTGCAGCAAGAACCTCAGGAGGAAACTACAAACCTACGTTT,1660,1,None,None
AGAGTGGGTTAAGACA-1,False,AGAGTGGGTTAAGACA-1_contig_1,False,519,TRA,TRAV19,None,TRAJ39,TRAC,True,True,CAAGGNNAGAKLTF,TGCGCAGCAGGTGGGAATAATGCAGGTGCCAAGCTCACATTC,6070,4,None,None
AGAGTGGGTTAAGACA-1,False,AGAGTGGGTTAAGACA-1_contig_2,False,525,TRA,TRAV14N-3,None,TRAJ6,TRAC,True,True,CAARTSGGNYKPTF,TGTGCAGCAAGAACCTCAGGAGGAAACTACAAACCTACGTTT,12766,9,None,None
AGAGTGGGTTAAGACA-1,False,AGAGTGGGTTAAGACA-1_contig_3,False,567,TRB,TRBV12-2+TRBV13-2,None,TRBJ1-2,TRBC1,True,True,CASGGGTGNSDYTF,TGTGCCAGCGGTGGGGGGACAGGGAACTCCGACTACACCTTC,4444,4,None,None
AGAGTGGGTTAAGACA-1,False,AGAGTGGGTTAAGACA-1_contig_4,False,549,TRA,TRAV8N-2,None,TRAJ13,TRAC,True,True,CATEDSGTYQRF,TGTGCTACTGAGGATTCTGGGACTTACCAGAGGTTT,11980,8,None,None
AGAGTGGGTTAAGACA-1,False,AGAGTGGGTTAAGACA-1_contig_5,False,569,TRB,TRBV12-2+TRBV13-2,None,TRBJ2-7,None,True,True,CASGTGGDYEQYF,TGTGCCAGCGGGACTGGGGGGGACTATGAACAGTACTTC,35818,39,None,None
AGAGTGGGTTAAGACA-1,False,AGAGTGGGTTAAGACA-1_contig_6,False,341,TRB,TRBV13-1,None,TRBJ2-4,None,True,False,CASSEGTNTLYF,TGTGCCAGCAGTGAAGGAACAAACACCTTGTACTTT,1048,2,None,None
AGAGTGGGTTGCGCAC-1,False,AGAGTGGGTTGCGCAC-1_contig_1,False,517,TRB,TRBV12-2+TRBV13-2,None,TRBJ2-5,None,True,False,CASGVQGDTQYF,TGTGCCAGCGGTGTTCAGGGGGACACCCAGTACTTT,1480,1,None,None
AGAGTGGTCCGATATG-1,False,AGAGTGGTCCGATATG-1_contig_1,False,566,TRA,TRAV12-2,None,TRAJ34,TRAC,True,True,CALSGNTNKVVF,TGTGCTTTGAGTGGCAATACCAACAAAGTCGTCTTT,1498,1,None,None
AGAGTGGTCGAACGGA-1,False,AGAGTGGTCGAACGGA-1_contig_1,False,378,TRB,None,None,TRBJ1-6,TRBC1,False,False,None,None,680,1,None,None
AGATCTGAGAATAGGG-1,False,AGATCTGAGAATAGGG-1_contig_1,False,507,TRA,TRAV21-DV12,None,TRAJ42,TRAC,True,True,CILRVHGGSNAKLTF,TGTATCCTGAGAGTCCATGGAGGAAGCAATGCAAAGCTAACCTTC,1164,1,None,None
AGATCTGAGACAAGCC-1,False,AGATCTGAGACAAGCC-1_contig_1,False,351,TRA,TRAV9D-2,None,None,TRAC,False,False,None,None,3450,1,None,None
AGATCTGAGAGGTTGC-1,False,AGATCTGAGAGGTTGC-1_contig_1,False,520,TRB,TRBV12-2+TRBV13-2,None,TRBJ2-5,None,True,True,CASGVQGDTQYF,TGTGCCAGCGGTGTTCAGGGGGACACCCAGTACTTT,246,2,None,None
AGATCTGAGCGCTCCA-1,False,AGATCTGAGCGCTCCA-1_contig_1,False,525,TRA,TRAV7N-6,None,TRAJ30,TRAC,True,True,CAVVDTNAYKVIF,TGTGCAGTGGTTGACACAAATGCTTACAAAGTCATCTTT,2732,1,None,None
AGATCTGAGTCTTGCA-1,False,AGATCTGAGTCTTGCA-1_contig_1,False,558,TRA,TRAV16,None,TRAJ57,TRAC,True,True,CAMRENQGGSAKLIF,TGTGCTATGAGAGAGAATCAAGGAGGGTCTGCGAAGCTCATCTTT,2120,1,None,None
AGATCTGAGTCTTGCA-1,False,AGATCTGAGTCTTGCA-1_contig_2,False,435,TRB,TRBV13-2,None,TRBJ2-1,None,True,False,CATEAAYAEQFF,TGTGCCACTGAGGCAGCCTATGCTGAGCAGTTCTTC,1566,1,None,None
AGATCTGAGTTTGCGT-1,False,AGATCTGAGTTTGCGT-1_contig_1,False,505,TRB,TRBV13-1,None,TRBJ2-7,None,True,True,CASSGGHLEQYF,TGTGCCAGCAGTGGGGGACACCTTGAACAGTACTTC,564,1,None,None
AGATCTGAGTTTGCGT-1,False,AGATCTGAGTTTGCGT-1_contig_2,False,560,TRB,TRBV13-2,None,TRBJ1-2,TRBC1,True,True,CASGGGTGNSDYTF,TGTGCCAGCGGTGGGGGGACAGGGAACTCCGACTACACCTTC,244,1,None,None
AGATCTGCACAGCCCA-1,False,AGATCTGCACAGCCCA-1_contig_1,False,563,TRB,TRBV12-2+TRBV13-2,None,TRBJ2-7,None,True,True,CASGVQGWEQYF,TGTGCCAGCGGTGTACAGGGGTGGGAACAGTACTTC,1174,1,None,None
AGATCTGCACCTCGTT-1,False,AGATCTGCACCTCGTT-1_contig_1,False,549,TRB,TRBV16,None,TRBJ2-5,None,True,True,CASSFGGGQDTQYF,TGTGCAAGCAGCTTTGGGGGGGGCCAAGACACCCAGTACTTT,2064,1,None,None
AGATCTGCAGATCCAT-1,False,AGATCTGCAGATCCAT-1_contig_1,False,549,TRB,TRBV16,None,TRBJ2-5,None,True,True,CASSLGGGQDTQYF,TGTGCAAGCAGCTTAGGGGGGGGCCAAGACACCCAGTACTTT,1076,1,None,None
AGATCTGGTCAATACC-1,False,AGATCTGGTCAATACC-1_contig_1,False,558,TRB,TRBV12-2+TRBV13-2,None,TRBJ2-7,None,True,True,CASGVQGWEQYF,TGTGCCAGCGGTGTACAGGGGTGGGAACAGTACTTC,1424,1,None,None
AGATCTGGTCTCACCT-1,False,AGATCTGGTCTCACCT-1_contig_1,False,521,TRB,TRBV13-1,None,TRBJ2-2,None,True,False,CASSDPGQLYF,TGTGCCAGCAGTGACCCCGGGCAGCTCTACTTT,328,1,None,None
AGATCTGGTGGCAAAC-1,False,AGATCTGGTGGCAAAC-1_contig_1,False,555,TRA,TRAV3-3,None,TRAJ49,TRAC,True,True,CAVSGATGYQNFYF,TGCGCAGTCAGTGGGGCCACGGGTTACCAGAACTTCTATTTT,1566,1,None,None
AGATCTGTCGCATGGC-1,False,AGATCTGTCGCATGGC-1_contig_1,False,555,TRA,TRAV3-3,None,TRAJ49,TRAC,True,True,CAVSGSTGYQNFYF,TGCGCAGTCAGTGGGAGCACGGGTTACCAGAACTTCTATTTT,2400,1,None,None
AGATCTGTCGGAAATA-1,False,AGATCTGTCGGAAATA-1_contig_1,False,549,TRB,TRBV16,None,TRBJ2-5,None,True,True,CASSLGGGQDTQYF,TGTGCAAGCAGCTTAGGGGGGGGCCAAGACACCCAGTACTTT,1736,2,None,None
AGATCTGTCGGAAATA-1,False,AGATCTGTCGGAAATA-1_contig_2,False,517,TRA,TRAV19,None,TRAJ39,TRAC,True,True,CAAGGNNAGAKLTF,TGCGCAGCAGGTGGGAATAATGCAGGTGCCAAGCTCACATTC,2814,4,None,None
AGATCTGTCGTACCGG-1,False,AGATCTGTCGTACCGG-1_contig_1,False,561,TRB,TRBV12-2+TRBV13-2,None,TRBJ2-7,None,True,True,CASGAGGDYEQYF,TGTGCCAGCGGTGCTGGGGGGGACTATGAACAGTACTTC,1366,1,None,None
AGATCTGTCGTGACAT-1,False,AGATCTGTCGTGACAT-1_contig_1,False,544,TRB,TRBV12-2+TRBV13-2,None,TRBJ1-4,TRBC1,True,True,CASGDAPERLFF,TGTGCCAGCGGTGATGCTCCCGAAAGATTATTTTTC,1252,1,None,None
AGATCTGTCTCGATGA-1,False,AGATCTGTCTCGATGA-1_contig_1,False,502,TRA,TRAV13N-3,None,TRAJ49,TRAC,True,False,CAMGGYQNFYF,TGTGCTATGGGGGGTTACCAGAACTTCTATTTT,2212,1,None,None
AGATTGCAGACCTTTG-1,False,AGATTGCAGACCTTTG-1_contig_1,False,522,TRB,TRBV31,None,TRBJ2-3,None,True,True,CAWSLLLGGSAETLYF,TGTGCCTGGAGTCTACTCCTGGGGGGAAGTGCAGAAACGCTGTATTTT,1076,1,None,None
AGATTGCAGAGTACAT-1,False,AGATTGCAGAGTACAT-1_contig_1,False,567,TRB,TRBV12-2+TRBV13-2,None,TRBJ2-7,None,True,True,CASGTGGDYEQYF,TGTGCCAGCGGGACTGGGGGGGACTATGAACAGTACTTC,1220,1,None,None
AGATTGCAGGACATTA-1,False,AGATTGCAGGACATTA-1_contig_1,False,402,TRA,TRAV9D-2,None,TRAJ26,TRAC,True,False,CVLSRGNNYAQGLTF,TGTGTTCTGAGCAGGGGCAATAACTATGCCCAGGGATTAACCTTC,1620,1,None,None
AGATTGCAGTAAGTAC-1,False,AGATTGCAGTAAGTAC-1_contig_1,False,553,TRA,TRAV19,None,TRAJ39,TRAC,True,True,CAAGGNNAGAKLTF,TGCGCAGCAGGTGGGAATAATGCAGGTGCCAAGCTCACATTC,1554,1,None,None
AGATTGCAGTAAGTAC-1,False,AGATTGCAGTAAGTAC-1_contig_2,False,505,TRB,TRBV13-1,None,TRBJ2-4,None,True,True,CASSEGTNTLYF,TGTGCCAGCAGTGAAGGAACAAACACCTTGTACTTT,5394,3,None,None
AGATTGCAGTAAGTAC-1,False,AGATTGCAGTAAGTAC-1_contig_3,True,522,TRA,TRAV3D-3,None,TRAJ28,TRAC,True,False,CTSAQSVRGTGSNRLTF,TGTACTTCTGCGCAGTCAGTGAGGGGCACTGGGAGTAACAGGCTCACTTTT,1212,1,None,None
AGATTGCAGTAAGTAC-1,False,AGATTGCAGTAAGTAC-1_contig_4,True,367,TRA,TRAV9D-2,None,TRAJ26,TRAC,True,False,CVLSRGNNYAQGLTF,TGTGTTCTGAGCAGGGGCAATAACTATGCCCAGGGATTAACCTTC,2668,1,None,None
AGATTGCAGTGGTAAT-1,False,AGATTGCAGTGGTAAT-1_contig_1,False,364,TRB,None,None,TRBJ1-2,TRBC1,False,False,None,None,2822,1,None,None
AGATTGCAGTTGTAGA-1,False,AGATTGCAGTTGTAGA-1_contig_1,False,523,TRB,TRBV20,None,TRBJ1-6,TRBC1,True,True,CADRSYNSPLYF,TGTGCCGACAGGTCCTATAATTCGCCCCTCTACTTT,126,2,None,None
AGATTGCCAATGAAAC-1,False,AGATTGCCAATGAAAC-1_contig_1,False,505,TRB,TRBV13-1,None,TRBJ2-4,None,True,True,CASSEGTNTLYF,TGTGCCAGCAGTGAAGGAACAAACACCTTGTACTTT,2090,2,None,None
AGATTGCCAATGGTCT-1,False,AGATTGCCAATGGTCT-1_contig_1,False,558,TRA,TRAV19,None,TRAJ39,TRAC,True,True,CAAGGNNAGAKLTF,TGCGCAGCAGGTGGGAATAATGCAGGTGCCAAGCTCACATTC,3004,2,None,None
AGATTGCCAATGGTCT-1,False,AGATTGCCAATGGTCT-1_contig_2,True,591,TRB,TRBV12-1,None,TRBJ2-5,None,True,False,CTSVPALSGGLQDTQYF,TGTACTTCTGTGCCAGCTCTCTCAGGGGGCCTCCAAGACACCCAGTACTTT,522,1,None,None
AGATTGCCAGACGTAG-1,False,AGATTGCCAGACGTAG-1_contig_1,True,512,TRB,TRBV26,None,TRBJ2-5,None,True,True,CASSRGTDTQYF,TGTGCCAGCAGCCGCGGGACCGACACCCAGTACTTT,3786,4,None,None
AGATTGCCAGACGTAG-1,False,AGATTGCCAGACGTAG-1_contig_2,True,552,TRA,TRAV15-1-DV6-1,None,TRAJ42,TRAC,True,False,None,None,2610,1,None,None
AGATTGCCATCTACGA-1,False,AGATTGCCATCTACGA-1_contig_1,False,565,TRB,TRBV13-1,None,TRBJ1-1,TRBC1,True,False,CASSDSSGGFTEVFF,TGTGCCAGCAGTGATTCCTCAGGGGGCTTCACAGAAGTCTTCTTT,962,1,None,None
AGATTGCCATTACCTT-1,False,AGATTGCCATTACCTT-1_contig_1,False,564,TRB,TRBV12-2+TRBV13-2,None,TRBJ1-5,TRBC1,True,True,CASGTGDNQAPLF,TGTGCCAGCGGGACAGGGGACAACCAGGCTCCGCTTTTT,1378,1,None,None
AGATTGCGTATCTGCA-1,False,AGATTGCGTATCTGCA-1_contig_1,False,405,TRB,None,None,TRBJ1-2,TRBC1,False,False,None,None,2918,1,None,None
AGATTGCGTCCTCTTG-1,False,AGATTGCGTCCTCTTG-1_contig_1,False,503,TRB,TRBV13-1,None,TRBJ2-3,None,True,True,CASGDSAETLYF,TGTGCCAGCGGGGACAGTGCAGAAACGCTGTATTTT,1210,1,None,None
AGATTGCGTGAGGGTT-1,False,AGATTGCGTGAGGGTT-1_contig_1,False,571,TRB,TRBV13-1,None,TRBJ2-3,None,True,False,CASGDSAETLYF,TGTGCCAGCGGGGACAGTGCAGAAACGCTGTATTTT,514,2,None,None
AGATTGCGTGATAAAC-1,False,AGATTGCGTGATAAAC-1_contig_1,False,509,TRB,TRBV13-1,None,TRBJ2-2,None,True,True,CASSDPGQLYF,TGTGCCAGCAGTGACCCCGGGCAGCTCTACTTT,1982,1,None,None
AGATTGCGTTGTCTTT-1,False,AGATTGCGTTGTCTTT-1_contig_1,False,549,TRB,TRBV16,None,TRBJ2-5,None,True,True,CASSWGGGQDTQYF,TGTGCAAGCAGCTGGGGGGGCGGGCAAGACACCCAGTACTTT,2096,1,None,None
AGATTGCGTTGTCTTT-1,False,AGATTGCGTTGTCTTT-1_contig_2,False,620,TRB,TRBV13-2,None,TRBJ1-2,TRBC1,True,True,CASGGGTGNSDYTF,TGTGCCAGCGGTGGGGGGACAGGGAACTCCGACTACACCTTC,1432,1,None,None
AGATTGCGTTGTCTTT-1,False,AGATTGCGTTGTCTTT-1_contig_3,False,564,TRB,TRBV12-2+TRBV13-2,None,TRBJ2-5,None,True,True,CASGAGMEDTQYF,TGTGCCAGCGGTGCAGGGATGGAAGACACCCAGTACTTT,1072,1,None,None
AGATTGCTCGCTAGCG-1,False,AGATTGCTCGCTAGCG-1_contig_1,False,574,TRB,TRBV12-2+TRBV13-2,None,TRBJ1-5,TRBC1,True,True,CASGTGDNQAPLF,TGTGCCAGCGGTACAGGGGACAACCAGGCTCCGCTTTTT,1302,1,None,None
AGATTGCTCTGCTGTC-1,False,AGATTGCTCTGCTGTC-1_contig_1,False,568,TRB,TRBV12-2+TRBV13-2,None,TRBJ1-2,TRBC1,True,True,CASGGGTGNSDYTF,TGTGCCAGCGGTGGGGGGACAGGGAACTCCGACTACACCTTC,1590,1,None,None
AGCAGCCAGTGAAGAG-1,False,AGCAGCCAGTGAAGAG-1_contig_1,False,518,TRA,TRAV19,None,TRAJ39,TRAC,True,True,CAAGGNNAGAKLTF,TGCGCAGCAGGTGGGAATAATGCAGGTGCCAAGCTCACATTC,1612,1,None,None
AGCAGCCAGTGTACTC-1,False,AGCAGCCAGTGTACTC-1_contig_1,False,549,TRB,TRBV16,None,TRBJ2-5,None,True,True,CASSFGGAPDTQYF,TGTGCAAGCAGCTTTGGGGGGGCGCCAGACACCCAGTACTTT,1450,1,None,None
AGCAGCCAGTTTAGGA-1,False,AGCAGCCAGTTTAGGA-1_contig_1,False,501,TRB,TRBV13-1,None,TRBJ2-3,None,True,True,CASGDSAETLYF,TGTGCCAGCGGGGACAGTGCAGAAACGCTGTATTTT,2250,1,None,None
AGCAGCCCAAAGCAAT-1,False,AGCAGCCCAAAGCAAT-1_contig_1,False,597,TRB,TRBV12-2+TRBV13-2,None,TRBJ2-7,None,True,True,CASGTGGDYEQYF,TGTGCCAGCGGGACTGGGGGGGACTATGAACAGTACTTC,488,2,None,None
AGCAGCCCACGGCGTT-1,False,AGCAGCCCACGGCGTT-1_contig_1,False,517,TRB,TRBV12-2+TRBV13-2,None,TRBJ1-2,None,True,True,CASGGGTGNSDYTF,TGTGCCAGCGGTGGGGGGACAGGGAACTCCGACTACACCTTC,510,1,None,None
AGCAGCCGTAAATGAC-1,False,AGCAGCCGTAAATGAC-1_contig_1,False,543,TRA,TRAV16D-DV11,None,TRAJ26,TRAC,True,True,CAMREENNYAQGLTF,TGTGCTATGAGAGAGGAAAATAACTATGCCCAGGGATTAACCTTC,1456,2,None,None
AGCAGCCGTAAATGAC-1,False,AGCAGCCGTAAATGAC-1_contig_2,False,505,TRB,TRBV13-1,None,TRBJ2-3,None,True,True,CASGDSAETLYF,TGTGCCAGCGGGGACAGTGCAGAAACGCTGTATTTT,3150,2,None,None
AGCAGCCGTAACGTTC-1,False,AGCAGCCGTAACGTTC-1_contig_1,False,637,TRA,TRAV14-2,None,TRAJ50,TRAC,True,True,CAATSSSSFSKLVF,TGTGCAGCAACTTCATCCTCCTCCTTCAGCAAGCTGGTGTTT,2246,1,None,None
AGCAGCCGTAGCGCTC-1,False,AGCAGCCGTAGCGCTC-1_contig_1,False,505,TRB,TRBV13-1,None,TRBJ2-3,None,True,True,CASGDSAETLYF,TGTGCCAGCGGGGACAGTGCAGAAACGCTGTATTTT,1952,1,None,None
AGCAGCCGTATGGTTC-1,False,AGCAGCCGTATGGTTC-1_contig_1,False,517,TRB,TRBV12-2+TRBV13-2,None,TRBJ1-5,TRBC1,True,False,CASGTGDNQAPLF,TGTGCCAGCGGGACAGGGGACAACCAGGCTCCGCTTTTT,1154,1,None,None
AGCAGCCGTGACTCAT-1,False,AGCAGCCGTGACTCAT-1_contig_1,False,566,TRB,TRBV12-2+TRBV13-2,None,TRBJ1-2,TRBC1,True,True,CASGGGTGNSDYTF,TGTGCCAGCGGTGGGGGGACAGGGAACTCCGACTACACCTTC,908,1,None,None
AGCAGCCTCCGCGCAA-1,False,AGCAGCCTCCGCGCAA-1_contig_1,False,562,TRB,TRBV12-2+TRBV13-2,None,TRBJ2-7,None,True,True,CASGTGGDYEQYF,TGTGCCAGCGGGACTGGGGGGGACTATGAACAGTACTTC,1276,1,None,None
AGCAGCCTCGAGGTAG-1,False,AGCAGCCTCGAGGTAG-1_contig_1,False,549,TRB,TRBV16,None,TRBJ2-5,None,True,True,CASSLGGGQDTQYF,TGTGCAAGCAGCTTAGGGGGGGGGCAAGACACCCAGTACTTT,924,1,None,None
AGCAGCCTCGCGATCG-1,False,AGCAGCCTCGCGATCG-1_contig_1,False,372,TRB,None,None,TRBJ1-3,TRBC1,False,False,None,None,2144,1,None,None
AGCAGCCTCTGGTATG-1,False,AGCAGCCTCTGGTATG-1_contig_1,False,407,TRB,None,None,TRBJ2-1,None,False,False,None,None,2760,1,None,None
AGCAGCCTCTTAACCT-1,False,AGCAGCCTCTTAACCT-1_contig_1,False,481,TRA,TRAV21-DV12,None,TRAJ42,TRAC,True,True,CILRVHGGSNAKLTF,TGTATCCTGAGAGTCCATGGAGGAAGCAATGCAAAGCTAACCTTC,2180,1,None,None
AGCATACAGACTAAGT-1,False,AGCATACAGACTAAGT-1_contig_1,False,624,TRB,None,None,TRBJ2-7,None,False,False,None,None,1358,1,None,None
AGCATACAGAGCCCAA-1,False,AGCATACAGAGCCCAA-1_contig_1,False,549,TRB,TRBV16,None,TRBJ2-5,None,True,True,CASSWGGGQDTQYF,TGTGCAAGCAGCTGGGGGGGCGGGCAAGACACCCAGTACTTT,1478,1,None,None
AGCATACAGCCGGTAA-1,False,AGCATACAGCCGGTAA-1_contig_1,False,505,TRB,TRBV13-1,None,TRBJ2-3,None,True,True,CASGDSAETLYF,TGTGCCAGCGGGGACAGTGCAGAAACGCTGTATTTT,1512,1,None,None
AGCATACAGCCGGTAA-1,False,AGCATACAGCCGGTAA-1_contig_2,False,448,TRA,TRAV16D-DV11,None,TRAJ26,TRAC,True,False,None,None,2372,1,None,None
AGCATACAGCTCCTTC-1,False,AGCATACAGCTCCTTC-1_contig_1,False,559,TRA,TRAV4D-4,None,TRAJ45,TRAC,True,True,CAAYTEGADRLTF,TGTGCTGCCTATACAGAAGGTGCAGATAGACTCACCTTT,1458,1,None,None
AGCATACAGCTCCTTC-1,False,AGCATACAGCTCCTTC-1_contig_2,False,574,TRB,TRBV12-2+TRBV13-2,None,TRBJ1-2,TRBC1,True,True,CASGGGTGNSDYTF,TGTGCCAGCGGTGGGGGGACAGGGAACTCCGACTACACCTTC,748,1,None,None
AGCATACAGCTCCTTC-1,False,AGCATACAGCTCCTTC-1_contig_3,True,550,TRB,TRBV16,None,TRBJ2-5,None,True,False,CASSF,TGTGCAAGCAGCTTT,2010,1,None,None
AGCATACCAAACTGTC-1,False,AGCATACCAAACTGTC-1_contig_1,False,567,TRB,TRBV12-2+TRBV13-2,None,TRBJ1-2,TRBC1,True,True,CASGGGTGNSDYTF,TGTGCCAGCGGTGGGGGGACAGGGAACTCCGACTACACCTTC,742,1,None,None
AGCATACCAAGAAGAG-1,False,AGCATACCAAGAAGAG-1_contig_1,False,556,TRB,TRBV12-1,None,TRBJ2-3,None,True,True,CASGDSAETLYF,TGTGCCAGCGGGGACAGTGCAGAAACGCTGTATTTT,1536,1,None,None
AGCATACGTGCGATAG-1,False,AGCATACGTGCGATAG-1_contig_1,False,606,TRB,TRBV13-2,None,TRBJ1-2,TRBC1,True,True,CASGGGTGNSDYTF,TGTGCCAGCGGTGGGGGGACAGGGAACTCCGACTACACCTTC,1488,1,None,None
AGCATACTCACGACTA-1,False,AGCATACTCACGACTA-1_contig_1,False,553,TRA,TRAV19,None,TRAJ39,TRAC,True,True,CAAGGNNAGAKLTF,TGCGCAGCAGGTGGGAATAATGCAGGTGCCAAGCTCACATTC,14660,8,None,None
AGCATACTCACGACTA-1,False,AGCATACTCACGACTA-1_contig_2,False,538,TRA,TRAV3-3,None,TRAJ49,TRAC,True,True,CAVSGATGYQNFYF,TGCGCAGTCAGTGGGGCCACGGGTTACCAGAACTTCTATTTT,4142,2,None,None
AGCATACTCACGACTA-1,False,AGCATACTCACGACTA-1_contig_3,False,507,TRA,TRAV21-DV12,None,TRAJ42,TRAC,True,True,CILRVHGGSNAKLTF,TGTATCCTGAGAGTCCATGGAGGAAGCAATGCAAAGCTAACCTTC,9538,5,None,None
AGCATACTCACGACTA-1,False,AGCATACTCACGACTA-1_contig_4,False,557,TRB,TRBV12-2+TRBV13-2,None,TRBJ2-7,None,True,True,CASGVQGEQYF,TGTGCCAGCGGTGTTCAGGGAGAACAGTACTTC,2608,3,None,None
AGCATACTCACGACTA-1,False,AGCATACTCACGACTA-1_contig_5,False,568,TRB,TRBV12-2+TRBV13-2,None,TRBJ1-2,TRBC1,True,True,CASGGGTGNSDYTF,TGTGCCAGCGGTGGGGGGACAGGGAACTCCGACTACACCTTC,14374,12,None,None
AGCATACTCACGACTA-1,False,AGCATACTCACGACTA-1_contig_6,False,360,TRB,None,None,TRBJ2-1,None,False,False,None,None,8838,5,None,None
AGCATACTCAGCAACT-1,False,AGCATACTCAGCAACT-1_contig_1,False,516,TRB,None,None,TRBJ2-5,None,False,False,None,None,294,2,None,None
AGCATACTCCTCATTA-1,False,AGCATACTCCTCATTA-1_contig_1,False,371,TRB,None,None,TRBJ1-2,TRBC1,False,False,None,None,2560,1,None,None
AGCATACTCCTCGCAT-1,False,AGCATACTCCTCGCAT-1_contig_1,False,400,TRB,None,None,TRBJ1-6,TRBC1,False,False,None,None,2278,1,None,None
AGCATACTCGGCTTGG-1,False,AGCATACTCGGCTTGG-1_contig_1,False,549,TRB,TRBV16,None,TRBJ2-5,None,True,True,CASSLGGGQDTQYF,TGTGCAAGCAGCTTAGGGGGGGGCCAAGACACCCAGTACTTT,1918,1,None,None
AGCATACTCTCCCTGA-1,False,AGCATACTCTCCCTGA-1_contig_1,False,561,TRA,TRAV4-3,None,TRAJ32,TRAC,True,True,CAAEPGGSSGNKLIF,TGTGCTGCTGAACCGGGGGGGAGCAGTGGCAACAAGCTCATCTTT,2252,1,None,None
AGCATACTCTCCCTGA-1,False,AGCATACTCTCCCTGA-1_contig_2,False,580,TRB,TRBV12-1,None,TRBJ2-7,None,True,True,CASSRNSGTGGVEQYF,TGTGCCAGCTCTCGGAATTCCGGGACTGGGGGGGTTGAACAGTACTTC,1656,1,None,None
AGCATACTCTGAGGGA-1,False,AGCATACTCTGAGGGA-1_contig_1,False,336,TRB,TRBV13-2,None,TRBJ2-1,None,True,False,CASGTGDYAEQFF,TGTGCCAGCGGGACTGGGGACTATGCTGAGCAGTTCTTC,1946,1,None,None
AGCCTAAAGAGGGCTT-1,False,AGCCTAAAGAGGGCTT-1_contig_1,False,302,TRA,None,None,TRAJ45,TRAC,False,False,None,None,1568,1,None,None
AGCCTAAAGAGTGAGA-1,False,AGCCTAAAGAGTGAGA-1_contig_1,False,525,TRB,TRBV17,None,TRBJ2-5,None,True,True,CASSRKGIQDTQYF,TGTGCTAGCAGTAGAAAGGGGATCCAAGACACCCAGTACTTT,1756,1,None,None
AGCCTAAAGGAGCGAG-1,False,AGCCTAAAGGAGCGAG-1_contig_1,False,599,TRA,TRAV14N-3,None,TRAJ34,TRAC,True,True,CAASAWANTNKVVF,TGTGCAGCAAGTGCATGGGCCAATACCAACAAAGTCGTCTTT,1610,1,None,None
AGCCTAAAGGTAGCCA-1,False,AGCCTAAAGGTAGCCA-1_contig_1,False,544,TRA,TRAV14-1,None,TRAJ32,TRAC,True,True,CAASPLGSSGNKLIF,TGTGCAGCAAGTCCTCTTGGGAGCAGTGGCAACAAGCTCATCTTT,728,1,None,None
AGCCTAAAGTAGTGCG-1,False,AGCCTAAAGTAGTGCG-1_contig_1,False,539,TRA,TRAV19,None,TRAJ39,TRAC,True,True,CAAGGNNAGAKLTF,TGCGCAGCAGGTGGGAATAATGCAGGTGCCAAGCTCACATTC,940,1,None,None
AGCCTAAAGTAGTGCG-1,False,AGCCTAAAGTAGTGCG-1_contig_2,False,607,TRB,None,None,TRBJ2-7,None,False,False,None,None,1262,1,None,None
AGCCTAAAGTCCCACG-1,False,AGCCTAAAGTCCCACG-1_contig_1,False,580,TRB,TRBV12-2+TRBV13-2,None,TRBJ2-7,None,True,True,CASGVQGEQYF,TGTGCCAGCGGTGTTCAGGGAGAACAGTACTTC,1312,1,None,None
AGCCTAACAACGCACC-1,False,AGCCTAACAACGCACC-1_contig_1,False,562,TRB,TRBV12-2+TRBV13-2,None,TRBJ1-5,TRBC1,True,True,CASGTGDNQAPLF,TGTGCCAGCGGTACAGGGGACAACCAGGCTCCGCTTTTT,1290,1,None,None
AGCCTAACACCGAAAG-1,False,AGCCTAACACCGAAAG-1_contig_1,False,564,TRB,TRBV12-2+TRBV13-2,None,TRBJ1-5,TRBC1,True,True,CASGTGDNQAPLF,TGTGCCAGCGGGACAGGGGACAACCAGGCTCCGCTTTTT,2874,2,None,None
AGCCTAAGTAGCTTGT-1,False,AGCCTAAGTAGCTTGT-1_contig_1,False,538,TRB,TRBV12-2+TRBV13-2,None,TRBJ2-5,None,True,True,CASGVQGDTQYF,TGTGCCAGCGGTGTTCAGGGGGACACCCAGTACTTT,536,1,None,None
AGCCTAAGTCCTCCAT-1,False,AGCCTAAGTCCTCCAT-1_contig_1,False,365,TRB,None,None,TRBJ2-7,None,False,False,None,None,3282,1,None,None
AGCCTAAGTCTAGTCA-1,False,AGCCTAAGTCTAGTCA-1_contig_1,False,580,TRA,TRAV4D-3,None,TRAJ27,TRAC,True,True,CAADGPNTGKLTF,TGTGCTGCTGACGGGCCCAATACAGGCAAATTAACCTTT,1608,1,None,None
AGCCTAAGTGATAAGT-1,False,AGCCTAAGTGATAAGT-1_contig_1,False,566,TRB,TRBV12-2+TRBV13-2,None,TRBJ1-2,TRBC1,True,True,CASGGGTGNSDYTF,TGTGCCAGCGGTGGGGGGACAGGGAACTCCGACTACACCTTC,1434,1,None,None
AGCCTAAGTGCTCTTC-1,False,AGCCTAAGTGCTCTTC-1_contig_1,False,517,TRA,TRAV13D-2,None,TRAJ11,TRAC,True,True,CAIDLDSGYNKLTF,TGTGCTATAGATCTTGACTCGGGATACAACAAACTCACTTTT,1692,1,None,None
AGCCTAATCACGACTA-1,False,AGCCTAATCACGACTA-1_contig_1,False,500,TRA,TRAV8D-1,None,TRAJ30,TRAC,True,True,CALDTNAYKVIF,TGTGCCCTCGACACAAATGCTTACAAAGTCATCTTT,1868,1,None,None
AGCCTAATCACGACTA-1,False,AGCCTAATCACGACTA-1_contig_2,False,557,TRB,TRBV12-2+TRBV13-2,None,TRBJ2-1,None,True,True,CASGTGDYAEQFF,TGTGCCAGCGGGACTGGGGACTATGCTGAGCAGTTCTTC,1586,1,None,None
AGCCTAATCACTCTTA-1,False,AGCCTAATCACTCTTA-1_contig_1,False,506,TRB,TRBV13-2,None,TRBJ2-1,None,True,True,CASGDPFQFF,TGTGCCAGCGGTGATCCTTTCCAGTTCTTC,1942,1,None,None
AGCCTAATCCTGCCAT-1,False,AGCCTAATCCTGCCAT-1_contig_1,False,533,TRB,TRBV5,None,TRBJ2-7,None,True,True,CASSQDWGGAVEQYF,TGTGCCAGCAGCCAAGACTGGGGGGGCGCAGTTGAACAGTACTTC,2370,1,None,None
AGCGGTCAGCCAGGAT-1,False,AGCGGTCAGCCAGGAT-1_contig_1,False,558,TRA,TRAV19,None,TRAJ39,TRAC,True,True,CAAGGNNAGAKLTF,TGCGCAGCAGGTGGGAATAATGCAGGTGCCAAGCTCACATTC,2886,2,None,None
AGCGGTCAGCCAGGAT-1,False,AGCGGTCAGCCAGGAT-1_contig_2,False,567,TRB,TRBV12-2+TRBV13-2,None,TRBJ1-2,TRBC1,True,True,CASGGGTGNSDYTF,TGTGCCAGCGGTGGGGGGACAGGGAACTCCGACTACACCTTC,1668,2,None,None
AGCGGTCAGGATTCGG-1,False,AGCGGTCAGGATTCGG-1_contig_1,False,525,TRA,TRAV7N-6,None,TRAJ30,TRAC,True,True,CAVVDTNAYKVIF,TGTGCAGTGGTTGACACAAATGCTTACAAAGTCATCTTT,2066,1,None,None
AGCGGTCAGTACTTGC-1,False,AGCGGTCAGTACTTGC-1_contig_1,False,567,TRA,TRAV3D-3,None,TRAJ28,TRAC,True,False,CTSAQSVRGTGSNRLTF,TGTACTTCTGCGCAGTCAGTGAGGGGCACTGGGAGTAACAGGCTCACTTTT,1386,1,None,None
AGCGGTCAGTCAAGGC-1,False,AGCGGTCAGTCAAGGC-1_contig_1,False,518,TRB,TRBV12-2+TRBV13-2,None,TRBJ1-4,TRBC1,True,False,CASGTGGDERLFF,TGTGCCAGCGGGACAGGGGGCGACGAAAGATTATTTTTC,884,1,None,None
AGCGGTCCAAGAGTCG-1,False,AGCGGTCCAAGAGTCG-1_contig_1,False,454,TRA,TRAV3-3,None,TRAJ49,TRAC,True,False,CAVSGATGYQNFYF,TGCGCAGTCAGTGGGGCCACGGGTTACCAGAACTTCTATTTT,2984,1,None,None
AGCGGTCCACATGGGA-1,False,AGCGGTCCACATGGGA-1_contig_1,False,518,TRB,TRBV10,None,TRBJ1-1,TRBC1,True,False,CASSYRQVANTEVFF,TGTGCCAGCAGCTACCGGCAGGTTGCAAACACAGAAGTCTTCTTT,4424,2,None,None
AGCGGTCGTAAATGTG-1,False,AGCGGTCGTAAATGTG-1_contig_1,False,581,TRB,TRBV12-2+TRBV13-2,None,TRBJ1-2,TRBC1,True,True,CASGGGTGNSDYTF,TGTGCCAGCGGTGGGGGGACAGGGAACTCCGACTACACCTTC,206,1,None,None
AGCGGTCGTACATCCA-1,False,AGCGGTCGTACATCCA-1_contig_1,False,511,TRB,TRBV13-2,None,TRBJ1-2,TRBC1,True,True,CASGGGTGNSDYTF,TGTGCCAGCGGTGGGGGGACAGGGAACTCCGACTACACCTTC,1720,1,None,None
AGCGGTCGTCCGAATT-1,False,AGCGGTCGTCCGAATT-1_contig_1,False,521,TRA,TRAV19,None,TRAJ39,TRAC,True,True,CAAGGNNAGAKLTF,TGCGCAGCAGGTGGGAATAATGCAGGTGCCAAGCTCACATTC,3242,2,None,None
AGCGGTCGTCCGAATT-1,False,AGCGGTCGTCCGAATT-1_contig_2,False,646,TRB,TRBV12-2+TRBV13-2,None,TRBJ1-2,TRBC1,True,True,CASGGGTGNSDYTF,TGTGCCAGCGGTGGGGGGACAGGGAACTCCGACTACACCTTC,1152,1,None,None
AGCGGTCGTCCGAATT-1,False,AGCGGTCGTCCGAATT-1_contig_3,True,631,TRB,None,None,TRBJ2-7,None,False,False,None,None,1532,1,None,None
AGCGGTCGTTTGGGCC-1,False,AGCGGTCGTTTGGGCC-1_contig_1,False,544,TRB,TRBV13-3,None,TRBJ1-3,TRBC1,True,False,CASSEHPLSGNTLYF,TGTGCCAGCAGTGAGCACCCCCTTTCTGGAAATACGCTCTATTTT,1724,1,None,None
AGCGGTCTCAACTCTT-1,False,AGCGGTCTCAACTCTT-1_contig_1,False,460,TRB,None,None,TRBJ2-7,None,False,False,None,None,2054,1,None,None
AGCGGTCTCACAATGC-1,False,AGCGGTCTCACAATGC-1_contig_1,False,566,TRB,TRBV12-2+TRBV13-2,None,TRBJ1-2,TRBC1,True,True,CASGGGTGNSDYTF,TGTGCCAGCGGTGGGGGGACAGGGAACTCCGACTACACCTTC,1716,1,None,None
AGCGGTCTCACTTATC-1,False,AGCGGTCTCACTTATC-1_contig_1,False,535,TRB,TRBV16,None,TRBJ1-2,TRBC1,True,True,CASSSGTGNSDYTF,TGTGCAAGCAGCTCCGGGACAGGGAACTCCGACTACACCTTC,730,1,None,None
AGCGGTCTCCGCATCT-1,False,AGCGGTCTCCGCATCT-1_contig_1,False,555,TRB,TRBV12-2+TRBV13-2,None,TRBJ2-7,None,True,True,CASGVQGEQYF,TGTGCCAGCGGTGTTCAGGGAGAACAGTACTTC,816,1,None,None
AGCGGTCTCGCCAAAT-1,False,AGCGGTCTCGCCAAAT-1_contig_1,False,548,TRA,TRAV3-3,None,TRAJ32,TRAC,True,True,CAVRPYGSSGNKLIF,TGCGCAGTCAGACCCTATGGGAGCAGTGGCAACAAGCTCATCTTT,1878,1,None,None
AGCGGTCTCTCAACTT-1,False,AGCGGTCTCTCAACTT-1_contig_1,False,502,TRB,TRBV13-1,None,TRBJ2-3,None,True,False,CASGDSAETLYF,TGTGCCAGCGGGGACAGTGCAGAAACGCTGTATTTT,2020,1,None,None
AGCGGTCTCTGCCAGG-1,False,AGCGGTCTCTGCCAGG-1_contig_1,False,574,TRA,TRAV3D-3,None,TRAJ26,TRAC,True,True,CAVSANNYAQGLTF,TGCGCAGTCAGTGCAAATAACTATGCCCAGGGATTAACCTTC,2316,1,None,None
AGCGGTCTCTTCCTTC-1,False,AGCGGTCTCTTCCTTC-1_contig_1,False,522,TRB,TRBV31,None,TRBJ2-3,None,True,True,CAWSLLLGGSAETLYF,TGTGCCTGGAGTCTACTCCTGGGGGGAAGTGCAGAAACGCTGTATTTT,2016,1,None,None
AGCGTATAGATGGCGT-1,False,AGCGTATAGATGGCGT-1_contig_1,False,498,TRA,TRAV1,None,TRAJ12,TRAC,True,True,CAVRDRAGGYKVVF,TGTGCTGTGAGGGATCGGGCTGGAGGCTATAAAGTGGTCTTT,3766,7,None,None
AGCGTATAGATGGCGT-1,False,AGCGTATAGATGGCGT-1_contig_2,False,525,TRA,TRAV14N-3,None,TRAJ22,TRAC,True,True,CAASDNSGSWQLIF,TGTGCAGCAAGTGATAATTCTGGCAGCTGGCAACTCATCTTT,6996,16,None,None
AGCGTATAGATGGCGT-1,False,AGCGTATAGATGGCGT-1_contig_3,False,547,TRA,TRAV8D-1,None,TRAJ6,TRAC,True,True,CATDAPTGNYKPTF,TGTGCTACTGATGCACCCACCGGAAACTACAAACCTACGTTT,7866,16,None,None
AGCGTATAGATGGCGT-1,False,AGCGTATAGATGGCGT-1_contig_4,False,511,TRB,TRBV13-1,None,TRBJ1-5,TRBC1,True,True,CASSDAYNNQAPLF,TGTGCCAGCAGTGACGCCTATAACAACCAGGCTCCGCTTTTT,23054,67,None,None
AGCGTATAGATGGCGT-1,False,AGCGTATAGATGGCGT-1_contig_5,False,508,TRB,TRBV13-1,None,TRBJ2-1,None,True,True,CASGGGDYAEQFF,TGTGCCAGCGGGGGGGGAGACTATGCTGAGCAGTTCTTC,32650,138,None,None
AGCGTATCAAACGCGA-1,False,AGCGTATCAAACGCGA-1_contig_1,False,525,TRB,TRBV17,None,TRBJ2-5,None,True,True,CASSRKGVQDTQYF,TGTGCTAGCAGTAGAAAGGGGGTCCAAGACACCCAGTACTTT,1270,2,None,None
AGCGTATCAATGCCAT-1,False,AGCGTATCAATGCCAT-1_contig_1,False,569,TRB,TRBV12-2+TRBV13-2,None,TRBJ1-2,TRBC1,True,True,CASGGGTGNSDYTF,TGTGCCAGCGGTGGGGGGACAGGGAACTCCGACTACACCTTC,1226,1,None,None
AGCGTATCACGACTCG-1,False,AGCGTATCACGACTCG-1_contig_1,False,550,TRB,TRBV12-2+TRBV13-2,None,TRBJ1-5,TRBC1,True,True,CASGGGNQAPLF,TGTGCCAGCGGTGGGGGGAACCAGGCTCCGCTTTTT,816,1,None,None
AGCGTATCAGCTATTG-1,False,AGCGTATCAGCTATTG-1_contig_1,False,580,TRB,TRBV12-2+TRBV13-2,None,TRBJ2-7,None,True,True,CASGVQGGEQYF,TGTGCCAGCGGTGTGCAGGGGGGAGAACAGTACTTC,1246,1,None,None
AGCGTATCATACCATG-1,False,AGCGTATCATACCATG-1_contig_1,False,363,TRB,None,None,TRBJ2-1,None,False,False,None,None,1376,1,None,None
AGCGTATCATTGGCGC-1,False,AGCGTATCATTGGCGC-1_contig_1,False,531,TRB,TRBV13-2,None,TRBJ1-5,TRBC1,True,True,CASGTGDNQAPLF,TGTGCCAGCGGGACAGGGGACAACCAGGCTCCGCTTTTT,1316,1,None,None
AGCGTATCATTGGTAC-1,False,AGCGTATCATTGGTAC-1_contig_1,False,489,TRB,TRBV16,None,TRBJ2-5,None,True,False,CASSLGGYQDTQYF,TGTGCAAGCAGCTTAGGGGGCTACCAAGACACCCAGTACTTT,896,1,None,None
AGCGTATGTATCTGCA-1,False,AGCGTATGTATCTGCA-1_contig_1,False,537,TRA,TRAV19,None,TRAJ39,TRAC,True,True,CAAGGNNAGAKLTF,TGCGCAGCAGGTGGGAATAATGCAGGTGCCAAGCTCACATTC,2482,1,None,None
AGCGTATGTCAAAGCG-1,False,AGCGTATGTCAAAGCG-1_contig_1,False,534,TRB,TRBV12-2+TRBV13-2,None,TRBJ1-2,TRBC1,True,False,None,None,1576,1,None,None
AGCGTATGTCCCTACT-1,False,AGCGTATGTCCCTACT-1_contig_1,False,507,TRA,TRAV21-DV12,None,TRAJ42,TRAC,True,True,CILRVHGGSNAKLTF,TGTATCCTGAGAGTCCATGGAGGAAGCAATGCAAAGCTAACCTTC,2434,1,None,None
AGCGTATGTCGAGATG-1,False,AGCGTATGTCGAGATG-1_contig_1,False,570,TRA,TRAV14N-3,None,TRAJ6,TRAC,True,True,CAARTSGGNYKPTF,TGTGCAGCAAGAACCTCAGGAGGAAACTACAAACCTACGTTT,1018,1,None,None
AGCGTATGTTACCGAT-1,False,AGCGTATGTTACCGAT-1_contig_1,False,576,TRB,TRBV12-2+TRBV13-2,None,TRBJ2-7,None,True,True,CASGVQGGEQYF,TGTGCCAGCGGTGTGCAGGGGGGAGAACAGTACTTC,974,1,None,None
AGCGTATGTTCGTTGA-1,False,AGCGTATGTTCGTTGA-1_contig_1,False,541,TRA,TRAV8D-1,None,TRAJ30,TRAC,True,True,CATDTNAYKVIF,TGTGCTACTGACACAAATGCTTACAAAGTCATCTTT,1492,1,None,None
AGCGTATTCACATGCA-1,False,AGCGTATTCACATGCA-1_contig_1,False,340,TRB,None,None,TRBJ2-2,None,False,False,None,None,2556,1,None,None
AGCGTATTCATGCAAC-1,False,AGCGTATTCATGCAAC-1_contig_1,False,564,TRB,TRBV12-2+TRBV13-2,None,TRBJ2-7,None,True,True,CASGTGGDYEQYF,TGTGCCAGCGGGACTGGGGGGGACTATGAACAGTACTTC,1198,1,None,None
AGCGTATTCCTTTCTC-1,False,AGCGTATTCCTTTCTC-1_contig_1,False,594,TRA,TRAV14-2,None,TRAJ50,TRAC,True,True,CAATSSSSFSKLVF,TGTGCAGCAACTTCATCCTCCTCCTTCAGCAAGCTGGTGTTT,2150,1,None,None
AGCGTCGCACGGACAA-1,False,AGCGTCGCACGGACAA-1_contig_1,False,565,TRB,TRBV12-2+TRBV13-2,None,TRBJ2-2,None,True,True,CASGTGDTGQLYF,TGTGCCAGCGGGACAGGGGACACCGGGCAGCTCTACTTT,542,1,None,None
AGCGTCGCACTTCGAA-1,False,AGCGTCGCACTTCGAA-1_contig_1,False,512,TRB,TRBV31,None,TRBJ2-1,None,True,False,CLEGRGGTEQFF,TGCCTGGAAGGGAGGGGGGGCACTGAGCAGTTCTTC,156,1,None,None
AGCGTCGCAGGATTGG-1,False,AGCGTCGCAGGATTGG-1_contig_1,False,549,TRB,TRBV16,None,TRBJ2-5,None,True,True,CASSFGGGEDTQYF,TGTGCAAGCAGCTTTGGGGGGGGGGAAGACACCCAGTACTTT,1150,1,None,None
AGCGTCGGTACTTGAC-1,False,AGCGTCGGTACTTGAC-1_contig_1,False,380,TRB,None,None,TRBJ1-6,TRBC1,False,False,None,None,1218,1,None,None
AGCGTCGGTTCATGGT-1,False,AGCGTCGGTTCATGGT-1_contig_1,False,540,TRA,TRAV6-6,None,TRAJ24,TRAC,True,True,CAPLTTASLGKLQF,TGTGCTCCGTTGACAACTGCCAGTTTGGGGAAACTGCAGTTT,1712,3,None,None
AGCGTCGGTTCATGGT-1,False,AGCGTCGGTTCATGGT-1_contig_2,False,532,TRA,TRAV19,None,TRAJ39,TRAC,True,True,CAAGGNNAGAKLTF,TGCGCAGCAGGTGGGAATAATGCAGGTGCCAAGCTCACATTC,3874,4,None,None
AGCGTCGGTTCATGGT-1,False,AGCGTCGGTTCATGGT-1_contig_3,False,613,TRA,TRAV14N-3,None,TRAJ6,TRAC,True,True,CAARTSGGNYKPTF,TGTGCAGCAAGAACCTCAGGAGGAAACTACAAACCTACGTTT,2968,3,None,None
AGCGTCGGTTCATGGT-1,False,AGCGTCGGTTCATGGT-1_contig_4,False,505,TRB,TRBV13-1,None,TRBJ2-4,None,True,True,CASSEGTNTLYF,TGTGCCAGCAGTGAAGGAACAAACACCTTGTACTTT,10318,17,None,None
AGCGTCGGTTCATGGT-1,False,AGCGTCGGTTCATGGT-1_contig_5,False,570,TRB,TRBV12-2+TRBV13-2,None,TRBJ1-2,TRBC1,True,True,CASGGGTGNSDYTF,TGTGCCAGCGGTGGGGGGACAGGGAACTCCGACTACACCTTC,2132,3,None,None
AGCGTCGGTTCATGGT-1,False,AGCGTCGGTTCATGGT-1_contig_6,False,549,TRA,TRAV8N-2,None,TRAJ13,TRAC,True,True,CATEDSGTYQRF,TGTGCTACTGAGGATTCTGGGACTTACCAGAGGTTT,1686,2,None,None
AGCGTCGGTTCATGGT-1,False,AGCGTCGGTTCATGGT-1_contig_7,False,567,TRB,TRBV12-2+TRBV13-2,None,TRBJ2-7,None,True,True,CASGTGGDYEQYF,TGTGCCAGCGGGACTGGGGGGGACTATGAACAGTACTTC,11752,21,None,None
AGCGTCGGTTCATGGT-1,False,AGCGTCGGTTCATGGT-1_contig_8,False,397,TRA,TRAV9D-2,None,TRAJ26,TRAC,True,False,CVLSRGNNYAQGLTF,TGTGTTCTGAGCAGGGGCAATAACTATGCCCAGGGATTAACCTTC,2436,3,None,None
AGCGTCGGTTCGAATC-1,False,AGCGTCGGTTCGAATC-1_contig_1,False,632,TRB,TRBV12-2+TRBV13-2,None,TRBJ1-5,TRBC1,True,True,CASGTGDNQAPLF,TGTGCCAGCGGGACAGGGGACAACCAGGCTCCGCTTTTT,682,1,None,None
AGCGTCGGTTGGTGGA-1,False,AGCGTCGGTTGGTGGA-1_contig_1,False,506,TRB,TRBV13-1,None,TRBJ2-1,None,True,True,CASSGGDYAEQFF,TGTGCCAGCAGTGGGGGGGACTATGCTGAGCAGTTCTTC,652,1,None,None
AGCGTCGGTTGTTTGG-1,False,AGCGTCGGTTGTTTGG-1_contig_1,False,549,TRB,TRBV16,None,TRBJ2-7,None,True,True,CASSFGGGADEQYF,TGTGCAAGCAGCTTTGGTGGGGGGGCGGATGAACAGTACTTC,1136,1,None,None
AGCGTCGTCCTTTCGG-1,False,AGCGTCGTCCTTTCGG-1_contig_1,False,514,TRB,TRBV12-2+TRBV13-2,None,TRBJ1-5,TRBC1,True,False,CASGTGDNQAPLF,TGTGCCAGCGGTACAGGGGATAACCAGGCTCCGCTTTTT,142,1,None,None
AGCTCCTAGAATAGGG-1,False,AGCTCCTAGAATAGGG-1_contig_1,False,552,TRA,TRAV8N-2,None,TRAJ43,TRAC,True,False,CATDANNNNAPRF,TGTGCTACTGATGCCAATAACAACAATGCCCCACGATTT,1878,1,None,None
AGCTCCTAGCCTATGT-1,False,AGCTCCTAGCCTATGT-1_contig_1,False,559,TRB,TRBV12-2+TRBV13-2,None,TRBJ2-7,None,True,True,CASGVQGEQYF,TGTGCCAGCGGTGTTCAGGGAGAACAGTACTTC,848,1,None,None
AGCTCCTAGCCTTGAT-1,False,AGCTCCTAGCCTTGAT-1_contig_1,False,549,TRB,TRBV16,None,TRBJ2-5,None,True,True,CASSLGGGQDTQYF,TGTGCAAGCAGCTTAGGGGGGGGCCAAGACACCCAGTACTTT,326,1,None,None
AGCTCCTAGGACATTA-1,False,AGCTCCTAGGACATTA-1_contig_1,False,557,TRB,TRBV12-2+TRBV13-2,None,TRBJ1-5,TRBC1,True,True,CASGTGDNQAPLF,TGTGCCAGCGGGACAGGGGACAACCAGGCTCCGCTTTTT,1772,1,None,None
AGCTCCTCAAGTCTGT-1,False,AGCTCCTCAAGTCTGT-1_contig_1,False,502,TRB,TRBV13-2,None,TRBJ2-1,None,True,True,CASGDPFQFF,TGTGCCAGCGGTGATCCTTTCCAGTTCTTC,262,1,None,None
AGCTCCTCAGCTGCAC-1,False,AGCTCCTCAGCTGCAC-1_contig_1,False,378,TRB,None,None,TRBJ2-1,None,False,False,None,None,2456,2,None,None
AGCTCCTCAGGGCATA-1,False,AGCTCCTCAGGGCATA-1_contig_1,False,404,TRB,None,None,TRBJ1-2,TRBC1,False,False,None,None,2678,2,None,None
AGCTCCTCATCGGACC-1,False,AGCTCCTCATCGGACC-1_contig_1,False,518,TRB,TRBV26,None,TRBJ2-1,None,True,True,CASSLHKFYAEQFF,TGTGCCAGCAGTCTGCACAAATTCTATGCTGAGCAGTTCTTC,210,1,None,None
AGCTCCTGTAGTGAAT-1,False,AGCTCCTGTAGTGAAT-1_contig_1,False,565,TRA,TRAV4D-3,None,TRAJ27,TRAC,True,True,CAADGPNTGKLTF,TGTGCTGCGGACGGACCCAATACAGGCAAATTAACCTTT,1684,1,None,None
AGCTCCTGTCTAGGTT-1,False,AGCTCCTGTCTAGGTT-1_contig_1,True,360,TRB,None,None,TRBJ2-1,None,False,False,None,None,2622,1,None,None
AGCTCCTGTCTCCACT-1,False,AGCTCCTGTCTCCACT-1_contig_1,False,601,TRB,TRBV13-1,None,TRBJ2-5,None,True,False,CASSDGDDTQYF,TGTGCCAGCAGTGACGGGGACGACACCCAGTACTTT,416,1,None,None
AGCTCCTGTCTTCGTC-1,False,AGCTCCTGTCTTCGTC-1_contig_1,False,574,TRA,TRAV3D-3,None,TRAJ26,TRAC,True,True,CAVSANNYAQGLTF,TGCGCAGTCAGTGCAAATAACTATGCCCAGGGATTAACCTTC,1300,1,None,None
AGCTCCTGTTCCACTC-1,False,AGCTCCTGTTCCACTC-1_contig_1,False,577,TRB,TRBV12-2+TRBV13-2,None,TRBJ1-2,TRBC1,True,True,CASGGGTGNSDYTF,TGTGCCAGCGGTGGGGGGACAGGGAACTCCGACTACACCTTC,874,1,None,None
AGCTCCTTCACCGGGT-1,False,AGCTCCTTCACCGGGT-1_contig_1,False,567,TRB,TRBV13-2,None,TRBJ1-2,None,True,True,CASGGGTGNSDYTF,TGTGCCAGCGGTGGGGGGACAGGGAACTCCGACTACACCTTC,1318,1,None,None
AGCTCCTTCAGATAAG-1,False,AGCTCCTTCAGATAAG-1_contig_1,False,524,TRA,TRAV3-3,None,TRAJ49,TRAC,True,True,CAVSGATGYQNFYF,TGCGCAGTCAGTGGGGCCACGGGTTACCAGAACTTCTATTTT,1828,1,None,None
AGCTCCTTCATGCATG-1,False,AGCTCCTTCATGCATG-1_contig_1,False,549,TRB,TRBV16,None,TRBJ2-5,None,True,True,CASSLGGGQDTQYF,TGTGCAAGCAGCTTAGGGGGGGGCCAAGACACCCAGTACTTT,1314,1,None,None
AGCTCCTTCCAGTATG-1,False,AGCTCCTTCCAGTATG-1_contig_1,False,505,TRB,TRBV13-1,None,TRBJ2-4,None,True,True,CASSEGTNTLYF,TGTGCCAGCAGTGAAGGAACAAACACCTTGTACTTT,830,1,None,None
AGCTCCTTCCTCGCAT-1,False,AGCTCCTTCCTCGCAT-1_contig_1,False,555,TRA,TRAV3-3,None,TRAJ49,TRAC,True,True,CAVSGATGYQNFYF,TGCGCAGTCAGTGGGGCCACGGGTTACCAGAACTTCTATTTT,2074,1,None,None
AGCTCCTTCGAATCCA-1,False,AGCTCCTTCGAATCCA-1_contig_1,False,540,TRA,TRAV8-1,None,TRAJ30,TRAC,True,True,CATDTNAYKVIF,TGTGCTACTGACACAAATGCTTACAAAGTCATCTTT,2076,1,None,None
AGCTCTCAGGACATTA-1,False,AGCTCTCAGGACATTA-1_contig_1,False,512,TRB,TRBV13-1,None,TRBJ2-3,None,True,True,CASGDSAETLYF,TGTGCCAGCGGGGACAGTGCAGAAACGCTGTATTTT,954,1,None,None
AGCTCTCAGGCACATG-1,False,AGCTCTCAGGCACATG-1_contig_1,False,403,TRB,None,None,TRBJ1-2,TRBC1,False,False,None,None,2612,1,None,None
AGCTCTCAGGGATGGG-1,False,AGCTCTCAGGGATGGG-1_contig_1,False,567,TRB,TRBV12-2+TRBV13-2,None,TRBJ1-2,TRBC1,True,True,CASGGGTGNSDYTF,TGTGCCAGCGGTGGGGGGACAGGGAACTCCGACTACACCTTC,1872,1,None,None
AGCTCTCAGGTGCACA-1,False,AGCTCTCAGGTGCACA-1_contig_1,False,571,TRB,TRBV1,None,TRBJ2-7,None,True,True,CTCSADSLGEYEQYF,TGCACCTGCAGTGCAGATTCGCTGGGGGAGTATGAACAGTACTTC,2572,1,None,None
AGCTCTCAGTACACCT-1,False,AGCTCTCAGTACACCT-1_contig_1,False,506,TRB,TRBV13-1,None,TRBJ1-4,TRBC1,True,True,CASGTGANERLFF,TGTGCCAGCGGGACAGGGGCCAACGAAAGATTATTTTTC,1090,1,None,None
AGCTCTCAGTTGCAGG-1,False,AGCTCTCAGTTGCAGG-1_contig_1,False,566,TRB,TRBV12-2+TRBV13-2,None,TRBJ2-7,None,True,True,CASGTGGDYEQYF,TGTGCCAGCGGGACTGGGGGGGATTATGAACAGTACTTC,1532,1,None,None
AGCTCTCCAAGAAGAG-1,False,AGCTCTCCAAGAAGAG-1_contig_1,False,566,TRB,TRBV12-2+TRBV13-2,None,TRBJ1-2,TRBC1,True,True,CASGGGTGNSDYTF,TGTGCCAGCGGTGGGGGGACAGGGAACTCCGACTACACCTTC,1250,1,None,None
AGCTCTCCAATTCCTT-1,False,AGCTCTCCAATTCCTT-1_contig_1,False,558,TRB,TRBV12-2+TRBV13-2,None,TRBJ1-5,TRBC1,True,True,CASGTGDNQAPLF,TGTGCCAGCGGTACCGGGGACAACCAGGCTCCGCTTTTT,1674,1,None,None
AGCTCTCCACGCTTTC-1,False,AGCTCTCCACGCTTTC-1_contig_1,False,568,TRB,TRBV12-2+TRBV13-2,None,TRBJ1-2,TRBC1,True,True,CASGGGTGNSDYTF,TGTGCCAGCGGTGGGGGGACAGGGAACTCCGACTACACCTTC,1288,1,None,None
AGCTCTCCACGGCCAT-1,False,AGCTCTCCACGGCCAT-1_contig_1,False,523,TRB,TRBV5,None,TRBJ2-2,None,True,True,CASSQDRHTGQLYF,TGTGCCAGCAGCCAAGATAGACACACCGGGCAGCTCTACTTT,1474,1,None,None
AGCTCTCCATACTCTT-1,False,AGCTCTCCATACTCTT-1_contig_1,False,635,TRB,TRBV12-2+TRBV13-2,None,TRBJ1-5,TRBC1,True,True,CASGTGDNQAPLF,TGTGCCAGCGGTACAGGAGACAACCAGGCTCCGCTTTTT,278,1,None,None
AGCTCTCCATCTGGTA-1,False,AGCTCTCCATCTGGTA-1_contig_1,False,508,TRB,TRBV13-1,None,TRBJ2-1,None,True,True,CASGGGDYAEQFF,TGTGCCAGCGGGGGGGGAGACTATGCTGAGCAGTTCTTC,1954,1,None,None
AGCTCTCGTACTTGAC-1,False,AGCTCTCGTACTTGAC-1_contig_1,False,562,TRB,TRBV12-2+TRBV13-2,None,TRBJ2-7,None,True,True,CASGVQGWEQYF,TGTGCCAGCGGTGTACAGGGGTGGGAACAGTACTTC,1024,1,None,None
AGCTCTCGTAGCGCAA-1,False,AGCTCTCGTAGCGCAA-1_contig_1,False,495,TRA,TRAV4-2,None,TRAJ35,TRAC,True,True,CAVEPQTGFASALTF,TGTGCTGTTGAGCCCCAGACAGGCTTTGCAAGTGCGCTGACATTT,1578,1,None,None
AGCTCTCGTGCGGTAA-1,False,AGCTCTCGTGCGGTAA-1_contig_1,False,491,TRB,TRBV13-2,None,TRBJ1-2,None,True,True,CASGGGTGNSDYTF,TGTGCCAGCGGTGGGGGGACAGGGAACTCCGACTACACCTTC,246,1,None,None
AGCTCTCGTGTCTGAT-1,False,AGCTCTCGTGTCTGAT-1_contig_1,False,613,TRB,TRBV13-2,None,TRBJ1-2,TRBC1,True,True,CASGGGTGNSDYTF,TGTGCCAGCGGTGGGGGGACAGGGAACTCCGACTACACCTTC,1822,1,None,None
AGCTCTCGTTGCGCAC-1,False,AGCTCTCGTTGCGCAC-1_contig_1,False,545,TRA,TRAV8-1,None,TRAJ30,TRAC,True,True,CATDTNAYKVIF,TGTGCTACTGACACAAATGCTTACAAAGTCATCTTT,1584,1,None,None
AGCTCTCGTTGCGCAC-1,False,AGCTCTCGTTGCGCAC-1_contig_2,False,400,TRA,TRAV7D-5,None,TRAJ31,TRAC,True,False,CSERSNNRIFF,TGCAGTGAGCGAAGCAATAACAGAATCTTCTTT,456,1,None,None
AGCTCTCTCACAGGCC-1,False,AGCTCTCTCACAGGCC-1_contig_1,False,597,TRB,TRBV12-2+TRBV13-2,None,TRBJ1-2,TRBC1,True,False,CASGGGTGNSDYTF,TGTGCCAGCGGTGGGGGGACAGGGAACTCCGACTACACCTTC,834,1,None,None
AGCTCTCTCCTGTACC-1,False,AGCTCTCTCCTGTACC-1_contig_1,False,560,TRB,TRBV12-2+TRBV13-2,None,TRBJ2-7,None,True,True,CASGVQGEQYF,TGTGCCAGCGGTGTTCAGGGAGAACAGTACTTC,1396,1,None,None
AGCTCTCTCGATGAGG-1,False,AGCTCTCTCGATGAGG-1_contig_1,False,567,TRB,TRBV12-2+TRBV13-2,None,TRBJ1-2,TRBC1,True,True,CASGGGTGNSDYTF,TGTGCCAGCGGTGGGGGGACAGGGAACTCCGACTACACCTTC,1220,1,None,None
AGCTTGAAGAGCTTCT-1,False,AGCTTGAAGAGCTTCT-1_contig_1,False,373,TRA,TRAV9D-2,None,TRAJ26,TRAC,True,False,CVLSRGNNYAQGLTF,TGTGTTCTGAGCAGGGGCAATAACTATGCCCAGGGATTAACCTTC,1578,1,None,None
AGCTTGAAGCGACGTA-1,False,AGCTTGAAGCGACGTA-1_contig_1,False,517,TRB,TRBV13-2,None,TRBJ1-2,TRBC1,True,True,CASGGQGPDYTF,TGTGCCAGCGGGGGACAGGGACCCGACTACACCTTC,1396,1,None,None
AGCTTGAAGTTAGGTA-1,False,AGCTTGAAGTTAGGTA-1_contig_1,False,505,TRB,TRBV13-1,None,TRBJ2-3,None,True,True,CASGDSAETLYF,TGTGCCAGCGGGGACAGTGCAGAAACGCTGTATTTT,1554,1,None,None
AGCTTGACAAGTAATG-1,False,AGCTTGACAAGTAATG-1_contig_1,False,438,TRB,None,None,TRBJ1-2,TRBC1,False,False,None,None,1850,1,None,None
AGCTTGACACATCCGG-1,False,AGCTTGACACATCCGG-1_contig_1,False,350,TRA,TRAV9D-2,None,TRAJ26,TRAC,True,False,CVLSRGNNYAQGLTF,TGTGTTCTGAGCAGGGGCAATAACTATGCCCAGGGATTAACCTTC,2778,1,None,None
AGCTTGACACCCATTC-1,False,AGCTTGACACCCATTC-1_contig_1,False,505,TRB,TRBV13-1,None,TRBJ2-4,None,True,True,CASSEGTNTLYF,TGTGCCAGCAGTGAAGGAACAAACACCTTGTACTTT,12268,9,None,None
AGCTTGACACCCATTC-1,False,AGCTTGACACCCATTC-1_contig_2,False,562,TRB,TRBV12-2+TRBV13-2,None,TRBJ2-7,None,True,True,CASGVQGWEQYF,TGTGCCAGCGGTGTACAGGGGTGGGAACAGTACTTC,880,1,None,None
AGCTTGACACCCATTC-1,False,AGCTTGACACCCATTC-1_contig_3,False,549,TRA,TRAV8N-2,None,TRAJ13,TRAC,True,True,CATEDSGTYQRF,TGTGCTACTGAGGATTCTGGGACTTACCAGAGGTTT,15360,9,None,None
AGCTTGACACCCATTC-1,False,AGCTTGACACCCATTC-1_contig_4,False,565,TRB,TRBV12-2+TRBV13-2,None,TRBJ2-7,None,True,True,CASGTGGDYEQYF,TGTGCCAGCGGGACTGGGGGGGACTATGAACAGTACTTC,5852,6,None,None
AGCTTGACACCCATTC-1,False,AGCTTGACACCCATTC-1_contig_5,False,565,TRB,TRBV12-2+TRBV13-2,None,TRBJ1-5,TRBC1,True,True,CASGTGDNQAPLF,TGTGCCAGCGGTACAGGGGACAACCAGGCTCCGCTTTTT,1264,2,None,None
AGCTTGACACCCATTC-1,False,AGCTTGACACCCATTC-1_contig_6,False,493,TRA,TRAV6D-5,None,TRAJ38,TRAC,True,False,CTTVFWDNVGDNSKLIW,TGTACTACTGTGTTCTGGGATAATGTTGGTGACAACAGTAAGCTGATTTGG,2242,1,None,None
AGCTTGACACCCATTC-1,False,AGCTTGACACCCATTC-1_contig_7,False,567,TRA,TRAV3-3,None,TRAJ37,TRAC,True,False,None,None,2278,4,None,None
AGCTTGACACGTCTCT-1,False,AGCTTGACACGTCTCT-1_contig_1,False,365,TRB,None,None,TRBJ2-7,None,False,False,None,None,2818,1,None,None
AGCTTGACATCACAAC-1,False,AGCTTGACATCACAAC-1_contig_1,False,556,TRA,TRAV19,None,TRAJ39,TRAC,True,True,CAAGGNNAGAKLTF,TGCGCAGCAGGTGGGAATAATGCAGGTGCCAAGCTCACATTC,2152,1,None,None
AGCTTGACATTCGACA-1,False,AGCTTGACATTCGACA-1_contig_1,False,549,TRB,TRBV16,None,TRBJ2-7,None,True,True,CASSFGGGADEQYF,TGTGCAAGCAGCTTTGGTGGGGGGGCGGATGAACAGTACTTC,682,1,None,None
AGCTTGAGTAGAGGAA-1,False,AGCTTGAGTAGAGGAA-1_contig_1,False,505,TRB,TRBV13-1,None,TRBJ2-3,None,True,True,CASGDSAETLYF,TGTGCCAGCGGGGACAGTGCAGAAACGCTGTATTTT,1328,1,None,None
AGCTTGAGTATCTGCA-1,False,AGCTTGAGTATCTGCA-1_contig_1,False,587,TRA,TRAV3-4,None,TRAJ49,TRAC,True,True,CAVRGGYQNFYF,TGCGCAGTCAGGGGGGGTTACCAGAACTTCTATTTT,2002,1,None,None
AGCTTGAGTGACAAAT-1,False,AGCTTGAGTGACAAAT-1_contig_1,False,568,TRB,TRBV12-2+TRBV13-2,None,TRBJ1-2,TRBC1,True,True,CASGGQANSDYTF,TGTGCCAGCGGTGGACAGGCAAACTCCGACTACACCTTC,1548,1,None,None
AGCTTGAGTGTATGGG-1,False,AGCTTGAGTGTATGGG-1_contig_1,False,559,TRB,TRBV12-2+TRBV13-2,None,TRBJ1-5,TRBC1,True,True,CASGTGDNQAPLF,TGTGCCAGCGGTACAGGAGACAACCAGGCTCCGCTTTTT,1980,1,None,None
AGCTTGAGTGTGGCTC-1,False,AGCTTGAGTGTGGCTC-1_contig_1,False,509,TRB,TRBV13-1,None,TRBJ2-3,None,True,True,CASGDSAETLYF,TGTGCCAGCGGGGACAGTGCAGAAACGCTGTATTTT,1600,1,None,None
AGCTTGATCAAACCGT-1,False,AGCTTGATCAAACCGT-1_contig_1,False,556,TRA,TRAV19,None,TRAJ39,TRAC,True,True,CAAGGNNAGAKLTF,TGCGCAGCAGGTGGGAATAATGCAGGTGCCAAGCTCACATTC,1624,1,None,None
AGCTTGATCCGTCATC-1,False,AGCTTGATCCGTCATC-1_contig_1,False,572,TRA,TRAV19,None,TRAJ39,TRAC,True,True,CAAGGNNAGAKLTF,TGCGCAGCAGGTGGGAATAATGCAGGTGCCAAGCTCACATTC,2126,1,None,None
AGCTTGATCCGTCATC-1,False,AGCTTGATCCGTCATC-1_contig_2,False,505,TRB,TRBV13-1,None,TRBJ2-1,None,True,True,CASGGAYAEQFF,TGTGCCAGCGGGGGGGCGTATGCTGAGCAGTTCTTC,1450,1,None,None
AGCTTGATCGTATCAG-1,False,AGCTTGATCGTATCAG-1_contig_1,False,549,TRB,TRBV16,None,TRBJ2-5,None,True,True,CASSLGGGQDTQYF,TGTGCAAGCAGCTTAGGGGGGGGCCAAGACACCCAGTACTTT,676,1,None,None
AGCTTGATCTTCCTTC-1,False,AGCTTGATCTTCCTTC-1_contig_1,False,493,TRA,TRAV6D-3,None,TRAJ30,TRAC,True,True,CAMSDDTNAYKVIF,TGTGCTATGAGTGATGACACAAATGCTTACAAAGTCATCTTT,1784,1,None,None
AGGCCACAGATGAGAG-1,False,AGGCCACAGATGAGAG-1_contig_1,False,555,TRB,TRBV12-2+TRBV13-2,None,TRBJ2-1,None,True,True,CASGDPFQFF,TGTGCCAGCGGTGATCCTTTCCAGTTCTTC,986,1,None,None
AGGCCACAGGCCCTCA-1,False,AGGCCACAGGCCCTCA-1_contig_1,False,416,TRB,None,None,TRBJ1-6,TRBC1,False,False,None,None,594,1,None,None
AGGCCACAGTCCAGGA-1,False,AGGCCACAGTCCAGGA-1_contig_1,False,549,TRB,TRBV16,None,TRBJ2-7,None,True,True,CASSFGGGADEQYF,TGTGCAAGCAGCTTTGGTGGGGGGGCGGATGAACAGTACTTC,1302,1,None,None
AGGCCACAGTTCGATC-1,False,AGGCCACAGTTCGATC-1_contig_1,False,505,TRB,TRBV13-1,None,TRBJ2-3,None,True,True,CASGDSAETLYF,TGTGCCAGCGGGGACAGTGCAGAAACGCTGTATTTT,622,1,None,None
AGGCCACCACACCGAC-1,False,AGGCCACCACACCGAC-1_contig_1,False,509,TRA,TRAV3-3,None,TRAJ49,TRAC,True,True,CAVSGATGYQNFYF,TGCGCAGTCAGTGGGGCCACGGGTTACCAGAACTTCTATTTT,448,1,None,None
AGGCCACCACCATGTA-1,False,AGGCCACCACCATGTA-1_contig_1,False,549,TRB,TRBV16,None,TRBJ2-5,None,True,True,CASSLGGYQDTQYF,TGTGCAAGCAGCTTAGGGGGCTACCAAGACACCCAGTACTTT,1122,1,None,None
AGGCCACCAGTCGATT-1,False,AGGCCACCAGTCGATT-1_contig_1,False,549,TRB,TRBV16,None,TRBJ2-5,None,True,True,CASSLGGGQDTQYF,TGTGCAAGCAGCTTAGGGGGGGGCCAAGACACCCAGTACTTT,1704,1,None,None
AGGCCACGTACTTAGC-1,False,AGGCCACGTACTTAGC-1_contig_1,False,562,TRB,TRBV12-2+TRBV13-2,None,TRBJ1-2,TRBC1,True,True,CASGGGTGNSDYTF,TGTGCCAGCGGTGGGGGGACAGGGAACTCCGACTACACCTTC,892,1,None,None
AGGCCACGTCCGAACC-1,False,AGGCCACGTCCGAACC-1_contig_1,True,559,TRB,TRBV12-2+TRBV13-2,None,TRBJ1-5,TRBC1,True,True,CASGTGDNQAPLF,TGTGCCAGCGGTACAGGAGACAACCAGGCTCCGCTTTTT,868,2,None,None
AGGCCACGTCCGAACC-1,False,AGGCCACGTCCGAACC-1_contig_2,True,616,TRB,None,None,TRBJ2-5,None,False,False,None,None,8146,5,None,None
AGGCCACGTCCGTCAG-1,False,AGGCCACGTCCGTCAG-1_contig_1,False,582,TRA,TRAV14-1,None,TRAJ45,TRAC,True,True,CAASLYTEGADRLTF,TGTGCAGCAAGTCTTTATACAGAAGGTGCAGATAGACTCACCTTT,2072,1,None,None
AGGCCACGTGACAAAT-1,False,AGGCCACGTGACAAAT-1_contig_1,False,568,TRB,TRBV12-2+TRBV13-2,None,TRBJ1-2,TRBC1,True,True,CASGGGTGNSDYTF,TGTGCCAGCGGTGGGGGGACAGGGAACTCCGACTACACCTTC,990,1,None,None
AGGCCACGTGCAGGTA-1,False,AGGCCACGTGCAGGTA-1_contig_1,False,603,TRB,TRBV13-1,None,TRBJ2-1,None,True,False,CASSAGDYAEQFF,TGTGCCAGCAGTGCTGGGGACTATGCTGAGCAGTTCTTC,854,1,None,None
AGGCCACGTGGCAAAC-1,False,AGGCCACGTGGCAAAC-1_contig_1,False,543,TRB,TRBV12-2+TRBV13-2,None,TRBJ1-2,TRBC1,True,True,CASGGGTGNSDYTF,TGTGCCAGCGGTGGGGGGACAGGGAACTCCGACTACACCTTC,142,2,None,None
AGGCCACGTGTGTGCC-1,False,AGGCCACGTGTGTGCC-1_contig_1,False,556,TRA,TRAV19,None,TRAJ39,TRAC,True,True,CAAGGNNAGAKLTF,TGCGCAGCAGGTGGGAATAATGCAGGTGCCAAGCTCACATTC,10498,6,None,None
AGGCCACGTGTGTGCC-1,False,AGGCCACGTGTGTGCC-1_contig_2,False,566,TRB,TRBV12-2+TRBV13-2,None,TRBJ1-2,TRBC1,True,True,CASGGGTGNSDYTF,TGTGCCAGCGGTGGGGGGACAGGGAACTCCGACTACACCTTC,2324,3,None,None
AGGCCACGTTTAAGCC-1,False,AGGCCACGTTTAAGCC-1_contig_1,True,549,TRB,TRBV16,None,TRBJ2-5,None,True,True,CASSFGGAPDTQYF,TGTGCAAGCAGCTTTGGGGGGGCGCCAGACACCCAGTACTTT,7088,8,None,None
AGGCCACGTTTAAGCC-1,False,AGGCCACGTTTAAGCC-1_contig_2,False,520,TRA,TRAV8-1,None,TRAJ30,TRAC,True,True,CATDTNAYKVIF,TGTGCTACTGACACAAATGCTTACAAAGTCATCTTT,1788,2,None,None
AGGCCACTCACCGGGT-1,False,AGGCCACTCACCGGGT-1_contig_1,False,459,TRA,TRAV6-6,None,None,TRAC,False,False,None,None,1704,1,None,None
AGGCCACTCCAATGGT-1,False,AGGCCACTCCAATGGT-1_contig_1,False,506,TRB,TRBV13-2,None,TRBJ2-1,None,True,True,CASGDPFQFF,TGTGCCAGCGGTGATCCTTTCCAGTTCTTC,1508,1,None,None
AGGCCACTCCAATGGT-1,False,AGGCCACTCCAATGGT-1_contig_2,True,430,TRB,None,None,TRBJ2-1,None,False,False,None,None,3336,2,None,None
AGGCCACTCCAGAAGG-1,False,AGGCCACTCCAGAAGG-1_contig_1,False,556,TRA,TRAV19,None,TRAJ39,TRAC,True,True,CAAGGNNAGAKLTF,TGCGCAGCAGGTGGGAATAATGCAGGTGCCAAGCTCACATTC,1894,1,None,None
AGGCCACTCTTTACAC-1,False,AGGCCACTCTTTACAC-1_contig_1,False,549,TRB,TRBV16,None,TRBJ2-5,None,True,True,CASSLGGGQDTQYF,TGTGCAAGCAGCTTAGGGGGGGGCCAAGACACCCAGTACTTT,1502,1,None,None
AGGCCGTAGACCACGA-1,False,AGGCCGTAGACCACGA-1_contig_1,False,547,TRA,TRAV16D-DV11,None,TRAJ26,TRAC,True,True,CAMREENNYAQGLTF,TGTGCTATGAGAGAGGAAAATAACTATGCCCAGGGATTAACCTTC,4106,2,None,None
AGGCCGTAGAGCCTAG-1,False,AGGCCGTAGAGCCTAG-1_contig_1,False,568,TRB,TRBV12-2+TRBV13-2,None,TRBJ1-2,TRBC1,True,True,CASGGGTGNSDYTF,TGTGCCAGCGGTGGGGGGACAGGGAACTCCGACTACACCTTC,2166,1,None,None
AGGCCGTAGCCACGCT-1,False,AGGCCGTAGCCACGCT-1_contig_1,False,553,TRA,TRAV19,None,TRAJ39,TRAC,True,True,CAAGGNNAGAKLTF,TGCGCAGCAGGTGGGAATAATGCAGGTGCCAAGCTCACATTC,2342,1,None,None
AGGCCGTAGCCACGCT-1,False,AGGCCGTAGCCACGCT-1_contig_2,False,501,TRB,TRBV13-1,None,TRBJ2-2,None,True,True,CASSDPGQLYF,TGTGCCAGCAGTGACCCCGGGCAGCTCTACTTT,2212,1,None,None
AGGCCGTAGCCAGGAT-1,False,AGGCCGTAGCCAGGAT-1_contig_1,False,351,TRB,None,None,TRBJ1-4,TRBC1,False,False,None,None,1958,1,None,None
AGGCCGTAGCGCCTCA-1,False,AGGCCGTAGCGCCTCA-1_contig_1,False,568,TRB,TRBV12-2+TRBV13-2,None,TRBJ1-2,TRBC1,True,True,CASGGGTGNSDYTF,TGTGCCAGCGGTGGGGGGACAGGGAACTCCGACTACACCTTC,620,1,None,None
AGGCCGTAGGGCATGT-1,False,AGGCCGTAGGGCATGT-1_contig_1,False,549,TRB,TRBV16,None,TRBJ2-5,None,True,True,CASSLGGGQDTQYF,TGTGCAAGCAGCTTAGGGGGGGGCCAAGACACCCAGTACTTT,1238,1,None,None
AGGCCGTCACGTAAGG-1,False,AGGCCGTCACGTAAGG-1_contig_1,False,512,TRB,TRBV13-1,None,TRBJ2-4,None,True,True,CASSEGTNTLYF,TGTGCCAGCAGTGAAGGAACAAACACCTTGTACTTT,1624,1,None,None
AGGCCGTCAGTTCATG-1,False,AGGCCGTCAGTTCATG-1_contig_1,False,503,TRB,TRBV13-1,None,TRBJ2-5,None,True,True,CASSDGDDTQYF,TGTGCCAGCAGTGACGGGGACGACACCCAGTACTTT,1310,1,None,None
AGGCCGTCAGTTCATG-1,False,AGGCCGTCAGTTCATG-1_contig_2,False,572,TRA,TRAV4D-3,None,TRAJ27,TRAC,True,True,CAADGPNTGKLTF,TGTGCTGCTGACGGGCCCAATACAGGCAAATTAACCTTT,1276,1,None,None
AGGCCGTCATGGTCTA-1,False,AGGCCGTCATGGTCTA-1_contig_1,False,380,TRB,None,None,TRBJ1-3,TRBC1,False,False,None,None,406,1,None,None
AGGCCGTGTACCGGCT-1,False,AGGCCGTGTACCGGCT-1_contig_1,False,531,TRB,TRBV13-1,None,TRBJ2-2,None,True,False,CASSDPGQLYF,TGTGCCAGCAGTGACCCCGGGCAGCTCTACTTT,1296,1,None,None
AGGCCGTGTATTCTCT-1,False,AGGCCGTGTATTCTCT-1_contig_1,False,587,TRB,TRBV12-2+TRBV13-2,None,TRBJ1-5,TRBC1,True,True,CASGTGDNQAPLF,TGTGCCAGCGGGACGGGGGACAACCAGGCTCCGCTTTTT,1292,1,None,None
AGGCCGTGTCTCCCTA-1,False,AGGCCGTGTCTCCCTA-1_contig_1,False,505,TRB,TRBV13-1,None,TRBJ2-3,None,True,True,CASGDSAETLYF,TGTGCCAGCGGGGACAGTGCAGAAACGCTGTATTTT,498,1,None,None
AGGCCGTGTCTTGATG-1,False,AGGCCGTGTCTTGATG-1_contig_1,False,494,TRA,TRAV7-5,None,TRAJ45,TRAC,True,False,CSDTEGADRLTF,TGCAGTGATACAGAAGGTGCAGATAGACTCACCTTT,922,1,None,None
AGGCCGTGTGACGCCT-1,False,AGGCCGTGTGACGCCT-1_contig_1,False,568,TRB,TRBV12-2+TRBV13-2,None,TRBJ1-2,TRBC1,True,True,CASGGGTGNSDYTF,TGTGCCAGCGGTGGGGGGACAGGGAACTCCGACTACACCTTC,1484,1,None,None
AGGCCGTGTTAAGATG-1,False,AGGCCGTGTTAAGATG-1_contig_1,False,564,TRB,TRBV12-2+TRBV13-2,None,TRBJ2-7,None,True,True,CASGTGGDYEQYF,TGTGCCAGCGGGACTGGGGGGGACTATGAACAGTACTTC,1298,1,None,None
AGGCCGTTCCTTGGTC-1,False,AGGCCGTTCCTTGGTC-1_contig_1,False,600,TRB,TRBV12-2+TRBV13-2,None,TRBJ1-2,TRBC1,True,True,CASGGGTGNSDYTF,TGTGCCAGCGGTGGGGGGACAGGGAACTCCGACTACACCTTC,1258,1,None,None
AGGCCGTTCGTTACGA-1,False,AGGCCGTTCGTTACGA-1_contig_1,False,509,TRB,TRBV13-1,None,TRBJ2-7,None,True,True,CASSGPLEQYF,TGTGCCAGCAGTGGGCCCCTGGAACAGTACTTC,1528,1,None,None
AGGCCGTTCTACTATC-1,False,AGGCCGTTCTACTATC-1_contig_1,False,566,TRB,TRBV12-2+TRBV13-2,None,TRBJ2-7,None,True,True,CASGVQGWEQYF,TGTGCCAGCGGTGTACAGGGGTGGGAACAGTACTTC,1062,1,None,None
AGGCCGTTCTACTTAC-1,False,AGGCCGTTCTACTTAC-1_contig_1,False,520,TRB,TRBV12-2+TRBV13-2,None,TRBJ1-2,TRBC1,True,False,CASGGGTGNSDYTF,TGTGCCAGCGGTGGGGGGACAGGGAACTCCGACTACACCTTC,152,1,None,None
AGGGAGTAGCAATCTC-1,False,AGGGAGTAGCAATCTC-1_contig_1,False,647,TRB,TRBV12-2+TRBV13-2,None,TRBJ1-5,TRBC1,True,True,CASGTGDNQAPLF,TGTGCCAGCGGTACAGGGGACAACCAGGCTCCGCTTTTT,2238,3,None,None
AGGGAGTAGCCCAATT-1,False,AGGGAGTAGCCCAATT-1_contig_1,False,527,TRB,TRBV15,None,TRBJ1-3,TRBC1,True,True,CASSLNRGSSGNTLYF,TGTGCCAGCAGTTTAAACAGGGGGAGTTCTGGAAATACGCTCTATTTT,1824,1,None,None
AGGGAGTCAAGCCGTC-1,False,AGGGAGTCAAGCCGTC-1_contig_1,False,558,TRA,TRAV19,None,TRAJ39,TRAC,True,True,CAAGGNNAGAKLTF,TGCGCAGCAGGTGGGAATAATGCAGGTGCCAAGCTCACATTC,1674,1,None,None
AGGGAGTCACCACCAG-1,False,AGGGAGTCACCACCAG-1_contig_1,False,522,TRB,TRBV5,None,TRBJ2-7,None,True,True,CASSQDWGGAVEQYF,TGTGCCAGCAGCCAAGACTGGGGGGGCGCAGTTGAACAGTACTTC,1756,1,None,None
AGGGAGTCACCAGGCT-1,False,AGGGAGTCACCAGGCT-1_contig_1,False,549,TRB,TRBV16,None,TRBJ2-5,None,True,True,CASSLGGGQDTQYF,TGTGCAAGCAGCTTAGGGGGGGGCCAAGACACCCAGTACTTT,854,1,None,None
AGGGAGTCACTGTCGG-1,False,AGGGAGTCACTGTCGG-1_contig_1,False,549,TRA,TRAV8N-2,None,TRAJ13,TRAC,True,True,CATEDSGTYQRF,TGTGCTACTGAGGATTCTGGGACTTACCAGAGGTTT,2030,1,None,None
AGGGAGTCACTGTCGG-1,False,AGGGAGTCACTGTCGG-1_contig_2,False,604,TRB,TRBV13-1,None,TRBJ2-4,None,True,False,CASSEGTNTLYF,TGTGCCAGCAGTGAAGGAACAAACACCTTGTACTTT,1250,1,None,None
AGGGAGTGTCATATGC-1,False,AGGGAGTGTCATATGC-1_contig_1,False,543,TRB,TRBV16,None,TRBJ2-5,None,True,True,CASSLGGGQDTQYF,TGTGCAAGCAGCTTAGGGGGGGGCCAAGACACCCAGTACTTT,1080,1,None,None
AGGGAGTGTGCTCTTC-1,False,AGGGAGTGTGCTCTTC-1_contig_1,False,507,TRA,TRAV21-DV12,None,TRAJ42,TRAC,True,True,CILRVHGGSNAKLTF,TGTATCCTGAGAGTCCATGGAGGAAGCAATGCAAAGCTAACCTTC,1826,1,None,None
AGGGAGTGTTTGACTG-1,False,AGGGAGTGTTTGACTG-1_contig_1,False,514,TRB,TRBV13-2,None,TRBJ1-5,TRBC1,True,True,CASGTGDNQAPLF,TGTGCCAGCGGGACAGGGGACAACCAGGCTCCGCTTTTT,1158,1,None,None
AGGGAGTTCGAGCCCA-1,False,AGGGAGTTCGAGCCCA-1_contig_1,False,577,TRB,TRBV13-1,None,TRBJ2-2,None,True,False,CASSDPGQLYF,TGTGCCAGCAGTGACCCCGGGCAGCTCTACTTT,816,1,None,None
AGGGAGTTCTTCATGT-1,False,AGGGAGTTCTTCATGT-1_contig_1,False,610,TRA,TRAV13D-2,None,TRAJ11,TRAC,True,True,CAIDLDSGYNKLTF,TGTGCTATAGATCTTGACTCGGGATACAACAAACTCACTTTT,1138,1,None,None
AGGGATGAGAAACGAG-1,False,AGGGATGAGAAACGAG-1_contig_1,False,568,TRA,TRAV12-1,None,TRAJ48,TRAC,True,True,CALSDAGDYGNEKITF,TGTGCTCTGAGTGATGCAGGAGACTATGGAAATGAGAAAATAACTTTT,2052,1,None,None
AGGGATGAGAAAGTGG-1,False,AGGGATGAGAAAGTGG-1_contig_1,False,462,TRB,TRBV13-2,None,TRBJ1-2,TRBC1,True,False,CASGGGTGNSDYTF,TGTGCCAGCGGTGGGGGGACAGGGAACTCCGACTACACCTTC,1718,1,None,None
AGGGATGAGAGTGACC-1,False,AGGGATGAGAGTGACC-1_contig_1,False,549,TRB,TRBV16,None,TRBJ2-5,None,True,True,CASSWGGGQDTQYF,TGTGCAAGCAGCTGGGGGGGCGGGCAAGACACCCAGTACTTT,2492,1,None,None
AGGGATGAGGATCGCA-1,False,AGGGATGAGGATCGCA-1_contig_1,False,601,TRB,TRBV13-1,None,TRBJ2-4,None,True,False,CASSEGTNTLYF,TGTGCCAGCAGTGAAGGAACAAACACCTTGTACTTT,1516,1,None,None
AGGGATGAGGCATGTG-1,False,AGGGATGAGGCATGTG-1_contig_1,False,372,TRB,None,None,TRBJ1-3,TRBC1,False,False,None,None,1538,1,None,None
AGGGATGAGGCGATAC-1,False,AGGGATGAGGCGATAC-1_contig_1,False,394,TRB,None,None,TRBJ2-7,None,False,False,None,None,534,1,None,None
AGGGATGAGTCGATAA-1,False,AGGGATGAGTCGATAA-1_contig_1,False,668,TRA,TRAV8N-2,None,TRAJ13,TRAC,True,False,CATEDSGTYQRF,TGTGCTACTGAGGATTCTGGGACTTACCAGAGGTTT,332,1,None,None
AGGGATGAGTGTCCCG-1,False,AGGGATGAGTGTCCCG-1_contig_1,False,448,TRB,None,None,TRBJ1-6,TRBC1,False,False,None,None,614,1,None,None
AGGGATGCACCAACCG-1,False,AGGGATGCACCAACCG-1_contig_1,False,536,TRA,TRAV19,None,TRAJ39,TRAC,True,True,CAAGGNNAGAKLTF,TGCGCAGCAGGTGGGAATAATGCAGGTGCCAAGCTCACATTC,2880,1,None,None
AGGGATGCACCGAAAG-1,False,AGGGATGCACCGAAAG-1_contig_1,False,566,TRA,TRAV16,None,TRAJ57,TRAC,True,True,CAMREPQGGSAKLIF,TGTGCTATGAGAGAGCCTCAAGGAGGGTCTGCGAAGCTCATCTTT,1372,1,None,None
AGGGATGCAGGTGCCT-1,False,AGGGATGCAGGTGCCT-1_contig_1,False,715,TRB,TRBV19,None,TRBJ2-7,None,True,True,CASSRQSSYEQYF,TGTGCCAGCAGTCGACAAAGCTCCTATGAACAGTACTTC,1648,1,None,None
AGGGATGGTACCAGTT-1,False,AGGGATGGTACCAGTT-1_contig_1,False,568,TRA,TRAV12-1,None,TRAJ48,TRAC,True,True,CALSDAGDYGNEKITF,TGTGCTCTGAGTGATGCAGGAGACTATGGAAATGAGAAAATAACTTTT,2246,1,None,None
AGGGATGGTCGAGATG-1,False,AGGGATGGTCGAGATG-1_contig_1,False,549,TRB,TRBV16,None,TRBJ2-5,None,True,True,CASSFGGGEDTQYF,TGTGCAAGCAGCTTTGGGGGGGGGGAAGACACCCAGTACTTT,434,1,None,None
AGGGATGGTGACAAAT-1,False,AGGGATGGTGACAAAT-1_contig_1,False,640,TRB,TRBV12-2+TRBV13-2,None,TRBJ1-2,TRBC1,True,True,CASGGGTGNSDYTF,TGTGCCAGCGGTGGGGGGACAGGGAACTCCGACTACACCTTC,1470,1,None,None
AGGGATGGTTGATTGC-1,False,AGGGATGGTTGATTGC-1_contig_1,False,580,TRB,TRBV13-1,None,TRBJ1-4,TRBC1,True,True,CASGTGANERLFF,TGTGCCAGCGGGACAGGGGCCAACGAAAGATTATTTTTC,1452,1,None,None
AGGGATGGTTGGAGGT-1,False,AGGGATGGTTGGAGGT-1_contig_1,False,507,TRA,TRAV21-DV12,None,TRAJ42,TRAC,True,True,CILRVHGGSNAKLTF,TGTATCCTGAGAGTCCATGGAGGAAGCAATGCAAAGCTAACCTTC,478,1,None,None
AGGGATGTCACCACCT-1,False,AGGGATGTCACCACCT-1_contig_1,False,538,TRA,TRAV19,None,TRAJ39,TRAC,True,True,CAAGGNNAGAKLTF,TGCGCAGCAGGTGGGAATAATGCAGGTGCCAAGCTCACATTC,1814,1,None,None
AGGGATGTCACGAAGG-1,False,AGGGATGTCACGAAGG-1_contig_1,False,511,TRA,TRAV19,None,TRAJ39,TRAC,True,True,CAAGGNNAGAKLTF,TGCGCAGCAGGTGGGAATAATGCAGGTGCCAAGCTCACATTC,686,1,None,None
AGGGATGTCACGAAGG-1,False,AGGGATGTCACGAAGG-1_contig_2,False,619,TRB,None,None,TRBJ2-7,None,False,False,None,None,1888,1,None,None
AGGGATGTCCTAGGGC-1,False,AGGGATGTCCTAGGGC-1_contig_1,False,627,TRB,None,None,TRBJ2-5,None,False,False,None,None,732,1,None,None
AGGGATGTCGGTTAAC-1,False,AGGGATGTCGGTTAAC-1_contig_1,False,543,TRB,TRBV12-2+TRBV13-2,None,TRBJ1-2,TRBC1,True,True,CASGGGTGNSDYTF,TGTGCCAGCGGTGGGGGGACAGGGAACTCCGACTACACCTTC,1400,1,None,None
AGGGTGAAGAGTACAT-1,False,AGGGTGAAGAGTACAT-1_contig_1,False,560,TRB,TRBV12-2+TRBV13-2,None,TRBJ2-1,None,True,True,CASGGYAEQFF,TGTGCCAGCGGGGGCTATGCTGAGCAGTTCTTC,1020,1,None,None
AGGGTGAAGATAGGAG-1,False,AGGGTGAAGATAGGAG-1_contig_1,False,561,TRB,TRBV31,None,TRBJ2-4,None,True,True,CAWDNQNTLYF,TGTGCCTGGGACAATCAAAACACCTTGTACTTT,2070,1,None,None
AGGGTGAAGCTAAGAT-1,False,AGGGTGAAGCTAAGAT-1_contig_1,False,512,TRB,TRBV13-1,None,TRBJ2-4,None,True,True,CASSEGTNTLYF,TGTGCCAGCAGTGAAGGAACAAACACCTTGTACTTT,1478,1,None,None
AGGGTGAAGGGTTCCC-1,False,AGGGTGAAGGGTTCCC-1_contig_1,False,524,TRA,TRAV7D-5,None,TRAJ6,TRAC,True,True,CAVSPTSGGNYKPTF,TGTGCAGTGAGCCCTACCTCAGGAGGAAACTACAAACCTACGTTT,1792,1,None,None
AGGGTGAAGGTACTCT-1,False,AGGGTGAAGGTACTCT-1_contig_1,False,509,TRA,TRAV3-3,None,TRAJ49,TRAC,True,True,CAVSGATGYQNFYF,TGCGCAGTCAGTGGGGCCACGGGTTACCAGAACTTCTATTTT,152,2,None,None
AGGGTGAAGTACATGA-1,False,AGGGTGAAGTACATGA-1_contig_1,False,560,TRA,TRAV3-3,None,TRAJ31,TRAC,True,True,CAVSAGNNRIFF,TGCGCAGTCAGTGCAGGCAATAACAGAATCTTCTTT,752,1,None,None
AGGGTGAAGTGAATTG-1,False,AGGGTGAAGTGAATTG-1_contig_1,False,505,TRB,TRBV13-1,None,TRBJ2-3,None,True,True,CASGDSAETLYF,TGTGCCAGCGGGGACAGTGCAGAAACGCTGTATTTT,1344,1,None,None
AGGGTGACAAAGGAAG-1,False,AGGGTGACAAAGGAAG-1_contig_1,False,557,TRA,TRAV8N-2,None,TRAJ52,TRAC,True,False,None,None,2256,1,None,None
AGGGTGACAAGCCATT-1,False,AGGGTGACAAGCCATT-1_contig_1,False,507,TRB,TRBV5,None,TRBJ2-2,None,True,True,CASSTGQLYF,TGTGCCAGCAGCACCGGGCAGCTCTACTTT,1970,1,None,None
AGGGTGACAATAGAGT-1,False,AGGGTGACAATAGAGT-1_contig_1,False,596,TRB,TRBV13-2,None,TRBJ1-5,TRBC1,True,True,CASGTGDNQAPLF,TGTGCCAGCGGAACAGGGGACAACCAGGCTCCGCTTTTT,126,1,None,None
AGGGTGACAATGGTCT-1,False,AGGGTGACAATGGTCT-1_contig_1,False,572,TRB,TRBV12-2+TRBV13-2,None,TRBJ1-2,TRBC1,True,True,CASGGGTGNSDYTF,TGTGCCAGCGGTGGGGGGACAGGGAACTCCGACTACACCTTC,1410,1,None,None
AGGGTGACACAACTGT-1,False,AGGGTGACACAACTGT-1_contig_1,False,549,TRB,TRBV16,None,TRBJ2-5,None,True,True,CASSLGGGQDTQYF,TGTGCAAGCAGCTTAGGGGGGGGCCAAGACACCCAGTACTTT,678,1,None,None
AGGGTGACAGCCACCA-1,False,AGGGTGACAGCCACCA-1_contig_1,False,350,TRB,None,None,TRBJ2-7,None,False,False,None,None,2420,1,None,None
AGGGTGACATAGACTC-1,False,AGGGTGACATAGACTC-1_contig_1,False,549,TRB,TRBV16,None,TRBJ2-5,None,True,True,CASSLGGGADTQYF,TGTGCAAGCAGCTTAGGGGGGGGCGCGGACACCCAGTACTTT,960,1,None,None
AGGGTGACATTTCAGG-1,False,AGGGTGACATTTCAGG-1_contig_1,False,512,TRB,TRBV13-1,None,TRBJ2-5,None,True,True,CASSDGDDTQYF,TGTGCCAGCAGTGACGGGGACGACACCCAGTACTTT,1664,1,None,None
AGGGTGACATTTCAGG-1,False,AGGGTGACATTTCAGG-1_contig_2,False,512,TRB,TRBV13-1,None,TRBJ2-3,None,True,True,CASGDSAETLYF,TGTGCCAGCGGGGACAGTGCAGAAACGCTGTATTTT,44,1,None,None
AGGGTGAGTACTTCTT-1,False,AGGGTGAGTACTTCTT-1_contig_1,False,561,TRB,TRBV12-2+TRBV13-2,None,TRBJ1-5,TRBC1,True,True,CASGTGDNQAPLF,TGTGCCAGCGGGACAGGGGACAACCAGGCTCCGCTTTTT,604,1,None,None
AGGGTGAGTATCGCAT-1,False,AGGGTGAGTATCGCAT-1_contig_1,False,564,TRB,TRBV12-2+TRBV13-2,None,TRBJ1-2,TRBC1,True,True,CASGGGTGNSDYTF,TGTGCCAGCGGTGGGGGGACAGGGAACTCCGACTACACCTTC,990,1,None,None
AGGGTGAGTCTCCACT-1,False,AGGGTGAGTCTCCACT-1_contig_1,False,494,TRB,TRBV5,None,TRBJ2-2,None,True,True,CASSTGQLYF,TGTGCCAGCAGCACCGGGCAGCTCTACTTT,1382,1,None,None
AGGGTGAGTCTCGTTC-1,False,AGGGTGAGTCTCGTTC-1_contig_1,True,547,TRA,TRAV3-3,None,TRAJ49,TRAC,True,True,CAVSGSTGYQNFYF,TGCGCAGTCAGTGGGAGCACGGGTTACCAGAACTTCTATTTT,716,1,None,None
AGGGTGAGTCTCGTTC-1,False,AGGGTGAGTCTCGTTC-1_contig_2,True,566,TRA,TRAV6D-5,None,TRAJ38,TRAC,True,False,CTTVFWDNVGDNSKLIW,TGTACTACTGTGTTCTGGGATAATGTTGGTGACAACAGTAAGCTGATTTGG,2734,1,None,None
AGGGTGAGTCTCGTTC-1,False,AGGGTGAGTCTCGTTC-1_contig_3,True,350,TRB,TRBV13-2,None,TRBJ2-7,None,True,False,CASGVQGWEQYF,TGTGCCAGCGGTGTACAGGGGTGGGAACAGTACTTC,1562,1,None,None
AGGGTGAGTCTCGTTC-1,False,AGGGTGAGTCTCGTTC-1_contig_4,True,542,TRB,None,None,TRBJ1-1,TRBC1,False,False,None,None,4702,3,None,None
AGGGTGAGTGTAAGTA-1,False,AGGGTGAGTGTAAGTA-1_contig_1,False,600,TRB,TRBV12-2+TRBV13-2,None,TRBJ1-2,TRBC1,True,True,CASGGGTGNSDYTF,TGTGCCAGCGGTGGGGGGACAGGGAACTCCGACTACACCTTC,1478,1,None,None
AGGGTGATCAAACAAG-1,False,AGGGTGATCAAACAAG-1_contig_1,False,568,TRB,TRBV12-2+TRBV13-2,None,TRBJ1-2,TRBC1,True,True,CASGGGTGNSDYTF,TGTGCCAGCGGTGGGGGGACAGGGAACTCCGACTACACCTTC,1388,1,None,None
AGGGTGATCGCGGATC-1,False,AGGGTGATCGCGGATC-1_contig_1,False,549,TRB,TRBV16,None,TRBJ2-5,None,True,True,CASSLGGGQDTQYF,TGTGCAAGCAGCTTAGGGGGGGGCCAAGACACCCAGTACTTT,1570,1,None,None
AGGGTGATCGGCATCG-1,False,AGGGTGATCGGCATCG-1_contig_1,False,512,TRB,TRBV13-1,None,TRBJ2-4,None,True,True,CASSEGTNTLYF,TGTGCCAGCAGTGAAGGAACAAACACCTTGTACTTT,712,1,None,None
AGGGTGATCTACTTAC-1,False,AGGGTGATCTACTTAC-1_contig_1,False,412,TRA,TRAV19,None,TRAJ39,TRAC,True,False,CAAGGNNAGAKLTF,TGCGCAGCAGGTGGGAATAATGCAGGTGCCAAGCTCACATTC,2420,1,None,None
AGGGTGATCTCAAACG-1,False,AGGGTGATCTCAAACG-1_contig_1,False,521,TRA,TRAV19,None,TRAJ39,TRAC,True,True,CAAGGNNAGAKLTF,TGCGCAGCAGGTGGGAATAATGCAGGTGCCAAGCTCACATTC,1532,1,None,None
AGGGTGATCTCGCATC-1,False,AGGGTGATCTCGCATC-1_contig_1,False,517,TRB,TRBV12-2+TRBV13-2,None,TRBJ2-1,None,True,False,CASGTGDYAEQFF,TGTGCCAGCGGGACTGGGGACTATGCTGAGCAGTTCTTC,1876,1,None,None
AGGGTGATCTTGCCGT-1,False,AGGGTGATCTTGCCGT-1_contig_1,False,560,TRB,TRBV12-2+TRBV13-2,None,TRBJ2-7,None,True,True,CASGVQGEQYF,TGTGCCAGCGGTGTTCAGGGAGAACAGTACTTC,956,1,None,None
AGGTCATAGACTTGAA-1,False,AGGTCATAGACTTGAA-1_contig_1,False,565,TRB,TRBV12-2+TRBV13-2,None,TRBJ1-2,TRBC1,True,True,CASGGGTGNSDYTF,TGTGCCAGCGGTGGGGGGACAGGGAACTCCGACTACACCTTC,1798,1,None,None
AGGTCATAGATATACG-1,False,AGGTCATAGATATACG-1_contig_1,False,334,TRB,TRBV31,None,TRBJ2-4,None,True,False,CAWDNQNTLYF,TGTGCCTGGGACAATCAAAACACCTTGTACTTT,512,1,None,None
AGGTCATAGCAGGTCA-1,False,AGGTCATAGCAGGTCA-1_contig_1,False,560,TRB,TRBV12-2+TRBV13-2,None,TRBJ1-2,TRBC1,True,True,CASGGGTGNSDYTF,TGTGCCAGCGGTGGGGGGACAGGGAACTCCGACTACACCTTC,932,1,None,None
AGGTCATAGGTGTTAA-1,False,AGGTCATAGGTGTTAA-1_contig_1,False,634,TRB,None,None,TRBJ2-5,None,False,False,None,None,956,1,None,None
AGGTCATAGTTGAGAT-1,False,AGGTCATAGTTGAGAT-1_contig_1,False,486,TRB,TRBV13-1,None,TRBJ2-1,None,True,False,CASSDNYAEQFF,TGTGCCAGCAGTGACAACTATGCTGAGCAGTTCTTC,978,1,None,None
AGGTCATCATACGCCG-1,False,AGGTCATCATACGCCG-1_contig_1,False,557,TRB,TRBV12-2+TRBV13-2,None,TRBJ2-7,None,True,True,CASGVQGEQYF,TGTGCCAGCGGTGTTCAGGGAGAACAGTACTTC,886,1,None,None
AGGTCATCATGACGGA-1,False,AGGTCATCATGACGGA-1_contig_1,False,566,TRB,TRBV12-2+TRBV13-2,None,TRBJ1-2,TRBC1,True,True,CASGGGTGNSDYTF,TGTGCCAGCGGTGGGGGGACAGGGAACTCCGACTACACCTTC,1214,1,None,None
AGGTCATCATTGGGCC-1,False,AGGTCATCATTGGGCC-1_contig_1,False,333,TRB,None,None,TRBJ2-1,None,False,False,None,None,2414,1,None,None
AGGTCATGTACTCTCC-1,False,AGGTCATGTACTCTCC-1_contig_1,False,549,TRB,TRBV16,None,TRBJ2-5,None,True,True,CASSLGGGQDTQYF,TGTGCAAGCAGCTTAGGGGGGGGCCAAGACACCCAGTACTTT,960,2,None,None
AGGTCATGTACTCTCC-1,False,AGGTCATGTACTCTCC-1_contig_2,False,563,TRB,TRBV12-2+TRBV13-2,None,TRBJ1-2,TRBC1,True,True,CASGGGTGNSDYTF,TGTGCCAGCGGTGGGGGGACAGGGAACTCCGACTACACCTTC,642,1,None,None
AGGTCATGTGCCTGTG-1,False,AGGTCATGTGCCTGTG-1_contig_1,False,568,TRA,TRAV4D-3,None,TRAJ27,TRAC,True,True,CAADGPNTGKLTF,TGTGCTGCGGACGGACCCAATACAGGCAAATTAACCTTT,740,1,None,None
AGGTCATGTGCCTGTG-1,False,AGGTCATGTGCCTGTG-1_contig_2,False,529,TRB,TRBV13-2,None,TRBJ1-5,TRBC1,True,False,CASGTGDNQAPLF,TGTGCCAGCGGGACAGGGGACAACCAGGCTCCGCTTTTT,2084,1,None,None
AGGTCATGTGCTGTAT-1,False,AGGTCATGTGCTGTAT-1_contig_1,False,561,TRB,TRBV12-2+TRBV13-2,None,TRBJ2-5,None,True,True,CASGVQGDTQYF,TGTGCCAGCGGTGTTCAGGGGGACACCCAGTACTTT,1562,1,None,None
AGGTCATGTGCTGTAT-1,False,AGGTCATGTGCTGTAT-1_contig_2,False,459,TRA,TRAV3-3,None,TRAJ31,None,True,True,CAVSAGNNRIFF,TGCGCAGTCAGTGCAGGCAATAACAGAATCTTCTTT,452,1,None,None
AGGTCATGTGCTGTAT-1,False,AGGTCATGTGCTGTAT-1_contig_3,True,344,TRB,None,None,TRBJ2-1,None,False,False,None,None,2274,1,None,None
AGGTCATGTTCAGTAC-1,False,AGGTCATGTTCAGTAC-1_contig_1,False,531,TRB,TRBV31,None,TRBJ2-3,None,True,True,CAWSLLLGGSAETLYF,TGTGCCTGGAGTCTACTCCTGGGGGGAAGTGCAGAAACGCTGTATTTT,868,1,None,None
AGGTCATGTTTAGGAA-1,False,AGGTCATGTTTAGGAA-1_contig_1,False,560,TRA,TRAV3-3,None,TRAJ31,TRAC,True,True,CAVSAGNNRIFF,TGCGCAGTCAGTGCAGGCAATAACAGAATCTTCTTT,1978,1,None,None
AGGTCATGTTTAGGAA-1,False,AGGTCATGTTTAGGAA-1_contig_2,False,491,TRA,TRAV21-DV12,None,TRAJ48,TRAC,True,False,None,None,2750,1,None,None
AGGTCATTCAAGGCTT-1,False,AGGTCATTCAAGGCTT-1_contig_1,False,530,TRB,TRBV12-2+TRBV13-2,None,TRBJ1-2,TRBC1,True,True,CASGGGTGNSDYTF,TGTGCCAGCGGTGGGGGGACAGGGAACTCCGACTACACCTTC,376,2,None,None
AGGTCATTCAGGCAAG-1,False,AGGTCATTCAGGCAAG-1_contig_1,False,370,TRB,None,None,TRBJ1-3,TRBC1,False,False,None,None,2476,1,None,None
AGGTCATTCCTTAATC-1,False,AGGTCATTCCTTAATC-1_contig_1,False,527,TRB,TRBV15,None,TRBJ1-3,TRBC1,True,True,CASSLNRGSSGNTLYF,TGTGCCAGCAGTTTAAACAGGGGGAGTTCTGGAAATACGCTCTATTTT,1380,1,None,None
AGGTCATTCTGTTTGT-1,False,AGGTCATTCTGTTTGT-1_contig_1,False,589,TRB,TRBV12-1,None,TRBJ1-5,TRBC1,True,True,CASSDSYNNQAPLF,TGTGCCAGCTCAGACAGTTATAACAACCAGGCTCCGCTTTTT,1930,1,None,None
AGGTCCGAGTAGCCGA-1,False,AGGTCCGAGTAGCCGA-1_contig_1,False,582,TRB,TRBV12-2+TRBV13-2,None,TRBJ1-2,TRBC1,True,True,CASGGGTGNSDYTF,TGTGCCAGCGGTGGGGGGACAGGGAACTCCGACTACACCTTC,1092,1,None,None
AGGTCCGAGTAGGCCA-1,False,AGGTCCGAGTAGGCCA-1_contig_1,False,568,TRA,TRAV4D-3,None,TRAJ27,TRAC,True,True,CAADGPNTGKLTF,TGTGCTGCGGACGGACCCAATACAGGCAAATTAACCTTT,1616,1,None,None
AGGTCCGAGTGCGTGA-1,False,AGGTCCGAGTGCGTGA-1_contig_1,False,552,TRB,TRBV12-2+TRBV13-2,None,TRBJ1-4,TRBC1,True,True,CASGDAPERLFF,TGTGCCAGCGGTGATGCTCCCGAAAGATTATTTTTC,1514,1,None,None
AGGTCCGAGTGGACGT-1,False,AGGTCCGAGTGGACGT-1_contig_1,False,308,TRB,None,None,TRBJ1-4,TRBC1,False,False,None,None,2026,1,None,None
AGGTCCGAGTGGACGT-1,False,AGGTCCGAGTGGACGT-1_contig_2,False,353,TRB,None,None,TRBJ2-7,None,False,False,None,None,2900,1,None,None
AGGTCCGCAATGAATG-1,False,AGGTCCGCAATGAATG-1_contig_1,False,530,TRA,TRAV16,None,TRAJ57,TRAC,True,True,CAMREPQGGSAKLIF,TGTGCTATGAGAGAGCCTCAAGGAGGGTCTGCGAAGCTCATCTTT,1512,1,None,None
AGGTCCGCATAGGATA-1,False,AGGTCCGCATAGGATA-1_contig_1,False,305,TRB,None,None,TRBJ1-3,TRBC1,False,False,None,None,3360,1,None,None
AGGTCCGGTAGCGTGA-1,False,AGGTCCGGTAGCGTGA-1_contig_1,False,564,TRB,TRBV12-2+TRBV13-2,None,TRBJ2-7,None,True,True,CASGVQGWEQYF,TGTGCCAGCGGTGTACAGGGGTGGGAACAGTACTTC,1218,2,None,None
AGGTCCGGTCAACATC-1,False,AGGTCCGGTCAACATC-1_contig_1,False,593,TRA,TRAV19,None,TRAJ39,TRAC,True,True,CAAGGNNAGAKLTF,TGCGCAGCAGGTGGGAATAATGCAGGTGCCAAGCTCACATTC,1768,1,None,None
AGGTCCGGTCAGAATA-1,False,AGGTCCGGTCAGAATA-1_contig_1,False,565,TRA,TRAV15D-1-DV6D-1,None,TRAJ40,TRAC,True,True,CALWERPNTGNYKYVF,TGTGCTCTCTGGGAGCGCCCAAATACAGGAAACTACAAATACGTCTTT,2180,1,None,None
AGGTCCGGTCTAAAGA-1,False,AGGTCCGGTCTAAAGA-1_contig_1,False,514,TRA,TRAV3D-3,None,TRAJ28,TRAC,True,False,CTSAQSVRGTGSNRLTF,TGTACTTCTGCGCAGTCAGTGAGGGGCACTGGGAGTAACAGGCTCACTTTT,416,1,None,None
AGGTCCGGTTATCCGA-1,False,AGGTCCGGTTATCCGA-1_contig_1,False,567,TRA,TRAV3-3,None,TRAJ37,TRAC,True,False,None,None,1812,1,None,None
AGGTCCGTCAACCAAC-1,False,AGGTCCGTCAACCAAC-1_contig_1,False,540,TRA,TRAV8-1,None,TRAJ30,TRAC,True,True,CATDTNAYKVIF,TGTGCTACTGACACAAATGCTTACAAAGTCATCTTT,1352,1,None,None
AGGTCCGTCAGCTTAG-1,False,AGGTCCGTCAGCTTAG-1_contig_1,False,474,TRB,TRBV13-1,None,TRBJ2-2,None,True,False,CASSDPGQLYF,TGTGCCAGCAGTGACCCCGGGCAGCTCTACTTT,2104,1,None,None
AGGTCCGTCCCAAGTA-1,False,AGGTCCGTCCCAAGTA-1_contig_1,False,565,TRB,TRBV12-2+TRBV13-2,None,TRBJ1-5,TRBC1,True,True,CASGTGDNQAPLF,TGTGCCAGCGGGACAGGGGACAACCAGGCTCCGCTTTTT,1640,1,None,None
AGGTCCGTCGAGAGCA-1,False,AGGTCCGTCGAGAGCA-1_contig_1,False,549,TRB,TRBV12-2+TRBV13-2,None,TRBJ1-2,TRBC1,True,True,CASGGGTGNSDYTF,TGTGCCAGCGGTGGGGGGACAGGGAACTCCGACTACACCTTC,1724,1,None,None
AGGTCCGTCGATAGAA-1,False,AGGTCCGTCGATAGAA-1_contig_1,False,397,TRB,None,None,TRBJ1-3,TRBC1,False,False,None,None,2570,1,None,None
AGGTCCGTCTGTTTGT-1,False,AGGTCCGTCTGTTTGT-1_contig_1,False,586,TRB,TRBV12-2+TRBV13-2,None,TRBJ1-2,TRBC1,True,True,CASGGGTGNSDYTF,TGTGCCAGCGGTGGGGGGACAGGGAACTCCGACTACACCTTC,1388,1,None,None
AGTAGTCAGCACACAG-1,False,AGTAGTCAGCACACAG-1_contig_1,False,468,TRB,None,None,TRBJ1-6,TRBC1,False,False,None,None,840,1,None,None
AGTAGTCAGCCAACAG-1,False,AGTAGTCAGCCAACAG-1_contig_1,False,542,TRB,TRBV13-3,None,TRBJ1-2,TRBC1,True,False,CAAGGGADSDYTF,TGTGCCGCCGGGGGGGGGGCGGACTCCGACTACACCTTC,732,1,None,None
AGTAGTCAGGTAAACT-1,False,AGTAGTCAGGTAAACT-1_contig_1,False,581,TRB,TRBV12-2+TRBV13-2,None,TRBJ2-7,None,True,True,CASGTGGDYEQYF,TGTGCCAGCGGGACTGGGGGGGACTATGAACAGTACTTC,508,1,None,None
AGTAGTCAGTTTGCGT-1,False,AGTAGTCAGTTTGCGT-1_contig_1,False,554,TRA,TRAV3D-3,None,TRAJ23,TRAC,True,True,CAVSDNYNQGKLIF,TGCGCAGTCAGTGATAATTATAACCAGGGGAAGCTTATCTTT,2098,1,None,None
AGTAGTCCACGCGAAA-1,False,AGTAGTCCACGCGAAA-1_contig_1,False,540,TRA,TRAV4D-3,None,TRAJ27,TRAC,True,True,CAADGPNTGKLTF,TGTGCTGCTGACGGGCCCAATACAGGCAAATTAACCTTT,1894,1,None,None
AGTAGTCCACTCGACG-1,False,AGTAGTCCACTCGACG-1_contig_1,False,505,TRB,TRBV13-1,None,TRBJ2-3,None,True,True,CASGDSAETLYF,TGTGCCAGCGGGGACAGTGCAGAAACGCTGTATTTT,512,1,None,None
AGTAGTCCACTCGACG-1,False,AGTAGTCCACTCGACG-1_contig_2,False,429,TRB,None,None,TRBJ2-7,None,False,False,None,None,1634,1,None,None
AGTAGTCCACTCTGTC-1,False,AGTAGTCCACTCTGTC-1_contig_1,False,563,TRB,TRBV12-2+TRBV13-2,None,TRBJ1-5,TRBC1,True,True,CASGTGDNQAPLF,TGTGCCAGCGGTACAGGGGACAACCAGGCTCCGCTTTTT,988,1,None,None
AGTAGTCCATTACGAC-1,False,AGTAGTCCATTACGAC-1_contig_1,False,544,TRA,TRAV16,None,TRAJ57,TRAC,True,True,CAMREPQGGSAKLIF,TGTGCTATGAGAGAGCCTCAAGGAGGGTCTGCGAAGCTCATCTTT,1496,1,None,None
AGTAGTCGTAAATACG-1,False,AGTAGTCGTAAATACG-1_contig_1,False,500,TRB,TRBV13-1,None,TRBJ2-7,None,True,True,CASSGPLEQYF,TGTGCCAGCAGTGGGCCCCTGGAACAGTACTTC,798,1,None,None
AGTAGTCGTAAATACG-1,False,AGTAGTCGTAAATACG-1_contig_2,False,307,TRB,None,None,TRBJ2-3,None,False,False,None,None,1534,1,None,None
AGTAGTCGTAAGTGGC-1,False,AGTAGTCGTAAGTGGC-1_contig_1,False,571,TRB,TRBV12-2+TRBV13-2,None,TRBJ1-2,TRBC1,True,True,CASGGGTGNSDYTF,TGTGCCAGCGGTGGGGGGACAGGGAACTCCGACTACACCTTC,998,1,None,None
AGTAGTCGTAAGTGTA-1,False,AGTAGTCGTAAGTGTA-1_contig_1,False,517,TRB,TRBV12-2+TRBV13-2,None,TRBJ1-2,None,True,True,CASGGGTGNSDYTF,TGTGCCAGCGGTGGGGGGACAGGGAACTCCGACTACACCTTC,446,1,None,None
AGTAGTCGTAAGTGTA-1,False,AGTAGTCGTAAGTGTA-1_contig_2,False,512,TRA,TRAV7D-2,None,TRAJ16,TRAC,True,True,CAAPTSSGQKLVF,TGTGCAGCCCCAACTTCAAGTGGCCAGAAGCTGGTTTTT,1532,1,None,None
AGTAGTCGTAGTAGTA-1,False,AGTAGTCGTAGTAGTA-1_contig_1,False,522,TRB,TRBV5,None,TRBJ1-5,TRBC1,True,True,CASSQAGENNQAPLF,TGTGCCAGCAGCCAAGCAGGGGAGAACAACCAGGCTCCGCTTTTT,1090,1,None,None
AGTAGTCGTAGTAGTA-1,False,AGTAGTCGTAGTAGTA-1_contig_2,False,605,TRA,TRAV12D-3,None,TRAJ26,TRAC,True,True,CALSVNYAQGLTF,TGTGCTCTGAGTGTCAACTATGCCCAGGGATTAACCTTC,1614,1,None,None
AGTAGTCGTAGTAGTA-1,False,AGTAGTCGTAGTAGTA-1_contig_3,False,506,TRB,TRBV13-1,None,TRBJ2-1,None,True,True,CASGGGDYAEQFF,TGTGCCAGCGGGGGGGGAGACTATGCTGAGCAGTTCTTC,2050,2,None,None
AGTAGTCGTAGTAGTA-1,False,AGTAGTCGTAGTAGTA-1_contig_4,True,549,TRA,TRAV8D-2,None,TRAJ9,TRAC,True,False,CAPNMGYKLTF,TGTGCTCCAAACATGGGCTACAAACTTACCTTC,2208,2,None,None
AGTAGTCGTATAAACG-1,False,AGTAGTCGTATAAACG-1_contig_1,False,428,TRB,None,None,TRBJ2-3,None,False,False,None,None,1780,1,None,None
AGTAGTCGTATGGTTC-1,False,AGTAGTCGTATGGTTC-1_contig_1,False,507,TRB,TRBV5,None,TRBJ2-2,None,True,True,CASSTGQLYF,TGTGCCAGCAGCACCGGGCAGCTCTACTTT,1806,1,None,None
AGTAGTCGTCAATGTC-1,False,AGTAGTCGTCAATGTC-1_contig_1,False,533,TRA,TRAV4D-3,None,TRAJ27,TRAC,True,True,CAADGPNTGKLTF,TGTGCTGCGGACGGACCCAATACAGGCAAATTAACCTTT,540,1,None,None
AGTAGTCGTCCTGCTT-1,False,AGTAGTCGTCCTGCTT-1_contig_1,False,549,TRB,TRBV16,None,TRBJ2-5,None,True,False,CASSLGGGQDTQYF,TGTGCAAGCAGCTTAGGGGGGGGCCAAGACACCCAGTACTTT,194,1,None,None
AGTAGTCGTGGCAAAC-1,False,AGTAGTCGTGGCAAAC-1_contig_1,False,525,TRB,TRBV17,None,TRBJ2-5,None,True,True,CASSRKGSQDTQYF,TGTGCTAGCAGTAGAAAGGGTTCTCAAGACACCCAGTACTTT,2046,1,None,None
AGTAGTCGTGTTAAGA-1,False,AGTAGTCGTGTTAAGA-1_contig_1,False,554,TRB,TRBV12-2+TRBV13-2,None,TRBJ1-2,TRBC1,True,False,CASGGGTGNSDYTF,TGTGCCAGCGGTGGGGGGACAGGGAACTCCGACTACACCTTC,2140,2,None,None
AGTAGTCTCAGCACAT-1,False,AGTAGTCTCAGCACAT-1_contig_1,False,599,TRA,TRAV3-4,None,TRAJ49,TRAC,True,True,CAVRGGYQNFYF,TGCGCAGTCAGGGGGGGTTACCAGAACTTCTATTTT,1894,1,None,None
AGTAGTCTCCTGCAGG-1,False,AGTAGTCTCCTGCAGG-1_contig_1,False,353,TRB,None,None,TRBJ2-1,None,False,False,None,None,2314,1,None,None
AGTAGTCTCGTATCAG-1,False,AGTAGTCTCGTATCAG-1_contig_1,False,537,TRB,TRBV12-2+TRBV13-2,None,TRBJ2-7,None,True,True,CASGVQGWEQYF,TGTGCCAGCGGTGTACAGGGGTGGGAACAGTACTTC,494,1,None,None
AGTAGTCTCTTGCAAG-1,False,AGTAGTCTCTTGCAAG-1_contig_1,False,508,TRB,TRBV13-1,None,TRBJ2-1,None,True,True,CASGGGDYAEQFF,TGTGCCAGCGGGGGGGGAGACTATGCTGAGCAGTTCTTC,872,1,None,None
AGTCTTTAGCGATAGC-1,False,AGTCTTTAGCGATAGC-1_contig_1,False,612,TRB,None,None,TRBJ2-7,None,False,False,None,None,1210,1,None,None
AGTCTTTAGCTAAACA-1,False,AGTCTTTAGCTAAACA-1_contig_1,False,521,TRA,TRAV19,None,TRAJ39,TRAC,True,True,CAAGGNNAGAKLTF,TGCGCAGCAGGTGGGAATAATGCAGGTGCCAAGCTCACATTC,1906,1,None,None
AGTCTTTAGCTACCGC-1,False,AGTCTTTAGCTACCGC-1_contig_1,False,555,TRB,TRBV12-2+TRBV13-2,None,TRBJ2-4,None,True,True,CASGTGDTLYF,TGTGCCAGCGGTACGGGCGACACCTTGTACTTT,1750,1,None,None
AGTCTTTCACAGGTTT-1,False,AGTCTTTCACAGGTTT-1_contig_1,False,561,TRB,TRBV12-2+TRBV13-2,None,TRBJ1-4,TRBC1,True,True,CASGDAPERLFF,TGTGCCAGCGGTGATGCTCCCGAAAGATTATTTTTC,1756,2,None,None
AGTCTTTCACAGGTTT-1,False,AGTCTTTCACAGGTTT-1_contig_2,True,515,Multi,TRDV1,None,TRAJ43,TRAC,True,False,CGGLNNAPRF,TGTGGAGGCCTCAACAATGCCCCACGATTT,2554,2,None,None
AGTCTTTCACAGGTTT-1,False,AGTCTTTCACAGGTTT-1_contig_3,True,356,TRB,None,None,TRBJ2-1,None,False,False,None,None,3906,2,None,None
AGTCTTTCAGGAACGT-1,False,AGTCTTTCAGGAACGT-1_contig_1,False,573,TRA,TRAV19,None,TRAJ39,TRAC,True,True,CAAGGNNAGAKLTF,TGCGCAGCAGGTGGGAATAATGCAGGTGCCAAGCTCACATTC,5958,5,None,None
AGTCTTTCAGGAACGT-1,False,AGTCTTTCAGGAACGT-1_contig_2,False,638,TRB,TRBV12-2+TRBV13-2,None,TRBJ1-2,TRBC1,True,True,CASGGGTGNSDYTF,TGTGCCAGCGGTGGGGGGACAGGGAACTCCGACTACACCTTC,1968,3,None,None
AGTCTTTGTACTCAAC-1,False,AGTCTTTGTACTCAAC-1_contig_1,False,560,TRA,TRAV3-3,None,TRAJ31,TRAC,True,True,CAVSAGNNRIFF,TGCGCAGTCAGTGCAGGCAATAACAGAATCTTCTTT,1568,1,None,None
AGTCTTTGTCCGCTGA-1,False,AGTCTTTGTCCGCTGA-1_contig_1,False,564,TRB,TRBV12-2+TRBV13-2,None,TRBJ2-7,None,True,True,CASGVQGWEQYF,TGTGCCAGCGGTGTACAGGGGTGGGAACAGTACTTC,1508,1,None,None
AGTCTTTGTTGCTCCT-1,False,AGTCTTTGTTGCTCCT-1_contig_1,False,568,TRB,TRBV12-2+TRBV13-2,None,TRBJ1-2,TRBC1,True,True,CASGGGTGNSDYTF,TGTGCCAGCGGTGGGGGGACAGGGAACTCCGACTACACCTTC,2210,2,None,None
AGTCTTTGTTGGGACA-1,False,AGTCTTTGTTGGGACA-1_contig_1,False,565,TRB,TRBV12-2+TRBV13-2,None,TRBJ1-5,TRBC1,True,True,CASGTGDNQAPLF,TGTGCCAGCGGGACCGGGGACAACCAGGCTCCGCTTTTT,1576,1,None,None
AGTCTTTGTTTGTGTG-1,False,AGTCTTTGTTTGTGTG-1_contig_1,False,505,TRB,TRBV13-1,None,TRBJ2-4,None,True,True,CASSEGTNTLYF,TGTGCCAGCAGTGAAGGAACAAACACCTTGTACTTT,450,1,None,None
AGTCTTTTCAGTACGT-1,False,AGTCTTTTCAGTACGT-1_contig_1,False,563,TRB,TRBV12-2+TRBV13-2,None,TRBJ2-7,None,True,True,CASGTGGDYEQYF,TGTGCCAGCGGGACTGGGGGGGACTATGAACAGTACTTC,1162,1,None,None
AGTCTTTTCCAACCAA-1,False,AGTCTTTTCCAACCAA-1_contig_1,False,548,TRA,TRAV3-3,None,TRAJ31,TRAC,True,False,None,None,1872,1,None,None
AGTCTTTTCGGCGCTA-1,False,AGTCTTTTCGGCGCTA-1_contig_1,True,337,TRA,TRAV19,None,TRAJ39,TRAC,True,False,CAAGGNNAGAKLTF,TGCGCAGCAGGTGGGAATAATGCAGGTGCCAAGCTCACATTC,3002,1,None,None
AGTCTTTTCGGCGCTA-1,False,AGTCTTTTCGGCGCTA-1_contig_2,True,600,TRB,TRBV13-1,None,TRBJ2-7,None,True,False,CASSGGHLEQYF,TGTGCCAGCAGTGGGGGACACCTTGAACAGTACTTC,1164,2,None,None
AGTCTTTTCTGCCAGG-1,False,AGTCTTTTCTGCCAGG-1_contig_1,False,390,TRB,None,None,TRBJ2-7,None,False,False,None,None,1954,1,None,None
AGTGAGGAGAAACCTA-1,False,AGTGAGGAGAAACCTA-1_contig_1,False,543,TRA,TRAV6-6,None,TRAJ39,TRAC,True,True,CALGDWNNAGAKLTF,TGTGCTCTGGGTGATTGGAATAATGCAGGTGCCAAGCTCACATTC,2016,1,None,None
AGTGAGGAGACTGGGT-1,False,AGTGAGGAGACTGGGT-1_contig_1,False,549,TRB,TRBV16,None,TRBJ2-5,None,True,True,CASSFGGGEDTQYF,TGTGCAAGCAGCTTTGGGGGGGGGGAAGACACCCAGTACTTT,1744,1,None,None
AGTGAGGAGAGCTTCT-1,False,AGTGAGGAGAGCTTCT-1_contig_1,False,544,TRA,TRAV16N,None,TRAJ9,TRAC,True,True,CAMRESNMGYKLTF,TGTGCTATGAGAGAGAGCAACATGGGCTACAAACTTACCTTC,2682,1,None,None
AGTGAGGAGAGCTTCT-1,False,AGTGAGGAGAGCTTCT-1_contig_2,False,525,TRB,TRBV17,None,TRBJ2-5,None,True,True,CASSRKGSQDTQYF,TGTGCTAGCAGTAGAAAGGGTTCTCAAGACACCCAGTACTTT,480,1,None,None
AGTGAGGAGAGGTACC-1,False,AGTGAGGAGAGGTACC-1_contig_1,False,566,TRB,TRBV12-2+TRBV13-2,None,TRBJ1-2,TRBC1,True,True,CASGGGTGNSDYTF,TGTGCCAGCGGTGGGGGGACAGGGAACTCCGACTACACCTTC,1614,1,None,None
AGTGAGGAGCATCATC-1,False,AGTGAGGAGCATCATC-1_contig_1,False,575,TRB,TRBV12-2+TRBV13-2,None,TRBJ1-2,TRBC1,True,True,CASGGGTGNSDYTF,TGTGCCAGCGGTGGGGGGACAGGGAACTCCGACTACACCTTC,1266,1,None,None
AGTGAGGAGTACGATA-1,False,AGTGAGGAGTACGATA-1_contig_1,False,566,TRB,TRBV12-2+TRBV13-2,None,TRBJ1-2,TRBC1,True,True,CASGGGTGNSDYTF,TGTGCCAGCGGTGGGGGGACAGGGAACTCCGACTACACCTTC,928,1,None,None
AGTGAGGAGTGGACGT-1,False,AGTGAGGAGTGGACGT-1_contig_1,False,549,TRB,TRBV16,None,TRBJ2-5,None,True,True,CASSLGGGADTQYF,TGTGCAAGCAGCTTAGGGGGGGGCGCGGACACCCAGTACTTT,1564,1,None,None
AGTGAGGCAAGTAATG-1,False,AGTGAGGCAAGTAATG-1_contig_1,False,525,TRA,TRAV7N-6,None,TRAJ30,TRAC,True,True,CAVVDTNAYKVIF,TGTGCAGTGGTTGACACAAATGCTTACAAAGTCATCTTT,1638,1,None,None
AGTGAGGCAGATCTGT-1,False,AGTGAGGCAGATCTGT-1_contig_1,False,535,TRA,TRAV8-1,None,TRAJ30,TRAC,True,True,CASDTNAYKVIF,TGTGCTTCTGACACAAATGCTTACAAAGTCATCTTT,1210,1,None,None
AGTGAGGGTACACCGC-1,False,AGTGAGGGTACACCGC-1_contig_1,False,589,TRB,TRBV12-2+TRBV13-2,None,TRBJ1-2,TRBC1,True,True,CASGGGTGNSDYTF,TGTGCCAGCGGTGGGGGGACAGGGAACTCCGACTACACCTTC,1250,1,None,None
AGTGAGGGTACATCCA-1,False,AGTGAGGGTACATCCA-1_contig_1,False,530,TRB,TRBV13-2,None,TRBJ2-1,None,True,True,CASGTGDYAEQFF,TGTGCCAGCGGTACAGGGGACTATGCTGAGCAGTTCTTC,962,1,None,None
AGTGAGGGTCTACCTC-1,False,AGTGAGGGTCTACCTC-1_contig_1,False,638,TRB,TRBV12-2+TRBV13-2,None,TRBJ1-2,TRBC1,True,True,CASGGGTGNSDYTF,TGTGCCAGCGGTGGGGGGACAGGGAACTCCGACTACACCTTC,1384,1,None,None
AGTGAGGGTGATGTCT-1,False,AGTGAGGGTGATGTCT-1_contig_1,False,568,TRB,TRBV12-2+TRBV13-2,None,TRBJ1-2,TRBC1,True,True,CASGGGTGNSDYTF,TGTGCCAGCGGTGGGGGGACAGGGAACTCCGACTACACCTTC,1672,2,None,None
AGTGAGGTCAAGGCTT-1,False,AGTGAGGTCAAGGCTT-1_contig_1,False,547,TRA,TRAV8D-1,None,TRAJ5,TRAC,True,True,CATDGDTGLGQLTF,TGTGCTACTGATGGGGACACAGGTCTGGGGCAGCTCACTTTC,1722,1,None,None
AGTGAGGTCACTGGGC-1,False,AGTGAGGTCACTGGGC-1_contig_1,False,557,TRA,TRAV14-2,None,TRAJ50,TRAC,True,True,CAATSSSSFSKLVF,TGTGCAGCAACTTCATCCTCCTCCTTCAGCAAGCTGGTGTTT,2056,1,None,None
AGTGAGGTCCACGAAT-1,False,AGTGAGGTCCACGAAT-1_contig_1,False,512,TRB,TRBV13-1,None,TRBJ2-4,None,True,True,CASSEGTNTLYF,TGTGCCAGCAGTGAAGGAACAAACACCTTGTACTTT,1156,1,None,None
AGTGAGGTCCACTGGG-1,False,AGTGAGGTCCACTGGG-1_contig_1,False,525,TRA,TRAV7N-6,None,TRAJ30,TRAC,True,True,CAVVDTNAYKVIF,TGTGCAGTGGTTGACACAAATGCTTACAAAGTCATCTTT,2064,1,None,None
AGTGAGGTCCGTCATC-1,False,AGTGAGGTCCGTCATC-1_contig_1,False,549,TRB,TRBV16,None,TRBJ2-7,None,True,True,CASSFGGGADEQYF,TGTGCAAGCAGCTTTGGTGGGGGGGCGGATGAACAGTACTTC,894,1,None,None
AGTGAGGTCCTCGCAT-1,False,AGTGAGGTCCTCGCAT-1_contig_1,False,558,TRB,TRBV12-2+TRBV13-2,None,TRBJ2-7,None,True,True,CASGDPGHRDF,TGTGCCAGCGGTGATCCGGGACACAGAGACTTC,1384,1,None,None
AGTGAGGTCCTCGCAT-1,False,AGTGAGGTCCTCGCAT-1_contig_2,True,557,TRB,TRBV3,None,TRBJ2-7,None,True,False,CASSFEG,TGTGCCAGCAGCTTTGAAGGG,260,1,None,None
AGTGGGAAGCCAGTTT-1,False,AGTGGGAAGCCAGTTT-1_contig_1,False,582,TRA,TRAV12D-1,None,TRAJ5,TRAC,True,True,CALSDQGVVGQLTF,TGTGCTCTGAGTGATCAAGGGGTTGTGGGGCAGCTCACTTTC,1810,1,None,None
AGTGGGAAGCCAGTTT-1,False,AGTGGGAAGCCAGTTT-1_contig_2,False,510,TRB,None,None,TRBJ1-2,TRBC1,False,False,None,None,2030,1,None,None
AGTGGGAAGGATGGAA-1,False,AGTGGGAAGGATGGAA-1_contig_1,False,652,TRA,TRAV14N-3,None,TRAJ6,TRAC,True,True,CAARTSGGNYKPTF,TGTGCAGCAAGAACCTCAGGAGGAAACTACAAACCTACGTTT,1336,1,None,None
AGTGGGAAGGCATGGT-1,False,AGTGGGAAGGCATGGT-1_contig_1,False,549,TRB,TRBV16,None,TRBJ2-5,None,True,True,CASSLGGYQDTQYF,TGTGCAAGCAGCTTAGGGGGCTACCAAGACACCCAGTACTTT,3178,2,None,None
AGTGGGACAAGGACTG-1,False,AGTGGGACAAGGACTG-1_contig_1,False,602,TRA,TRAV14N-3,None,TRAJ6,TRAC,True,True,CAARTSGGNYKPTF,TGTGCAGCAAGAACCTCAGGAGGAAACTACAAACCTACGTTT,1746,1,None,None
AGTGGGACAAGGACTG-1,False,AGTGGGACAAGGACTG-1_contig_2,False,566,TRB,TRBV12-2+TRBV13-2,None,TRBJ1-2,TRBC1,True,True,CASGGGTGNSDYTF,TGTGCCAGCGGTGGGGGGACAGGGAACTCCGACTACACCTTC,598,1,None,None
AGTGGGACAAGGTTTC-1,False,AGTGGGACAAGGTTTC-1_contig_1,False,574,TRB,TRBV12-2+TRBV13-2,None,TRBJ2-3,None,True,True,CASGDAPPGEGTLYF,TGTGCCAGCGGTGATGCACCTCCAGGGGAGGGAACGCTGTATTTT,1590,1,None,None
AGTGGGACACAGAGGT-1,False,AGTGGGACACAGAGGT-1_contig_1,False,639,TRB,TRBV12-2+TRBV13-2,None,TRBJ1-4,TRBC1,True,True,CASGTGGDERLFF,TGTGCCAGCGGGACAGGGGGCGACGAAAGATTATTTTTC,1452,1,None,None
AGTGGGACATGCCCGA-1,False,AGTGGGACATGCCCGA-1_contig_1,False,544,TRA,TRAV8D-1,None,TRAJ26,TRAC,True,True,CATDDNYAQGLTF,TGTGCTACTGACGATAACTATGCCCAGGGATTAACCTTC,2196,1,None,None
AGTGGGAGTACATGTC-1,False,AGTGGGAGTACATGTC-1_contig_1,False,601,TRA,TRAV14N-3,None,TRAJ6,TRAC,True,True,CAARTSGGNYKPTF,TGTGCAGCAAGAACCTCAGGAGGAAACTACAAACCTACGTTT,1374,1,None,None
AGTGGGAGTATTACCG-1,False,AGTGGGAGTATTACCG-1_contig_1,False,525,TRA,TRAV7N-6,None,TRAJ30,TRAC,True,True,CAVVDTNAYKVIF,TGTGCAGTGGTTGACACAAATGCTTACAAAGTCATCTTT,2036,1,None,None
AGTGGGAGTGACGCCT-1,False,AGTGGGAGTGACGCCT-1_contig_1,False,443,TRA,TRAV14N-3,None,None,None,False,False,CAARTS,TGTGCAGCAAGAACCTCA,2008,1,None,None
AGTGGGAGTGTGTGCC-1,False,AGTGGGAGTGTGTGCC-1_contig_1,False,542,TRA,TRAV8-1,None,TRAJ49,TRAC,True,True,CATADTGYQNFYF,TGTGCTACTGCGGACACGGGTTACCAGAACTTCTATTTT,2574,1,None,None
AGTGGGAGTTCCGTCT-1,False,AGTGGGAGTTCCGTCT-1_contig_1,False,549,TRB,TRBV16,None,TRBJ2-5,None,True,True,CASSLGGGQDTQYF,TGTGCAAGCAGCTTAGGGGGGGGCCAAGACACCCAGTACTTT,1498,1,None,None
AGTGGGATCACTTATC-1,False,AGTGGGATCACTTATC-1_contig_1,False,549,TRB,TRBV16,None,TRBJ2-5,None,True,True,CASSFGGAPDTQYF,TGTGCAAGCAGCTTTGGGGGGGCGCCAGACACCCAGTACTTT,1486,1,None,None
AGTGGGATCATGTCTT-1,False,AGTGGGATCATGTCTT-1_contig_1,False,581,TRB,TRBV13-2,None,TRBJ1-5,TRBC1,True,False,CASGTGDNQAPLF,TGTGCCAGCGGGACAGGGGACAACCAGGCTCCGCTTTTT,176,2,None,None
AGTGGGATCCAGAGGA-1,False,AGTGGGATCCAGAGGA-1_contig_1,False,514,TRA,TRAV7-5,None,TRAJ33,TRAC,True,True,CAVDSNYQLIW,TGTGCAGTGGACAGCAACTATCAGTTGATCTGG,2570,1,None,None
AGTGGGATCCTTCAAT-1,False,AGTGGGATCCTTCAAT-1_contig_1,False,537,TRA,TRAV3D-3,None,TRAJ26,TRAC,True,True,CAVSANNYAQGLTF,TGCGCAGTCAGTGCAAATAACTATGCCCAGGGATTAACCTTC,1446,1,None,None
AGTGGGATCCTTCAAT-1,False,AGTGGGATCCTTCAAT-1_contig_2,False,578,TRA,TRAV4D-3,None,TRAJ27,TRAC,True,True,CAADGPNTGKLTF,TGTGCTGCTGACGGGCCCAATACAGGCAAATTAACCTTT,1790,1,None,None
AGTGGGATCTTGCATT-1,False,AGTGGGATCTTGCATT-1_contig_1,False,525,TRA,TRAV14N-3,None,TRAJ34,TRAC,True,True,CAASAWANTNKVVF,TGTGCAGCAAGTGCATGGGCCAATACCAACAAAGTCGTCTTT,2204,1,None,None
AGTGTCAAGATAGTCA-1,False,AGTGTCAAGATAGTCA-1_contig_1,False,525,TRB,TRBV17,None,TRBJ2-5,None,True,True,CASSRKGIQDTQYF,TGTGCTAGCAGTAGAAAGGGGATCCAAGACACCCAGTACTTT,1264,1,None,None
AGTGTCAAGATATGGT-1,False,AGTGTCAAGATATGGT-1_contig_1,False,333,TRB,None,None,TRBJ2-1,None,False,False,None,None,2088,1,None,None
AGTGTCAAGATGGGTC-1,False,AGTGTCAAGATGGGTC-1_contig_1,False,523,TRA,TRAV14D-3-DV8,None,TRAJ6,TRAC,True,True,CAARTSGGNYKPTF,TGTGCAGCAAGAACCTCAGGAGGAAACTACAAACCTACGTTT,1538,1,None,None
AGTGTCAAGTAGTGCG-1,False,AGTGTCAAGTAGTGCG-1_contig_1,False,566,TRB,TRBV12-2+TRBV13-2,None,TRBJ1-2,TRBC1,True,True,CASGGGSRNSDYTC,TGTGCCAGCGGGGGGGGGTCAAGGAATTCCGACTACACCTGC,438,1,None,None
AGTGTCAGTAACGTTC-1,False,AGTGTCAGTAACGTTC-1_contig_1,False,557,TRB,TRBV12-2+TRBV13-2,None,TRBJ1-3,TRBC1,True,True,CASGDGGTLYF,TGTGCCAGCGGTGATGGGGGGACGCTCTATTTT,1512,1,None,None
AGTGTCAGTAAGTTCC-1,False,AGTGTCAGTAAGTTCC-1_contig_1,False,477,TRB,TRBV13-1,None,TRBJ2-3,None,True,False,CASGDSAETLYF,TGTGCCAGCGGGGACAGTGCAGAAACGCTGTATTTT,1276,1,None,None
AGTGTCAGTACAGACG-1,False,AGTGTCAGTACAGACG-1_contig_1,False,591,TRA,TRAV7-4,None,TRAJ49,TRAC,True,True,CAASPTGYQNFYF,TGTGCAGCTAGTCCCACGGGTTACCAGAACTTCTATTTT,2578,1,None,None
AGTGTCAGTCAGCTAT-1,False,AGTGTCAGTCAGCTAT-1_contig_1,False,557,TRA,TRAV16N,None,TRAJ23,TRAC,True,True,CAMREENYNQGKLIF,TGTGCTATGAGAGAGGAGAATTATAACCAGGGGAAGCTTATCTTT,1686,1,None,None
AGTGTCAGTCTCACCT-1,False,AGTGTCAGTCTCACCT-1_contig_1,False,525,TRA,TRAV7N-6,None,TRAJ30,TRAC,True,True,CAVVDTNAYKVIF,TGTGCAGTGGTTGACACAAATGCTTACAAAGTCATCTTT,1724,2,None,None
AGTGTCAGTCTCACCT-1,False,AGTGTCAGTCTCACCT-1_contig_2,False,564,TRB,TRBV12-2+TRBV13-2,None,TRBJ2-1,None,True,True,CASERGALAEQFF,TGTGCCAGCGAAAGGGGGGCGCTGGCTGAGCAGTTCTTC,1456,1,None,None
AGTGTCAGTTGGTGGA-1,False,AGTGTCAGTTGGTGGA-1_contig_1,False,582,TRB,TRBV12-2+TRBV13-2,None,TRBJ1-2,TRBC1,True,True,CASGGGTGNSDYTF,TGTGCCAGCGGTGGGGGGACAGGGAACTCCGACTACACCTTC,1070,1,None,None
AGTGTCATCAGCTTAG-1,False,AGTGTCATCAGCTTAG-1_contig_1,False,545,TRB,TRBV12-2+TRBV13-2,None,TRBJ2-7,None,True,True,CASGAGGAVEQYF,TGTGCCAGCGGTGCTGGGGGGGCGGTTGAACAGTACTTC,656,1,None,None
AGTGTCATCAGGATCT-1,False,AGTGTCATCAGGATCT-1_contig_1,False,549,TRB,TRBV16,None,TRBJ2-5,None,True,True,CASSFGGAPDTQYF,TGTGCAAGCAGCTTTGGGGGGGCGCCAGACACCCAGTACTTT,766,1,None,None
AGTGTCATCCAACCAA-1,False,AGTGTCATCCAACCAA-1_contig_1,False,560,TRB,TRBV12-2+TRBV13-2,None,TRBJ2-7,None,True,True,CASGVQGWEQYF,TGTGCCAGCGGTGTACAGGGGTGGGAACAGTACTTC,1296,1,None,None
AGTGTCATCCACGTGG-1,False,AGTGTCATCCACGTGG-1_contig_1,False,549,TRB,TRBV16,None,TRBJ2-5,None,True,True,CASSFGGAPDTQYF,TGTGCAAGCAGCTTTGGGGGGGCGCCAGACACCCAGTACTTT,1184,1,None,None
AGTGTCATCCACGTGG-1,False,AGTGTCATCCACGTGG-1_contig_2,False,525,TRA,TRAV14N-3,None,TRAJ6,TRAC,True,True,CAARTSGGNYKPTF,TGTGCAGCAAGAACCTCAGGAGGAAACTACAAACCTACGTTT,1850,1,None,None
AGTGTCATCCTCGCAT-1,False,AGTGTCATCCTCGCAT-1_contig_1,False,512,TRB,TRBV13-1,None,TRBJ2-7,None,True,True,CASSGGHLEQYF,TGTGCCAGCAGTGGGGGACACCTTGAACAGTACTTC,1214,1,None,None
AGTGTCATCGCCAAAT-1,False,AGTGTCATCGCCAAAT-1_contig_1,False,652,TRA,TRAV17,None,TRAJ57,TRAC,True,True,CALGNQGGSAKLIF,TGTGCACTGGGGAATCAAGGAGGGTCTGCGAAGCTCATCTTT,2054,1,None,None
AGTGTCATCGTTACGA-1,False,AGTGTCATCGTTACGA-1_contig_1,False,568,TRB,TRBV12-2+TRBV13-2,None,TRBJ1-2,TRBC1,True,True,CASGGGTGNSDYTF,TGTGCCAGCGGTGGGGGGACAGGGAACTCCGACTACACCTTC,1124,1,None,None
AGTTGGTAGAAACCTA-1,False,AGTTGGTAGAAACCTA-1_contig_1,False,555,TRA,TRAV3-3,None,TRAJ49,TRAC,True,True,CAVSGSTGYQNFYF,TGCGCAGTCAGTGGGAGCACGGGTTACCAGAACTTCTATTTT,1776,2,None,None
AGTTGGTAGAATGTGT-1,False,AGTTGGTAGAATGTGT-1_contig_1,False,566,TRB,TRBV12-2+TRBV13-2,None,TRBJ1-2,TRBC1,True,True,CASGGGTGNSDYTF,TGTGCCAGCGGTGGGGGGACAGGGAACTCCGACTACACCTTC,980,1,None,None
AGTTGGTAGACGCTTT-1,False,AGTTGGTAGACGCTTT-1_contig_1,False,413,TRB,None,None,TRBJ1-4,TRBC1,False,False,None,None,2256,1,None,None
AGTTGGTAGAGACTAT-1,False,AGTTGGTAGAGACTAT-1_contig_1,False,555,TRA,TRAV3-3,None,TRAJ49,TRAC,True,True,CAVSGATGYQNFYF,TGCGCAGTCAGTGGGGCCACGGGTTACCAGAACTTCTATTTT,1254,1,None,None
AGTTGGTAGAGGACGG-1,False,AGTTGGTAGAGGACGG-1_contig_1,False,502,TRB,TRBV13-1,None,TRBJ2-7,None,True,True,CASSGPLEQYF,TGTGCCAGCAGTGGGCCCCTGGAACAGTACTTC,1644,1,None,None
AGTTGGTAGATCCCGC-1,False,AGTTGGTAGATCCCGC-1_contig_1,False,426,TRB,None,None,TRBJ2-7,None,False,False,None,None,2302,1,None,None
AGTTGGTCACAGACTT-1,False,AGTTGGTCACAGACTT-1_contig_1,False,505,TRB,TRBV13-1,None,TRBJ2-3,None,True,True,CASGDSAETLYF,TGTGCCAGCGGGGACAGTGCAGAAACGCTGTATTTT,1780,1,None,None
AGTTGGTCATGTTGAC-1,False,AGTTGGTCATGTTGAC-1_contig_1,False,593,TRA,TRAV19,None,TRAJ39,TRAC,True,True,CAAGGNNAGAKLTF,TGCGCAGCAGGTGGGAATAATGCAGGTGCCAAGCTCACATTC,8786,4,None,None
AGTTGGTCATGTTGAC-1,False,AGTTGGTCATGTTGAC-1_contig_2,False,505,TRB,TRBV13-1,None,TRBJ2-4,None,True,True,CASSEGTNTLYF,TGTGCCAGCAGTGAAGGAACAAACACCTTGTACTTT,18372,15,None,None
AGTTGGTCATGTTGAC-1,False,AGTTGGTCATGTTGAC-1_contig_3,False,703,TRA,TRAV9D-2,None,TRAJ26,TRAC,True,True,CVLSRGNNYAQGLTF,TGTGTTCTGAGCAGGGGCAATAACTATGCCCAGGGATTAACCTTC,5356,4,None,None
AGTTGGTCATGTTGAC-1,False,AGTTGGTCATGTTGAC-1_contig_4,True,360,TRB,None,None,TRBJ2-7,None,False,False,None,None,2072,1,None,None
AGTTGGTCATGTTGAC-1,False,AGTTGGTCATGTTGAC-1_contig_5,True,424,TRA,TRAV7-5,None,TRAJ45,None,True,False,CSDTEGADRLTF,TGCAGTGATACAGAAGGTGCAGATAGACTCACCTTT,2990,1,None,None
AGTTGGTCATGTTGAC-1,False,AGTTGGTCATGTTGAC-1_contig_6,True,1019,TRA,TRAV10D,None,TRAJ24,TRAC,True,False,None,None,2144,2,None,None
AGTTGGTGTAAACACA-1,False,AGTTGGTGTAAACACA-1_contig_1,False,509,TRB,TRBV13-1,None,TRBJ2-7,None,True,True,CASSGPLEQYF,TGTGCCAGCAGTGGGCCCCTGGAACAGTACTTC,798,1,None,None
AGTTGGTGTACGACCC-1,False,AGTTGGTGTACGACCC-1_contig_1,False,525,TRA,TRAV7N-6,None,TRAJ30,TRAC,True,True,CAVVDTNAYKVIF,TGTGCAGTGGTTGACACAAATGCTTACAAAGTCATCTTT,1870,1,None,None
AGTTGGTGTACGACCC-1,False,AGTTGGTGTACGACCC-1_contig_2,False,371,TRB,None,None,TRBJ1-1,TRBC1,False,False,None,None,1452,1,None,None
AGTTGGTGTCAACATC-1,False,AGTTGGTGTCAACATC-1_contig_1,False,512,TRB,TRBV13-1,None,TRBJ2-3,None,True,True,CASGDSAETLYF,TGTGCCAGCGGGGACAGTGCAGAAACGCTGTATTTT,772,1,None,None
AGTTGGTGTCAGAATA-1,False,AGTTGGTGTCAGAATA-1_contig_1,False,563,TRA,TRAV3-3,None,TRAJ49,TRAC,True,True,CAVSGATGYQNFYF,TGCGCAGTCAGTGGGGCCACGGGTTACCAGAACTTCTATTTT,1772,1,None,None
AGTTGGTGTCAGGACA-1,False,AGTTGGTGTCAGGACA-1_contig_1,False,564,TRB,TRBV12-2+TRBV13-2,None,TRBJ1-5,TRBC1,True,True,CASGTGDNQAPLF,TGTGCCAGCGGTACAGGGGACAACCAGGCTCCGCTTTTT,762,1,None,None
AGTTGGTGTGTTTGGT-1,False,AGTTGGTGTGTTTGGT-1_contig_1,False,367,TRB,None,None,TRBJ1-2,TRBC1,False,False,None,None,2342,1,None,None
AGTTGGTGTTGGACCC-1,False,AGTTGGTGTTGGACCC-1_contig_1,False,595,TRB,TRBV12-2+TRBV13-2,None,TRBJ1-2,TRBC1,True,True,CASGGGTGNSDYTF,TGTGCCAGCGGTGGGGGGACAGGGAACTCCGACTACACCTTC,1452,1,None,None
AGTTGGTGTTTGGCGC-1,False,AGTTGGTGTTTGGCGC-1_contig_1,False,559,TRB,TRBV12-2+TRBV13-2,None,TRBJ2-7,None,True,True,CASGALWEQYF,TGTGCCAGCGGGGCTCTATGGGAACAGTACTTC,1342,1,None,None
AGTTGGTTCAGCATGT-1,False,AGTTGGTTCAGCATGT-1_contig_1,False,557,TRB,TRBV12-2+TRBV13-2,None,TRBJ2-7,None,True,True,CASGVQGEQYF,TGTGCCAGCGGTGTTCAGGGAGAACAGTACTTC,1388,1,None,None
AGTTGGTTCAGCTCGG-1,False,AGTTGGTTCAGCTCGG-1_contig_1,False,549,TRB,TRBV16,None,TRBJ2-5,None,True,True,CASSWGGGQDTQYF,TGTGCAAGCAGCTGGGGGGGCGGGCAAGACACCCAGTACTTT,1004,1,None,None
AGTTGGTTCGCTGATA-1,False,AGTTGGTTCGCTGATA-1_contig_1,False,560,TRB,TRBV12-2+TRBV13-2,None,TRBJ2-7,None,True,True,CASGVQGGEQYF,TGTGCCAGCGGTGTGCAGGGGGGAGAACAGTACTTC,1072,1,None,None
AGTTGGTTCGCTGATA-1,False,AGTTGGTTCGCTGATA-1_contig_2,False,424,TRA,TRAV7-5,None,TRAJ45,TRAC,True,False,CSDTEGADRLTF,TGCAGTGATACAGAAGGTGCAGATAGACTCACCTTT,934,1,None,None
AGTTGGTTCGGAAACG-1,False,AGTTGGTTCGGAAACG-1_contig_1,False,573,TRB,None,None,TRBJ2-7,None,False,False,None,None,1430,1,None,None
AGTTGGTTCGTTGCCT-1,False,AGTTGGTTCGTTGCCT-1_contig_1,False,558,TRA,TRAV19,None,TRAJ39,TRAC,True,True,CAAGGNNAGAKLTF,TGCGCAGCAGGTGGGAATAATGCAGGTGCCAAGCTCACATTC,1448,1,None,None
AGTTGGTTCGTTGCCT-1,False,AGTTGGTTCGTTGCCT-1_contig_2,False,658,TRB,TRBV12-2+TRBV13-2,None,TRBJ1-4,TRBC1,True,True,CASGDAPERLFF,TGTGCCAGCGGTGATGCTCCCGAAAGATTATTTTTC,1494,1,None,None
AGTTGGTTCTTAGAGC-1,False,AGTTGGTTCTTAGAGC-1_contig_1,False,560,TRA,TRAV4D-3,None,TRAJ27,TRAC,True,True,CAADGPNTGKLTF,TGTGCTGCGGACGGACCCAATACAGGCAAATTAACCTTT,1192,1,None,None
AGTTGGTTCTTCCTTC-1,False,AGTTGGTTCTTCCTTC-1_contig_1,False,599,TRB,TRBV12-2+TRBV13-2,None,TRBJ1-2,TRBC1,True,True,CASGGGTGNSDYTF,TGTGCCAGCGGTGGGGGGACAGGGAACTCCGACTACACCTTC,1126,1,None,None
ATAACGCAGAACAATC-1,False,ATAACGCAGAACAATC-1_contig_1,False,555,TRA,TRAV3-3,None,TRAJ49,TRAC,True,True,CAVSGATGYQNFYF,TGCGCAGTCAGTGGGGCCACGGGTTACCAGAACTTCTATTTT,3120,5,None,None
ATAACGCAGAACAATC-1,False,ATAACGCAGAACAATC-1_contig_2,False,507,TRA,TRAV21-DV12,None,TRAJ42,TRAC,True,True,CILRVHGGSNAKLTF,TGTATCCTGAGAGTCCATGGAGGAAGCAATGCAAAGCTAACCTTC,2664,3,None,None
ATAACGCAGAACAATC-1,False,ATAACGCAGAACAATC-1_contig_3,False,594,TRB,TRBV12-2+TRBV13-2,None,TRBJ2-7,None,True,True,CASGVQGEQYF,TGTGCCAGCGGTGTTCAGGGAGAACAGTACTTC,4794,8,None,None
ATAACGCAGAACAATC-1,False,ATAACGCAGAACAATC-1_contig_4,False,525,TRB,TRBV17,None,TRBJ2-5,None,True,True,CASSRKGVQDTQYF,TGTGCTAGCAGTAGAAAGGGGGTCCAAGACACCCAGTACTTT,21346,38,None,None
ATAACGCAGAACAATC-1,False,ATAACGCAGAACAATC-1_contig_5,False,559,TRA,TRAV4D-3,None,TRAJ27,TRAC,True,True,CAADGPNTGKLTF,TGTGCTGCTGACGGGCCCAATACAGGCAAATTAACCTTT,18530,25,None,None
ATAACGCAGAACAATC-1,False,ATAACGCAGAACAATC-1_contig_6,False,603,TRB,TRBV12-2+TRBV13-2,None,TRBJ1-2,TRBC1,True,True,CASGGGTGNSDYTF,TGTGCCAGCGGTGGGGGGACAGGGAACTCCGACTACACCTTC,11006,18,None,None
ATAACGCAGAACAATC-1,False,ATAACGCAGAACAATC-1_contig_7,False,595,TRA,TRAV7-4,None,TRAJ31,TRAC,True,False,None,None,2900,6,None,None
ATAACGCAGAACAATC-1,False,ATAACGCAGAACAATC-1_contig_8,False,372,TRB,None,None,TRBJ2-3,None,False,False,None,None,5436,7,None,None
ATAACGCAGGATATAC-1,False,ATAACGCAGGATATAC-1_contig_1,False,566,TRA,TRAV3-3,None,TRAJ49,TRAC,True,True,CAVSGATGYQNFYF,TGCGCAGTCAGTGGGGCCACGGGTTACCAGAACTTCTATTTT,1120,1,None,None
ATAACGCAGGCTAGCA-1,False,ATAACGCAGGCTAGCA-1_contig_1,False,521,TRA,TRAV6-6,None,TRAJ24,TRAC,True,True,CAPLTTASLGKLQF,TGTGCTCCGTTGACAACTGCCAGTTTGGGGAAACTGCAGTTT,5910,8,None,None
ATAACGCAGGCTAGCA-1,False,ATAACGCAGGCTAGCA-1_contig_2,False,512,TRB,TRBV13-1,None,TRBJ2-4,None,True,True,CASSEGTNTLYF,TGTGCCAGCAGTGAAGGAACAAACACCTTGTACTTT,16966,25,None,None
ATAACGCAGGCTAGCA-1,False,ATAACGCAGGCTAGCA-1_contig_3,False,540,TRA,TRAV8-1,None,TRAJ30,TRAC,True,True,CASDTNAYKVIF,TGTGCTAGTGACACAAATGCTTACAAAGTCATCTTT,2904,4,None,None
ATAACGCAGGCTAGCA-1,False,ATAACGCAGGCTAGCA-1_contig_4,False,560,TRA,TRAV3-3,None,TRAJ31,TRAC,True,True,CAVSAGNNRIFF,TGCGCAGTCAGTGCAGGCAATAACAGAATCTTCTTT,9222,14,None,None
ATAACGCAGGCTAGCA-1,False,ATAACGCAGGCTAGCA-1_contig_5,False,739,TRA,TRAV9D-2,None,TRAJ26,TRAC,True,True,CVLSRGNNYAQGLTF,TGTGTTCTGAGCAGGGGCAATAACTATGCCCAGGGATTAACCTTC,4782,5,None,None
ATAACGCAGGCTAGCA-1,False,ATAACGCAGGCTAGCA-1_contig_6,False,586,TRB,TRBV12-2+TRBV13-2,None,TRBJ1-5,TRBC1,True,True,CASGTGDNQAPLF,TGTGCCAGCGGGACAGGGGACAACCAGGCTCCGCTTTTT,14250,21,None,None
ATAACGCAGGCTAGCA-1,False,ATAACGCAGGCTAGCA-1_contig_7,False,515,TRB,TRBV13-1,None,TRBJ2-3,None,True,True,CASEGQGAETLYF,TGTGCCAGCGAGGGACAGGGTGCAGAAACGCTGTATTTT,9908,13,None,None
ATAACGCAGGCTAGCA-1,False,ATAACGCAGGCTAGCA-1_contig_8,False,344,TRB,None,None,TRBJ2-7,None,False,False,None,None,8400,10,None,None
ATAACGCAGTACGATA-1,False,ATAACGCAGTACGATA-1_contig_1,False,567,TRA,TRAV3-3,None,TRAJ37,TRAC,True,False,None,None,870,1,None,None
ATAACGCAGTAGGCCA-1,False,ATAACGCAGTAGGCCA-1_contig_1,False,495,TRA,TRAV21-DV12,None,TRAJ42,TRAC,True,True,CILRVHGGSNAKLTF,TGTATCCTGAGAGTCCATGGAGGAAGCAATGCAAAGCTAACCTTC,4636,3,None,None
ATAACGCAGTAGGCCA-1,False,ATAACGCAGTAGGCCA-1_contig_2,False,558,TRB,TRBV12-2+TRBV13-2,None,TRBJ2-7,None,True,True,CASGVQGEQYF,TGTGCCAGCGGTGTTCAGGGAGAACAGTACTTC,986,1,None,None
ATAACGCAGTAGGCCA-1,False,ATAACGCAGTAGGCCA-1_contig_3,True,357,TRB,None,None,TRBJ2-1,None,False,False,None,None,4016,2,None,None
ATAACGCAGTATGACA-1,False,ATAACGCAGTATGACA-1_contig_1,False,505,TRB,TRBV13-1,None,TRBJ2-3,None,True,True,CASGDSAETLYF,TGTGCCAGCGGGGACAGTGCAGAAACGCTGTATTTT,1702,1,None,None
ATAACGCCAAGGACTG-1,False,ATAACGCCAAGGACTG-1_contig_1,False,602,TRB,TRBV3,None,TRBJ2-2,None,True,True,CASSPQGDTGQLYF,TGTGCCAGCAGCCCTCAGGGGGACACCGGGCAGCTCTACTTT,2290,1,None,None
ATAACGCCATCCAACA-1,False,ATAACGCCATCCAACA-1_contig_1,False,549,TRA,TRAV8N-2,None,TRAJ13,TRAC,True,True,CATEDSGTYQRF,TGTGCTACTGAGGATTCTGGGACTTACCAGAGGTTT,2386,1,None,None
ATAACGCGTCAGAATA-1,False,ATAACGCGTCAGAATA-1_contig_1,False,518,TRB,TRBV26,None,TRBJ2-1,None,True,True,CASSLHKFYAEQFF,TGTGCCAGCAGTCTGCACAAATTCTATGCTGAGCAGTTCTTC,1914,2,None,None
ATAACGCGTCTTCGTC-1,False,ATAACGCGTCTTCGTC-1_contig_1,False,552,TRB,TRBV12-2+TRBV13-2,None,TRBJ1-5,TRBC1,True,False,CASGTGDNQAPLF,TGTGCCAGCGGGACAGGGGACAACCAGGCTCCGCTTTTT,1674,1,None,None
ATAACGCGTTAAAGTG-1,False,ATAACGCGTTAAAGTG-1_contig_1,False,541,TRA,TRAV8D-1,None,TRAJ30,TRAC,True,True,CATDTNAYKVIF,TGTGCTACTGACACAAATGCTTACAAAGTCATCTTT,1892,2,None,None
ATAACGCGTTAAAGTG-1,False,ATAACGCGTTAAAGTG-1_contig_2,False,568,TRB,TRBV12-2+TRBV13-2,None,TRBJ1-5,TRBC1,True,True,CASGTGDNQAPLF,TGTGCCAGCGGGACAGGCGACAACCAGGCTCCGCTTTTT,1984,2,None,None
ATAACGCGTTAAAGTG-1,False,ATAACGCGTTAAAGTG-1_contig_3,True,517,TRB,None,None,TRBJ1-2,TRBC1,False,False,None,None,3368,2,None,None
ATAACGCTCCATGCTC-1,False,ATAACGCTCCATGCTC-1_contig_1,False,576,TRB,TRBV13-2,None,TRBJ1-2,TRBC1,True,True,CASGGGTGNSDYTF,TGTGCCAGCGGTGGGGGGACAGGGAACTCCGACTACACCTTC,1352,1,None,None
ATAACGCTCCTGCAGG-1,False,ATAACGCTCCTGCAGG-1_contig_1,False,564,TRB,TRBV12-2+TRBV13-2,None,TRBJ1-2,TRBC1,True,True,CASGGGTGNSDYTF,TGTGCCAGCGGTGGGGGGACAGGGAACTCCGACTACACCTTC,1560,1,None,None
ATAACGCTCCTTTCTC-1,False,ATAACGCTCCTTTCTC-1_contig_1,False,590,TRB,TRBV12-2+TRBV13-2,None,TRBJ2-7,None,True,True,CASGTGDEQYF,TGTGCCAGCGGGACAGGGGATGAACAGTACTTC,752,1,None,None
ATAACGCTCGCAAGCC-1,False,ATAACGCTCGCAAGCC-1_contig_1,False,560,TRA,TRAV4D-3,None,TRAJ27,TRAC,True,True,CAADGPNTGKLTF,TGTGCTGCGGACGGACCCAATACAGGCAAATTAACCTTT,1412,1,None,None
ATAACGCTCGCCAAAT-1,False,ATAACGCTCGCCAAAT-1_contig_1,False,378,TRB,None,None,TRBJ1-6,TRBC1,False,False,None,None,2428,1,None,None
ATAACGCTCTGCTGTC-1,False,ATAACGCTCTGCTGTC-1_contig_1,False,701,TRB,TRBV12-2+TRBV13-2,None,TRBJ2-7,None,True,True,CASGTGGDYEQYF,TGTGCCAGCGGGACTGGGGGGGACTATGAACAGTACTTC,652,1,None,None
ATAAGAGAGGACATTA-1,False,ATAAGAGAGGACATTA-1_contig_1,False,530,TRB,TRBV13-3,None,TRBJ1-2,TRBC1,True,True,CASGGQANSDYTF,TGTGCCAGCGGGGGACAGGCAAACTCCGACTACACCTTC,1662,1,None,None
ATAAGAGAGTACGATA-1,False,ATAAGAGAGTACGATA-1_contig_1,False,548,TRA,TRAV16D-DV11,None,TRAJ26,TRAC,True,True,CAMREENNYAQGLTF,TGTGCTATGAGAGAGGAAAATAACTATGCCCAGGGATTAACCTTC,798,1,None,None
ATAAGAGAGTGCGTGA-1,False,ATAAGAGAGTGCGTGA-1_contig_1,False,553,TRB,TRBV12-2+TRBV13-2,None,TRBJ2-7,None,True,True,CASGVQGEQYF,TGTGCCAGCGGTGTTCAGGGAGAACAGTACTTC,1692,1,None,None
ATAAGAGAGTGTTTGC-1,False,ATAAGAGAGTGTTTGC-1_contig_1,False,432,TRB,None,None,TRBJ2-1,None,False,False,None,None,1506,1,None,None
ATAAGAGCAATCGGTT-1,False,ATAAGAGCAATCGGTT-1_contig_1,False,567,TRB,TRBV12-2+TRBV13-2,None,TRBJ1-2,TRBC1,True,True,CASGGGTGNSDYTF,TGTGCCAGCGGTGGGGGGACAGGGAACTCCGACTACACCTTC,906,1,None,None
ATAAGAGCAGACAAAT-1,False,ATAAGAGCAGACAAAT-1_contig_1,False,503,TRB,TRBV13-1,None,TRBJ2-3,None,True,True,CASGDSAETLYF,TGTGCCAGCGGGGACAGTGCAGAAACGCTGTATTTT,1614,1,None,None
ATAAGAGCAGACAAGC-1,False,ATAAGAGCAGACAAGC-1_contig_1,False,556,TRA,TRAV19,None,TRAJ39,TRAC,True,True,CAAGGNNAGAKLTF,TGCGCAGCAGGTGGGAATAATGCAGGTGCCAAGCTCACATTC,1794,1,None,None
ATAAGAGCAGACAAGC-1,False,ATAAGAGCAGACAAGC-1_contig_2,False,561,TRB,TRBV3,None,TRBJ2-5,None,True,True,CASSRDWGGQDTQYF,TGTGCCAGCAGCCGGGACTGGGGGGGACAAGACACCCAGTACTTT,1960,1,None,None
ATAAGAGCAGGATCGA-1,False,ATAAGAGCAGGATCGA-1_contig_1,False,575,TRB,TRBV12-2+TRBV13-2,None,TRBJ1-2,TRBC1,True,True,CASGGGTGNSDYTF,TGTGCCAGCGGTGGGGGGACAGGGAACTCCGACTACACCTTC,1424,1,None,None
ATAAGAGGTATAAACG-1,False,ATAAGAGGTATAAACG-1_contig_1,False,592,TRB,TRBV12-2+TRBV13-2,None,TRBJ2-7,None,True,True,CASGTGGDYEQYF,TGTGCCAGCGGGACTGGGGGGGACTATGAACAGTACTTC,1802,1,None,None
ATAAGAGGTATGCTTG-1,False,ATAAGAGGTATGCTTG-1_contig_1,False,567,TRA,TRAV3D-3,None,TRAJ28,TRAC,True,False,CTSAQSVRGTGSNRLTF,TGTACTTCTGCGCAGTCAGTGAGGGGCACTGGGAGTAACAGGCTCACTTTT,1810,1,None,None
ATAAGAGGTCGATTGT-1,False,ATAAGAGGTCGATTGT-1_contig_1,False,508,TRB,TRBV13-1,None,TRBJ2-1,None,True,True,CASGGGDYAEQFF,TGTGCCAGCGGGGGGGGAGACTATGCTGAGCAGTTCTTC,1790,1,None,None
ATAAGAGGTCTAGGTT-1,False,ATAAGAGGTCTAGGTT-1_contig_1,False,372,TRB,None,None,TRBJ2-7,None,False,False,None,None,2322,1,None,None
ATAAGAGGTCTCCATC-1,False,ATAAGAGGTCTCCATC-1_contig_1,False,566,TRA,TRAV3-3,None,TRAJ49,TRAC,True,True,CAVSGSTGYQNFYF,TGCGCAGTCAGTGGGAGCACGGGTTACCAGAACTTCTATTTT,1746,1,None,None
ATAAGAGGTGGCCCTA-1,False,ATAAGAGGTGGCCCTA-1_contig_1,False,529,TRB,TRBV12-2+TRBV13-2,None,TRBJ1-2,TRBC1,True,True,CASGGGTGNSDYTF,TGTGCCAGCGGTGGGGGGACAGGGAACTCCGACTACACCTTC,972,1,None,None
ATAAGAGGTTCGCGAC-1,False,ATAAGAGGTTCGCGAC-1_contig_1,False,538,TRA,TRAV8-1,None,TRAJ30,TRAC,True,True,CATDTNAYKVIF,TGTGCTACCGACACAAATGCTTACAAAGTCATCTTT,11412,7,None,None
ATAAGAGGTTCGCGAC-1,False,ATAAGAGGTTCGCGAC-1_contig_2,False,599,TRB,TRBV12-2+TRBV13-2,None,TRBJ1-5,TRBC1,True,True,CASGTGDNQAPLF,TGTGCCAGCGGGACAGGGGACAACCAGGCTCCGCTTTTT,364,2,None,None
ATAAGAGGTTGGAGGT-1,False,ATAAGAGGTTGGAGGT-1_contig_1,False,559,TRA,TRAV4D-3,None,TRAJ27,TRAC,True,True,CAADGPNTGKLTF,TGTGCTGCTGACGGGCCCAATACAGGCAAATTAACCTTT,1792,1,None,None
ATAAGAGTCGAACTGT-1,False,ATAAGAGTCGAACTGT-1_contig_1,False,505,TRB,TRBV13-1,None,TRBJ2-3,None,True,True,CASGDSAETLYF,TGTGCCAGCGGGGACAGTGCAGAAACGCTGTATTTT,988,1,None,None
ATAAGAGTCGCCAAAT-1,False,ATAAGAGTCGCCAAAT-1_contig_1,False,601,TRB,TRBV13-1,None,TRBJ2-3,None,True,False,CASGDSAETLYF,TGTGCCAGCGGGGACAGTGCAGAAACGCTGTATTTT,880,1,None,None
ATAGACCAGATGAGAG-1,False,ATAGACCAGATGAGAG-1_contig_1,False,566,TRB,TRBV12-2+TRBV13-2,None,TRBJ1-2,TRBC1,True,True,CASGGGTGNSDYTF,TGTGCCAGCGGTGGGGGGACAGGGAACTCCGACTACACCTTC,1312,1,None,None
ATAGACCAGCTAGTTC-1,False,ATAGACCAGCTAGTTC-1_contig_1,False,508,TRB,TRBV5,None,TRBJ2-2,None,True,True,CASSTGQLYF,TGTGCCAGCAGCACCGGGCAGCTCTACTTT,890,1,None,None
ATAGACCAGTACCGGA-1,False,ATAGACCAGTACCGGA-1_contig_1,False,524,TRB,TRBV13-2,None,TRBJ2-7,None,True,True,CASGTGGDYEQYF,TGTGCCAGCGGGACTGGGGGGGATTATGAACAGTACTTC,1042,1,None,None
ATAGACCAGTGCCAGA-1,False,ATAGACCAGTGCCAGA-1_contig_1,False,558,TRB,TRBV12-2+TRBV13-2,None,TRBJ2-7,None,True,True,CASGVQGEQYF,TGTGCCAGCGGTGTTCAGGGAGAACAGTACTTC,992,1,None,None
ATAGACCAGTTTCCTT-1,False,ATAGACCAGTTTCCTT-1_contig_1,False,527,TRB,TRBV13-2,None,TRBJ2-1,None,True,True,CASGTGDYAEQFF,TGTGCCAGCGGGACTGGGGACTATGCTGAGCAGTTCTTC,280,1,None,None
ATAGACCCAAGTAGTA-1,False,ATAGACCCAAGTAGTA-1_contig_1,False,653,TRB,TRBV12-2+TRBV13-2,None,TRBJ1-5,TRBC1,True,True,CASGTGDNQAPLF,TGTGCCAGCGGTACAGGGGACAACCAGGCTCCGCTTTTT,994,1,None,None
ATAGACCCAATGTTGC-1,False,ATAGACCCAATGTTGC-1_contig_1,False,549,TRB,TRBV16,None,TRBJ2-5,None,True,True,CASSLGGGQDTQYF,TGTGCAAGCAGCTTAGGGGGGGGCCAAGACACCCAGTACTTT,720,1,None,None
ATAGACCCAGCATACT-1,False,ATAGACCCAGCATACT-1_contig_1,False,558,TRA,TRAV19,None,TRAJ39,TRAC,True,True,CAAGGNNAGAKLTF,TGCGCAGCAGGTGGGAATAATGCAGGTGCCAAGCTCACATTC,406,1,None,None
ATAGACCCATTGGCGC-1,False,ATAGACCCATTGGCGC-1_contig_1,False,638,TRB,TRBV12-2+TRBV13-2,None,TRBJ1-2,TRBC1,True,True,CASGGGTGNSDYTF,TGTGCCAGCGGTGGGGGGACAGGGAACTCCGACTACACCTTC,1046,1,None,None
ATAGACCGTAAGAGGA-1,False,ATAGACCGTAAGAGGA-1_contig_1,False,561,TRB,TRBV31,None,TRBJ2-4,None,True,True,CAWDNQNTLYF,TGTGCCTGGGACAATCAAAACACCTTGTACTTT,736,1,None,None
ATAGACCGTCGCGTGT-1,False,ATAGACCGTCGCGTGT-1_contig_1,False,512,TRA,TRAV12D-3,None,TRAJ5,TRAC,True,True,CALGTQVVGQLTF,TGTGCTCTGGGGACACAGGTTGTGGGGCAGCTCACTTTC,1076,1,None,None
ATAGACCGTCTAGTCA-1,False,ATAGACCGTCTAGTCA-1_contig_1,False,555,TRB,TRBV12-2+TRBV13-2,None,TRBJ2-3,None,True,True,CASGDAPPGEGTLYF,TGTGCCAGCGGTGATGCACCTCCAGGGGAGGGAACGCTGTATTTT,1342,1,None,None
ATAGACCTCCCTAATT-1,False,ATAGACCTCCCTAATT-1_contig_1,False,567,TRB,TRBV12-2+TRBV13-2,None,TRBJ2-1,None,True,True,CASGAGDYAEQFF,TGTGCCAGCGGTGCGGGGGACTATGCTGAGCAGTTCTTC,912,1,None,None
ATAGACCTCTTATCTG-1,False,ATAGACCTCTTATCTG-1_contig_1,False,677,TRB,TRBV12-2+TRBV13-2,None,TRBJ1-2,TRBC1,True,True,CASGGGTGNSDYTF,TGTGCCAGCGGTGGGGGGACAGGGAACTCCGACTACACCTTC,294,1,None,None
ATAGACCTCTTGTATC-1,False,ATAGACCTCTTGTATC-1_contig_1,False,636,TRB,TRBV12-2+TRBV13-2,None,TRBJ1-2,TRBC1,True,True,CASGGGTGNSDYTF,TGTGCCAGCGGTGGGGGGACAGGGAACTCCGACTACACCTTC,1454,1,None,None
ATCACGAAGCAGGTCA-1,False,ATCACGAAGCAGGTCA-1_contig_1,False,556,TRA,TRAV8-1,None,TRAJ30,TRAC,True,True,CATDTNAYKVIF,TGTGCTACTGACACAAATGCTTACAAAGTCATCTTT,2784,3,None,None
ATCACGAAGCAGGTCA-1,False,ATCACGAAGCAGGTCA-1_contig_2,False,558,TRB,TRBV12-2+TRBV13-2,None,TRBJ1-5,TRBC1,True,True,CASGTGDNQAPLF,TGTGCCAGCGGGACAGGGGACAACCAGGCTCCGCTTTTT,1950,3,None,None
ATCACGAAGTGCTGCC-1,False,ATCACGAAGTGCTGCC-1_contig_1,False,558,TRA,TRAV19,None,TRAJ39,TRAC,True,True,CAAGGNNAGAKLTF,TGCGCAGCAGGTGGGAATAATGCAGGTGCCAAGCTCACATTC,1794,2,None,None
ATCACGAAGTGCTGCC-1,False,ATCACGAAGTGCTGCC-1_contig_2,False,497,TRA,TRAV3-3,None,TRAJ49,None,True,True,CAVSGSTGYQNFYF,TGCGCAGTCAGTGGGAGCACGGGTTACCAGAACTTCTATTTT,1150,1,None,None
ATCACGAAGTGCTGCC-1,False,ATCACGAAGTGCTGCC-1_contig_3,False,600,TRB,TRBV12-2+TRBV13-2,None,TRBJ2-7,None,True,True,CASGTGGDYEQYF,TGTGCCAGCGGGACTGGGGGGGACTATGAACAGTACTTC,1490,1,None,None
ATCACGAAGTGGACGT-1,False,ATCACGAAGTGGACGT-1_contig_1,False,517,TRA,TRAV8-1,None,TRAJ30,TRAC,True,True,CATDTNAYKVIF,TGTGCTACTGACACAAATGCTTACAAAGTCATCTTT,722,1,None,None
ATCACGACAGCGATCC-1,False,ATCACGACAGCGATCC-1_contig_1,False,370,TRB,None,None,TRBJ1-3,TRBC1,False,False,None,None,2838,1,None,None
ATCACGACAGGATCGA-1,False,ATCACGACAGGATCGA-1_contig_1,False,624,TRB,TRBV12-2+TRBV13-2,None,TRBJ1-2,TRBC1,True,True,CASGGGTGNSDYTF,TGTGCCAGCGGTGGGGGGACAGGGAACTCCGACTACACCTTC,1152,1,None,None
ATCACGACATATGGTC-1,False,ATCACGACATATGGTC-1_contig_1,True,547,TRA,TRAV14-1,None,TRAJ32,TRAC,True,True,CAASPLGSSGNKLIF,TGTGCAGCAAGTCCTCTTGGGAGCAGTGGCAACAAGCTCATCTTT,1732,1,None,None
ATCACGACATATGGTC-1,False,ATCACGACATATGGTC-1_contig_2,True,354,TRB,None,None,TRBJ2-1,None,False,False,None,None,5416,4,None,None
ATCACGAGTAGCGCAA-1,False,ATCACGAGTAGCGCAA-1_contig_1,False,560,TRB,TRBV12-2+TRBV13-2,None,TRBJ1-2,TRBC1,True,True,CASGGGTGNSDYTF,TGTGCCAGCGGTGGGGGGACAGGGAACTCCGACTACACCTTC,836,1,None,None
ATCACGAGTAGCGTAG-1,False,ATCACGAGTAGCGTAG-1_contig_1,False,558,TRA,TRAV19,None,TRAJ39,TRAC,True,True,CAAGGNNAGAKLTF,TGCGCAGCAGGTGGGAATAATGCAGGTGCCAAGCTCACATTC,1620,1,None,None
ATCACGAGTATAGGTA-1,False,ATCACGAGTATAGGTA-1_contig_1,False,549,TRA,TRAV8N-2,None,TRAJ13,TRAC,True,True,CATEDSGTYQRF,TGTGCTACTGAGGATTCTGGGACTTACCAGAGGTTT,2116,2,None,None
ATCACGAGTATAGGTA-1,False,ATCACGAGTATAGGTA-1_contig_2,False,556,TRB,TRBV12-2+TRBV13-2,None,TRBJ2-7,None,True,True,CASGTGGDYEQYF,TGTGCCAGCGGGACTGGGGGGGACTATGAACAGTACTTC,1358,2,None,None
ATCACGAGTCGGCATC-1,False,ATCACGAGTCGGCATC-1_contig_1,False,566,TRB,TRBV12-2+TRBV13-2,None,TRBJ1-2,TRBC1,True,True,CASGGGTGNSDYTF,TGTGCCAGCGGTGGGGGGACAGGGAACTCCGACTACACCTTC,1548,1,None,None
ATCACGAGTCGGCATC-1,False,ATCACGAGTCGGCATC-1_contig_2,False,552,TRA,TRAV8N-2,None,TRAJ43,TRAC,True,False,CATDANNNNAPRF,TGTGCTACTGATGCCAATAACAACAATGCCCCACGATTT,2042,1,None,None
ATCACGATCAGGCGAA-1,False,ATCACGATCAGGCGAA-1_contig_1,False,579,TRB,TRBV12-2+TRBV13-2,None,TRBJ1-2,TRBC1,True,True,CASGGGTGNSDYTF,TGTGCCAGCGGTGGGGGGACAGGGAACTCCGACTACACCTTC,1130,1,None,None
ATCACGATCCAGTATG-1,False,ATCACGATCCAGTATG-1_contig_1,False,549,TRB,TRBV16,None,TRBJ2-7,None,True,True,CASSFGGGADEQYF,TGTGCAAGCAGCTTTGGTGGGGGGGCGGATGAACAGTACTTC,1316,1,None,None
ATCACGATCCCTCAGT-1,False,ATCACGATCCCTCAGT-1_contig_1,False,507,TRB,TRBV13-1,None,TRBJ1-4,TRBC1,True,True,CASGTGANERLFF,TGTGCCAGCGGGACAGGGGCCAACGAAAGATTATTTTTC,1238,1,None,None
ATCACGATCGGCGCTA-1,False,ATCACGATCGGCGCTA-1_contig_1,False,538,TRA,TRAV6D-5,None,TRAJ38,TRAC,True,False,CTTVFWDNVGDNSKLIW,TGTACTACTGTGTTCTGGGATAATGTTGGTGACAACAGTAAGCTGATTTGG,1066,1,None,None
ATCACGATCTAACTGG-1,False,ATCACGATCTAACTGG-1_contig_1,False,567,TRB,TRBV12-2+TRBV13-2,None,TRBJ1-2,TRBC1,True,True,CASGGGTGNSDYTF,TGTGCCAGCGGTGGGGGGACAGGGAACTCCGACTACACCTTC,1190,1,None,None
ATCACGATCTCATTCA-1,False,ATCACGATCTCATTCA-1_contig_1,False,538,TRA,TRAV8-1,None,TRAJ30,TRAC,True,True,CATDTNAYKVIF,TGTGCTACTGACACAAATGCTTACAAAGTCATCTTT,1732,1,None,None
ATCACGATCTCTTATG-1,False,ATCACGATCTCTTATG-1_contig_1,False,566,TRA,TRAV4D-3,None,TRAJ27,TRAC,True,True,CAADGPNTGKLTF,TGTGCTGCGGACGGACCCAATACAGGCAAATTAACCTTT,2264,1,None,None
ATCATCTAGAGCCTAG-1,False,ATCATCTAGAGCCTAG-1_contig_1,False,509,TRB,TRBV13-1,None,TRBJ2-2,None,True,True,CASSDPGQLYF,TGTGCCAGCAGTGACCCCGGGCAGCTCTACTTT,1584,1,None,None
ATCATCTAGAGTACAT-1,False,ATCATCTAGAGTACAT-1_contig_1,False,572,TRB,TRBV12-2+TRBV13-2,None,TRBJ1-5,TRBC1,True,True,CASGTGDNQAPLF,TGTGCCAGCGGGACAGGGGACAACCAGGCTCCGCTTTTT,1566,1,None,None
ATCATCTAGCACGCCT-1,False,ATCATCTAGCACGCCT-1_contig_1,False,371,TRB,None,None,TRBJ1-2,TRBC1,False,False,None,None,2062,1,None,None
ATCATCTAGGAGTCTG-1,False,ATCATCTAGGAGTCTG-1_contig_1,False,579,TRA,TRAV4D-3,None,TRAJ27,TRAC,True,True,CAADGPNTGKLTF,TGTGCTGCGGACGGACCCAATACAGGCAAATTAACCTTT,1106,1,None,None
ATCATCTAGTGTGAAT-1,False,ATCATCTAGTGTGAAT-1_contig_1,False,603,TRB,TRBV12-2+TRBV13-2,None,TRBJ2-7,None,True,True,CASGVQGWEQYF,TGTGCCAGCGGTGTACAGGGGTGGGAACAGTACTTC,1098,1,None,None
ATCATCTAGTTATCGC-1,False,ATCATCTAGTTATCGC-1_contig_1,False,566,TRB,TRBV12-2+TRBV13-2,None,TRBJ2-7,None,True,True,CASGAGGDYEQYF,TGTGCCAGCGGTGCTGGGGGGGACTATGAACAGTACTTC,1392,1,None,None
ATCATCTCAAGTCATC-1,False,ATCATCTCAAGTCATC-1_contig_1,False,555,TRA,TRAV4D-3,None,TRAJ17,TRAC,True,True,CAAPNSAGNKLTF,TGTGCTGCCCCCAACAGTGCAGGGAACAAGCTAACTTTT,1376,1,None,None
ATCATCTCACATTTCT-1,False,ATCATCTCACATTTCT-1_contig_1,False,508,TRB,TRBV13-1,None,TRBJ1-4,TRBC1,True,True,CASGTGANERLFF,TGTGCCAGCGGGACAGGGGCCAACGAAAGATTATTTTTC,1634,1,None,None
ATCATCTCAGTCGTGC-1,False,ATCATCTCAGTCGTGC-1_contig_1,False,640,TRB,TRBV12-2+TRBV13-2,None,TRBJ1-2,TRBC1,True,True,CASGGGTGNSDYTF,TGTGCCAGCGGTGGGGGGACAGGGAACTCCGACTACACCTTC,954,1,None,None
ATCATCTGTACGCTGC-1,False,ATCATCTGTACGCTGC-1_contig_1,False,562,TRA,TRAV14N-3,None,TRAJ6,TRAC,True,True,CAARTSGGNYKPTF,TGTGCAGCAAGAACCTCAGGAGGAAACTACAAACCTACGTTT,5646,5,None,None
ATCATCTGTACGCTGC-1,False,ATCATCTGTACGCTGC-1_contig_2,False,593,TRA,TRAV14-1,None,TRAJ32,TRAC,True,True,CAASPLGSSGNKLIF,TGTGCAGCAAGTCCTCTTGGGAGCAGTGGCAACAAGCTCATCTTT,5362,3,None,None
ATCATCTGTACGCTGC-1,False,ATCATCTGTACGCTGC-1_contig_3,False,528,TRA,TRAV8-1,None,TRAJ30,TRAC,True,True,CATDTNAYKVIF,TGTGCTACTGACACAAATGCTTACAAAGTCATCTTT,7512,3,None,None
ATCATCTGTACGCTGC-1,False,ATCATCTGTACGCTGC-1_contig_4,False,549,TRA,TRAV8N-2,None,TRAJ13,TRAC,True,True,CATEDSGTYQRF,TGTGCTACTGAGGATTCTGGGACTTACCAGAGGTTT,10290,6,None,None
ATCATCTGTACGCTGC-1,False,ATCATCTGTACGCTGC-1_contig_5,False,563,TRB,TRBV12-2+TRBV13-2,None,TRBJ1-5,TRBC1,True,True,CASGTGDNQAPLF,TGTGCCAGCGGGACAGGGGACAACCAGGCTCCGCTTTTT,4362,4,None,None
ATCATCTGTACGCTGC-1,False,ATCATCTGTACGCTGC-1_contig_6,False,579,TRB,TRBV12-2+TRBV13-2,None,TRBJ2-7,None,True,True,CASGTGGDYEQYF,TGTGCCAGCGGGACTGGGGGGGACTATGAACAGTACTTC,28018,28,None,None
ATCATCTGTACGCTGC-1,False,ATCATCTGTACGCTGC-1_contig_7,False,352,TRB,None,None,TRBJ2-2,None,False,False,None,None,3260,2,None,None
ATCATCTGTCATCGGC-1,False,ATCATCTGTCATCGGC-1_contig_1,False,549,TRB,TRBV16,None,TRBJ2-5,None,True,True,CASSLGGGQDTQYF,TGTGCAAGCAGCTTAGGGGGGGGGCAAGACACCCAGTACTTT,856,1,None,None
ATCATCTGTCATCGGC-1,False,ATCATCTGTCATCGGC-1_contig_2,False,562,TRA,TRAV4D-3,None,TRAJ27,TRAC,True,True,CAADGPNTGKLTF,TGTGCTGCGGACGGACCCAATACAGGCAAATTAACCTTT,894,1,None,None
ATCATCTGTTATGCGT-1,False,ATCATCTGTTATGCGT-1_contig_1,False,541,TRA,TRAV3-3,None,TRAJ45,TRAC,True,True,CAVRNTEGADRLTF,TGCGCAGTCAGGAATACAGAAGGTGCAGATAGACTCACCTTT,412,1,None,None
ATCATCTGTTCGTCTC-1,False,ATCATCTGTTCGTCTC-1_contig_1,False,462,TRB,None,None,TRBJ2-7,None,False,False,None,None,3180,2,None,None
ATCATCTGTTGGTAAA-1,False,ATCATCTGTTGGTAAA-1_contig_1,False,535,TRA,TRAV19,None,TRAJ39,TRAC,True,True,CAAGGNNAGAKLTF,TGCGCAGCAGGTGGGAATAATGCAGGTGCCAAGCTCACATTC,2186,1,None,None
ATCATCTGTTGTCTTT-1,False,ATCATCTGTTGTCTTT-1_contig_1,False,448,TRB,None,None,TRBJ1-6,TRBC1,False,False,None,None,1956,1,None,None
ATCATCTTCTCTTATG-1,False,ATCATCTTCTCTTATG-1_contig_1,False,638,TRA,TRAV19,None,TRAJ39,TRAC,True,False,CAAGGNNAGAKLTF,TGCGCAGCAGGTGGGAATAATGCAGGTGCCAAGCTCACATTC,1296,1,None,None
ATCATGGAGACTCGGA-1,False,ATCATGGAGACTCGGA-1_contig_1,True,457,TRB,None,None,TRBJ2-7,None,False,False,None,None,242,1,None,None
ATCATGGAGACTCGGA-1,False,ATCATGGAGACTCGGA-1_contig_2,True,355,TRB,None,None,TRBJ2-1,None,False,False,None,None,7398,2,None,None
ATCATGGAGACTCGGA-1,False,ATCATGGAGACTCGGA-1_contig_3,True,515,TRB,TRBV12-2+TRBV13-2,None,TRBJ1-5,TRBC1,True,False,CASGTGDNQAPLF,TGTGCCAGCGGGACAGGGGACAACCAGGCTCCGCTTTTT,1668,1,None,None
ATCATGGAGATATGGT-1,False,ATCATGGAGATATGGT-1_contig_1,False,526,TRA,TRAV8D-1,None,TRAJ26,TRAC,True,True,CATDDNYAQGLTF,TGTGCTACTGACGATAACTATGCCCAGGGATTAACCTTC,2296,1,None,None
ATCATGGAGATATGGT-1,False,ATCATGGAGATATGGT-1_contig_2,False,505,TRB,TRBV13-1,None,TRBJ2-3,None,True,True,CASGDSAETLYF,TGTGCCAGCGGGGACAGTGCAGAAACGCTGTATTTT,1752,1,None,None
ATCATGGAGCATCATC-1,False,ATCATGGAGCATCATC-1_contig_1,False,560,TRB,TRBV12-2+TRBV13-2,None,TRBJ1-2,TRBC1,True,True,CASGGGTGNSDYTF,TGTGCCAGCGGTGGGGGGACAGGGAACTCCGACTACACCTTC,1016,1,None,None
ATCATGGAGCGACGTA-1,False,ATCATGGAGCGACGTA-1_contig_1,False,592,TRB,TRBV12-2+TRBV13-2,None,TRBJ2-7,None,True,True,CASGAGGDYEQYF,TGTGCCAGCGGTGCTGGGGGGGACTATGAACAGTACTTC,1086,1,None,None
ATCATGGAGTCTCCTC-1,False,ATCATGGAGTCTCCTC-1_contig_1,False,559,TRB,TRBV12-2+TRBV13-2,None,TRBJ2-7,None,True,True,CASGTGGDYEQYF,TGTGCCAGCGGGACTGGGGGGGACTATGAACAGTACTTC,1472,1,None,None
ATCATGGCAAGAAAGG-1,False,ATCATGGCAAGAAAGG-1_contig_1,False,568,TRB,TRBV12-2+TRBV13-2,None,TRBJ1-2,TRBC1,True,True,CASGGGTGNSDYTF,TGTGCCAGCGGTGGGGGGACAGGGAACTCCGACTACACCTTC,1482,1,None,None
ATCATGGCACAACTGT-1,False,ATCATGGCACAACTGT-1_contig_1,False,509,TRB,TRBV13-1,None,TRBJ2-4,None,True,True,CASSEGTNTLYF,TGTGCCAGCAGTGAAGGAACAAACACCTTGTACTTT,1172,1,None,None
ATCATGGCAGACGCTC-1,False,ATCATGGCAGACGCTC-1_contig_1,False,623,TRB,TRBV13-2,None,TRBJ1-5,None,True,True,CASGTGDNQAPLF,TGTGCCAGCGGTACAGGGGACAACCAGGCTCCGCTTTTT,976,1,None,None
ATCATGGCAGTAACGG-1,False,ATCATGGCAGTAACGG-1_contig_1,False,571,TRB,TRBV12-2+TRBV13-2,None,TRBJ2-3,None,True,True,CASGDAPPGEGTLYF,TGTGCCAGCGGTGATGCACCTCCAGGGGAGGGAACGCTGTATTTT,838,1,None,None
ATCATGGCAGTAACGG-1,False,ATCATGGCAGTAACGG-1_contig_2,False,549,TRB,TRBV16,None,TRBJ2-5,None,True,True,CASSLGGGQDTQYF,TGTGCAAGCAGCTTAGGGGGGGGCCAAGACACCCAGTACTTT,1776,2,None,None
ATCATGGCAGTAACGG-1,False,ATCATGGCAGTAACGG-1_contig_3,False,597,TRA,TRAV12D-2,None,TRAJ33,TRAC,True,True,CALSEDSNYQLIW,TGTGCTTTGAGTGAGGATAGCAACTATCAGTTGATCTGG,5018,2,None,None
ATCATGGCAGTCTTCC-1,False,ATCATGGCAGTCTTCC-1_contig_1,False,568,TRB,TRBV12-2+TRBV13-2,None,TRBJ1-2,TRBC1,True,True,CASGGGTGNSDYTF,TGTGCCAGCGGTGGGGGGACAGGGAACTCCGACTACACCTTC,1212,1,None,None
ATCATGGCATCGATGT-1,False,ATCATGGCATCGATGT-1_contig_1,False,549,TRB,TRBV16,None,TRBJ2-7,None,True,True,CASSFGGGADEQYF,TGTGCAAGCAGCTTTGGTGGGGGGGCGGATGAACAGTACTTC,1570,1,None,None
ATCATGGGTAAGCACG-1,False,ATCATGGGTAAGCACG-1_contig_1,False,505,TRB,TRBV13-1,None,TRBJ2-3,None,True,True,CASGDSAETLYF,TGTGCCAGCGGGGACAGTGCAGAAACGCTGTATTTT,1358,1,None,None
ATCATGGGTACGACCC-1,False,ATCATGGGTACGACCC-1_contig_1,False,631,TRB,TRBV12-2+TRBV13-2,None,TRBJ1-5,TRBC1,True,True,CASGDPAPLF,TGTGCCAGCGGTGATCCGGCTCCGCTTTTT,1154,1,None,None
ATCATGGGTAGGGACT-1,False,ATCATGGGTAGGGACT-1_contig_1,False,549,TRB,TRBV16,None,TRBJ2-5,None,True,True,CASSLGGGQDTQYF,TGTGCAAGCAGCTTAGGGGGGGGCCAAGACACCCAGTACTTT,1600,1,None,None
ATCATGGGTATTACCG-1,False,ATCATGGGTATTACCG-1_contig_1,False,505,TRB,TRBV13-1,None,TRBJ2-4,None,True,True,CASSEGTNTLYF,TGTGCCAGCAGTGAAGGAACAAACACCTTGTACTTT,2164,1,None,None
ATCATGGGTCAATACC-1,False,ATCATGGGTCAATACC-1_contig_1,False,615,TRB,TRBV12-2+TRBV13-2,None,TRBJ1-2,TRBC1,True,True,CASGGGTGNSDYTF,TGTGCCAGCGGTGGGGGGACAGGGAACTCCGACTACACCTTC,892,1,None,None
ATCATGGGTCTAGCCG-1,False,ATCATGGGTCTAGCCG-1_contig_1,False,494,TRB,TRBV5,None,TRBJ2-2,None,True,True,CASSTGQLYF,TGTGCCAGCAGCACCGGGCAGCTCTACTTT,2450,1,None,None
ATCATGGTCAATCACG-1,False,ATCATGGTCAATCACG-1_contig_1,False,445,TRB,None,None,TRBJ1-2,TRBC1,False,False,None,None,2346,1,None,None
ATCATGGTCAGCTCTC-1,False,ATCATGGTCAGCTCTC-1_contig_1,False,504,TRA,TRAV6-5,None,TRAJ45,TRAC,True,True,CALIHTEGADRLTF,TGTGCTCTGATCCATACAGAAGGTGCAGATAGACTCACCTTT,180,2,None,None
ATCATGGTCAGTGTTG-1,False,ATCATGGTCAGTGTTG-1_contig_1,True,549,TRB,TRBV16,None,TRBJ2-7,None,True,True,CASSLGGGLDEQYF,TGTGCAAGCAGCTTAGGGGGGGGGCTCGATGAACAGTACTTC,6998,7,None,None
ATCATGGTCAGTGTTG-1,False,ATCATGGTCAGTGTTG-1_contig_2,False,537,TRA,TRAV3-3,None,TRAJ49,TRAC,True,True,CAVSGATGYQNFYF,TGCGCAGTCAGTGGGGCCACGGGTTACCAGAACTTCTATTTT,2396,2,None,None
ATCATGGTCAGTGTTG-1,False,ATCATGGTCAGTGTTG-1_contig_3,True,555,TRB,TRBV12-2+TRBV13-2,None,TRBJ1-5,TRBC1,True,False,None,None,1056,1,None,None
ATCATGGTCAGTGTTG-1,False,ATCATGGTCAGTGTTG-1_contig_4,True,554,Multi,TRDV1,None,TRAJ45,TRAC,True,False,CGGTEGADRLTF,TGTGGAGGGACAGAAGGTGCAGATAGACTCACCTTT,9310,6,None,None
ATCATGGTCCGCATAA-1,False,ATCATGGTCCGCATAA-1_contig_1,False,547,TRA,TRAV10N,None,TRAJ7,TRAC,True,True,CAPEPDYSNNRLTL,TGTGCACCGGAACCGGACTACAGCAACAACAGACTTACTTTG,2288,2,None,None
ATCATGGTCTTACCGC-1,False,ATCATGGTCTTACCGC-1_contig_1,False,433,TRA,TRAV9D-2,None,TRAJ26,TRAC,True,False,CVLSRGNNYAQGLTF,TGTGTTCTGAGCAGGGGCAATAACTATGCCCAGGGATTAACCTTC,2456,1,None,None
ATCCACCAGAACAACT-1,False,ATCCACCAGAACAACT-1_contig_1,False,512,TRB,TRBV13-1,None,TRBJ2-4,None,True,True,CASSEGTNTLYF,TGTGCCAGCAGTGAAGGAACAAACACCTTGTACTTT,1598,1,None,None
ATCCACCAGCAGATCG-1,False,ATCCACCAGCAGATCG-1_contig_1,False,505,TRB,TRBV13-1,None,TRBJ2-3,None,True,True,CASGDSAETLYF,TGTGCCAGCGGGGACAGTGCAGAAACGCTGTATTTT,1482,1,None,None
ATCCACCAGCGGCTTC-1,False,ATCCACCAGCGGCTTC-1_contig_1,False,600,TRB,TRBV12-2+TRBV13-2,None,TRBJ2-5,None,True,True,CASGAGMEDTQYF,TGTGCCAGCGGTGCAGGGATGGAAGACACCCAGTACTTT,1504,1,None,None
ATCCACCAGCTCTCGG-1,False,ATCCACCAGCTCTCGG-1_contig_1,False,580,TRB,TRBV13-1,None,TRBJ1-4,TRBC1,True,True,CASGTGANERLFF,TGTGCCAGCGGGACAGGGGCCAACGAAAGATTATTTTTC,954,1,None,None
ATCCACCAGCTGCCCA-1,False,ATCCACCAGCTGCCCA-1_contig_1,False,506,TRB,TRBV5,None,TRBJ2-7,None,True,True,CASSQDWGGAVEQYF,TGTGCCAGCAGCCAAGACTGGGGGGGCGCAGTTGAACAGTACTTC,198,2,None,None
ATCCACCAGCTGCGAA-1,False,ATCCACCAGCTGCGAA-1_contig_1,False,612,TRB,TRBV12-2+TRBV13-2,None,TRBJ1-2,TRBC1,True,True,CASGGGTGNSDYTF,TGTGCCAGCGGTGGGGGGACAGGGAACTCCGACTACACCTTC,1370,1,None,None
ATCCACCAGCTGCGAA-1,False,ATCCACCAGCTGCGAA-1_contig_2,False,517,TRB,TRBV14,None,TRBJ2-7,None,True,True,CASSAGQNYEQYF,TGTGCCAGCAGTGCGGGACAAAACTATGAACAGTACTTC,2832,1,None,None
ATCCACCAGGAGTACC-1,False,ATCCACCAGGAGTACC-1_contig_1,False,549,TRB,TRBV16,None,TRBJ2-5,None,True,True,CASSLGGGQDTQYF,TGTGCAAGCAGCTTAGGGGGGGGCCAAGACACCCAGTACTTT,12470,11,None,None
ATCCACCAGGAGTACC-1,False,ATCCACCAGGAGTACC-1_contig_2,False,518,TRA,TRAV6-6,None,TRAJ24,TRAC,True,True,CAPLTTASLGKLQF,TGTGCTCCGTTGACAACTGCCAGTTTGGGGAAACTGCAGTTT,16742,12,None,None
ATCCACCAGGAGTACC-1,False,ATCCACCAGGAGTACC-1_contig_3,False,512,TRB,TRBV13-1,None,TRBJ2-4,None,True,True,CASSEGTNTLYF,TGTGCCAGCAGTGAAGGAACAAACACCTTGTACTTT,37700,34,None,None
ATCCACCAGGAGTACC-1,False,ATCCACCAGGAGTACC-1_contig_4,False,723,TRA,TRAV9D-2,None,TRAJ26,TRAC,True,True,CVLSRGNNYAQGLTF,TGTGTTCTGAGCAGGGGCAATAACTATGCCCAGGGATTAACCTTC,7638,5,None,None
ATCCACCAGGTGGGTT-1,False,ATCCACCAGGTGGGTT-1_contig_1,False,336,TRB,None,None,TRBJ2-1,None,False,False,None,None,2350,1,None,None
ATCCACCAGTCTCAAC-1,False,ATCCACCAGTCTCAAC-1_contig_1,False,502,TRB,TRBV13-1,None,TRBJ2-2,None,True,True,CASSDPGQLYF,TGTGCCAGCAGTGACCCCGGGCAGCTCTACTTT,566,1,None,None
ATCCACCCACACTGCG-1,False,ATCCACCCACACTGCG-1_contig_1,False,576,TRB,TRBV12-2+TRBV13-2,None,TRBJ1-2,TRBC1,True,True,CASGGGTGNSDYTF,TGTGCCAGCGGTGGGGGGACAGGGAACTCCGACTACACCTTC,794,1,None,None
ATCCACCCACCAGATT-1,False,ATCCACCCACCAGATT-1_contig_1,False,316,TRB,TRBV31,None,TRBJ2-5,None,True,False,None,None,450,1,None,None
ATCCACCCAGTCTTCC-1,False,ATCCACCCAGTCTTCC-1_contig_1,False,519,TRB,TRBV31,None,TRBJ2-5,None,True,True,CAWSSDRFIQDTQYF,TGTGCCTGGAGTTCAGACAGGTTTATCCAAGACACCCAGTACTTT,2082,1,None,None
ATCCACCGTTGGTGGA-1,False,ATCCACCGTTGGTGGA-1_contig_1,False,460,TRB,TRBV12-2+TRBV13-2,None,TRBJ1-5,None,True,False,CASGTGDNQAPLF,TGTGCCAGCGGGACGGGGGACAACCAGGCTCCGCTTTTT,766,1,None,None
ATCCACCTCCCAAGTA-1,False,ATCCACCTCCCAAGTA-1_contig_1,False,505,TRB,TRBV13-1,None,TRBJ2-3,None,True,True,CASGDSAETLYF,TGTGCCAGCGGGGACAGTGCAGAAACGCTGTATTTT,1774,1,None,None
ATCCACCTCCGAAGAG-1,False,ATCCACCTCCGAAGAG-1_contig_1,False,476,TRB,None,None,TRBJ1-2,TRBC1,False,False,None,None,1562,1,None,None
ATCCACCTCGCCATAA-1,False,ATCCACCTCGCCATAA-1_contig_1,False,567,TRB,TRBV12-2+TRBV13-2,None,TRBJ1-2,TRBC1,True,True,CASGGGTGNSDYTF,TGTGCCAGCGGTGGGGGGACAGGGAACTCCGACTACACCTTC,1802,2,None,None
ATCCACCTCTTGTACT-1,False,ATCCACCTCTTGTACT-1_contig_1,False,565,TRB,TRBV12-2+TRBV13-2,None,TRBJ1-2,TRBC1,True,True,CASGGGTGNSDYTF,TGTGCCAGCGGTGGGGGGACAGGGAACTCCGACTACACCTTC,294,1,None,None
ATCCGAAAGAAACCTA-1,False,ATCCGAAAGAAACCTA-1_contig_1,False,563,TRB,TRBV12-2+TRBV13-2,None,TRBJ1-5,TRBC1,True,True,CASGTGDNQAPLF,TGTGCCAGCGGGACAGGGGACAACCAGGCTCCGCTTTTT,988,1,None,None
ATCCGAAAGCATCATC-1,False,ATCCGAAAGCATCATC-1_contig_1,False,563,TRB,TRBV12-2+TRBV13-2,None,TRBJ2-7,None,True,True,CASGTGGDYEQYF,TGTGCCAGCGGGACTGGGGGGGATTATGAACAGTACTTC,2060,3,None,None
ATCCGAAAGTCAAGCG-1,False,ATCCGAAAGTCAAGCG-1_contig_1,False,559,TRB,TRBV12-2+TRBV13-2,None,TRBJ2-7,None,True,True,CASGVQGGEQYF,TGTGCCAGCGGTGTGCAGGGGGGAGAACAGTACTTC,1632,1,None,None
ATCCGAAAGTCAAGGC-1,False,ATCCGAAAGTCAAGGC-1_contig_1,False,554,TRA,TRAV8-1,None,TRAJ30,TRAC,True,True,CATDTNAYKVIF,TGTGCTACTGACACAAATGCTTACAAAGTCATCTTT,2682,1,None,None
ATCCGAAAGTCAAGGC-1,False,ATCCGAAAGTCAAGGC-1_contig_2,False,433,TRB,None,None,TRBJ2-7,None,False,False,None,None,1440,1,None,None
ATCCGAAAGTGGTAGC-1,False,ATCCGAAAGTGGTAGC-1_contig_1,False,549,TRB,TRBV16,None,TRBJ2-5,None,True,True,CASSLGGGQDTQYF,TGTGCAAGCAGCTTAGGGGGGGGCCAAGACACCCAGTACTTT,988,1,None,None
ATCCGAAAGTGGTAGC-1,False,ATCCGAAAGTGGTAGC-1_contig_2,False,520,TRA,TRAV6-6,None,TRAJ39,TRAC,True,True,CALGDWNNAGAKLTF,TGTGCTCTGGGTGATTGGAATAATGCAGGTGCCAAGCTCACATTC,1914,1,None,None
ATCCGAAAGTGTGAAT-1,False,ATCCGAAAGTGTGAAT-1_contig_1,False,549,TRB,TRBV13-2,None,TRBJ1-2,TRBC1,False,False,CASGGGTGNSDYTF,TGTGCCAGCGGTGGGGGGACAGGGAACTCCGACTACACCTTC,1466,1,None,None
ATCCGAACAACACGCC-1,False,ATCCGAACAACACGCC-1_contig_1,False,432,TRB,TRBV16,None,TRBJ2-7,None,False,False,CKQLWW,TGCAAGCAGCTTTGGTGG,472,1,None,None
ATCCGAACACCAACCG-1,False,ATCCGAACACCAACCG-1_contig_1,False,543,TRA,TRAV16D-DV11,None,TRAJ26,TRAC,True,True,CAMREENNYAQGLTF,TGTGCTATGAGAGAGGAAAATAACTATGCCCAGGGATTAACCTTC,1196,1,None,None
ATCCGAACACCATGTA-1,False,ATCCGAACACCATGTA-1_contig_1,False,535,TRA,TRAV19,None,TRAJ39,TRAC,True,True,CAAGGNNAGAKLTF,TGCGCAGCAGGTGGGAATAATGCAGGTGCCAAGCTCACATTC,2256,1,None,None
ATCCGAACACGTAAGG-1,False,ATCCGAACACGTAAGG-1_contig_1,False,631,TRB,None,None,TRBJ2-7,None,False,False,None,None,1206,1,None,None
ATCCGAACACGTGAGA-1,False,ATCCGAACACGTGAGA-1_contig_1,False,558,TRA,TRAV16D-DV11,None,TRAJ26,TRAC,True,True,CAMREENNYAQGLTF,TGTGCTATGAGAGAGGAAAATAACTATGCCCAGGGATTAACCTTC,1962,1,None,None
ATCCGAACATATACCG-1,False,ATCCGAACATATACCG-1_contig_1,False,502,TRB,TRBV13-1,None,TRBJ2-5,None,True,True,CASSDGDDTQYF,TGTGCCAGCAGTGACGGGGACGACACCCAGTACTTT,2014,1,None,None
ATCCGAACATGCCACG-1,False,ATCCGAACATGCCACG-1_contig_1,False,568,TRB,TRBV12-2+TRBV13-2,None,TRBJ1-2,TRBC1,True,True,CASGGGTGNSDYTF,TGTGCCAGCGGTGGGGGGACAGGGAACTCCGACTACACCTTC,1168,1,None,None
ATCCGAAGTAAACCTC-1,False,ATCCGAAGTAAACCTC-1_contig_1,False,579,TRB,TRBV13-2,None,TRBJ1-2,TRBC1,True,True,CASGGGTGNSDYTF,TGTGCCAGCGGTGGGGGGACAGGGAACTCCGACTACACCTTC,1486,1,None,None
ATCCGAAGTAATCGTC-1,False,ATCCGAAGTAATCGTC-1_contig_1,False,505,TRB,TRBV13-1,None,TRBJ2-3,None,True,True,CASGDSAETLYF,TGTGCCAGCGGGGACAGTGCAGAAACGCTGTATTTT,1656,1,None,None
ATCCGAAGTAGGCATG-1,False,ATCCGAAGTAGGCATG-1_contig_1,False,528,TRA,TRAV4-3,None,TRAJ27,TRAC,True,True,CAAANTNTGKLTF,TGTGCTGCTGCTAACACCAATACAGGCAAATTAACCTTT,342,1,None,None
ATCCGAAGTAGGCATG-1,False,ATCCGAAGTAGGCATG-1_contig_2,False,524,TRB,TRBV12-2+TRBV13-2,None,TRBJ1-2,TRBC1,True,False,CASGGGTGNSDYTF,TGTGCCAGCGGTGGGGGGACAGGGAACTCCGACTACACCTTC,1678,1,None,None
ATCCGAAGTCGGCATC-1,False,ATCCGAAGTCGGCATC-1_contig_1,False,544,TRA,TRAV14N-3,None,TRAJ6,TRAC,True,True,CAARTSGGNYKPTF,TGTGCAGCAAGAACCTCAGGAGGAAACTACAAACCTACGTTT,1712,1,None,None
ATCCGAAGTCGGCATC-1,False,ATCCGAAGTCGGCATC-1_contig_2,False,565,TRB,TRBV12-2+TRBV13-2,None,TRBJ2-7,None,True,True,CASGTGGDYEQYF,TGTGCCAGCGGGACTGGGGGGGACTATGAACAGTACTTC,626,1,None,None
ATCCGAAGTGTGCCTG-1,False,ATCCGAAGTGTGCCTG-1_contig_1,False,639,TRA,TRAV9-4,None,TRAJ45,TRAC,True,False,CAVSGGADRLTF,TGTGCTGTGAGCGGAGGTGCAGATAGACTCACCTTT,2528,1,None,None
ATCCGAATCAGAGCTT-1,False,ATCCGAATCAGAGCTT-1_contig_1,False,549,TRB,TRBV16,None,TRBJ2-5,None,True,True,CASSLGGGGDTQYF,TGTGCAAGCAGCTTAGGCGGGGGAGGAGACACCCAGTACTTT,5086,4,None,None
ATCCGAATCAGAGCTT-1,False,ATCCGAATCAGAGCTT-1_contig_2,True,552,TRA,TRAV7D-5,None,TRAJ16,TRAC,True,True,CAVSSPATSSGQKLVF,TGTGCAGTGAGCAGCCCCGCAACTTCAAGTGGCCAGAAGCTGGTTTTT,3566,3,None,None
ATCCGAATCAGAGCTT-1,False,ATCCGAATCAGAGCTT-1_contig_3,True,520,TRA,TRAV5-1,None,TRAJ6,TRAC,True,False,None,None,1914,1,None,None
ATCCGAATCAGAGCTT-1,False,ATCCGAATCAGAGCTT-1_contig_4,True,539,TRA,TRAV6-3,None,TRAJ6,TRAC,True,False,CYESPPSGGNYKPTF,TGCTATGAGAGCCCCCCCTCAGGAGGAAACTACAAACCTACGTTT,4306,3,None,None
ATCCGAATCAGAGCTT-1,False,ATCCGAATCAGAGCTT-1_contig_5,True,603,TRB,TRBV3,None,TRBJ1-2,TRBC1,True,False,None,None,6878,5,None,None
ATCCGAATCCATGCTC-1,False,ATCCGAATCCATGCTC-1_contig_1,False,570,TRB,TRBV12-2+TRBV13-2,None,TRBJ1-2,TRBC1,True,True,CASGGGTGNSDYTF,TGTGCCAGCGGTGGGGGGACAGGGAACTCCGACTACACCTTC,2162,2,None,None
ATCCGAATCCCATTTA-1,False,ATCCGAATCCCATTTA-1_contig_1,False,333,TRB,None,None,TRBJ1-4,TRBC1,False,False,None,None,2290,1,None,None
ATCCGAATCGTGGACC-1,False,ATCCGAATCGTGGACC-1_contig_1,False,515,TRB,TRBV13-1,None,TRBJ1-4,TRBC1,True,True,CASGTGANERLFF,TGTGCCAGCGGGACAGGGGCCAACGAAAGATTATTTTTC,1194,1,None,None
ATCCGAATCTAGCACA-1,False,ATCCGAATCTAGCACA-1_contig_1,True,440,TRB,None,None,TRBJ2-7,None,False,False,None,None,2308,2,None,None
ATCCGAATCTAGCACA-1,False,ATCCGAATCTAGCACA-1_contig_2,True,442,TRB,None,None,TRBJ2-2,None,False,False,None,None,2166,1,None,None
ATCCGAATCTAGCACA-1,False,ATCCGAATCTAGCACA-1_contig_3,True,493,TRA,TRAV4-3,None,TRAJ23,TRAC,True,False,None,None,2864,2,None,None
ATCCGAATCTCAAGTG-1,False,ATCCGAATCTCAAGTG-1_contig_1,False,539,TRB,TRBV13-2,None,TRBJ2-1,None,True,True,CASEAAYAEQFF,TGTGCCAGCGAAGCAGCCTATGCTGAGCAGTTCTTC,1932,1,None,None
ATCCGAATCTCGTATT-1,False,ATCCGAATCTCGTATT-1_contig_1,False,611,TRB,TRBV12-2+TRBV13-2,None,TRBJ1-2,TRBC1,True,True,CASGGGTGNSDYTF,TGTGCCAGCGGTGGGGGGACAGGGAACTCCGACTACACCTTC,1356,1,None,None
ATCGAGTAGAAAGTGG-1,False,ATCGAGTAGAAAGTGG-1_contig_1,False,567,TRB,TRBV12-2+TRBV13-2,None,TRBJ1-2,TRBC1,True,True,CASGGGTGNSDYTF,TGTGCCAGCGGTGGGGGGACAGGGAACTCCGACTACACCTTC,1472,1,None,None
ATCGAGTAGACCACGA-1,False,ATCGAGTAGACCACGA-1_contig_1,False,556,TRA,TRAV4-3,None,TRAJ23,TRAC,True,False,None,None,1682,2,None,None
ATCGAGTAGACGCTTT-1,False,ATCGAGTAGACGCTTT-1_contig_1,False,601,TRB,TRBV13-1,None,TRBJ2-3,None,True,False,CASGDSAETLYF,TGTGCCAGCGGGGACAGTGCAGAAACGCTGTATTTT,726,1,None,None
ATCGAGTAGGAATCGC-1,False,ATCGAGTAGGAATCGC-1_contig_1,False,570,TRA,TRAV14N-3,None,TRAJ6,TRAC,True,True,CAARTSGGNYKPTF,TGTGCAGCAAGAACCTCAGGAGGAAACTACAAACCTACGTTT,8806,10,None,None
ATCGAGTAGGAATCGC-1,False,ATCGAGTAGGAATCGC-1_contig_2,False,561,TRA,TRAV4-3,None,TRAJ32,TRAC,True,True,CAAEPGGSSGNKLIF,TGTGCTGCTGAACCGGGGGGGAGCAGTGGCAACAAGCTCATCTTT,3238,4,None,None
ATCGAGTAGGAATCGC-1,False,ATCGAGTAGGAATCGC-1_contig_3,False,569,TRB,TRBV12-1,None,TRBJ2-7,None,True,True,CASSRNSGTGGVEQYF,TGTGCCAGCTCTCGGAATTCCGGGACTGGGGGGGTTGAACAGTACTTC,4258,4,None,None
ATCGAGTAGGAATCGC-1,False,ATCGAGTAGGAATCGC-1_contig_4,False,549,TRA,TRAV8N-2,None,TRAJ13,TRAC,True,True,CATEDSGTYQRF,TGTGCTACTGAGGATTCTGGGACTTACCAGAGGTTT,21912,26,None,None
ATCGAGTAGGAATCGC-1,False,ATCGAGTAGGAATCGC-1_contig_5,False,555,TRA,TRAV14-2,None,TRAJ31,TRAC,True,True,CAAGGNSNNRIFF,TGTGCAGCAGGAGGGAATAGCAATAACAGAATCTTCTTT,3402,4,None,None
ATCGAGTAGGAATCGC-1,False,ATCGAGTAGGAATCGC-1_contig_6,False,635,TRB,TRBV12-2+TRBV13-2,None,TRBJ1-5,TRBC1,True,True,CASGTGDNQAPLF,TGTGCCAGCGGGACAGGGGACAACCAGGCTCCGCTTTTT,1268,1,None,None
ATCGAGTAGGAATCGC-1,False,ATCGAGTAGGAATCGC-1_contig_7,False,569,TRB,TRBV12-2+TRBV13-2,None,TRBJ2-7,None,True,True,CASGTGGDYEQYF,TGTGCCAGCGGGACTGGGGGGGACTATGAACAGTACTTC,27260,50,None,None
ATCGAGTAGGACAGAA-1,False,ATCGAGTAGGACAGAA-1_contig_1,False,512,TRB,TRBV13-1,None,TRBJ2-3,None,True,True,CASGDSAETLYF,TGTGCCAGCGGGGACAGTGCAGAAACGCTGTATTTT,1588,1,None,None
ATCGAGTAGGACATTA-1,False,ATCGAGTAGGACATTA-1_contig_1,False,565,TRA,TRAV19,None,TRAJ39,TRAC,True,True,CAAGGNNAGAKLTF,TGCGCAGCAGGTGGGAATAATGCAGGTGCCAAGCTCACATTC,2364,1,None,None
ATCGAGTAGGAGCGAG-1,False,ATCGAGTAGGAGCGAG-1_contig_1,False,589,TRB,TRBV12-2+TRBV13-2,None,TRBJ1-4,TRBC1,True,True,CASGDAPERLFF,TGTGCCAGCGGTGATGCTCCCGAAAGATTATTTTTC,1484,1,None,None
ATCGAGTCATACGCTA-1,False,ATCGAGTCATACGCTA-1_contig_1,False,549,TRA,TRAV8N-2,None,TRAJ13,TRAC,True,True,CATEDSGTYQRF,TGTGCTACTGAGGATTCTGGGACTTACCAGAGGTTT,1410,1,None,None
ATCGAGTCATACTCTT-1,False,ATCGAGTCATACTCTT-1_contig_1,False,566,TRB,TRBV12-2+TRBV13-2,None,TRBJ1-5,TRBC1,True,True,CASGTGDNQAPLF,TGTGCCAGCGGAACAGGGGACAACCAGGCTCCGCTTTTT,1590,1,None,None
ATCGAGTCATCTATGG-1,False,ATCGAGTCATCTATGG-1_contig_1,False,558,TRB,TRBV12-2+TRBV13-2,None,TRBJ2-7,None,True,True,CASGVQGWEQYF,TGTGCCAGCGGTGTACAGGGGTGGGAACAGTACTTC,1232,1,None,None
ATCGAGTGTAAGTGTA-1,False,ATCGAGTGTAAGTGTA-1_contig_1,False,506,TRB,TRBV13-1,None,TRBJ1-1,TRBC1,True,True,CASSDPAEVFF,TGTGCCAGCAGTGATCCAGCGGAAGTCTTCTTT,2040,2,None,None
ATCGAGTGTCTCATCC-1,False,ATCGAGTGTCTCATCC-1_contig_1,False,556,TRA,TRAV19,None,TRAJ39,TRAC,True,True,CAAGGNNAGAKLTF,TGCGCAGCAGGTGGGAATAATGCAGGTGCCAAGCTCACATTC,16724,14,None,None
ATCGAGTGTCTCATCC-1,False,ATCGAGTGTCTCATCC-1_contig_2,False,567,TRB,TRBV12-1,None,TRBJ2-7,None,True,True,CASSRNSGTGGVEQYF,TGTGCCAGCTCTCGGAATTCCGGGACTGGGGGGGTTGAACAGTACTTC,15492,11,None,None
ATCGAGTGTCTCATCC-1,False,ATCGAGTGTCTCATCC-1_contig_3,False,625,TRB,TRBV12-2+TRBV13-2,None,TRBJ1-2,TRBC1,True,True,CASGGGTGNSDYTF,TGTGCCAGCGGTGGGGGGACAGGGAACTCCGACTACACCTTC,18440,15,None,None
ATCGAGTGTCTCATCC-1,False,ATCGAGTGTCTCATCC-1_contig_4,True,374,TRB,None,None,TRBJ1-5,TRBC1,False,False,None,None,2578,2,None,None
ATCGAGTGTCTCATCC-1,False,ATCGAGTGTCTCATCC-1_contig_5,True,521,TRA,TRAV7-5,None,TRAJ45,TRAC,True,False,CSDTEGADRLTF,TGCAGTGATACAGAAGGTGCAGATAGACTCACCTTT,3294,2,None,None
ATCGAGTGTGTCAATC-1,False,ATCGAGTGTGTCAATC-1_contig_1,False,512,TRB,TRBV13-1,None,TRBJ2-1,None,True,True,CASSDNYAEQFF,TGTGCCAGCAGTGACAACTATGCTGAGCAGTTCTTC,742,1,None,None
ATCGAGTGTGTCAATC-1,False,ATCGAGTGTGTCAATC-1_contig_2,False,571,TRB,TRBV12-2+TRBV13-2,None,TRBJ1-2,TRBC1,True,True,CASGGGTGNSDYTF,TGTGCCAGCGGTGGGGGGACAGGGAACTCCGACTACACCTTC,1560,1,None,None
ATCGAGTGTGTCCTCT-1,False,ATCGAGTGTGTCCTCT-1_contig_1,False,578,TRB,TRBV12-2+TRBV13-2,None,TRBJ1-5,TRBC1,True,True,CASGTGDNQAPLF,TGTGCCAGCGGGACAGGGGACAACCAGGCTCCGCTTTTT,1324,1,None,None
ATCGAGTGTTAGTGGG-1,False,ATCGAGTGTTAGTGGG-1_contig_1,False,517,TRA,TRAV19,None,TRAJ39,TRAC,True,True,CAAGGNNAGAKLTF,TGCGCAGCAGGTGGGAATAATGCAGGTGCCAAGCTCACATTC,4074,2,None,None
ATCGAGTGTTAGTGGG-1,False,ATCGAGTGTTAGTGGG-1_contig_2,False,588,TRA,TRAV7-4,None,TRAJ33,TRAC,True,True,CAARDSNYQLIW,TGTGCAGCTAGGGATAGCAACTATCAGTTGATCTGG,5304,4,None,None
ATCGAGTGTTAGTGGG-1,False,ATCGAGTGTTAGTGGG-1_contig_3,False,522,TRB,TRBV5,None,TRBJ2-5,None,True,True,CASSQDGVNQDTQYF,TGTGCCAGCAGCCAAGATGGGGTTAACCAAGACACCCAGTACTTT,16400,13,None,None
ATCGAGTTCCGAGCCA-1,False,ATCGAGTTCCGAGCCA-1_contig_1,False,486,TRA,TRAV19,None,TRAJ39,None,True,True,CAAGGNNAGAKLTF,TGCGCAGCAGGTGGGAATAATGCAGGTGCCAAGCTCACATTC,2446,1,None,None
ATCGAGTTCCGAGCCA-1,False,ATCGAGTTCCGAGCCA-1_contig_2,False,569,TRB,TRBV12-2+TRBV13-2,None,TRBJ1-2,TRBC1,True,True,CASGGGTGNSDYTF,TGTGCCAGCGGTGGGGGGACAGGGAACTCCGACTACACCTTC,2468,5,None,None
ATCGAGTTCCGAGCCA-1,False,ATCGAGTTCCGAGCCA-1_contig_3,False,564,TRA,TRAV8-1,None,TRAJ12,TRAC,True,True,CATDGGGYKVVF,TGTGCTACTGATGGTGGAGGCTATAAAGTGGTCTTT,2746,2,None,None
ATCGAGTTCCGAGCCA-1,False,ATCGAGTTCCGAGCCA-1_contig_4,False,566,TRB,TRBV12-2+TRBV13-2,None,TRBJ1-5,TRBC1,True,True,CASGTGDNQAPLF,TGTGCCAGCGGGACCGGGGACAACCAGGCTCCGCTTTTT,3736,4,None,None
ATCGAGTTCCGAGCCA-1,False,ATCGAGTTCCGAGCCA-1_contig_5,True,427,TRB,None,None,TRBJ2-1,None,False,False,None,None,9412,6,None,None
ATCGAGTTCGAACGGA-1,False,ATCGAGTTCGAACGGA-1_contig_1,False,500,TRB,TRBV13-1,None,TRBJ2-7,None,True,True,CASSAPYEQYF,TGTGCCAGCAGTGCACCGTATGAACAGTACTTC,220,2,None,None
ATCGAGTTCTAACTCT-1,False,ATCGAGTTCTAACTCT-1_contig_1,False,549,TRB,TRBV16,None,TRBJ2-5,None,True,True,CASSLGGYQDTQYF,TGTGCAAGCAGCTTAGGGGGCTACCAAGACACCCAGTACTTT,1908,1,None,None
ATCGAGTTCTAACTCT-1,False,ATCGAGTTCTAACTCT-1_contig_2,False,494,TRA,TRAV12-1,None,TRAJ48,TRAC,True,False,CALSDAGDYGNEKITF,TGTGCTCTGAGTGATGCAGGAGACTATGGAAATGAGAAAATAACTTTT,1942,1,None,None
ATCTACTAGAAGAAGC-1,False,ATCTACTAGAAGAAGC-1_contig_1,False,503,TRB,TRBV13-1,None,TRBJ2-3,None,True,True,CASGDSAETLYF,TGTGCCAGCGGGGACAGTGCAGAAACGCTGTATTTT,486,1,None,None
ATCTACTAGACTGGGT-1,False,ATCTACTAGACTGGGT-1_contig_1,False,467,TRA,None,None,TRAJ43,TRAC,False,False,None,None,2068,1,None,None
ATCTACTAGATAGTCA-1,False,ATCTACTAGATAGTCA-1_contig_1,False,549,TRB,TRBV16,None,TRBJ2-7,None,True,True,CASSLGGGGDEQYF,TGTGCAAGCAGCTTAGGTGGGGGGGGCGATGAACAGTACTTC,820,1,None,None
ATCTACTAGATAGTCA-1,False,ATCTACTAGATAGTCA-1_contig_2,False,558,TRA,TRAV19,None,TRAJ39,TRAC,True,True,CAAGGNNAGAKLTF,TGCGCAGCAGGTGGGAATAATGCAGGTGCCAAGCTCACATTC,670,1,None,None
ATCTACTAGATAGTCA-1,False,ATCTACTAGATAGTCA-1_contig_3,False,578,TRB,TRBV12-2+TRBV13-2,None,TRBJ2-7,None,True,True,CASGTGGDYEQYF,TGTGCCAGCGGGACTGGGGGGGACTATGAACAGTACTTC,488,1,None,None
ATCTACTAGCAAATCA-1,False,ATCTACTAGCAAATCA-1_contig_1,False,556,TRA,TRAV19,None,TRAJ39,TRAC,True,True,CAAGGNNAGAKLTF,TGCGCAGCAGGTGGGAATAATGCAGGTGCCAAGCTCACATTC,2002,1,None,None
ATCTACTAGCTAAACA-1,False,ATCTACTAGCTAAACA-1_contig_1,True,566,TRA,TRAV16N,None,TRAJ12,TRAC,True,True,CAMREGGTGGYKVVF,TGTGCTATGAGAGAGGGCGGGACTGGAGGCTATAAAGTGGTCTTT,3312,2,None,None
ATCTACTAGCTAAACA-1,False,ATCTACTAGCTAAACA-1_contig_2,True,368,TRB,None,None,TRBJ2-7,None,False,False,None,None,3034,1,None,None
ATCTACTAGCTAAGAT-1,False,ATCTACTAGCTAAGAT-1_contig_1,False,560,TRB,TRBV12-2+TRBV13-2,None,TRBJ1-2,TRBC1,True,True,CASGGGTGNSDYTF,TGTGCCAGCGGTGGGGGGACAGGGAACTCCGACTACACCTTC,404,2,None,None
ATCTACTAGGCGCTCT-1,False,ATCTACTAGGCGCTCT-1_contig_1,False,568,TRB,TRBV12-2+TRBV13-2,None,TRBJ1-2,TRBC1,True,True,CASGGGTGNSDYTF,TGTGCCAGCGGTGGGGGGACAGGGAACTCCGACTACACCTTC,1896,1,None,None
ATCTACTCAAAGGTGC-1,False,ATCTACTCAAAGGTGC-1_contig_1,False,559,TRA,TRAV4D-3,None,TRAJ27,TRAC,True,True,CAADGPNTGKLTF,TGTGCTGCGGACGGACCCAATACAGGCAAATTAACCTTT,218,1,None,None
ATCTACTCACAGCGTC-1,False,ATCTACTCACAGCGTC-1_contig_1,False,525,TRB,TRBV17,None,TRBJ2-5,None,True,True,CASSRKGSQDTQYF,TGTGCTAGCAGTAGAAAGGGTTCTCAAGACACCCAGTACTTT,822,1,None,None
ATCTACTCACGAAATA-1,False,ATCTACTCACGAAATA-1_contig_1,False,558,TRB,TRBV12-2+TRBV13-2,None,TRBJ2-7,None,True,True,CASGAGGEQYF,TGTGCCAGCGGTGCTGGGGGGGAACAGTACTTC,814,1,None,None
ATCTACTCATTAGGCT-1,False,ATCTACTCATTAGGCT-1_contig_1,False,567,TRB,TRBV12-2+TRBV13-2,None,TRBJ1-2,TRBC1,True,True,CASGGGTGNSDYTF,TGTGCCAGCGGTGGGGGGACAGGGAACTCCGACTACACCTTC,1560,1,None,None
ATCTACTCATTGTGCA-1,False,ATCTACTCATTGTGCA-1_contig_1,False,525,TRB,TRBV17,None,TRBJ2-5,None,True,True,CASSRKGVQDTQYF,TGTGCTAGCAGTAGAAAGGGGGTCCAAGACACCCAGTACTTT,1804,1,None,None
ATCTACTCATTGTGCA-1,False,ATCTACTCATTGTGCA-1_contig_2,False,639,TRB,TRBV12-2+TRBV13-2,None,TRBJ1-2,TRBC1,True,True,CASGGGTGNSDYTF,TGTGCCAGCGGTGGGGGGACAGGGAACTCCGACTACACCTTC,1088,1,None,None
ATCTACTGTACACCGC-1,False,ATCTACTGTACACCGC-1_contig_1,False,561,TRB,TRBV12-2+TRBV13-2,None,TRBJ2-7,None,True,True,CASGVQGWEQYF,TGTGCCAGCGGTGTACAGGGGTGGGAACAGTACTTC,828,1,None,None
ATCTACTGTCATTAGC-1,False,ATCTACTGTCATTAGC-1_contig_1,False,534,TRB,TRBV13-1,None,TRBJ2-3,None,True,False,CASGDSAETLYF,TGTGCCAGCGGGGACAGTGCAGAAACGCTGTATTTT,3078,2,None,None
ATCTACTGTCCGTCAG-1,False,ATCTACTGTCCGTCAG-1_contig_1,False,564,TRB,TRBV12-2+TRBV13-2,None,TRBJ2-5,None,True,True,CASGAGMEDTQYF,TGTGCCAGCGGTGCAGGGATGGAAGACACCCAGTACTTT,1484,1,None,None
ATCTACTGTCTAACGT-1,False,ATCTACTGTCTAACGT-1_contig_1,False,535,TRA,TRAV19,None,TRAJ39,TRAC,True,True,CAAGGNNAGAKLTF,TGCGCAGCAGGTGGGAATAATGCAGGTGCCAAGCTCACATTC,636,1,None,None
ATCTACTGTCTAACGT-1,False,ATCTACTGTCTAACGT-1_contig_2,False,567,TRA,TRAV4D-3,None,TRAJ27,TRAC,True,True,CAADGPNTGKLTF,TGTGCTGCGGACGGACCCAATACAGGCAAATTAACCTTT,1484,1,None,None
ATCTACTGTCTAACGT-1,False,ATCTACTGTCTAACGT-1_contig_3,False,567,TRB,TRBV12-2+TRBV13-2,None,TRBJ1-2,TRBC1,True,True,CASGGGTGNSDYTF,TGTGCCAGCGGTGGGGGGACAGGGAACTCCGACTACACCTTC,3304,3,None,None
ATCTACTGTCTCGTTC-1,False,ATCTACTGTCTCGTTC-1_contig_1,False,569,TRB,TRBV12-2+TRBV13-2,None,TRBJ1-2,TRBC1,True,True,CASGGGTGNSDYTF,TGTGCCAGCGGTGGGGGGACAGGGAACTCCGACTACACCTTC,1184,2,None,None
ATCTACTTCAGAAATG-1,False,ATCTACTTCAGAAATG-1_contig_1,False,516,TRB,TRBV12-2+TRBV13-2,None,TRBJ2-7,None,True,False,CASGTGGDYEQYF,TGTGCCAGCGGGACTGGGGGGGACTATGAACAGTACTTC,948,1,None,None
ATCTACTTCCGAATGT-1,False,ATCTACTTCCGAATGT-1_contig_1,False,546,TRA,TRAV14-2,None,TRAJ49,TRAC,True,True,CAAQGYQNFYF,TGTGCAGCACAGGGTTACCAGAACTTCTATTTT,3138,1,None,None
ATCTACTTCCGAATGT-1,False,ATCTACTTCCGAATGT-1_contig_2,False,609,TRB,None,None,TRBJ2-7,None,False,False,None,None,1214,1,None,None
ATCTACTTCCTGCAGG-1,False,ATCTACTTCCTGCAGG-1_contig_1,False,563,TRB,TRBV12-2+TRBV13-2,None,TRBJ1-5,TRBC1,True,True,CASGTGDNQAPLF,TGTGCCAGCGGTACAGGAGACAACCAGGCTCCGCTTTTT,1482,1,None,None
ATCTACTTCGCCATAA-1,False,ATCTACTTCGCCATAA-1_contig_1,False,461,TRB,TRBV16,None,TRBJ2-5,None,True,True,CASSLGGGQDTQYF,TGTGCAAGCAGCTTAGGGGGGGGCCAAGACACCCAGTACTTT,360,1,None,None
ATCTACTTCTTGTACT-1,False,ATCTACTTCTTGTACT-1_contig_1,False,499,TRB,TRBV12-2+TRBV13-2,None,TRBJ1-2,TRBC1,True,True,CASGGGTGNSDYTF,TGTGCCAGCGGTGGGGGGACAGGGAACTCCGACTACACCTTC,1380,1,None,None
ATCTGCCAGACTAGGC-1,False,ATCTGCCAGACTAGGC-1_contig_1,False,522,TRB,TRBV5,None,TRBJ2-7,None,True,True,CASSQDWGGAVEQYF,TGTGCCAGCAGCCAAGACTGGGGGGGCGCAGTTGAACAGTACTTC,2370,1,None,None
ATCTGCCAGGCAGGTT-1,False,ATCTGCCAGGCAGGTT-1_contig_1,False,565,TRB,TRBV12-2+TRBV13-2,None,TRBJ1-2,TRBC1,True,True,CASGGGTGNSDYTF,TGTGCCAGCGGTGGGGGGACAGGGAACTCCGACTACACCTTC,942,1,None,None
ATCTGCCAGGGAAACA-1,False,ATCTGCCAGGGAAACA-1_contig_1,False,547,TRA,TRAV10,None,TRAJ43,TRAC,True,True,CAAFNNNNAPRF,TGTGCAGCATTCAATAACAACAATGCCCCACGATTT,1660,1,None,None
ATCTGCCAGTGATCGG-1,False,ATCTGCCAGTGATCGG-1_contig_1,False,539,TRB,TRBV12-2+TRBV13-2,None,TRBJ2-1,None,True,True,CASGGYAEQFF,TGTGCCAGCGGGGGCTATGCTGAGCAGTTCTTC,1090,1,None,None
ATCTGCCCACCATGTA-1,False,ATCTGCCCACCATGTA-1_contig_1,False,526,TRA,TRAV7D-5,None,TRAJ16,TRAC,True,True,CAVSSPATSSGQKLVF,TGTGCAGTGAGCAGCCCCGCAACTTCAAGTGGCCAGAAGCTGGTTTTT,2466,2,None,None
ATCTGCCCACCATGTA-1,False,ATCTGCCCACCATGTA-1_contig_10,False,575,TRA,TRAV3D-3,None,TRAJ28,TRAC,True,False,CTSAQSVRGTGSNRLTF,TGTACTTCTGCGCAGTCAGTGAGGGGCACTGGGAGTAACAGGCTCACTTTT,4512,5,None,None
ATCTGCCCACCATGTA-1,False,ATCTGCCCACCATGTA-1_contig_11,False,338,TRB,None,None,TRBJ1-3,TRBC1,False,False,None,None,498,2,None,None
ATCTGCCCACCATGTA-1,False,ATCTGCCCACCATGTA-1_contig_12,False,452,TRB,None,None,TRBJ1-6,TRBC1,False,False,None,None,4058,5,None,None
ATCTGCCCACCATGTA-1,False,ATCTGCCCACCATGTA-1_contig_2,False,540,TRA,TRAV16D-DV11,None,TRAJ26,TRAC,True,True,CAMREENNYAQGLTF,TGTGCTATGAGAGAGGAAAATAACTATGCCCAGGGATTAACCTTC,2924,3,None,None
ATCTGCCCACCATGTA-1,False,ATCTGCCCACCATGTA-1_contig_3,False,558,TRA,TRAV19,None,TRAJ39,TRAC,True,True,CAAGGNNAGAKLTF,TGCGCAGCAGGTGGGAATAATGCAGGTGCCAAGCTCACATTC,7218,9,None,None
ATCTGCCCACCATGTA-1,False,ATCTGCCCACCATGTA-1_contig_4,False,599,TRA,TRAV14N-3,None,TRAJ6,TRAC,True,True,CAARSSGGNYKPTF,TGTGCAGCAAGGTCCTCAGGAGGAAACTACAAACCTACGTTT,3450,5,None,None
ATCTGCCCACCATGTA-1,False,ATCTGCCCACCATGTA-1_contig_5,False,572,TRB,TRBV12-2,None,TRBJ1-2,TRBC1,True,True,CASSLSTGGVNSDYTF,TGTGCCAGCTCTCTATCGACAGGGGGCGTGAACTCCGACTACACCTTC,3460,4,None,None
ATCTGCCCACCATGTA-1,False,ATCTGCCCACCATGTA-1_contig_6,False,505,TRB,TRBV13-1,None,TRBJ2-3,None,True,True,CASGDSAETLYF,TGTGCCAGCGGGGACAGTGCAGAAACGCTGTATTTT,16398,22,None,None
ATCTGCCCACCATGTA-1,False,ATCTGCCCACCATGTA-1_contig_7,False,566,TRB,TRBV12-2+TRBV13-2,None,TRBJ1-2,TRBC1,True,True,CASGGGTGNSDYTF,TGTGCCAGCGGTGGGGGGACAGGGAACTCCGACTACACCTTC,9470,13,None,None
ATCTGCCCACCATGTA-1,False,ATCTGCCCACCATGTA-1_contig_8,False,578,TRB,TRBV12-2+TRBV13-2,None,TRBJ2-7,None,True,True,CASGTGGDYEQYF,TGTGCCAGCGGGACTGGGGGGGATTATGAACAGTACTTC,7392,12,None,None
ATCTGCCCACCATGTA-1,False,ATCTGCCCACCATGTA-1_contig_9,False,303,TRB,None,None,TRBJ2-5,None,False,False,None,None,10546,13,None,None
ATCTGCCCACTACAGT-1,False,ATCTGCCCACTACAGT-1_contig_1,False,478,TRB,TRBV13-1,None,TRBJ2-2,None,True,False,CASSDPGQLYF,TGTGCCAGCAGTGACCCCGGGCAGCTCTACTTT,574,1,None,None
ATCTGCCCACTTAAGC-1,False,ATCTGCCCACTTAAGC-1_contig_1,False,485,TRB,TRBV13-1,None,TRBJ2-4,None,True,False,CASSEGTNTLYF,TGTGCCAGCAGTGAAGGAACAAACACCTTGTACTTT,2000,1,None,None
ATCTGCCCATGCCCGA-1,False,ATCTGCCCATGCCCGA-1_contig_1,False,534,TRB,TRBV13-1,None,TRBJ2-7,None,True,True,CASSDPGQGYF,TGTGCCAGCAGTGATCCGGGACAGGGTTACTTC,1008,1,None,None
ATCTGCCCATTGAGCT-1,False,ATCTGCCCATTGAGCT-1_contig_1,False,375,TRB,None,None,TRBJ1-2,TRBC1,False,False,None,None,130,1,None,None
ATCTGCCGTCAGAAGC-1,False,ATCTGCCGTCAGAAGC-1_contig_1,False,466,TRB,TRBV16,None,TRBJ2-5,None,True,True,CASSLGGGQDTQYF,TGTGCAAGCAGCTTAGGGGGGGGGCAAGACACCCAGTACTTT,230,1,None,None
ATCTGCCGTCTCATCC-1,False,ATCTGCCGTCTCATCC-1_contig_1,False,573,TRA,TRAV4D-3,None,TRAJ27,TRAC,True,True,CAADGPNTGKLTF,TGTGCTGCGGACGGACCCAATACAGGCAAATTAACCTTT,2590,1,None,None
ATCTGCCGTGTTAAGA-1,False,ATCTGCCGTGTTAAGA-1_contig_1,False,520,TRA,TRAV13N-3,None,TRAJ49,TRAC,True,True,CAMGGYQNFYF,TGTGCTATGGGGGGTTACCAGAACTTCTATTTT,1174,1,None,None
ATCTGCCGTTTGACTG-1,False,ATCTGCCGTTTGACTG-1_contig_1,False,558,TRB,TRBV12-2+TRBV13-2,None,TRBJ2-7,None,True,True,CASGGQGEQYF,TGTGCCAGCGGCGGACAGGGTGAACAGTACTTC,1440,1,None,None
ATCTGCCTCCTGTAGA-1,False,ATCTGCCTCCTGTAGA-1_contig_1,False,514,TRA,TRAV6-5,None,TRAJ30,TRAC,True,False,None,None,996,1,None,None
ATCTGCCTCGAACTGT-1,False,ATCTGCCTCGAACTGT-1_contig_1,False,564,TRA,TRAV3D-3,None,TRAJ23,TRAC,True,True,CAVSDNYNQGKLIF,TGCGCAGTCAGTGACAATTATAACCAGGGGAAGCTTATCTTT,354,3,None,None
ATCTGCCTCGGAATCT-1,False,ATCTGCCTCGGAATCT-1_contig_1,False,432,TRB,None,None,TRBJ1-6,TRBC1,False,False,None,None,200,1,None,None
ATCTGCCTCTAACGGT-1,False,ATCTGCCTCTAACGGT-1_contig_1,False,456,TRA,TRAV6-6,None,None,TRAC,False,False,None,None,320,2,None,None
ATCTGCCTCTTACCGC-1,False,ATCTGCCTCTTACCGC-1_contig_1,False,555,TRA,TRAV3-3,None,TRAJ49,TRAC,True,True,CAVSGSTGYQNFYF,TGCGCAGTCAGTGGGAGCACGGGTTACCAGAACTTCTATTTT,810,1,None,None
ATCTGCCTCTTCAACT-1,False,ATCTGCCTCTTCAACT-1_contig_1,False,507,TRA,TRAV21-DV12,None,TRAJ42,TRAC,True,True,CILRVHGGSNAKLTF,TGTATCCTGAGAGTCCATGGAGGAAGCAATGCAAAGCTAACCTTC,382,1,None,None
ATCTGCCTCTTTACAC-1,False,ATCTGCCTCTTTACAC-1_contig_1,False,375,TRB,TRBV13-1,None,TRBJ2-2,None,True,False,CASSDPGQLYF,TGTGCCAGCAGTGACCCCGGGCAGCTCTACTTT,302,1,None,None
ATGAGGGAGCAGATCG-1,False,ATGAGGGAGCAGATCG-1_contig_1,False,503,TRB,TRBV13-1,None,TRBJ2-3,None,True,True,CASGDSAETLYF,TGTGCCAGCGGGGACAGTGCAGAAACGCTGTATTTT,1304,1,None,None
ATGAGGGAGCGTTTAC-1,False,ATGAGGGAGCGTTTAC-1_contig_1,False,477,TRB,TRBV16,None,TRBJ2-5,None,True,True,CASSPGGRGDTQYF,TGTGCAAGCAGCCCGGGGGGGCGCGGGGACACCCAGTACTTT,144,1,None,None
ATGAGGGAGGAATTAC-1,False,ATGAGGGAGGAATTAC-1_contig_1,True,791,TRB,TRBV23,None,TRBJ2-7,None,True,False,CSSSQSRGGRDTQYF,TGCTCCAGCAGTCAATCGCGGGGGGGGCGAGACACCCAGTACTTT,3374,2,None,None
ATGAGGGAGGAATTAC-1,False,ATGAGGGAGGAATTAC-1_contig_2,True,503,TRA,TRAV13N-3,None,TRAJ49,TRAC,True,False,CAMGGYQNFYF,TGTGCTATGGGGGGTTACCAGAACTTCTATTTT,1738,1,None,None
ATGAGGGAGGCCATAG-1,False,ATGAGGGAGGCCATAG-1_contig_1,False,434,TRB,None,None,TRBJ2-7,None,False,False,None,None,1826,1,None,None
ATGAGGGAGGTTCCTA-1,False,ATGAGGGAGGTTCCTA-1_contig_1,False,512,TRB,TRBV13-1,None,TRBJ2-3,None,True,True,CASGDSAETLYF,TGTGCCAGCGGGGACAGTGCAGAAACGCTGTATTTT,1422,1,None,None
ATGAGGGAGTCCTCCT-1,False,ATGAGGGAGTCCTCCT-1_contig_1,False,332,TRB,None,None,TRBJ2-1,None,False,False,None,None,2228,2,None,None
ATGAGGGAGTGGAGAA-1,False,ATGAGGGAGTGGAGAA-1_contig_1,False,541,TRA,TRAV8D-1,None,TRAJ30,TRAC,True,True,CATDTNAYKVIF,TGTGCTACTGACACAAATGCTTACAAAGTCATCTTT,6120,4,None,None
ATGAGGGAGTGGAGAA-1,False,ATGAGGGAGTGGAGAA-1_contig_2,False,935,TRB,TRBV12-2+TRBV13-2,None,TRBJ1-5,TRBC1,True,True,CASGTGDNQAPLF,TGTGCCAGCGGGACAGGGGACAACCAGGCTCCGCTTTTT,1538,2,None,None
ATGAGGGAGTGGAGAA-1,False,ATGAGGGAGTGGAGAA-1_contig_3,True,585,TRB,None,None,TRBJ1-3,TRBC1,False,False,None,None,1726,1,None,None
ATGAGGGCAAATCCGT-1,False,ATGAGGGCAAATCCGT-1_contig_1,False,567,TRA,TRAV4D-3,None,TRAJ27,TRAC,True,True,CAADGPNTGKLTF,TGTGCTGCGGACGGACCCAATACAGGCAAATTAACCTTT,204,1,None,None
ATGAGGGCAAGGACAC-1,False,ATGAGGGCAAGGACAC-1_contig_1,False,505,TRB,TRBV13-1,None,TRBJ2-1,None,True,True,CASGGAYAEQFF,TGTGCCAGCGGGGGGGCGTATGCTGAGCAGTTCTTC,2600,1,None,None
ATGAGGGCAATAGAGT-1,False,ATGAGGGCAATAGAGT-1_contig_1,False,549,TRB,TRBV12-2+TRBV13-2,None,TRBJ2-7,None,True,True,CASGVQGEQYF,TGTGCCAGCGGTGTTCAGGGAGAACAGTACTTC,1286,1,None,None
ATGAGGGCACACGCTG-1,False,ATGAGGGCACACGCTG-1_contig_1,False,573,TRB,TRBV12-2+TRBV13-2,None,TRBJ2-3,None,True,True,CASGDAPPGEGTLYF,TGTGCCAGCGGTGATGCACCTCCAGGGGAGGGAACGCTGTATTTT,1622,1,None,None
ATGAGGGCACAGAGGT-1,False,ATGAGGGCACAGAGGT-1_contig_1,False,549,TRA,TRAV8N-2,None,TRAJ13,TRAC,True,True,CATEDSGTYQRF,TGTGCTACTGAGGATTCTGGGACTTACCAGAGGTTT,2572,1,None,None
ATGAGGGCATCCCACT-1,False,ATGAGGGCATCCCACT-1_contig_1,False,603,TRB,TRBV13-1,None,TRBJ1-4,TRBC1,True,False,CASGTGANERLFF,TGTGCCAGCGGGACAGGGGCCAACGAAAGATTATTTTTC,1908,1,None,None
ATGAGGGGTCCAAGTT-1,False,ATGAGGGGTCCAAGTT-1_contig_1,False,512,TRA,TRAV14N-3,None,TRAJ6,TRAC,True,False,CAARTSGGNYKPTF,TGTGCAGCAAGAACCTCAGGAGGAAACTACAAACCTACGTTT,1954,1,None,None
ATGAGGGGTTGCGCAC-1,False,ATGAGGGGTTGCGCAC-1_contig_1,False,353,TRB,None,None,TRBJ2-7,None,False,False,None,None,1266,1,None,None
ATGAGGGTCATAGCAC-1,False,ATGAGGGTCATAGCAC-1_contig_1,False,525,TRB,TRBV17,None,TRBJ2-5,None,True,True,CASSRKGAQDTQYF,TGTGCTAGCAGTAGGAAGGGGGCGCAAGACACCCAGTACTTT,1258,1,None,None
ATGAGGGTCGGTCCGA-1,False,ATGAGGGTCGGTCCGA-1_contig_1,False,452,TRB,TRBV12-2+TRBV13-2,None,TRBJ2-7,None,True,True,CASGVQGEQYF,TGTGCCAGCGGTGTTCAGGGAGAACAGTACTTC,180,1,None,None
ATGAGGGTCTTGTACT-1,False,ATGAGGGTCTTGTACT-1_contig_1,False,532,TRA,TRAV16D-DV11,None,TRAJ26,TRAC,True,True,CAMREENNYAQGLTF,TGTGCTATGAGAGAGGAAAATAACTATGCCCAGGGATTAACCTTC,422,1,None,None
ATGCGATAGAATTCCC-1,False,ATGCGATAGAATTCCC-1_contig_1,False,533,TRA,TRAV19,None,TRAJ39,TRAC,True,True,CAAGGNNAGAKLTF,TGCGCAGCAGGTGGGAATAATGCAGGTGCCAAGCTCACATTC,1696,2,None,None
ATGCGATAGAATTCCC-1,False,ATGCGATAGAATTCCC-1_contig_2,False,524,TRA,TRAV14N-3,None,TRAJ6,TRAC,True,True,CAARTSGGNYKPTF,TGTGCAGCAAGAACCTCAGGAGGAAACTACAAACCTACGTTT,5012,2,None,None
ATGCGATAGAATTCCC-1,False,ATGCGATAGAATTCCC-1_contig_3,False,566,TRB,TRBV12-2+TRBV13-2,None,TRBJ1-2,TRBC1,True,True,CASGGGTGNSDYTF,TGTGCCAGCGGTGGGGGGACAGGGAACTCCGACTACACCTTC,1212,1,None,None
ATGCGATAGAATTCCC-1,False,ATGCGATAGAATTCCC-1_contig_4,False,549,TRA,TRAV8N-2,None,TRAJ13,TRAC,True,True,CATEDSGTYQRF,TGTGCTACTGAGGATTCTGGGACTTACCAGAGGTTT,3668,3,None,None
ATGCGATAGAATTCCC-1,False,ATGCGATAGAATTCCC-1_contig_5,False,600,TRB,TRBV12-2+TRBV13-2,None,TRBJ2-7,None,True,True,CASGTGGDYEQYF,TGTGCCAGCGGGACTGGGGGGGACTATGAACAGTACTTC,18364,15,None,None
ATGCGATAGCAATCTC-1,False,ATGCGATAGCAATCTC-1_contig_1,False,365,TRB,None,None,TRBJ1-6,TRBC1,False,False,None,None,2568,1,None,None
ATGCGATAGCGTCAAG-1,False,ATGCGATAGCGTCAAG-1_contig_1,False,334,TRB,None,None,TRBJ2-1,None,False,False,None,None,2932,1,None,None
ATGCGATCACCGTTGG-1,False,ATGCGATCACCGTTGG-1_contig_1,False,515,Multi,TRDV1,None,TRAJ43,TRAC,True,False,CGGLNNAPRF,TGTGGAGGCCTCAACAATGCCCCACGATTT,1844,1,None,None
ATGCGATCAGACAGGT-1,False,ATGCGATCAGACAGGT-1_contig_1,False,430,TRB,None,None,TRBJ2-1,None,False,False,None,None,1156,1,None,None
ATGCGATCATCAGTCA-1,False,ATGCGATCATCAGTCA-1_contig_1,False,566,TRA,TRAV3-3,None,TRAJ49,TRAC,True,True,CAVSGSTGYQNFYF,TGCGCAGTCAGTGGGAGCACGGGTTACCAGAACTTCTATTTT,1908,1,None,None
ATGCGATCATCAGTCA-1,False,ATGCGATCATCAGTCA-1_contig_2,False,552,TRA,TRAV6D-5,None,TRAJ38,TRAC,True,False,CTTVFWDNVGDNSKLIW,TGTACTACTGTGTTCTGGGATAATGTTGGTGACAACAGTAAGCTGATTTGG,2408,1,None,None
ATGCGATCATGCTAGT-1,False,ATGCGATCATGCTAGT-1_contig_1,False,564,TRA,TRAV4D-3,None,TRAJ27,TRAC,True,True,CAADGPNTGKLTF,TGTGCTGCGGACGGACCCAATACAGGCAAATTAACCTTT,1864,1,None,None
ATGCGATGTTATGTGC-1,False,ATGCGATGTTATGTGC-1_contig_1,False,558,TRB,TRBV12-2+TRBV13-2,None,TRBJ2-7,None,True,True,CASGAPYEQYF,TGTGCCAGCGGTGCCCCCTATGAACAGTACTTC,1186,1,None,None
ATGCGATGTTCAACCA-1,False,ATGCGATGTTCAACCA-1_contig_1,False,549,TRA,TRAV8N-2,None,TRAJ13,TRAC,True,True,CATEDSGTYQRF,TGTGCTACTGAGGATTCTGGGACTTACCAGAGGTTT,2776,2,None,None
ATGCGATGTTTGTTGG-1,False,ATGCGATGTTTGTTGG-1_contig_1,False,332,TRB,None,None,TRBJ2-1,None,False,False,None,None,280,1,None,None
ATGCGATTCACAGTAC-1,False,ATGCGATTCACAGTAC-1_contig_1,False,549,TRB,TRBV16,None,TRBJ2-5,None,True,True,CASSLGGGQDTQYF,TGTGCAAGCAGCTTAGGGGGGGGCCAAGACACCCAGTACTTT,790,1,None,None
ATGCGATTCCGCGGTA-1,False,ATGCGATTCCGCGGTA-1_contig_1,False,392,TRA,None,None,TRAJ26,TRAC,False,False,None,None,2312,1,None,None
ATGCGATTCGTCCAGG-1,False,ATGCGATTCGTCCAGG-1_contig_1,False,392,TRB,TRBV13-2,None,TRBJ1-2,TRBC1,True,False,CASGGGTGNSDYTF,TGTGCCAGCGGTGGGGGGACAGGGAACTCCGACTACACCTTC,1624,1,None,None
ATGCGATTCGTGGGAA-1,False,ATGCGATTCGTGGGAA-1_contig_1,False,546,TRA,TRAV6-6,None,TRAJ24,TRAC,True,True,CAPLTTASLGKLQF,TGTGCTCCGTTGACAACTGCCAGTTTGGGGAAACTGCAGTTT,2914,5,None,None
ATGCGATTCGTGGGAA-1,False,ATGCGATTCGTGGGAA-1_contig_10,False,810,TRA,TRAV9D-2,None,TRAJ26,TRAC,True,False,CVLSRGNNYAQGLTF,TGTGTTCTGAGCAGGGGCAATAACTATGCCCAGGGATTAACCTTC,3062,5,None,None
ATGCGATTCGTGGGAA-1,False,ATGCGATTCGTGGGAA-1_contig_11,False,519,TRA,TRAV7-5,None,TRAJ45,TRAC,True,False,CSDTEGADRLTF,TGCAGTGATACAGAAGGTGCAGATAGACTCACCTTT,1100,2,None,None
ATGCGATTCGTGGGAA-1,False,ATGCGATTCGTGGGAA-1_contig_12,False,333,TRB,None,None,TRBJ2-5,None,False,False,None,None,1102,2,None,None
ATGCGATTCGTGGGAA-1,False,ATGCGATTCGTGGGAA-1_contig_2,False,558,TRA,TRAV19,None,TRAJ39,TRAC,True,True,CAAGGNNAGAKLTF,TGCGCAGCAGGTGGGAATAATGCAGGTGCCAAGCTCACATTC,6674,11,None,None
ATGCGATTCGTGGGAA-1,False,ATGCGATTCGTGGGAA-1_contig_3,False,574,TRA,TRAV14N-3,None,TRAJ6,TRAC,True,True,CAARTSGGNYKPTF,TGTGCAGCAAGAACCTCAGGAGGAAACTACAAACCTACGTTT,2750,4,None,None
ATGCGATTCGTGGGAA-1,False,ATGCGATTCGTGGGAA-1_contig_4,False,505,TRB,TRBV13-1,None,TRBJ2-4,None,True,True,CASSEGTNTLYF,TGTGCCAGCAGTGAAGGAACAAACACCTTGTACTTT,5284,12,None,None
ATGCGATTCGTGGGAA-1,False,ATGCGATTCGTGGGAA-1_contig_5,False,599,TRA,TRAV3-4,None,TRAJ49,TRAC,True,True,CAVRGGYQNFYF,TGCGCAGTCAGGGGGGGTTACCAGAACTTCTATTTT,1406,2,None,None
ATGCGATTCGTGGGAA-1,False,ATGCGATTCGTGGGAA-1_contig_6,False,588,TRB,TRBV12-2+TRBV13-2,None,TRBJ1-2,TRBC1,True,True,CASGGGTGNSDYTF,TGTGCCAGCGGTGGGGGGACAGGGAACTCCGACTACACCTTC,27822,69,None,None
ATGCGATTCGTGGGAA-1,False,ATGCGATTCGTGGGAA-1_contig_7,False,549,TRA,TRAV8N-2,None,TRAJ13,TRAC,True,True,CATEDSGTYQRF,TGTGCTACTGAGGATTCTGGGACTTACCAGAGGTTT,4024,10,None,None
ATGCGATTCGTGGGAA-1,False,ATGCGATTCGTGGGAA-1_contig_8,False,585,TRB,TRBV12-2+TRBV13-2,None,TRBJ2-7,None,True,True,CASGTGGDYEQYF,TGTGCCAGCGGGACTGGGGGGGACTATGAACAGTACTTC,15716,43,None,None
ATGCGATTCGTGGGAA-1,False,ATGCGATTCGTGGGAA-1_contig_9,False,300,TRB,None,None,TRBJ2-1,None,False,False,None,None,1622,3,None,None
ATGCGATTCTGTTGAG-1,False,ATGCGATTCTGTTGAG-1_contig_1,False,581,TRB,TRBV12-2+TRBV13-2,None,TRBJ2-7,None,True,True,CASGTGGDYEQYF,TGTGCCAGCGGGACTGGGGGGGACTATGAACAGTACTTC,1146,1,None,None
ATGCGATTCTTCATGT-1,False,ATGCGATTCTTCATGT-1_contig_1,False,508,TRB,TRBV16,None,TRBJ2-5,None,True,True,CASSLGGGQDTQYF,TGTGCAAGCAGCTTAGGGGGGGGCCAAGACACCCAGTACTTT,742,1,None,None
ATGGGAGAGACAAGCC-1,False,ATGGGAGAGACAAGCC-1_contig_1,False,341,TRA,TRAV9D-2,None,TRAJ26,TRAC,True,False,CVLSRGNNYAQGLTF,TGTGTTCTGAGCAGGGGCAATAACTATGCCCAGGGATTAACCTTC,1992,1,None,None
ATGGGAGAGACTTTCG-1,False,ATGGGAGAGACTTTCG-1_contig_1,False,499,TRA,TRAV1,None,TRAJ27,TRAC,True,False,None,None,2810,2,None,None
ATGGGAGAGCAGATCG-1,False,ATGGGAGAGCAGATCG-1_contig_1,False,482,TRB,TRBV26,None,TRBJ2-1,None,True,False,CASSLHKFYAEQFF,TGTGCCAGCAGTCTGCACAAATTCTATGCTGAGCAGTTCTTC,2290,1,None,None
ATGGGAGAGGACCACA-1,False,ATGGGAGAGGACCACA-1_contig_1,False,525,TRB,TRBV17,None,TRBJ2-5,None,True,True,CASSRKGSQDTQYF,TGTGCTAGCAGTAGAAAGGGTTCTCAAGACACCCAGTACTTT,564,1,None,None
ATGGGAGAGTGAAGTT-1,False,ATGGGAGAGTGAAGTT-1_contig_1,False,414,TRB,TRBV26,None,None,None,False,False,None,None,24,2,None,None
ATGGGAGAGTGAAGTT-1,False,ATGGGAGAGTGAAGTT-1_contig_2,False,361,TRA,TRAV9D-2,None,TRAJ26,TRAC,True,False,CVLSRGNNYAQGLTF,TGTGTTCTGAGCAGGGGCAATAACTATGCCCAGGGATTAACCTTC,3300,2,None,None
ATGGGAGCAAGGCTCC-1,False,ATGGGAGCAAGGCTCC-1_contig_1,False,601,TRB,TRBV13-1,None,TRBJ2-3,None,True,False,CASGDSAETLYF,TGTGCCAGCGGGGACAGTGCAGAAACGCTGTATTTT,2014,1,None,None
ATGGGAGCAATGGAGC-1,False,ATGGGAGCAATGGAGC-1_contig_1,False,559,TRA,TRAV4D-3,None,TRAJ27,TRAC,True,True,CAADGPNTGKLTF,TGTGCTGCGGACGGACCCAATACAGGCAAATTAACCTTT,2814,1,None,None
ATGGGAGCACGACTCG-1,False,ATGGGAGCACGACTCG-1_contig_1,False,512,TRB,TRBV13-1,None,TRBJ2-3,None,True,True,CASGDSAETLYF,TGTGCCAGCGGGGACAGTGCAGAAACGCTGTATTTT,1174,1,None,None
ATGGGAGGTAAGCACG-1,False,ATGGGAGGTAAGCACG-1_contig_1,False,564,TRB,TRBV13-2,None,TRBJ2-7,None,True,True,CASGVQGEQYF,TGTGCCAGCGGTGTTCAGGGAGAACAGTACTTC,1484,1,None,None
ATGGGAGGTATAAACG-1,False,ATGGGAGGTATAAACG-1_contig_1,False,512,TRB,TRBV13-1,None,TRBJ2-1,None,True,True,CASGGAYAEQFF,TGTGCCAGCGGGGGGGCGTATGCTGAGCAGTTCTTC,1440,1,None,None
ATGGGAGGTCAAACTC-1,False,ATGGGAGGTCAAACTC-1_contig_1,False,542,TRA,TRAV6-6,None,TRAJ24,TRAC,True,True,CAPLTTASLGKLQF,TGTGCTCCGTTGACAACTGCCAGTTTGGGGAAACTGCAGTTT,2760,1,None,None
ATGGGAGGTCGGCACT-1,False,ATGGGAGGTCGGCACT-1_contig_1,True,568,TRA,TRAV4D-3,None,TRAJ27,TRAC,True,True,CAADGPNTGKLTF,TGTGCTGCGGACGGACCCAATACAGGCAAATTAACCTTT,1456,2,None,None
ATGGGAGGTCGGCACT-1,False,ATGGGAGGTCGGCACT-1_contig_2,True,353,TRB,TRBV13-2,None,TRBJ1-5,TRBC1,True,False,CASGTGDNQAPLF,TGTGCCAGCGGGACAGGGGACAACCAGGCTCCGCTTTTT,3754,3,None,None
ATGGGAGGTGAGGGTT-1,False,ATGGGAGGTGAGGGTT-1_contig_1,False,562,TRB,TRBV12-2+TRBV13-2,None,TRBJ2-7,None,True,True,CASGTGGDYEQYF,TGTGCCAGCGGGACTGGGGGGGACTATGAACAGTACTTC,1434,1,None,None
ATGGGAGGTGTCTGAT-1,False,ATGGGAGGTGTCTGAT-1_contig_1,False,512,TRB,TRBV13-1,None,TRBJ2-1,None,True,True,CASGGAYAEQFF,TGTGCCAGCGGGGGGGCGTATGCTGAGCAGTTCTTC,1498,1,None,None
ATGGGAGGTTATGTGC-1,False,ATGGGAGGTTATGTGC-1_contig_1,False,566,TRB,TRBV12-2+TRBV13-2,None,TRBJ1-2,TRBC1,True,True,CASGGGTGNSDYTF,TGTGCCAGCGGTGGGGGGACAGGGAACTCCGACTACACCTTC,1108,1,None,None
ATGGGAGGTTCGCTAA-1,False,ATGGGAGGTTCGCTAA-1_contig_1,False,566,TRA,TRAV3-3,None,TRAJ49,TRAC,True,True,CAVSGSTGYQNFYF,TGCGCAGTCAGTGGGAGCACGGGTTACCAGAACTTCTATTTT,1546,2,None,None
ATGGGAGGTTTGTTTC-1,False,ATGGGAGGTTTGTTTC-1_contig_1,False,549,TRB,TRBV16,None,TRBJ2-5,None,True,True,CASSLGGGQDTQYF,TGTGCAAGCAGCTTAGGGGGGGGCCAAGACACCCAGTACTTT,1212,1,None,None
ATGGGAGTCCCTGACT-1,False,ATGGGAGTCCCTGACT-1_contig_1,False,562,TRB,TRBV12-2+TRBV13-2,None,TRBJ2-7,None,True,True,CASGTGGDYEQYF,TGTGCCAGCGGGACTGGGGGGGACTATGAACAGTACTTC,1040,1,None,None
ATGGGAGTCGACGGAA-1,False,ATGGGAGTCGACGGAA-1_contig_1,False,560,TRB,TRBV12-2+TRBV13-2,None,TRBJ2-7,None,True,True,CASGVQGWEQYF,TGTGCCAGCGGTGTACAGGGGTGGGAACAGTACTTC,1016,1,None,None
ATGGGAGTCGATCCCT-1,False,ATGGGAGTCGATCCCT-1_contig_1,False,607,TRA,TRAV16D-DV11,None,TRAJ26,TRAC,True,True,CAMREENNYAQGLTF,TGTGCTATGAGAGAGGAAAATAACTATGCCCAGGGATTAACCTTC,2618,1,None,None
ATGGGAGTCGCCATAA-1,False,ATGGGAGTCGCCATAA-1_contig_1,True,563,TRB,TRBV12-2+TRBV13-2,None,TRBJ1-5,TRBC1,True,True,CASGTGDNQAPLF,TGTGCCAGCGGTACAGGAGACAACCAGGCTCCGCTTTTT,1308,1,None,None
ATGGGAGTCGCCATAA-1,False,ATGGGAGTCGCCATAA-1_contig_2,True,387,TRB,None,None,TRBJ1-3,TRBC1,False,False,None,None,3820,2,None,None
ATGGGAGTCTCGTTTA-1,False,ATGGGAGTCTCGTTTA-1_contig_1,False,472,TRB,None,None,TRBJ2-7,None,False,False,None,None,1340,1,None,None
ATGGGAGTCTGATACG-1,False,ATGGGAGTCTGATACG-1_contig_1,False,679,TRA,None,None,TRAJ26,TRAC,False,False,None,None,1968,1,None,None
ATGTGTGAGCTCTCGG-1,False,ATGTGTGAGCTCTCGG-1_contig_1,False,611,TRB,TRBV5,None,TRBJ2-5,None,True,False,CASSQDGVNQDTQYF,TGTGCCAGCAGCCAAGATGGGGTTAACCAAGACACCCAGTACTTT,1956,1,None,None
ATGTGTGAGGAGTCTG-1,False,ATGTGTGAGGAGTCTG-1_contig_1,False,543,TRA,TRAV8-1,None,TRAJ30,TRAC,True,True,CATDTNAYKVIF,TGTGCTACCGACACAAATGCTTACAAAGTCATCTTT,292,1,None,None
ATGTGTGAGGCGACAT-1,False,ATGTGTGAGGCGACAT-1_contig_1,False,554,TRB,TRBV12-2+TRBV13-2,None,TRBJ1-4,TRBC1,True,True,CASGDAPERLFF,TGTGCCAGCGGTGATGCTCCCGAAAGATTATTTTTC,920,2,None,None
ATGTGTGAGTAGATGT-1,False,ATGTGTGAGTAGATGT-1_contig_1,False,554,TRB,TRBV13-2,None,TRBJ2-1,None,True,True,CASGGYAEQFF,TGTGCCAGCGGGGGCTATGCTGAGCAGTTCTTC,2172,1,None,None
ATGTGTGCAAGCGTAG-1,False,ATGTGTGCAAGCGTAG-1_contig_1,False,678,TRB,TRBV1,None,TRBJ1-1,TRBC1,True,False,None,None,2042,1,None,None
ATGTGTGCAGTAAGCG-1,False,ATGTGTGCAGTAAGCG-1_contig_1,False,505,TRB,TRBV13-1,None,TRBJ2-3,None,True,True,CASGDSAETLYF,TGTGCCAGCGGGGACAGTGCAGAAACGCTGTATTTT,1964,1,None,None
ATGTGTGCATCCTAGA-1,False,ATGTGTGCATCCTAGA-1_contig_1,False,561,TRB,TRBV12-2+TRBV13-2,None,TRBJ2-7,None,True,True,CASGVQGWEQYF,TGTGCCAGCGGTGTACAGGGGTGGGAACAGTACTTC,1600,1,None,None
ATGTGTGCATCTGGTA-1,False,ATGTGTGCATCTGGTA-1_contig_1,False,566,TRB,TRBV12-2+TRBV13-2,None,TRBJ2-7,None,True,True,CASGVQGWEQYF,TGTGCCAGCGGTGTACAGGGGTGGGAACAGTACTTC,1640,1,None,None
ATGTGTGCATTGGTAC-1,False,ATGTGTGCATTGGTAC-1_contig_1,False,518,TRA,TRAV8-1,None,TRAJ30,TRAC,True,True,CATDTNAYKVIF,TGTGCTACTGACACAAATGCTTACAAAGTCATCTTT,2016,1,None,None
ATGTGTGGTCCTGCTT-1,False,ATGTGTGGTCCTGCTT-1_contig_1,False,551,TRB,TRBV12-2+TRBV13-2,None,TRBJ2-7,None,True,True,CASGVQGEQYF,TGTGCCAGCGGTGTTCAGGGAGAACAGTACTTC,2136,1,None,None
ATGTGTGGTCGAAAGC-1,False,ATGTGTGGTCGAAAGC-1_contig_1,False,558,TRA,TRAV14-2,None,TRAJ50,TRAC,True,True,CAATSSSSFSKLVF,TGTGCAGCAACTTCATCCTCCTCCTTCAGCAAGCTGGTGTTT,1976,1,None,None
ATGTGTGGTCTAAACC-1,False,ATGTGTGGTCTAAACC-1_contig_1,False,526,TRB,TRBV13-2,None,TRBJ1-2,TRBC1,True,False,CASGGGTGNSDYTF,TGTGCCAGCGGTGGGGGGACAGGGAACTCCGACTACACCTTC,868,1,None,None
ATGTGTGGTCTAAACC-1,False,ATGTGTGGTCTAAACC-1_contig_2,False,357,TRB,None,None,TRBJ2-1,None,False,False,None,None,3844,1,None,None
ATGTGTGGTCTACCTC-1,False,ATGTGTGGTCTACCTC-1_contig_1,False,555,TRA,TRAV7-3,None,TRAJ38,TRAC,True,True,CAVSAANVGDNSKLIW,TGTGCAGTGAGCGCGGCGAATGTTGGTGACAACAGTAAGCTGATTTGG,18850,8,None,None
ATGTGTGGTCTACCTC-1,False,ATGTGTGGTCTACCTC-1_contig_2,False,505,TRB,TRBV13-1,None,TRBJ2-4,None,True,True,CASSEGTNTLYF,TGTGCCAGCAGTGAAGGAACAAACACCTTGTACTTT,7500,5,None,None
ATGTGTGGTCTACCTC-1,False,ATGTGTGGTCTACCTC-1_contig_3,False,512,TRB,TRBV13-1,None,TRBJ2-7,None,True,True,CASSGGHLEQYF,TGTGCCAGCAGTGGGGGACACCTTGAACAGTACTTC,4546,4,None,None
ATGTGTGGTCTACCTC-1,False,ATGTGTGGTCTACCTC-1_contig_4,False,522,TRA,TRAV7N-6,None,TRAJ34,TRAC,True,True,CAISSNTNKVVF,TGTGCAATTTCTTCCAATACCAACAAAGTCGTCTTT,4504,3,None,None
ATGTGTGGTCTACCTC-1,False,ATGTGTGGTCTACCTC-1_contig_5,False,732,TRA,TRAV9D-2,None,TRAJ26,TRAC,True,True,CVLSRGNNYAQGLTF,TGTGTTCTGAGCAGGGGCAATAACTATGCCCAGGGATTAACCTTC,4802,3,None,None
ATGTGTGGTCTACCTC-1,False,ATGTGTGGTCTACCTC-1_contig_6,False,369,TRB,None,None,TRBJ1-6,TRBC1,False,False,None,None,1734,2,None,None
ATGTGTGGTCTACCTC-1,False,ATGTGTGGTCTACCTC-1_contig_7,False,408,TRA,TRAV6-6,None,TRAJ24,TRAC,True,False,None,None,2638,2,None,None
ATGTGTGGTCTTTCAT-1,False,ATGTGTGGTCTTTCAT-1_contig_1,False,358,TRB,None,None,TRBJ1-6,TRBC1,False,False,None,None,2618,1,None,None
ATGTGTGGTGACAAAT-1,False,ATGTGTGGTGACAAAT-1_contig_1,False,512,TRA,TRAV6-6,None,TRAJ24,TRAC,True,True,CAPLTTASLGKLQF,TGTGCTCCGTTGACAACTGCCAGTTTGGGGAAACTGCAGTTT,2256,2,None,None
ATGTGTGGTGACAAAT-1,False,ATGTGTGGTGACAAAT-1_contig_2,False,566,TRA,TRAV3-3,None,TRAJ49,TRAC,True,True,CAVSGSTGYQNFYF,TGCGCAGTCAGTGGGAGCACGGGTTACCAGAACTTCTATTTT,1584,2,None,None
ATGTGTGGTGACAAAT-1,False,ATGTGTGGTGACAAAT-1_contig_3,False,505,TRB,TRBV13-1,None,TRBJ2-4,None,True,True,CASSEGTNTLYF,TGTGCCAGCAGTGAAGGAACAAACACCTTGTACTTT,2852,3,None,None
ATGTGTGGTGACAAAT-1,False,ATGTGTGGTGACAAAT-1_contig_4,False,673,TRA,TRAV9D-2,None,TRAJ26,TRAC,True,True,CVLSRGNNYAQGLTF,TGTGTTCTGAGCAGGGGCAATAACTATGCCCAGGGATTAACCTTC,2802,1,None,None
ATGTGTGGTGACAAAT-1,False,ATGTGTGGTGACAAAT-1_contig_5,False,315,TRB,None,None,TRBJ2-7,None,False,False,None,None,2716,1,None,None
ATGTGTGGTGGTTTCA-1,False,ATGTGTGGTGGTTTCA-1_contig_1,False,512,TRB,TRBV13-1,None,TRBJ2-3,None,True,True,CASGDSAETLYF,TGTGCCAGCGGGGACAGTGCAGAAACGCTGTATTTT,710,1,None,None
ATGTGTGGTGGTTTCA-1,False,ATGTGTGGTGGTTTCA-1_contig_2,False,563,TRB,TRBV12-2+TRBV13-2,None,TRBJ2-1,None,True,True,CASERGALAEQFF,TGTGCCAGCGAAAGGGGGGCGCTGGCTGAGCAGTTCTTC,1098,1,None,None
ATGTGTGGTTGTCTTT-1,False,ATGTGTGGTTGTCTTT-1_contig_1,False,488,TRB,TRBV13-1,None,TRBJ2-1,None,True,False,CASSGGDYAEQFF,TGTGCCAGCAGTGGGGGGGACTATGCTGAGCAGTTCTTC,1582,1,None,None
ATGTGTGTCACTTATC-1,False,ATGTGTGTCACTTATC-1_contig_1,False,508,TRA,TRAV13D-2,None,TRAJ11,TRAC,True,True,CAIDLDSGYNKLTF,TGTGCTATAGATCTTGACTCGGGATACAACAAACTCACTTTT,200,1,None,None
ATGTGTGTCCGGCACA-1,False,ATGTGTGTCCGGCACA-1_contig_1,False,535,TRA,TRAV19,None,TRAJ39,TRAC,True,True,CAAGGNNAGAKLTF,TGCGCAGCAGGTGGGAATAATGCAGGTGCCAAGCTCACATTC,1670,1,None,None
ATGTGTGTCTTGTACT-1,False,ATGTGTGTCTTGTACT-1_contig_1,False,535,TRB,TRBV12-2+TRBV13-2,None,TRBJ1-5,TRBC1,True,True,CASGTGDNQAPLF,TGTGCCAGCGGGACAGGGGACAACCAGGCTCCGCTTTTT,1766,1,None,None
ATTACTCAGAGGTACC-1,False,ATTACTCAGAGGTACC-1_contig_1,False,549,TRB,TRBV16,None,TRBJ2-5,None,True,True,CASSLGGGQDTQYF,TGTGCAAGCAGCTTAGGGGGGGGCCAAGACACCCAGTACTTT,1472,1,None,None
ATTACTCAGGTGCACA-1,False,ATTACTCAGGTGCACA-1_contig_1,False,549,TRB,TRBV16,None,TRBJ2-5,None,True,True,CASSLGGGQDTQYF,TGTGCAAGCAGCTTAGGGGGGGGCCAAGACACCCAGTACTTT,1630,1,None,None
ATTACTCAGTGACTCT-1,False,ATTACTCAGTGACTCT-1_contig_1,False,566,TRA,TRAV16,None,TRAJ57,TRAC,True,True,CAMREPQGGSAKLIF,TGTGCTATGAGAGAGCCTCAAGGAGGGTCTGCGAAGCTCATCTTT,3192,6,None,None
ATTACTCAGTGACTCT-1,False,ATTACTCAGTGACTCT-1_contig_2,False,517,TRA,TRAV6-6,None,TRAJ24,TRAC,True,True,CAPLTTASLGKLQF,TGTGCTCCGTTGACAACTGCCAGTTTGGGGAAACTGCAGTTT,6276,5,None,None
ATTACTCAGTGACTCT-1,False,ATTACTCAGTGACTCT-1_contig_3,False,532,TRA,TRAV13-4-DV7,None,TRAJ58,TRAC,True,True,CAPMQQGTGSKLSF,TGTGCTCCTATGCAGCAAGGCACTGGGTCTAAGCTGTCATTT,16704,17,None,None
ATTACTCAGTGACTCT-1,False,ATTACTCAGTGACTCT-1_contig_4,False,505,TRB,TRBV13-1,None,TRBJ2-4,None,True,True,CASSEGTNTLYF,TGTGCCAGCAGTGAAGGAACAAACACCTTGTACTTT,12722,15,None,None
ATTACTCAGTGACTCT-1,False,ATTACTCAGTGACTCT-1_contig_5,False,525,TRB,TRBV17,None,TRBJ2-5,None,True,True,CASSRKGVQDTQYF,TGTGCTAGCAGTAGAAAGGGGGTCCAAGACACCCAGTACTTT,31254,35,None,None
ATTACTCAGTGCCATT-1,False,ATTACTCAGTGCCATT-1_contig_1,False,561,TRB,TRBV12-2+TRBV13-2,None,TRBJ2-7,None,True,True,CASGVQGEQYF,TGTGCCAGCGGTGTTCAGGGAGAACAGTACTTC,1438,1,None,None
ATTACTCAGTGGTAAT-1,False,ATTACTCAGTGGTAAT-1_contig_1,False,545,TRB,TRBV12-2+TRBV13-2,None,TRBJ1-5,None,True,True,CASGTGDNQAPLF,TGTGCCAGCGGTACAGGGGATAACCAGGCTCCGCTTTTT,306,1,None,None
ATTACTCAGTTACGGG-1,False,ATTACTCAGTTACGGG-1_contig_1,False,562,TRB,TRBV12-2+TRBV13-2,None,TRBJ2-7,None,True,True,CASGVQGGEQYF,TGTGCCAGCGGTGTGCAGGGGGGAGAACAGTACTTC,1096,1,None,None
ATTACTCAGTTAGCGG-1,False,ATTACTCAGTTAGCGG-1_contig_1,False,567,TRB,TRBV12-2+TRBV13-2,None,TRBJ2-5,None,True,True,CASGAGMEDTQYF,TGTGCCAGCGGTGCAGGGATGGAAGACACCCAGTACTTT,2054,1,None,None
ATTACTCAGTTAGCGG-1,False,ATTACTCAGTTAGCGG-1_contig_2,False,416,TRA,TRAV9D-2,None,TRAJ26,TRAC,True,False,CVLSRGNNYAQGLTF,TGTGTTCTGAGCAGGGGCAATAACTATGCCCAGGGATTAACCTTC,1750,1,None,None
ATTACTCCACATGACT-1,False,ATTACTCCACATGACT-1_contig_1,False,531,TRA,TRAV4D-3,None,TRAJ27,TRAC,True,True,CAADGPNTGKLTF,TGTGCTGCGGACGGACCCAATACAGGCAAATTAACCTTT,1070,1,None,None
ATTACTCCACGAAAGC-1,False,ATTACTCCACGAAAGC-1_contig_1,False,549,TRB,TRBV16,None,TRBJ2-5,None,True,True,CASSLGGGQDTQYF,TGTGCAAGCAGCTTAGGGGGGGGCCAAGACACCCAGTACTTT,2192,1,None,None
ATTACTCCATGATCCA-1,False,ATTACTCCATGATCCA-1_contig_1,False,343,TRB,None,None,TRBJ2-2,None,False,False,None,None,3190,1,None,None
ATTACTCCATGGTCAT-1,False,ATTACTCCATGGTCAT-1_contig_1,False,351,TRB,None,None,TRBJ1-3,TRBC1,False,False,None,None,636,1,None,None
ATTACTCGTCACACGC-1,False,ATTACTCGTCACACGC-1_contig_1,False,602,TRB,TRBV12-2+TRBV13-2,None,TRBJ1-2,TRBC1,True,True,CASGGGTGNSDYTF,TGTGCCAGCGGTGGGGGGACAGGGAACTCCGACTACACCTTC,1816,1,None,None
ATTACTCGTCCGCTGA-1,False,ATTACTCGTCCGCTGA-1_contig_1,False,525,TRB,TRBV17,None,TRBJ2-5,None,True,True,CASSRKGSQDTQYF,TGTGCTAGCAGTAGAAAGGGTTCTCAAGACACCCAGTACTTT,1738,1,None,None
ATTACTCGTTCGTGAT-1,False,ATTACTCGTTCGTGAT-1_contig_1,False,703,TRB,TRBV12-2+TRBV13-2,None,TRBJ1-2,TRBC1,True,True,CASGGGTGNSDYTF,TGTGCCAGCGGTGGGGGGACAGGGAACTCCGACTACACCTTC,1184,1,None,None
ATTACTCTCCTCGCAT-1,False,ATTACTCTCCTCGCAT-1_contig_1,False,578,TRA,TRAV14-1,None,TRAJ45,TRAC,True,True,CAASLYTEGADRLTF,TGTGCAGCAAGTCTTTATACAGAAGGTGCAGATAGACTCACCTTT,1610,1,None,None
ATTACTCTCTACGAGT-1,False,ATTACTCTCTACGAGT-1_contig_1,False,605,TRB,None,None,TRBJ2-5,None,False,False,None,None,1018,1,None,None
ATTACTCTCTTCTGGC-1,False,ATTACTCTCTTCTGGC-1_contig_1,False,567,TRB,TRBV12-2+TRBV13-2,None,TRBJ1-2,TRBC1,True,True,CASGGGTGNSDYTF,TGTGCCAGCGGTGGGGGGACAGGGAACTCCGACTACACCTTC,1056,1,None,None
ATTATCCAGAGCCTAG-1,False,ATTATCCAGAGCCTAG-1_contig_1,False,569,TRB,TRBV12-2,None,TRBJ2-5,None,True,True,CASSLQGVQDTQYF,TGTGCCAGCTCTCTCCAGGGGGTCCAAGACACCCAGTACTTT,704,1,None,None
ATTATCCAGAGCCTAG-1,False,ATTATCCAGAGCCTAG-1_contig_2,False,557,TRA,TRAV8N-2,None,TRAJ53,TRAC,True,False,None,None,1784,1,None,None
ATTATCCAGGCGACAT-1,False,ATTATCCAGGCGACAT-1_contig_1,False,559,TRB,TRBV12-2+TRBV13-2,None,TRBJ2-7,None,True,True,CASGVQGWEQYF,TGTGCCAGCGGTGTACAGGGGTGGGAACAGTACTTC,1196,1,None,None
ATTATCCCACCCATGG-1,False,ATTATCCCACCCATGG-1_contig_1,False,558,TRA,TRAV4D-3,None,TRAJ27,TRAC,True,True,CAADGPNTGKLTF,TGTGCTGCGGACGGACCCAATACAGGCAAATTAACCTTT,1554,1,None,None
ATTATCCCAGGAATGC-1,False,ATTATCCCAGGAATGC-1_contig_1,False,568,TRB,TRBV12-2+TRBV13-2,None,TRBJ1-2,TRBC1,True,True,CASGGGTGNSDYTF,TGTGCCAGCGGTGGGGGGACAGGGAACTCCGACTACACCTTC,1692,2,None,None
ATTATCCCAGGAATGC-1,False,ATTATCCCAGGAATGC-1_contig_2,False,595,TRB,TRBV12-2+TRBV13-2,None,TRBJ2-7,None,True,True,CASGTGGDYEQYF,TGTGCCAGCGGGACTGGGGGGGACTATGAACAGTACTTC,2394,3,None,None
ATTATCCCATCCAACA-1,False,ATTATCCCATCCAACA-1_contig_1,False,557,TRA,TRAV8N-2,None,TRAJ53,TRAC,True,False,None,None,2194,1,None,None
ATTATCCGTATATCCG-1,False,ATTATCCGTATATCCG-1_contig_1,False,561,TRB,TRBV12-2+TRBV13-2,None,TRBJ1-5,TRBC1,True,True,CASGTGDNQAPLF,TGTGCCAGCGGGACGGGGGACAACCAGGCTCCGCTTTTT,1226,1,None,None
ATTATCCGTCACAAGG-1,False,ATTATCCGTCACAAGG-1_contig_1,False,531,TRA,TRAV3-3,None,TRAJ31,TRAC,True,True,CAVSAGNNRIFF,TGCGCAGTCAGTGCAGGCAATAACAGAATCTTCTTT,2090,1,None,None
ATTATCCGTCACACGC-1,False,ATTATCCGTCACACGC-1_contig_1,False,556,TRA,TRAV19,None,TRAJ39,TRAC,True,True,CAAGGNNAGAKLTF,TGCGCAGCAGGTGGGAATAATGCAGGTGCCAAGCTCACATTC,2512,2,None,None
ATTATCCGTCACACGC-1,False,ATTATCCGTCACACGC-1_contig_2,False,568,TRB,TRBV12-2+TRBV13-2,None,TRBJ1-2,TRBC1,True,True,CASGGGTGNSDYTF,TGTGCCAGCGGTGGGGGGACAGGGAACTCCGACTACACCTTC,1162,1,None,None
ATTATCCGTCCAACTA-1,False,ATTATCCGTCCAACTA-1_contig_1,False,549,TRB,TRBV16,None,TRBJ2-5,None,True,True,CASSFGGGQDTQYF,TGTGCAAGCAGCTTTGGGGGGGGCCAAGACACCCAGTACTTT,1052,1,None,None
ATTATCCGTGCATCTA-1,False,ATTATCCGTGCATCTA-1_contig_1,False,512,TRB,TRBV13-1,None,TRBJ2-3,None,True,True,CASGDSAETLYF,TGTGCCAGCGGGGACAGTGCAGAAACGCTGTATTTT,1512,1,None,None
ATTATCCGTTGGTTTG-1,False,ATTATCCGTTGGTTTG-1_contig_1,False,569,TRB,TRBV12-2+TRBV13-2,None,TRBJ2-7,None,True,True,CASGVQGWEQYF,TGTGCCAGCGGTGTACAGGGGTGGGAACAGTACTTC,196,1,None,None
ATTATCCTCATTCACT-1,False,ATTATCCTCATTCACT-1_contig_1,False,549,TRB,TRBV16,None,TRBJ2-5,None,True,True,CASSLGGGQDTQYF,TGTGCAAGCAGCTTAGGGGGGGGCCAAGACACCCAGTACTTT,1626,1,None,None
ATTATCCTCTCAAGTG-1,False,ATTATCCTCTCAAGTG-1_contig_1,True,475,TRB,TRBV12-2+TRBV13-2,None,TRBJ2-7,None,True,True,CASGVQGEQYF,TGTGCCAGCGGTGTTCAGGGAGAACAGTACTTC,620,3,None,None
ATTATCCTCTCAAGTG-1,False,ATTATCCTCTCAAGTG-1_contig_2,True,367,TRB,None,None,TRBJ1-2,TRBC1,False,False,None,None,2258,2,None,None
ATTATCCTCTGCAAGT-1,False,ATTATCCTCTGCAAGT-1_contig_1,False,569,TRB,TRBV12-2+TRBV13-2,None,TRBJ2-3,None,True,True,CASGDAPPGEGTLYF,TGTGCCAGCGGTGATGCACCTCCAGGGGAGGGAACGCTGTATTTT,924,1,None,None
ATTCTACAGACAGAGA-1,False,ATTCTACAGACAGAGA-1_contig_1,False,544,TRB,TRBV12-2+TRBV13-2,None,TRBJ2-7,None,True,True,CASGVQGEQYF,TGTGCCAGCGGTGTTCAGGGAGAACAGTACTTC,2506,2,None,None
ATTCTACAGAGCTGCA-1,False,ATTCTACAGAGCTGCA-1_contig_1,False,502,TRB,TRBV13-1,None,TRBJ2-2,None,True,True,CASSDPGQLYF,TGTGCCAGCAGTGACCCCGGGCAGCTCTACTTT,1698,1,None,None
ATTCTACAGAGTAATC-1,False,ATTCTACAGAGTAATC-1_contig_1,False,603,TRB,TRBV12-2+TRBV13-2,None,TRBJ1-2,TRBC1,True,True,CASGGGTGNSDYTF,TGTGCCAGCGGTGGGGGGACAGGGAACTCCGACTACACCTTC,1718,1,None,None
ATTCTACAGCCACGTC-1,False,ATTCTACAGCCACGTC-1_contig_1,False,567,TRB,TRBV12-2+TRBV13-2,None,TRBJ1-2,TRBC1,True,True,CASGGGTGNSDYTF,TGTGCCAGCGGTGGGGGGACAGGGAACTCCGACTACACCTTC,4308,6,None,None
ATTCTACAGCCAGGAT-1,False,ATTCTACAGCCAGGAT-1_contig_1,False,380,TRB,None,None,TRBJ2-1,None,False,False,None,None,3392,1,None,None
ATTCTACAGGCAAAGA-1,False,ATTCTACAGGCAAAGA-1_contig_1,False,543,TRA,TRAV16D-DV11,None,TRAJ26,TRAC,True,True,CAMREENNYAQGLTF,TGTGCTATGAGAGAGGAAAATAACTATGCCCAGGGATTAACCTTC,1656,1,None,None
ATTCTACAGGCGTACA-1,False,ATTCTACAGGCGTACA-1_contig_1,False,521,TRB,TRBV13-2,None,TRBJ1-5,TRBC1,True,True,CASGTGDNQAALF,TGTGCCAGCGGTACAGGGGACAACCAGGCAGCGCTTTTT,148,2,None,None
ATTCTACAGTCCATAC-1,False,ATTCTACAGTCCATAC-1_contig_1,False,575,TRA,TRAV3D-3,None,TRAJ28,TRAC,True,False,CTSAQSVRGTGSNRLTF,TGTACTTCTGCGCAGTCAGTGAGGGGCACTGGGAGTAACAGGCTCACTTTT,600,1,None,None
ATTCTACAGTCGAGTG-1,False,ATTCTACAGTCGAGTG-1_contig_1,False,563,TRB,TRBV12-2+TRBV13-2,None,TRBJ1-5,TRBC1,True,True,CASGTGDNQAPLF,TGTGCCAGCGGGACAGGGGACAACCAGGCTCCGCTTTTT,2890,2,None,None
ATTCTACAGTGAATTG-1,False,ATTCTACAGTGAATTG-1_contig_1,False,549,TRB,TRBV16,None,TRBJ2-5,None,True,True,CASSLGGGQDTQYF,TGTGCAAGCAGCTTAGGGGGGGGCCAAGACACCCAGTACTTT,1114,1,None,None
ATTCTACCAGACGCTC-1,False,ATTCTACCAGACGCTC-1_contig_1,False,573,TRB,TRBV12-2+TRBV13-2,None,TRBJ2-7,None,True,True,CASGVQGWEQYF,TGTGCCAGCGGTGTACAGGGGTGGGAACAGTACTTC,1434,1,None,None
ATTCTACCAGACGCTC-1,False,ATTCTACCAGACGCTC-1_contig_2,False,595,TRA,TRAV4D-3,None,TRAJ27,TRAC,True,True,CAADGPNTGKLTF,TGTGCTGCGGACGGACCCAATACAGGCAAATTAACCTTT,1886,1,None,None
ATTCTACCAGGCTCAC-1,False,ATTCTACCAGGCTCAC-1_contig_1,False,557,TRB,TRBV12-2+TRBV13-2,None,TRBJ2-7,None,True,True,CASGVQGEQYF,TGTGCCAGCGGTGTTCAGGGAGAACAGTACTTC,1854,2,None,None
ATTCTACGTAGCACGA-1,False,ATTCTACGTAGCACGA-1_contig_1,False,558,TRA,TRAV19,None,TRAJ39,TRAC,True,True,CAAGGNNAGAKLTF,TGCGCAGCAGGTGGGAATAATGCAGGTGCCAAGCTCACATTC,1536,1,None,None
ATTCTACGTCCAACTA-1,False,ATTCTACGTCCAACTA-1_contig_1,False,538,TRA,TRAV19,None,TRAJ39,TRAC,True,True,CAAGGNNAGAKLTF,TGCGCAGCAGGTGGGAATAATGCAGGTGCCAAGCTCACATTC,2534,1,None,None
ATTCTACTCCGTTGTC-1,False,ATTCTACTCCGTTGTC-1_contig_1,False,515,TRB,TRBV13-1,None,TRBJ2-1,None,True,True,CASGGGDYAEQFF,TGTGCCAGCGGGGGGGGAGACTATGCTGAGCAGTTCTTC,2420,1,None,None
ATTGGACAGAATAGGG-1,False,ATTGGACAGAATAGGG-1_contig_1,False,592,TRB,TRBV12-2+TRBV13-2,None,TRBJ2-7,None,True,True,CASGVQGEQYF,TGTGCCAGCGGTGTTCAGGGAGAACAGTACTTC,1068,1,None,None
ATTGGACAGAATAGGG-1,False,ATTGGACAGAATAGGG-1_contig_2,False,505,TRB,TRBV13-1,None,TRBJ2-3,None,True,True,CASGDSAETLYF,TGTGCCAGCGGGGACAGTGCAGAAACGCTGTATTTT,1788,1,None,None
ATTGGACAGAATAGGG-1,False,ATTGGACAGAATAGGG-1_contig_3,False,568,TRA,TRAV4D-3,None,TRAJ27,TRAC,True,True,CAADGPNTGKLTF,TGTGCTGCGGACGGACCCAATACAGGCAAATTAACCTTT,2042,1,None,None
ATTGGACAGAATAGGG-1,False,ATTGGACAGAATAGGG-1_contig_4,True,487,TRA,TRAV3D-3,None,TRAJ28,TRAC,True,False,CTSAQSVRGTGSNRLTF,TGTACTTCTGCGCAGTCAGTGAGGGGCACTGGGAGTAACAGGCTCACTTTT,2022,1,None,None
ATTGGACAGAGGTACC-1,False,ATTGGACAGAGGTACC-1_contig_1,False,672,TRB,TRBV12-2+TRBV13-2,None,TRBJ1-5,TRBC1,True,True,CASGTGDNQAPLF,TGTGCCAGCGGGACAGGGGACAACCAGGCTCCGCTTTTT,1072,1,None,None
ATTGGACAGAGTCTGG-1,False,ATTGGACAGAGTCTGG-1_contig_1,False,518,TRA,TRAV8-1,None,TRAJ30,TRAC,True,True,CATDTNAYKVIF,TGTGCTACTGACACAAATGCTTACAAAGTCATCTTT,908,1,None,None
ATTGGACAGCAACGGT-1,False,ATTGGACAGCAACGGT-1_contig_1,False,515,TRB,TRBV13-1,None,TRBJ2-1,None,True,True,CASGGGDYAEQFF,TGTGCCAGCGGGGGGGGAGACTATGCTGAGCAGTTCTTC,280,1,None,None
ATTGGACAGGGCTTCC-1,False,ATTGGACAGGGCTTCC-1_contig_1,False,495,TRA,TRAV21-DV12,None,TRAJ42,TRAC,True,True,CILRVHGGSNAKLTF,TGTATCCTGAGAGTCCATGGAGGAAGCAATGCAAAGCTAACCTTC,2998,1,None,None
ATTGGACCACAGAGGT-1,False,ATTGGACCACAGAGGT-1_contig_1,False,525,TRA,TRAV3D-3,None,TRAJ9,TRAC,True,True,CAVMGYKLTF,TGCGCAGTCATGGGCTACAAACTTACCTTC,2380,1,None,None
ATTGGACCATCGGACC-1,False,ATTGGACCATCGGACC-1_contig_1,False,655,TRB,TRBV12-2+TRBV13-2,None,TRBJ1-2,TRBC1,True,True,CASGGGTGNSDYTF,TGTGCCAGCGGTGGGGGGACAGGGAACTCCGACTACACCTTC,1468,1,None,None
ATTGGACCATCGGGTC-1,False,ATTGGACCATCGGGTC-1_contig_1,False,477,TRA,TRAV4-3,None,TRAJ23,TRAC,True,False,None,None,1546,1,None,None
ATTGGACCATGTCCTC-1,False,ATTGGACCATGTCCTC-1_contig_1,False,520,TRA,TRAV8-1,None,TRAJ34,TRAC,True,True,CATDVSNTNKVVF,TGTGCTACTGATGTTTCCAATACCAACAAAGTCGTCTTT,4920,5,None,None
ATTGGACCATGTCCTC-1,False,ATTGGACCATGTCCTC-1_contig_2,False,572,TRA,TRAV6-6,None,TRAJ24,TRAC,True,True,CAPLTTASLGKLQF,TGTGCTCCGTTGACAACTGCCAGTTTGGGGAAACTGCAGTTT,4702,7,None,None
ATTGGACCATGTCCTC-1,False,ATTGGACCATGTCCTC-1_contig_3,False,558,TRA,TRAV19,None,TRAJ39,TRAC,True,True,CAAGGNNAGAKLTF,TGCGCAGCAGGTGGGAATAATGCAGGTGCCAAGCTCACATTC,8046,9,None,None
ATTGGACCATGTCCTC-1,False,ATTGGACCATGTCCTC-1_contig_4,False,512,TRB,TRBV13-1,None,TRBJ2-4,None,True,True,CASSEGTNTLYF,TGTGCCAGCAGTGAAGGAACAAACACCTTGTACTTT,8832,14,None,None
ATTGGACCATGTCCTC-1,False,ATTGGACCATGTCCTC-1_contig_5,False,586,TRB,TRBV12-2+TRBV13-2,None,TRBJ1-2,TRBC1,True,True,CASGGGTGNSDYTF,TGTGCCAGCGGTGGGGGGACAGGGAACTCCGACTACACCTTC,23788,41,None,None
ATTGGACCATGTCCTC-1,False,ATTGGACCATGTCCTC-1_contig_6,False,583,TRB,TRBV12-2+TRBV13-2,None,TRBJ1-5,TRBC1,True,True,CASGTGDNQAPLF,TGTGCCAGCGGGACAGGGGACAACCAGGCTCCGCTTTTT,17914,36,None,None
ATTGGACCATGTCCTC-1,False,ATTGGACCATGTCCTC-1_contig_7,False,512,TRA,TRAV7-5,None,TRAJ45,TRAC,True,False,CSDTEGADRLTF,TGCAGTGATACAGAAGGTGCAGATAGACTCACCTTT,78,1,None,None
ATTGGACCATGTCCTC-1,False,ATTGGACCATGTCCTC-1_contig_8,False,552,TRA,TRAV4-3,None,TRAJ32,TRAC,True,False,None,None,1750,2,None,None
ATTGGACCATGTCCTC-1,False,ATTGGACCATGTCCTC-1_contig_9,False,315,TRA,TRAV9D-2,None,TRAJ26,TRAC,True,False,CVLSRGNNYAQGLTF,TGTGTTCTGAGCAGGGGCAATAACTATGCCCAGGGATTAACCTTC,396,1,None,None
ATTGGACGTCATGCAT-1,False,ATTGGACGTCATGCAT-1_contig_1,False,590,TRB,TRBV12-1,None,TRBJ2-5,None,True,True,CASSPRDWDQDTQYF,TGTGCCAGCTCTCCTCGGGACTGGGACCAAGACACCCAGTACTTT,1880,1,None,None
ATTGGACGTTGCCTCT-1,False,ATTGGACGTTGCCTCT-1_contig_1,False,512,TRB,TRBV13-1,None,TRBJ2-4,None,True,True,CASSEGTNTLYF,TGTGCCAGCAGTGAAGGAACAAACACCTTGTACTTT,468,1,None,None
ATTGGACTCAACGCTA-1,False,ATTGGACTCAACGCTA-1_contig_1,False,549,TRB,TRBV16,None,TRBJ2-5,None,True,True,CASSLGGGQDTQYF,TGTGCAAGCAGCTTAGGGGGGGGCCAAGACACCCAGTACTTT,3632,2,None,None
ATTGGACTCAACTCTT-1,False,ATTGGACTCAACTCTT-1_contig_1,False,499,TRB,TRBV13-1,None,TRBJ2-4,None,True,True,CASSEGTNTLYF,TGTGCCAGCAGTGAAGGAACAAACACCTTGTACTTT,120,1,None,None
ATTGGACTCAGCTCTC-1,False,ATTGGACTCAGCTCTC-1_contig_1,False,501,TRB,TRBV31,None,TRBJ2-4,None,True,True,CAWDNQNTLYF,TGTGCCTGGGACAATCAAAACACCTTGTACTTT,2798,1,None,None
ATTGGACTCGCCAAAT-1,False,ATTGGACTCGCCAAAT-1_contig_1,False,594,TRB,None,None,TRBJ2-7,None,False,False,None,None,632,2,None,None
ATTGGACTCGCGATCG-1,False,ATTGGACTCGCGATCG-1_contig_1,False,494,TRA,TRAV6D-5,None,TRAJ38,TRAC,True,False,CTTVFWDNVGDNSKLIW,TGTACTACTGTGTTCTGGGATAATGTTGGTGACAACAGTAAGCTGATTTGG,1920,1,None,None
ATTGGACTCGTCTGAA-1,False,ATTGGACTCGTCTGAA-1_contig_1,False,516,TRA,TRAV6-6,None,TRAJ24,TRAC,True,True,CAPLTTASLGKLQF,TGTGCTCCGTTGACAACTGCCAGTTTGGGGAAACTGCAGTTT,1844,1,None,None
ATTGGACTCGTCTGAA-1,False,ATTGGACTCGTCTGAA-1_contig_2,False,566,TRA,TRAV3-3,None,TRAJ49,TRAC,True,True,CAVSGATGYQNFYF,TGCGCAGTCAGTGGGGCCACGGGTTACCAGAACTTCTATTTT,312,2,None,None
ATTGGACTCGTCTGAA-1,False,ATTGGACTCGTCTGAA-1_contig_3,False,555,TRB,TRBV12-2+TRBV13-2,None,TRBJ2-7,None,True,True,CASGVQGEQYF,TGTGCCAGCGGTGTTCAGGGAGAACAGTACTTC,3098,3,None,None
ATTGGACTCGTCTGAA-1,False,ATTGGACTCGTCTGAA-1_contig_4,False,512,TRB,TRBV13-1,None,TRBJ2-4,None,True,True,CASSEGTNTLYF,TGTGCCAGCAGTGAAGGAACAAACACCTTGTACTTT,6302,5,None,None
ATTGGACTCGTTACGA-1,False,ATTGGACTCGTTACGA-1_contig_1,False,545,TRA,TRAV14N-3,None,TRAJ34,TRAC,True,True,CAASAWANTNKVVF,TGTGCAGCAAGTGCATGGGCCAATACCAACAAAGTCGTCTTT,2036,1,None,None
ATTGGACTCTATCCTA-1,False,ATTGGACTCTATCCTA-1_contig_1,False,538,TRA,TRAV3D-3,None,TRAJ26,TRAC,True,True,CAVSANNYAQGLTF,TGCGCAGTCAGTGCAAATAACTATGCCCAGGGATTAACCTTC,1780,1,None,None
ATTGGTGAGAGTACCG-1,False,ATTGGTGAGAGTACCG-1_contig_1,False,509,TRB,TRBV13-1,None,TRBJ2-3,None,True,True,CASGDSAETLYF,TGTGCCAGCGGGGACAGTGCAGAAACGCTGTATTTT,1178,1,None,None
ATTGGTGAGCGTTCCG-1,False,ATTGGTGAGCGTTCCG-1_contig_1,False,402,TRB,None,None,TRBJ1-3,TRBC1,False,False,None,None,2446,1,None,None
ATTGGTGAGCTAAACA-1,False,ATTGGTGAGCTAAACA-1_contig_1,False,518,TRB,TRBV26,None,TRBJ2-1,None,True,True,CASSLHKFYAEQFF,TGTGCCAGCAGTCTGCACAAATTCTATGCTGAGCAGTTCTTC,1762,1,None,None
ATTGGTGAGCTAAACA-1,False,ATTGGTGAGCTAAACA-1_contig_2,False,568,TRB,TRBV14,None,TRBJ1-4,TRBC1,True,False,None,None,1728,1,None,None
ATTGGTGAGCTAGTTC-1,False,ATTGGTGAGCTAGTTC-1_contig_1,False,634,TRB,None,None,TRBJ2-7,None,False,False,None,None,1192,1,None,None
ATTGGTGAGGAGTCTG-1,False,ATTGGTGAGGAGTCTG-1_contig_1,False,605,TRA,TRAV14-2,None,TRAJ50,TRAC,True,True,CAATSSSSFSKLVF,TGTGCAGCAACTTCATCCTCCTCCTTCAGCAAGCTGGTGTTT,1978,1,None,None
ATTGGTGAGGGCATGT-1,False,ATTGGTGAGGGCATGT-1_contig_1,False,507,TRA,TRAV21-DV12,None,TRAJ42,TRAC,True,True,CILRVHGGSNAKLTF,TGTATCCTGAGAGTCCATGGAGGAAGCAATGCAAAGCTAACCTTC,1018,1,None,None
ATTGGTGAGGGTTCCC-1,False,ATTGGTGAGGGTTCCC-1_contig_1,False,606,TRB,TRBV12-2+TRBV13-2,None,TRBJ2-3,None,True,True,CASGDAPPGEGTLYF,TGTGCCAGCGGTGATGCACCTCCAGGGGAGGGAACGCTGTATTTT,1246,1,None,None
ATTGGTGAGGTGTGGT-1,False,ATTGGTGAGGTGTGGT-1_contig_1,False,525,TRA,TRAV7N-6,None,TRAJ30,TRAC,True,True,CAVVDTNAYKVIF,TGTGCAGTGGTTGACACAAATGCTTACAAAGTCATCTTT,1660,1,None,None
ATTGGTGAGTATCGAA-1,False,ATTGGTGAGTATCGAA-1_contig_1,False,549,TRB,TRBV16,None,TRBJ2-5,None,True,True,CASSLGGGQDTQYF,TGTGCAAGCAGCTTAGGGGGGGGCCAAGACACCCAGTACTTT,514,1,None,None
ATTGGTGAGTTGTAGA-1,False,ATTGGTGAGTTGTAGA-1_contig_1,False,547,TRA,TRAV8D-1,None,TRAJ6,TRAC,True,True,CATDAPTGNYKPTF,TGTGCTACTGATGCACCCACCGGAAACTACAAACCTACGTTT,1590,1,None,None
ATTGGTGCAAGCTGGA-1,False,ATTGGTGCAAGCTGGA-1_contig_1,False,566,TRB,TRBV12-2+TRBV13-2,None,TRBJ1-2,TRBC1,True,True,CASGGGTGNSDYTF,TGTGCCAGCGGTGGGGGGACAGGGAACTCCGACTACACCTTC,1104,1,None,None
ATTGGTGCAGATGGCA-1,False,ATTGGTGCAGATGGCA-1_contig_1,False,559,TRB,TRBV12-2+TRBV13-2,None,TRBJ2-7,None,True,True,CASGALWEQYF,TGTGCCAGCGGGGCTCTATGGGAACAGTACTTC,1226,1,None,None
ATTGGTGCAGCTGTGC-1,False,ATTGGTGCAGCTGTGC-1_contig_1,False,512,TRB,TRBV13-1,None,TRBJ2-3,None,True,True,CASGDSAETLYF,TGTGCCAGCGGGGACAGTGCAGAAACGCTGTATTTT,1426,1,None,None
ATTGGTGCATCACGTA-1,False,ATTGGTGCATCACGTA-1_contig_1,False,562,TRB,TRBV12-2+TRBV13-2,None,TRBJ2-7,None,True,True,CASGTGGDYEQYF,TGTGCCAGCGGGACTGGGGGGGACTATGAACAGTACTTC,1506,2,None,None
ATTGGTGCATCACGTA-1,False,ATTGGTGCATCACGTA-1_contig_2,True,520,Multi,TRDV2-2,None,TRAJ58,TRAC,True,False,CALMEPQGTGSKLSF,TGTGCTCTCATGGAGCCTCAAGGCACTGGGTCTAAGCTGTCATTT,2048,1,None,None
ATTGGTGCATCCTAGA-1,False,ATTGGTGCATCCTAGA-1_contig_1,False,560,TRB,TRBV12-2+TRBV13-2,None,TRBJ1-2,TRBC1,True,True,CASGGGTGNSDYTF,TGTGCCAGCGGTGGGGGGACAGGGAACTCCGACTACACCTTC,978,1,None,None
ATTGGTGCATCTCCCA-1,False,ATTGGTGCATCTCCCA-1_contig_1,False,563,TRB,TRBV12-2+TRBV13-2,None,TRBJ1-2,TRBC1,True,True,CASGGGTGNSDYTF,TGTGCCAGCGGTGGGGGGACAGGGAACTCCGACTACACCTTC,836,1,None,None
ATTGGTGGTACCATCA-1,False,ATTGGTGGTACCATCA-1_contig_1,False,658,TRA,None,None,TRAJ26,TRAC,False,False,None,None,4100,2,None,None
ATTGGTGGTACTTGAC-1,False,ATTGGTGGTACTTGAC-1_contig_1,False,356,TRB,TRBV13-2,None,TRBJ1-2,TRBC1,True,False,CASGGGTGNSDYTF,TGTGCCAGCGGTGGGGGGACAGGGAACTCCGACTACACCTTC,2658,1,None,None
ATTGGTGGTCATACTG-1,False,ATTGGTGGTCATACTG-1_contig_1,False,512,TRB,TRBV26,None,TRBJ2-5,None,True,True,CASSRGTDTQYF,TGTGCCAGCAGCCGCGGGACCGACACCCAGTACTTT,474,1,None,None
ATTGGTGGTCCCTTGT-1,False,ATTGGTGGTCCCTTGT-1_contig_1,False,505,TRB,TRBV13-1,None,TRBJ2-2,None,True,True,CASSEGTGQLYF,TGTGCCAGCAGTGAGGGCACCGGGCAGCTCTACTTT,1426,1,None,None
ATTTCTGAGACAGGCT-1,False,ATTTCTGAGACAGGCT-1_contig_1,False,525,TRB,TRBV17,None,TRBJ2-5,None,True,True,CASSRKGSQDTQYF,TGTGCTAGCAGTAGAAAGGGTTCTCAAGACACCCAGTACTTT,256,1,None,None
ATTTCTGAGACTTTCG-1,False,ATTTCTGAGACTTTCG-1_contig_1,False,575,TRA,TRAV14-2,None,TRAJ50,TRAC,True,True,CAATSSSSFSKLVF,TGTGCAGCAACTTCATCCTCCTCCTTCAGCAAGCTGGTGTTT,2646,1,None,None
ATTTCTGAGCTTTGGT-1,False,ATTTCTGAGCTTTGGT-1_contig_1,False,512,TRA,TRAV16D-DV11,None,TRAJ26,TRAC,True,True,CAMREENNYAQGLTF,TGTGCTATGAGAGAGGAAAATAACTATGCCCAGGGATTAACCTTC,1962,1,None,None
ATTTCTGAGTTGTCGT-1,False,ATTTCTGAGTTGTCGT-1_contig_1,False,584,TRB,TRBV12-2+TRBV13-2,None,TRBJ1-5,TRBC1,True,True,CASGTGDNQAPLF,TGTGCCAGCGGTACAGGAGACAACCAGGCTCCGCTTTTT,1024,1,None,None
ATTTCTGCAACTGCTA-1,False,ATTTCTGCAACTGCTA-1_contig_1,False,315,TRB,None,None,TRBJ2-1,None,False,False,None,None,2624,1,None,None
ATTTCTGCAGTAGAGC-1,False,ATTTCTGCAGTAGAGC-1_contig_1,False,521,TRB,TRBV12-2+TRBV13-2,None,TRBJ2-7,None,True,False,CASGVQGEQYF,TGTGCCAGCGGTGTTCAGGGAGAACAGTACTTC,1828,1,None,None
ATTTCTGGTAGAGGAA-1,False,ATTTCTGGTAGAGGAA-1_contig_1,False,549,TRA,TRAV8N-2,None,TRAJ13,TRAC,True,True,CATEDSGTYQRF,TGTGCTACTGAGGATTCTGGGACTTACCAGAGGTTT,2058,1,None,None
ATTTCTGGTCAAAGAT-1,False,ATTTCTGGTCAAAGAT-1_contig_1,False,411,TRA,TRAV16D-DV11,None,TRAJ26,TRAC,True,False,None,None,2046,1,None,None
ATTTCTGGTCGCATAT-1,False,ATTTCTGGTCGCATAT-1_contig_1,False,565,TRB,TRBV12-2+TRBV13-2,None,TRBJ2-7,None,True,True,CASGVQGWEQYF,TGTGCCAGCGGTGTACAGGGGTGGGAACAGTACTTC,962,1,None,None
ATTTCTGGTCGCTTTC-1,False,ATTTCTGGTCGCTTTC-1_contig_1,False,517,TRA,TRAV7D-2,None,TRAJ6,TRAC,True,True,CAAPTSGGNYKPTF,TGTGCAGCCCCAACCTCAGGAGGAAACTACAAACCTACGTTT,2160,1,None,None
ATTTCTGTCAGGCAAG-1,False,ATTTCTGTCAGGCAAG-1_contig_1,False,522,TRA,TRAV7N-6,None,TRAJ34,TRAC,True,True,CAISSNTNKVVF,TGTGCAATTTCTTCCAATACCAACAAAGTCGTCTTT,1984,1,None,None
ATTTCTGTCGGATGTT-1,False,ATTTCTGTCGGATGTT-1_contig_1,False,533,TRA,TRAV4-3,None,TRAJ23,TRAC,True,False,None,None,1582,1,None,None
CAACCAAAGCCCGAAA-1,False,CAACCAAAGCCCGAAA-1_contig_1,False,378,TRB,None,None,TRBJ1-2,TRBC1,False,False,None,None,4352,2,None,None
CAACCAAAGGAGCGTT-1,False,CAACCAAAGGAGCGTT-1_contig_1,False,554,TRB,TRBV12-2+TRBV13-2,None,TRBJ2-7,None,True,True,CASGVQGWEQYF,TGTGCCAGCGGTGTACAGGGGTGGGAACAGTACTTC,1192,1,None,None
CAACCAAAGTCAATAG-1,False,CAACCAAAGTCAATAG-1_contig_1,False,366,TRB,None,None,TRBJ2-1,None,False,False,None,None,3534,2,None,None
CAACCAACACAACTGT-1,False,CAACCAACACAACTGT-1_contig_1,False,512,TRB,TRBV26,None,TRBJ1-1,TRBC1,True,True,CASSRGNTEVFF,TGTGCCAGCAGCCGCGGAAACACAGAAGTCTTCTTT,1908,1,None,None
CAACCAACACAACTGT-1,False,CAACCAACACAACTGT-1_contig_2,False,329,TRB,None,None,TRBJ1-5,TRBC1,False,False,None,None,2750,1,None,None
CAACCAAGTCGCGAAA-1,False,CAACCAAGTCGCGAAA-1_contig_1,False,576,TRB,TRBV12-2+TRBV13-2,None,TRBJ2-7,None,True,True,CASGTGGDYEQYF,TGTGCCAGCGGGACTGGGGGGGACTATGAACAGTACTTC,1472,1,None,None
CAACCAAGTGCACTTA-1,False,CAACCAAGTGCACTTA-1_contig_1,False,557,TRB,TRBV12-2+TRBV13-2,None,TRBJ2-7,None,True,True,CASGVQGEQYF,TGTGCCAGCGGTGTTCAGGGAGAACAGTACTTC,950,1,None,None
CAACCAAGTGTGCGTC-1,False,CAACCAAGTGTGCGTC-1_contig_1,False,514,TRB,TRBV13-3,None,TRBJ1-3,TRBC1,True,True,CASSEHPLSGNTLYF,TGTGCCAGCAGTGAGCACCCCCTTTCTGGAAATACGCTCTATTTT,1142,1,None,None
CAACCAATCAGAGCTT-1,False,CAACCAATCAGAGCTT-1_contig_1,False,638,TRB,TRBV12-2+TRBV13-2,None,TRBJ1-2,TRBC1,True,True,CASGGGTGNSDYTF,TGTGCCAGCGGTGGGGGGACAGGGAACTCCGACTACACCTTC,1316,1,None,None
CAACCAATCATCATTC-1,False,CAACCAATCATCATTC-1_contig_1,False,525,TRB,TRBV17,None,TRBJ2-5,None,True,True,CASSRKGSQDTQYF,TGTGCTAGCAGTAGAAAGGGTTCTCAAGACACCCAGTACTTT,2794,1,None,None
CAACCAATCTTGTTTG-1,False,CAACCAATCTTGTTTG-1_contig_1,False,538,TRA,TRAV19,None,TRAJ39,TRAC,True,True,CAAGGNNAGAKLTF,TGCGCAGCAGGTGGGAATAATGCAGGTGCCAAGCTCACATTC,470,1,None,None
CAACCTCAGAGGGATA-1,False,CAACCTCAGAGGGATA-1_contig_1,False,522,TRB,TRBV5,None,TRBJ1-5,TRBC1,True,True,CASSHPGQNNQAPLF,TGTGCCAGCAGCCACCCGGGACAGAACAACCAGGCTCCGCTTTTT,840,1,None,None
CAACCTCAGATCGATA-1,False,CAACCTCAGATCGATA-1_contig_1,False,507,TRB,TRBV13-1,None,TRBJ2-4,None,True,True,CASSEGTNTLYF,TGTGCCAGCAGTGAAGGAACAAACACCTTGTACTTT,3452,2,None,None
CAACCTCAGATTACCC-1,False,CAACCTCAGATTACCC-1_contig_1,False,508,TRB,TRBV13-1,None,TRBJ2-1,None,True,True,CASGGGDYAEQFF,TGTGCCAGCGGGGGGGGAGACTATGCTGAGCAGTTCTTC,1698,1,None,None
CAACCTCCACCTCGGA-1,False,CAACCTCCACCTCGGA-1_contig_1,False,390,TRB,TRBV13-2,None,TRBJ1-5,TRBC1,True,False,CASGTGDNQAPLF,TGTGCCAGCGGTACAGGGGACAACCAGGCTCCGCTTTTT,1870,1,None,None
CAACCTCCATATACGC-1,False,CAACCTCCATATACGC-1_contig_1,False,547,TRA,TRAV16D-DV11,None,TRAJ26,TRAC,True,True,CAMREENNYAQGLTF,TGTGCTATGAGAGAGGAAAATAACTATGCCCAGGGATTAACCTTC,2202,1,None,None
CAACCTCGTAGGCTGA-1,False,CAACCTCGTAGGCTGA-1_contig_1,False,525,TRA,TRAV4D-3,None,TRAJ27,TRAC,True,True,CAADGPNTGKLTF,TGTGCTGCTGACGGGCCCAATACAGGCAAATTAACCTTT,1832,1,None,None
CAACCTCGTCCGAGTC-1,False,CAACCTCGTCCGAGTC-1_contig_1,False,563,TRB,TRBV12-2+TRBV13-2,None,TRBJ1-5,TRBC1,True,True,CASGTGDNQAPLF,TGTGCCAGCGGTACAGGGGATAACCAGGCTCCGCTTTTT,2140,1,None,None
CAACCTCGTCCGAGTC-1,False,CAACCTCGTCCGAGTC-1_contig_2,False,468,TRB,None,None,TRBJ1-6,TRBC1,False,False,None,None,1382,1,None,None
CAACCTCGTCTCCACT-1,False,CAACCTCGTCTCCACT-1_contig_1,False,512,TRB,TRBV13-1,None,TRBJ2-4,None,True,True,CASSEGTNTLYF,TGTGCCAGCAGTGAAGGAACAAACACCTTGTACTTT,1316,1,None,None
CAACCTCGTGATGTCT-1,False,CAACCTCGTGATGTCT-1_contig_1,False,561,TRB,TRBV12-2+TRBV13-2,None,TRBJ2-7,None,True,True,CASGVQGWEQYF,TGTGCCAGCGGTGTACAGGGGTGGGAACAGTACTTC,1224,1,None,None
CAACCTCGTTGGGACA-1,False,CAACCTCGTTGGGACA-1_contig_1,False,472,TRA,TRAV16D-DV11,None,TRAJ22,TRAC,True,False,CAMREALSSGSWQLIF,TGTGCTATGAGAGAGGCCCTATCTTCTGGCAGCTGGCAACTCATCTTT,2598,1,None,None
CAACCTCGTTGTACAC-1,False,CAACCTCGTTGTACAC-1_contig_1,False,538,TRA,TRAV19,None,TRAJ39,TRAC,True,True,CAAGGNNAGAKLTF,TGCGCAGCAGGTGGGAATAATGCAGGTGCCAAGCTCACATTC,2266,1,None,None
CAACCTCTCACATGCA-1,False,CAACCTCTCACATGCA-1_contig_1,False,505,TRB,TRBV13-1,None,TRBJ2-4,None,True,True,CASSEGTNTLYF,TGTGCCAGCAGTGAAGGAACAAACACCTTGTACTTT,230,1,None,None
CAACCTCTCTGTCTAT-1,False,CAACCTCTCTGTCTAT-1_contig_1,False,525,TRA,TRAV7N-6,None,TRAJ30,TRAC,True,True,CAVVDTNAYKVIF,TGTGCAGTGGTTGACACAAATGCTTACAAAGTCATCTTT,332,1,None,None
CAACTAGAGATATACG-1,False,CAACTAGAGATATACG-1_contig_1,False,549,TRB,TRBV16,None,TRBJ2-5,None,True,True,CASSLGGRGDTQYF,TGTGCAAGCAGCTTAGGGGGGCGCGGAGACACCCAGTACTTT,1726,1,None,None
CAACTAGAGCTAGCCC-1,False,CAACTAGAGCTAGCCC-1_contig_1,False,549,TRB,TRBV16,None,TRBJ2-5,None,True,True,CASSLGGGQDTQYF,TGTGCAAGCAGCTTAGGGGGGGGCCAAGACACCCAGTACTTT,1648,2,None,None
CAACTAGAGCTAGTGG-1,False,CAACTAGAGCTAGTGG-1_contig_1,False,507,TRA,TRAV21-DV12,None,TRAJ42,TRAC,True,True,CILRVHGGSNAKLTF,TGTATCCTGAGAGTCCATGGAGGAAGCAATGCAAAGCTAACCTTC,654,1,None,None
CAACTAGAGCTAGTGG-1,False,CAACTAGAGCTAGTGG-1_contig_2,False,562,TRB,TRBV12-2+TRBV13-2,None,TRBJ2-7,None,True,True,CASGVQGGEQYF,TGTGCCAGCGGTGTGCAGGGGGGAGAACAGTACTTC,1576,1,None,None
CAACTAGAGCTATGCT-1,False,CAACTAGAGCTATGCT-1_contig_1,False,559,TRA,TRAV4D-3,None,TRAJ27,TRAC,True,True,CAADGPNTGKLTF,TGTGCTGCTGACGGGCCCAATACAGGCAAATTAACCTTT,1136,1,None,None
CAACTAGGTACGCACC-1,False,CAACTAGGTACGCACC-1_contig_1,False,549,TRB,TRBV16,None,TRBJ2-5,None,True,True,CASSLGGGADTQYF,TGTGCAAGCAGCTTAGGGGGGGGCGCGGACACCCAGTACTTT,1572,1,None,None
CAACTAGGTACGCACC-1,False,CAACTAGGTACGCACC-1_contig_2,False,525,TRB,TRBV17,None,TRBJ2-5,None,True,True,CASSRKGSQDTQYF,TGTGCTAGCAGTAGAAAGGGTTCTCAAGACACCCAGTACTTT,884,2,None,None
CAACTAGGTAGCTCCG-1,False,CAACTAGGTAGCTCCG-1_contig_1,False,475,TRB,TRBV12-2+TRBV13-2,None,TRBJ2-7,None,True,True,CASGVQGEQYF,TGTGCCAGCGGTGTTCAGGGAGAACAGTACTTC,1050,1,None,None
CAACTAGGTAGCTCCG-1,False,CAACTAGGTAGCTCCG-1_contig_2,False,512,TRB,TRBV13-1,None,TRBJ2-4,None,True,True,CASSEGTNTLYF,TGTGCCAGCAGTGAAGGAACAAACACCTTGTACTTT,4932,3,None,None
CAACTAGGTTGAGGTG-1,False,CAACTAGGTTGAGGTG-1_contig_1,False,380,TRB,None,None,TRBJ2-3,None,False,False,None,None,1012,1,None,None
CAACTAGGTTGATTGC-1,False,CAACTAGGTTGATTGC-1_contig_1,False,549,TRB,TRBV16,None,TRBJ2-5,None,True,True,CASSLGGGQDTQYF,TGTGCAAGCAGCTTAGGGGGGGGCCAAGACACCCAGTACTTT,3536,2,None,None
CAACTAGTCAACGCTA-1,False,CAACTAGTCAACGCTA-1_contig_1,False,504,TRA,TRAV3-3,None,TRAJ31,TRAC,True,True,CAVSAGNNRIFF,TGCGCAGTCAGTGCAGGCAATAACAGAATCTTCTTT,1950,1,None,None
CAACTAGTCCAAGCCG-1,False,CAACTAGTCCAAGCCG-1_contig_1,False,320,TRB,None,None,TRBJ2-1,None,False,False,None,None,370,1,None,None
CAACTAGTCCGAATGT-1,False,CAACTAGTCCGAATGT-1_contig_1,False,583,TRB,TRBV12-2+TRBV13-2,None,TRBJ1-5,TRBC1,True,False,CASGTGDNQAPLF,TGTGCCAGCGGGACAGGGGACAACCAGGCTCCGCTTTTT,1848,1,None,None
CAACTAGTCCGCGTTT-1,False,CAACTAGTCCGCGTTT-1_contig_1,False,558,TRA,TRAV19,None,TRAJ39,TRAC,True,True,CAAGGNNAGAKLTF,TGCGCAGCAGGTGGGAATAATGCAGGTGCCAAGCTCACATTC,2080,1,None,None
CAACTAGTCGCCATAA-1,False,CAACTAGTCGCCATAA-1_contig_1,False,569,TRB,TRBV12-2+TRBV13-2,None,TRBJ1-2,TRBC1,True,True,CASGGGTGNSDYTF,TGTGCCAGCGGTGGGGGGACAGGGAACTCCGACTACACCTTC,1664,1,None,None
CAACTAGTCGCCATAA-1,False,CAACTAGTCGCCATAA-1_contig_2,False,433,TRB,None,None,TRBJ2-7,None,False,False,None,None,1858,1,None,None
CAACTAGTCTCCCTGA-1,False,CAACTAGTCTCCCTGA-1_contig_1,False,583,TRB,TRBV12-2+TRBV13-2,None,TRBJ2-7,None,True,True,CASGVQGGEQYF,TGTGCCAGCGGTGTGCAGGGGGGAGAACAGTACTTC,1094,1,None,None
CAACTAGTCTTAGCCC-1,False,CAACTAGTCTTAGCCC-1_contig_1,False,560,TRA,TRAV4D-3,None,TRAJ27,TRAC,True,True,CAADGPNTGKLTF,TGTGCTGCGGACGGACCCAATACAGGCAAATTAACCTTT,1634,1,None,None
CAAGAAAAGATGCCTT-1,False,CAAGAAAAGATGCCTT-1_contig_1,False,505,TRB,TRBV13-1,None,TRBJ2-4,None,True,True,CASSEGTNTLYF,TGTGCCAGCAGTGAAGGAACAAACACCTTGTACTTT,1642,1,None,None
CAAGAAAAGCGTGAAC-1,False,CAAGAAAAGCGTGAAC-1_contig_1,False,658,TRA,TRAV9-2,None,TRAJ30,TRAC,True,False,CVSDDTNAYKVIF,TGTGTTTCGGATGACACAAATGCTTACAAAGTCATCTTT,1060,1,None,None
CAAGAAACAACTGGCC-1,False,CAAGAAACAACTGGCC-1_contig_1,False,601,TRB,TRBV13-1,None,TRBJ2-3,None,True,False,CASGDSAETLYF,TGTGCCAGCGGGGACAGTGCAGAAACGCTGTATTTT,1382,1,None,None
CAAGAAACAAGAAAGG-1,False,CAAGAAACAAGAAAGG-1_contig_1,False,560,TRA,TRAV4D-3,None,TRAJ27,TRAC,True,True,CAADGPNTGKLTF,TGTGCTGCGGACGGACCCAATACAGGCAAATTAACCTTT,1450,1,None,None
CAAGAAACAAGGCTCC-1,False,CAAGAAACAAGGCTCC-1_contig_1,True,532,TRB,TRBV13-2,None,TRBJ1-4,TRBC1,True,True,CASGDAPERLFF,TGTGCCAGCGGTGATGCTCCCGAAAGATTATTTTTC,3028,2,None,None
CAAGAAACAAGGCTCC-1,False,CAAGAAACAAGGCTCC-1_contig_2,False,560,TRA,TRAV3-3,None,TRAJ31,TRAC,True,True,CAVSAGNNRIFF,TGCGCAGTCAGTGCAGGCAATAACAGAATCTTCTTT,1884,1,None,None
CAAGAAACACAACTGT-1,False,CAAGAAACACAACTGT-1_contig_1,False,505,TRB,TRBV13-1,None,TRBJ2-3,None,True,True,CASGDSAETLYF,TGTGCCAGCGGGGACAGTGCAGAAACGCTGTATTTT,744,1,None,None
CAAGAAACAGGAACGT-1,False,CAAGAAACAGGAACGT-1_contig_1,False,555,TRA,TRAV3-3,None,TRAJ49,TRAC,True,True,CAVSGSTGYQNFYF,TGCGCAGTCAGTGGGAGCACGGGTTACCAGAACTTCTATTTT,1584,1,None,None
CAAGAAACAGGAACGT-1,False,CAAGAAACAGGAACGT-1_contig_2,False,561,TRB,TRBV12-2+TRBV13-2,None,TRBJ2-7,None,True,True,CASGVQGWEQYF,TGTGCCAGCGGTGTACAGGGGTGGGAACAGTACTTC,3326,2,None,None
CAAGAAACAGGAATGC-1,False,CAAGAAACAGGAATGC-1_contig_1,False,566,TRA,TRAV12-2,None,TRAJ34,TRAC,True,True,CALSGNTNKVVF,TGTGCTTTGAGTGGCAATACCAACAAAGTCGTCTTT,370,2,None,None
CAAGAAACAGGAATGC-1,False,CAAGAAACAGGAATGC-1_contig_2,False,327,TRB,TRBV13-1,None,TRBJ2-1,None,True,False,CASGGAYAEQFF,TGTGCCAGCGGGGGGGCGTATGCTGAGCAGTTCTTC,2538,1,None,None
CAAGAAACATCACGAT-1,False,CAAGAAACATCACGAT-1_contig_1,False,527,TRB,TRBV13-1,None,TRBJ2-3,None,True,False,CASGDSAETLYF,TGTGCCAGCGGGGACAGTGCAGAAACGCTGTATTTT,476,1,None,None
CAAGAAACATGTAGTC-1,False,CAAGAAACATGTAGTC-1_contig_1,False,717,TRA,TRAV9N-4,None,TRAJ22,TRAC,True,True,CALPSSGSWQLIF,TGTGCTCTCCCATCTTCTGGCAGCTGGCAACTCATCTTT,1820,1,None,None
CAAGAAAGTCGACTAT-1,False,CAAGAAAGTCGACTAT-1_contig_1,False,564,TRB,TRBV12-2+TRBV13-2,None,TRBJ1-2,TRBC1,True,True,CASGGGTGNSDYTF,TGTGCCAGCGGTGGGGGGACAGGGAACTCCGACTACACCTTC,582,1,None,None
CAAGAAAGTGCGCTTG-1,False,CAAGAAAGTGCGCTTG-1_contig_1,False,522,TRA,TRAV14D-3-DV8,None,TRAJ6,TRAC,True,True,CAARTSGGNYKPTF,TGTGCAGCAAGAACCTCAGGAGGAAACTACAAACCTACGTTT,2118,1,None,None
CAAGAAATCTTAGCCC-1,False,CAAGAAATCTTAGCCC-1_contig_1,False,550,TRA,TRAV6-6,None,TRAJ24,TRAC,True,True,CAPLTTASLGKLQF,TGTGCTCCGTTGACAACTGCCAGTTTGGGGAAACTGCAGTTT,1874,1,None,None
CAAGAAATCTTAGCCC-1,False,CAAGAAATCTTAGCCC-1_contig_2,True,367,TRA,TRAV9D-2,None,TRAJ26,TRAC,True,False,CVLSRGNNYAQGLTF,TGTGTTCTGAGCAGGGGCAATAACTATGCCCAGGGATTAACCTTC,2004,1,None,None
CAAGAAATCTTAGCCC-1,False,CAAGAAATCTTAGCCC-1_contig_3,True,317,TRB,TRBV13-2,None,TRBJ2-5,None,True,False,CASGDW,TGTGCCAGCGGTGACTGG,2182,1,None,None
CAAGATCAGACTAGAT-1,False,CAAGATCAGACTAGAT-1_contig_1,False,566,TRA,TRAV14N-3,None,TRAJ6,TRAC,True,True,CAARTSGGNYKPTF,TGTGCAGCAAGAACCTCAGGAGGAAACTACAAACCTACGTTT,794,1,None,None
CAAGATCCACTCAGGC-1,False,CAAGATCCACTCAGGC-1_contig_1,False,567,TRA,TRAV16D-DV11,None,TRAJ26,TRAC,True,True,CAMREENNYAQGLTF,TGTGCTATGAGAGAGGAAAATAACTATGCCCAGGGATTAACCTTC,474,1,None,None
CAAGATCCATCACCCT-1,False,CAAGATCCATCACCCT-1_contig_1,False,512,TRA,TRAV13N-1,None,TRAJ57,TRAC,True,True,CAMANQGGSAKLIF,TGTGCTATGGCGAATCAAGGAGGGTCTGCGAAGCTCATCTTT,2018,1,None,None
CAAGATCCATCACCCT-1,False,CAAGATCCATCACCCT-1_contig_2,True,388,TRB,None,None,TRBJ2-7,None,False,False,None,None,2636,2,None,None
CAAGATCGTAAACACA-1,False,CAAGATCGTAAACACA-1_contig_1,False,549,TRA,TRAV8N-2,None,TRAJ13,TRAC,True,True,CATEDSGTYQRF,TGTGCTACTGAGGATTCTGGGACTTACCAGAGGTTT,1984,1,None,None
CAAGATCGTAAGGATT-1,False,CAAGATCGTAAGGATT-1_contig_1,False,541,TRA,TRAV8-1,None,TRAJ49,TRAC,True,True,CATDAGGYQNFYF,TGTGCTACTGATGCGGGGGGTTACCAGAACTTCTATTTT,1048,1,None,None
CAAGATCGTAAGGATT-1,False,CAAGATCGTAAGGATT-1_contig_2,False,516,TRA,TRAV12-3,None,TRAJ40,TRAC,True,False,CPVLLCSECHVNTGNYKYVF,TGCCCTGTACTACTGTGCTCTGAGTGTCACGTTAATACAGGAAACTACAAATACGTCTTT,984,1,None,None
CAAGATCGTATTCGTG-1,False,CAAGATCGTATTCGTG-1_contig_1,False,568,TRB,TRBV12-2+TRBV13-2,None,TRBJ1-2,TRBC1,True,True,CASGGGTGNSDYTF,TGTGCCAGCGGTGGGGGGACAGGGAACTCCGACTACACCTTC,1108,1,None,None
CAAGATCGTGACGCCT-1,False,CAAGATCGTGACGCCT-1_contig_1,False,519,TRA,TRAV6-6,None,TRAJ39,TRAC,True,True,CALGDWNNAGAKLTF,TGTGCTCTGGGTGATTGGAATAATGCAGGTGCCAAGCTCACATTC,1604,1,None,None
CAAGATCGTTACCAGT-1,False,CAAGATCGTTACCAGT-1_contig_1,False,565,TRB,TRBV12-2+TRBV13-2,None,TRBJ1-2,TRBC1,True,True,CASGGGTGNSDYTF,TGTGCCAGCGGTGGGGGGACAGGGAACTCCGACTACACCTTC,1022,1,None,None
CAAGATCGTTACGGAG-1,False,CAAGATCGTTACGGAG-1_contig_1,False,562,TRB,TRBV12-2+TRBV13-2,None,TRBJ2-7,None,True,True,CASGVQGWEQYF,TGTGCCAGCGGTGTACAGGGGTGGGAACAGTACTTC,1560,1,None,None
CAAGATCTCAGAGACG-1,False,CAAGATCTCAGAGACG-1_contig_1,False,641,TRB,TRBV12-2+TRBV13-2,None,TRBJ1-5,TRBC1,True,True,CASGTGDNQAPLF,TGTGCCAGCGGTACAGGGGACAACCAGGCTCCGCTTTTT,1554,1,None,None
CAAGATCTCATCTGTT-1,False,CAAGATCTCATCTGTT-1_contig_1,False,533,TRA,TRAV13D-2,None,TRAJ11,TRAC,True,True,CAIDLDSGYNKLTF,TGTGCTATAGATCTTGACTCGGGATACAACAAACTCACTTTT,1270,1,None,None
CAAGATCTCCGCAGTG-1,False,CAAGATCTCCGCAGTG-1_contig_1,False,651,TRA,TRAV14N-3,None,TRAJ6,TRAC,True,True,CAARTSGGNYKPTF,TGTGCAGCAAGAACCTCAGGAGGAAACTACAAACCTACGTTT,5064,4,None,None
CAAGATCTCCGCAGTG-1,False,CAAGATCTCCGCAGTG-1_contig_2,False,566,TRB,TRBV12-2+TRBV13-2,None,TRBJ2-7,None,True,True,CASGTGGDYEQYF,TGTGCCAGCGGGACTGGGGGGGACTATGAACAGTACTTC,494,1,None,None
CAAGATCTCGCCGTGA-1,False,CAAGATCTCGCCGTGA-1_contig_1,False,558,TRA,TRAV19,None,TRAJ39,TRAC,True,True,CAAGGNNAGAKLTF,TGCGCAGCAGGTGGGAATAATGCAGGTGCCAAGCTCACATTC,1820,1,None,None
CAAGATCTCGCCGTGA-1,False,CAAGATCTCGCCGTGA-1_contig_2,False,515,TRB,TRBV26,None,TRBJ2-5,None,True,True,CASSRGTDTQYF,TGTGCCAGCAGCCGCGGGACCGACACCCAGTACTTT,1262,1,None,None
CAAGATCTCGCCGTGA-1,False,CAAGATCTCGCCGTGA-1_contig_3,False,575,TRA,TRAV12-2,None,TRAJ37,TRAC,True,True,CALSPQTGNTGKLIF,TGTGCTTTGAGCCCCCAAACAGGCAATACCGGAAAACTCATCTTT,1708,1,None,None
CAAGATCTCGCCGTGA-1,False,CAAGATCTCGCCGTGA-1_contig_4,False,564,TRB,TRBV12-2+TRBV13-2,None,TRBJ2-1,None,True,True,CASGTGDYAEQFF,TGTGCCAGCGGGACTGGGGACTATGCTGAGCAGTTCTTC,1736,1,None,None
CAAGATCTCGCCGTGA-1,False,CAAGATCTCGCCGTGA-1_contig_5,True,400,TRB,None,None,TRBJ1-3,TRBC1,False,False,None,None,2040,1,None,None
CAAGATCTCTGGCGAC-1,False,CAAGATCTCTGGCGAC-1_contig_1,False,568,TRB,TRBV12-2+TRBV13-2,None,TRBJ2-2,None,True,True,CASGGTGGANTGQLYF,TGTGCCAGCGGTGGGACTGGGGGGGCTAACACCGGGCAGCTCTACTTT,784,2,None,None
CAAGATCTCTTGCCGT-1,False,CAAGATCTCTTGCCGT-1_contig_1,False,580,TRB,TRBV13-2,None,TRBJ1-2,TRBC1,True,True,CASGGQGPDYTF,TGTGCCAGCGGGGGACAGGGACCCGACTACACCTTC,980,1,None,None
CAAGGCCAGAAGAAGC-1,False,CAAGGCCAGAAGAAGC-1_contig_1,False,507,TRB,TRBV13-1,None,TRBJ2-1,None,True,True,CASGGGDYAEQFF,TGTGCCAGCGGGGGGGGAGACTATGCTGAGCAGTTCTTC,1262,1,None,None
CAAGGCCAGAGATGAG-1,False,CAAGGCCAGAGATGAG-1_contig_1,False,559,TRA,TRAV4D-4,None,TRAJ30,TRAC,True,False,None,None,858,1,None,None
CAAGGCCAGCCACCTG-1,False,CAAGGCCAGCCACCTG-1_contig_1,False,502,TRB,TRBV5,None,TRBJ2-2,None,True,True,CASSTGQLYF,TGTGCCAGCAGCACCGGGCAGCTCTACTTT,698,1,None,None
CAAGGCCAGGATATAC-1,False,CAAGGCCAGGATATAC-1_contig_1,False,553,TRA,TRAV16D-DV11,None,TRAJ9,TRAC,True,True,CAMRESNMGYKLTF,TGTGCTATGAGAGAGAGCAACATGGGCTACAAACTTACCTTC,2600,1,None,None
CAAGGCCAGGTAAACT-1,False,CAAGGCCAGGTAAACT-1_contig_1,False,552,TRA,TRAV8N-2,None,TRAJ43,TRAC,True,False,CATDANNNNAPRF,TGTGCTACTGATGCCAATAACAACAATGCCCCACGATTT,2410,1,None,None
CAAGGCCAGTCACGCC-1,False,CAAGGCCAGTCACGCC-1_contig_1,False,351,TRB,None,None,TRBJ1-2,TRBC1,False,False,None,None,1664,1,None,None
CAAGGCCAGTGAAGAG-1,False,CAAGGCCAGTGAAGAG-1_contig_1,False,599,TRB,TRBV13-1,None,TRBJ2-3,None,True,False,CASGDSAETLYF,TGTGCCAGCGGGGACAGTGCAGAAACGCTGTATTTT,1824,1,None,None
CAAGGCCCAATCCGAT-1,False,CAAGGCCCAATCCGAT-1_contig_1,False,643,TRB,TRBV12-2+TRBV13-2,None,TRBJ1-2,TRBC1,True,True,CASGGGTGNSDYTF,TGTGCCAGCGGTGGGGGGACAGGGAACTCCGACTACACCTTC,1340,1,None,None
CAAGGCCCACCACCAG-1,False,CAAGGCCCACCACCAG-1_contig_1,False,568,TRB,TRBV12-2+TRBV13-2,None,TRBJ1-2,TRBC1,True,True,CASGGGTGNSDYTF,TGTGCCAGCGGTGGGGGGACAGGGAACTCCGACTACACCTTC,1412,1,None,None
CAAGGCCCATTCTCAT-1,False,CAAGGCCCATTCTCAT-1_contig_1,False,558,TRB,TRBV12-2+TRBV13-2,None,TRBJ1-2,TRBC1,True,True,CASGGGTGNSDYTF,TGTGCCAGCGGTGGGGGGACAGGGAACTCCGACTACACCTTC,340,1,None,None
CAAGGCCGTATAAACG-1,False,CAAGGCCGTATAAACG-1_contig_1,False,368,TRB,None,None,TRBJ1-1,TRBC1,False,False,None,None,2784,1,None,None
CAAGGCCGTCTCGTTC-1,False,CAAGGCCGTCTCGTTC-1_contig_1,True,538,TRA,TRAV3D-3,None,TRAJ28,TRAC,True,False,CTSAQSVRGTGSNRLTF,TGTACTTCTGCGCAGTCAGTGAGGGGCACTGGGAGTAACAGGCTCACTTTT,1958,2,None,None
CAAGGCCGTGCAGTAG-1,False,CAAGGCCGTGCAGTAG-1_contig_1,False,344,TRB,None,None,TRBJ2-3,None,False,False,None,None,360,1,None,None
CAAGGCCTCACCAGGC-1,False,CAAGGCCTCACCAGGC-1_contig_1,False,377,TRB,None,None,TRBJ1-1,TRBC1,False,False,None,None,2972,1,None,None
CAAGGCCTCATGGTCA-1,False,CAAGGCCTCATGGTCA-1_contig_1,False,558,TRA,TRAV19,None,TRAJ39,TRAC,True,True,CAAGGNNAGAKLTF,TGCGCAGCAGGTGGGAATAATGCAGGTGCCAAGCTCACATTC,202,2,None,None
CAAGGCCTCCACGTTC-1,False,CAAGGCCTCCACGTTC-1_contig_1,False,549,TRB,TRBV16,None,TRBJ2-5,None,True,True,CASSFGGGEDTQYF,TGTGCAAGCAGCTTTGGGGGGGGGGAAGACACCCAGTACTTT,25202,18,None,None
CAAGGCCTCCACGTTC-1,False,CAAGGCCTCCACGTTC-1_contig_2,False,516,TRB,TRBV31,None,TRBJ2-4,None,True,True,CAWDNQNTLYF,TGTGCCTGGGACAATCAAAACACCTTGTACTTT,15820,9,None,None
CAAGGCCTCCACGTTC-1,False,CAAGGCCTCCACGTTC-1_contig_3,False,593,TRB,TRBV12-2+TRBV13-2,None,TRBJ2-4,None,True,True,CASGTGDTLYF,TGTGCCAGCGGTACGGGCGACACCTTGTACTTT,6640,6,None,None
CAAGGCCTCCACGTTC-1,False,CAAGGCCTCCACGTTC-1_contig_4,False,566,TRA,TRAV16,None,TRAJ49,TRAC,True,True,CAMRESNTGYQNFYF,TGTGCTATGAGAGAGTCGAACACGGGTTACCAGAACTTCTATTTT,7676,6,None,None
CAAGGCCTCCACGTTC-1,False,CAAGGCCTCCACGTTC-1_contig_5,False,521,TRA,TRAV6-6,None,TRAJ22,TRAC,True,True,CALGEGPSGSWQLIF,TGTGCTCTGGGTGAGGGGCCTTCTGGCAGCTGGCAACTCATCTTT,4038,2,None,None
CAAGGCCTCCACGTTC-1,False,CAAGGCCTCCACGTTC-1_contig_6,False,432,TRB,None,None,TRBJ2-2,None,False,False,None,None,8104,7,None,None
CAAGGCCTCGCTAGCG-1,False,CAAGGCCTCGCTAGCG-1_contig_1,False,545,TRB,TRBV16,None,TRBJ2-5,None,True,True,CASSFGGAPDTQYF,TGTGCAAGCAGCTTTGGGGGGGCGCCAGACACCCAGTACTTT,1340,1,None,None
CAAGGCCTCTGACCTC-1,False,CAAGGCCTCTGACCTC-1_contig_1,False,594,TRA,TRAV6-6,None,TRAJ24,TRAC,True,True,CAPLTTASLGKLQF,TGTGCTCCGTTGACAACTGCCAGTTTGGGGAAACTGCAGTTT,1024,1,None,None
CAAGTTGAGGATCGCA-1,False,CAAGTTGAGGATCGCA-1_contig_1,False,560,TRB,TRBV12-2+TRBV13-2,None,TRBJ1-2,TRBC1,True,True,CASGGGTGNSDYTF,TGTGCCAGCGGTGGGGGGACAGGGAACTCCGACTACACCTTC,1790,1,None,None
CAAGTTGAGGCAGGTT-1,False,CAAGTTGAGGCAGGTT-1_contig_1,False,527,TRA,TRAV6-6,None,TRAJ39,TRAC,True,True,CALGDWNNAGAKLTF,TGTGCTCTGGGTGATTGGAATAATGCAGGTGCCAAGCTCACATTC,1536,1,None,None
CAAGTTGAGTGAATTG-1,False,CAAGTTGAGTGAATTG-1_contig_1,False,552,TRA,TRAV19,None,TRAJ39,TRAC,True,True,CAAGGNNAGAKLTF,TGCGCAGCAGGTGGGAATAATGCAGGTGCCAAGCTCACATTC,5512,4,None,None
CAAGTTGAGTGAATTG-1,False,CAAGTTGAGTGAATTG-1_contig_2,False,555,TRA,TRAV3-3,None,TRAJ49,TRAC,True,True,CAVSGSTGYQNFYF,TGCGCAGTCAGTGGGAGCACGGGTTACCAGAACTTCTATTTT,4468,4,None,None
CAAGTTGAGTGAATTG-1,False,CAAGTTGAGTGAATTG-1_contig_3,False,564,TRB,TRBV12-2+TRBV13-2,None,TRBJ2-7,None,True,True,CASGVQGWEQYF,TGTGCCAGCGGTGTACAGGGGTGGGAACAGTACTTC,12626,11,None,None
CAAGTTGAGTGAATTG-1,False,CAAGTTGAGTGAATTG-1_contig_4,False,570,TRB,TRBV12-2+TRBV13-2,None,TRBJ1-2,TRBC1,True,True,CASGGGTGNSDYTF,TGTGCCAGCGGTGGGGGGACAGGGAACTCCGACTACACCTTC,9186,9,None,None
CAAGTTGAGTGAATTG-1,False,CAAGTTGAGTGAATTG-1_contig_5,True,708,TRB,None,None,TRBJ1-1,TRBC1,False,False,None,None,1762,1,None,None
CAAGTTGAGTGGAGAA-1,False,CAAGTTGAGTGGAGAA-1_contig_1,False,512,TRB,TRBV13-1,None,TRBJ2-3,None,True,True,CASGDSAETLYF,TGTGCCAGCGGGGACAGTGCAGAAACGCTGTATTTT,916,1,None,None
CAAGTTGCACATGACT-1,False,CAAGTTGCACATGACT-1_contig_1,False,620,TRA,TRAV8-1,None,TRAJ34,TRAC,True,True,CATDVSNTNKVVF,TGTGCTACTGATGTATCCAATACCAACAAAGTCGTCTTT,4256,3,None,None
CAAGTTGCACATGACT-1,False,CAAGTTGCACATGACT-1_contig_2,False,561,TRB,TRBV12-2+TRBV13-2,None,TRBJ1-5,TRBC1,True,True,CASGTGDNQAPLF,TGTGCCAGCGGGACAGGGGACAACCAGGCTCCGCTTTTT,1328,2,None,None
CAAGTTGCACATGACT-1,False,CAAGTTGCACATGACT-1_contig_3,True,369,TRB,None,None,TRBJ2-7,None,False,False,None,None,1020,2,None,None
CAAGTTGCACGCGAAA-1,False,CAAGTTGCACGCGAAA-1_contig_1,False,559,TRB,TRBV12-2+TRBV13-2,None,TRBJ2-7,None,True,True,CASGTGDEQYF,TGTGCCAGCGGGACAGGGGATGAACAGTACTTC,1580,1,None,None
CAAGTTGGTACTCAAC-1,False,CAAGTTGGTACTCAAC-1_contig_1,False,412,TRA,TRAV10N,None,TRAJ7,None,False,False,None,None,62,1,None,None
CAAGTTGGTACTCAAC-1,False,CAAGTTGGTACTCAAC-1_contig_2,False,431,TRB,None,None,TRBJ2-1,None,False,False,None,None,832,1,None,None
CAAGTTGGTAGAGCTG-1,False,CAAGTTGGTAGAGCTG-1_contig_1,False,559,TRB,TRBV13-2,None,TRBJ1-2,TRBC1,True,True,CASGGGTGNSDYTF,TGTGCCAGCGGTGGGGGGACAGGGAACTCCGACTACACCTTC,404,1,None,None
CAAGTTGGTCCAACTA-1,False,CAAGTTGGTCCAACTA-1_contig_1,False,770,TRB,None,None,TRBJ2-7,None,False,False,None,None,678,1,None,None
CAAGTTGGTGGGTCAA-1,False,CAAGTTGGTGGGTCAA-1_contig_1,False,547,TRA,TRAV16D-DV11,None,TRAJ26,TRAC,True,True,CAMREENNYAQGLTF,TGTGCTATGAGAGAGGAAAATAACTATGCCCAGGGATTAACCTTC,742,1,None,None
CAAGTTGGTTATGCGT-1,False,CAAGTTGGTTATGCGT-1_contig_1,False,375,TRB,None,None,TRBJ1-6,TRBC1,False,False,None,None,2274,1,None,None
CAAGTTGTCCTGCCAT-1,False,CAAGTTGTCCTGCCAT-1_contig_1,False,570,TRB,TRBV12-2+TRBV13-2,None,TRBJ1-2,TRBC1,False,False,CASGGGTGNSDYTF,TGTGCCAGCGGTGGGGGGACAGGGAACTCCGACTACACCTTC,1370,1,None,None
CAAGTTGTCGTAGGTT-1,False,CAAGTTGTCGTAGGTT-1_contig_1,False,629,TRB,None,None,TRBJ2-7,None,False,False,None,None,906,1,None,None
CAAGTTGTCGTATCAG-1,False,CAAGTTGTCGTATCAG-1_contig_1,False,527,TRA,TRAV14D-3-DV8,None,TRAJ6,TRAC,True,True,CAARTSGGNYKPTF,TGTGCAGCAAGAACCTCAGGAGGAAACTACAAACCTACGTTT,2206,1,None,None
CACAAACAGATGGCGT-1,False,CACAAACAGATGGCGT-1_contig_1,False,326,TRB,TRBV13-2,None,TRBJ1-5,TRBC1,True,False,CASGTGDNQAPLF,TGTGCCAGCGGGACAGGGGACAACCAGGCTCCGCTTTTT,1680,1,None,None
CACAAACAGGCAAAGA-1,False,CACAAACAGGCAAAGA-1_contig_1,False,549,TRB,TRBV16,None,TRBJ2-5,None,True,True,CASSLGGGQDTQYF,TGTGCAAGCAGCTTAGGGGGGGGCCAAGACACCCAGTACTTT,804,1,None,None
CACAAACAGTCCTCCT-1,False,CACAAACAGTCCTCCT-1_contig_1,False,477,TRB,TRBV12-2+TRBV13-2,None,TRBJ1-5,None,True,True,CASGTGDNQAPLF,TGTGCCAGCGGGACGGGGGACAACCAGGCTCCGCTTTTT,144,1,None,None
CACAAACCACACATGT-1,False,CACAAACCACACATGT-1_contig_1,False,568,TRA,TRAV12-1,None,TRAJ48,TRAC,True,True,CALSDAGDYGNEKITF,TGTGCTCTGAGTGATGCAGGAGACTATGGAAATGAGAAAATAACTTTT,412,1,None,None
CACAAACCACACCGAC-1,False,CACAAACCACACCGAC-1_contig_1,False,641,TRB,TRBV12-2+TRBV13-2,None,TRBJ1-2,TRBC1,True,True,CASGGGTGNSDYTF,TGTGCCAGCGGTGGGGGGACAGGGAACTCCGACTACACCTTC,2082,1,None,None
CACAAACCACCTCGTT-1,False,CACAAACCACCTCGTT-1_contig_1,False,332,TRB,None,None,TRBJ2-1,None,False,False,None,None,3938,1,None,None
CACAAACCACGAGAGT-1,False,CACAAACCACGAGAGT-1_contig_1,False,502,TRA,TRAV8-1,None,TRAJ30,TRAC,True,True,CATDTNAYKVIF,TGTGCTACTGACACAAATGCTTACAAAGTCATCTTT,1788,1,None,None
CACAAACCAGGGAGAG-1,False,CACAAACCAGGGAGAG-1_contig_1,True,471,TRB,TRBV12-2+TRBV13-2,None,TRBJ1-5,None,True,True,CASGTGDNQAPLF,TGTGCCAGCGGTACAGGAGACAACCAGGCTCCGCTTTTT,1532,4,None,None
CACAAACCAGGGAGAG-1,False,CACAAACCAGGGAGAG-1_contig_2,True,323,TRA,TRAV8D-1,None,TRAJ30,TRAC,True,False,CATDTNAYKVIF,TGTGCTACTGACACAAATGCTTACAAAGTCATCTTT,2806,1,None,None
CACAAACCAGGGAGAG-1,False,CACAAACCAGGGAGAG-1_contig_3,True,531,TRA,TRAV6N-7,None,TRAJ48,TRAC,True,False,CTTVLWVINYGNEKITF,TGTACTACTGTGCTCTGGGTGATCAACTATGGAAATGAGAAAATAACTTTT,2742,2,None,None
CACAAACCAGTCAGCC-1,False,CACAAACCAGTCAGCC-1_contig_1,False,499,TRA,TRAV19,None,TRAJ39,TRAC,True,False,CAAGGNNAGAKLTF,TGCGCAGCAGGTGGGAATAATGCAGGTGCCAAGCTCACATTC,2390,1,None,None
CACAAACCATCAGTCA-1,False,CACAAACCATCAGTCA-1_contig_1,False,555,TRA,TRAV7-3,None,TRAJ38,TRAC,True,True,CAVSAANVGDNSKLIW,TGTGCAGTGAGCGCGGCGAATGTTGGTGACAACAGTAAGCTGATTTGG,1488,1,None,None
CACAAACCATCAGTCA-1,False,CACAAACCATCAGTCA-1_contig_2,False,566,TRA,TRAV3-3,None,TRAJ49,TRAC,True,True,CAVSGSTGYQNFYF,TGCGCAGTCAGTGGGAGCACGGGTTACCAGAACTTCTATTTT,608,1,None,None
CACAAACCATTCTCAT-1,False,CACAAACCATTCTCAT-1_contig_1,False,566,TRB,TRBV12-2+TRBV13-2,None,TRBJ1-2,TRBC1,True,True,CASGGGTGNSDYTF,TGTGCCAGCGGTGGGGGGACAGGGAACTCCGACTACACCTTC,1274,1,None,None
CACAAACCATTGTGCA-1,False,CACAAACCATTGTGCA-1_contig_1,False,512,TRB,TRBV13-1,None,TRBJ2-4,None,True,True,CASSEGTNTLYF,TGTGCCAGCAGTGAAGGAACAAACACCTTGTACTTT,3278,2,None,None
CACAAACGTCGAAAGC-1,False,CACAAACGTCGAAAGC-1_contig_1,False,559,TRA,TRAV4D-3,None,TRAJ27,TRAC,True,True,CAADGPNTGKLTF,TGTGCTGCGGACGGACCCAATACAGGCAAATTAACCTTT,1552,2,None,None
CACAAACGTCGAAAGC-1,False,CACAAACGTCGAAAGC-1_contig_2,False,529,TRA,TRAV13N-3,None,TRAJ49,TRAC,True,True,CAMGGYQNFYF,TGTGCTATGGGGGGTTACCAGAACTTCTATTTT,2872,2,None,None
CACAAACGTCGAAAGC-1,False,CACAAACGTCGAAAGC-1_contig_3,True,364,TRB,None,None,TRBJ2-7,None,False,False,None,None,4072,2,None,None
CACAAACGTGCCTGTG-1,False,CACAAACGTGCCTGTG-1_contig_1,False,522,TRB,TRBV5,None,TRBJ2-7,None,True,True,CASSQDWGGAVEQYF,TGTGCCAGCAGCCAAGACTGGGGGGGCGCAGTTGAACAGTACTTC,2120,1,None,None
CACAAACGTTCGTCTC-1,False,CACAAACGTTCGTCTC-1_contig_1,False,512,TRB,TRBV13-1,None,TRBJ2-3,None,True,True,CASGDSAETLYF,TGTGCCAGCGGGGACAGTGCAGAAACGCTGTATTTT,2166,1,None,None
CACAAACGTTGTCGCG-1,False,CACAAACGTTGTCGCG-1_contig_1,False,512,TRB,TRBV13-1,None,TRBJ2-3,None,True,True,CASGDSAETLYF,TGTGCCAGCGGGGACAGTGCAGAAACGCTGTATTTT,350,1,None,None
CACAAACGTTGTCGCG-1,False,CACAAACGTTGTCGCG-1_contig_2,False,557,TRA,TRAV8-1,None,TRAJ30,TRAC,True,True,CATDTNAYKVIF,TGTGCTACTGACACAAATGCTTACAAAGTCATCTTT,3288,1,None,None
CACAAACTCCACGTGG-1,False,CACAAACTCCACGTGG-1_contig_1,False,677,TRA,TRAV8D-2,None,TRAJ9,TRAC,True,False,CAPNMGYKLTF,TGTGCTCCAAACATGGGCTACAAACTTACCTTC,1934,1,None,None
CACAAACTCCCAAGTA-1,False,CACAAACTCCCAAGTA-1_contig_1,False,645,TRA,TRAV7-1,None,TRAJ22,TRAC,True,True,CAPASSGSWQLIF,TGTGCACCCGCATCTTCTGGCAGCTGGCAACTCATCTTT,1716,1,None,None
CACACAAAGACTAGAT-1,False,CACACAAAGACTAGAT-1_contig_1,False,554,TRB,TRBV12-2+TRBV13-2,None,TRBJ1-4,TRBC1,True,True,CASGDAPERLFF,TGTGCCAGCGGTGATGCTCCCGAAAGATTATTTTTC,626,1,None,None
CACACAAAGACTTGAA-1,False,CACACAAAGACTTGAA-1_contig_1,False,424,TRB,TRBV13-1,None,TRBJ2-3,None,True,True,CASGDSAETLYF,TGTGCCAGCGGGGACAGTGCAGAAACGCTGTATTTT,1626,1,None,None
CACACAAAGACTTGAA-1,False,CACACAAAGACTTGAA-1_contig_2,False,524,TRB,TRBV12-2+TRBV13-2,None,TRBJ2-5,None,True,True,CASGVQGDTQYF,TGTGCCAGCGGTGTTCAGGGGGACACCCAGTACTTT,4084,3,None,None
CACACAAAGACTTGAA-1,False,CACACAAAGACTTGAA-1_contig_3,True,522,TRA,TRAV10N,None,TRAJ56,TRAC,True,False,CSKHSTGGNNKLTF,TGCAGCAAGCATTCTACTGGAGGCAATAATAAGCTGACTTTT,1866,1,None,None
CACACAAAGATCGGGT-1,False,CACACAAAGATCGGGT-1_contig_1,False,550,TRA,TRAV16N,None,TRAJ22,TRAC,True,True,CAMREGDSSGSWQLIF,TGTGCTATGAGAGAGGGCGACTCTTCTGGCAGCTGGCAACTCATCTTT,1432,1,None,None
CACACAAAGCGTTTAC-1,False,CACACAAAGCGTTTAC-1_contig_1,False,584,TRB,TRBV12-2+TRBV13-2,None,TRBJ2-7,None,True,True,CASGTGDEQYF,TGTGCCAGCGGGACAGGGGATGAACAGTACTTC,1234,1,None,None
CACACAAAGCGTTTAC-1,False,CACACAAAGCGTTTAC-1_contig_2,False,581,TRB,None,None,TRBJ2-1,None,False,False,None,None,1438,1,None,None
CACACAACACAGTCGC-1,False,CACACAACACAGTCGC-1_contig_1,False,549,TRB,TRBV16,None,TRBJ2-5,None,True,True,CASSLGGGQDTQYF,TGTGCAAGCAGCTTAGGGGGGGGCCAAGACACCCAGTACTTT,1562,1,None,None
CACACAACACGAAAGC-1,False,CACACAACACGAAAGC-1_contig_1,False,630,TRB,TRBV12-2+TRBV13-2,None,TRBJ2-7,None,True,True,CASGVQGWEQYF,TGTGCCAGCGGTGTACAGGGGTGGGAACAGTACTTC,1792,1,None,None
CACACAACACGGTGTC-1,False,CACACAACACGGTGTC-1_contig_1,False,509,TRB,TRBV13-1,None,TRBJ2-3,None,True,True,CASGDSAETLYF,TGTGCCAGCGGGGACAGTGCAGAAACGCTGTATTTT,510,1,None,None
CACACAACAGGAATCG-1,False,CACACAACAGGAATCG-1_contig_1,False,520,TRB,TRBV31,None,TRBJ2-3,None,True,True,CAWSLLLGGSAETLYL,TGTGCCTGGAGTCTACTCCTGGGGGGAAGTGCAGAAACGCTGTATTTG,52,1,None,None
CACACAACATGTAGTC-1,False,CACACAACATGTAGTC-1_contig_1,False,558,TRA,TRAV19,None,TRAJ39,TRAC,True,True,CAAGGNNAGAKLTF,TGCGCAGCAGGTGGGAATAATGCAGGTGCCAAGCTCACATTC,1560,1,None,None
CACACAAGTACAGACG-1,False,CACACAAGTACAGACG-1_contig_1,False,555,TRA,TRAV3-3,None,TRAJ49,TRAC,True,True,CAVSGSTGYQNFYF,TGCGCAGTCAGTGGGAGCACGGGTTACCAGAACTTCTATTTT,9420,6,None,None
CACACAAGTACAGACG-1,False,CACACAAGTACAGACG-1_contig_2,False,561,TRB,TRBV12-2+TRBV13-2,None,TRBJ2-7,None,True,True,CASGVQGWEQYF,TGTGCCAGCGGTGTACAGGGGTGGGAACAGTACTTC,1372,1,None,None
CACACAAGTATAGGGC-1,False,CACACAAGTATAGGGC-1_contig_1,False,507,TRA,TRAV21-DV12,None,TRAJ42,TRAC,True,True,CILRVHGGSNAKLTF,TGTATCCTGAGAGTCCATGGAGGAAGCAATGCAAAGCTAACCTTC,1694,1,None,None
CACACAAGTATAGGGC-1,False,CACACAAGTATAGGGC-1_contig_2,False,559,TRB,TRBV12-2+TRBV13-2,None,TRBJ2-7,None,True,True,CASGVQGEQYF,TGTGCCAGCGGTGTTCAGGGAGAACAGTACTTC,1780,1,None,None
CACACAAGTGCAGTAG-1,False,CACACAAGTGCAGTAG-1_contig_1,False,561,TRB,TRBV12-2+TRBV13-2,None,TRBJ2-7,None,True,True,CASGVQGWEQYF,TGTGCCAGCGGTGTACAGGGGTGGGAACAGTACTTC,1700,1,None,None
CACACAAGTGCAGTAG-1,False,CACACAAGTGCAGTAG-1_contig_2,False,555,TRA,TRAV4-3,None,TRAJ27,TRAC,True,True,CAAANTNTGKLTF,TGTGCTGCTGCTAACACCAATACAGGCAAATTAACCTTT,868,1,None,None
CACACAAGTGTTAAGA-1,False,CACACAAGTGTTAAGA-1_contig_1,False,567,TRB,TRBV12-2+TRBV13-2,None,TRBJ1-2,TRBC1,True,True,CASGGGTGNSDYTF,TGTGCCAGCGGTGGGGGGACAGGGAACTCCGACTACACCTTC,1030,1,None,None
CACACAAGTTCGTGAT-1,False,CACACAAGTTCGTGAT-1_contig_1,False,516,TRA,TRAV6-6,None,TRAJ24,TRAC,True,True,CAPLTTASLGKLQF,TGTGCTCCGTTGACAACTGCCAGTTTGGGGAAACTGCAGTTT,1672,1,None,None
CACACAATCAGTTGAC-1,False,CACACAATCAGTTGAC-1_contig_1,False,554,TRB,TRBV12-2+TRBV13-2,None,TRBJ2-5,None,True,True,CASGVQGDTQYF,TGTGCCAGCGGTGTTCAGGGGGACACCCAGTACTTT,1062,1,None,None
CACACAATCGAGGTAG-1,False,CACACAATCGAGGTAG-1_contig_1,False,539,TRA,TRAV6N-7,None,TRAJ31,TRAC,True,True,CALGESNNRIFF,TGTGCTCTGGGTGAAAGCAATAACAGAATCTTCTTT,436,1,None,None
CACACAATCGCAAACT-1,False,CACACAATCGCAAACT-1_contig_1,False,565,TRB,TRBV12-2+TRBV13-2,None,TRBJ2-7,None,True,True,CASGAGGDYEQYF,TGTGCCAGCGGTGCTGGGGGGGACTATGAACAGTACTTC,992,1,None,None
CACACAATCTGGAGCC-1,False,CACACAATCTGGAGCC-1_contig_1,False,539,TRA,TRAV19,None,TRAJ39,TRAC,True,True,CAAGGNNAGAKLTF,TGCGCAGCAGGTGGGAATAATGCAGGTGCCAAGCTCACATTC,1682,1,None,None
CACACAATCTTGAGGT-1,False,CACACAATCTTGAGGT-1_contig_1,False,549,TRB,TRBV16,None,TRBJ2-5,None,True,True,CASSLGGGQDTQYF,TGTGCAAGCAGCTTAGGGGGGGGGCAAGACACCCAGTACTTT,926,1,None,None
CACACCTAGCAATCTC-1,False,CACACCTAGCAATCTC-1_contig_1,False,385,TRB,None,None,TRBJ1-6,TRBC1,False,False,None,None,2026,1,None,None
CACACCTAGCGTGAAC-1,False,CACACCTAGCGTGAAC-1_contig_1,False,568,TRB,TRBV12-2+TRBV13-2,None,TRBJ1-2,TRBC1,True,True,CASGGGTGNSDYTF,TGTGCCAGCGGTGGGGGGACAGGGAACTCCGACTACACCTTC,772,1,None,None
CACACCTCAAGTCTAC-1,False,CACACCTCAAGTCTAC-1_contig_1,False,491,TRB,TRBV13-1,None,TRBJ2-3,None,True,False,CASGDSAETLYF,TGTGCCAGCGGGGACAGTGCAGAAACGCTGTATTTT,176,1,None,None
CACACCTCACAGCCCA-1,False,CACACCTCACAGCCCA-1_contig_1,False,549,TRB,TRBV16,None,TRBJ2-5,None,True,True,CASSLGGGQDTQYF,TGTGCAAGCAGCTTAGGGGGGGGCCAAGACACCCAGTACTTT,19088,20,None,None
CACACCTCACAGCCCA-1,False,CACACCTCACAGCCCA-1_contig_2,False,571,TRA,TRAV14N-3,None,TRAJ6,TRAC,True,True,CAARTSGGNYKPTF,TGTGCAGCAAGAACCTCAGGAGGAAACTACAAACCTACGTTT,10670,9,None,None
CACACCTCACAGCCCA-1,False,CACACCTCACAGCCCA-1_contig_3,False,563,TRA,TRAV4D-3,None,TRAJ27,TRAC,True,True,CAADGPNTGKLTF,TGTGCTGCGGACGGACCCAATACAGGCAAATTAACCTTT,10438,10,None,None
CACACCTCACAGCCCA-1,False,CACACCTCACAGCCCA-1_contig_4,False,549,TRA,TRAV8N-2,None,TRAJ13,TRAC,True,True,CATEDSGTYQRF,TGTGCTACTGAGGATTCTGGGACTTACCAGAGGTTT,9904,9,None,None
CACACCTCACAGCCCA-1,False,CACACCTCACAGCCCA-1_contig_5,False,525,TRA,TRAV7N-6,None,TRAJ30,TRAC,True,True,CAVVDTNAYKVIF,TGTGCAGTGGTTGACACAAATGCTTACAAAGTCATCTTT,4072,4,None,None
CACACCTCACAGCCCA-1,False,CACACCTCACAGCCCA-1_contig_6,False,565,TRB,TRBV12-2+TRBV13-2,None,TRBJ2-7,None,True,True,CASGTGGDYEQYF,TGTGCCAGCGGGACTGGGGGGGACTATGAACAGTACTTC,18678,21,None,None
CACACCTCACAGCCCA-1,False,CACACCTCACAGCCCA-1_contig_7,False,371,TRB,None,None,TRBJ1-6,TRBC1,False,False,None,None,846,2,None,None
CACACCTCAGCCAATT-1,False,CACACCTCAGCCAATT-1_contig_1,False,646,TRB,TRBV12-2+TRBV13-2,None,TRBJ1-2,TRBC1,True,True,CASGGGTGNSDYTF,TGTGCCAGCGGTGGGGGGACAGGGAACTCCGACTACACCTTC,1140,1,None,None
CACACCTCAGCTTAAC-1,False,CACACCTCAGCTTAAC-1_contig_1,False,524,TRA,TRAV19,None,TRAJ39,TRAC,True,True,CAAGGNNAGAKLTF,TGCGCAGCAGGTGGGAATAATGCAGGTGCCAAGCTCACATTC,2022,1,None,None
CACACCTCAGGGCATA-1,False,CACACCTCAGGGCATA-1_contig_1,False,563,TRB,TRBV13-2,None,TRBJ2-7,None,True,True,CASGVQGWEQYF,TGTGCCAGCGGTGTACAGGGGTGGGAACAGTACTTC,876,1,None,None
CACACCTCAGGGTATG-1,False,CACACCTCAGGGTATG-1_contig_1,False,512,TRB,TRBV13-1,None,TRBJ2-3,None,True,True,CASGDSAETLYF,TGTGCCAGCGGGGACAGTGCAGAAACGCTGTATTTT,1100,1,None,None
CACACCTCAGTGGGAT-1,False,CACACCTCAGTGGGAT-1_contig_1,False,567,TRB,TRBV12-2+TRBV13-2,None,TRBJ1-2,TRBC1,True,True,CASGGGTGNSDYTF,TGTGCCAGCGGTGGGGGGACAGGGAACTCCGACTACACCTTC,1210,1,None,None
CACACCTCAGTGGGAT-1,False,CACACCTCAGTGGGAT-1_contig_2,False,538,TRA,TRAV8-1,None,TRAJ30,TRAC,True,True,CATDTNAYKVIF,TGTGCTACCGACACAAATGCTTACAAAGTCATCTTT,1844,1,None,None
CACACCTCATGTCGAT-1,False,CACACCTCATGTCGAT-1_contig_1,False,558,TRB,TRBV12-2+TRBV13-2,None,TRBJ2-7,None,True,True,CASGVQGWEQYF,TGTGCCAGCGGTGTACAGGGGTGGGAACAGTACTTC,504,1,None,None
CACACCTGTAAACCTC-1,False,CACACCTGTAAACCTC-1_contig_1,False,564,TRB,TRBV12-2+TRBV13-2,None,TRBJ1-2,TRBC1,True,True,CASGGGTGNSDYTF,TGTGCCAGCGGTGGGGGGACAGGGAACTCCGACTACACCTTC,1580,1,None,None
CACACCTGTAGGGACT-1,False,CACACCTGTAGGGACT-1_contig_1,False,637,TRB,None,None,TRBJ2-7,None,False,False,None,None,724,1,None,None
CACACCTGTCGCTTTC-1,False,CACACCTGTCGCTTTC-1_contig_1,False,572,TRB,TRBV12-2+TRBV13-2,None,TRBJ1-2,TRBC1,True,True,CASGGGTGNSDYTF,TGTGCCAGCGGTGGGGGGACAGGGAACTCCGACTACACCTTC,1896,1,None,None
CACACCTGTGGTCTCG-1,False,CACACCTGTGGTCTCG-1_contig_1,False,549,TRB,TRBV16,None,TRBJ2-5,None,True,True,CASSLGGGQDTQYF,TGTGCAAGCAGCTTAGGGGGGGGCCAAGACACCCAGTACTTT,1146,1,None,None
CACACCTGTTCATGGT-1,False,CACACCTGTTCATGGT-1_contig_1,False,557,TRA,TRAV8N-2,None,TRAJ53,TRAC,True,False,None,None,994,1,None,None
CACACCTGTTGCGTTA-1,False,CACACCTGTTGCGTTA-1_contig_1,False,470,TRB,TRBV13-1,None,TRBJ2-3,None,True,True,CASGDSAETLYF,TGTGCCAGCGGGGACAGTGCAGAAACGCTGTATTTT,1296,1,None,None
CACACCTGTTTGGGCC-1,False,CACACCTGTTTGGGCC-1_contig_1,False,505,TRA,TRAV8-1,None,TRAJ30,TRAC,True,True,CATDTNAYKVIF,TGTGCTACTGACACAAATGCTTACAAAGTCATCTTT,1654,1,None,None
CACACCTTCACCACCT-1,False,CACACCTTCACCACCT-1_contig_1,False,525,TRA,TRAV7N-6,None,TRAJ30,TRAC,True,True,CAVVDTNAYKVIF,TGTGCAGTGGTTGACACAAATGCTTACAAAGTCATCTTT,1938,1,None,None
CACACCTTCAGCATGT-1,False,CACACCTTCAGCATGT-1_contig_1,False,535,TRB,TRBV12-2+TRBV13-2,None,TRBJ1-2,None,True,True,CASGGGTGNSDYTF,TGTGCCAGCGGTGGGGGGACAGGGAACTCCGACTACACCTTC,390,1,None,None
CACACCTTCGTGTAGT-1,False,CACACCTTCGTGTAGT-1_contig_1,True,559,TRA,TRAV13-1,None,TRAJ58,TRAC,True,True,CASSMQQGTGSKLSF,TGTGCTTCTTCCATGCAGCAAGGCACTGGGTCTAAGCTGTCATTT,244,3,None,None
CACACCTTCGTGTAGT-1,False,CACACCTTCGTGTAGT-1_contig_2,True,339,TRB,TRBV13-2,None,TRBJ2-1,None,True,False,CATEAAYAEQFF,TGTGCCACTGAGGCAGCCTATGCTGAGCAGTTCTTC,592,2,None,None
CACACCTTCTGCAAGT-1,False,CACACCTTCTGCAAGT-1_contig_1,False,531,TRA,TRAV16D-DV11,None,TRAJ26,TRAC,True,True,CAMREENNYAQGLTF,TGTGCTATGAGAGAGGAAAATAACTATGCCCAGGGATTAACCTTC,1662,1,None,None
CACACCTTCTTGAGGT-1,False,CACACCTTCTTGAGGT-1_contig_1,False,533,TRB,TRBV31,None,TRBJ2-3,None,True,True,CAWSLLLGGSAETLYF,TGTGCCTGGAGTCTACTCCTGGGGGGAAGTGCAGAAACGCTGTATTTT,1670,1,None,None
CACACTCAGAAGATTC-1,False,CACACTCAGAAGATTC-1_contig_1,False,540,TRA,TRAV16,None,TRAJ57,TRAC,True,True,CAMREPQGGSAKLIF,TGTGCTATGAGAGAGCCTCAAGGAGGGTCTGCGAAGCTCATCTTT,3540,5,None,None
CACACTCAGAAGATTC-1,False,CACACTCAGAAGATTC-1_contig_2,False,532,TRA,TRAV13-4-DV7,None,TRAJ58,TRAC,True,True,CAPMQQGTGSKLSF,TGTGCTCCTATGCAGCAAGGCACTGGGTCTAAGCTGTCATTT,3362,4,None,None
CACACTCAGAAGATTC-1,False,CACACTCAGAAGATTC-1_contig_3,False,525,TRB,TRBV17,None,TRBJ2-5,None,True,True,CASSRKGVQDTQYF,TGTGCTAGCAGTAGAAAGGGGGTCCAAGACACCCAGTACTTT,33510,45,None,None
CACACTCAGAAGATTC-1,False,CACACTCAGAAGATTC-1_contig_4,False,563,TRA,TRAV4D-3,None,TRAJ27,TRAC,True,True,CAADGPNTGKLTF,TGTGCTGCGGACGGACCCAATACAGGCAAATTAACCTTT,10242,13,None,None
CACACTCAGAAGATTC-1,False,CACACTCAGAAGATTC-1_contig_5,False,525,TRA,TRAV7N-6,None,TRAJ30,TRAC,True,True,CAVVDTNAYKVIF,TGTGCAGTGGTTGACACAAATGCTTACAAAGTCATCTTT,4692,5,None,None
CACACTCAGAAGATTC-1,False,CACACTCAGAAGATTC-1_contig_6,False,599,TRB,None,None,TRBJ2-7,None,False,False,None,None,4190,8,None,None
CACACTCAGAAGATTC-1,False,CACACTCAGAAGATTC-1_contig_7,False,429,TRB,None,None,TRBJ2-3,None,False,False,None,None,11288,12,None,None
CACACTCAGACAAAGG-1,False,CACACTCAGACAAAGG-1_contig_1,False,512,TRB,TRBV13-1,None,TRBJ2-5,None,True,True,CASSDGDDTQYF,TGTGCCAGCAGTGACGGGGACGACACCCAGTACTTT,1018,1,None,None
CACACTCAGACTACAA-1,False,CACACTCAGACTACAA-1_contig_1,False,505,TRB,TRBV13-1,None,TRBJ2-3,None,True,True,CASGDSAETLYF,TGTGCCAGCGGGGACAGTGCAGAAACGCTGTATTTT,2028,1,None,None
CACACTCAGAGATGAG-1,False,CACACTCAGAGATGAG-1_contig_1,False,562,TRB,TRBV12-2+TRBV13-2,None,TRBJ1-2,TRBC1,True,True,CASGGGTGNSDYTF,TGTGCCAGCGGTGGGGGGACAGGGAACTCCGACTACACCTTC,1034,1,None,None
CACACTCAGGAATGGA-1,False,CACACTCAGGAATGGA-1_contig_1,False,525,TRB,TRBV17,None,TRBJ2-5,None,True,True,CASSRKGVQDTQYF,TGTGCTAGCAGTAGAAAGGGGGTCCAAGACACCCAGTACTTT,1786,1,None,None
CACACTCAGTCGCCGT-1,False,CACACTCAGTCGCCGT-1_contig_1,False,504,TRB,TRBV13-1,None,TRBJ2-4,None,True,True,CASSTGWNTLYF,TGTGCCAGCAGTACAGGGTGGAACACCTTGTACTTT,482,1,None,None
CACACTCCAAACTGTC-1,False,CACACTCCAAACTGTC-1_contig_1,False,362,TRB,None,None,TRBJ1-2,TRBC1,False,False,None,None,1344,1,None,None
CACACTCCACCAGGCT-1,False,CACACTCCACCAGGCT-1_contig_1,False,359,TRB,None,None,TRBJ1-6,TRBC1,False,False,None,None,1932,1,None,None
CACACTCCACCAGGTC-1,False,CACACTCCACCAGGTC-1_contig_1,False,512,TRB,TRBV13-1,None,TRBJ2-4,None,True,True,CASSEGTNTLYF,TGTGCCAGCAGTGAAGGAACAAACACCTTGTACTTT,1432,1,None,None
CACACTCCACCCTATC-1,False,CACACTCCACCCTATC-1_contig_1,False,775,TRB,TRBV10,None,TRBJ1-6,TRBC1,True,False,CQQLRGGAYNSPLYF,TGCCAGCAGCTAAGAGGGGGAGCCTATAATTCGCCCCTCTACTTT,1516,1,None,None
CACACTCCACGAGGTA-1,False,CACACTCCACGAGGTA-1_contig_1,False,558,TRA,TRAV19,None,TRAJ39,TRAC,True,True,CAAGGNNAGAKLTF,TGCGCAGCAGGTGGGAATAATGCAGGTGCCAAGCTCACATTC,3314,1,None,None
CACACTCCAGACGCTC-1,False,CACACTCCAGACGCTC-1_contig_1,False,508,TRA,TRAV13D-4,None,TRAJ6,TRAC,True,False,None,None,1992,1,None,None
CACACTCCAGTCGATT-1,False,CACACTCCAGTCGATT-1_contig_1,False,436,TRB,None,None,TRBJ1-3,TRBC1,False,False,None,None,2018,1,None,None
CACACTCCATATGGTC-1,False,CACACTCCATATGGTC-1_contig_1,False,558,TRA,TRAV19,None,TRAJ39,TRAC,True,True,CAAGGNNAGAKLTF,TGCGCAGCAGGTGGGAATAATGCAGGTGCCAAGCTCACATTC,1464,1,None,None
CACACTCCATCGATTG-1,False,CACACTCCATCGATTG-1_contig_1,False,496,TRB,TRBV15,None,TRBJ1-4,TRBC1,True,False,CVPAVRTGGTERLFF,TGTGTGCCAGCAGTAAGGACAGGGGGCACCGAAAGATTATTTTTC,962,1,None,None
CACACTCGTCCGAACC-1,False,CACACTCGTCCGAACC-1_contig_1,False,536,TRA,TRAV19,None,TRAJ39,TRAC,True,True,CAAGGNNAGAKLTF,TGCGCAGCAGGTGGGAATAATGCAGGTGCCAAGCTCACATTC,920,1,None,None
CACACTCTCAGTGCAT-1,False,CACACTCTCAGTGCAT-1_contig_1,False,692,TRA,TRAV8D-2,None,TRAJ26,TRAC,True,False,None,None,960,1,None,None
CACACTCTCCATGAAC-1,False,CACACTCTCCATGAAC-1_contig_1,False,303,TRA,TRAV6D-5,None,None,TRAC,False,False,None,None,2360,1,None,None
CACACTCTCCTTGACC-1,False,CACACTCTCCTTGACC-1_contig_1,False,521,Multi,TRDV1,None,TRAJ45,TRAC,True,False,CGGTEGADRLTF,TGTGGAGGGACAGAAGGTGCAGATAGACTCACCTTT,2264,1,None,None
CACACTCTCGTGTAGT-1,False,CACACTCTCGTGTAGT-1_contig_1,False,537,TRA,TRAV3-3,None,TRAJ49,TRAC,True,True,CAVSGSTGYQNFYF,TGCGCAGTCAGTGGGAGCACGGGTTACCAGAACTTCTATTTT,106,1,None,None
CACAGGCAGACTAGAT-1,False,CACAGGCAGACTAGAT-1_contig_1,False,549,TRB,TRBV16,None,TRBJ2-5,None,True,True,CASSLGGGQDTQYF,TGTGCAAGCAGCTTAGGGGGGGGCCAAGACACCCAGTACTTT,1204,1,None,None
CACAGGCAGACTAGAT-1,False,CACAGGCAGACTAGAT-1_contig_2,False,558,TRA,TRAV19,None,TRAJ39,TRAC,True,True,CAAGGNNAGAKLTF,TGCGCAGCAGGTGGGAATAATGCAGGTGCCAAGCTCACATTC,1478,2,None,None
CACAGGCAGAGTAAGG-1,False,CACAGGCAGAGTAAGG-1_contig_1,False,517,TRA,TRAV19,None,TRAJ39,TRAC,True,True,CAAGGNNAGAKLTF,TGCGCAGCAGGTGGGAATAATGCAGGTGCCAAGCTCACATTC,2294,1,None,None
CACAGGCAGAGTAAGG-1,False,CACAGGCAGAGTAAGG-1_contig_2,False,591,TRA,TRAV12-3,None,TRAJ45,TRAC,True,True,CALSPYTEGADRLTF,TGTGCTCTGAGTCCCTATACAGAAGGTGCAGATAGACTCACCTTT,1446,1,None,None
CACAGGCAGATATGCA-1,False,CACAGGCAGATATGCA-1_contig_1,False,548,TRB,TRBV12-2+TRBV13-2,None,TRBJ1-5,TRBC1,True,True,CASGTGDNQAPLF,TGTGCCAGCGGTACAGGGGACAACCAGGCTCCGCTTTTT,1258,1,None,None
CACAGGCAGATGCCAG-1,False,CACAGGCAGATGCCAG-1_contig_1,False,558,TRB,TRBV12-2+TRBV13-2,None,TRBJ2-7,None,True,True,CASGVQGEQYF,TGTGCCAGCGGTGTTCAGGGAGAACAGTACTTC,1954,1,None,None
CACAGGCAGTCCGGTC-1,False,CACAGGCAGTCCGGTC-1_contig_1,False,542,TRA,TRAV8-1,None,TRAJ30,TRAC,True,True,CASDTNAYKVIF,TGTGCCTCTGACACAAATGCTTACAAAGTCATCTTT,2196,1,None,None
CACAGGCAGTGAAGAG-1,False,CACAGGCAGTGAAGAG-1_contig_1,False,525,TRB,TRBV17,None,TRBJ2-5,None,True,True,CASSRKGVQDTQYF,TGTGCTAGCAGTAGAAAGGGGGTCCAAGACACCCAGTACTTT,1760,1,None,None
CACAGGCAGTTAACGA-1,False,CACAGGCAGTTAACGA-1_contig_1,False,542,TRA,TRAV16D-DV11,None,TRAJ44,TRAC,True,True,CAMRELTGSGGKLTL,TGTGCTATGAGAGAGCTTACTGGCAGTGGTGGAAAACTCACTTTG,2318,1,None,None
CACAGGCCACCCATGG-1,False,CACAGGCCACCCATGG-1_contig_1,False,452,TRB,None,None,TRBJ1-6,TRBC1,False,False,None,None,1694,1,None,None
CACAGGCCATCAGTCA-1,False,CACAGGCCATCAGTCA-1_contig_1,False,566,TRA,TRAV3-3,None,TRAJ49,TRAC,True,True,CAVSGSTGYQNFYF,TGCGCAGTCAGTGGGAGCACGGGTTACCAGAACTTCTATTTT,2000,1,None,None
CACAGGCCATGGATGG-1,False,CACAGGCCATGGATGG-1_contig_1,False,512,TRB,TRBV13-1,None,TRBJ2-3,None,True,True,CASGDSAETLYF,TGTGCCAGCGGGGACAGTGCAGAAACGCTGTATTTT,1402,1,None,None
CACAGGCCATTTCAGG-1,False,CACAGGCCATTTCAGG-1_contig_1,False,527,TRA,TRAV19,None,TRAJ39,TRAC,True,True,CAAGGNNAGAKLTF,TGCGCAGCAGGTGGGAATAATGCAGGTGCCAAGCTCACATTC,1410,1,None,None
CACAGGCGTAGCGCTC-1,False,CACAGGCGTAGCGCTC-1_contig_1,False,551,TRB,TRBV12-2+TRBV13-2,None,TRBJ1-5,TRBC1,True,True,CASGTGDNQAPLF,TGTGCCAGCGGGACGGGGGACAACCAGGCTCCGCTTTTT,2024,2,None,None
CACAGGCGTCTAGCCG-1,False,CACAGGCGTCTAGCCG-1_contig_1,False,565,TRB,TRBV12-2+TRBV13-2,None,TRBJ1-2,TRBC1,True,True,CASGGGTGNSDYTF,TGTGCCAGCGGTGGGGGGACAGGGAACTCCGACTACACCTTC,566,1,None,None
CACAGGCGTTGAACTC-1,False,CACAGGCGTTGAACTC-1_contig_1,False,559,TRB,TRBV12-2+TRBV13-2,None,TRBJ1-2,TRBC1,True,True,CASGGGTGNSDYTF,TGTGCCAGCGGTGGGGGGACAGGGAACTCCGACTACACCTTC,1134,1,None,None
CACAGGCTCATGCATG-1,False,CACAGGCTCATGCATG-1_contig_1,False,534,TRB,TRBV13-1,None,TRBJ2-4,None,True,False,CASSEGTNTLYF,TGTGCCAGCAGTGAAGGAACAAACACCTTGTACTTT,1758,2,None,None
CACAGGCTCTTGGGTA-1,False,CACAGGCTCTTGGGTA-1_contig_1,False,510,TRA,TRAV13D-4,None,TRAJ9,TRAC,True,False,None,None,1654,1,None,None
CACAGTAAGAGAACAG-1,False,CACAGTAAGAGAACAG-1_contig_1,False,561,TRB,TRBV12-2+TRBV13-2,None,TRBJ2-7,None,True,True,CASGVQGWEQYF,TGTGCCAGCGGTGTACAGGGGTGGGAACAGTACTTC,1212,1,None,None
CACAGTAAGAGTAAGG-1,False,CACAGTAAGAGTAAGG-1_contig_1,False,507,TRA,TRAV21-DV12,None,TRAJ42,TRAC,True,True,CILRVHGGSNAKLTF,TGTATCCTGAGAGTCCATGGAGGAAGCAATGCAAAGCTAACCTTC,3056,1,None,None
CACAGTAAGAGTAAGG-1,False,CACAGTAAGAGTAAGG-1_contig_2,False,502,TRB,TRBV12-2+TRBV13-2,None,TRBJ1-2,TRBC1,True,False,CASGGGTGNSDYTF,TGTGCCAGCGGTGGGGGGACAGGGAACTCCGACTACACCTTC,2016,1,None,None
CACAGTAAGGCAAAGA-1,False,CACAGTAAGGCAAAGA-1_contig_1,False,565,TRB,TRBV12-2+TRBV13-2,None,TRBJ2-7,None,True,True,CASGTGGDYEQYF,TGTGCCAGCGGGACTGGGGGGGACTATGAACAGTACTTC,1522,1,None,None
CACAGTAAGTGAATTG-1,False,CACAGTAAGTGAATTG-1_contig_1,False,599,TRB,TRBV12-2+TRBV13-2,None,TRBJ2-5,None,True,True,CASGAGMEDTQYF,TGTGCCAGCGGTGCAGGGATGGAAGACACCCAGTACTTT,906,1,None,None
CACAGTACAATGAAAC-1,False,CACAGTACAATGAAAC-1_contig_1,False,565,TRB,TRBV12-2+TRBV13-2,None,TRBJ2-7,None,True,True,CASGTGGDYEQYF,TGTGCCAGCGGGACTGGGGGGGACTATGAACAGTACTTC,1486,1,None,None
CACAGTACACCGCTAG-1,False,CACAGTACACCGCTAG-1_contig_1,False,558,TRA,TRAV19,None,TRAJ39,TRAC,True,True,CAAGGNNAGAKLTF,TGCGCAGCAGGTGGGAATAATGCAGGTGCCAAGCTCACATTC,1262,1,None,None
CACAGTACACCGGAAA-1,False,CACAGTACACCGGAAA-1_contig_1,False,569,TRB,TRBV12-2+TRBV13-2,None,TRBJ1-2,TRBC1,True,True,CASGGGTGNSDYTF,TGTGCCAGCGGTGGGGGGACAGGGAACTCCGACTACACCTTC,1648,1,None,None
CACAGTACAGCCAATT-1,False,CACAGTACAGCCAATT-1_contig_1,False,569,TRB,TRBV12-2+TRBV13-2,None,TRBJ1-2,TRBC1,True,True,CASGGGTGNSDYTF,TGTGCCAGCGGTGGGGGGACAGGGAACTCCGACTACACCTTC,684,1,None,None
CACAGTACAGTCCTTC-1,False,CACAGTACAGTCCTTC-1_contig_1,False,578,TRB,TRBV12-2+TRBV13-2,None,TRBJ1-2,TRBC1,True,True,CASGGGTGNSDYTF,TGTGCCAGCGGTGGGGGGACAGGGAACTCCGACTACACCTTC,1884,1,None,None
CACAGTACATACTACG-1,False,CACAGTACATACTACG-1_contig_1,False,568,TRB,TRBV12-2+TRBV13-2,None,TRBJ1-2,TRBC1,True,True,CASGGGTGNSDYTF,TGTGCCAGCGGTGGGGGGACAGGGAACTCCGACTACACCTTC,1146,1,None,None
CACAGTACATGCTGGC-1,False,CACAGTACATGCTGGC-1_contig_1,False,568,TRB,TRBV12-2+TRBV13-2,None,TRBJ1-5,TRBC1,True,True,CASGTGDNQAPLF,TGTGCCAGCGGTACAGGGGACAACCAGGCTCCGCTTTTT,1946,1,None,None
CACAGTAGTAAGGGCT-1,False,CACAGTAGTAAGGGCT-1_contig_1,False,560,TRB,TRBV12-2+TRBV13-2,None,TRBJ2-7,None,True,True,CASGVQGWEQYF,TGTGCCAGCGGTGTACAGGGGTGGGAACAGTACTTC,844,1,None,None
CACAGTAGTATGGTTC-1,False,CACAGTAGTATGGTTC-1_contig_1,False,530,TRA,TRAV19,None,TRAJ39,TRAC,True,True,CAAGGNNAGAKLTF,TGCGCAGCAGGTGGGAATAATGCAGGTGCCAAGCTCACATTC,1008,1,None,None
CACAGTAGTCAAAGCG-1,False,CACAGTAGTCAAAGCG-1_contig_1,False,638,TRB,TRBV12-2+TRBV13-2,None,TRBJ1-2,TRBC1,True,True,CASGGGTGNSDYTF,TGTGCCAGCGGTGGGGGGACAGGGAACTCCGACTACACCTTC,396,1,None,None
CACAGTAGTGAGCGAT-1,False,CACAGTAGTGAGCGAT-1_contig_1,False,323,TRB,None,None,TRBJ2-7,None,False,False,None,None,1332,1,None,None
CACAGTAGTGCAACGA-1,False,CACAGTAGTGCAACGA-1_contig_1,False,552,TRA,TRAV6-6,None,TRAJ24,TRAC,True,True,CAPLTTASLGKLQF,TGTGCTCCGTTGACAACTGCCAGTTTGGGGAAACTGCAGTTT,17788,11,None,None
CACAGTAGTGCAACGA-1,False,CACAGTAGTGCAACGA-1_contig_2,False,512,TRB,TRBV13-1,None,TRBJ2-4,None,True,True,CASSEGTNTLYF,TGTGCCAGCAGTGAAGGAACAAACACCTTGTACTTT,33880,28,None,None
CACAGTAGTGCAACGA-1,False,CACAGTAGTGCAACGA-1_contig_3,False,551,TRA,TRAV13D-2,None,TRAJ26,TRAC,True,True,CAIDRYAQGLTF,TGTGCTATAGATCGCTATGCCCAGGGATTAACCTTC,6172,3,None,None
CACAGTAGTGCAACGA-1,False,CACAGTAGTGCAACGA-1_contig_4,False,706,TRA,TRAV9D-2,None,TRAJ26,TRAC,True,True,CVLSRGNNYAQGLTF,TGTGTTCTGAGCAGGGGCAATAACTATGCCCAGGGATTAACCTTC,9014,6,None,None
CACAGTAGTGCAACGA-1,False,CACAGTAGTGCAACGA-1_contig_5,False,497,TRA,TRAV7-2,None,TRAJ23,TRAC,True,False,CSPEYNQGKLIF,TGCTCTCCGGAATATAACCAGGGGAAGCTTATCTTT,1408,1,None,None
CACAGTAGTGCAACGA-1,False,CACAGTAGTGCAACGA-1_contig_6,False,391,TRB,None,None,TRBJ2-7,None,False,False,None,None,7830,5,None,None
CACAGTAGTGCCTGCA-1,False,CACAGTAGTGCCTGCA-1_contig_1,False,519,TRA,TRAV6-6,None,TRAJ24,TRAC,True,True,CAPLTTASLGKLQF,TGTGCTCCGTTGACAACTGCCAGTTTGGGGAAACTGCAGTTT,1884,1,None,None
CACAGTAGTGGTACAG-1,False,CACAGTAGTGGTACAG-1_contig_1,False,369,TRB,None,None,TRBJ2-7,None,False,False,None,None,2126,1,None,None
CACAGTAGTTATCACG-1,False,CACAGTAGTTATCACG-1_contig_1,False,518,TRA,TRAV6-6,None,TRAJ24,TRAC,True,True,CAPLTTASLGKLQF,TGTGCTCCGTTGACAACTGCCAGTTTGGGGAAACTGCAGTTT,6354,4,None,None
CACAGTAGTTATCACG-1,False,CACAGTAGTTATCACG-1_contig_2,False,505,TRB,TRBV13-1,None,TRBJ2-4,None,True,True,CASSEGTNTLYF,TGTGCCAGCAGTGAAGGAACAAACACCTTGTACTTT,5328,5,None,None
CACAGTAGTTATCACG-1,False,CACAGTAGTTATCACG-1_contig_3,False,535,TRA,TRAV8-1,None,TRAJ30,TRAC,True,True,CATDTNAYKVIF,TGTGCTACTGACACAAATGCTTACAAAGTCATCTTT,6096,6,None,None
CACAGTAGTTATCACG-1,False,CACAGTAGTTATCACG-1_contig_4,False,556,TRB,TRBV12-2+TRBV13-2,None,TRBJ1-5,TRBC1,True,True,CASGTGDNQAPLF,TGTGCCAGCGGTACAGGGGACAACCAGGCTCCGCTTTTT,9484,7,None,None
CACAGTAGTTATCACG-1,False,CACAGTAGTTATCACG-1_contig_5,True,409,TRA,None,None,TRAJ26,TRAC,False,False,None,None,518,2,None,None
CACAGTAGTTGAGTTC-1,False,CACAGTAGTTGAGTTC-1_contig_1,False,559,TRB,TRBV3,None,TRBJ2-2,None,True,True,CASSPQGDTGQLYF,TGTGCCAGCAGCCCTCAGGGGGACACCGGGCAGCTCTACTTT,2952,1,None,None
CACAGTATCATTATCC-1,False,CACAGTATCATTATCC-1_contig_1,False,698,TRB,TRBV10,None,TRBJ1-6,TRBC1,True,False,CQQLRGGAYNSPLYF,TGCCAGCAGCTAAGAGGGGGAGCCTATAATTCGCCCCTCTACTTT,580,1,None,None
CACAGTATCTGCCAGG-1,False,CACAGTATCTGCCAGG-1_contig_1,False,454,TRB,None,None,TRBJ1-6,TRBC1,False,False,None,None,1592,1,None,None
CACATAGAGACCCACC-1,False,CACATAGAGACCCACC-1_contig_1,True,793,TRA,TRAV9D-2,None,TRAJ26,TRAC,True,False,CVLSADYAQGLTF,TGTGTTCTGAGCGCGGACTATGCCCAGGGATTAACCTTC,6780,4,None,None
CACATAGAGACCCACC-1,False,CACATAGAGACCCACC-1_contig_2,True,344,TRB,TRBV31,None,TRBJ1-5,TRBC1,True,False,None,None,13984,9,None,None
CACATAGAGATAGTCA-1,False,CACATAGAGATAGTCA-1_contig_1,False,557,TRB,TRBV13-2,None,TRBJ2-1,None,True,True,CASGDPFQFF,TGTGCCAGCGGTGATCCTTTCCAGTTCTTC,1258,1,None,None
CACATAGAGATCACGG-1,False,CACATAGAGATCACGG-1_contig_1,False,570,TRB,TRBV12-2+TRBV13-2,None,TRBJ1-2,TRBC1,True,True,CASGGGTGNSDYTF,TGTGCCAGCGGTGGGGGGACAGGGAACTCCGACTACACCTTC,816,1,None,None
CACATAGAGCTGATAA-1,False,CACATAGAGCTGATAA-1_contig_1,False,557,TRB,TRBV12-2+TRBV13-2,None,TRBJ2-7,None,True,True,CASGTGGDYEQYF,TGTGCCAGCGGGACTGGGGGGGACTATGAACAGTACTTC,1118,1,None,None
CACATAGAGGCTATCT-1,False,CACATAGAGGCTATCT-1_contig_1,False,545,TRB,TRBV12-1,None,TRBJ2-3,None,True,False,CTSVPALSDNSAETLYF,TGTACTTCTGTGCCAGCTCTCTCCGACAATAGTGCAGAAACGCTGTATTTT,1406,1,None,None
CACATAGCAGCCAATT-1,False,CACATAGCAGCCAATT-1_contig_1,False,327,TRB,None,None,TRBJ2-1,None,False,False,None,None,3404,1,None,None
CACATAGGTAGAAGGA-1,False,CACATAGGTAGAAGGA-1_contig_1,False,476,TRB,None,None,TRBJ2-7,None,False,False,None,None,1456,1,None,None
CACATAGGTCTCATCC-1,False,CACATAGGTCTCATCC-1_contig_1,False,591,TRB,TRBV12-2+TRBV13-2,None,TRBJ1-2,TRBC1,True,True,CASGGGTGNSDYTF,TGTGCCAGCGGTGGGGGGACAGGGAACTCCGACTACACCTTC,2174,2,None,None
CACATAGGTGCACGAA-1,False,CACATAGGTGCACGAA-1_contig_1,False,529,TRA,TRAV16N,None,TRAJ5,TRAC,True,True,CASGTQVVGQLTF,TGTGCTTCGGGGACACAGGTTGTGGGGCAGCTCACTTTC,1538,1,None,None
CACATAGGTGCACGAA-1,False,CACATAGGTGCACGAA-1_contig_2,False,535,TRB,TRBV16,None,TRBJ2-7,None,True,True,CASSFGGGADEQYF,TGTGCAAGCAGCTTTGGTGGGGGGGCGGATGAACAGTACTTC,2418,1,None,None
CACATAGGTGTGGTTT-1,False,CACATAGGTGTGGTTT-1_contig_1,False,521,TRB,TRBV12-1,None,TRBJ2-3,None,True,False,CTSVPALSDNSAETLYF,TGTACTTCTGTGCCAGCTCTCTCCGACAATAGTGCAGAAACGCTGTATTTT,1664,1,None,None
CACATAGGTTCCACAA-1,False,CACATAGGTTCCACAA-1_contig_1,False,587,TRA,TRAV3-4,None,TRAJ49,TRAC,True,True,CAVRGGYQNFYF,TGCGCAGTCAGGGGGGGTTACCAGAACTTCTATTTT,222,1,None,None
CACATAGTCAAAGACA-1,False,CACATAGTCAAAGACA-1_contig_1,False,362,TRB,None,None,TRBJ1-6,TRBC1,False,False,None,None,3134,1,None,None
CACATAGTCCACGAAT-1,False,CACATAGTCCACGAAT-1_contig_1,False,566,TRA,TRAV16D-DV11,None,TRAJ26,TRAC,True,True,CAMREENNYAQGLTF,TGTGCTATGAGAGAGGAAAATAACTATGCCCAGGGATTAACCTTC,11204,5,None,None
CACATAGTCCACGAAT-1,False,CACATAGTCCACGAAT-1_contig_2,False,512,TRB,TRBV13-1,None,TRBJ2-3,None,True,True,CASGDSAETLYF,TGTGCCAGCGGGGACAGTGCAGAAACGCTGTATTTT,3788,2,None,None
CACATAGTCCACGAAT-1,False,CACATAGTCCACGAAT-1_contig_3,True,391,TRB,None,None,TRBJ1-6,TRBC1,False,False,None,None,6736,3,None,None
CACATAGTCGTTACGA-1,False,CACATAGTCGTTACGA-1_contig_1,False,560,TRA,TRAV4D-3,None,TRAJ27,TRAC,True,True,CAADGPNTGKLTF,TGTGCTGCTGACGGGCCCAATACAGGCAAATTAACCTTT,2594,3,None,None
CACATAGTCGTTACGA-1,False,CACATAGTCGTTACGA-1_contig_2,False,516,TRA,TRAV8-1,None,TRAJ30,TRAC,True,True,CATDTNAYKVIF,TGTGCTACTGACACAAATGCTTACAAAGTCATCTTT,2232,2,None,None
CACATAGTCGTTACGA-1,False,CACATAGTCGTTACGA-1_contig_3,False,565,TRB,TRBV12-2+TRBV13-2,None,TRBJ1-5,TRBC1,True,True,CASGTGDNQAPLF,TGTGCCAGCGGGACAGGGGACAACCAGGCTCCGCTTTTT,1460,2,None,None
CACATAGTCTGATACG-1,False,CACATAGTCTGATACG-1_contig_1,False,507,TRA,TRAV21-DV12,None,TRAJ42,TRAC,True,True,CILRVHGGSNAKLTF,TGTATCCTGAGAGTCCATGGAGGAAGCAATGCAAAGCTAACCTTC,12066,6,None,None
CACATAGTCTGATACG-1,False,CACATAGTCTGATACG-1_contig_2,False,505,TRB,TRBV13-1,None,TRBJ2-4,None,True,True,CASSEGTNTLYF,TGTGCCAGCAGTGAAGGAACAAACACCTTGTACTTT,3250,4,None,None
CACATAGTCTGGTTCC-1,False,CACATAGTCTGGTTCC-1_contig_1,False,766,TRA,TRAV16D-DV11,None,TRAJ26,TRAC,True,False,CAMREENNYAQGLTF,TGTGCTATGAGAGAGGAAAATAACTATGCCCAGGGATTAACCTTC,1732,1,None,None
CACATTTAGCCGTCGT-1,False,CACATTTAGCCGTCGT-1_contig_1,False,510,TRB,TRBV13-1,None,TRBJ2-1,None,True,True,CASGGGDYAEQFF,TGTGCCAGCGGGGGGGGAGACTATGCTGAGCAGTTCTTC,1234,1,None,None
CACATTTAGGGTATCG-1,False,CACATTTAGGGTATCG-1_contig_1,False,570,TRB,TRBV12-2+TRBV13-2,None,TRBJ1-2,TRBC1,True,True,CASGGGTGNSDYTF,TGTGCCAGCGGTGGGGGGACAGGGAACTCCGACTACACCTTC,1190,1,None,None
CACATTTCAAGCTGGA-1,False,CACATTTCAAGCTGGA-1_contig_1,True,595,TRA,TRAV4D-3,None,TRAJ27,TRAC,True,True,CAADGPNTGKLTF,TGTGCTGCGGACGGACCCAATACAGGCAAATTAACCTTT,1628,1,None,None
CACATTTCAATAGCGG-1,False,CACATTTCAATAGCGG-1_contig_1,False,538,TRA,TRAV19,None,TRAJ39,TRAC,True,True,CAAGGNNAGAKLTF,TGCGCAGCAGGTGGGAATAATGCAGGTGCCAAGCTCACATTC,1154,1,None,None
CACATTTCACACTGCG-1,False,CACATTTCACACTGCG-1_contig_1,False,509,TRB,TRBV13-1,None,TRBJ2-2,None,True,True,CASSDPGQLYF,TGTGCCAGCAGTGACCCCGGGCAGCTCTACTTT,1470,1,None,None
CACATTTCATTCCTGC-1,False,CACATTTCATTCCTGC-1_contig_1,False,651,TRA,TRAV14N-3,None,TRAJ6,TRAC,True,True,CAARTSGGNYKPTF,TGTGCAGCAAGAACCTCAGGAGGAAACTACAAACCTACGTTT,6478,7,None,None
CACATTTCATTCCTGC-1,False,CACATTTCATTCCTGC-1_contig_10,False,433,TRA,TRAV9D-2,None,TRAJ26,TRAC,True,False,CVLSRGNNYAQGLTF,TGTGTTCTGAGCAGGGGCAATAACTATGCCCAGGGATTAACCTTC,5516,5,None,None
CACATTTCATTCCTGC-1,False,CACATTTCATTCCTGC-1_contig_2,False,512,TRB,TRBV13-1,None,TRBJ2-4,None,True,True,CASSEGTNTLYF,TGTGCCAGCAGTGAAGGAACAAACACCTTGTACTTT,14812,15,None,None
CACATTTCATTCCTGC-1,False,CACATTTCATTCCTGC-1_contig_3,False,518,TRA,TRAV8-1,None,TRAJ30,TRAC,True,True,CATDTNAYKVIF,TGTGCTACTGACACAAATGCTTACAAAGTCATCTTT,3328,4,None,None
CACATTTCATTCCTGC-1,False,CACATTTCATTCCTGC-1_contig_4,False,549,TRA,TRAV8N-2,None,TRAJ13,TRAC,True,True,CATEDSGTYQRF,TGTGCTACTGAGGATTCTGGGACTTACCAGAGGTTT,12338,13,None,None
CACATTTCATTCCTGC-1,False,CACATTTCATTCCTGC-1_contig_5,False,562,TRB,TRBV12-2+TRBV13-2,None,TRBJ1-5,TRBC1,True,True,CASGTGDNQAPLF,TGTGCCAGCGGGACAGGGGACAACCAGGCTCCGCTTTTT,6444,11,None,None
CACATTTCATTCCTGC-1,False,CACATTTCATTCCTGC-1_contig_6,False,611,TRB,TRBV12-2+TRBV13-2,None,TRBJ2-7,None,True,True,CASGTGGDYEQYF,TGTGCCAGCGGGACTGGGGGGGACTATGAACAGTACTTC,11718,14,None,None
CACATTTCATTCCTGC-1,False,CACATTTCATTCCTGC-1_contig_7,False,497,TRB,None,None,TRBJ2-5,None,False,False,None,None,1258,2,None,None
CACATTTCATTCCTGC-1,False,CACATTTCATTCCTGC-1_contig_8,False,403,TRB,None,None,TRBJ2-5,None,False,False,None,None,4208,4,None,None
CACATTTCATTCCTGC-1,False,CACATTTCATTCCTGC-1_contig_9,False,424,TRA,TRAV6-6,None,TRAJ24,TRAC,True,False,None,None,5302,4,None,None
CACATTTGTAGAGGAA-1,False,CACATTTGTAGAGGAA-1_contig_1,False,563,TRB,TRBV12-2+TRBV13-2,None,TRBJ1-5,TRBC1,True,True,CASGTGDNQAPLF,TGTGCCAGCGGGACAGGCGACAACCAGGCTCCGCTTTTT,986,1,None,None
CACATTTGTCATATCG-1,False,CACATTTGTCATATCG-1_contig_1,False,504,TRB,TRBV13-1,None,TRBJ2-4,None,True,True,CASSEGTNTLYF,TGTGCCAGCAGTGAAGGAACAAACACCTTGTACTTT,474,1,None,None
CACATTTGTCGGGTCT-1,False,CACATTTGTCGGGTCT-1_contig_1,False,565,TRB,TRBV12-2+TRBV13-2,None,TRBJ1-5,TRBC1,True,True,CASGTGDNQAPLF,TGTGCCAGCGGGACAGGGGACAACCAGGCTCCGCTTTTT,1130,1,None,None
CACATTTGTGCACGAA-1,False,CACATTTGTGCACGAA-1_contig_1,False,587,TRB,TRBV12-2+TRBV13-2,None,TRBJ2-7,None,True,True,CASGVQGWEQYF,TGTGCCAGCGGTGTACAGGGGTGGGAACAGTACTTC,1126,1,None,None
CACATTTGTGCCTGCA-1,False,CACATTTGTGCCTGCA-1_contig_1,False,566,TRB,TRBV12-2+TRBV13-2,None,TRBJ2-7,None,True,True,CASGVQGWEQYF,TGTGCCAGCGGTGTACAGGGGTGGGAACAGTACTTC,1288,1,None,None
CACATTTGTGCGATAG-1,False,CACATTTGTGCGATAG-1_contig_1,False,619,TRB,None,None,TRBJ2-7,None,False,False,None,None,1734,1,None,None
CACATTTGTGTGGTTT-1,False,CACATTTGTGTGGTTT-1_contig_1,False,504,TRB,TRBV13-1,None,TRBJ2-3,None,True,True,CASGDSAETLYF,TGTGCCAGCGGGGACAGTGCAGAAACGCTGTATTTT,1370,1,None,None
CACATTTGTTGAGGTG-1,False,CACATTTGTTGAGGTG-1_contig_1,False,498,TRA,TRAV1,None,TRAJ12,TRAC,True,True,CAVRDRAGGYKVVF,TGTGCTGTGAGGGATCGGGCTGGAGGCTATAAAGTGGTCTTT,2088,1,None,None
CACATTTTCACCCTCA-1,False,CACATTTTCACCCTCA-1_contig_1,False,562,TRA,TRAV12D-1,None,TRAJ5,TRAC,True,True,CALSDQGVVGQLTF,TGTGCTCTGAGTGATCAAGGGGTTGTGGGGCAGCTCACTTTC,1874,1,None,None
CACATTTTCATGCTCC-1,False,CACATTTTCATGCTCC-1_contig_1,False,566,TRA,TRAV3-3,None,TRAJ49,TRAC,True,True,CAVSGSTGYQNFYF,TGCGCAGTCAGTGGGAGCACGGGTTACCAGAACTTCTATTTT,2162,1,None,None
CACATTTTCATGCTCC-1,False,CACATTTTCATGCTCC-1_contig_2,False,629,TRB,TRBV12-2+TRBV13-2,None,TRBJ1-5,TRBC1,True,True,CASGTGDNQAPLF,TGTGCCAGCGGAACAGGGGACAACCAGGCTCCGCTTTTT,1344,1,None,None
CACATTTTCGGACAAG-1,False,CACATTTTCGGACAAG-1_contig_1,False,578,Multi,TRDV1,None,TRAJ43,TRAC,True,False,CGGLNNAPRF,TGTGGAGGCCTCAACAATGCCCCACGATTT,1990,1,None,None
CACATTTTCTCGGACG-1,False,CACATTTTCTCGGACG-1_contig_1,False,566,TRA,TRAV3-3,None,TRAJ49,TRAC,True,True,CAVSGATGYQNFYF,TGCGCAGTCAGTGGGGCCACGGGTTACCAGAACTTCTATTTT,1084,1,None,None
CACATTTTCTTGTTTG-1,False,CACATTTTCTTGTTTG-1_contig_1,False,323,TRB,None,None,TRBJ2-1,None,False,False,None,None,1926,1,None,None
CACCACTAGTACGCGA-1,False,CACCACTAGTACGCGA-1_contig_1,False,528,TRA,TRAV6D-5,None,TRAJ38,TRAC,True,False,CTTVFWDNVGDNSKLIW,TGTACTACTGTGTTCTGGGATAATGTTGGTGACAACAGTAAGCTGATTTGG,252,1,None,None
CACCACTCAAACGCGA-1,False,CACCACTCAAACGCGA-1_contig_1,False,593,TRA,TRAV19,None,TRAJ39,TRAC,True,True,CAAGGNNAGAKLTF,TGCGCAGCAGGTGGGAATAATGCAGGTGCCAAGCTCACATTC,1664,4,None,None
CACCACTCAAACGCGA-1,False,CACCACTCAAACGCGA-1_contig_10,False,366,TRB,None,None,TRBJ1-1,TRBC1,False,False,None,None,878,2,None,None
CACCACTCAAACGCGA-1,False,CACCACTCAAACGCGA-1_contig_11,False,526,TRA,TRAV6D-5,None,TRAJ38,TRAC,True,False,CTTVFWDNVGDNSKLIW,TGTACTACTGTGTTCTGGGATAATGTTGGTGACAACAGTAAGCTGATTTGG,2670,4,None,None
CACCACTCAAACGCGA-1,False,CACCACTCAAACGCGA-1_contig_12,False,339,TRA,None,None,TRAJ18,TRAC,False,False,None,None,2196,3,None,None
CACCACTCAAACGCGA-1,False,CACCACTCAAACGCGA-1_contig_2,False,670,TRA,TRAV14N-3,None,TRAJ6,TRAC,True,True,CAARTSGGNYKPTF,TGTGCAGCAAGAACCTCAGGAGGAAACTACAAACCTACGTTT,5372,5,None,None
CACCACTCAAACGCGA-1,False,CACCACTCAAACGCGA-1_contig_3,False,566,TRA,TRAV3-3,None,TRAJ49,TRAC,True,True,CAVSGSTGYQNFYF,TGCGCAGTCAGTGGGAGCACGGGTTACCAGAACTTCTATTTT,3668,4,None,None
CACCACTCAAACGCGA-1,False,CACCACTCAAACGCGA-1_contig_4,False,512,TRB,TRBV13-1,None,TRBJ2-4,None,True,True,CASSEGTNTLYF,TGTGCCAGCAGTGAAGGAACAAACACCTTGTACTTT,6236,10,None,None
CACCACTCAAACGCGA-1,False,CACCACTCAAACGCGA-1_contig_5,False,597,TRB,TRBV12-2+TRBV13-2,None,TRBJ2-7,None,True,True,CASGVQGWEQYF,TGTGCCAGCGGTGTACAGGGGTGGGAACAGTACTTC,14076,21,None,None
CACCACTCAAACGCGA-1,False,CACCACTCAAACGCGA-1_contig_6,False,603,TRB,TRBV12-2+TRBV13-2,None,TRBJ1-2,TRBC1,True,True,CASGGGTGNSDYTF,TGTGCCAGCGGTGGGGGGACAGGGAACTCCGACTACACCTTC,2368,3,None,None
CACCACTCAAACGCGA-1,False,CACCACTCAAACGCGA-1_contig_7,False,549,TRA,TRAV8N-2,None,TRAJ13,TRAC,True,True,CATEDSGTYQRF,TGTGCTACTGAGGATTCTGGGACTTACCAGAGGTTT,13258,14,None,None
CACCACTCAAACGCGA-1,False,CACCACTCAAACGCGA-1_contig_8,False,600,TRB,TRBV12-2+TRBV13-2,None,TRBJ2-7,None,True,True,CASGTGGDYEQYF,TGTGCCAGCGGGACTGGGGGGGACTATGAACAGTACTTC,16320,17,None,None
CACCACTCAAACGCGA-1,False,CACCACTCAAACGCGA-1_contig_9,False,591,TRB,TRBV12-2+TRBV13-2,None,TRBJ1-5,TRBC1,True,True,CASGTGDNQAPLF,TGTGCCAGCGGTACAGGGGACAACCAGGCTCCGCTTTTT,1678,2,None,None
CACCACTCAACACCCG-1,False,CACCACTCAACACCCG-1_contig_1,False,507,TRB,TRBV5,None,TRBJ2-2,None,True,True,CASSTGQLYF,TGTGCCAGCAGCACCGGGCAGCTCTACTTT,3010,2,None,None
CACCACTCACCAGCAC-1,False,CACCACTCACCAGCAC-1_contig_1,False,561,TRB,TRBV12-2+TRBV13-2,None,TRBJ2-7,None,True,True,CASGVQGWKQYF,TGTGCCAGCGGTGTACAGGGGTGGAAACAGTACTTC,1986,1,None,None
CACCACTGTACCGTAT-1,False,CACCACTGTACCGTAT-1_contig_1,False,485,TRB,TRBV13-1,None,TRBJ2-4,None,True,False,CASSEGTNTLYF,TGTGCCAGCAGTGAAGGAACAAACACCTTGTACTTT,988,1,None,None
CACCACTGTATAGTAG-1,False,CACCACTGTATAGTAG-1_contig_1,False,515,TRB,TRBV10,None,TRBJ2-7,None,True,False,CASRLDWGAEQYF,TGTGCCAGCAGGCTCGACTGGGGGGCTGAACAGTACTTC,1630,1,None,None
CACCACTGTCCGTCAG-1,False,CACCACTGTCCGTCAG-1_contig_1,False,606,TRA,TRAV16D-DV11,None,TRAJ26,TRAC,True,True,CAMREENNYAQGLTF,TGTGCTATGAGAGAGGAAAATAACTATGCCCAGGGATTAACCTTC,1170,1,None,None
CACCACTGTCTAAACC-1,False,CACCACTGTCTAAACC-1_contig_1,False,556,TRA,TRAV19,None,TRAJ39,TRAC,True,True,CAAGGNNAGAKLTF,TGCGCAGCAGGTGGGAATAATGCAGGTGCCAAGCTCACATTC,2768,2,None,None
CACCACTGTCTAAACC-1,False,CACCACTGTCTAAACC-1_contig_2,False,566,TRB,TRBV12-2+TRBV13-2,None,TRBJ1-2,TRBC1,True,True,CASGGGTGNSDYTF,TGTGCCAGCGGTGGGGGGACAGGGAACTCCGACTACACCTTC,1576,2,None,None
CACCACTGTCTAAACC-1,False,CACCACTGTCTAAACC-1_contig_3,False,518,TRA,TRAV8-1,None,TRAJ30,TRAC,True,True,CATDTNAYKVIF,TGTGCTACCGACACAAATGCTTACAAAGTCATCTTT,2532,1,None,None
CACCACTGTCTCTTAT-1,False,CACCACTGTCTCTTAT-1_contig_1,False,334,TRB,None,None,TRBJ2-7,None,False,False,None,None,4416,1,None,None
CACCACTGTGTCGCTG-1,False,CACCACTGTGTCGCTG-1_contig_1,False,403,TRA,TRAV7-5,None,TRAJ45,TRAC,True,False,CSDTEGADRLTF,TGCAGTGATACAGAAGGTGCAGATAGACTCACCTTT,2280,1,None,None
CACCACTGTTAAGTAG-1,False,CACCACTGTTAAGTAG-1_contig_1,False,566,TRB,TRBV12-2+TRBV13-2,None,TRBJ1-2,TRBC1,True,True,CASGGGTGNSDYTF,TGTGCCAGCGGTGGGGGGACAGGGAACTCCGACTACACCTTC,718,1,None,None
CACCACTGTTCAGACT-1,False,CACCACTGTTCAGACT-1_contig_1,False,558,TRB,TRBV12-2+TRBV13-2,None,TRBJ2-7,None,True,True,CASGALWEQYF,TGTGCCAGCGGGGCTCTATGGGAACAGTACTTC,1650,1,None,None
CACCACTGTTCGGCAC-1,False,CACCACTGTTCGGCAC-1_contig_1,False,565,TRB,TRBV12-2+TRBV13-2,None,TRBJ1-5,TRBC1,True,True,CASGTGDNQAPLF,TGTGCCAGCGGGACAGGGGACAACCAGGCTCCGCTTTTT,790,1,None,None
CACCACTGTTTAGCTG-1,False,CACCACTGTTTAGCTG-1_contig_1,False,555,TRB,TRBV12-2+TRBV13-2,None,TRBJ2-1,None,True,True,CASGDPFQFF,TGTGCCAGCGGTGATCCTTTCCAGTTCTTC,1706,1,None,None
CACCACTTCATGTAGC-1,False,CACCACTTCATGTAGC-1_contig_1,False,398,TRA,TRAV19,None,TRAJ39,TRAC,True,False,CAAGGNNAGAKLTF,TGCGCAGCAGGTGGGAATAATGCAGGTGCCAAGCTCACATTC,1872,1,None,None
CACCACTTCCCATTAT-1,False,CACCACTTCCCATTAT-1_contig_1,False,565,TRB,TRBV12-2+TRBV13-2,None,TRBJ1-2,TRBC1,True,True,CASGGGTGNSDYTF,TGTGCCAGCGGTGGGGGGACAGGGAACTCCGACTACACCTTC,1178,1,None,None
CACCACTTCCGGCACA-1,False,CACCACTTCCGGCACA-1_contig_1,False,340,TRB,None,None,TRBJ1-2,TRBC1,False,False,None,None,540,1,None,None
CACCACTTCGAACTGT-1,False,CACCACTTCGAACTGT-1_contig_1,False,508,TRB,TRBV13-1,None,TRBJ1-4,TRBC1,True,True,CASGTGANERLFF,TGTGCCAGCGGGACAGGGGCCAACGAAAGATTATTTTTC,1582,1,None,None
CACCACTTCTAACTTC-1,False,CACCACTTCTAACTTC-1_contig_1,False,562,TRB,TRBV12-2+TRBV13-2,None,TRBJ2-7,None,True,True,CASGVQGGEQYF,TGTGCCAGCGGTGTGCAGGGGGGAGAACAGTACTTC,1458,1,None,None
CACCACTTCTCGCATC-1,False,CACCACTTCTCGCATC-1_contig_1,False,508,TRB,TRBV13-1,None,TRBJ2-1,None,True,True,CASSGGDYAEQFF,TGTGCCAGCAGTGGGGGGGACTATGCTGAGCAGTTCTTC,1898,1,None,None
CACCACTTCTTCTGGC-1,False,CACCACTTCTTCTGGC-1_contig_1,False,532,Multi,TRDV1,None,TRAJ45,TRAC,True,False,CGGTEGADRLTF,TGTGGAGGGACAGAAGGTGCAGATAGACTCACCTTT,2440,1,None,None
CACCAGGAGAAGCCCA-1,False,CACCAGGAGAAGCCCA-1_contig_1,False,580,TRB,TRBV12-2+TRBV13-2,None,TRBJ2-5,None,True,True,CASGAPDTQYF,TGTGCCAGCGGTGCCCCGGACACCCAGTACTTT,826,1,None,None
CACCAGGAGACTTGAA-1,False,CACCAGGAGACTTGAA-1_contig_1,False,583,TRA,TRAV14-1,None,TRAJ32,TRAC,True,True,CAASPLGSSGNKLIF,TGTGCAGCAAGTCCTCTTGGGAGCAGTGGCAACAAGCTCATCTTT,2404,1,None,None
CACCAGGAGCGATAGC-1,False,CACCAGGAGCGATAGC-1_contig_1,False,549,TRB,TRBV16,None,TRBJ2-7,None,True,True,CASSFGGGADEQYF,TGTGCAAGCAGCTTTGGTGGGGGGGCGGATGAACAGTACTTC,944,1,None,None
CACCAGGAGCGATAGC-1,False,CACCAGGAGCGATAGC-1_contig_2,False,602,TRB,TRBV12-2+TRBV13-2,None,TRBJ2-7,None,True,True,CASGVQGGEQYF,TGTGCCAGCGGTGTGCAGGGGGGAGAACAGTACTTC,1064,1,None,None
CACCAGGAGCTAACTC-1,False,CACCAGGAGCTAACTC-1_contig_1,False,567,TRA,TRAV3-3,None,TRAJ37,TRAC,True,False,None,None,2402,1,None,None
CACCAGGAGGGAACGG-1,False,CACCAGGAGGGAACGG-1_contig_1,False,515,TRB,TRBV13-1,None,TRBJ1-4,TRBC1,True,True,CASGTGANERLFF,TGTGCCAGCGGGACAGGGGCCAACGAAAGATTATTTTTC,1380,1,None,None
CACCAGGAGGGATACC-1,False,CACCAGGAGGGATACC-1_contig_1,False,389,TRB,None,None,TRBJ2-1,None,False,False,None,None,2930,1,None,None
CACCAGGAGTCGAGTG-1,False,CACCAGGAGTCGAGTG-1_contig_1,False,562,TRB,TRBV12-2+TRBV13-2,None,TRBJ2-7,None,True,True,CASGVQGWEQYF,TGTGCCAGCGGTGTACAGGGGTGGGAACAGTACTTC,1164,1,None,None
CACCAGGCAAACGTGG-1,False,CACCAGGCAAACGTGG-1_contig_1,False,558,TRB,TRBV12-2+TRBV13-2,None,TRBJ2-5,None,True,True,CASGVQGDTQYF,TGTGCCAGCGGTGTTCAGGGGGACACCCAGTACTTT,978,1,None,None
CACCAGGCAAGACGTG-1,False,CACCAGGCAAGACGTG-1_contig_1,False,560,TRA,TRAV4D-3,None,TRAJ27,TRAC,True,True,CAADGPNTGKLTF,TGTGCTGCTGACGGGCCCAATACAGGCAAATTAACCTTT,1668,1,None,None
CACCAGGCAGCATGAG-1,False,CACCAGGCAGCATGAG-1_contig_1,False,525,TRB,TRBV17,None,TRBJ2-5,None,True,True,CASSRKGIQDTQYF,TGTGCTAGCAGTAGAAAGGGGATCCAAGACACCCAGTACTTT,1610,1,None,None
CACCAGGCAGGGATTG-1,False,CACCAGGCAGGGATTG-1_contig_1,False,549,TRA,TRAV8N-2,None,TRAJ13,TRAC,True,True,CATEDSGTYQRF,TGTGCTACTGAGGATTCTGGGACTTACCAGAGGTTT,1582,1,None,None
CACCAGGCAGTTCCCT-1,False,CACCAGGCAGTTCCCT-1_contig_1,False,564,TRA,TRAV3-4,None,TRAJ49,TRAC,True,True,CAVRGGYQNFYF,TGCGCAGTCAGGGGGGGTTACCAGAACTTCTATTTT,2130,1,None,None
CACCAGGCATGCCACG-1,False,CACCAGGCATGCCACG-1_contig_1,False,572,TRB,TRBV1,None,TRBJ1-1,TRBC1,True,False,None,None,1496,1,None,None
CACCAGGCATGCCACG-1,False,CACCAGGCATGCCACG-1_contig_2,False,413,TRA,TRAV13N-4,None,TRAJ23,TRAC,True,False,None,None,2038,1,None,None
CACCAGGCATTGAGCT-1,False,CACCAGGCATTGAGCT-1_contig_1,False,498,TRA,TRAV1,None,TRAJ12,TRAC,True,True,CAVRDRAGGYKVVF,TGTGCTGTGAGGGATCGGGCTGGAGGCTATAAAGTGGTCTTT,2394,1,None,None
CACCAGGGTAAGTTCC-1,False,CACCAGGGTAAGTTCC-1_contig_1,False,506,TRB,TRBV5,None,TRBJ2-2,None,True,True,CASSQDRHTGQLYF,TGTGCCAGCAGCCAAGATAGACACACCGGGCAGCTCTACTTT,2536,1,None,None
CACCAGGGTATATCCG-1,False,CACCAGGGTATATCCG-1_contig_1,False,543,TRB,TRBV13-2,None,TRBJ2-7,None,True,True,CASGVQGWEQYF,TGTGCCAGCGGTGTACAGGGGTGGGAACAGTACTTC,1504,1,None,None
CACCAGGGTCCCGACA-1,False,CACCAGGGTCCCGACA-1_contig_1,False,505,TRB,TRBV13-2,None,TRBJ1-2,TRBC1,True,False,CASGGGTGNSDYTF,TGTGCCAGCGGTGGGGGGACAGGGAACTCCGACTACACCTTC,1314,1,None,None
CACCAGGGTTAAGGGC-1,False,CACCAGGGTTAAGGGC-1_contig_1,False,574,TRB,TRBV12-2,None,TRBJ1-2,TRBC1,True,True,CASSLSTGGVNSDYTF,TGTGCCAGCTCTCTATCGACAGGGGGCGTGAACTCCGACTACACCTTC,1592,1,None,None
CACCAGGTCAACGCTA-1,False,CACCAGGTCAACGCTA-1_contig_1,False,505,TRB,TRBV13-1,None,TRBJ2-3,None,True,True,CASGDSAETLYF,TGTGCCAGCGGGGACAGTGCAGAAACGCTGTATTTT,1666,1,None,None
CACCTTGAGCCAGGAT-1,False,CACCTTGAGCCAGGAT-1_contig_1,False,587,TRB,TRBV13-1,None,TRBJ1-4,TRBC1,True,True,CASGTGANERLFF,TGTGCCAGCGGGACAGGGGCCAACGAAAGATTATTTTTC,1074,1,None,None
CACCTTGAGGTCATCT-1,False,CACCTTGAGGTCATCT-1_contig_1,False,369,TRB,None,None,TRBJ1-3,TRBC1,False,False,None,None,130,1,None,None
CACCTTGCAATGGAAT-1,False,CACCTTGCAATGGAAT-1_contig_1,False,443,TRB,None,None,TRBJ1-6,TRBC1,False,False,None,None,1272,1,None,None
CACCTTGCATCCAACA-1,False,CACCTTGCATCCAACA-1_contig_1,False,547,TRB,TRBV12-2+TRBV13-2,None,TRBJ2-7,None,True,True,CASGTGGDYEQYF,TGTGCCAGCGGGACTGGGGGGGACTATGAACAGTACTTC,1150,1,None,None
CACCTTGGTACTTCTT-1,False,CACCTTGGTACTTCTT-1_contig_1,False,556,TRB,TRBV12-2+TRBV13-2,None,TRBJ1-2,TRBC1,True,True,CASGGGTGNSDYTF,TGTGCCAGCGGTGGGGGGACAGGGAACTCCGACTACACCTTC,678,1,None,None
CACCTTGGTACTTCTT-1,False,CACCTTGGTACTTCTT-1_contig_2,False,542,TRA,TRAV8-1,None,TRAJ30,TRAC,True,True,CATDTNAYKVIF,TGTGCTACTGACACAAATGCTTACAAAGTCATCTTT,1264,1,None,None
CACCTTGGTCCGAAGA-1,False,CACCTTGGTCCGAAGA-1_contig_1,False,538,TRA,TRAV3D-3,None,TRAJ28,TRAC,True,False,CTSAQSVRGTGSNRLTF,TGTACTTCTGCGCAGTCAGTGAGGGGCACTGGGAGTAACAGGCTCACTTTT,1332,1,None,None
CACCTTGGTTAGGGTG-1,False,CACCTTGGTTAGGGTG-1_contig_1,False,559,TRA,TRAV4D-3,None,TRAJ27,TRAC,True,True,CAADGPNTGKLTF,TGTGCTGCGGACGGACCCAATACAGGCAAATTAACCTTT,2384,1,None,None
CACCTTGTCAGCTTAG-1,False,CACCTTGTCAGCTTAG-1_contig_1,False,557,TRB,TRBV12-2+TRBV13-2,None,TRBJ2-7,None,True,True,CASGVQGEQYF,TGTGCCAGCGGTGTTCAGGGAGAACAGTACTTC,1450,1,None,None
CACCTTGTCATCTGTT-1,False,CACCTTGTCATCTGTT-1_contig_1,False,565,TRB,TRBV12-2+TRBV13-2,None,TRBJ1-5,TRBC1,True,True,CASGTGDNQAPLF,TGTGCCAGCGGGACAGGGGACAACCAGGCTCCGCTTTTT,1702,2,None,None
CACCTTGTCCGCGCAA-1,False,CACCTTGTCCGCGCAA-1_contig_1,False,571,TRA,TRAV14N-3,None,TRAJ6,TRAC,True,True,CAARTSGGNYKPTF,TGTGCAGCAAGAACCTCAGGAGGAAACTACAAACCTACGTTT,1730,1,None,None
CACCTTGTCCGCGCAA-1,False,CACCTTGTCCGCGCAA-1_contig_2,False,533,TRA,TRAV16N,None,TRAJ12,TRAC,True,True,CAMREGLGAGGYKVVF,TGTGCTATGAGAGAGGGCCTAGGGGCTGGAGGCTATAAAGTGGTCTTT,1560,1,None,None
CACCTTGTCTGTTGAG-1,False,CACCTTGTCTGTTGAG-1_contig_1,False,611,TRB,TRBV13-1,None,TRBJ1-4,TRBC1,True,False,CASGTGANERLFF,TGTGCCAGCGGGACAGGGGCCAACGAAAGATTATTTTTC,1772,1,None,None
CACTCCAAGACAGAGA-1,False,CACTCCAAGACAGAGA-1_contig_1,False,625,TRB,TRBV10,None,TRBJ2-5,None,True,False,None,None,928,1,None,None
CACTCCAAGCAGCCTC-1,False,CACTCCAAGCAGCCTC-1_contig_1,False,507,TRA,TRAV21-DV12,None,TRAJ42,TRAC,True,True,CILRVHGGSNAKLTF,TGTATCCTGAGAGTCCATGGAGGAAGCAATGCAAAGCTAACCTTC,1524,1,None,None
CACTCCAAGCCGATTT-1,False,CACTCCAAGCCGATTT-1_contig_1,False,549,TRB,TRBV16,None,TRBJ2-5,None,True,True,CASSLGGGQDTQYF,TGTGCAAGCAGCTTAGGGGGGGGCCAAGACACCCAGTACTTT,572,1,None,None
CACTCCAAGCGTAATA-1,False,CACTCCAAGCGTAATA-1_contig_1,False,476,TRB,TRBV13-1,None,TRBJ2-3,None,True,False,CASGDSAETLYF,TGTGCCAGCGGGGACAGTGCAGAAACGCTGTATTTT,2204,1,None,None
CACTCCAAGCTCCTCT-1,False,CACTCCAAGCTCCTCT-1_contig_1,False,565,TRA,TRAV19,None,TRAJ39,TRAC,True,True,CAAGGNNAGAKLTF,TGCGCAGCAGGTGGGAATAATGCAGGTGCCAAGCTCACATTC,1842,1,None,None
CACTCCAAGTAAGTAC-1,False,CACTCCAAGTAAGTAC-1_contig_1,False,565,TRB,TRBV12-2+TRBV13-2,None,TRBJ1-5,TRBC1,True,True,CASGTGDNQAPLF,TGTGCCAGCGGGACAGGGGACAACCAGGCTCCGCTTTTT,1082,1,None,None
CACTCCACATGCATGT-1,False,CACTCCACATGCATGT-1_contig_1,False,546,TRB,TRBV13-2,None,TRBJ2-3,None,True,True,CASGDAPPGEGTLYF,TGTGCCAGCGGTGATGCACCTCCAGGGGAGGGAACGCTGTATTTT,1240,2,None,None
CACTCCACATTGGTAC-1,False,CACTCCACATTGGTAC-1_contig_1,False,523,TRA,TRAV8D-1,None,TRAJ30,TRAC,True,True,CALDTNAYKVIF,TGTGCCCTCGACACAAATGCTTACAAAGTCATCTTT,2254,1,None,None
CACTCCAGTCCAAGTT-1,False,CACTCCAGTCCAAGTT-1_contig_1,False,572,TRB,TRBV12-2+TRBV13-2,None,TRBJ1-2,TRBC1,True,True,CASGGGTGNSDYTF,TGTGCCAGCGGTGGGGGGACAGGGAACTCCGACTACACCTTC,1516,1,None,None
CACTCCAGTCGAACAG-1,False,CACTCCAGTCGAACAG-1_contig_1,False,550,TRB,TRBV12-2+TRBV13-2,None,TRBJ1-2,None,True,True,CASGGGTGNSDYTF,TGTGCCAGCGGTGGGGGGACAGGGAACTCCGACTACACCTTC,804,2,None,None
CACTCCAGTCTACCTC-1,False,CACTCCAGTCTACCTC-1_contig_1,False,562,TRB,TRBV12-2+TRBV13-2,None,TRBJ2-7,None,True,True,CASGVQGGEQYF,TGTGCCAGCGGTGTGCAGGGGGGAGAACAGTACTTC,1242,1,None,None
CACTCCATCAACGGGA-1,False,CACTCCATCAACGGGA-1_contig_1,False,506,TRA,TRAV7N-6,None,TRAJ30,TRAC,True,True,CAVVDTNAYKVIF,TGTGCAGTGGTTGACACAAATGCTTACAAAGTCATCTTT,462,1,None,None
CACTCCATCGTGACAT-1,False,CACTCCATCGTGACAT-1_contig_1,False,558,TRA,TRAV19,None,TRAJ39,TRAC,True,True,CAAGGNNAGAKLTF,TGCGCAGCAGGTGGGAATAATGCAGGTGCCAAGCTCACATTC,780,1,None,None
CACTCCATCTATCCCG-1,False,CACTCCATCTATCCCG-1_contig_1,False,561,TRB,TRBV12-2+TRBV13-2,None,TRBJ1-5,TRBC1,True,True,CASGTGDNQAPLF,TGTGCCAGCGGGACAGGGGACAACCAGGCTCCGCTTTTT,226,1,None,None
CACTCCATCTCTGTCG-1,False,CACTCCATCTCTGTCG-1_contig_1,False,549,TRB,TRBV16,None,TRBJ2-7,None,True,True,CASSLGGGGDEQYF,TGTGCAAGCAGCTTAGGTGGGGGGGGCGATGAACAGTACTTC,1248,1,None,None
CACTCCATCTCTGTCG-1,False,CACTCCATCTCTGTCG-1_contig_2,False,594,TRA,TRAV7-4,None,TRAJ27,TRAC,True,True,CAASEDANTGKLTF,TGTGCAGCTAGTGAGGACGCCAATACAGGCAAATTAACCTTT,1174,1,None,None
CAGAATCAGAAACCTA-1,False,CAGAATCAGAAACCTA-1_contig_1,False,563,TRB,TRBV12-2+TRBV13-2,None,TRBJ1-2,TRBC1,True,True,CASGGGTGNSDYTF,TGTGCCAGCGGTGGGGGGACAGGGAACTCCGACTACACCTTC,126,1,None,None
CAGAATCAGCATCATC-1,False,CAGAATCAGCATCATC-1_contig_1,True,535,TRB,TRBV16,None,TRBJ2-5,None,True,True,CASSLGGGQDTQYF,TGTGCAAGCAGCTTAGGGGGGGGCCAAGACACCCAGTACTTT,3314,3,None,None
CAGAATCCACAGGCCT-1,False,CAGAATCCACAGGCCT-1_contig_1,False,558,TRA,TRAV19,None,TRAJ39,TRAC,True,True,CAAGGNNAGAKLTF,TGCGCAGCAGGTGGGAATAATGCAGGTGCCAAGCTCACATTC,2030,1,None,None
CAGAATCCACATTTCT-1,False,CAGAATCCACATTTCT-1_contig_1,False,548,TRB,TRBV12-2+TRBV13-2,None,TRBJ1-2,TRBC1,True,True,CASGGGTGNSDYTF,TGTGCCAGCGGTGGGGGGACAGGGAACTCCGACTACACCTTC,1808,1,None,None
CAGAATCCACATTTCT-1,False,CAGAATCCACATTTCT-1_contig_2,False,481,TRB,None,None,TRBJ2-7,None,False,False,None,None,1282,1,None,None
CAGAATCCAGATCCAT-1,False,CAGAATCCAGATCCAT-1_contig_1,False,566,TRB,TRBV12-2+TRBV13-2,None,TRBJ1-2,TRBC1,True,True,CASGGGTGNSDYTF,TGTGCCAGCGGTGGGGGGACAGGGAACTCCGACTACACCTTC,1446,1,None,None
CAGAATCCAGATGGGT-1,False,CAGAATCCAGATGGGT-1_contig_1,False,514,TRB,TRBV16,None,TRBJ2-5,None,True,True,CASSLGGYQDTQYF,TGTGCAAGCAGCTTAGGGGGCTACCAAGACACCCAGTACTTT,648,1,None,None
CAGAATCCAGCTCGCA-1,False,CAGAATCCAGCTCGCA-1_contig_1,False,563,TRB,TRBV12-2+TRBV13-2,None,TRBJ2-7,None,True,True,CASGAGGDYEQYF,TGTGCCAGCGGTGCTGGGGGGGACTATGAACAGTACTTC,822,1,None,None
CAGAATCCAGGACCCT-1,False,CAGAATCCAGGACCCT-1_contig_1,False,549,TRB,TRBV16,None,TRBJ2-7,None,True,True,CASSFGGGADEQYF,TGTGCAAGCAGCTTTGGTGGGGGGGCGGATGAACAGTACTTC,1920,1,None,None
CAGAATCCATCTCCCA-1,False,CAGAATCCATCTCCCA-1_contig_1,False,549,TRB,TRBV16,None,TRBJ2-5,None,True,True,CASSLGGGQDTQYF,TGTGCAAGCAGCTTAGGGGGGGGCCAAGACACCCAGTACTTT,1568,1,None,None
CAGAATCGTACTTGAC-1,False,CAGAATCGTACTTGAC-1_contig_1,True,555,TRA,TRAV7-3,None,TRAJ38,TRAC,True,True,CAVSAANVGDNSKLIW,TGTGCAGTGAGCGCGGCGAATGTTGGTGACAACAGTAAGCTGATTTGG,3928,2,None,None
CAGAATCGTACTTGAC-1,False,CAGAATCGTACTTGAC-1_contig_2,True,481,TRB,None,None,TRBJ1-6,TRBC1,False,False,None,None,1642,2,None,None
CAGAATCGTATAGGTA-1,False,CAGAATCGTATAGGTA-1_contig_1,False,568,TRB,TRBV12-2+TRBV13-2,None,TRBJ1-2,TRBC1,True,True,CASGGGTGNSDYTF,TGTGCCAGCGGTGGGGGGACAGGGAACTCCGACTACACCTTC,1418,1,None,None
CAGAATCGTCAACTGT-1,False,CAGAATCGTCAACTGT-1_contig_1,False,599,TRB,TRBV12-2+TRBV13-2,None,TRBJ1-2,TRBC1,True,True,CASGGGTGNSDYTF,TGTGCCAGCGGTGGGGGGACAGGGAACTCCGACTACACCTTC,1140,1,None,None
CAGAATCGTCCGTGAC-1,False,CAGAATCGTCCGTGAC-1_contig_1,False,502,TRB,TRBV13-1,None,TRBJ2-3,None,True,True,CASGDSAETLYF,TGTGCCAGCGGGGACAGTGCAGAAACGCTGTATTTT,1474,1,None,None
CAGAATCGTGCTTCTC-1,False,CAGAATCGTGCTTCTC-1_contig_1,False,568,TRB,TRBV12-2+TRBV13-2,None,TRBJ1-2,TRBC1,True,True,CASGGGTGNSDYTF,TGTGCCAGCGGTGGGGGGACAGGGAACTCCGACTACACCTTC,2022,1,None,None
CAGAATCGTGTTCGAT-1,False,CAGAATCGTGTTCGAT-1_contig_1,False,489,TRB,TRBV13-1,None,TRBJ1-1,TRBC1,True,False,CASSDSSGGFTEVFF,TGTGCCAGCAGTGATTCCTCAGGGGGCTTCACAGAAGTCTTCTTT,2228,1,None,None
CAGAATCTCAGCAACT-1,False,CAGAATCTCAGCAACT-1_contig_1,False,549,TRB,TRBV16,None,TRBJ2-7,None,True,True,CASSFGGGADEQYF,TGTGCAAGCAGCTTTGGTGGGGGGGCGGATGAACAGTACTTC,664,1,None,None
CAGAATCTCCACTGGG-1,False,CAGAATCTCCACTGGG-1_contig_1,False,557,TRB,TRBV12-2+TRBV13-2,None,TRBJ1-5,TRBC1,True,True,CASGTGDNQAPLF,TGTGCCAGCGGGACAGGCGACAACCAGGCTCCGCTTTTT,1508,1,None,None
CAGAATCTCCGAATGT-1,False,CAGAATCTCCGAATGT-1_contig_1,False,505,TRB,TRBV13-1,None,TRBJ2-4,None,True,True,CASSEGTNTLYF,TGTGCCAGCAGTGAAGGAACAAACACCTTGTACTTT,1426,1,None,None
CAGAATCTCGCAGGCT-1,False,CAGAATCTCGCAGGCT-1_contig_1,False,323,TRB,TRBV31,None,TRBJ2-3,None,True,False,CAWSLLLGGSAETLYF,TGTGCCTGGAGTCTACTCCTGGGGGGAAGTGCAGAAACGCTGTATTTT,1264,1,None,None
CAGAATCTCTAACTCT-1,False,CAGAATCTCTAACTCT-1_contig_1,False,562,TRB,TRBV12-2+TRBV13-2,None,TRBJ2-7,None,True,True,CASGVQGGEQYF,TGTGCCAGCGGTGTGCAGGGGGGAGAACAGTACTTC,1566,1,None,None
CAGAATCTCTAAGCCA-1,False,CAGAATCTCTAAGCCA-1_contig_1,False,512,TRB,TRBV13-1,None,TRBJ2-3,None,True,True,CASGDSAETLYF,TGTGCCAGCGGGGACAGTGCAGAAACGCTGTATTTT,1134,1,None,None
CAGAATCTCTGTCTCG-1,False,CAGAATCTCTGTCTCG-1_contig_1,False,429,TRB,None,None,TRBJ2-2,None,False,False,None,None,442,1,None,None
CAGAGAGAGAAACGCC-1,False,CAGAGAGAGAAACGCC-1_contig_1,False,651,TRB,TRBV12-2+TRBV13-2,None,TRBJ1-2,TRBC1,True,True,CASGGGTGNSDYTF,TGTGCCAGCGGTGGGGGGACAGGGAACTCCGACTACACCTTC,956,1,None,None
CAGAGAGAGATCCCGC-1,False,CAGAGAGAGATCCCGC-1_contig_1,False,525,TRB,TRBV17,None,TRBJ2-5,None,True,True,CASSRKGSQDTQYF,TGTGCTAGCAGTAGAAAGGGTTCTCAAGACACCCAGTACTTT,1542,1,None,None
CAGAGAGAGCGAAGGG-1,False,CAGAGAGAGCGAAGGG-1_contig_1,False,355,TRB,None,None,TRBJ2-1,None,False,False,None,None,2838,1,None,None
CAGAGAGAGGCCCTCA-1,False,CAGAGAGAGGCCCTCA-1_contig_1,False,563,TRB,TRBV12-2+TRBV13-2,None,TRBJ1-5,TRBC1,True,True,CASGTGDNQAPLF,TGTGCCAGCGGTACAGGGGACAACCAGGCTCCGCTTTTT,930,1,None,None
CAGAGAGAGGCTACGA-1,False,CAGAGAGAGGCTACGA-1_contig_1,False,606,TRB,None,None,TRBJ1-1,TRBC1,False,False,None,None,912,1,None,None
CAGAGAGAGGTGATTA-1,False,CAGAGAGAGGTGATTA-1_contig_1,False,552,TRA,TRAV8-1,None,TRAJ6,TRAC,True,True,CATDPPGGNYKPTF,TGTGCTACTGATCCACCAGGAGGAAACTACAAACCTACGTTT,1622,1,None,None
CAGAGAGCAATCTACG-1,False,CAGAGAGCAATCTACG-1_contig_1,False,358,TRB,TRBV13-2,None,TRBJ2-5,None,True,False,CASGAGMEDTQYF,TGTGCCAGCGGTGCAGGGATGGAAGACACCCAGTACTTT,44,1,None,None
CAGAGAGCACATGACT-1,False,CAGAGAGCACATGACT-1_contig_1,False,639,TRB,TRBV12-2+TRBV13-2,None,TRBJ1-2,TRBC1,True,True,CASGGGTGNSDYTF,TGTGCCAGCGGTGGGGGGACAGGGAACTCCGACTACACCTTC,1442,1,None,None
CAGAGAGGTCAAAGAT-1,False,CAGAGAGGTCAAAGAT-1_contig_1,False,558,TRA,TRAV4D-3,None,TRAJ27,TRAC,True,True,CAADGPNTGKLTF,TGTGCTGCTGACGGGCCCAATACAGGCAAATTAACCTTT,1912,1,None,None
CAGAGAGGTCCCTTGT-1,False,CAGAGAGGTCCCTTGT-1_contig_1,False,549,TRB,TRBV16,None,TRBJ2-5,None,True,True,CASSLGGGQDTQYF,TGTGCAAGCAGCTTAGGGGGGGGGCAAGACACCCAGTACTTT,1024,1,None,None
CAGAGAGGTCGGATCC-1,False,CAGAGAGGTCGGATCC-1_contig_1,False,447,TRA,TRAV16D-DV11,None,TRAJ26,TRAC,True,False,None,None,1638,1,None,None
CAGAGAGGTCGTTGTA-1,False,CAGAGAGGTCGTTGTA-1_contig_1,False,512,TRB,TRBV13-1,None,TRBJ2-3,None,True,True,CASGDSAETLYF,TGTGCCAGCGGGGACAGTGCAGAAACGCTGTATTTT,1526,1,None,None
CAGAGAGGTCTCCCTA-1,False,CAGAGAGGTCTCCCTA-1_contig_1,False,560,TRA,TRAV10N,None,TRAJ7,TRAC,True,True,CAPEPDYSNNRLTL,TGTGCACCGGAACCGGACTACAGCAACAACAGACTTACTTTG,2398,1,None,None
CAGAGAGGTGCGGTAA-1,False,CAGAGAGGTGCGGTAA-1_contig_1,False,541,TRA,TRAV3-3,None,TRAJ49,TRAC,True,True,CAVSGSTGYQNFYF,TGCGCAGTCAGTGGGAGCACGGGTTACCAGAACTTCTATTTT,1992,1,None,None
CAGAGAGGTGTCTGAT-1,False,CAGAGAGGTGTCTGAT-1_contig_1,False,549,TRB,TRBV16,None,TRBJ2-5,None,True,True,CASSLGGGQDTQYF,TGTGCAAGCAGCTTAGGGGGGGGCCAAGACACCCAGTACTTT,842,1,None,None
CAGAGAGGTTGAGGTG-1,False,CAGAGAGGTTGAGGTG-1_contig_1,False,443,TRB,None,None,TRBJ1-2,TRBC1,False,False,None,None,556,1,None,None
CAGAGAGTCACCAGGC-1,False,CAGAGAGTCACCAGGC-1_contig_1,False,539,TRA,TRAV3D-3,None,TRAJ28,TRAC,True,False,CTSAQSVRGTGSNRLTF,TGTACTTCTGCGCAGTCAGTGAGGGGCACTGGGAGTAACAGGCTCACTTTT,2090,1,None,None
CAGAGAGTCAGAGCTT-1,False,CAGAGAGTCAGAGCTT-1_contig_1,False,525,TRB,TRBV17,None,TRBJ2-5,None,True,True,CASSRKGSQDTQYF,TGTGCTAGCAGTAGAAAGGGTTCTCAAGACACCCAGTACTTT,1372,1,None,None
CAGAGAGTCCATGAGT-1,False,CAGAGAGTCCATGAGT-1_contig_1,False,563,TRB,TRBV12-2+TRBV13-2,None,TRBJ2-3,None,True,True,CASGDAPPGEGTLYF,TGTGCCAGCGGTGATGCACCTCCAGGGGAGGGAACGCTGTATTTT,1470,1,None,None
CAGAGAGTCTACCAGA-1,False,CAGAGAGTCTACCAGA-1_contig_1,False,348,TRB,None,None,TRBJ1-1,TRBC1,False,False,None,None,2516,1,None,None
CAGAGAGTCTTGCATT-1,False,CAGAGAGTCTTGCATT-1_contig_1,False,519,TRA,TRAV6-6,None,TRAJ39,TRAC,True,True,CALGDWNNAGAKLTF,TGTGCTCTGGGTGATTGGAATAATGCAGGTGCCAAGCTCACATTC,682,1,None,None
CAGAGAGTCTTGCATT-1,False,CAGAGAGTCTTGCATT-1_contig_2,False,519,TRB,TRBV12-1,None,TRBJ2-3,None,True,False,CTSVPALSDNSAETLYF,TGTACTTCTGTGCCAGCTCTCTCCGACAATAGTGCAGAAACGCTGTATTTT,1734,1,None,None
CAGATCAAGACAGGCT-1,False,CAGATCAAGACAGGCT-1_contig_1,False,564,TRA,TRAV16D-DV11,None,TRAJ26,TRAC,True,True,CAMREENNYAQGLTF,TGTGCTATGAGAGAGGAAAATAACTATGCCCAGGGATTAACCTTC,2062,1,None,None
CAGATCAAGAGACTAT-1,False,CAGATCAAGAGACTAT-1_contig_1,False,495,Multi,TRDV1,None,TRAJ43,TRAC,True,False,CGGLNNAPRF,TGTGGAGGCCTCAACAATGCCCCACGATTT,1658,1,None,None
CAGATCAAGAGCTGGT-1,False,CAGATCAAGAGCTGGT-1_contig_1,False,505,TRB,TRBV13-1,None,TRBJ2-3,None,True,True,CASGDSAETLYF,TGTGCCAGCGGGGACAGTGCAGAAACGCTGTATTTT,1522,1,None,None
CAGATCAAGCGTCTAT-1,False,CAGATCAAGCGTCTAT-1_contig_1,False,568,TRB,TRBV12-2+TRBV13-2,None,TRBJ1-2,TRBC1,True,True,CASGGGTGNSDYTF,TGTGCCAGCGGTGGGGGGACAGGGAACTCCGACTACACCTTC,840,1,None,None
CAGATCAAGTAAGTAC-1,False,CAGATCAAGTAAGTAC-1_contig_1,False,382,TRB,None,None,TRBJ2-1,None,False,False,None,None,2374,1,None,None
CAGATCAAGTGCGATG-1,False,CAGATCAAGTGCGATG-1_contig_1,False,507,TRA,TRAV21-DV12,None,TRAJ42,TRAC,True,True,CILRVHGGSNAKLTF,TGTATCCTGAGAGTCCATGGAGGAAGCAATGCAAAGCTAACCTTC,2390,1,None,None
CAGATCAAGTTACGGG-1,False,CAGATCAAGTTACGGG-1_contig_1,False,549,TRB,TRBV16,None,TRBJ2-5,None,True,True,CASSLGGGQDTQYF,TGTGCAAGCAGCTTAGGGGGGGGCCAAGACACCCAGTACTTT,208,1,None,None
CAGATCAGTAAGTTCC-1,False,CAGATCAGTAAGTTCC-1_contig_1,False,507,TRB,TRBV13-1,None,TRBJ2-3,None,True,True,CASGDSAETLYF,TGTGCCAGCGGGGACAGTGCAGAAACGCTGTATTTT,488,1,None,None
CAGATCAGTATCGCAT-1,False,CAGATCAGTATCGCAT-1_contig_1,False,547,TRA,TRAV8-1,None,TRAJ30,TRAC,True,True,CATDTNAYKVIF,TGTGCTACTGACACAAATGCTTACAAAGTCATCTTT,2162,1,None,None
CAGATCAGTCCTCCAT-1,False,CAGATCAGTCCTCCAT-1_contig_1,False,567,TRA,TRAV16D-DV11,None,TRAJ26,TRAC,True,True,CAMREENNYAQGLTF,TGTGCTATGAGAGAGGAAAATAACTATGCCCAGGGATTAACCTTC,2080,1,None,None
CAGATCATCGAGGTAG-1,False,CAGATCATCGAGGTAG-1_contig_1,False,505,TRB,TRBV13-1,None,TRBJ2-3,None,True,True,CASGDSAETLYF,TGTGCCAGCGGGGACAGTGCAGAAACGCTGTATTTT,1426,1,None,None
CAGATCATCGCCAAAT-1,False,CAGATCATCGCCAAAT-1_contig_1,False,549,TRA,TRAV8N-2,None,TRAJ13,TRAC,True,True,CATEDSGTYQRF,TGTGCTACTGAGGATTCTGGGACTTACCAGAGGTTT,1120,1,None,None
CAGATCATCTGATTCT-1,False,CAGATCATCTGATTCT-1_contig_1,False,660,TRB,TRBV13-2,None,TRBJ2-7,None,True,True,CASGDPRPYF,TGTGCCAGCGGTGATCCCAGACCGTACTTC,2020,1,None,None
CAGCAGCAGCGTAGTG-1,False,CAGCAGCAGCGTAGTG-1_contig_1,False,606,TRA,TRAV4D-4,None,TRAJ26,TRAC,True,True,CGNYAQGLTF,TGTGGGAACTATGCCCAGGGATTAACCTTC,11054,7,None,None
CAGCAGCAGCGTAGTG-1,False,CAGCAGCAGCGTAGTG-1_contig_2,False,544,TRA,TRAV6-6,None,TRAJ24,TRAC,True,True,CAPLTTASLGKLQF,TGTGCTCCGTTGACAACTGCCAGTTTGGGGAAACTGCAGTTT,5328,3,None,None
CAGCAGCAGCGTAGTG-1,False,CAGCAGCAGCGTAGTG-1_contig_3,False,556,TRA,TRAV8-1,None,TRAJ30,TRAC,True,True,CATDAHTNAYKVIF,TGTGCTACTGATGCACACACAAATGCTTACAAAGTCATCTTT,3202,2,None,None
CAGCAGCAGCGTAGTG-1,False,CAGCAGCAGCGTAGTG-1_contig_4,False,505,TRB,TRBV13-1,None,TRBJ2-4,None,True,True,CASSEGTNTLYF,TGTGCCAGCAGTGAAGGAACAAACACCTTGTACTTT,5324,5,None,None
CAGCAGCAGCGTAGTG-1,False,CAGCAGCAGCGTAGTG-1_contig_5,False,701,TRA,TRAV9D-2,None,TRAJ26,TRAC,True,True,CVLSRGNNYAQGLTF,TGTGTTCTGAGCAGGGGCAATAACTATGCCCAGGGATTAACCTTC,5332,3,None,None
CAGCAGCAGCGTAGTG-1,False,CAGCAGCAGCGTAGTG-1_contig_6,False,508,TRB,TRBV13-1,None,TRBJ2-1,None,True,True,CASTGGDYAEQFF,TGTGCCAGCACCGGGGGGGACTATGCTGAGCAGTTCTTC,6142,5,None,None
CAGCAGCAGCGTAGTG-1,False,CAGCAGCAGCGTAGTG-1_contig_7,False,547,TRB,TRBV13-2,None,TRBJ2-5,None,True,False,CASGDW,TGTGCCAGCGGTGACTGG,602,1,None,None
CAGCAGCAGCTAGGCA-1,False,CAGCAGCAGCTAGGCA-1_contig_1,False,575,TRA,TRAV4D-3,None,TRAJ27,TRAC,True,True,CAADGPNTGKLTF,TGTGCTGCGGACGGACCCAATACAGGCAAATTAACCTTT,1300,1,None,None
CAGCAGCAGCTGTCTA-1,False,CAGCAGCAGCTGTCTA-1_contig_1,False,557,TRA,TRAV8N-2,None,TRAJ52,TRAC,True,False,None,None,2058,1,None,None
CAGCAGCAGTAGCGGT-1,False,CAGCAGCAGTAGCGGT-1_contig_1,False,356,TRB,None,None,TRBJ2-1,None,False,False,None,None,3106,1,None,None
CAGCAGCCACGCCAGT-1,False,CAGCAGCCACGCCAGT-1_contig_1,False,567,TRB,TRBV12-2+TRBV13-2,None,TRBJ1-2,TRBC1,True,True,CASGGGTGNSDYTF,TGTGCCAGCGGTGGGGGGACAGGGAACTCCGACTACACCTTC,1836,1,None,None
CAGCAGCCATATACGC-1,False,CAGCAGCCATATACGC-1_contig_1,False,607,TRA,TRAV8-1,None,TRAJ30,TRAC,True,True,CATDTNAYKVIF,TGTGCTACCGACACAAATGCTTACAAAGTCATCTTT,8474,5,None,None
CAGCAGCCATATACGC-1,False,CAGCAGCCATATACGC-1_contig_2,False,559,TRB,TRBV12-2+TRBV13-2,None,TRBJ1-5,TRBC1,True,True,CASGTGDNQAPLF,TGTGCCAGCGGGACAGGGGACAACCAGGCTCCGCTTTTT,1320,4,None,None
CAGCAGCCATCGGGTC-1,False,CAGCAGCCATCGGGTC-1_contig_1,False,566,TRB,TRBV12-2+TRBV13-2,None,TRBJ1-2,TRBC1,True,True,CASGGGTGNSDYTF,TGTGCCAGCGGTGGGGGGACAGGGAACTCCGACTACACCTTC,1004,1,None,None
CAGCAGCGTAATAGCA-1,False,CAGCAGCGTAATAGCA-1_contig_1,False,563,TRB,TRBV12-2+TRBV13-2,None,TRBJ1-2,TRBC1,True,True,CASGGGTGNSDYTF,TGTGCCAGCGGTGGGGGGACAGGGAACTCCGACTACACCTTC,1358,1,None,None
CAGCAGCGTATGAAAC-1,False,CAGCAGCGTATGAAAC-1_contig_1,False,540,TRB,TRBV13-3,None,TRBJ1-2,TRBC1,True,True,CASGGQANSDYTF,TGTGCCAGCGGGGGACAAGCAAACTCCGACTACACCTTC,1942,1,None,None
CAGCAGCGTCTCAACA-1,False,CAGCAGCGTCTCAACA-1_contig_1,False,515,TRA,TRAV6-6,None,TRAJ24,TRAC,True,True,CAPLTTASLGKLQF,TGTGCTCCGTTGACAACTGCCAGTTTGGGGAAACTGCAGTTT,2474,2,None,None
CAGCAGCGTCTCAACA-1,False,CAGCAGCGTCTCAACA-1_contig_2,False,555,TRA,TRAV3-3,None,TRAJ49,TRAC,True,True,CAVSGATGYQNFYF,TGCGCAGTCAGTGGGGCCACGGGTTACCAGAACTTCTATTTT,17710,13,None,None
CAGCAGCGTCTCAACA-1,False,CAGCAGCGTCTCAACA-1_contig_3,False,507,TRA,TRAV21-DV12,None,TRAJ42,TRAC,True,True,CILRVHGGSNAKLTF,TGTATCCTGAGAGTCCATGGAGGAAGCAATGCAAAGCTAACCTTC,15432,12,None,None
CAGCAGCGTCTCAACA-1,False,CAGCAGCGTCTCAACA-1_contig_4,False,565,TRB,TRBV12-2+TRBV13-2,None,TRBJ2-7,None,True,True,CASGVQGEQYF,TGTGCCAGCGGTGTTCAGGGAGAACAGTACTTC,11550,14,None,None
CAGCAGCGTCTCAACA-1,False,CAGCAGCGTCTCAACA-1_contig_5,False,512,TRB,TRBV13-1,None,TRBJ2-4,None,True,True,CASSEGTNTLYF,TGTGCCAGCAGTGAAGGAACAAACACCTTGTACTTT,10074,12,None,None
CAGCAGCGTCTCAACA-1,False,CAGCAGCGTCTCAACA-1_contig_6,False,569,TRB,TRBV12-2+TRBV13-2,None,TRBJ1-2,TRBC1,True,True,CASGGGTGNSDYTF,TGTGCCAGCGGTGGGGGGACAGGGAACTCCGACTACACCTTC,9480,12,None,None
CAGCAGCGTCTCAACA-1,False,CAGCAGCGTCTCAACA-1_contig_7,False,331,TRB,None,None,TRBJ2-1,None,False,False,None,None,4082,4,None,None
CAGCAGCGTGTCTGAT-1,False,CAGCAGCGTGTCTGAT-1_contig_1,False,563,TRB,TRBV12-2+TRBV13-2,None,TRBJ1-2,TRBC1,True,True,CASGGGTGNSDYTF,TGTGCCAGCGGTGGGGGGACAGGGAACTCCGACTACACCTTC,1164,1,None,None
CAGCAGCGTGTCTGAT-1,False,CAGCAGCGTGTCTGAT-1_contig_2,True,624,TRB,None,None,TRBJ2-7,None,False,False,None,None,2972,3,None,None
CAGCAGCGTGTCTGAT-1,False,CAGCAGCGTGTCTGAT-1_contig_3,True,516,TRA,TRAV7-5,None,TRAJ45,TRAC,True,False,CSDTEGADRLTF,TGCAGTGATACAGAAGGTGCAGATAGACTCACCTTT,150,1,None,None
CAGCAGCGTGTCTGAT-1,False,CAGCAGCGTGTCTGAT-1_contig_4,True,360,TRB,None,None,TRBJ2-3,None,False,False,None,None,2168,1,None,None
CAGCAGCTCCTTGACC-1,False,CAGCAGCTCCTTGACC-1_contig_1,False,371,TRB,None,None,TRBJ2-7,None,False,False,None,None,2530,1,None,None
CAGCAGCTCGCGTTTC-1,False,CAGCAGCTCGCGTTTC-1_contig_1,False,571,TRA,TRAV4D-3,None,TRAJ27,TRAC,True,True,CAADGPNTGKLTF,TGTGCTGCGGACGGACCCAATACAGGCAAATTAACCTTT,1822,1,None,None
CAGCAGCTCTAACGGT-1,False,CAGCAGCTCTAACGGT-1_contig_1,False,526,TRB,TRBV13-2,None,TRBJ1-2,TRBC1,True,True,CASGGGTGNSDYTF,TGTGCCAGCGGTGGGGGGACAGGGAACTCCGACTACACCTTC,766,1,None,None
CAGCAGCTCTAACGGT-1,False,CAGCAGCTCTAACGGT-1_contig_2,False,462,TRB,None,None,TRBJ1-6,TRBC1,False,False,None,None,1512,1,None,None
CAGCATAAGAGGTACC-1,False,CAGCATAAGAGGTACC-1_contig_1,False,527,TRA,TRAV16,None,TRAJ57,TRAC,True,True,CAMREPQGGSAKLIF,TGTGCTATGAGAGAGCCTCAAGGAGGGTCTGCGAAGCTCATCTTT,2034,1,None,None
CAGCATAAGAGGTACC-1,False,CAGCATAAGAGGTACC-1_contig_2,True,525,TRB,TRBV17,None,TRBJ2-5,None,True,True,CASSRKGVQDTQYF,TGTGCTAGCAGTAGAAAGGGGGTCCAAGACACCCAGTACTTT,4516,4,None,None
CAGCATACAAACGTGG-1,False,CAGCATACAAACGTGG-1_contig_1,False,536,TRB,TRBV31,None,TRBJ2-5,None,True,True,CAWSSDRFIQDTQYF,TGTGCCTGGAGTTCAGACAGGTTTATCCAAGACACCCAGTACTTT,1468,1,None,None
CAGCATACAAACGTGG-1,False,CAGCATACAAACGTGG-1_contig_2,False,506,TRB,TRBV13-1,None,TRBJ2-1,None,True,True,CASSGGDYAEQFF,TGTGCCAGCAGTGGGGGGGACTATGCTGAGCAGTTCTTC,738,2,None,None
CAGCATACAAGTAGTA-1,False,CAGCATACAAGTAGTA-1_contig_1,False,544,TRA,TRAV8-1,None,TRAJ30,TRAC,True,True,CATDTNAYKVIF,TGTGCTACTGACACAAATGCTTACAAAGTCATCTTT,2816,1,None,None
CAGCATACACAGGTTT-1,False,CAGCATACACAGGTTT-1_contig_1,False,567,TRB,TRBV12-2+TRBV13-2,None,TRBJ2-1,None,True,True,CASGDPFQFF,TGTGCCAGCGGTGATCCTTTCCAGTTCTTC,1526,1,None,None
CAGCATACACCGCTAG-1,False,CAGCATACACCGCTAG-1_contig_1,False,535,TRB,TRBV16,None,TRBJ2-5,None,True,True,CASSLGGGQDTQYF,TGTGCAAGCAGCTTAGGGGGGGGCCAAGACACCCAGTACTTT,1146,1,None,None
CAGCATACACCGTTGG-1,False,CAGCATACACCGTTGG-1_contig_1,False,549,TRB,TRBV16,None,TRBJ2-7,None,True,True,CASSFGGGADEQYF,TGTGCAAGCAGCTTTGGTGGGGGGGCGGATGAACAGTACTTC,912,1,None,None
CAGCATACACGAAAGC-1,False,CAGCATACACGAAAGC-1_contig_1,False,549,TRA,TRAV8N-2,None,TRAJ13,TRAC,True,True,CATEDSGTYQRF,TGTGCTACTGAGGATTCTGGGACTTACCAGAGGTTT,2030,1,None,None
CAGCATACAGCCTATA-1,False,CAGCATACAGCCTATA-1_contig_1,False,568,TRB,TRBV12-2+TRBV13-2,None,TRBJ1-2,TRBC1,True,True,CASGGGTGNSDYTF,TGTGCCAGCGGTGGGGGGACAGGGAACTCCGACTACACCTTC,978,1,None,None
CAGCATACATGTTGAC-1,False,CAGCATACATGTTGAC-1_contig_1,False,522,TRB,TRBV5,None,TRBJ2-7,None,True,True,CASSQDWGGAVEQYF,TGTGCCAGCAGCCAAGACTGGGGGGGCGCAGTTGAACAGTACTTC,2018,1,None,None
CAGCATACATTGGTAC-1,False,CAGCATACATTGGTAC-1_contig_1,False,365,TRB,TRBV13-2,None,TRBJ1-2,TRBC1,True,False,CASGGGTGNSDYTF,TGTGCCAGCGGTGGGGGGACAGGGAACTCCGACTACACCTTC,1844,1,None,None
CAGCATAGTGCGGTAA-1,False,CAGCATAGTGCGGTAA-1_contig_1,False,560,TRA,TRAV4D-3,None,TRAJ27,TRAC,True,True,CAADGPNTGKLTF,TGTGCTGCGGACGGACCCAATACAGGCAAATTAACCTTT,2142,1,None,None
CAGCATAGTTCCACTC-1,False,CAGCATAGTTCCACTC-1_contig_1,False,549,TRA,TRAV8N-2,None,TRAJ13,TRAC,True,True,CATEDSGTYQRF,TGTGCTACTGAGGATTCTGGGACTTACCAGAGGTTT,1074,1,None,None
CAGCATAGTTGCCTCT-1,False,CAGCATAGTTGCCTCT-1_contig_1,False,632,TRB,TRBV12-2+TRBV13-2,None,TRBJ1-4,TRBC1,True,True,CASGDAPERLFF,TGTGCCAGCGGTGATGCTCCCGAAAGATTATTTTTC,1060,1,None,None
CAGCATATCAGAAATG-1,False,CAGCATATCAGAAATG-1_contig_1,False,530,TRA,TRAV16,None,TRAJ48,TRAC,True,True,CAMRESNYGNEKITF,TGTGCTATGAGAGAGAGCAACTATGGAAATGAGAAAATAACTTTT,264,1,None,None
CAGCATATCTTAGAGC-1,False,CAGCATATCTTAGAGC-1_contig_1,False,572,TRA,TRAV19,None,TRAJ39,TRAC,True,True,CAAGGNNAGAKLTF,TGCGCAGCAGGTGGGAATAATGCAGGTGCCAAGCTCACATTC,2144,1,None,None
CAGCCGAAGTCATCCA-1,False,CAGCCGAAGTCATCCA-1_contig_1,False,489,TRB,TRBV13-2,None,TRBJ1-2,TRBC1,True,False,CASGGGTGNSDYTF,TGTGCCAGCGGTGGGGGGACAGGGAACTCCGACTACACCTTC,768,1,None,None
CAGCCGACACTTAAGC-1,False,CAGCCGACACTTAAGC-1_contig_1,False,641,TRB,TRBV12-2+TRBV13-2,None,TRBJ1-2,TRBC1,True,True,CASGGGTGNSDYTF,TGTGCCAGCGGTGGGGGGACAGGGAACTCCGACTACACCTTC,1258,1,None,None
CAGCCGACAGCGTAAG-1,False,CAGCCGACAGCGTAAG-1_contig_1,False,665,TRB,None,None,TRBJ2-7,None,False,False,None,None,1244,1,None,None
CAGCCGACATGCGCAC-1,False,CAGCCGACATGCGCAC-1_contig_1,False,563,TRB,TRBV12-2+TRBV13-2,None,TRBJ1-4,TRBC1,True,True,CASGTGGDERLFF,TGTGCCAGCGGGACAGGGGGCGACGAAAGATTATTTTTC,576,1,None,None
CAGCCGAGTAAGGGAA-1,False,CAGCCGAGTAAGGGAA-1_contig_1,False,550,TRB,TRBV12-2+TRBV13-2,None,TRBJ1-2,TRBC1,True,True,CASGGGTGNSDYTF,TGTGCCAGCGGTGGGGGGACAGGGAACTCCGACTACACCTTC,192,2,None,None
CAGCCGAGTCATTAGC-1,False,CAGCCGAGTCATTAGC-1_contig_1,False,499,TRA,TRAV6D-5,None,TRAJ38,TRAC,True,False,CTTVFWDNVGDNSKLIW,TGTACTACTGTGTTCTGGGATAATGTTGGTGACAACAGTAAGCTGATTTGG,992,1,None,None
CAGCCGAGTCCAGTAT-1,False,CAGCCGAGTCCAGTAT-1_contig_1,False,441,TRA,None,None,TRAJ41,TRAC,False,False,None,None,2480,1,None,None
CAGCCGAGTCGCATCG-1,False,CAGCCGAGTCGCATCG-1_contig_1,False,568,TRB,TRBV12-2+TRBV13-2,None,TRBJ1-2,TRBC1,True,True,CASGGGTGNSDYTF,TGTGCCAGCGGTGGGGGGACAGGGAACTCCGACTACACCTTC,1930,2,None,None
CAGCCGAGTCTAACGT-1,False,CAGCCGAGTCTAACGT-1_contig_1,False,558,TRA,TRAV19,None,TRAJ39,TRAC,True,True,CAAGGNNAGAKLTF,TGCGCAGCAGGTGGGAATAATGCAGGTGCCAAGCTCACATTC,2054,1,None,None
CAGCCGAGTTAGGGTG-1,False,CAGCCGAGTTAGGGTG-1_contig_1,False,626,TRB,None,None,TRBJ2-7,None,False,False,None,None,470,1,None,None
CAGCCGAGTTCAGGCC-1,False,CAGCCGAGTTCAGGCC-1_contig_1,False,567,TRA,TRAV3D-3,None,TRAJ22,TRAC,True,True,CAVSAGSSGSWQLIF,TGCGCAGTCAGTGCAGGGTCTTCTGGCAGCTGGCAACTCATCTTT,1492,1,None,None
CAGCCGATCAAGATCC-1,False,CAGCCGATCAAGATCC-1_contig_1,False,556,TRA,TRAV8-1,None,TRAJ34,TRAC,True,True,CATDVSNTNKVVF,TGTGCTACTGATGTTTCCAATACCAACAAAGTCGTCTTT,1004,1,None,None
CAGCCGATCAGTTGAC-1,False,CAGCCGATCAGTTGAC-1_contig_1,False,553,TRA,TRAV6D-5,None,TRAJ38,TRAC,True,False,CTTVFWDNVGDNSKLIW,TGTACTACTGTGTTCTGGGATAATGTTGGTGACAACAGTAAGCTGATTTGG,2756,1,None,None
CAGCCGATCGAATGCT-1,False,CAGCCGATCGAATGCT-1_contig_1,False,541,TRA,TRAV8D-1,None,TRAJ30,TRAC,True,True,CATDTNAYKVIF,TGTGCTACTGACACAAATGCTTACAAAGTCATCTTT,1142,1,None,None
CAGCCGATCGTCACGG-1,False,CAGCCGATCGTCACGG-1_contig_1,False,549,TRB,TRBV16,None,TRBJ2-5,None,True,True,CASSLGGGQDTQYF,TGTGCAAGCAGCTTAGGGGGGGGGCAAGACACCCAGTACTTT,666,1,None,None
CAGCCGATCTGATTCT-1,False,CAGCCGATCTGATTCT-1_contig_1,False,369,TRB,None,None,TRBJ1-3,TRBC1,False,False,None,None,2312,1,None,None
CAGCGACAGACAGGCT-1,False,CAGCGACAGACAGGCT-1_contig_1,False,558,TRB,TRBV12-2+TRBV13-2,None,TRBJ2-7,None,True,True,CASGVQGWEQYF,TGTGCCAGCGGTGTACAGGGGTGGGAACAGTACTTC,94,2,None,None
CAGCGACAGATATACG-1,False,CAGCGACAGATATACG-1_contig_1,False,672,TRB,TRBV12-2+TRBV13-2,None,TRBJ2-7,None,True,True,CASGTGGDYEQYF,TGTGCCAGCGGGACTGGGGGGGACTATGAACAGTACTTC,1648,1,None,None
CAGCGACAGATATGGT-1,False,CAGCGACAGATATGGT-1_contig_1,False,574,TRB,TRBV12-2+TRBV13-2,None,TRBJ2-1,None,True,True,CASGGYAEQFF,TGTGCCAGCGGGGGCTATGCTGAGCAGTTCTTC,1668,1,None,None
CAGCGACAGCCATCGC-1,False,CAGCGACAGCCATCGC-1_contig_1,False,565,TRA,TRAV3D-3,None,TRAJ28,TRAC,True,False,CTSAQSVRGTGSNRLTF,TGTACTTCTGCGCAGTCAGTGAGGGGCACTGGGAGTAACAGGCTCACTTTT,2108,1,None,None
CAGCGACAGGCTATCT-1,False,CAGCGACAGGCTATCT-1_contig_1,False,558,TRA,TRAV19,None,TRAJ39,TRAC,True,True,CAAGGNNAGAKLTF,TGCGCAGCAGGTGGGAATAATGCAGGTGCCAAGCTCACATTC,8170,4,None,None
CAGCGACAGGCTATCT-1,False,CAGCGACAGGCTATCT-1_contig_2,False,577,TRA,TRAV3D-3,None,TRAJ32,TRAC,True,True,CAVRPYGSSGNKLIF,TGCGCAGTCAGGCCTTATGGGAGCAGTGGCAACAAGCTCATCTTT,9292,5,None,None
CAGCGACAGGCTATCT-1,False,CAGCGACAGGCTATCT-1_contig_3,False,505,TRB,TRBV13-1,None,TRBJ2-1,None,True,True,CASSNNYAEQFF,TGTGCCAGCAGTAACAACTATGCTGAGCAGTTCTTC,9594,8,None,None
CAGCGACAGGCTATCT-1,False,CAGCGACAGGCTATCT-1_contig_4,False,579,TRB,TRBV13-2,None,TRBJ1-2,TRBC1,True,True,CASGGGTGNSDYTF,TGTGCCAGCGGTGGGGGGACAGGGAACTCCGACTACACCTTC,3294,3,None,None
CAGCGACAGGCTATCT-1,False,CAGCGACAGGCTATCT-1_contig_5,True,407,TRA,TRAV6-6,None,TRAJ27,TRAC,True,False,None,None,5838,3,None,None
CAGCGACAGGCTATCT-1,False,CAGCGACAGGCTATCT-1_contig_6,True,409,TRB,None,None,TRBJ2-7,None,False,False,None,None,1624,1,None,None
CAGCGACAGGCTATCT-1,False,CAGCGACAGGCTATCT-1_contig_7,True,623,TRB,TRBV10,None,TRBJ2-4,None,True,False,CASS*,TGTGCCAGCAGCTAA,4228,3,None,None
CAGCGACAGGCTCTTA-1,False,CAGCGACAGGCTCTTA-1_contig_1,False,562,TRB,TRBV12-2+TRBV13-2,None,TRBJ1-4,TRBC1,True,True,CASGDAPERLFF,TGTGCCAGCGGTGATGCTCCCGAAAGATTATTTTTC,1198,1,None,None
CAGCGACCAAATACAG-1,False,CAGCGACCAAATACAG-1_contig_1,False,505,TRB,TRBV13-1,None,TRBJ2-3,None,True,True,CASGDSAETLYF,TGTGCCAGCGGGGACAGTGCAGAAACGCTGTATTTT,2046,1,None,None
CAGCGACCAGATAATG-1,False,CAGCGACCAGATAATG-1_contig_1,False,537,TRA,TRAV3-3,None,TRAJ49,TRAC,True,True,CAVSGSTGYQNFYF,TGCGCAGTCAGTGGGAGCACGGGTTACCAGAACTTCTATTTT,752,2,None,None
CAGCGACCAGATAATG-1,False,CAGCGACCAGATAATG-1_contig_2,True,542,TRA,TRAV6D-5,None,TRAJ38,TRAC,True,False,CTTVFWDNVGDNSKLIW,TGTACTACTGTGTTCTGGGATAATGTTGGTGACAACAGTAAGCTGATTTGG,3198,1,None,None
CAGCGACCATAACCTG-1,False,CAGCGACCATAACCTG-1_contig_1,False,479,TRB,TRBV26,None,TRBJ2-1,None,True,False,CASSLHKFYAEQFF,TGTGCCAGCAGTCTGCACAAATTCTATGCTGAGCAGTTCTTC,2780,1,None,None
CAGCGACCATTAGGCT-1,False,CAGCGACCATTAGGCT-1_contig_1,False,469,TRA,TRAV9D-2,None,TRAJ26,TRAC,True,False,CVLSRGNNYAQGLTF,TGTGTTCTGAGCAGGGGCAATAACTATGCCCAGGGATTAACCTTC,1618,1,None,None
CAGCGACCATTTGCCC-1,False,CAGCGACCATTTGCCC-1_contig_1,False,519,TRA,TRAV6-6,None,TRAJ24,TRAC,True,True,CAPLTTASLGKLQF,TGTGCTCCGTTGACAACTGCCAGTTTGGGGAAACTGCAGTTT,11886,7,None,None
CAGCGACCATTTGCCC-1,False,CAGCGACCATTTGCCC-1_contig_2,False,512,TRB,TRBV13-1,None,TRBJ2-4,None,True,True,CASSEGTNTLYF,TGTGCCAGCAGTGAAGGAACAAACACCTTGTACTTT,34798,33,None,None
CAGCGACCATTTGCCC-1,False,CAGCGACCATTTGCCC-1_contig_3,False,585,TRA,TRAV4D-3,None,TRAJ27,TRAC,True,True,CAADGPNTGKLTF,TGTGCTGCGGACGGACCCAATACAGGCAAATTAACCTTT,6604,5,None,None
CAGCGACCATTTGCCC-1,False,CAGCGACCATTTGCCC-1_contig_4,False,706,TRA,TRAV9D-2,None,TRAJ26,TRAC,True,True,CVLSRGNNYAQGLTF,TGTGTTCTGAGCAGGGGCAATAACTATGCCCAGGGATTAACCTTC,17898,12,None,None
CAGCGACGTTCCGGCA-1,False,CAGCGACGTTCCGGCA-1_contig_1,False,504,TRB,TRBV13-1,None,TRBJ2-2,None,True,True,CASSDPGQLYF,TGTGCCAGCAGTGACCCCGGGCAGCTCTACTTT,982,1,None,None
CAGCGACTCACATACG-1,False,CAGCGACTCACATACG-1_contig_1,False,515,TRB,TRBV10,None,TRBJ2-7,None,True,True,CASRLDWGAEQYF,TGTGCCAGCAGGCTCGACTGGGGGGCTGAACAGTACTTC,2212,1,None,None
CAGCGACTCAGGTAAA-1,False,CAGCGACTCAGGTAAA-1_contig_1,False,549,TRB,TRBV16,None,TRBJ2-7,None,True,True,CASSFGGGADEQYF,TGTGCAAGCAGCTTTGGTGGGGGGGCGGATGAACAGTACTTC,1332,1,None,None
CAGCGACTCCCGGATG-1,False,CAGCGACTCCCGGATG-1_contig_1,False,632,TRB,TRBV12-2+TRBV13-2,None,TRBJ1-2,TRBC1,True,True,CASGGGTGNSDYTF,TGTGCCAGCGGTGGGGGGACAGGGAACTCCGACTACACCTTC,1604,1,None,None
CAGCGACTCGGTCTAA-1,False,CAGCGACTCGGTCTAA-1_contig_1,False,556,TRB,TRBV12-2+TRBV13-2,None,TRBJ2-7,None,True,True,CASGAGGEQYF,TGTGCCAGCGGTGCTGGGGGGGAACAGTACTTC,1684,1,None,None
CAGCGACTCGTTGCCT-1,False,CAGCGACTCGTTGCCT-1_contig_1,False,570,TRB,TRBV12-2+TRBV13-2,None,TRBJ2-7,None,True,True,CASGALWEQYF,TGTGCCAGCGGGGCTCTATGGGAACAGTACTTC,1436,1,None,None
CAGCGACTCGTTGCCT-1,False,CAGCGACTCGTTGCCT-1_contig_2,False,466,TRA,TRAV7N-6,None,TRAJ30,TRAC,True,False,CAVVDTNAYKVIF,TGTGCAGTGGTTGACACAAATGCTTACAAAGTCATCTTT,2848,1,None,None
CAGCGACTCTACCTGC-1,False,CAGCGACTCTACCTGC-1_contig_1,False,545,TRA,TRAV16D-DV11,None,TRAJ9,TRAC,True,True,CAMRESNMGYKLTF,TGTGCTATGAGAGAGAGCAACATGGGCTACAAACTTACCTTC,3054,2,None,None
CAGCGACTCTACCTGC-1,False,CAGCGACTCTACCTGC-1_contig_2,True,441,TRB,None,None,TRBJ2-7,None,False,False,None,None,1130,1,None,None
CAGCGACTCTAGAGTC-1,False,CAGCGACTCTAGAGTC-1_contig_1,False,461,TRA,TRAV16N,None,TRAJ22,TRAC,True,False,None,None,1150,1,None,None
CAGCGACTCTTCAACT-1,False,CAGCGACTCTTCAACT-1_contig_1,False,510,TRB,TRBV14,None,TRBJ2-5,None,True,True,CASSPGTDDTQYF,TGTGCCAGCAGTCCCGGGACAGATGACACCCAGTACTTT,1258,1,None,None
CAGCTAAAGAAGCCCA-1,False,CAGCTAAAGAAGCCCA-1_contig_1,False,525,TRB,TRBV17,None,TRBJ2-5,None,True,True,CASSRKGAQDTQYF,TGTGCTAGCAGTAGGAAGGGGGCGCAAGACACCCAGTACTTT,1676,1,None,None
CAGCTAAAGAATAGGG-1,False,CAGCTAAAGAATAGGG-1_contig_1,False,430,TRB,None,None,TRBJ2-7,None,False,False,None,None,946,1,None,None
CAGCTAAAGAGGTTAT-1,False,CAGCTAAAGAGGTTAT-1_contig_1,False,567,TRB,TRBV12-2+TRBV13-2,None,TRBJ1-2,TRBC1,True,True,CASGGGTGNSDYTF,TGTGCCAGCGGTGGGGGGACAGGGAACTCCGACTACACCTTC,728,1,None,None
CAGCTAAAGATGCGAC-1,False,CAGCTAAAGATGCGAC-1_contig_1,False,549,TRB,TRBV16,None,TRBJ2-5,None,True,True,CASSLGGGQDTQYF,TGTGCAAGCAGCTTAGGGGGGGGGCAAGACACCCAGTACTTT,2146,1,None,None
CAGCTAAAGCGATCCC-1,False,CAGCTAAAGCGATCCC-1_contig_1,False,437,TRB,None,None,TRBJ1-2,TRBC1,False,False,None,None,996,1,None,None
CAGCTAAAGGAGTACC-1,False,CAGCTAAAGGAGTACC-1_contig_1,False,485,TRB,TRBV13-1,None,TRBJ2-4,None,True,False,CASSEGTNTLYF,TGTGCCAGCAGTGAAGGAACAAACACCTTGTACTTT,1222,1,None,None
CAGCTAAAGTGTCTCA-1,False,CAGCTAAAGTGTCTCA-1_contig_1,False,491,TRA,TRAV6-6,None,TRAJ17,TRAC,True,False,CALGEDSAGNKLTF,TGTGCTCTGGGTGAGGACAGTGCAGGGAACAAGCTAACTTTT,1616,1,None,None
CAGCTAACAGAGTGTG-1,False,CAGCTAACAGAGTGTG-1_contig_1,False,512,TRB,TRBV13-1,None,TRBJ2-3,None,True,True,CASGDSAETLYF,TGTGCCAGCGGGGACAGTGCAGAAACGCTGTATTTT,842,1,None,None
CAGCTAACATAACCTG-1,False,CAGCTAACATAACCTG-1_contig_1,False,512,TRB,TRBV13-1,None,TRBJ2-5,None,True,True,CASSDGDDTQYF,TGTGCCAGCAGTGACGGGGACGACACCCAGTACTTT,1722,1,None,None
CAGCTAACATGGATGG-1,False,CAGCTAACATGGATGG-1_contig_1,False,529,TRB,TRBV13-2,None,TRBJ1-2,TRBC1,True,True,CASGGGTGNSDYTF,TGTGCCAGCGGTGGGGGGACAGGGAACTCCGACTACACCTTC,1172,1,None,None
CAGCTAAGTACGAAAT-1,False,CAGCTAAGTACGAAAT-1_contig_1,False,538,TRA,TRAV3D-3,None,TRAJ28,TRAC,True,False,CTSAQSVRGTGSNRLTF,TGTACTTCTGCGCAGTCAGTGAGGGGCACTGGGAGTAACAGGCTCACTTTT,122,1,None,None
CAGCTAAGTCTTGATG-1,False,CAGCTAAGTCTTGATG-1_contig_1,False,505,TRB,TRBV13-1,None,TRBJ2-4,None,True,True,CASSEGTNTLYF,TGTGCCAGCAGTGAAGGAACAAACACCTTGTACTTT,1130,1,None,None
CAGCTAAGTTACAGAA-1,False,CAGCTAAGTTACAGAA-1_contig_1,False,502,TRB,TRBV13-1,None,TRBJ2-2,None,True,True,CASSDPGQLYF,TGTGCCAGCAGTGACCCCGGGCAGCTCTACTTT,862,1,None,None
CAGCTAATCATTGCCC-1,False,CAGCTAATCATTGCCC-1_contig_1,False,604,TRA,TRAV14-2,None,TRAJ50,TRAC,True,True,CAATSSSSFSKLVF,TGTGCAGCAACTTCATCCTCCTCCTTCAGCAAGCTGGTGTTT,1148,1,None,None
CAGCTAATCCTCCTAG-1,False,CAGCTAATCCTCCTAG-1_contig_1,False,512,TRB,TRBV13-1,None,TRBJ2-3,None,True,True,CASGDSAETLYF,TGTGCCAGCGGGGACAGTGCAGAAACGCTGTATTTT,1010,1,None,None
CAGCTAATCGAACGGA-1,False,CAGCTAATCGAACGGA-1_contig_1,False,583,TRA,TRAV14-1,None,TRAJ32,TRAC,True,True,CAASPLGSSGNKLIF,TGTGCAGCAAGTCCTCTTGGGAGCAGTGGCAACAAGCTCATCTTT,490,1,None,None
CAGCTAATCGAACGGA-1,False,CAGCTAATCGAACGGA-1_contig_2,False,432,TRA,TRAV9D-2,None,TRAJ26,TRAC,True,False,CVLSRGNNYAQGLTF,TGTGTTCTGAGCAGGGGCAATAACTATGCCCAGGGATTAACCTTC,2430,1,None,None
CAGCTAATCGGTTAAC-1,False,CAGCTAATCGGTTAAC-1_contig_1,False,555,TRA,TRAV3-3,None,TRAJ49,TRAC,True,True,CAVSGATGYQNFYF,TGCGCAGTCAGTGGGGCCACGGGTTACCAGAACTTCTATTTT,2408,1,None,None
CAGCTAATCTGCCAGG-1,False,CAGCTAATCTGCCAGG-1_contig_1,False,511,TRB,TRBV13-1,None,TRBJ2-3,None,True,True,CASGDSAETLYF,TGTGCCAGCGGGGACAGTGCAGAAACGCTGTATTTT,1330,1,None,None
CAGCTGGAGAAGGTGA-1,False,CAGCTGGAGAAGGTGA-1_contig_1,False,564,TRB,TRBV12-2+TRBV13-2,None,TRBJ1-2,TRBC1,True,True,CASGGGTGNSDYTF,TGTGCCAGCGGTGGGGGGACAGGGAACTCCGACTACACCTTC,392,1,None,None
CAGCTGGAGAGATGAG-1,False,CAGCTGGAGAGATGAG-1_contig_1,False,581,TRB,TRBV12-2+TRBV13-2,None,TRBJ1-2,TRBC1,True,True,CASGGGTGNSDYTF,TGTGCCAGCGGTGGGGGGACAGGGAACTCCGACTACACCTTC,2038,2,None,None
CAGCTGGAGAGCTGGT-1,False,CAGCTGGAGAGCTGGT-1_contig_1,False,562,TRB,TRBV12-2+TRBV13-2,None,TRBJ1-2,TRBC1,True,True,CASGGGTGNSDYTF,TGTGCCAGCGGTGGGGGGACAGGGAACTCCGACTACACCTTC,1392,1,None,None
CAGCTGGAGCAGACTG-1,False,CAGCTGGAGCAGACTG-1_contig_1,False,526,TRA,TRAV8D-1,None,TRAJ26,TRAC,True,True,CATDDNYAQGLTF,TGTGCTACTGACGATAACTATGCCCAGGGATTAACCTTC,1716,1,None,None
CAGCTGGAGCAGACTG-1,False,CAGCTGGAGCAGACTG-1_contig_2,False,501,TRB,TRBV13-1,None,TRBJ2-3,None,True,True,CASGDSAETLYF,TGTGCCAGCGGGGACAGTGCAGAAACGCTGTATTTT,1930,1,None,None
CAGCTGGAGCCAACAG-1,False,CAGCTGGAGCCAACAG-1_contig_1,False,623,TRB,None,None,TRBJ2-7,None,False,False,None,None,1252,2,None,None
CAGCTGGAGGGTTCCC-1,False,CAGCTGGAGGGTTCCC-1_contig_1,False,567,TRB,TRBV12-2+TRBV13-2,None,TRBJ1-2,TRBC1,True,True,CASGGGTGNSDYTF,TGTGCCAGCGGTGGGGGGACAGGGAACTCCGACTACACCTTC,780,1,None,None
CAGCTGGAGGGTTCCC-1,False,CAGCTGGAGGGTTCCC-1_contig_2,False,474,TRB,TRBV5,None,TRBJ2-2,None,True,False,CASSQDRHTGQLYF,TGTGCCAGCAGCCAAGATAGACACACCGGGCAGCTCTACTTT,1616,1,None,None
CAGCTGGAGGTAGCTG-1,False,CAGCTGGAGGTAGCTG-1_contig_1,False,417,TRB,None,None,TRBJ1-3,TRBC1,False,False,None,None,760,1,None,None
CAGCTGGAGTAGCGGT-1,False,CAGCTGGAGTAGCGGT-1_contig_1,False,631,TRB,None,None,TRBJ2-7,None,False,False,None,None,774,1,None,None
CAGCTGGAGTGGAGTC-1,False,CAGCTGGAGTGGAGTC-1_contig_1,False,537,TRB,TRBV12-2+TRBV13-2,None,TRBJ1-2,TRBC1,True,True,CASGGQGPDYTF,TGTGCCAGCGGGGGACAGGGACCCGACTACACCTTC,308,3,None,None
CAGCTGGAGTTGTAGA-1,False,CAGCTGGAGTTGTAGA-1_contig_1,False,505,TRB,TRBV13-1,None,TRBJ2-3,None,True,True,CASGDSAETLYF,TGTGCCAGCGGGGACAGTGCAGAAACGCTGTATTTT,552,1,None,None
CAGCTGGCAGTAAGCG-1,False,CAGCTGGCAGTAAGCG-1_contig_1,False,549,TRB,TRBV16,None,TRBJ2-5,None,True,True,CASSLGGGQDTQYF,TGTGCAAGCAGCTTAGGGGGGGGCCAAGACACCCAGTACTTT,796,1,None,None
CAGCTGGGTAACGCGA-1,False,CAGCTGGGTAACGCGA-1_contig_1,False,549,TRA,TRAV8N-2,None,TRAJ13,TRAC,True,True,CATEDSGTYQRF,TGTGCTACTGAGGATTCTGGGACTTACCAGAGGTTT,2226,1,None,None
CAGCTGGGTAACGCGA-1,False,CAGCTGGGTAACGCGA-1_contig_2,False,600,TRB,TRBV12-2+TRBV13-2,None,TRBJ2-7,None,True,True,CASGTGGDYEQYF,TGTGCCAGCGGGACTGGGGGGGACTATGAACAGTACTTC,1306,1,None,None
CAGCTGGGTAACGCGA-1,False,CAGCTGGGTAACGCGA-1_contig_3,True,396,TRA,TRAV6-6,None,TRAJ22,TRAC,True,False,None,None,282,1,None,None
CAGCTGGGTAAGGATT-1,False,CAGCTGGGTAAGGATT-1_contig_1,False,549,TRB,TRBV16,None,TRBJ2-5,None,True,True,CASSFGGAPDTQYF,TGTGCAAGCAGCTTTGGGGGGGCGCCAGACACCCAGTACTTT,1774,2,None,None
CAGCTGGGTACCATCA-1,False,CAGCTGGGTACCATCA-1_contig_1,False,368,TRB,None,None,TRBJ2-3,None,False,False,None,None,970,1,None,None
CAGCTGGGTACTTCTT-1,False,CAGCTGGGTACTTCTT-1_contig_1,False,600,TRB,TRBV13-1,None,TRBJ2-4,None,True,False,CASSEGTNTLYF,TGTGCCAGCAGTGAAGGAACAAACACCTTGTACTTT,358,1,None,None
CAGCTGGGTTCGGGCT-1,False,CAGCTGGGTTCGGGCT-1_contig_1,False,353,TRB,TRBV13-2,None,TRBJ1-5,TRBC1,True,False,CASGTGDNQAPLF,TGTGCCAGCGGTACAGGGGACAACCAGGCTCCGCTTTTT,2032,1,None,None
CAGCTGGGTTGAGGTG-1,False,CAGCTGGGTTGAGGTG-1_contig_1,False,507,TRA,TRAV21-DV12,None,TRAJ42,TRAC,True,True,CILRVHGGSNAKLTF,TGTATCCTGAGAGTCCATGGAGGAAGCAATGCAAAGCTAACCTTC,2576,2,None,None
CAGCTGGTCAACCATG-1,False,CAGCTGGTCAACCATG-1_contig_1,False,529,TRA,TRAV8-1,None,TRAJ6,TRAC,True,True,CATDPPGGNYKPTF,TGTGCTACTGATCCACCAGGAGGAAACTACAAACCTACGTTT,1818,1,None,None
CAGCTGGTCCTACAGA-1,False,CAGCTGGTCCTACAGA-1_contig_1,False,549,TRB,TRBV16,None,TRBJ2-5,None,True,True,CASSLGGGQDTQYF,TGTGCAAGCAGCTTAGGGGGGGGGCAAGACACCCAGTACTTT,862,1,None,None
CAGCTGGTCCTACAGA-1,False,CAGCTGGTCCTACAGA-1_contig_2,False,595,TRA,TRAV7-4,None,TRAJ31,TRAC,True,False,None,None,544,1,None,None
CAGCTGGTCGATAGAA-1,False,CAGCTGGTCGATAGAA-1_contig_1,False,558,TRA,TRAV19,None,TRAJ39,TRAC,True,True,CAAGGNNAGAKLTF,TGCGCAGCAGGTGGGAATAATGCAGGTGCCAAGCTCACATTC,1420,1,None,None
CAGCTGGTCGTTACAG-1,False,CAGCTGGTCGTTACAG-1_contig_1,False,661,TRB,TRBV12-2+TRBV13-2,None,TRBJ1-2,TRBC1,True,True,CASGGGTGNSDYTF,TGTGCCAGCGGTGGGGGGACAGGGAACTCCGACTACACCTTC,2088,2,None,None
CAGCTGGTCGTTTATC-1,False,CAGCTGGTCGTTTATC-1_contig_1,False,565,TRB,TRBV12-2+TRBV13-2,None,TRBJ2-7,None,True,True,CASGTGGDYEQYF,TGTGCCAGCGGGACTGGGGGGGACTATGAACAGTACTTC,2094,1,None,None
CAGCTGGTCTCGCTTG-1,False,CAGCTGGTCTCGCTTG-1_contig_1,False,505,TRB,TRBV13-1,None,TRBJ2-4,None,True,True,CASSEGTNTLYF,TGTGCCAGCAGTGAAGGAACAAACACCTTGTACTTT,4206,2,None,None
CAGGTGCAGAATGTTG-1,False,CAGGTGCAGAATGTTG-1_contig_1,False,519,TRB,TRBV13-2,None,TRBJ1-2,TRBC1,True,True,CASGGGTGNSDYTF,TGTGCCAGCGGTGGGGGGACAGGGAACTCCGACTACACCTTC,1784,1,None,None
CAGGTGCAGACGCAAC-1,False,CAGGTGCAGACGCAAC-1_contig_1,False,549,TRB,TRBV16,None,TRBJ2-5,None,True,True,CASSLGGGQDTQYF,TGTGCAAGCAGCTTAGGGGGGGGCCAAGACACCCAGTACTTT,1270,1,None,None
CAGGTGCAGAGCTGGT-1,False,CAGGTGCAGAGCTGGT-1_contig_1,False,512,TRB,TRBV14,None,TRBJ2-1,None,True,True,CASSFRGYEAEQFF,TGTGCCAGCAGCTTCAGGGGGTATGAGGCTGAGCAGTTCTTC,1084,1,None,None
CAGGTGCAGAGGACGG-1,False,CAGGTGCAGAGGACGG-1_contig_1,False,587,TRB,TRBV12-2+TRBV13-2,None,TRBJ2-7,None,True,True,CASGVQGEQYF,TGTGCCAGCGGTGTTCAGGGAGAACAGTACTTC,868,1,None,None
CAGGTGCAGTGAACAT-1,False,CAGGTGCAGTGAACAT-1_contig_1,False,613,TRA,TRAV13-1,None,TRAJ58,TRAC,True,True,CASSMQQGTGSKLSF,TGTGCTTCTTCCATGCAGCAAGGCACTGGGTCTAAGCTGTCATTT,2402,1,None,None
CAGGTGCAGTGAACAT-1,False,CAGGTGCAGTGAACAT-1_contig_2,False,564,TRB,TRBV12-2+TRBV13-2,None,TRBJ1-5,TRBC1,True,True,CASGTGDNQAPLF,TGTGCCAGCGGGACAGGGGACAACCAGGCTCCGCTTTTT,2744,2,None,None
CAGGTGCCAATGAATG-1,False,CAGGTGCCAATGAATG-1_contig_1,False,521,TRA,TRAV6-5,None,TRAJ45,TRAC,True,True,CALIHTEGADRLTF,TGTGCTCTGATCCATACAGAAGGTGCAGATAGACTCACCTTT,2534,1,None,None
CAGGTGCCAATGAATG-1,False,CAGGTGCCAATGAATG-1_contig_2,False,555,TRA,TRAV3-3,None,TRAJ49,TRAC,True,True,CAVSGNTGYQNFYF,TGCGCAGTCAGTGGAAACACGGGTTACCAGAACTTCTATTTT,1810,1,None,None
CAGGTGCCATTATCTC-1,False,CAGGTGCCATTATCTC-1_contig_1,False,546,TRA,TRAV4D-3,None,TRAJ27,TRAC,True,True,CAADGPNTGKLTF,TGTGCTGCTGACGGGCCCAATACAGGCAAATTAACCTTT,1988,2,None,None
CAGGTGCCATTATCTC-1,False,CAGGTGCCATTATCTC-1_contig_2,False,566,TRB,TRBV12-2+TRBV13-2,None,TRBJ1-5,TRBC1,True,True,CASGTGDNQAPLF,TGTGCCAGCGGTACAGGGGACAACCAGGCTCCGCTTTTT,1558,1,None,None
CAGGTGCCATTATCTC-1,False,CAGGTGCCATTATCTC-1_contig_3,True,374,TRB,None,None,TRBJ1-4,TRBC1,False,False,None,None,2320,1,None,None
CAGGTGCGTCTTGCGG-1,False,CAGGTGCGTCTTGCGG-1_contig_1,False,558,TRA,TRAV19,None,TRAJ39,TRAC,True,True,CAAGGNNAGAKLTF,TGCGCAGCAGGTGGGAATAATGCAGGTGCCAAGCTCACATTC,1494,1,None,None
CAGGTGCGTCTTGCGG-1,False,CAGGTGCGTCTTGCGG-1_contig_2,False,512,TRB,TRBV13-1,None,TRBJ2-1,None,True,True,CASGGAYAEQFF,TGTGCCAGCGGGGGGGCGTATGCTGAGCAGTTCTTC,3018,3,None,None
CAGGTGCGTGACGCCT-1,False,CAGGTGCGTGACGCCT-1_contig_1,False,505,TRB,TRBV13-1,None,TRBJ2-3,None,True,True,CASGDSAETLYF,TGTGCCAGCGGGGACAGTGCAGAAACGCTGTATTTT,2142,1,None,None
CAGGTGCGTGACGCCT-1,False,CAGGTGCGTGACGCCT-1_contig_2,False,585,TRB,TRBV12-2+TRBV13-2,None,TRBJ1-4,TRBC1,True,True,CASGTGGDERLFF,TGTGCCAGCGGGACAGGGGGCGACGAAAGATTATTTTTC,942,1,None,None
CAGGTGCGTTCGCGAC-1,False,CAGGTGCGTTCGCGAC-1_contig_1,False,608,TRB,TRBV13-1,None,TRBJ2-3,None,True,False,CASGDSAETLYF,TGTGCCAGCGGGGACAGTGCAGAAACGCTGTATTTT,968,1,None,None
CAGGTGCTCAGCACAT-1,False,CAGGTGCTCAGCACAT-1_contig_1,False,640,TRB,TRBV12-2+TRBV13-2,None,TRBJ1-2,TRBC1,True,True,CASGGGTGNSDYTF,TGTGCCAGCGGTGGGGGGACAGGGAACTCCGACTACACCTTC,1322,1,None,None
CAGGTGCTCAGCGACC-1,False,CAGGTGCTCAGCGACC-1_contig_1,False,557,TRA,TRAV8N-2,None,TRAJ53,TRAC,True,False,None,None,4290,2,None,None
CAGTAACAGATCCGAG-1,False,CAGTAACAGATCCGAG-1_contig_1,False,562,TRB,TRBV16,None,TRBJ2-5,None,False,False,CKQLRGGPRHPVLW,TGCAAGCAGCTTAGGGGGGGGCCAAGACACCCAGTACTTTGG,1532,1,None,None
CAGTAACAGCGCCTTG-1,False,CAGTAACAGCGCCTTG-1_contig_1,False,408,TRB,None,None,TRBJ2-1,None,False,False,None,None,1490,1,None,None
CAGTAACAGGCATGGT-1,False,CAGTAACAGGCATGGT-1_contig_1,False,526,TRB,TRBV16,None,TRBJ2-5,None,True,True,CASSLGGGQDTQYF,TGTGCAAGCAGCTTAGGGGGGGGCCAAGACACCCAGTACTTT,1974,1,None,None
CAGTAACCACGTAAGG-1,False,CAGTAACCACGTAAGG-1_contig_1,False,535,TRA,TRAV11,None,TRAJ32,TRAC,True,True,CVVGDYGSSGNKLIF,TGTGTGGTGGGCGATTATGGGAGCAGTGGCAACAAGCTCATCTTT,1740,1,None,None
CAGTAACCACGTAAGG-1,False,CAGTAACCACGTAAGG-1_contig_2,False,518,TRB,TRBV10,None,TRBJ2-3,None,True,True,CASSLPGLGETLYF,TGTGCCAGCAGCTTGCCGGGACTGGGGGAAACGCTGTATTTT,2518,1,None,None
CAGTAACCACTTACGA-1,False,CAGTAACCACTTACGA-1_contig_1,False,606,TRA,TRAV14N-3,None,TRAJ40,TRAC,True,True,CAATGVNTGNYKYVF,TGTGCAGCAACTGGTGTTAATACAGGAAACTACAAATACGTCTTT,1104,1,None,None
CAGTAACCAGCTGTTA-1,False,CAGTAACCAGCTGTTA-1_contig_1,False,567,TRB,TRBV12-2+TRBV13-2,None,TRBJ1-2,TRBC1,True,True,CASGGGTGNSDYTF,TGTGCCAGCGGTGGGGGGACAGGGAACTCCGACTACACCTTC,1244,1,None,None
CAGTAACCATTTCACT-1,False,CAGTAACCATTTCACT-1_contig_1,False,562,TRB,TRBV12-2+TRBV13-2,None,TRBJ2-7,None,True,True,CASGVQGGEQYF,TGTGCCAGCGGTGTGCAGGGGGGAGAACAGTACTTC,1006,1,None,None
CAGTAACGTCGCATCG-1,False,CAGTAACGTCGCATCG-1_contig_1,False,563,TRB,TRBV12-2+TRBV13-2,None,TRBJ2-7,None,True,True,CASGVQGWEQYF,TGTGCCAGCGGTGTACAGGGGTGGGAACAGTACTTC,1440,1,None,None
CAGTAACGTCTAGTGT-1,False,CAGTAACGTCTAGTGT-1_contig_1,False,562,TRA,TRAV4D-3,None,TRAJ27,TRAC,True,True,CAADGPNTGKLTF,TGTGCTGCTGACGGGCCCAATACAGGCAAATTAACCTTT,1952,1,None,None
CAGTAACGTGTGTGCC-1,False,CAGTAACGTGTGTGCC-1_contig_1,False,561,TRA,TRAV4-3,None,TRAJ42,TRAC,True,True,CAADNSGGSNAKLTF,TGTGCTGCTGATAATTCTGGAGGAAGCAATGCAAAGCTAACCTTC,1128,1,None,None
CAGTAACGTGTGTGCC-1,False,CAGTAACGTGTGTGCC-1_contig_2,False,566,TRA,TRAV12-2,None,TRAJ34,TRAC,True,True,CALSGNTNKVVF,TGTGCTTTGAGTGGCAATACCAACAAAGTCGTCTTT,1584,1,None,None
CAGTAACGTGTGTGCC-1,False,CAGTAACGTGTGTGCC-1_contig_3,False,517,TRB,TRBV14,None,TRBJ2-7,None,True,True,CASSAGQNYEQYF,TGTGCCAGCAGTGCGGGACAAAACTATGAACAGTACTTC,1662,1,None,None
CAGTAACTCATCGCTC-1,False,CAGTAACTCATCGCTC-1_contig_1,False,505,TRB,TRBV13-1,None,TRBJ2-3,None,True,True,CASGDSAETLYF,TGTGCCAGCGGGGACAGTGCAGAAACGCTGTATTTT,2186,1,None,None
CAGTAACTCTCACATT-1,False,CAGTAACTCTCACATT-1_contig_1,False,638,TRB,TRBV12-2+TRBV13-2,None,TRBJ1-2,TRBC1,True,True,CASGGGTGNSDYTF,TGTGCCAGCGGTGGGGGGACAGGGAACTCCGACTACACCTTC,1186,1,None,None
CAGTAACTCTCCAACC-1,False,CAGTAACTCTCCAACC-1_contig_1,False,549,TRB,TRBV16,None,TRBJ2-5,None,True,True,CASSLGGGQDTQYF,TGTGCAAGCAGCTTAGGGGGGGGCCAAGACACCCAGTACTTT,2010,1,None,None
CAGTCCTAGACTTTCG-1,False,CAGTCCTAGACTTTCG-1_contig_1,False,552,TRA,TRAV8N-2,None,TRAJ43,TRAC,True,False,CATDANNNNAPRF,TGTGCTACTGATGCCAATAACAACAATGCCCCACGATTT,1522,1,None,None
CAGTCCTAGAGCTGGT-1,False,CAGTCCTAGAGCTGGT-1_contig_1,False,565,TRB,TRBV12-2+TRBV13-2,None,TRBJ2-7,None,True,True,CASGAGGDYEQYF,TGTGCCAGCGGTGCTGGGGGGGACTATGAACAGTACTTC,1834,1,None,None
CAGTCCTAGTGTTAGA-1,False,CAGTCCTAGTGTTAGA-1_contig_1,False,549,TRB,TRBV16,None,TRBJ2-5,None,True,True,CASSLGGGQDTQYF,TGTGCAAGCAGCTTAGGGGGGGGCCAAGACACCCAGTACTTT,336,1,None,None
CAGTCCTAGTTTAGGA-1,False,CAGTCCTAGTTTAGGA-1_contig_1,False,502,TRB,TRBV13-1,None,TRBJ2-7,None,True,True,CASSGPLEQYF,TGTGCCAGCAGTGGGCCCCTGGAACAGTACTTC,1342,1,None,None
CAGTCCTCAAATTGCC-1,False,CAGTCCTCAAATTGCC-1_contig_1,False,555,TRB,TRBV12-2+TRBV13-2,None,TRBJ2-1,None,True,True,CASGDPFQFF,TGTGCCAGCGGTGATCCTTTCCAGTTCTTC,490,1,None,None
CAGTCCTCAAATTGCC-1,False,CAGTCCTCAAATTGCC-1_contig_2,False,636,TRB,TRBV12-2+TRBV13-2,None,TRBJ1-5,TRBC1,True,True,CASGTGDNQAPLF,TGTGCCAGCGGTACAGGGGACAACCAGGCTCCGCTTTTT,1202,1,None,None
CAGTCCTCAAGTCATC-1,False,CAGTCCTCAAGTCATC-1_contig_1,True,555,TRA,TRAV8N-2,None,TRAJ53,TRAC,True,False,None,None,500,2,None,None
CAGTCCTCATGTAAGA-1,False,CAGTCCTCATGTAAGA-1_contig_1,False,517,TRA,TRAV13-4-DV7,None,TRAJ21,TRAC,True,True,CARRPVLYF,TGTGCTCGCCGACCCGTGCTTTACTTC,1228,1,None,None
CAGTCCTCATTACCTT-1,False,CAGTCCTCATTACCTT-1_contig_1,False,527,TRB,TRBV15,None,TRBJ1-3,TRBC1,True,True,CASSLNRGSSGNTLYF,TGTGCCAGCAGTTTAAACAGGGGGAGTTCTGGAAATACGCTCTATTTT,1188,1,None,None
CAGTCCTCATTCTCAT-1,False,CAGTCCTCATTCTCAT-1_contig_1,False,511,TRB,TRBV26,None,TRBJ1-1,TRBC1,True,True,CASSRGNTEVFF,TGTGCCAGCAGCCGCGGAAACACAGAAGTCTTCTTT,1568,1,None,None
CAGTCCTGTAAGTGGC-1,False,CAGTCCTGTAAGTGGC-1_contig_1,False,571,TRB,TRBV12-2+TRBV13-2,None,TRBJ2-3,None,True,True,CASGDAPPGEGTLYF,TGTGCCAGCGGTGATGCACCTCCAGGGGAGGGAACGCTGTATTTT,18582,21,None,None
CAGTCCTGTAAGTGGC-1,False,CAGTCCTGTAAGTGGC-1_contig_2,False,566,TRA,TRAV16,None,TRAJ57,TRAC,True,True,CAMREPQGGSAKLIF,TGTGCTATGAGAGAGCCTCAAGGAGGGTCTGCGAAGCTCATCTTT,4624,3,None,None
CAGTCCTGTAAGTGGC-1,False,CAGTCCTGTAAGTGGC-1_contig_3,False,532,TRA,TRAV13-4-DV7,None,TRAJ58,TRAC,True,True,CAPMQQGTGSKLSF,TGTGCTCCTATGCAGCAAGGCACTGGGTCTAAGCTGTCATTT,13398,10,None,None
CAGTCCTGTAAGTGGC-1,False,CAGTCCTGTAAGTGGC-1_contig_4,False,525,TRB,TRBV17,None,TRBJ2-5,None,True,True,CASSRKGVQDTQYF,TGTGCTAGCAGTAGAAAGGGGGTCCAAGACACCCAGTACTTT,24690,19,None,None
CAGTCCTGTAAGTGGC-1,False,CAGTCCTGTAAGTGGC-1_contig_5,False,509,TRA,TRAV13N-3,None,TRAJ49,TRAC,True,True,CAMGGYQNFYF,TGTGCTATGGGGGGTTACCAGAACTTCTATTTT,11838,11,None,None
CAGTCCTGTAAGTGGC-1,False,CAGTCCTGTAAGTGGC-1_contig_6,False,816,TRB,TRBV1,None,TRBJ1-3,TRBC1,True,False,None,None,1280,1,None,None
CAGTCCTTCGATCCCT-1,False,CAGTCCTTCGATCCCT-1_contig_1,False,563,TRB,TRBV12-2+TRBV13-2,None,TRBJ2-7,None,True,True,CASGVQGGEQYF,TGTGCCAGCGGTGTGCAGGGGGGAGAACAGTACTTC,1380,1,None,None
CAGTCCTTCTCTGAGA-1,False,CAGTCCTTCTCTGAGA-1_contig_1,False,568,TRB,TRBV12-2+TRBV13-2,None,TRBJ1-2,TRBC1,True,True,CASGGGTGNSDYTF,TGTGCCAGCGGTGGGGGGACAGGGAACTCCGACTACACCTTC,1410,1,None,None
CAGTCCTTCTGTCAAG-1,False,CAGTCCTTCTGTCAAG-1_contig_1,False,525,TRA,TRAV7N-6,None,TRAJ30,TRAC,True,True,CAVVDTNAYKVIF,TGTGCAGTGGTTGACACAAATGCTTACAAAGTCATCTTT,1644,1,None,None
CAGTCCTTCTTGTTTG-1,False,CAGTCCTTCTTGTTTG-1_contig_1,False,500,TRB,TRBV5,None,TRBJ2-2,None,True,True,CASSTGQLYF,TGTGCCAGCAGCACCGGGCAGCTCTACTTT,2562,1,None,None
CATATGGAGAATTGTG-1,False,CATATGGAGAATTGTG-1_contig_1,False,568,TRA,TRAV4D-4,None,TRAJ30,TRAC,True,False,None,None,528,1,None,None
CATATGGAGACTCGGA-1,False,CATATGGAGACTCGGA-1_contig_1,False,496,TRA,TRAV13D-2,None,TRAJ31,TRAC,True,False,None,None,1644,1,None,None
CATATGGAGATGTGTA-1,False,CATATGGAGATGTGTA-1_contig_1,False,568,TRB,TRBV12-2+TRBV13-2,None,TRBJ1-2,TRBC1,True,True,CASGGGTGNSDYTF,TGTGCCAGCGGTGGGGGGACAGGGAACTCCGACTACACCTTC,2048,1,None,None
CATATGGAGGTACTCT-1,False,CATATGGAGGTACTCT-1_contig_1,False,569,TRB,TRBV12-2+TRBV13-2,None,TRBJ1-2,TRBC1,True,True,CASGGGTGNSDYTF,TGTGCCAGCGGTGGGGGGACAGGGAACTCCGACTACACCTTC,614,1,None,None
CATATGGAGTCGTACT-1,False,CATATGGAGTCGTACT-1_contig_1,False,546,TRA,TRAV16N,None,TRAJ9,TRAC,True,True,CAMRESNMGYKLTF,TGTGCTATGAGAGAGAGCAACATGGGCTACAAACTTACCTTC,1498,1,None,None
CATATGGAGTGAAGAG-1,False,CATATGGAGTGAAGAG-1_contig_1,False,569,TRB,TRBV12-2+TRBV13-2,None,TRBJ1-2,TRBC1,True,True,CASGGGTGNSDYTF,TGTGCCAGCGGTGGGGGGACAGGGAACTCCGACTACACCTTC,1668,1,None,None
CATATGGAGTGTCCCG-1,False,CATATGGAGTGTCCCG-1_contig_1,False,360,TRB,None,None,TRBJ1-6,TRBC1,False,False,None,None,2964,1,None,None
CATATGGGTACCGGCT-1,False,CATATGGGTACCGGCT-1_contig_1,False,558,TRA,TRAV19,None,TRAJ39,TRAC,True,True,CAAGGNNAGAKLTF,TGCGCAGCAGGTGGGAATAATGCAGGTGCCAAGCTCACATTC,2032,1,None,None
CATATGGGTATAGGTA-1,False,CATATGGGTATAGGTA-1_contig_1,False,565,TRB,TRBV12-2+TRBV13-2,None,TRBJ1-5,TRBC1,True,True,CASGTGDNQAPLF,TGTGCCAGCGGGACAGGGGACAACCAGGCTCCGCTTTTT,1506,1,None,None
CATATGGGTGTAAGTA-1,False,CATATGGGTGTAAGTA-1_contig_1,False,563,TRB,TRBV12-2+TRBV13-2,None,TRBJ1-4,TRBC1,True,True,CASGDAPERLFF,TGTGCCAGCGGTGATGCTCCCGAAAGATTATTTTTC,1182,1,None,None
CATATGGGTTACAGAA-1,False,CATATGGGTTACAGAA-1_contig_1,False,746,TRB,TRBV12-2+TRBV13-2,None,TRBJ1-5,TRBC1,True,True,CASGTGDNQAPLF,TGTGCCAGCGGGACAGGGGACAACCAGGCTCCGCTTTTT,2388,4,None,None
CATATGGTCAGCCTAA-1,False,CATATGGTCAGCCTAA-1_contig_1,False,512,TRB,TRBV13-1,None,TRBJ2-3,None,True,True,CASGDSAETLYF,TGTGCCAGCGGGGACAGTGCAGAAACGCTGTATTTT,3010,2,None,None
CATATGGTCGAGCCCA-1,False,CATATGGTCGAGCCCA-1_contig_1,False,563,TRB,TRBV12-2+TRBV13-2,None,TRBJ2-7,None,True,True,CASGTGGDYEQYF,TGTGCCAGCGGGACTGGGGGGGACTATGAACAGTACTTC,204,1,None,None
CATATGGTCGTCACGG-1,False,CATATGGTCGTCACGG-1_contig_1,False,748,TRB,None,None,TRBJ1-6,None,False,False,None,None,1266,1,None,None
CATATTCAGAAACCTA-1,False,CATATTCAGAAACCTA-1_contig_1,False,525,TRA,TRAV7N-6,None,TRAJ30,TRAC,True,True,CAVVDTNAYKVIF,TGTGCAGTGGTTGACACAAATGCTTACAAAGTCATCTTT,1330,1,None,None
CATATTCAGACTTGAA-1,False,CATATTCAGACTTGAA-1_contig_1,False,332,TRB,None,None,TRBJ2-1,None,False,False,None,None,2894,1,None,None
CATATTCAGCCCGAAA-1,False,CATATTCAGCCCGAAA-1_contig_1,False,588,TRA,TRAV7-4,None,TRAJ33,TRAC,True,True,CAARDSNYQLIW,TGTGCAGCTAGGGATAGCAACTATCAGTTGATCTGG,3560,4,None,None
CATATTCAGCCCGAAA-1,False,CATATTCAGCCCGAAA-1_contig_2,False,522,TRB,TRBV5,None,TRBJ2-5,None,True,True,CASSQDGVNQDTQYF,TGTGCCAGCAGCCAAGATGGGGTTAACCAAGACACCCAGTACTTT,12194,7,None,None
CATATTCAGCCCGAAA-1,False,CATATTCAGCCCGAAA-1_contig_3,False,582,TRB,TRBV12-2+TRBV13-2,None,TRBJ1-2,TRBC1,True,True,CASGGGTGNSDYTF,TGTGCCAGCGGTGGGGGGACAGGGAACTCCGACTACACCTTC,5142,3,None,None
CATATTCAGGCTAGAC-1,False,CATATTCAGGCTAGAC-1_contig_1,False,575,TRB,TRBV12-2+TRBV13-2,None,TRBJ2-7,None,True,True,CASGTGDEQYF,TGTGCCAGCGGGACAGGGGATGAACAGTACTTC,2282,1,None,None
CATATTCAGGCTATCT-1,False,CATATTCAGGCTATCT-1_contig_1,False,518,TRB,None,None,TRBJ1-5,TRBC1,False,False,None,None,702,1,None,None
CATATTCAGGGCTCTC-1,False,CATATTCAGGGCTCTC-1_contig_1,False,549,TRB,TRBV16,None,TRBJ2-5,None,True,True,CASSLGGGQDTQYF,TGTGCAAGCAGCTTAGGGGGGGGCCAAGACACCCAGTACTTT,606,1,None,None
CATATTCAGGGCTCTC-1,False,CATATTCAGGGCTCTC-1_contig_2,False,593,TRA,TRAV19,None,TRAJ39,TRAC,True,True,CAAGGNNAGAKLTF,TGCGCAGCAGGTGGGAATAATGCAGGTGCCAAGCTCACATTC,1280,1,None,None
CATATTCAGTACATGA-1,False,CATATTCAGTACATGA-1_contig_1,False,555,TRA,TRAV3-3,None,TRAJ49,TRAC,True,True,CAVSGATGYQNFYF,TGCGCAGTCAGTGGGGCCACGGGTTACCAGAACTTCTATTTT,290,3,None,None
CATATTCAGTTAAGTG-1,False,CATATTCAGTTAAGTG-1_contig_1,False,564,TRB,TRBV12-2+TRBV13-2,None,TRBJ2-3,None,True,True,CASGDAPPGEGTLYF,TGTGCCAGCGGTGATGCACCTCCAGGGGAGGGAACGCTGTATTTT,818,1,None,None
CATATTCCAACAACCT-1,False,CATATTCCAACAACCT-1_contig_1,False,322,TRB,None,None,TRBJ2-2,None,False,False,None,None,1764,1,None,None
CATATTCCACTAGTAC-1,False,CATATTCCACTAGTAC-1_contig_1,False,534,TRB,TRBV13-2,None,TRBJ1-5,TRBC1,True,True,CASGTGDNQAPLF,TGTGCCAGCGGTACCGGGGACAACCAGGCTCCGCTTTTT,1422,1,None,None
CATATTCCATCCTAGA-1,False,CATATTCCATCCTAGA-1_contig_1,False,560,TRA,TRAV4D-3,None,TRAJ27,TRAC,True,True,CAADGPNTGKLTF,TGTGCTGCGGACGGACCCAATACAGGCAAATTAACCTTT,970,1,None,None
CATATTCCATGCCTAA-1,False,CATATTCCATGCCTAA-1_contig_1,False,308,TRB,None,None,TRBJ2-1,None,False,False,None,None,1156,1,None,None
CATATTCCATTCACTT-1,False,CATATTCCATTCACTT-1_contig_1,False,652,TRB,TRBV12-2+TRBV13-2,None,TRBJ1-2,TRBC1,True,True,CASGGGTGNSDYTF,TGTGCCAGCGGTGGGGGGACAGGGAACTCCGACTACACCTTC,1010,1,None,None
CATATTCGTACCGAGA-1,False,CATATTCGTACCGAGA-1_contig_1,False,579,TRB,TRBV10,None,TRBJ2-2,None,True,False,CASSTGQLYF,TGTGCCAGCAGCACCGGGCAGCTCTACTTT,1290,1,None,None
CATATTCGTAGTGAAT-1,False,CATATTCGTAGTGAAT-1_contig_1,False,515,TRB,TRBV13-2,None,TRBJ1-5,TRBC1,True,True,CASGTGDNQAPLF,TGTGCCAGCGGTACAGGGGACAACCAGGCTCCGCTTTTT,2478,1,None,None
CATATTCGTCTCCCTA-1,False,CATATTCGTCTCCCTA-1_contig_1,False,333,TRB,None,None,TRBJ2-1,None,False,False,None,None,3492,1,None,None
CATATTCGTCTTCGTC-1,False,CATATTCGTCTTCGTC-1_contig_1,False,576,TRB,TRBV12-2+TRBV13-2,None,TRBJ2-7,None,True,True,CASGAPYEQYF,TGTGCCAGCGGTGCTCCCTATGAACAGTACTTC,4788,4,None,None
CATATTCGTCTTCGTC-1,False,CATATTCGTCTTCGTC-1_contig_2,False,505,TRB,TRBV13-1,None,TRBJ2-4,None,True,True,CASSEGTNTLYF,TGTGCCAGCAGTGAAGGAACAAACACCTTGTACTTT,13066,10,None,None
CATATTCGTCTTCGTC-1,False,CATATTCGTCTTCGTC-1_contig_3,False,528,TRA,TRAV4-3,None,TRAJ17,TRAC,True,True,CAAPNSAGNKLTF,TGTGCTGCCCCTAACAGTGCAGGGAACAAGCTAACTTTT,7060,6,None,None
CATATTCGTCTTCGTC-1,False,CATATTCGTCTTCGTC-1_contig_4,True,556,TRA,TRAV5-1,None,TRAJ18,TRAC,True,False,None,None,2020,3,None,None
CATATTCGTGTGACCC-1,False,CATATTCGTGTGACCC-1_contig_1,False,369,TRB,None,None,TRBJ1-2,TRBC1,False,False,None,None,2746,1,None,None
CATATTCGTTAAGACA-1,False,CATATTCGTTAAGACA-1_contig_1,False,557,TRB,TRBV12-2+TRBV13-2,None,TRBJ2-7,None,True,True,CASGTGGDYEQYF,TGTGCCAGCGGGACTGGGGGGGACTATGAACAGTACTTC,1734,2,None,None
CATATTCGTTAAGGGC-1,False,CATATTCGTTAAGGGC-1_contig_1,False,549,TRB,TRBV16,None,TRBJ2-5,None,True,True,CASSLGGGQDTQYF,TGTGCAAGCAGCTTAGGGGGGGGCCAAGACACCCAGTACTTT,13690,42,None,None
CATATTCGTTAAGGGC-1,False,CATATTCGTTAAGGGC-1_contig_2,False,570,TRA,TRAV14N-3,None,TRAJ6,TRAC,True,True,CAARTSGGNYKPTF,TGTGCAGCAAGAACCTCAGGAGGAAACTACAAACCTACGTTT,13220,15,None,None
CATATTCGTTAAGGGC-1,False,CATATTCGTTAAGGGC-1_contig_3,False,593,TRA,TRAV4D-3,None,TRAJ27,TRAC,True,True,CAADGPNTGKLTF,TGTGCTGCGGACGGACCCAATACAGGCAAATTAACCTTT,9690,15,None,None
CATATTCGTTAAGGGC-1,False,CATATTCGTTAAGGGC-1_contig_4,False,549,TRA,TRAV8N-2,None,TRAJ13,TRAC,True,True,CATEDSGTYQRF,TGTGCTACTGAGGATTCTGGGACTTACCAGAGGTTT,14662,20,None,None
CATATTCGTTAAGGGC-1,False,CATATTCGTTAAGGGC-1_contig_5,False,525,TRA,TRAV7N-6,None,TRAJ30,TRAC,True,True,CAVVDTNAYKVIF,TGTGCAGTGGTTGACACAAATGCTTACAAAGTCATCTTT,4102,6,None,None
CATATTCGTTAAGGGC-1,False,CATATTCGTTAAGGGC-1_contig_6,False,592,TRB,TRBV12-2+TRBV13-2,None,TRBJ2-7,None,True,True,CASGTGGDYEQYF,TGTGCCAGCGGGACTGGGGGGGACTATGAACAGTACTTC,19040,33,None,None
CATATTCGTTACGACT-1,False,CATATTCGTTACGACT-1_contig_1,False,568,TRB,TRBV12-2+TRBV13-2,None,TRBJ1-5,TRBC1,True,True,CASGTGDNQAPLF,TGTGCCAGCGGTACAGGAGACAACCAGGCTCCGCTTTTT,1092,1,None,None
CATATTCTCAATAAGG-1,False,CATATTCTCAATAAGG-1_contig_1,False,666,TRA,TRAV14-2,None,TRAJ37,TRAC,True,False,CAASEQAIPENSSLDW,TGTGCAGCAAGTGAACAGGCAATACCGGAAAACTCATCTTTGGACTGG,554,1,None,None
CATATTCTCACGCATA-1,False,CATATTCTCACGCATA-1_contig_1,False,493,TRB,TRBV23,None,TRBJ2-2,None,True,False,None,None,2420,1,None,None
CATATTCTCCTCGCAT-1,False,CATATTCTCCTCGCAT-1_contig_1,False,474,TRB,None,None,TRBJ1-3,TRBC1,False,False,None,None,1820,1,None,None
CATATTCTCGCAAGCC-1,False,CATATTCTCGCAAGCC-1_contig_1,False,466,TRB,TRBV13-2,None,TRBJ1-2,TRBC1,True,False,CASGGGTGNSDYTF,TGTGCCAGCGGTGGGGGGACAGGGAACTCCGACTACACCTTC,1738,1,None,None
CATATTCTCTGCAAGT-1,False,CATATTCTCTGCAAGT-1_contig_1,False,552,TRA,TRAV6-6,None,TRAJ24,TRAC,True,True,CAPLTTASLGKLQF,TGTGCTCCGTTGACAACTGCCAGTTTGGGGAAACTGCAGTTT,2146,1,None,None
CATCAAGAGACAATAC-1,False,CATCAAGAGACAATAC-1_contig_1,False,565,TRB,TRBV12-2+TRBV13-2,None,TRBJ1-5,TRBC1,True,True,CASGTGDNQAPLF,TGTGCCAGCGGGACAGGGGACAACCAGGCTCCGCTTTTT,674,1,None,None
CATCAAGAGACACGAC-1,False,CATCAAGAGACACGAC-1_contig_1,False,812,TRB,TRBV12-2+TRBV13-2,None,TRBJ1-2,TRBC1,True,True,CASGGGTGNSDYTF,TGTGCCAGCGGTGGGGGGACAGGGAACTCCGACTACACCTTC,1768,1,None,None
CATCAAGAGATGGCGT-1,False,CATCAAGAGATGGCGT-1_contig_1,False,370,TRB,None,None,TRBJ1-1,TRBC1,False,False,None,None,2836,1,None,None
CATCAAGAGCCCGAAA-1,False,CATCAAGAGCCCGAAA-1_contig_1,False,445,TRA,TRAV19,None,TRAJ39,None,True,False,CAAGGNNAGAKLTF,TGCGCAGCAGGTGGGAATAATGCAGGTGCCAAGCTCACATTC,58,1,None,None
CATCAAGAGCCCGAAA-1,False,CATCAAGAGCCCGAAA-1_contig_2,False,337,TRB,None,None,TRBJ2-7,None,False,False,None,None,2280,1,None,None
CATCAAGAGCCTTGAT-1,False,CATCAAGAGCCTTGAT-1_contig_1,False,564,TRA,TRAV4D-3,None,TRAJ27,TRAC,True,True,CAADGPNTGKLTF,TGTGCTGCGGACGGACCCAATACAGGCAAATTAACCTTT,2664,1,None,None
CATCAAGAGGTCGGAT-1,False,CATCAAGAGGTCGGAT-1_contig_1,False,340,TRB,None,None,TRBJ2-7,None,False,False,None,None,1272,2,None,None
CATCAAGAGTATCTCG-1,False,CATCAAGAGTATCTCG-1_contig_1,False,568,TRB,TRBV12-2+TRBV13-2,None,TRBJ1-2,TRBC1,True,True,CASGGGTGNSDYTF,TGTGCCAGCGGTGGGGGGACAGGGAACTCCGACTACACCTTC,1724,2,None,None
CATCAAGCAATCGAAA-1,False,CATCAAGCAATCGAAA-1_contig_1,False,568,TRA,TRAV4D-3,None,TRAJ27,TRAC,True,True,CAADGPNTGKLTF,TGTGCTGCGGACGGACCCAATACAGGCAAATTAACCTTT,856,1,None,None
CATCAAGCACCACCAG-1,False,CATCAAGCACCACCAG-1_contig_1,False,562,TRB,TRBV12-2+TRBV13-2,None,TRBJ1-4,TRBC1,True,True,CASGDAPERLFF,TGTGCCAGCGGTGATGCTCCCGAAAGATTATTTTTC,602,1,None,None
CATCAAGCACGCATCG-1,False,CATCAAGCACGCATCG-1_contig_1,False,561,TRB,TRBV12-2+TRBV13-2,None,TRBJ2-5,None,True,True,CASGVQGDTQYF,TGTGCCAGCGGTGTTCAGGGGGACACCCAGTACTTT,1322,1,None,None
CATCAAGCACGGCTAC-1,False,CATCAAGCACGGCTAC-1_contig_1,False,508,TRB,TRBV13-1,None,TRBJ1-4,TRBC1,True,True,CASGTGANERLFF,TGTGCCAGCGGGACAGGGGCCAACGAAAGATTATTTTTC,842,1,None,None
CATCAAGCACGTAAGG-1,False,CATCAAGCACGTAAGG-1_contig_1,False,549,TRB,TRBV16,None,TRBJ1-2,TRBC1,True,True,CASSSGTGNSDYTF,TGTGCAAGCAGCTCCGGGACAGGGAACTCCGACTACACCTTC,2080,1,None,None
CATCAAGCATGCTAGT-1,False,CATCAAGCATGCTAGT-1_contig_1,False,523,TRA,TRAV8D-1,None,TRAJ30,TRAC,True,True,CALDTNAYKVIF,TGTGCCCTCGACACAAATGCTTACAAAGTCATCTTT,1930,1,None,None
CATCAAGGTCAGCTAT-1,False,CATCAAGGTCAGCTAT-1_contig_1,False,353,TRB,None,None,TRBJ2-7,None,False,False,None,None,1928,1,None,None
CATCAAGGTGGTTTCA-1,False,CATCAAGGTGGTTTCA-1_contig_1,False,525,TRA,TRAV7N-6,None,TRAJ30,TRAC,True,True,CAVVDTNAYKVIF,TGTGCAGTGGTTGACACAAATGCTTACAAAGTCATCTTT,1890,1,None,None
CATCAAGGTGGTTTCA-1,False,CATCAAGGTGGTTTCA-1_contig_2,False,426,TRB,TRBV13-2,None,TRBJ2-7,None,True,False,CASGVQGWEQYF,TGTGCCAGCGGTGTACAGGGGTGGGAACAGTACTTC,376,1,None,None
CATCAAGGTTATGCGT-1,False,CATCAAGGTTATGCGT-1_contig_1,False,545,TRA,None,None,TRAJ26,TRAC,False,False,None,None,1776,1,None,None
CATCAAGTCAGCTCGG-1,False,CATCAAGTCAGCTCGG-1_contig_1,False,570,TRB,TRBV12-2+TRBV13-2,None,TRBJ1-2,TRBC1,True,True,CASGGGTGNSDYTF,TGTGCCAGCGGTGGGGGGACAGGGAACTCCGACTACACCTTC,1008,1,None,None
CATCAAGTCCGTCATC-1,False,CATCAAGTCCGTCATC-1_contig_1,False,641,TRA,TRAV14-2,None,TRAJ49,TRAC,True,True,CAAQGYQNFYF,TGTGCAGCACAGGGTTACCAGAACTTCTATTTT,2482,1,None,None
CATCAAGTCCGTTGTC-1,False,CATCAAGTCCGTTGTC-1_contig_1,False,564,TRB,TRBV12-2+TRBV13-2,None,TRBJ1-5,TRBC1,True,True,CASGTGDNQAPLF,TGTGCCAGCGGGACAGGGGACAACCAGGCTCCGCTTTTT,492,1,None,None
CATCAAGTCGCACTCT-1,False,CATCAAGTCGCACTCT-1_contig_1,False,555,TRB,None,None,TRBJ2-1,None,False,False,None,None,58,1,None,None
CATCAAGTCGCTGATA-1,False,CATCAAGTCGCTGATA-1_contig_1,False,373,TRB,None,None,TRBJ1-3,TRBC1,False,False,None,None,1694,1,None,None
CATCAAGTCGTGGACC-1,False,CATCAAGTCGTGGACC-1_contig_1,False,549,TRB,TRBV16,None,TRBJ2-5,None,True,True,CASSLGGGQDTQYF,TGTGCAAGCAGCTTAGGGGGGGGCCAAGACACCCAGTACTTT,936,1,None,None
CATCAGAAGAACTGTA-1,False,CATCAGAAGAACTGTA-1_contig_1,False,566,TRA,TRAV3-3,None,TRAJ49,TRAC,True,True,CAVSGATGYQNFYF,TGCGCAGTCAGTGGGGCCACGGGTTACCAGAACTTCTATTTT,6578,5,None,None
CATCAGAAGAACTGTA-1,False,CATCAGAAGAACTGTA-1_contig_2,False,507,TRA,TRAV21-DV12,None,TRAJ42,TRAC,True,True,CILRVHGGSNAKLTF,TGTATCCTGAGAGTCCATGGAGGAAGCAATGCAAAGCTAACCTTC,26668,15,None,None
CATCAGAAGAACTGTA-1,False,CATCAGAAGAACTGTA-1_contig_3,False,594,TRB,TRBV12-2+TRBV13-2,None,TRBJ2-7,None,True,True,CASGVQGEQYF,TGTGCCAGCGGTGTTCAGGGAGAACAGTACTTC,25428,21,None,None
CATCAGAAGAACTGTA-1,False,CATCAGAAGAACTGTA-1_contig_4,False,563,TRB,TRBV12-2+TRBV13-2,None,TRBJ1-2,TRBC1,True,True,CASGGGTGNSDYTF,TGTGCCAGCGGTGGGGGGACAGGGAACTCCGACTACACCTTC,6602,6,None,None
CATCAGAAGAACTGTA-1,False,CATCAGAAGAACTGTA-1_contig_5,True,328,TRB,None,None,TRBJ2-1,None,False,False,None,None,8200,5,None,None
CATCAGAAGACAATAC-1,False,CATCAGAAGACAATAC-1_contig_1,False,638,TRB,TRBV12-2+TRBV13-2,None,TRBJ1-2,TRBC1,True,True,CASGGGTGNSDYTF,TGTGCCAGCGGTGGGGGGACAGGGAACTCCGACTACACCTTC,534,1,None,None
CATCAGAAGACTCGGA-1,False,CATCAGAAGACTCGGA-1_contig_1,False,549,TRB,TRBV16,None,TRBJ2-7,None,True,True,CASSFGGGADEQYF,TGTGCAAGCAGCTTTGGTGGGGGGGCGGATGAACAGTACTTC,744,1,None,None
CATCAGAAGATCCCGC-1,False,CATCAGAAGATCCCGC-1_contig_1,False,535,TRB,TRBV16,None,TRBJ2-7,None,True,True,CASSFGGGADEQYF,TGTGCAAGCAGTTTTGGTGGGGGGGCGGATGAACAGTACTTC,394,1,None,None
CATCAGAAGCGACGTA-1,False,CATCAGAAGCGACGTA-1_contig_1,False,588,TRB,TRBV13-1,None,TRBJ2-4,None,True,False,CASSEGTNTLYF,TGTGCCAGCAGTGAAGGAACAAACACCTTGTACTTT,1606,1,None,None
CATCAGAAGCGCTTAT-1,False,CATCAGAAGCGCTTAT-1_contig_1,False,512,TRB,TRBV13-1,None,TRBJ2-4,None,True,True,CASSEGTNTLYF,TGTGCCAGCAGTGAAGGAACAAACACCTTGTACTTT,268,1,None,None
CATCAGAAGCTCCTCT-1,False,CATCAGAAGCTCCTCT-1_contig_1,False,555,TRB,TRBV12-2+TRBV13-2,None,TRBJ2-7,None,True,True,CASGTGDEQYF,TGTGCCAGCGGGACAGGGGATGAACAGTACTTC,946,1,None,None
CATCAGAAGGCACATG-1,False,CATCAGAAGGCACATG-1_contig_1,False,522,TRA,TRAV7N-6,None,TRAJ34,TRAC,True,True,CAISSNTNKVVF,TGTGCAATTTCTTCCAATACCAACAAAGTCGTCTTT,2890,1,None,None
CATCAGAAGGTGTTAA-1,False,CATCAGAAGGTGTTAA-1_contig_1,False,527,TRB,TRBV15,None,TRBJ1-3,TRBC1,True,True,CASSLNRGSSGNTLYF,TGTGCCAGCAGTTTAAACAGGGGGAGTTCTGGAAATACGCTCTATTTT,518,1,None,None
CATCAGAAGTACGTAA-1,False,CATCAGAAGTACGTAA-1_contig_1,False,532,Multi,TRDV1,None,TRAJ45,TRAC,True,False,CGGTEGADRLTF,TGTGGAGGGACAGAAGGTGCAGATAGACTCACCTTT,1656,1,None,None
CATCAGACAACAACCT-1,False,CATCAGACAACAACCT-1_contig_1,False,583,TRB,None,None,TRBJ2-7,None,False,False,None,None,340,1,None,None
CATCAGACACTTACGA-1,False,CATCAGACACTTACGA-1_contig_1,False,563,TRB,TRBV12-2+TRBV13-2,None,TRBJ1-2,TRBC1,True,True,CASGGQANSDYTF,TGTGCCAGCGGTGGACAGGCAAACTCCGACTACACCTTC,1088,1,None,None
CATCAGACAGAGTGTG-1,False,CATCAGACAGAGTGTG-1_contig_1,False,578,TRB,TRBV13-1,None,TRBJ2-1,None,True,False,CASGGGDYAEQFF,TGTGCCAGCGGGGGGGGAGACTATGCTGAGCAGTTCTTC,1740,1,None,None
CATCAGACAGGCAGTA-1,False,CATCAGACAGGCAGTA-1_contig_1,False,542,TRB,TRBV10,None,TRBJ1-4,TRBC1,True,False,None,None,1014,1,None,None
CATCAGACAGTCGATT-1,False,CATCAGACAGTCGATT-1_contig_1,False,512,TRB,TRBV13-1,None,TRBJ2-3,None,True,True,CASGDSAETLYF,TGTGCCAGCGGGGACAGTGCAGAAACGCTGTATTTT,1016,1,None,None
CATCAGACATGCAATC-1,False,CATCAGACATGCAATC-1_contig_1,False,440,TRB,None,None,TRBJ1-2,TRBC1,False,False,None,None,1786,1,None,None
CATCAGAGTATGGTTC-1,False,CATCAGAGTATGGTTC-1_contig_1,False,583,TRB,TRBV12-2+TRBV13-2,None,TRBJ2-7,None,True,True,CASGTGGDYEQYF,TGTGCCAGCGGGACTGGGGGGGACTATGAACAGTACTTC,1850,1,None,None
CATCAGAGTCAGAGGT-1,False,CATCAGAGTCAGAGGT-1_contig_1,False,639,TRB,TRBV12-2+TRBV13-2,None,TRBJ1-2,TRBC1,True,True,CASGGGTGNSDYTF,TGTGCCAGCGGTGGGGGGACAGGGAACTCCGACTACACCTTC,1434,1,None,None
CATCAGAGTCAGGACA-1,False,CATCAGAGTCAGGACA-1_contig_1,False,382,TRB,TRBV17,None,TRBJ2-5,None,True,False,None,None,1388,1,None,None
CATCAGAGTCTCCACT-1,False,CATCAGAGTCTCCACT-1_contig_1,True,401,TRA,TRAV7-5,None,TRAJ45,TRAC,True,False,CSDTEGADRLTF,TGCAGTGATACAGAAGGTGCAGATAGACTCACCTTT,690,1,None,None
CATCAGAGTCTCCACT-1,False,CATCAGAGTCTCCACT-1_contig_2,True,330,TRA,None,None,TRAJ18,TRAC,False,False,None,None,2654,1,None,None
CATCAGAGTTACCAGT-1,False,CATCAGAGTTACCAGT-1_contig_1,False,575,TRA,TRAV3D-3,None,TRAJ28,TRAC,True,False,CTSAQSVRGTGSNRLTF,TGTACTTCTGCGCAGTCAGTGAGGGGCACTGGGAGTAACAGGCTCACTTTT,1084,1,None,None
CATCAGAGTTGTCTTT-1,False,CATCAGAGTTGTCTTT-1_contig_1,False,549,TRB,TRBV16,None,TRBJ2-5,None,True,True,CASSLGGYQDTQYF,TGTGCAAGCAGCTTAGGGGGCTACCAAGACACCCAGTACTTT,1562,2,None,None
CATCAGAGTTTGACTG-1,False,CATCAGAGTTTGACTG-1_contig_1,False,584,TRB,TRBV12-2+TRBV13-2,None,TRBJ1-2,TRBC1,True,True,CASGGGTGNSDYTF,TGTGCCAGCGGTGGGGGGACAGGGAACTCCGACTACACCTTC,1232,1,None,None
CATCAGATCTTGTATC-1,False,CATCAGATCTTGTATC-1_contig_1,False,446,TRB,None,None,TRBJ1-6,TRBC1,False,False,None,None,1932,1,None,None
CATCCACAGAGAACAG-1,False,CATCCACAGAGAACAG-1_contig_1,False,330,TRB,None,None,TRBJ2-7,None,False,False,None,None,102,1,None,None
CATCCACAGGTCATCT-1,False,CATCCACAGGTCATCT-1_contig_1,False,595,TRB,TRBV12-2+TRBV13-2,None,TRBJ1-2,TRBC1,True,True,CASGGGTGNSDYTF,TGTGCCAGCGGTGGGGGGACAGGGAACTCCGACTACACCTTC,1100,2,None,None
CATCCACAGTAACCCT-1,False,CATCCACAGTAACCCT-1_contig_1,False,509,TRB,TRBV13-1,None,TRBJ2-7,None,True,True,CASSAPYEQYF,TGTGCCAGCAGTGCACCGTATGAACAGTACTTC,1772,1,None,None
CATCCACAGTGAAGAG-1,False,CATCCACAGTGAAGAG-1_contig_1,False,512,TRB,TRBV13-1,None,TRBJ2-3,None,True,True,CASGDSAETLYF,TGTGCCAGCGGGGACAGTGCAGAAACGCTGTATTTT,1714,1,None,None
CATCCACCACTTCGAA-1,False,CATCCACCACTTCGAA-1_contig_1,False,556,TRA,TRAV10N,None,TRAJ23,TRAC,True,True,CAASNRYNQGKLIF,TGTGCAGCAAGCAACCGGTATAACCAGGGGAAGCTTATCTTT,208,2,None,None
CATCCACCACTTCGAA-1,False,CATCCACCACTTCGAA-1_contig_2,False,586,TRB,TRBV12-2+TRBV13-2,None,TRBJ2-5,None,True,True,CASGTGDTQYF,TGTGCCAGCGGCACCGGGGACACCCAGTACTTT,1546,1,None,None
CATCCACCAGTCGATT-1,False,CATCCACCAGTCGATT-1_contig_1,False,578,TRB,TRBV12-2+TRBV13-2,None,TRBJ2-7,None,True,True,CASGAGGDYEQYF,TGTGCCAGCGGTGCTGGGGGGGACTATGAACAGTACTTC,1258,1,None,None
CATCCACCATATGAGA-1,False,CATCCACCATATGAGA-1_contig_1,False,576,TRB,TRBV12-2+TRBV13-2,None,TRBJ1-2,TRBC1,True,True,CASGGGTGNSDYTF,TGTGCCAGCGGTGGGGGGACAGGGAACTCCGACTACACCTTC,1816,1,None,None
CATCCACCATGCAACT-1,False,CATCCACCATGCAACT-1_contig_1,False,516,TRA,TRAV6-6,None,TRAJ24,TRAC,True,True,CAPLTTASLGKLQF,TGTGCTCCGTTGACAACTGCCAGTTTGGGGAAACTGCAGTTT,10626,5,None,None
CATCCACCATGCAACT-1,False,CATCCACCATGCAACT-1_contig_2,False,574,TRA,TRAV3D-3,None,TRAJ30,TRAC,True,True,CAVRADTNAYKVIF,TGCGCAGTCAGGGCTGACACAAATGCTTACAAAGTCATCTTT,4722,3,None,None
CATCCACCATGCAACT-1,False,CATCCACCATGCAACT-1_contig_3,False,505,TRB,TRBV13-1,None,TRBJ2-4,None,True,True,CASSEGTNTLYF,TGTGCCAGCAGTGAAGGAACAAACACCTTGTACTTT,39260,32,None,None
CATCCACCATGCAACT-1,False,CATCCACCATGCAACT-1_contig_4,False,722,TRA,TRAV9D-2,None,TRAJ26,TRAC,True,True,CVLSRGNNYAQGLTF,TGTGTTCTGAGCAGGGGCAATAACTATGCCCAGGGATTAACCTTC,4480,3,None,None
CATCCACCATGCAACT-1,False,CATCCACCATGCAACT-1_contig_5,False,433,TRB,None,None,TRBJ2-7,None,False,False,None,None,6946,4,None,None
CATCCACGTAGAGCTG-1,False,CATCCACGTAGAGCTG-1_contig_1,False,523,TRA,TRAV13D-2,None,TRAJ11,TRAC,True,True,CAIDLDSGYNKLTF,TGTGCTATAGATCTTGACTCGGGATACAACAAACTCACTTTT,1156,1,None,None
CATCCACTCATCGGAT-1,False,CATCCACTCATCGGAT-1_contig_1,False,476,TRB,None,None,TRBJ2-7,None,False,False,None,None,1696,1,None,None
CATCCACTCCCGGATG-1,False,CATCCACTCCCGGATG-1_contig_1,False,559,TRB,TRBV12-2+TRBV13-2,None,TRBJ1-2,TRBC1,True,True,CASGGGTGNSDYTF,TGTGCCAGCGGTGGGGGGACAGGGAACTCCGACTACACCTTC,1138,1,None,None
CATCCACTCCGCATCT-1,False,CATCCACTCCGCATCT-1_contig_1,False,507,TRA,TRAV21-DV12,None,TRAJ42,TRAC,True,True,CILRVHGGSNAKLTF,TGTATCCTGAGAGTCCATGGAGGAAGCAATGCAAAGCTAACCTTC,1326,1,None,None
CATCCACTCCGTAGGC-1,False,CATCCACTCCGTAGGC-1_contig_1,False,565,TRB,TRBV12-2+TRBV13-2,None,TRBJ1-5,TRBC1,True,True,CASGTGDNQAPLF,TGTGCCAGCGGTACAGGGGACAACCAGGCTCCGCTTTTT,1490,1,None,None
CATCCACTCGGCTACG-1,False,CATCCACTCGGCTACG-1_contig_1,False,641,TRB,TRBV12-2+TRBV13-2,None,TRBJ1-2,TRBC1,True,True,CASGGGTGNSDYTF,TGTGCCAGCGGTGGGGGGACAGGGAACTCCGACTACACCTTC,890,1,None,None
CATCCACTCTTGAGGT-1,False,CATCCACTCTTGAGGT-1_contig_1,False,622,TRB,TRBV1,None,TRBJ2-7,None,True,False,CTCSADSLGEYEQYF,TGCACCTGCAGTGCAGATTCGCTGGGGGAGTATGAACAGTACTTC,856,1,None,None
CATCGAAAGACTCGGA-1,False,CATCGAAAGACTCGGA-1_contig_1,False,450,TRB,TRBV16,None,TRBJ2-5,None,True,False,CASSWGGGQDTQYF,TGTGCAAGCAGCTGGGGGGGCGGGCAAGACACCCAGTACTTT,492,1,None,None
CATCGAAAGAGAGCTC-1,False,CATCGAAAGAGAGCTC-1_contig_1,False,663,TRA,TRAV9-2,None,TRAJ30,TRAC,True,True,CVSDDTNAYKVIF,TGTGTTTCGGATGACACAAATGCTTACAAAGTCATCTTT,1488,1,None,None
CATCGAAAGCCGCCTA-1,False,CATCGAAAGCCGCCTA-1_contig_1,False,560,TRB,TRBV12-2+TRBV13-2,None,TRBJ2-7,None,True,True,CASGVQGWEQYF,TGTGCCAGCGGTGTACAGGGGTGGGAACAGTACTTC,1172,1,None,None
CATCGAAAGGCTACGA-1,False,CATCGAAAGGCTACGA-1_contig_1,False,568,TRB,TRBV12-2+TRBV13-2,None,TRBJ1-2,TRBC1,True,True,CASGGGTGNSDYTF,TGTGCCAGCGGTGGGGGGACAGGGAACTCCGACTACACCTTC,1382,1,None,None
CATCGAAAGGTGCAAC-1,False,CATCGAAAGGTGCAAC-1_contig_1,False,661,TRB,TRBV12-2+TRBV13-2,None,TRBJ1-5,TRBC1,True,True,CASGTGDNQAPLF,TGTGCCAGCGGTACAGGGGACAACCAGGCTCCGCTTTTT,1276,1,None,None
CATCGAACACCGTTGG-1,False,CATCGAACACCGTTGG-1_contig_1,False,502,TRB,TRBV13-2,None,TRBJ2-7,None,True,False,CASGVQGWEQYF,TGTGCCAGCGGTGTACAGGGGTGGGAACAGTACTTC,1804,1,None,None
CATCGAACACGAAATA-1,False,CATCGAACACGAAATA-1_contig_1,False,570,TRB,TRBV12-2+TRBV13-2,None,TRBJ1-2,TRBC1,True,True,CASGGGTGNSDYTF,TGTGCCAGCGGTGGGGGGACAGGGAACTCCGACTACACCTTC,480,1,None,None
CATCGAACACGCATCG-1,False,CATCGAACACGCATCG-1_contig_1,False,529,TRA,TRAV3D-3,None,TRAJ21,TRAC,True,False,CTSAQSGPCNVLYF,TGTACTTCTGCGCAGTCAGGCCCCTGCAACGTGCTTTACTTC,1318,1,None,None
CATCGAACACGTTGGC-1,False,CATCGAACACGTTGGC-1_contig_1,False,598,TRB,TRBV12-2+TRBV13-2,None,TRBJ1-2,TRBC1,True,True,CASGGGTGNSDYTF,TGTGCCAGCGGTGGGGGGACAGGGAACTCCGACTACACCTTC,1164,1,None,None
CATCGAAGTACAGTTC-1,False,CATCGAAGTACAGTTC-1_contig_1,False,537,TRA,TRAV3D-3,None,TRAJ26,TRAC,True,True,CAVSANNYAQGLTF,TGCGCAGTCAGTGCAAATAACTATGCCCAGGGATTAACCTTC,1716,1,None,None
CATCGAAGTATATGAG-1,False,CATCGAAGTATATGAG-1_contig_1,False,549,TRB,TRBV16,None,TRBJ2-5,None,True,True,CASSLGGGQDTQYF,TGTGCAAGCAGCTTAGGGGGGGGCCAAGACACCCAGTACTTT,1160,1,None,None
CATCGAAGTCGAAAGC-1,False,CATCGAAGTCGAAAGC-1_contig_1,False,561,TRB,TRBV12-2+TRBV13-2,None,TRBJ1-2,TRBC1,True,True,CASGGGTGNSDYTF,TGTGCCAGCGGTGGGGGGACAGGGAACTCCGACTACACCTTC,2120,1,None,None
CATCGAAGTGGGTATG-1,False,CATCGAAGTGGGTATG-1_contig_1,False,567,TRB,TRBV12-2+TRBV13-2,None,TRBJ1-2,TRBC1,True,True,CASGGGTGNSDYTF,TGTGCCAGCGGTGGGGGGACAGGGAACTCCGACTACACCTTC,1198,1,None,None
CATCGAAGTGTTCTTT-1,False,CATCGAAGTGTTCTTT-1_contig_1,False,501,TRA,TRAV8-1,None,TRAJ30,TRAC,True,True,CATDTNAYKVIF,TGTGCTACTGACACAAATGCTTACAAAGTCATCTTT,2218,1,None,None
CATCGAATCACTTATC-1,False,CATCGAATCACTTATC-1_contig_1,False,332,TRB,None,None,TRBJ2-1,None,False,False,None,None,2756,1,None,None
CATCGAATCGTGACAT-1,False,CATCGAATCGTGACAT-1_contig_1,False,537,TRA,TRAV3-3,None,TRAJ23,TRAC,True,True,CAVSDNYNQGKLIF,TGCGCAGTCAGTGATAATTATAACCAGGGGAAGCTTATCTTT,1626,1,None,None
CATCGAATCTGAGTGT-1,False,CATCGAATCTGAGTGT-1_contig_1,False,549,TRA,TRAV8N-2,None,TRAJ13,TRAC,True,True,CATEDSGTYQRF,TGTGCTACTGAGGATTCTGGGACTTACCAGAGGTTT,1684,1,None,None
CATCGAATCTGTCTAT-1,False,CATCGAATCTGTCTAT-1_contig_1,False,509,TRB,TRBV13-1,None,TRBJ2-7,None,True,True,CASSGPLEQYF,TGTGCCAGCAGTGGGCCCCTGGAACAGTACTTC,1756,1,None,None
CATCGAATCTTCGAGA-1,False,CATCGAATCTTCGAGA-1_contig_1,False,449,TRB,None,None,TRBJ2-7,None,False,False,None,None,266,2,None,None
CATCGGGAGATAGTCA-1,False,CATCGGGAGATAGTCA-1_contig_1,False,522,TRA,TRAV16D-DV11,None,TRAJ44,TRAC,True,True,CAMRELTGSGGKLTL,TGTGCTATGAGAGAGCTTACTGGCAGTGGTGGAAAACTCACTTTG,450,1,None,None
CATCGGGAGATAGTCA-1,False,CATCGGGAGATAGTCA-1_contig_2,False,531,TRB,TRBV13-1,None,TRBJ2-7,None,True,False,CASSGPLEQYF,TGTGCCAGCAGTGGGCCCCTGGAACAGTACTTC,1110,1,None,None
CATCGGGAGCTTATCG-1,False,CATCGGGAGCTTATCG-1_contig_1,False,567,TRB,TRBV12-2+TRBV13-2,None,TRBJ1-5,TRBC1,True,True,CASGTGDNQAPLF,TGTGCCAGCGGGACCGGGGACAACCAGGCTCCGCTTTTT,2040,1,None,None
CATCGGGCACGTCAGC-1,False,CATCGGGCACGTCAGC-1_contig_1,False,555,TRA,TRAV3-3,None,TRAJ49,TRAC,True,True,CAVSGSTGYQNFYF,TGCGCAGTCAGTGGGAGCACGGGTTACCAGAACTTCTATTTT,1806,1,None,None
CATCGGGCAGCTGGCT-1,False,CATCGGGCAGCTGGCT-1_contig_1,False,562,TRB,TRBV12-2+TRBV13-2,None,TRBJ1-2,TRBC1,True,True,CASGGGTGNSDYTF,TGTGCCAGCGGTGGGGGGACAGGGAACTCCGACTACACCTTC,1722,1,None,None
CATCGGGCAGGATCGA-1,False,CATCGGGCAGGATCGA-1_contig_1,False,573,TRB,TRBV12-2+TRBV13-2,None,TRBJ2-2,None,True,True,CASGGTGGANTGQLYF,TGTGCCAGCGGTGGGACTGGGGGGGCTAACACCGGGCAGCTCTACTTT,1388,1,None,None
CATCGGGCATTCGACA-1,False,CATCGGGCATTCGACA-1_contig_1,False,427,TRB,TRBV16,None,None,None,False,False,CKQLWW,TGCAAGCAGCTTTGGTGG,40,1,None,None
CATCGGGGTAAACGCG-1,False,CATCGGGGTAAACGCG-1_contig_1,False,505,TRB,TRBV13-1,None,TRBJ2-3,None,True,True,CASGDSAETLYF,TGTGCCAGCGGGGACAGTGCAGAAACGCTGTATTTT,354,1,None,None
CATCGGGGTACCGTTA-1,False,CATCGGGGTACCGTTA-1_contig_1,False,305,TRB,None,None,TRBJ2-7,None,False,False,None,None,2252,1,None,None
CATCGGGGTGAGGCTA-1,False,CATCGGGGTGAGGCTA-1_contig_1,False,568,TRB,TRBV12-2+TRBV13-2,None,TRBJ1-2,TRBC1,True,True,CASGGGTGNSDYTF,TGTGCCAGCGGTGGGGGGACAGGGAACTCCGACTACACCTTC,368,1,None,None
CATCGGGTCCAAATGC-1,False,CATCGGGTCCAAATGC-1_contig_1,False,556,TRA,TRAV19,None,TRAJ39,TRAC,True,True,CAAGGNNAGAKLTF,TGCGCAGCAGGTGGGAATAATGCAGGTGCCAAGCTCACATTC,862,1,None,None
CATCGGGTCCACGAAT-1,False,CATCGGGTCCACGAAT-1_contig_1,False,638,TRB,TRBV12-2+TRBV13-2,None,TRBJ1-2,TRBC1,True,True,CASGGGTGNSDYTF,TGTGCCAGCGGTGGGGGGACAGGGAACTCCGACTACACCTTC,1286,1,None,None
CATCGGGTCCGCGGTA-1,False,CATCGGGTCCGCGGTA-1_contig_1,False,562,TRA,TRAV4D-3,None,TRAJ27,TRAC,True,True,CAADGPNTGKLTF,TGTGCTGCGGACGGACCCAATACAGGCAAATTAACCTTT,1518,1,None,None
CATGACAAGAAAGTGG-1,False,CATGACAAGAAAGTGG-1_contig_1,False,502,TRB,TRBV13-1,None,TRBJ2-7,None,True,True,CASSGPLEQYF,TGTGCCAGCAGTGGGCCCCTGGAACAGTACTTC,694,1,None,None
CATGACAAGAGACGAA-1,False,CATGACAAGAGACGAA-1_contig_1,False,608,TRB,TRBV13-1,None,TRBJ2-3,None,True,False,CASGDSAETLYF,TGTGCCAGCGGGGACAGTGCAGAAACGCTGTATTTT,1564,1,None,None
CATGACAAGCGTTGCC-1,False,CATGACAAGCGTTGCC-1_contig_1,False,512,TRA,TRAV4-2,None,TRAJ35,TRAC,True,True,CAVEPQTGFASALTF,TGTGCTGTTGAGCCCCAGACAGGCTTTGCAAGTGCGCTGACATTT,2374,1,None,None
CATGACAAGCGTTTAC-1,False,CATGACAAGCGTTTAC-1_contig_1,False,525,TRB,TRBV17,None,TRBJ2-5,None,True,True,CASSRKGVQDTQYF,TGTGCTAGCAGTAGAAAGGGGGTCCAAGACACCCAGTACTTT,586,1,None,None
CATGACAAGGAATTAC-1,False,CATGACAAGGAATTAC-1_contig_1,False,525,TRB,TRBV17,None,TRBJ2-5,None,True,True,CASSRKGVQDTQYF,TGTGCTAGCAGTAGAAAGGGGGTCCAAGACACCCAGTACTTT,2546,1,None,None
CATGACAAGGAGTACC-1,False,CATGACAAGGAGTACC-1_contig_1,False,556,TRA,TRAV19,None,TRAJ39,TRAC,True,True,CAAGGNNAGAKLTF,TGCGCAGCAGGTGGGAATAATGCAGGTGCCAAGCTCACATTC,2094,1,None,None
CATGACAAGGCTAGCA-1,False,CATGACAAGGCTAGCA-1_contig_1,False,593,TRA,TRAV19,None,TRAJ39,TRAC,True,True,CAAGGNNAGAKLTF,TGCGCAGCAGGTGGGAATAATGCAGGTGCCAAGCTCACATTC,3286,1,None,None
CATGACAAGTGTTTGC-1,False,CATGACAAGTGTTTGC-1_contig_1,False,538,TRA,TRAV3D-3,None,TRAJ28,TRAC,True,False,CTSAQSVRGTGSNRLTF,TGTACTTCTGCGCAGTCAGTGAGGGGCACTGGGAGTAACAGGCTCACTTTT,1298,1,None,None
CATGACACAACCGCCA-1,False,CATGACACAACCGCCA-1_contig_1,False,566,TRB,TRBV12-2+TRBV13-2,None,TRBJ1-2,TRBC1,True,True,CASGGGTGNSDYTV,TGTGCCAGCGGTGGGGGGACAGGGAACTCCGACTACACCGTC,328,2,None,None
CATGACACAAGCGTAG-1,False,CATGACACAAGCGTAG-1_contig_1,False,544,TRA,TRAV6-6,None,TRAJ24,TRAC,True,True,CAPLTTASLGKLQF,TGTGCTCCGTTGACAACTGCCAGTTTGGGGAAACTGCAGTTT,1330,1,None,None
CATGACACAAGCGTAG-1,False,CATGACACAAGCGTAG-1_contig_2,False,555,TRB,TRBV12-2+TRBV13-2,None,TRBJ2-7,None,True,True,CASGVQGEQYF,TGTGCCAGCGGTGTTCAGGGAGAACAGTACTTC,2030,2,None,None
CATGACACAAGCGTAG-1,False,CATGACACAAGCGTAG-1_contig_3,False,505,TRB,TRBV13-1,None,TRBJ2-4,None,True,True,CASSEGTNTLYF,TGTGCCAGCAGTGAAGGAACAAACACCTTGTACTTT,1970,2,None,None
CATGACACAAGCGTAG-1,False,CATGACACAAGCGTAG-1_contig_4,True,447,TRA,TRAV9D-2,None,TRAJ26,TRAC,True,False,CVLSRGNNYAQGLTF,TGTGTTCTGAGCAGGGGCAATAACTATGCCCAGGGATTAACCTTC,2546,1,None,None
CATGACACAGCCAGAA-1,False,CATGACACAGCCAGAA-1_contig_1,False,566,TRA,TRAV3-3,None,TRAJ49,TRAC,True,True,CAVSGSTGYQNFYF,TGCGCAGTCAGTGGGAGCACGGGTTACCAGAACTTCTATTTT,1902,1,None,None
CATGACACAGGTGGAT-1,False,CATGACACAGGTGGAT-1_contig_1,False,450,TRB,None,None,TRBJ1-6,TRBC1,False,False,None,None,1380,1,None,None
CATGACACAGTCCTTC-1,False,CATGACACAGTCCTTC-1_contig_1,False,507,TRA,TRAV21-DV12,None,TRAJ42,TRAC,True,True,CILRVHGGSNAKLTF,TGTATCCTGAGAGTCCATGGAGGAAGCAATGCAAAGCTAACCTTC,2244,1,None,None
CATGACACATCACGTA-1,False,CATGACACATCACGTA-1_contig_1,False,549,TRB,TRBV16,None,TRBJ2-5,None,True,True,CASSLGGGQDTQYF,TGTGCAAGCAGCTTAGGGGGGGGCCAAGACACCCAGTACTTT,2158,1,None,None
CATGACAGTACGCACC-1,False,CATGACAGTACGCACC-1_contig_1,False,525,TRA,TRAV7N-6,None,TRAJ30,TRAC,True,True,CAVVDTNAYKVIF,TGTGCAGTGGTTGACACAAATGCTTACAAAGTCATCTTT,1262,1,None,None
CATGACAGTAGCCTCG-1,False,CATGACAGTAGCCTCG-1_contig_1,False,549,TRB,TRBV16,None,TRBJ2-7,None,True,True,CASSFGGGADEQYF,TGTGCAAGCAGCTTTGGTGGGGGGGCGGATGAACAGTACTTC,3428,2,None,None
CATGACAGTAGGGTAC-1,False,CATGACAGTAGGGTAC-1_contig_1,False,512,TRB,TRBV13-1,None,TRBJ2-3,None,True,True,CASGDSAETLYF,TGTGCCAGCGGGGACAGTGCAGAAACGCTGTATTTT,1350,1,None,None
CATGACAGTCAGAGGT-1,False,CATGACAGTCAGAGGT-1_contig_1,False,587,TRB,TRBV12-2+TRBV13-2,None,TRBJ1-2,TRBC1,True,True,CASGGGTGNSDYTF,TGTGCCAGCGGTGGGGGGACAGGGAACTCCGACTACACCTTC,1648,1,None,None
CATGACAGTTTGGCGC-1,False,CATGACAGTTTGGCGC-1_contig_1,False,549,TRB,TRBV16,None,TRBJ2-5,None,True,True,CASSLGGGQDTQYF,TGTGCAAGCAGCTTAGGGGGGGGCCAAGACACCCAGTACTTT,810,1,None,None
CATGACAGTTTGTGTG-1,False,CATGACAGTTTGTGTG-1_contig_1,False,549,TRB,TRBV16,None,TRBJ2-5,None,True,True,CASSFGGGLDTQYF,TGTGCAAGCAGCTTTGGGGGGGGCCTGGACACCCAGTACTTT,944,1,None,None
CATGCCTAGGACACCA-1,False,CATGCCTAGGACACCA-1_contig_1,False,505,TRB,TRBV13-1,None,TRBJ2-4,None,True,True,CASSEGTNTLYF,TGTGCCAGCAGTGAAGGAACAAACACCTTGTACTTT,1878,1,None,None
CATGCCTAGTCGATAA-1,False,CATGCCTAGTCGATAA-1_contig_1,False,515,TRB,TRBV13-1,None,TRBJ1-4,TRBC1,True,True,CASGTGANERLFF,TGTGCCAGCGGGACAGGGGCCAACGAAAGATTATTTTTC,590,1,None,None
CATGCCTAGTGGAGTC-1,False,CATGCCTAGTGGAGTC-1_contig_1,False,549,TRA,TRAV8N-2,None,TRAJ13,TRAC,True,True,CATEDSGTYQRF,TGTGCTACTGAGGATTCTGGGACTTACCAGAGGTTT,1302,1,None,None
CATGCCTCATCAGTAC-1,False,CATGCCTCATCAGTAC-1_contig_1,False,558,TRA,TRAV19,None,TRAJ39,TRAC,True,True,CAAGGNNAGAKLTF,TGCGCAGCAGGTGGGAATAATGCAGGTGCCAAGCTCACATTC,1706,1,None,None
CATGCCTGTAATTGGA-1,False,CATGCCTGTAATTGGA-1_contig_1,False,519,TRA,TRAV19,None,TRAJ39,TRAC,True,True,CAAGGNNAGAKLTF,TGCGCAGCAGGTGGGAATAATGCAGGTGCCAAGCTCACATTC,1868,1,None,None
CATGCCTGTGTTAAGA-1,False,CATGCCTGTGTTAAGA-1_contig_1,False,568,TRB,TRBV12-2+TRBV13-2,None,TRBJ1-2,TRBC1,True,True,CASGGGTGNSDYTF,TGTGCCAGCGGTGGGGGGACAGGGAACTCCGACTACACCTTC,1550,1,None,None
CATGCCTGTTATCCGA-1,False,CATGCCTGTTATCCGA-1_contig_1,False,555,TRA,TRAV3-3,None,TRAJ49,TRAC,True,True,CAVSGSTGYQNFYF,TGCGCAGTCAGTGGGAGCACGGGTTACCAGAACTTCTATTTT,3606,2,None,None
CATGCCTGTTATCCGA-1,False,CATGCCTGTTATCCGA-1_contig_2,False,560,TRB,TRBV12-2+TRBV13-2,None,TRBJ2-7,None,True,True,CASGVQGWEQYF,TGTGCCAGCGGTGTACAGGGGTGGGAACAGTACTTC,458,1,None,None
CATGCCTGTTATTCTC-1,False,CATGCCTGTTATTCTC-1_contig_1,False,523,TRB,TRBV5,None,TRBJ1-5,TRBC1,True,True,CASSHPGQNNQAPLF,TGTGCCAGCAGCCACCCGGGACAGAACAACCAGGCTCCGCTTTTT,2122,1,None,None
CATGCCTTCGAACGGA-1,False,CATGCCTTCGAACGGA-1_contig_1,False,558,TRB,TRBV12-2+TRBV13-2,None,TRBJ2-7,None,True,True,CASGAGGDYEQYF,TGTGCCAGCGGTGCTGGGGGGGACTATGAACAGTACTTC,1434,1,None,None
CATGCCTTCTGCGTAA-1,False,CATGCCTTCTGCGTAA-1_contig_1,False,431,TRB,None,None,TRBJ2-1,None,False,False,None,None,2056,2,None,None
CATGGCGAGAAACCGC-1,False,CATGGCGAGAAACCGC-1_contig_1,False,558,TRA,TRAV19,None,TRAJ39,TRAC,True,True,CAAGGNNAGAKLTF,TGCGCAGCAGGTGGGAATAATGCAGGTGCCAAGCTCACATTC,1220,1,None,None
CATGGCGAGCAGCCTC-1,False,CATGGCGAGCAGCCTC-1_contig_1,False,570,TRB,TRBV12-2+TRBV13-2,None,TRBJ2-7,None,True,True,CASGVQGEQYF,TGTGCCAGCGGTGTTCAGGGAGAACAGTACTTC,1858,1,None,None
CATGGCGAGCAGCCTC-1,False,CATGGCGAGCAGCCTC-1_contig_2,False,568,TRB,TRBV12-2+TRBV13-2,None,TRBJ1-2,TRBC1,True,True,CASGGGTGNSDYTF,TGTGCCAGCGGTGGGGGGACAGGGAACTCCGACTACACCTTC,1444,1,None,None
CATGGCGAGCCGTCGT-1,False,CATGGCGAGCCGTCGT-1_contig_1,False,524,TRB,TRBV12-2+TRBV13-2,None,TRBJ2-7,None,True,True,CASGVQGEQYF,TGTGCCAGCGGTGTTCAGGGAGAACAGTACTTC,1586,1,None,None
CATGGCGAGCGATGAC-1,False,CATGGCGAGCGATGAC-1_contig_1,False,512,TRB,TRBV13-1,None,TRBJ2-4,None,True,True,CASSEGTNTLYF,TGTGCCAGCAGTGAAGGAACAAACACCTTGTACTTT,1748,1,None,None
CATGGCGAGCGTTCCG-1,False,CATGGCGAGCGTTCCG-1_contig_1,False,550,TRA,TRAV4-3,None,TRAJ27,TRAC,True,True,CAAANTNTGKLTF,TGTGCTGCTGCTAACACCAATACAGGCAAATTAACCTTT,230,1,None,None
CATGGCGCAAGTTAAG-1,False,CATGGCGCAAGTTAAG-1_contig_1,False,567,TRB,TRBV12-2+TRBV13-2,None,TRBJ1-2,TRBC1,True,True,CASGGGTGNSDYTF,TGTGCCAGCGGTGGGGGGACAGGGAACTCCGACTACACCTTC,1260,1,None,None
CATGGCGCACATTAGC-1,False,CATGGCGCACATTAGC-1_contig_1,False,507,TRB,TRBV5,None,TRBJ2-2,None,True,True,CASSTGQLYF,TGTGCCAGCAGCACCGGGCAGCTCTACTTT,2536,1,None,None
CATGGCGCACTACAGT-1,False,CATGGCGCACTACAGT-1_contig_1,False,507,TRA,TRAV13-2,None,TRAJ43,TRAC,True,True,CATLNNNNAPRF,TGTGCTACTCTCAATAACAACAATGCCCCACGATTT,1746,1,None,None
CATGGCGCACTGAAGG-1,False,CATGGCGCACTGAAGG-1_contig_1,False,558,TRA,TRAV19,None,TRAJ39,TRAC,True,True,CAAGGNNAGAKLTF,TGCGCAGCAGGTGGGAATAATGCAGGTGCCAAGCTCACATTC,460,1,None,None
CATGGCGCAGGTGCCT-1,False,CATGGCGCAGGTGCCT-1_contig_1,False,549,TRB,TRBV16,None,TRBJ2-5,None,True,True,CASSLGGGQDTQYF,TGTGCAAGCAGCTTAGGGGGGGGGCAAGACACCCAGTACTTT,1316,1,None,None
CATGGCGCAGGTGCCT-1,False,CATGGCGCAGGTGCCT-1_contig_2,False,512,TRB,TRBV13-1,None,TRBJ2-4,None,True,True,CASSEGTNTLYF,TGTGCCAGCAGTGAAGGAACAAACACCTTGTACTTT,1384,1,None,None
CATGGCGCAGGTGCCT-1,False,CATGGCGCAGGTGCCT-1_contig_3,True,436,TRA,TRAV16D-DV11,None,TRAJ22,TRAC,True,False,None,None,770,2,None,None
CATGGCGCATCGGGTC-1,False,CATGGCGCATCGGGTC-1_contig_1,False,566,TRB,TRBV12-2+TRBV13-2,None,TRBJ1-5,TRBC1,True,True,CASGTGDNQAPLF,TGTGCCAGCGGTACAGGGGATAACCAGGCTCCGCTTTTT,1540,1,None,None
CATGGCGGTAGAGGAA-1,False,CATGGCGGTAGAGGAA-1_contig_1,False,522,TRB,TRBV12-2+TRBV13-2,None,TRBJ2-5,None,True,True,CASGVQGDTQYF,TGTGCCAGCGGTGTTCAGGGGGACACCCAGTACTTT,890,2,None,None
CATGGCGGTATAGGGC-1,False,CATGGCGGTATAGGGC-1_contig_1,False,643,TRB,TRBV12-2,None,TRBJ1-2,TRBC1,True,False,CASGGGTGNSDYTF,TGTGCCAGCGGTGGGGGGACAGGGAACTCCGACTACACCTTC,1032,1,None,None
CATGGCGGTCACAAGG-1,False,CATGGCGGTCACAAGG-1_contig_1,False,560,TRB,TRBV12-2+TRBV13-2,None,TRBJ2-7,None,True,True,CASGVQGEQYF,TGTGCCAGCGGTGTTCAGGGAGAACAGTACTTC,1554,1,None,None
CATGGCGGTTAAAGTG-1,False,CATGGCGGTTAAAGTG-1_contig_1,False,433,TRB,TRBV13-2,None,TRBJ1-2,TRBC1,True,False,CASGGGTGNSDYTF,TGTGCCAGCGGTGGGGGGACAGGGAACTCCGACTACACCTTC,2148,1,None,None
CATGGCGGTTACGGAG-1,False,CATGGCGGTTACGGAG-1_contig_1,False,327,TRB,TRBV12-1,None,None,TRBC1,False,False,None,None,502,1,None,None
CATGGCGGTTTGTGTG-1,False,CATGGCGGTTTGTGTG-1_contig_1,False,422,TRB,None,None,TRBJ2-4,None,False,False,None,None,1078,1,None,None
CATGGCGTCATAAAGG-1,False,CATGGCGTCATAAAGG-1_contig_1,False,567,TRA,TRAV3D-3,None,TRAJ28,TRAC,True,False,CTSAQSVRGTGSNRLTF,TGTACTTCTGCGCAGTCAGTGAGGGGCACTGGGAGTAACAGGCTCACTTTT,822,1,None,None
CATTATCAGAGAGCTC-1,False,CATTATCAGAGAGCTC-1_contig_1,False,541,TRA,TRAV8D-1,None,TRAJ30,TRAC,True,True,CATDTNAYKVIF,TGTGCTACTGACACAAATGCTTACAAAGTCATCTTT,484,1,None,None
CATTATCAGCCGCCTA-1,False,CATTATCAGCCGCCTA-1_contig_1,False,570,TRB,TRBV12-2+TRBV13-2,None,TRBJ1-2,TRBC1,True,True,CASGGGTGNSDYTF,TGTGCCAGCGGTGGGGGGACAGGGAACTCCGACTACACCTTC,1094,1,None,None
CATTATCCAGATCCAT-1,False,CATTATCCAGATCCAT-1_contig_1,False,540,TRB,TRBV13-1,None,TRBJ2-3,None,True,False,CASGDSAETLYF,TGTGCCAGCGGGGACAGTGCAGAAACGCTGTATTTT,1758,1,None,None
CATTATCCAGCTGGCT-1,False,CATTATCCAGCTGGCT-1_contig_1,False,508,TRB,TRBV13-1,None,TRBJ1-4,TRBC1,True,True,CASGTGANERLFF,TGTGCCAGCGGGACAGGGGCCAACGAAAGATTATTTTTC,1212,1,None,None
CATTATCCAGGGCATA-1,False,CATTATCCAGGGCATA-1_contig_1,False,549,TRB,TRBV16,None,TRBJ2-5,None,True,True,CASSLGGGQDTQYF,TGTGCAAGCAGCTTAGGGGGGGGCCAAGACACCCAGTACTTT,1888,1,None,None
CATTATCGTACCATCA-1,False,CATTATCGTACCATCA-1_contig_1,False,514,TRB,TRBV13-1,None,TRBJ1-2,TRBC1,True,False,CASSDWEGNSDYTF,TGTGCCAGCAGTGATTGGGAGGGGAACTCCGACTACACCTTC,840,1,None,None
CATTATCGTAGCCTAT-1,False,CATTATCGTAGCCTAT-1_contig_1,False,568,TRB,TRBV12-2+TRBV13-2,None,TRBJ1-2,TRBC1,True,True,CASGGGTGNSDYTF,TGTGCCAGCGGTGGGGGGACAGGGAACTCCGACTACACCTTC,1222,2,None,None
CATTATCGTATTACCG-1,False,CATTATCGTATTACCG-1_contig_1,False,598,TRB,TRBV12-2+TRBV13-2,None,TRBJ2-7,None,True,True,CASGAGGEQYF,TGTGCCAGCGGTGCTGGGGGGGAACAGTACTTC,2692,2,None,None
CATTATCGTCCCTTGT-1,False,CATTATCGTCCCTTGT-1_contig_1,False,592,TRB,TRBV12-2+TRBV13-2,None,TRBJ1-2,TRBC1,True,True,CASGGGTGNSDYTF,TGTGCCAGCGGTGGGGGGACAGGGAACTCCGACTACACCTTC,1200,1,None,None
CATTATCGTTCCGTCT-1,False,CATTATCGTTCCGTCT-1_contig_1,False,516,TRA,TRAV6-6,None,TRAJ24,TRAC,True,True,CAPLTTASLGKLQF,TGTGCTCCGTTGACAACTGCCAGTTTGGGGAAACTGCAGTTT,2226,3,None,None
CATTATCGTTCCGTCT-1,False,CATTATCGTTCCGTCT-1_contig_2,False,505,TRB,TRBV13-1,None,TRBJ2-4,None,True,True,CASSEGTNTLYF,TGTGCCAGCAGTGAAGGAACAAACACCTTGTACTTT,33376,27,None,None
CATTATCGTTCCGTCT-1,False,CATTATCGTTCCGTCT-1_contig_3,False,512,TRB,TRBV13-1,None,TRBJ2-7,None,True,True,CASSGGHLEQYF,TGTGCCAGCAGTGGGGGACACCTTGAACAGTACTTC,16776,12,None,None
CATTATCGTTCCGTCT-1,False,CATTATCGTTCCGTCT-1_contig_4,False,501,TRA,TRAV7N-6,None,TRAJ34,TRAC,True,True,CAISSNTNKVVF,TGTGCAATTTCTTCCAATACCAACAAAGTCGTCTTT,3774,2,None,None
CATTATCGTTCCGTCT-1,False,CATTATCGTTCCGTCT-1_contig_5,True,401,TRA,TRAV9D-2,None,TRAJ26,TRAC,True,False,CVLSRGNNYAQGLTF,TGTGTTCTGAGCAGGGGCAATAACTATGCCCAGGGATTAACCTTC,2084,2,None,None
CATTATCGTTGCCTCT-1,False,CATTATCGTTGCCTCT-1_contig_1,False,570,TRB,TRBV12-2+TRBV13-2,None,TRBJ1-2,TRBC1,True,True,CASGGGTGNSDYTF,TGTGCCAGCGGTGGGGGGACAGGGAACTCCGACTACACCTTC,980,2,None,None
CATTATCGTTTGTTTC-1,False,CATTATCGTTTGTTTC-1_contig_1,False,592,TRB,TRBV12-2+TRBV13-2,None,TRBJ2-7,None,True,True,CASGTGDEQYF,TGTGCCAGCGGGACAGGGGATGAACAGTACTTC,1532,1,None,None
CATTATCTCATCTGCC-1,False,CATTATCTCATCTGCC-1_contig_1,False,525,TRA,TRAV14N-3,None,TRAJ6,TRAC,True,True,CAARTSGGNYKPTF,TGTGCAGCAAGAACCTCAGGAGGAAACTACAAACCTACGTTT,2056,1,None,None
CATTATCTCCTGCTTG-1,False,CATTATCTCCTGCTTG-1_contig_1,False,512,TRB,TRBV13-1,None,TRBJ1-4,TRBC1,True,True,CASGTGANERLFF,TGTGCCAGCGGGACAGGGGCCAACGAAAGATTATTTTTC,1148,1,None,None
CATTATCTCTCAAGTG-1,False,CATTATCTCTCAAGTG-1_contig_1,False,516,TRB,TRBV12-2+TRBV13-2,None,TRBJ1-2,None,True,True,CASGGGTGNSDYTF,TGTGCCAGCGGTGGGGGGACAGGGAACTCCGACTACACCTTC,226,1,None,None
CATTATCTCTGACCTC-1,False,CATTATCTCTGACCTC-1_contig_1,False,587,TRA,TRAV3-4,None,TRAJ49,TRAC,True,True,CAVRGGYQNFYF,TGCGCAGTCAGGGGGGGTTACCAGAACTTCTATTTT,4820,4,None,None
CATTATCTCTGACCTC-1,False,CATTATCTCTGACCTC-1_contig_2,False,557,TRB,TRBV12-2+TRBV13-2,None,TRBJ1-5,TRBC1,True,True,CASGTGDNQAPLF,TGTGCCAGCGGGACAGGGGACAACCAGGCTCCGCTTTTT,1590,1,None,None
CATTATCTCTGACCTC-1,False,CATTATCTCTGACCTC-1_contig_3,True,430,TRB,None,None,TRBJ2-1,None,False,False,None,None,5058,3,None,None
CATTCGCAGAGATGAG-1,False,CATTCGCAGAGATGAG-1_contig_1,False,564,TRB,TRBV12-1,None,TRBJ2-2,None,True,True,CASSDPGQLYF,TGTGCCAGCAGTGACCCCGGGCAGCTCTACTTT,1646,1,None,None
CATTCGCAGATTACCC-1,False,CATTCGCAGATTACCC-1_contig_1,False,537,TRA,TRAV3-3,None,TRAJ49,TRAC,True,True,CAVSGATGYQNFYF,TGCGCAGTCAGTGGGGCCACGGGTTACCAGAACTTCTATTTT,1476,1,None,None
CATTCGCAGTACCGGA-1,False,CATTCGCAGTACCGGA-1_contig_1,False,357,TRB,None,None,TRBJ2-1,None,False,False,None,None,3334,1,None,None
CATTCGCCAACTGGCC-1,False,CATTCGCCAACTGGCC-1_contig_1,False,505,TRB,TRBV13-1,None,TRBJ2-3,None,True,True,CASGDSAETLYF,TGTGCCAGCGGGGACAGTGCAGAAACGCTGTATTTT,2078,1,None,None
CATTCGCCAATCCGAT-1,False,CATTCGCCAATCCGAT-1_contig_1,False,505,TRB,TRBV13-1,None,TRBJ2-3,None,True,True,CASGDSAETLYF,TGTGCCAGCGGGGACAGTGCAGAAACGCTGTATTTT,1022,1,None,None
CATTCGCCAGTCAGCC-1,False,CATTCGCCAGTCAGCC-1_contig_1,False,549,TRA,TRAV8N-2,None,TRAJ13,TRAC,True,True,CATEDSGTYQRF,TGTGCTACTGAGGATTCTGGGACTTACCAGAGGTTT,1640,1,None,None
CATTCGCCATGTCCTC-1,False,CATTCGCCATGTCCTC-1_contig_1,False,515,TRA,TRAV3D-3,None,TRAJ28,TRAC,True,False,CTSAQSVRGTGSNRLTF,TGTACTTCTGCGCAGTCAGTGAGGGGCACTGGGAGTAACAGGCTCACTTTT,1188,1,None,None
CATTCGCGTAGCGATG-1,False,CATTCGCGTAGCGATG-1_contig_1,False,546,TRB,TRBV12-2+TRBV13-2,None,TRBJ2-1,None,True,True,CASGDPFQFF,TGTGCCAGCGGTGATCCTTTCCAGTTCTTC,406,1,None,None
CATTCGCGTAGTGAAT-1,False,CATTCGCGTAGTGAAT-1_contig_1,False,567,TRB,TRBV12-2+TRBV13-2,None,TRBJ1-5,TRBC1,True,True,CASGTGDNQAPLF,TGTGCCAGCGGTACAGGAGACAACCAGGCTCCGCTTTTT,832,1,None,None
CATTCGCGTCCGAAGA-1,False,CATTCGCGTCCGAAGA-1_contig_1,False,368,TRB,None,None,TRBJ1-1,TRBC1,False,False,None,None,1848,1,None,None
CATTCGCGTCGCATAT-1,False,CATTCGCGTCGCATAT-1_contig_1,False,518,TRA,TRAV8-1,None,TRAJ12,TRAC,True,True,CATDGGGYKVVF,TGTGCTACTGATGGTGGAGGCTATAAAGTGGTCTTT,1114,1,None,None
CATTCGCGTCGCGAAA-1,False,CATTCGCGTCGCGAAA-1_contig_1,False,374,TRB,None,None,TRBJ1-6,TRBC1,False,False,None,None,1072,1,None,None
CATTCGCGTCGCTTCT-1,False,CATTCGCGTCGCTTCT-1_contig_1,False,508,TRB,TRBV26,None,TRBJ2-1,None,True,True,CASSLHKFYAEQFF,TGTGCCAGCAGTCTGCACAAATTCTATGCTGAGCAGTTCTTC,774,1,None,None
CATTCGCGTGCACCAC-1,False,CATTCGCGTGCACCAC-1_contig_1,False,567,TRB,TRBV12-2+TRBV13-2,None,TRBJ1-2,TRBC1,True,True,CASGGGTGNSDYTF,TGTGCCAGCGGTGGGGGGACAGGGAACTCCGACTACACCTTC,1072,1,None,None
CATTCGCGTTCGCGAC-1,False,CATTCGCGTTCGCGAC-1_contig_1,False,549,TRB,TRBV16,None,TRBJ2-7,None,True,True,CASSFGGGADEQYF,TGTGCAAGCAGCTTTGGTGGGGGGGCGGATGAACAGTACTTC,662,1,None,None
CATTCGCGTTTGACTG-1,False,CATTCGCGTTTGACTG-1_contig_1,False,561,TRB,TRBV12-2+TRBV13-2,None,TRBJ2-7,None,True,True,CASGVQGWEQYF,TGTGCCAGCGGTGTACAGGGGTGGGAACAGTACTTC,974,1,None,None
CATTCGCTCAATCTCT-1,False,CATTCGCTCAATCTCT-1_contig_1,False,549,TRB,TRBV16,None,TRBJ2-5,None,True,True,CASSWGGGQDTQYF,TGTGCAAGCAGCTGGGGGGGCGGGCAAGACACCCAGTACTTT,710,1,None,None
CATTCGCTCGGCGCAT-1,False,CATTCGCTCGGCGCAT-1_contig_1,False,505,TRB,TRBV13-1,None,TRBJ2-4,None,True,True,CASSEGTNTLYF,TGTGCCAGCAGTGAAGGAACAAACACCTTGTACTTT,550,1,None,None
CCAATCCAGGCCCTTG-1,False,CCAATCCAGGCCCTTG-1_contig_1,False,525,TRB,TRBV17,None,TRBJ2-5,None,True,True,CASSRKGVQDTQYF,TGTGCTAGCAGTAGAAAGGGGGTCCAAGACACCCAGTACTTT,1202,1,None,None
CCAATCCAGGCTATCT-1,False,CCAATCCAGGCTATCT-1_contig_1,False,505,TRB,TRBV13-1,None,TRBJ2-4,None,True,True,CASSEGTNTLYF,TGTGCCAGCAGTGAAGGAACAAACACCTTGTACTTT,2136,1,None,None
CCAATCCAGGCTATCT-1,False,CCAATCCAGGCTATCT-1_contig_2,False,613,TRA,TRAV5-4,None,TRAJ37,TRAC,True,False,None,None,832,1,None,None
CCAATCCAGGGAAACA-1,False,CCAATCCAGGGAAACA-1_contig_1,True,541,TRA,TRAV8D-1,None,TRAJ30,TRAC,True,True,CATDTNAYKVIF,TGTGCTACTGACACAAATGCTTACAAAGTCATCTTT,1604,1,None,None
CCAATCCAGGGAAACA-1,False,CCAATCCAGGGAAACA-1_contig_2,True,545,TRA,TRAV6N-7,None,TRAJ48,TRAC,True,False,CTTVLWVINYGNEKITF,TGTACTACTGTGCTCTGGGTGATCAACTATGGAAATGAGAAAATAACTTTT,3250,3,None,None
CCAATCCAGGGAAACA-1,False,CCAATCCAGGGAAACA-1_contig_3,True,431,TRB,None,None,TRBJ2-1,None,False,False,None,None,5992,4,None,None
CCAATCCAGGGTCTCC-1,False,CCAATCCAGGGTCTCC-1_contig_1,False,518,TRB,TRBV26,None,TRBJ2-1,None,True,True,CASSLHKFYAEQFF,TGTGCCAGCAGTCTGCACAAATTCTATGCTGAGCAGTTCTTC,1608,1,None,None
CCAATCCAGTACACCT-1,False,CCAATCCAGTACACCT-1_contig_1,False,537,TRA,TRAV3-3,None,TRAJ49,TRAC,True,True,CAVSGSTGYQNFYF,TGCGCAGTCAGTGGGAGCACGGGTTACCAGAACTTCTATTTT,1618,1,None,None
CCAATCCAGTACACCT-1,False,CCAATCCAGTACACCT-1_contig_2,False,572,TRB,TRBV12-2+TRBV13-2,None,TRBJ2-7,None,True,True,CASGVQGWEQYF,TGTGCCAGCGGTGTACAGGGGTGGGAACAGTACTTC,540,2,None,None
CCAATCCCAAAGAATC-1,False,CCAATCCCAAAGAATC-1_contig_1,False,601,TRB,TRBV12-2+TRBV13-2,None,TRBJ1-5,TRBC1,True,True,CASGTGDNQAPLF,TGTGCCAGCGGTACAGGGGACAACCAGGCTCCGCTTTTT,850,1,None,None
CCAATCCCAAGACACG-1,False,CCAATCCCAAGACACG-1_contig_1,False,458,TRB,TRBV13-1,None,TRBJ2-4,None,True,False,CASSEGTNTLYF,TGTGCCAGCAGTGAAGGAACAAACACCTTGTACTTT,1360,2,None,None
CCAATCCCAAGGTTTC-1,False,CCAATCCCAAGGTTTC-1_contig_1,False,594,TRA,TRAV12D-2,None,TRAJ24,TRAC,True,True,CAFPASLGKLQF,TGTGCTTTTCCTGCCAGTTTGGGGAAACTGCAGTTT,1782,1,None,None
CCAATCCCAGGGATTG-1,False,CCAATCCCAGGGATTG-1_contig_1,False,555,TRA,TRAV12-2,None,TRAJ37,TRAC,True,True,CALSPQTGNTGKLIF,TGTGCTTTGAGCCCCCAAACAGGCAATACCGGAAAACTCATCTTT,166,3,None,None
CCAATCCCAGTCAGAG-1,False,CCAATCCCAGTCAGAG-1_contig_1,False,525,TRA,TRAV7N-6,None,TRAJ30,TRAC,True,True,CAVVDTNAYKVIF,TGTGCAGTGGTTGACACAAATGCTTACAAAGTCATCTTT,1778,1,None,None
CCAATCCCATGGTAGG-1,False,CCAATCCCATGGTAGG-1_contig_1,False,566,TRA,TRAV4D-3,None,TRAJ27,TRAC,True,True,CAADGPNTGKLTF,TGTGCTGCTGACGGGCCCAATACAGGCAAATTAACCTTT,2274,1,None,None
CCAATCCCATGGTAGG-1,False,CCAATCCCATGGTAGG-1_contig_2,True,447,TRB,TRBV16,None,TRBJ2-5,None,False,False,CASSLGGGQDTQYF,TGTGCAAGCAGCTTAGGGGGGGGGCAAGACACCCAGTACTTT,844,2,None,None
CCAATCCCATTAGGCT-1,False,CCAATCCCATTAGGCT-1_contig_1,False,603,TRB,TRBV12-2+TRBV13-2,None,TRBJ2-1,None,True,True,CASGAGDYAEQFF,TGTGCCAGCGGTGCTGGGGACTATGCTGAGCAGTTCTTC,390,1,None,None
CCAATCCGTATAATGG-1,False,CCAATCCGTATAATGG-1_contig_1,False,569,TRA,TRAV4D-3,None,TRAJ27,TRAC,True,True,CAADGPNTGKLTF,TGTGCTGCGGACGGACCCAATACAGGCAAATTAACCTTT,2080,1,None,None
CCAATCCGTCTCCCTA-1,False,CCAATCCGTCTCCCTA-1_contig_1,False,332,TRB,TRBV13-2,None,TRBJ2-7,None,True,False,CASGTGGDYEQYF,TGTGCCAGCGGGACTGGGGGGGACTATGAACAGTACTTC,1394,1,None,None
CCAATCCGTCTTCGTC-1,False,CCAATCCGTCTTCGTC-1_contig_1,False,568,TRB,TRBV12-2+TRBV13-2,None,TRBJ1-2,TRBC1,True,True,CASGGGTGNSDYTF,TGTGCCAGCGGTGGGGGGACAGGGAACTCCGACTACACCTTC,956,1,None,None
CCAATCCGTCTTGCGG-1,False,CCAATCCGTCTTGCGG-1_contig_1,False,502,TRB,TRBV13-1,None,TRBJ2-7,None,True,True,CASSGPLEQYF,TGTGCCAGCAGTGGGCCCCTGGAACAGTACTTC,1554,1,None,None
CCAATCCGTTAAGACA-1,False,CCAATCCGTTAAGACA-1_contig_1,False,550,TRB,TRBV17,None,TRBJ2-5,None,True,False,CASSRKGVQDTQYF,TGTGCTAGCAGTAGAAAGGGGGTCCAAGACACCCAGTACTTT,2276,1,None,None
CCAATCCGTTCAGCGC-1,False,CCAATCCGTTCAGCGC-1_contig_1,False,600,TRB,TRBV12-2+TRBV13-2,None,TRBJ1-5,TRBC1,True,True,CASGTGDNQAPLF,TGTGCCAGCGGTACAGGAGACAACCAGGCTCCGCTTTTT,668,2,None,None
CCAATCCTCATAAAGG-1,False,CCAATCCTCATAAAGG-1_contig_1,False,567,TRB,TRBV12-2+TRBV13-2,None,TRBJ2-3,None,True,True,CASGDAPPGEGTLYF,TGTGCCAGCGGTGATGCACCTCCAGGGGAGGGAACGCTGTATTTT,782,1,None,None
CCAATCCTCCACGTGG-1,False,CCAATCCTCCACGTGG-1_contig_1,False,545,TRB,TRBV12-2+TRBV13-2,None,TRBJ1-5,TRBC1,True,True,CASGTGDNQAPLF,TGTGCCAGCGGTACAGGAGACAACCAGGCTCCGCTTTTT,1526,1,None,None
CCACCTAAGCTAGTGG-1,False,CCACCTAAGCTAGTGG-1_contig_1,False,589,TRB,TRBV12-2+TRBV13-2,None,TRBJ2-5,None,True,True,CASGAGMEDTQYF,TGTGCCAGCGGTGCAGGGATGGAAGACACCCAGTACTTT,1928,1,None,None
CCACCTAAGCTAGTGG-1,False,CCACCTAAGCTAGTGG-1_contig_2,False,578,TRB,TRBV13-1,None,TRBJ1-4,TRBC1,True,True,CASGTGANERLFF,TGTGCCAGCGGGACAGGGGCCAACGAAAGATTATTTTTC,1412,1,None,None
CCACCTAAGGCATGGT-1,False,CCACCTAAGGCATGGT-1_contig_1,False,555,TRB,TRBV12-2+TRBV13-2,None,TRBJ2-1,None,True,True,CASGDPFQFF,TGTGCCAGCGGTGATCCTTTCCAGTTCTTC,1070,1,None,None
CCACCTAAGGTTCCTA-1,False,CCACCTAAGGTTCCTA-1_contig_1,False,556,TRA,TRAV19,None,TRAJ39,TRAC,True,True,CAAGGNNAGAKLTF,TGCGCAGCAGGTGGGAATAATGCAGGTGCCAAGCTCACATTC,1670,1,None,None
CCACCTACAACTGCGC-1,False,CCACCTACAACTGCGC-1_contig_1,False,580,TRB,TRBV12-2+TRBV13-2,None,TRBJ2-7,None,True,True,CASGVQGEQYF,TGTGCCAGCGGTGTTCAGGGAGAACAGTACTTC,1580,1,None,None
CCACCTACACCGAATT-1,False,CCACCTACACCGAATT-1_contig_1,False,457,TRB,TRBV3,None,TRBJ2-7,None,True,False,CTSVPAAPRLGVSYEQYF,TGTACTTCTGTGCCAGCAGCCCCCCGACTGGGGGTCTCCTATGAACAGTACTTC,3242,1,None,None
CCACCTACAGCTGCAC-1,False,CCACCTACAGCTGCAC-1_contig_1,False,509,TRA,TRAV9D-2,None,TRAJ25,TRAC,True,False,CVLSRGNNYAQGLTF,TGTGTTCTGAGCAGGGGCAATAACTATGCCCAGGGATTAACCTTC,900,1,None,None
CCACCTACAGGTCCAC-1,False,CCACCTACAGGTCCAC-1_contig_1,False,543,TRA,TRAV19,None,TRAJ39,TRAC,True,True,CAAGGNNAGAKLTF,TGCGCAGCAGGTGGGAATAATGCAGGTGCCAAGCTCACATTC,268,3,None,None
CCACCTACAGGTCCAC-1,False,CCACCTACAGGTCCAC-1_contig_2,False,572,TRB,TRBV12-2+TRBV13-2,None,TRBJ1-2,TRBC1,True,True,CASGGGTGNSDYTF,TGTGCCAGCGGTGGGGGGACAGGGAACTCCGACTACACCTTC,1566,1,None,None
CCACCTACAGGTCCAC-1,False,CCACCTACAGGTCCAC-1_contig_3,True,619,TRB,None,None,TRBJ2-7,None,False,False,None,None,3312,2,None,None
CCACCTAGTATCAGTC-1,False,CCACCTAGTATCAGTC-1_contig_1,False,558,TRB,TRBV12-2+TRBV13-2,None,TRBJ1-2,TRBC1,True,True,CASGGGTGNSDYTF,TGTGCCAGCGGTGGGGGGACAGGGAACTCCGACTACACCTTC,564,1,None,None
CCACCTAGTATCTGCA-1,False,CCACCTAGTATCTGCA-1_contig_1,False,542,TRA,TRAV8-1,None,TRAJ34,TRAC,True,True,CATDVSNTNKVVF,TGTGCTACTGATGTTTCCAATACCAACAAAGTCGTCTTT,454,1,None,None
CCACCTAGTCACTTCC-1,False,CCACCTAGTCACTTCC-1_contig_1,False,563,TRB,TRBV12-2+TRBV13-2,None,TRBJ2-7,None,True,True,CASGVQGWEQYF,TGTGCCAGCGGTGTACAGGGGTGGGAACAGTACTTC,746,1,None,None
CCACCTAGTCGACTAT-1,False,CCACCTAGTCGACTAT-1_contig_1,False,505,TRB,TRBV13-1,None,TRBJ2-3,None,True,True,CASGDSAETLYF,TGTGCCAGCGGGGACAGTGCAGAAACGCTGTATTTT,1078,1,None,None
CCACCTAGTCGCCATG-1,False,CCACCTAGTCGCCATG-1_contig_1,False,505,TRB,TRBV13-1,None,TRBJ2-4,None,True,True,CASSEGTNTLYF,TGTGCCAGCAGTGAAGGAACAAACACCTTGTACTTT,2316,1,None,None
CCACCTAGTCGGCACT-1,False,CCACCTAGTCGGCACT-1_contig_1,False,512,TRB,TRBV26,None,TRBJ1-1,TRBC1,True,True,CASSRGNTEVFF,TGTGCCAGCAGCCGCGGAAACACAGAAGTCTTCTTT,1544,1,None,None
CCACCTAGTGCATCTA-1,False,CCACCTAGTGCATCTA-1_contig_1,False,525,TRA,TRAV7N-6,None,TRAJ30,TRAC,True,True,CAVVDTNAYKVIF,TGTGCAGTGGTTGACACAAATGCTTACAAAGTCATCTTT,2222,1,None,None
CCACCTAGTTCGGGCT-1,False,CCACCTAGTTCGGGCT-1_contig_1,False,482,TRB,TRBV13-1,None,TRBJ2-3,None,True,False,CASGDSAETLYF,TGTGCCAGCGGGGACAGTGCAGAAACGCTGTATTTT,2310,1,None,None
CCACCTATCCGCTGTT-1,False,CCACCTATCCGCTGTT-1_contig_1,True,558,TRA,TRAV19,None,TRAJ39,TRAC,True,True,CAAGGNNAGAKLTF,TGCGCAGCAGGTGGGAATAATGCAGGTGCCAAGCTCACATTC,2722,2,None,None
CCACCTATCCGCTGTT-1,False,CCACCTATCCGCTGTT-1_contig_2,True,629,TRB,None,None,TRBJ2-7,None,False,False,None,None,1146,1,None,None
CCACCTATCCGCTGTT-1,False,CCACCTATCCGCTGTT-1_contig_3,True,354,TRB,TRBV13-2,None,TRBJ1-2,TRBC1,True,False,CASGGGTGNSDYTF,TGTGCCAGCGGTGGGGGGACAGGGAACTCCGACTACACCTTC,1902,2,None,None
CCACCTATCTCCAGGG-1,False,CCACCTATCTCCAGGG-1_contig_1,False,518,TRB,TRBV13-1,None,TRBJ1-2,TRBC1,True,True,CASSDWEGNSDYTF,TGTGCCAGCAGTGATTGGGAGGGGAACTCCGACTACACCTTC,1154,1,None,None
CCACCTATCTGTCTCG-1,False,CCACCTATCTGTCTCG-1_contig_1,False,389,TRB,None,None,TRBJ1-6,TRBC1,False,False,None,None,1668,1,None,None
CCACGGAAGATGCGAC-1,False,CCACGGAAGATGCGAC-1_contig_1,False,586,TRB,TRBV12-2+TRBV13-2,None,TRBJ2-3,None,True,True,CASGDAPPGEGTLYF,TGTGCCAGCGGTGATGCACCTCCAGGGGAGGGAACGCTGTATTTT,1206,1,None,None
CCACGGAAGTACCGGA-1,False,CCACGGAAGTACCGGA-1_contig_1,False,560,TRA,TRAV10,None,TRAJ39,TRAC,True,False,None,None,1082,1,None,None
CCACGGAAGTGACATA-1,False,CCACGGAAGTGACATA-1_contig_1,False,327,TRB,TRBV13-2,None,TRBJ2-1,None,True,False,CASEAAYAEQFF,TGTGCCAGCGAAGCAGCCTATGCTGAGCAGTTCTTC,1358,1,None,None
CCACGGAAGTGACATA-1,False,CCACGGAAGTGACATA-1_contig_2,False,541,Multi,TRDV1,None,TRAJ50,TRAC,True,False,None,None,2208,1,None,None
CCACGGAAGTGCAAGC-1,False,CCACGGAAGTGCAAGC-1_contig_1,False,555,TRB,TRBV12-2+TRBV13-2,None,TRBJ2-7,None,True,True,CASGVQGEQYF,TGTGCCAGCGGTGTTCAGGGAGAACAGTACTTC,666,1,None,None
CCACGGACAAAGGTGC-1,False,CCACGGACAAAGGTGC-1_contig_1,False,553,TRB,TRBV12-2+TRBV13-2,None,TRBJ2-1,None,True,True,CASGGYAEQFF,TGTGCCAGCGGGGGCTATGCTGAGCAGTTCTTC,76,1,None,None
CCACGGACAACTTGAC-1,False,CCACGGACAACTTGAC-1_contig_1,False,553,TRB,TRBV12-2+TRBV13-2,None,TRBJ2-7,None,True,True,CASGVQGWEQYF,TGTGCCAGCGGTGTACAGGGGTGGGAACAGTACTTC,1760,1,None,None
CCACGGACAACTTGAC-1,False,CCACGGACAACTTGAC-1_contig_2,False,301,TRB,None,None,TRBJ2-5,None,False,False,None,None,2192,1,None,None
CCACGGACACGAAAGC-1,False,CCACGGACACGAAAGC-1_contig_1,False,574,TRA,TRAV3D-3,None,TRAJ26,TRAC,True,True,CAVSANNYAQGLTF,TGCGCAGTCAGTGCAAATAACTATGCCCAGGGATTAACCTTC,2286,1,None,None
CCACGGACACGAAAGC-1,False,CCACGGACACGAAAGC-1_contig_2,False,666,TRB,TRBV12-2+TRBV13-2,None,TRBJ1-2,TRBC1,True,True,CASGGGTGNSDYTF,TGTGCCAGCGGTGGGGGGACAGGGAACTCCGACTACACCTTC,1564,1,None,None
CCACGGACACGAAAGC-1,False,CCACGGACACGAAAGC-1_contig_3,True,462,TRB,None,None,TRBJ2-7,None,False,False,None,None,546,1,None,None
CCACGGACACGGATAG-1,False,CCACGGACACGGATAG-1_contig_1,False,558,TRB,TRBV12-2+TRBV13-2,None,TRBJ2-1,None,True,True,CASGGYAEQFF,TGTGCCAGCGGGGGCTATGCTGAGCAGTTCTTC,1054,1,None,None
CCACGGACAGTTAACC-1,False,CCACGGACAGTTAACC-1_contig_1,False,549,TRB,TRBV16,None,TRBJ2-5,None,True,True,CASSLGGGQDTQYF,TGTGCAAGCAGCTTAGGGGGGGGCCAAGACACCCAGTACTTT,1362,1,None,None
CCACGGAGTCGAGATG-1,False,CCACGGAGTCGAGATG-1_contig_1,False,522,TRB,TRBV31,None,TRBJ2-3,None,True,True,CAWSLLLGGSAETLYF,TGTGCCTGGAGTCTACTCCTGGGGGGAAGTGCAGAAACGCTGTATTTT,1742,1,None,None
CCACGGAGTGACAAAT-1,False,CCACGGAGTGACAAAT-1_contig_1,False,557,TRB,TRBV12-2+TRBV13-2,None,TRBJ1-5,TRBC1,True,True,CASGTGDNQAPLF,TGTGCCAGCGGGACAGGGGACAACCAGGCTCCGCTTTTT,1416,1,None,None
CCACGGAGTTACGTCA-1,False,CCACGGAGTTACGTCA-1_contig_1,False,502,TRB,TRBV13-1,None,TRBJ2-2,None,True,True,CASSDPGQLYF,TGTGCCAGCAGTGACCCCGGGCAGCTCTACTTT,758,1,None,None
CCACGGAGTTGAACTC-1,False,CCACGGAGTTGAACTC-1_contig_1,False,558,TRA,TRAV19,None,TRAJ39,TRAC,True,True,CAAGGNNAGAKLTF,TGCGCAGCAGGTGGGAATAATGCAGGTGCCAAGCTCACATTC,2036,1,None,None
CCACGGATCAGTCAGT-1,False,CCACGGATCAGTCAGT-1_contig_1,False,549,TRB,TRBV16,None,TRBJ2-7,None,True,True,CASSFGGGADEQYF,TGTGCAAGCAGCTTTGGTGGGGGGGCGGATGAACAGTACTTC,1558,1,None,None
CCACGGATCCTGCCAT-1,False,CCACGGATCCTGCCAT-1_contig_1,False,549,TRB,TRBV16,None,TRBJ2-5,None,True,True,CASSLGGGLDTQYF,TGTGCAAGCAGCTTAGGGGGGGGCCTAGACACCCAGTACTTT,284,2,None,None
CCACGGATCGAGAACG-1,False,CCACGGATCGAGAACG-1_contig_1,False,505,TRB,TRBV13-2,None,TRBJ1-2,TRBC1,True,True,CASGGGTGNSDYTF,TGTGCCAGCGGTGGGGGGACAGGGAACTCCGACTACACCTTC,1338,1,None,None
CCACGGATCGTCACGG-1,False,CCACGGATCGTCACGG-1_contig_1,False,508,TRB,TRBV13-1,None,TRBJ1-4,TRBC1,True,True,CASGTGANERLFF,TGTGCCAGCGGGACAGGGGCCAACGAAAGATTATTTTTC,562,1,None,None
CCACTACAGAATGTTG-1,False,CCACTACAGAATGTTG-1_contig_1,False,471,TRB,TRBV16,None,TRBJ2-5,None,False,False,CASSWGGGQDTQYF,TGTGCAAGCAGCTGGGGGGGCGGGCAAGACACCCAGTACTTT,458,1,None,None
CCACTACAGCAAATCA-1,False,CCACTACAGCAAATCA-1_contig_1,False,560,TRB,TRBV12-2+TRBV13-2,None,TRBJ1-5,TRBC1,True,True,CASGTGDNQAPLF,TGTGCCAGCGGGACAGGCGACAACCAGGCTCCGCTTTTT,826,1,None,None
CCACTACAGCTCCTTC-1,False,CCACTACAGCTCCTTC-1_contig_1,False,354,TRB,TRBV13-2,None,TRBJ2-1,None,True,False,CATEAAYAEQFF,TGTGCCACTGAGGCAGCCTATGCTGAGCAGTTCTTC,2712,1,None,None
CCACTACAGTACACCT-1,False,CCACTACAGTACACCT-1_contig_1,False,549,TRB,TRBV16,None,TRBJ2-5,None,True,True,CASSLGGGQDTQYF,TGTGCAAGCAGCTTAGGGGGGGGCCAAGACACCCAGTACTTT,1602,1,None,None
CCACTACAGTACACCT-1,False,CCACTACAGTACACCT-1_contig_2,False,512,TRB,TRBV26,None,TRBJ2-5,None,True,True,CASSRGTDTQYF,TGTGCCAGCAGCCGCGGGACCGACACCCAGTACTTT,2550,1,None,None
CCACTACAGTACGCCC-1,False,CCACTACAGTACGCCC-1_contig_1,False,552,TRA,TRAV8N-2,None,TRAJ43,TRAC,True,False,CATDANNNNAPRF,TGTGCTACTGATGCCAATAACAACAATGCCCCACGATTT,548,1,None,None
CCACTACCAAGCTGAG-1,False,CCACTACCAAGCTGAG-1_contig_1,False,544,TRB,TRBV12-2+TRBV13-2,None,TRBJ2-7,None,True,True,CASGTGGDYEQYF,TGTGCCAGCGGGACTGGGGGGGACTATGAACAGTACTTC,3016,2,None,None
CCACTACCAAGCTGGA-1,False,CCACTACCAAGCTGGA-1_contig_1,False,593,TRA,TRAV19,None,TRAJ39,TRAC,True,True,CAAGGNNAGAKLTF,TGCGCAGCAGGTGGGAATAATGCAGGTGCCAAGCTCACATTC,1334,2,None,None
CCACTACCAAGCTGGA-1,False,CCACTACCAAGCTGGA-1_contig_2,False,586,TRB,TRBV12-2+TRBV13-2,None,TRBJ1-2,TRBC1,True,True,CASGGGTGNSDYTF,TGTGCCAGCGGTGGGGGGACAGGGAACTCCGACTACACCTTC,10618,9,None,None
CCACTACCAAGCTGGA-1,False,CCACTACCAAGCTGGA-1_contig_3,False,491,TRA,TRAV8N-2,None,TRAJ13,TRAC,True,True,CATEDSGTYQRF,TGTGCTACTGAGGATTCTGGGACTTACCAGAGGTTT,3046,1,None,None
CCACTACCAAGCTGGA-1,False,CCACTACCAAGCTGGA-1_contig_4,True,356,TRB,None,None,TRBJ2-7,None,False,False,None,None,5070,3,None,None
CCACTACCACACAGAG-1,False,CCACTACCACACAGAG-1_contig_1,False,505,TRB,TRBV13-1,None,TRBJ2-3,None,True,True,CASGDSAETLYF,TGTGCCAGCGGGGACAGTGCAGAAACGCTGTATTTT,2036,1,None,None
CCACTACCACACAGAG-1,False,CCACTACCACACAGAG-1_contig_2,False,590,TRB,TRBV12-2+TRBV13-2,None,TRBJ1-5,TRBC1,True,True,CASGTGDNQAPLF,TGTGCCAGCGGTACAGGGGACAACCAGGCTCCGCTTTTT,1204,1,None,None
CCACTACCACGGTGTC-1,False,CCACTACCACGGTGTC-1_contig_1,False,549,TRB,TRBV16,None,TRBJ2-7,None,True,True,CASSFGGGADEQYF,TGTGCAAGCAGCTTTGGTGGGGGGGCGGATGAACAGTACTTC,1792,1,None,None
CCACTACCAGGGTTAG-1,False,CCACTACCAGGGTTAG-1_contig_1,False,437,TRB,None,None,TRBJ1-2,TRBC1,False,False,None,None,1696,1,None,None
CCACTACCAGGGTTAG-1,False,CCACTACCAGGGTTAG-1_contig_2,False,611,TRB,TRBV13-1,None,TRBJ2-1,None,True,False,CASGGGDYAEQFF,TGTGCCAGCGGGGGGGGAGACTATGCTGAGCAGTTCTTC,2018,1,None,None
CCACTACCATCCGTGG-1,False,CCACTACCATCCGTGG-1_contig_1,False,549,TRB,TRBV16,None,TRBJ2-5,None,True,True,CASSWGGGQDTQYF,TGTGCAAGCAGCTGGGGGGGCGGGCAAGACACCCAGTACTTT,2516,2,None,None
CCACTACCATTAACCG-1,False,CCACTACCATTAACCG-1_contig_1,False,549,TRB,TRBV16,None,TRBJ2-5,None,True,True,CASSLGGGQDTQYF,TGTGCAAGCAGCTTAGGGGGGGGCCAAGACACCCAGTACTTT,1082,1,None,None
CCACTACGTAGCGCTC-1,False,CCACTACGTAGCGCTC-1_contig_1,False,537,TRA,TRAV3-3,None,TRAJ49,TRAC,True,True,CAVSGSTGYQNFYF,TGCGCAGTCAGTGGGAGCACGGGTTACCAGAACTTCTATTTT,1782,1,None,None
CCACTACGTGTAACGG-1,False,CCACTACGTGTAACGG-1_contig_1,False,525,TRB,TRBV17,None,TRBJ2-5,None,True,True,CASSRKGSQDTQYF,TGTGCTAGCAGTAGAAAGGGTTCTCAAGACACCCAGTACTTT,1428,1,None,None
CCACTACGTTCCGTCT-1,False,CCACTACGTTCCGTCT-1_contig_1,False,558,TRB,TRBV12-2+TRBV13-2,None,TRBJ2-7,None,True,True,CASGVQGEQYF,TGTGCCAGCGGTGTTCAGGGAGAACAGTACTTC,1552,1,None,None
CCACTACTCACCCGAG-1,False,CCACTACTCACCCGAG-1_contig_1,False,535,TRA,TRAV19,None,TRAJ39,TRAC,True,True,CAAGGNNAGAKLTF,TGCGCAGCAGGTGGGAATAATGCAGGTGCCAAGCTCACATTC,11368,9,None,None
CCACTACTCACCCGAG-1,False,CCACTACTCACCCGAG-1_contig_2,False,562,TRA,TRAV14D-1,None,TRAJ27,TRAC,True,True,CAQNPPSNTGKLTF,TGTGCACAAAATCCCCCATCCAATACAGGCAAATTAACCTTT,16508,8,None,None
CCACTACTCACCCGAG-1,False,CCACTACTCACCCGAG-1_contig_3,False,505,TRB,TRBV13-1,None,TRBJ2-4,None,True,True,CASSEGTNTLYF,TGTGCCAGCAGTGAAGGAACAAACACCTTGTACTTT,3962,3,None,None
CCACTACTCACCCGAG-1,False,CCACTACTCACCCGAG-1_contig_4,False,569,TRB,TRBV12-2+TRBV13-2,None,TRBJ1-2,TRBC1,True,True,CASGGGTGNSDYTF,TGTGCCAGCGGTGGGGGGACAGGGAACTCCGACTACACCTTC,13396,13,None,None
CCACTACTCACCCGAG-1,False,CCACTACTCACCCGAG-1_contig_5,False,525,TRB,TRBV13-3,None,TRBJ1-3,TRBC1,True,True,CASSEHPLSGNTLYF,TGTGCCAGCAGTGAGCACCCCCTTTCTGGAAATACGCTCTATTTT,11792,7,None,None
CCACTACTCACCCGAG-1,False,CCACTACTCACCCGAG-1_contig_6,False,732,TRA,TRAV9D-2,None,TRAJ26,TRAC,True,True,CVLSRGNNYAQGLTF,TGTGTTCTGAGCAGGGGCAATAACTATGCCCAGGGATTAACCTTC,4814,3,None,None
CCACTACTCACCCGAG-1,False,CCACTACTCACCCGAG-1_contig_7,False,755,TRB,None,None,TRBJ2-5,None,False,False,None,None,12780,13,None,None
CCACTACTCCAAGTAC-1,False,CCACTACTCCAAGTAC-1_contig_1,False,586,TRB,TRBV12-2+TRBV13-2,None,TRBJ1-2,TRBC1,True,True,CASGGGTGNSDYTF,TGTGCCAGCGGTGGGGGGACAGGGAACTCCGACTACACCTTC,322,1,None,None
CCACTACTCCCGACTT-1,False,CCACTACTCCCGACTT-1_contig_1,False,569,TRB,TRBV12-2+TRBV13-2,None,TRBJ1-2,TRBC1,True,True,CASGGGTGNSDYTF,TGTGCCAGCGGTGGGGGGACAGGGAACTCCGACTACACCTTC,1114,1,None,None
CCACTACTCGGCTACG-1,False,CCACTACTCGGCTACG-1_contig_1,False,567,TRB,TRBV12-2+TRBV13-2,None,TRBJ1-2,TRBC1,True,True,CASGGGTGNSDYTF,TGTGCCAGCGGTGGGGGGACAGGGAACTCCGACTACACCTTC,1824,1,None,None
CCACTACTCTCTGTCG-1,False,CCACTACTCTCTGTCG-1_contig_1,False,588,TRA,TRAV7-4,None,TRAJ26,TRAC,True,True,CAASDYAQGLTF,TGTGCAGCTAGTGACTATGCCCAGGGATTAACCTTC,2502,1,None,None
CCACTACTCTCTGTCG-1,False,CCACTACTCTCTGTCG-1_contig_2,False,389,TRB,None,None,TRBJ1-4,TRBC1,False,False,None,None,1140,1,None,None
CCAGCGAAGATCTGCT-1,False,CCAGCGAAGATCTGCT-1_contig_1,False,551,TRB,TRBV12-2+TRBV13-2,None,TRBJ2-7,None,True,True,CASGVQGEQYF,TGTGCCAGCGGTGTTCAGGGAGAACAGTACTTC,1504,1,None,None
CCAGCGAAGTCGATAA-1,False,CCAGCGAAGTCGATAA-1_contig_1,False,734,TRA,TRAV16D-DV11,None,TRAJ26,TRAC,True,False,CAMREENNYAQGLTF,TGTGCTATGAGAGAGGAAAATAACTATGCCCAGGGATTAACCTTC,1430,1,None,None
CCAGCGAAGTGCAAGC-1,False,CCAGCGAAGTGCAAGC-1_contig_1,False,589,TRB,TRBV12-2+TRBV13-2,None,TRBJ2-7,None,True,True,CASGVQGGEQYF,TGTGCCAGCGGTGTGCAGGGGGGAGAACAGTACTTC,1678,1,None,None
CCAGCGACACACTGCG-1,False,CCAGCGACACACTGCG-1_contig_1,False,462,Multi,TRDV1,None,TRAJ45,TRAC,True,False,CGGTEGADRLTF,TGTGGAGGGACAGAAGGTGCAGATAGACTCACCTTT,1942,1,None,None
CCAGCGACACCCATGG-1,False,CCAGCGACACCCATGG-1_contig_1,False,527,TRB,TRBV15,None,TRBJ1-3,TRBC1,True,True,CASSLNRGSSGNTLYF,TGTGCCAGCAGTTTAAACAGGGGGAGTTCTGGAAATACGCTCTATTTT,1320,1,None,None
CCAGCGACACGAAACG-1,False,CCAGCGACACGAAACG-1_contig_1,False,505,TRB,TRBV13-1,None,TRBJ2-3,None,True,True,CASGDSAETLYF,TGTGCCAGCGGGGACAGTGCAGAAACGCTGTATTTT,1628,1,None,None
CCAGCGACATACTACG-1,False,CCAGCGACATACTACG-1_contig_1,False,588,TRA,TRAV7-4,None,TRAJ33,TRAC,True,True,CAARDSNYQLIW,TGTGCAGCTAGGGATAGCAACTATCAGTTGATCTGG,1920,1,None,None
CCAGCGAGTACGACCC-1,False,CCAGCGAGTACGACCC-1_contig_1,False,592,TRB,TRBV12-2+TRBV13-2,None,TRBJ1-5,TRBC1,True,True,CASGTGDNQAPLF,TGTGCCAGCGGTACAGGAGACAACCAGGCTCCGCTTTTT,1360,1,None,None
CCAGCGAGTCCGAATT-1,False,CCAGCGAGTCCGAATT-1_contig_1,False,467,TRB,None,None,TRBJ2-1,None,False,False,None,None,1104,1,None,None
CCAGCGAGTGCTTCTC-1,False,CCAGCGAGTGCTTCTC-1_contig_1,False,515,TRB,TRBV13-1,None,TRBJ1-4,TRBC1,True,True,CASGTGANERLFF,TGTGCCAGCGGGACAGGGGCCAACGAAAGATTATTTTTC,1504,1,None,None
CCAGCGAGTTTGGGCC-1,False,CCAGCGAGTTTGGGCC-1_contig_1,False,480,TRB,TRBV17,None,TRBJ2-5,None,True,False,CASSRKGVQDTQYF,TGTGCTAGCAGTAGAAAGGGGGTCCAAGACACCCAGTACTTT,1812,1,None,None
CCAGCGAGTTTGTTTC-1,False,CCAGCGAGTTTGTTTC-1_contig_1,False,637,TRB,TRBV12-2+TRBV13-2,None,TRBJ1-5,TRBC1,True,True,CASGTGDNQAPLF,TGTGCCAGCGGTACAGGGGACAACCAGGCTCCGCTTTTT,1862,2,None,None
CCAGCGATCTGGCGTG-1,False,CCAGCGATCTGGCGTG-1_contig_1,False,563,TRA,TRAV10N,None,TRAJ7,TRAC,True,True,CAPEPDYSNNRLTL,TGTGCACCGGAACCGGACTACAGCAACAACAGACTTACTTTG,1530,1,None,None
CCATGTCAGCTAGGCA-1,False,CCATGTCAGCTAGGCA-1_contig_1,False,566,TRB,TRBV12-2+TRBV13-2,None,TRBJ2-7,None,True,True,CASGTGGDYEQYF,TGTGCCAGCGGGACTGGGGGGGACTATGAACAGTACTTC,1928,1,None,None
CCATGTCAGGGCTTCC-1,False,CCATGTCAGGGCTTCC-1_contig_1,False,512,TRB,TRBV13-1,None,TRBJ2-4,None,True,True,CASSEGTNTLYF,TGTGCCAGCAGTGAAGGAACAAACACCTTGTACTTT,1422,1,None,None
CCATGTCAGGGCTTCC-1,False,CCATGTCAGGGCTTCC-1_contig_2,False,560,TRB,TRBV12-2+TRBV13-2,None,TRBJ1-2,TRBC1,True,True,CASGGGTGNSDYTF,TGTGCCAGCGGTGGGGGGACAGGGAACTCCGACTACACCTTC,1252,1,None,None
CCATGTCAGTCAAGGC-1,False,CCATGTCAGTCAAGGC-1_contig_1,False,572,TRA,TRAV6-6,None,TRAJ24,TRAC,True,True,CAPLTTASLGKLQF,TGTGCTCCGTTGACAACTGCCAGTTTGGGGAAACTGCAGTTT,1848,1,None,None
CCATGTCAGTCAAGGC-1,False,CCATGTCAGTCAAGGC-1_contig_2,False,564,TRB,TRBV12-2+TRBV13-2,None,TRBJ1-2,TRBC1,True,True,CASGGGTGNSDYTF,TGTGCCAGCGGTGGGGGGACAGGGAACTCCGACTACACCTTC,2094,3,None,None
CCATGTCAGTCAAGGC-1,False,CCATGTCAGTCAAGGC-1_contig_3,True,538,TRA,TRAV3D-3,None,TRAJ28,TRAC,True,False,CTSAQSVRGTGSNRLTF,TGTACTTCTGCGCAGTCAGTGAGGGGCACTGGGAGTAACAGGCTCACTTTT,2424,1,None,None
CCATGTCAGTGCCAGA-1,False,CCATGTCAGTGCCAGA-1_contig_1,False,580,TRA,TRAV16D-DV11,None,TRAJ9,TRAC,True,True,CAMRESNMGYKLTF,TGTGCTATGAGAGAGAGCAACATGGGCTACAAACTTACCTTC,2106,1,None,None
CCATGTCCAAGTAGTA-1,False,CCATGTCCAAGTAGTA-1_contig_1,False,456,TRB,TRBV13-2,None,TRBJ2-1,None,True,False,CASGDPFQFF,TGTGCCAGCGGTGATCCTTTCCAGTTCTTC,1604,1,None,None
CCATGTCCACTGTGTA-1,False,CCATGTCCACTGTGTA-1_contig_1,False,549,TRB,TRBV16,None,TRBJ2-5,None,True,True,CASSLGGGQDTQYF,TGTGCAAGCAGCTTAGGGGGGGGCCAAGACACCCAGTACTTT,744,1,None,None
CCATGTCGTACGCTGC-1,False,CCATGTCGTACGCTGC-1_contig_1,False,502,TRB,TRBV13-1,None,TRBJ2-2,None,True,True,CASSDPGQLYF,TGTGCCAGCAGTGACCCCGGGCAGCTCTACTTT,1386,1,None,None
CCATGTCGTGCTTCTC-1,False,CCATGTCGTGCTTCTC-1_contig_1,False,501,TRB,TRBV13-1,None,TRBJ2-3,None,True,True,CASGDSAETLYF,TGTGCCAGCGGGGACAGTGCAGAAACGCTGTATTTT,1532,1,None,None
CCATGTCGTTCCGGCA-1,False,CCATGTCGTTCCGGCA-1_contig_1,False,512,TRB,TRBV13-1,None,TRBJ2-3,None,True,True,CASGDSAETLYF,TGTGCCAGCGGGGACAGTGCAGAAACGCTGTATTTT,1378,1,None,None
CCATGTCTCCGAGCCA-1,False,CCATGTCTCCGAGCCA-1_contig_1,False,640,TRB,TRBV12-2+TRBV13-2,None,TRBJ1-2,TRBC1,True,True,CASGGGTGNSDYTF,TGTGCCAGCGGTGGGGGGACAGGGAACTCCGACTACACCTTC,1526,1,None,None
CCATGTCTCCGTAGGC-1,False,CCATGTCTCCGTAGGC-1_contig_1,False,567,TRB,TRBV12-2+TRBV13-2,None,TRBJ1-2,TRBC1,True,True,CASGGGTGNSDYTF,TGTGCCAGCGGTGGGGGGACAGGGAACTCCGACTACACCTTC,1398,1,None,None
CCATGTCTCGGTTCGG-1,False,CCATGTCTCGGTTCGG-1_contig_1,False,549,TRB,TRBV16,None,TRBJ2-7,None,True,True,CASSFGGGADEQYF,TGTGCAAGCAGCTTTGGTGGGGGGGCGGATGAACAGTACTTC,1484,1,None,None
CCATGTCTCTCCAACC-1,False,CCATGTCTCTCCAACC-1_contig_1,False,557,TRB,TRBV12-2+TRBV13-2,None,TRBJ1-5,TRBC1,True,True,CASGTGDNQAPLF,TGTGCCAGCGGGACAGGGGACAACCAGGCTCCGCTTTTT,1146,1,None,None
CCATGTCTCTGCAAGT-1,False,CCATGTCTCTGCAAGT-1_contig_1,False,540,TRA,TRAV6D-5,None,TRAJ38,TRAC,True,False,CTTVFWDNVGDNSKLIW,TGTACTACTGTGTTCTGGGATAATGTTGGTGACAACAGTAAGCTGATTTGG,1166,1,None,None
CCATTCGAGACTTGAA-1,False,CCATTCGAGACTTGAA-1_contig_1,False,569,TRB,TRBV12-2+TRBV13-2,None,TRBJ1-2,TRBC1,True,True,CASGGGTGNSDYTF,TGTGCCAGCGGTGGGGGGACAGGGAACTCCGACTACACCTTC,1414,1,None,None
CCATTCGAGGATGGTC-1,False,CCATTCGAGGATGGTC-1_contig_1,False,509,TRB,TRBV13-1,None,TRBJ2-3,None,True,True,CASGDSAETLYF,TGTGCCAGCGGGGACAGTGCAGAAACGCTGTATTTT,2228,2,None,None
CCATTCGAGTAGGTGC-1,False,CCATTCGAGTAGGTGC-1_contig_1,False,595,TRA,TRAV4D-3,None,TRAJ27,TRAC,True,True,CAADGPNTGKLTF,TGTGCTGCGGACGGACCCAATACAGGCAAATTAACCTTT,2010,1,None,None
CCATTCGCACGGTAAG-1,False,CCATTCGCACGGTAAG-1_contig_1,False,352,TRB,None,None,TRBJ2-1,None,False,False,None,None,1748,1,None,None
CCATTCGCACGGTAAG-1,False,CCATTCGCACGGTAAG-1_contig_2,False,519,TRA,TRAV7D-2,None,TRAJ31,TRAC,True,False,CAASIEDSNNRIFF,TGTGCAGCAAGCATAGAGGATAGCAATAACAGAATCTTCTTT,1980,1,None,None
CCATTCGCAGCTTAAC-1,False,CCATTCGCAGCTTAAC-1_contig_1,False,588,TRB,TRBV13-1,None,TRBJ2-3,None,True,False,CASGDSAETLYF,TGTGCCAGCGGGGACAGTGCAGAAACGCTGTATTTT,1788,1,None,None
CCATTCGCATCGGGTC-1,False,CCATTCGCATCGGGTC-1_contig_1,False,500,TRB,TRBV12-2+TRBV13-2,None,TRBJ2-7,None,True,False,CASGTGGDYEQYF,TGTGCCAGCGGGACTGGGGGGGACTATGAACAGTACTTC,142,1,None,None
CCATTCGGTAAGGATT-1,False,CCATTCGGTAAGGATT-1_contig_1,False,512,TRB,TRBV13-1,None,TRBJ2-3,None,True,True,CASGDSAETLYF,TGTGCCAGCGGGGACAGTGCAGAAACGCTGTATTTT,1744,1,None,None
CCATTCGGTTACTGAC-1,False,CCATTCGGTTACTGAC-1_contig_1,False,515,TRA,TRAV21-DV12,None,TRAJ42,TRAC,True,True,CILRVHGGSNAKLTF,TGTATCCTGAGAGTCCATGGAGGAAGCAATGCAAAGCTAACCTTC,1420,1,None,None
CCATTCGGTTCTGTTT-1,False,CCATTCGGTTCTGTTT-1_contig_1,False,549,TRB,TRBV16,None,TRBJ2-5,None,True,True,CASSLGGGQDTQYF,TGTGCAAGCAGCTTAGGGGGGGGCCAAGACACCCAGTACTTT,2142,1,None,None
CCATTCGGTTGTCTTT-1,False,CCATTCGGTTGTCTTT-1_contig_1,False,536,TRA,TRAV8D-1,None,TRAJ30,TRAC,True,True,CATDTNAYKVIF,TGTGCTACTGACACAAATGCTTACAAAGTCATCTTT,2070,1,None,None
CCATTCGTCAATACCG-1,False,CCATTCGTCAATACCG-1_contig_1,False,604,TRA,TRAV14N-3,None,TRAJ6,TRAC,True,True,CAARSSGGNYKPTF,TGTGCAGCAAGGTCCTCAGGAGGAAACTACAAACCTACGTTT,2010,1,None,None
CCATTCGTCCGTAGTA-1,False,CCATTCGTCCGTAGTA-1_contig_1,False,527,TRB,TRBV15,None,TRBJ1-3,TRBC1,True,True,CASSLNRGSSGNTLYF,TGTGCCAGCAGTTTAAACAGGGGGAGTTCTGGAAATACGCTCTATTTT,2574,1,None,None
CCATTCGTCGCCGTGA-1,False,CCATTCGTCGCCGTGA-1_contig_1,False,366,TRB,None,None,TRBJ1-1,TRBC1,False,False,None,None,2272,1,None,None
CCCAATCAGCGCTCCA-1,False,CCCAATCAGCGCTCCA-1_contig_1,False,571,TRB,TRBV12-2+TRBV13-2,None,TRBJ1-2,TRBC1,True,True,CASGGGTGNSDYTF,TGTGCCAGCGGTGGGGGGACAGGGAACTCCGACTACACCTTC,1434,1,None,None
CCCAATCAGGTCGGAT-1,False,CCCAATCAGGTCGGAT-1_contig_1,False,531,TRB,TRBV13-2,None,TRBJ1-5,TRBC1,True,False,CASGTGDNQAPLF,TGTGCCAGCGGGACAGGGGACAACCAGGCTCCGCTTTTT,800,1,None,None
CCCAATCAGTTTAGGA-1,False,CCCAATCAGTTTAGGA-1_contig_1,False,560,TRB,TRBV12-2+TRBV13-2,None,TRBJ2-7,None,True,True,CASGVQGGEQYF,TGTGCCAGCGGTGTGCAGGGGGGAGAACAGTACTTC,1854,1,None,None
CCCAATCCAAGTTAAG-1,False,CCCAATCCAAGTTAAG-1_contig_1,False,513,TRA,TRAV16N,None,TRAJ9,TRAC,True,True,CAMREGHMGYKLTF,TGTGCTATGAGAGAGGGCCACATGGGCTACAAACTTACCTTC,1510,1,None,None
CCCAATCCAAGTTAAG-1,False,CCCAATCCAAGTTAAG-1_contig_2,True,379,TRB,None,None,TRBJ2-1,None,False,False,None,None,2588,1,None,None
CCCAATCCAAGTTAAG-1,False,CCCAATCCAAGTTAAG-1_contig_3,True,717,TRA,TRAV9D-3,None,TRAJ4,TRAC,True,False,CTSVLLSGSFNKLTF,TGTACTTCTGTGCTTCTATCTGGTAGCTTCAATAAGTTGACCTTT,2030,1,None,None
CCCAATCCACATCTTT-1,False,CCCAATCCACATCTTT-1_contig_1,False,575,TRA,TRAV14-2,None,TRAJ6,TRAC,True,True,CAARTSGGNYKPTF,TGTGCAGCAAGAACCTCAGGAGGAAACTACAAACCTACGTTT,1746,1,None,None
CCCAATCCAGTCAGAG-1,False,CCCAATCCAGTCAGAG-1_contig_1,False,541,TRA,TRAV8D-1,None,TRAJ30,TRAC,True,True,CATDTNAYKVIF,TGTGCTACTGACACAAATGCTTACAAAGTCATCTTT,2378,2,None,None
CCCAATCCAGTCAGAG-1,False,CCCAATCCAGTCAGAG-1_contig_2,False,636,TRB,TRBV13-2,None,TRBJ1-5,TRBC1,True,True,CASGTGDNQAPLF,TGTGCCAGCGGGACAGGGGACAACCAGGCTCCGCTTTTT,1504,1,None,None
CCCAATCCAGTGGGAT-1,False,CCCAATCCAGTGGGAT-1_contig_1,False,523,TRA,TRAV5-4,None,TRAJ37,TRAC,True,False,None,None,616,1,None,None
CCCAATCCATCACCCT-1,False,CCCAATCCATCACCCT-1_contig_1,False,566,TRA,TRAV3D-3,None,TRAJ21,TRAC,True,False,CTSAQSGPCNVLYF,TGTACTTCTGCGCAGTCAGGCCCCTGCAACGTGCTTTACTTC,1956,2,None,None
CCCAATCGTAGCTCCG-1,False,CCCAATCGTAGCTCCG-1_contig_1,False,582,TRB,TRBV12-2+TRBV13-2,None,TRBJ1-2,TRBC1,True,True,CASGGGTGNSDYTF,TGTGCCAGCGGTGGGGGGACAGGGAACTCCGACTACACCTTC,1246,1,None,None
CCCAATCGTTGAGGTG-1,False,CCCAATCGTTGAGGTG-1_contig_1,False,569,TRA,TRAV3-3,None,TRAJ32,TRAC,True,True,CAVRAYGSSGNKLIF,TGCGCAGTCAGAGCTTATGGGAGCAGTGGCAACAAGCTCATCTTT,540,1,None,None
CCCAATCGTTGAGGTG-1,False,CCCAATCGTTGAGGTG-1_contig_2,False,490,TRB,TRBV13-3,None,TRBJ2-2,None,True,False,CASSATSNTGQLYF,TGTGCCAGCAGTGCGACATCAAACACCGGGCAGCTCTACTTT,1828,1,None,None
CCCAATCTCGAATCCA-1,False,CCCAATCTCGAATCCA-1_contig_1,False,518,TRA,TRAV7-5,None,TRAJ33,TRAC,True,True,CAVDSNYQLIW,TGTGCAGTGGACAGCAACTATCAGTTGATCTGG,2506,1,None,None
CCCAATCTCGTAGATC-1,False,CCCAATCTCGTAGATC-1_contig_1,False,509,TRB,TRBV13-1,None,TRBJ2-7,None,True,True,CASSAPYEQYF,TGTGCCAGCAGTGCCCCATATGAACAGTACTTC,478,2,None,None
CCCAATCTCTTTAGTC-1,False,CCCAATCTCTTTAGTC-1_contig_1,False,530,TRA,TRAV14-1,None,TRAJ45,TRAC,True,True,CAASLYTEGADRLTF,TGTGCAGCAAGTCTTTATACAGAAGGTGCAGATAGACTCACCTTT,2304,1,None,None
CCCAGTTAGCTAACAA-1,False,CCCAGTTAGCTAACAA-1_contig_1,False,462,TRA,TRAV16D-DV11,None,TRAJ44,TRAC,True,False,CAMRELTGSGGKLTL,TGTGCTATGAGAGAGCTTACTGGCAGTGGTGGAAAACTCACTTTG,1764,1,None,None
CCCAGTTAGCTGTCTA-1,False,CCCAGTTAGCTGTCTA-1_contig_1,False,549,TRB,TRBV16,None,TRBJ2-5,None,True,True,CASSLGGGQDTQYF,TGTGCAAGCAGCTTAGGGGGGGGCCAAGACACCCAGTACTTT,1474,1,None,None
CCCAGTTCATACAGCT-1,False,CCCAGTTCATACAGCT-1_contig_1,True,533,TRA,TRAV7D-2,None,TRAJ6,TRAC,True,True,CAAPTSGGNYKPTF,TGTGCAGCCCCAACCTCAGGAGGAAACTACAAACCTACGTTT,2646,2,None,None
CCCAGTTCATACAGCT-1,False,CCCAGTTCATACAGCT-1_contig_2,True,506,TRB,None,None,TRBJ1-2,TRBC1,False,False,None,None,1804,1,None,None
CCCAGTTCATACAGCT-1,False,CCCAGTTCATACAGCT-1_contig_3,True,439,TRA,None,None,TRAJ41,TRAC,False,False,None,None,3402,2,None,None
CCCAGTTGTATATCCG-1,False,CCCAGTTGTATATCCG-1_contig_1,False,561,TRA,TRAV16,None,TRAJ23,TRAC,True,True,CAMREGFYYNQGKLIF,TGTGCTATGAGAGAGGGCTTTTATTATAACCAGGGGAAGCTTATCTTT,670,2,None,None
CCCAGTTGTCGATTGT-1,False,CCCAGTTGTCGATTGT-1_contig_1,False,527,TRA,TRAV14N-3,None,TRAJ6,TRAC,True,True,CAARTSGGNYKPTF,TGTGCAGCAAGAACCTCAGGAGGAAACTACAAACCTACGTTT,6746,3,None,None
CCCAGTTGTCGATTGT-1,False,CCCAGTTGTCGATTGT-1_contig_2,False,549,TRA,TRAV8N-2,None,TRAJ13,TRAC,True,True,CATEDSGTYQRF,TGTGCTACTGAGGATTCTGGGACTTACCAGAGGTTT,7296,6,None,None
CCCAGTTGTCGATTGT-1,False,CCCAGTTGTCGATTGT-1_contig_3,False,735,TRA,TRAV9D-2,None,TRAJ26,TRAC,True,True,CVLSRGNNYAQGLTF,TGTGTTCTGAGCAGGGGCAATAACTATGCCCAGGGATTAACCTTC,2602,5,None,None
CCCAGTTGTGGGTCAA-1,False,CCCAGTTGTGGGTCAA-1_contig_1,False,512,TRB,TRBV13-1,None,TRBJ2-3,None,True,True,CASGDSAETLYF,TGTGCCAGCGGGGACAGTGCAGAAACGCTGTATTTT,888,1,None,None
CCCAGTTGTTCAGGCC-1,False,CCCAGTTGTTCAGGCC-1_contig_1,False,594,TRB,TRBV12-2+TRBV13-2,None,TRBJ2-7,None,True,True,CASGVQGGEQYF,TGTGCCAGCGGTGTGCAGGGGGGAGAACAGTACTTC,1544,1,None,None
CCCAGTTTCAGCTGGC-1,False,CCCAGTTTCAGCTGGC-1_contig_1,False,561,TRA,TRAV16,None,TRAJ37,TRAC,True,True,CAMREEETGNTGKLIF,TGTGCTATGAGAGAGGAGGAGACAGGCAATACCGGAAAACTCATCTTT,3060,3,None,None
CCCAGTTTCATCATTC-1,False,CCCAGTTTCATCATTC-1_contig_1,False,564,TRB,TRBV12-2+TRBV13-2,None,TRBJ1-5,TRBC1,True,True,CASGTGDNQAPLF,TGTGCCAGCGGTACAGGGGATAACCAGGCTCCGCTTTTT,1736,1,None,None
CCCATACAGATACACA-1,False,CCCATACAGATACACA-1_contig_1,False,512,TRB,TRBV13-1,None,TRBJ2-3,None,True,True,CASGDSAETLYF,TGTGCCAGCGGGGACAGTGCAGAAACGCTGTATTTT,2560,2,None,None
CCCATACAGATACACA-1,False,CCCATACAGATACACA-1_contig_2,True,515,TRA,TRAV3D-3,None,TRAJ28,TRAC,True,False,CTSAQSVRGTGSNRLTF,TGTACTTCTGCGCAGTCAGTGAGGGGCACTGGGAGTAACAGGCTCACTTTT,2040,1,None,None
CCCATACCACGGATAG-1,False,CCCATACCACGGATAG-1_contig_1,False,519,TRA,TRAV8-1,None,TRAJ30,TRAC,True,True,CATDTNAYKVIF,TGTGCTACTGACACAAATGCTTACAAAGTCATCTTT,742,1,None,None
CCCATACGTAGGCTGA-1,False,CCCATACGTAGGCTGA-1_contig_1,False,505,TRA,TRAV8D-1,None,TRAJ30,TRAC,True,True,CATDTNAYKVIF,TGTGCTACTGACACAAATGCTTACAAAGTCATCTTT,654,1,None,None
CCCATACGTATAAACG-1,False,CCCATACGTATAAACG-1_contig_1,False,558,TRB,TRBV3,None,TRBJ2-5,None,True,True,CASSSGQYQDTQYF,TGTGCCAGCAGCTCCGGACAGTACCAAGACACCCAGTACTTT,1726,2,None,None
CCCATACGTATAAACG-1,False,CCCATACGTATAAACG-1_contig_2,False,512,TRB,TRBV13-1,None,TRBJ2-4,None,True,True,CASSEGTNTLYF,TGTGCCAGCAGTGAAGGAACAAACACCTTGTACTTT,210,1,None,None
CCCATACGTCTCCATC-1,False,CCCATACGTCTCCATC-1_contig_1,False,448,TRA,None,None,TRAJ21,TRAC,False,False,None,None,2716,1,None,None
CCCATACGTGAGCGAT-1,False,CCCATACGTGAGCGAT-1_contig_1,False,560,TRB,TRBV12-2+TRBV13-2,None,TRBJ1-2,TRBC1,True,True,CASGGGTGNSDYTF,TGTGCCAGCGGTGGGGGGACAGGGAACTCCGACTACACCTTC,968,1,None,None
CCCATACGTGCCTTGG-1,False,CCCATACGTGCCTTGG-1_contig_1,False,301,TRB,TRBV31,None,TRBJ2-1,None,True,False,None,None,2318,1,None,None
CCCATACGTTGTGGCC-1,False,CCCATACGTTGTGGCC-1_contig_1,False,779,TRB,TRBV12-2+TRBV13-2,None,TRBJ1-2,TRBC1,True,True,CASGGGTGNSDYTF,TGTGCCAGCGGTGGGGGGACAGGGAACTCCGACTACACCTTC,1284,1,None,None
CCCATACTCAGTGTTG-1,False,CCCATACTCAGTGTTG-1_contig_1,False,512,TRB,TRBV13-1,None,TRBJ2-4,None,True,True,CASSEGTNTLYF,TGTGCCAGCAGTGAAGGAACAAACACCTTGTACTTT,2276,2,None,None
CCCATACTCAGTGTTG-1,False,CCCATACTCAGTGTTG-1_contig_2,False,559,TRA,TRAV8-1,None,TRAJ30,TRAC,True,True,CATDTNAYKVIF,TGTGCTACTGACACAAATGCTTACAAAGTCATCTTT,410,1,None,None
CCCATACTCAGTGTTG-1,False,CCCATACTCAGTGTTG-1_contig_3,False,670,TRA,TRAV9D-2,None,TRAJ26,TRAC,True,True,CVLSRGNNYAQGLTF,TGTGTTCTGAGCAGGGGCAATAACTATGCCCAGGGATTAACCTTC,1652,1,None,None
CCCTCCTAGCCCGAAA-1,False,CCCTCCTAGCCCGAAA-1_contig_1,False,460,TRA,TRAV4-3,None,TRAJ23,TRAC,True,False,None,None,2330,1,None,None
CCCTCCTAGGATCGCA-1,False,CCCTCCTAGGATCGCA-1_contig_1,False,559,TRA,TRAV4D-3,None,TRAJ27,TRAC,True,True,CAADGPNTGKLTF,TGTGCTGCGGACGGACCCAATACAGGCAAATTAACCTTT,1300,1,None,None
CCCTCCTAGGTGATTA-1,False,CCCTCCTAGGTGATTA-1_contig_1,False,593,TRA,TRAV4D-3,None,TRAJ27,TRAC,True,True,CAADGPNTGKLTF,TGTGCTGCTGACGGGCCCAATACAGGCAAATTAACCTTT,1718,1,None,None
CCCTCCTAGGTGATTA-1,False,CCCTCCTAGGTGATTA-1_contig_2,False,560,TRB,TRBV12-2+TRBV13-2,None,TRBJ1-2,TRBC1,True,True,CASGGGTGNSDYTF,TGTGCCAGCGGTGGGGGGACAGGGAACTCCGACTACACCTTC,1146,1,None,None
CCCTCCTAGTGTTTGC-1,False,CCCTCCTAGTGTTTGC-1_contig_1,False,512,TRB,TRBV13-1,None,TRBJ2-4,None,True,True,CASSEGTNTLYF,TGTGCCAGCAGTGAAGGAACAAACACCTTGTACTTT,1642,1,None,None
CCCTCCTCATAGGATA-1,False,CCCTCCTCATAGGATA-1_contig_1,False,563,TRB,TRBV12-2+TRBV13-2,None,TRBJ2-7,None,True,True,CASGTGGDYEQYF,TGTGCCAGCGGGACTGGGGGGGACTATGAACAGTACTTC,1030,1,None,None
CCCTCCTCATGTCTCC-1,False,CCCTCCTCATGTCTCC-1_contig_1,False,556,TRA,TRAV19,None,TRAJ39,TRAC,True,True,CAAGGNNAGAKLTF,TGCGCAGCAGGTGGGAATAATGCAGGTGCCAAGCTCACATTC,1366,1,None,None
CCCTCCTGTAACGCGA-1,False,CCCTCCTGTAACGCGA-1_contig_1,False,562,TRB,TRBV12-2+TRBV13-2,None,TRBJ2-7,None,True,True,CASGVQGWEQYF,TGTGCCAGCGGTGTACAGGGGTGGGAACAGTACTTC,1724,1,None,None
CCCTCCTGTAACGTTC-1,False,CCCTCCTGTAACGTTC-1_contig_1,False,481,TRB,TRBV13-1,None,TRBJ1-4,TRBC1,True,False,CASGTGANERLFF,TGTGCCAGCGGGACAGGGGCCAACGAAAGATTATTTTTC,1456,1,None,None
CCCTCCTTCACCAGGC-1,False,CCCTCCTTCACCAGGC-1_contig_1,False,546,TRB,TRBV12-2+TRBV13-2,None,TRBJ1-2,TRBC1,True,True,CASGGGTGNSDYTF,TGTGCCAGCGGTGGGGGGACAGGGAACTCCGACTACACCTTC,1252,1,None,None
CCCTCCTTCAGCAACT-1,False,CCCTCCTTCAGCAACT-1_contig_1,False,549,TRB,TRBV12-2+TRBV13-2,None,TRBJ1-2,TRBC1,True,True,CASGGGTGNSDYTF,TGTGCCAGCGGTGGGGGGACAGGGAACTCCGACTACACCTTC,538,1,None,None
CCCTCCTTCGAGAGCA-1,False,CCCTCCTTCGAGAGCA-1_contig_1,False,517,TRA,TRAV6-6,None,TRAJ24,TRAC,True,True,CAPLTTASLGKLQF,TGTGCTCCGTTGACAACTGCCAGTTTGGGGAAACTGCAGTTT,1004,1,None,None
CCCTCCTTCGAGAGCA-1,False,CCCTCCTTCGAGAGCA-1_contig_2,False,557,TRB,TRBV12-2+TRBV13-2,None,TRBJ2-7,None,True,True,CASGVQGEQYF,TGTGCCAGCGGTGTTCAGGGAGAACAGTACTTC,2864,3,None,None
CCCTCCTTCGAGAGCA-1,False,CCCTCCTTCGAGAGCA-1_contig_3,False,422,TRB,TRBV13-1,None,TRBJ2-4,None,True,True,CASSEGTNTLYF,TGTGCCAGCAGTGAAGGAACAAACACCTTGTACTTT,1572,1,None,None
CCCTCCTTCGAGAGCA-1,False,CCCTCCTTCGAGAGCA-1_contig_4,True,376,TRA,TRAV9D-2,None,TRAJ26,TRAC,True,False,CVLSRGNNYAQGLTF,TGTGTTCTGAGCAGGGGCAATAACTATGCCCAGGGATTAACCTTC,696,1,None,None
CCCTCCTTCGCCAGCA-1,False,CCCTCCTTCGCCAGCA-1_contig_1,False,560,TRB,TRBV12-2+TRBV13-2,None,TRBJ2-5,None,True,True,CASGVQGDTQYF,TGTGCCAGCGGTGTTCAGGGGGACACCCAGTACTTT,1414,1,None,None
CCCTCCTTCTGAGTGT-1,False,CCCTCCTTCTGAGTGT-1_contig_1,False,558,TRB,TRBV12-2+TRBV13-2,None,TRBJ1-2,TRBC1,True,True,CASGGGTGNSDYTF,TGTGCCAGCGGTGGGGGGACAGGGAACTCCGACTACACCTTC,1466,1,None,None
CCGGGATAGAGTCTGG-1,False,CCGGGATAGAGTCTGG-1_contig_1,False,551,TRB,TRBV12-2+TRBV13-2,None,TRBJ2-7,None,True,True,CASGAGGEQYF,TGTGCCAGCGGTGCTGGGGGGGAACAGTACTTC,1946,2,None,None
CCGGGATAGGCCCTCA-1,False,CCGGGATAGGCCCTCA-1_contig_1,False,566,TRA,TRAV3-3,None,TRAJ49,TRAC,True,True,CAVSGATGYQNFYF,TGCGCAGTCAGTGGGGCCACGGGTTACCAGAACTTCTATTTT,648,1,None,None
CCGGGATAGGCCCTCA-1,False,CCGGGATAGGCCCTCA-1_contig_2,False,592,TRB,TRBV12-2+TRBV13-2,None,TRBJ2-7,None,True,True,CASGTGGDYEQYF,TGTGCCAGCGGGACTGGGGGGGACTATGAACAGTACTTC,1358,1,None,None
CCGGGATAGTCGTTTG-1,False,CCGGGATAGTCGTTTG-1_contig_1,False,520,TRB,TRBV16,None,TRBJ2-5,None,True,True,CASSLGGGQDTQYF,TGTGCAAGCAGCTTAGGGGGGGGCCAAGACACCCAGTACTTT,572,1,None,None
CCGGGATCACAACGTT-1,False,CCGGGATCACAACGTT-1_contig_1,False,502,TRB,TRBV13-1,None,TRBJ2-2,None,True,True,CASSDPGQLYF,TGTGCCAGCAGTGACCCCGGGCAGCTCTACTTT,1550,1,None,None
CCGGGATCACATGGGA-1,False,CCGGGATCACATGGGA-1_contig_1,False,569,TRB,TRBV12-2+TRBV13-2,None,TRBJ1-2,TRBC1,True,True,CASGGGTGNSDYTF,TGTGCCAGCGGTGGGGGGACAGGGAACTCCGACTACACCTTC,1122,1,None,None
CCGGGATCAGGGTACA-1,False,CCGGGATCAGGGTACA-1_contig_1,False,535,TRB,TRBV16,None,TRBJ2-7,None,True,True,CASSFGGGADEQYF,TGTGCAAGCAGCTTTGGTGGGGGGGCGGATGAACAGTACTTC,360,1,None,None
CCGGGATCATTGCGGC-1,False,CCGGGATCATTGCGGC-1_contig_1,False,428,TRB,TRBV13-2,None,TRBJ1-2,TRBC1,True,False,CASGGGTGNSDYTF,TGTGCCAGCGGTGGGGGGACAGGGAACTCCGACTACACCTTC,1672,1,None,None
CCGGGATGTCCAACTA-1,False,CCGGGATGTCCAACTA-1_contig_1,False,565,TRB,TRBV12-2+TRBV13-2,None,TRBJ2-5,None,True,True,CASGVQGDTQYF,TGTGCCAGCGGTGTTCAGGGGGACACCCAGTACTTT,3840,3,None,None
CCGGGATGTCGCTTTC-1,False,CCGGGATGTCGCTTTC-1_contig_1,False,562,TRB,TRBV12-2+TRBV13-2,None,TRBJ2-7,None,True,True,CASGVQGWEQYF,TGTGCCAGCGGTGTACAGGGGTGGGAACAGTACTTC,1890,1,None,None
CCGGGATGTCGGCACT-1,False,CCGGGATGTCGGCACT-1_contig_1,False,549,TRA,TRAV8N-2,None,TRAJ13,TRAC,True,True,CATEDSGTYQRF,TGTGCTACTGAGGATTCTGGGACTTACCAGAGGTTT,1168,1,None,None
CCGGGATGTCGGCACT-1,False,CCGGGATGTCGGCACT-1_contig_2,False,379,TRB,None,None,TRBJ2-7,None,False,False,None,None,1880,1,None,None
CCGGGATTCACGACTA-1,False,CCGGGATTCACGACTA-1_contig_1,False,559,TRB,TRBV12-2+TRBV13-2,None,TRBJ2-1,None,True,True,CASGGYAEQFF,TGTGCCAGCGGGGGCTATGCTGAGCAGTTCTTC,904,1,None,None
CCGGGATTCCTTTACA-1,False,CCGGGATTCCTTTACA-1_contig_1,False,564,TRB,TRBV12-2+TRBV13-2,None,TRBJ1-5,TRBC1,True,True,CASGTGDNQAPLF,TGTGCCAGCGGTACAGGGGACAACCAGGCTCCGCTTTTT,1494,1,None,None
CCGGGATTCGTTACAG-1,False,CCGGGATTCGTTACAG-1_contig_1,False,497,TRB,TRBV13-2,None,TRBJ1-5,TRBC1,True,True,CASGTGDNQAPLF,TGTGCCAGCGGGACGGGGGACAACCAGGCTCCGCTTTTT,1320,1,None,None
CCGGGATTCTTAGAGC-1,False,CCGGGATTCTTAGAGC-1_contig_1,False,520,TRA,TRAV8-1,None,TRAJ30,TRAC,True,True,CATDTNAYKVIF,TGTGCTACTGACACAAATGCTTACAAAGTCATCTTT,1222,1,None,None
CCGGTAGAGCATGGCA-1,False,CCGGTAGAGCATGGCA-1_contig_1,False,570,TRB,TRBV12-2+TRBV13-2,None,TRBJ1-2,TRBC1,True,True,CASGGGTGNSDYTF,TGTGCCAGCGGTGGGGGGACAGGGAACTCCGACTACACCTTC,1766,1,None,None
CCGGTAGAGCTAAACA-1,False,CCGGTAGAGCTAAACA-1_contig_1,False,466,TRB,TRBV13-2,None,TRBJ1-2,TRBC1,True,False,CASGGGTGNSDYTF,TGTGCCAGCGGTGGGGGGACAGGGAACTCCGACTACACCTTC,1612,1,None,None
CCGGTAGAGGATTCGG-1,False,CCGGTAGAGGATTCGG-1_contig_1,False,552,TRA,TRAV8N-2,None,TRAJ43,TRAC,True,False,CATDANNNNAPRF,TGTGCTACTGATGCCAATAACAACAATGCCCCACGATTT,3000,1,None,None
CCGGTAGAGTGTTAGA-1,False,CCGGTAGAGTGTTAGA-1_contig_1,False,577,TRB,None,None,TRBJ1-1,TRBC1,False,False,None,None,1502,1,None,None
CCGGTAGCAACTGCGC-1,False,CCGGTAGCAACTGCGC-1_contig_1,False,549,TRB,TRBV16,None,TRBJ2-5,None,True,True,CASSLGGGQDTQYF,TGTGCAAGCAGCTTAGGGGGGGGCCAAGACACCCAGTACTTT,1602,1,None,None
CCGGTAGCATAACCTG-1,False,CCGGTAGCATAACCTG-1_contig_1,False,521,TRB,TRBV31,None,TRBJ2-3,None,True,True,CAWSLLLGGSAETLYF,TGTGCCTGGAGTCTACTCCTGGGGGGAAGTGCAGAAACGCTGTATTTT,1292,1,None,None
CCGGTAGCATCCGGGT-1,False,CCGGTAGCATCCGGGT-1_contig_1,False,549,TRB,TRBV16,None,TRBJ2-7,None,True,True,CASSFGGGADEQYF,TGTGCAAGCAGCTTTGGTGGGGGGGCGGATGAACAGTACTTC,926,1,None,None
CCGGTAGCATCGATTG-1,False,CCGGTAGCATCGATTG-1_contig_1,True,509,TRB,TRBV13-1,None,TRBJ1-1,TRBC1,True,True,CASSDPAEVFF,TGTGCCAGCAGTGATCCAGCGGAAGTCTTCTTT,848,1,None,None
CCGGTAGCATCGATTG-1,False,CCGGTAGCATCGATTG-1_contig_2,True,303,TRB,None,None,TRBJ2-7,None,False,False,None,None,4200,2,None,None
CCGGTAGCATCGATTG-1,False,CCGGTAGCATCGATTG-1_contig_3,True,331,TRA,TRAV16D-DV11,None,TRAJ22,TRAC,True,False,CAMREALSSGSWQLIF,TGTGCTATGAGAGAGGCCCTATCTTCTGGCAGCTGGCAACTCATCTTT,1852,1,None,None
CCGGTAGGTCTAAACC-1,False,CCGGTAGGTCTAAACC-1_contig_1,False,567,TRB,TRBV12-2+TRBV13-2,None,TRBJ1-2,TRBC1,True,True,CASGGGTGNSDYTF,TGTGCCAGCGGTGGGGGGACAGGGAACTCCGACTACACCTTC,630,1,None,None
CCGGTAGGTCTCTTAT-1,False,CCGGTAGGTCTCTTAT-1_contig_1,False,558,TRA,TRAV4D-3,None,TRAJ27,TRAC,True,True,CAADGPNTGKLTF,TGTGCTGCTGACGGGCCCAATACAGGCAAATTAACCTTT,730,1,None,None
CCGGTAGGTTGCGTTA-1,False,CCGGTAGGTTGCGTTA-1_contig_1,False,566,TRB,TRBV12-2+TRBV13-2,None,TRBJ2-3,None,True,True,CASGDAPPGEGTLYF,TGTGCCAGCGGTGATGCACCTCCAGGGGAGGGAACGCTGTATTTT,1966,1,None,None
CCGGTAGGTTGCGTTA-1,False,CCGGTAGGTTGCGTTA-1_contig_2,False,928,TRB,TRBV12-2+TRBV13-2,None,TRBJ1-5,TRBC1,True,True,CASGGGNQAPLF,TGTGCCAGCGGTGGGGGGAACCAGGCTCCGCTTTTT,996,2,None,None
CCGGTAGTCATCTGCC-1,False,CCGGTAGTCATCTGCC-1_contig_1,False,564,TRB,TRBV12-2+TRBV13-2,None,TRBJ1-5,TRBC1,True,True,CASGTGDNQAPLF,TGTGCCAGCGGGACCGGGGACAACCAGGCTCCGCTTTTT,1500,1,None,None
CCGGTAGTCGAATCCA-1,False,CCGGTAGTCGAATCCA-1_contig_1,False,559,TRB,TRBV12-2+TRBV13-2,None,TRBJ2-7,None,True,True,CASGVQGEQYF,TGTGCCAGCGGTGTTCAGGGAGAACAGTACTTC,1848,2,None,None
CCGGTAGTCGCCTGTT-1,False,CCGGTAGTCGCCTGTT-1_contig_1,False,568,TRB,TRBV12-2+TRBV13-2,None,TRBJ1-2,TRBC1,True,True,CASGGGTGNSDYTF,TGTGCCAGCGGTGGGGGGACAGGGAACTCCGACTACACCTTC,1164,1,None,None
CCGGTAGTCGCTGATA-1,False,CCGGTAGTCGCTGATA-1_contig_1,False,525,TRB,TRBV17,None,TRBJ2-5,None,True,True,CASSRKGAQDTQYF,TGTGCTAGCAGTAGGAAGGGGGCGCAAGACACCCAGTACTTT,1054,1,None,None
CCGGTAGTCGTCCGTT-1,False,CCGGTAGTCGTCCGTT-1_contig_1,False,568,TRB,TRBV12-2+TRBV13-2,None,TRBJ1-2,TRBC1,True,True,CASGGGTGNSDYTF,TGTGCCAGCGGTGGGGGGACAGGGAACTCCGACTACACCTTC,152,1,None,None
CCGTACTAGCAGGCTA-1,False,CCGTACTAGCAGGCTA-1_contig_1,False,525,TRA,TRAV7N-6,None,TRAJ30,TRAC,True,True,CAVVDTNAYKVIF,TGTGCAGTGGTTGACACAAATGCTTACAAAGTCATCTTT,1294,1,None,None
CCGTACTAGGATCGCA-1,False,CCGTACTAGGATCGCA-1_contig_1,False,541,TRA,TRAV8D-1,None,TRAJ30,TRAC,True,True,CATDTNAYKVIF,TGTGCTACTGACACAAATGCTTACAAAGTCATCTTT,1412,1,None,None
CCGTACTAGTAGGCCA-1,False,CCGTACTAGTAGGCCA-1_contig_1,False,505,TRB,TRBV13-1,None,TRBJ2-3,None,True,True,CASGDSAETLYF,TGTGCCAGCGGGGACAGTGCAGAAACGCTGTATTTT,528,1,None,None
CCGTACTCAATACGCT-1,False,CCGTACTCAATACGCT-1_contig_1,False,549,TRB,TRBV16,None,TRBJ2-5,None,True,True,CASSLGGGQDTQYF,TGTGCAAGCAGCTTAGGGGGGGGCCAAGACACCCAGTACTTT,250,2,None,None
CCGTACTCACGTCAGC-1,False,CCGTACTCACGTCAGC-1_contig_1,False,501,TRB,TRBV13-1,None,TRBJ2-4,None,True,True,CASSEGTNTLYF,TGTGCCAGCAGTGAAGGAACAAACACCTTGTACTTT,1464,1,None,None
CCGTACTCAGACGTAG-1,False,CCGTACTCAGACGTAG-1_contig_1,False,649,TRA,TRAV14N-3,None,TRAJ6,TRAC,True,True,CAARTSGGNYKPTF,TGTGCAGCAAGAACCTCAGGAGGAAACTACAAACCTACGTTT,1174,1,None,None
CCGTACTCAGGAATCG-1,False,CCGTACTCAGGAATCG-1_contig_1,False,326,TRB,None,None,TRBJ1-6,TRBC1,False,False,None,None,2880,1,None,None
CCGTACTGTACAAGTA-1,False,CCGTACTGTACAAGTA-1_contig_1,False,500,TRA,TRAV8-1,None,TRAJ30,TRAC,True,True,CATDTNAYKVIF,TGTGCTACTGACACAAATGCTTACAAAGTCATCTTT,1614,1,None,None
CCGTACTGTACCATCA-1,False,CCGTACTGTACCATCA-1_contig_1,False,558,TRA,TRAV4D-3,None,TRAJ27,TRAC,True,True,CAADGPNTGKLTF,TGTGCTGCGGACGGACCCAATACAGGCAAATTAACCTTT,974,1,None,None
CCGTACTGTATTAGCC-1,False,CCGTACTGTATTAGCC-1_contig_1,False,540,TRA,TRAV6-1,None,TRAJ43,TRAC,True,True,CVLGDGNNNAPRF,TGTGTTCTGGGTGATGGTAACAACAATGCCCCACGATTT,2616,1,None,None
CCGTACTGTATTAGCC-1,False,CCGTACTGTATTAGCC-1_contig_2,False,533,TRA,TRAV16N,None,TRAJ37,TRAC,True,False,CYESLTGNTGKLIF,TGCTATGAGAGTTTAACAGGCAATACCGGAAAACTCATCTTT,268,1,None,None
CCGTACTGTGCAGGTA-1,False,CCGTACTGTGCAGGTA-1_contig_1,False,346,TRB,None,None,TRBJ1-6,TRBC1,False,False,None,None,254,2,None,None
CCGTACTGTTGAGGTG-1,False,CCGTACTGTTGAGGTG-1_contig_1,False,547,TRA,TRAV16D-DV11,None,TRAJ26,TRAC,True,True,CAMREENNYAQGLTF,TGTGCTATGAGAGAGGAAAATAACTATGCCCAGGGATTAACCTTC,5462,4,None,None
CCGTACTGTTGAGGTG-1,False,CCGTACTGTTGAGGTG-1_contig_2,False,541,TRA,TRAV19,None,TRAJ39,TRAC,True,True,CAAGGNNAGAKLTF,TGCGCAGCAGGTGGGAATAATGCAGGTGCCAAGCTCACATTC,6020,3,None,None
CCGTACTGTTGAGGTG-1,False,CCGTACTGTTGAGGTG-1_contig_3,False,512,TRB,TRBV13-1,None,TRBJ2-3,None,True,True,CASGDSAETLYF,TGTGCCAGCGGGGACAGTGCAGAAACGCTGTATTTT,8116,7,None,None
CCGTACTGTTGAGGTG-1,False,CCGTACTGTTGAGGTG-1_contig_4,False,599,TRB,TRBV12-2+TRBV13-2,None,TRBJ1-2,TRBC1,True,True,CASGGGTGNSDYTF,TGTGCCAGCGGTGGGGGGACAGGGAACTCCGACTACACCTTC,15226,11,None,None
CCGTACTGTTGAGGTG-1,False,CCGTACTGTTGAGGTG-1_contig_5,True,542,TRA,TRAV3D-3,None,TRAJ28,TRAC,True,False,CTSAQSVRGTGSNRLTF,TGTACTTCTGCGCAGTCAGTGAGGGGCACTGGGAGTAACAGGCTCACTTTT,5662,3,None,None
CCGTACTGTTGAGGTG-1,False,CCGTACTGTTGAGGTG-1_contig_6,True,357,TRB,None,None,TRBJ2-1,None,False,False,None,None,4234,2,None,None
CCGTACTGTTGTGGAG-1,False,CCGTACTGTTGTGGAG-1_contig_1,False,557,TRB,TRBV12-2+TRBV13-2,None,TRBJ2-5,None,True,True,CASGAPDTQYF,TGTGCCAGCGGTGCCCCGGACACCCAGTACTTT,468,1,None,None
CCGTACTTCCGCATAA-1,False,CCGTACTTCCGCATAA-1_contig_1,False,551,TRB,TRBV12-2+TRBV13-2,None,TRBJ2-7,None,True,True,CASGVQGEQYF,TGTGCCAGCGGTGTTCAGGGAGAACAGTACTTC,1772,1,None,None
CCGTACTTCTCGTTTA-1,False,CCGTACTTCTCGTTTA-1_contig_1,False,390,TRA,TRAV6-6,None,TRAJ24,TRAC,True,False,None,None,1146,2,None,None
CCGTGGAAGACGCTTT-1,False,CCGTGGAAGACGCTTT-1_contig_1,False,372,TRB,None,None,TRBJ1-4,TRBC1,False,False,None,None,3046,1,None,None
CCGTGGAAGAGCTTCT-1,False,CCGTGGAAGAGCTTCT-1_contig_1,False,549,TRB,TRBV16,None,TRBJ2-7,None,True,True,CASSLGGGLDEQYF,TGTGCAAGCAGCTTAGGGGGGGGGCTCGATGAACAGTACTTC,1786,1,None,None
CCGTGGAAGATCCCAT-1,False,CCGTGGAAGATCCCAT-1_contig_1,False,525,TRB,TRBV17,None,TRBJ2-5,None,True,True,CASSRKGSQDTQYF,TGTGCTAGCAGTAGAAAGGGTTCTCAAGACACCCAGTACTTT,1782,1,None,None
CCGTGGAAGCTAAACA-1,False,CCGTGGAAGCTAAACA-1_contig_1,False,607,TRB,TRBV13-1,None,TRBJ1-2,TRBC1,True,False,CASSDWEGNSDYTF,TGTGCCAGCAGTGATTGGGAGGGGAACTCCGACTACACCTTC,2278,1,None,None
CCGTGGAAGCTACCGC-1,False,CCGTGGAAGCTACCGC-1_contig_1,False,549,TRB,TRBV16,None,TRBJ2-5,None,True,True,CASSLGGYQDTQYF,TGTGCAAGCAGCTTAGGGGGCTACCAAGACACCCAGTACTTT,1782,1,None,None
CCGTGGAAGGTGCACA-1,False,CCGTGGAAGGTGCACA-1_contig_1,False,549,TRA,TRAV8N-2,None,TRAJ13,TRAC,True,True,CATEDSGTYQRF,TGTGCTACTGAGGATTCTGGGACTTACCAGAGGTTT,2294,2,None,None
CCGTGGAAGGTGCACA-1,False,CCGTGGAAGGTGCACA-1_contig_2,True,441,TRB,None,None,TRBJ2-7,None,False,False,None,None,1100,1,None,None
CCGTGGAAGTCGATAA-1,False,CCGTGGAAGTCGATAA-1_contig_1,False,355,TRB,None,None,TRBJ2-1,None,False,False,None,None,2778,1,None,None
CCGTGGAAGTGCAAGC-1,False,CCGTGGAAGTGCAAGC-1_contig_1,False,437,TRB,None,None,TRBJ2-7,None,False,False,None,None,1656,1,None,None
CCGTGGAAGTGTTAGA-1,False,CCGTGGAAGTGTTAGA-1_contig_1,False,586,TRB,TRBV12-2+TRBV13-2,None,TRBJ1-2,TRBC1,True,True,CASGGGTGNSDYTF,TGTGCCAGCGGTGGGGGGACAGGGAACTCCGACTACACCTTC,1394,1,None,None
CCGTGGAAGTGTTAGA-1,False,CCGTGGAAGTGTTAGA-1_contig_2,False,313,TRB,None,None,TRBJ2-3,None,False,False,None,None,2346,1,None,None
CCGTGGACAATGGAGC-1,False,CCGTGGACAATGGAGC-1_contig_1,False,555,TRB,TRBV13-2,None,TRBJ1-2,TRBC1,True,False,CASGGGTGNSDYTF,TGTGCCAGCGGTGGGGGGACAGGGAACTCCGACTACACCTTC,384,1,None,None
CCGTGGACACCATGTA-1,False,CCGTGGACACCATGTA-1_contig_1,False,559,TRB,TRBV12-2+TRBV13-2,None,TRBJ2-7,None,True,True,CASGVQGEQYF,TGTGCCAGCGGTGTTCAGGGAGAACAGTACTTC,2084,1,None,None
CCGTGGACAGACTCGC-1,False,CCGTGGACAGACTCGC-1_contig_1,False,580,TRB,TRBV12-2+TRBV13-2,None,TRBJ2-7,None,True,True,CASGVQGWEQYF,TGTGCCAGCGGTGTACAGGGGTGGGAACAGTACTTC,1440,1,None,None
CCGTGGACAGCTCCGA-1,False,CCGTGGACAGCTCCGA-1_contig_1,False,379,TRB,None,None,TRBJ1-6,TRBC1,False,False,None,None,1922,1,None,None
CCGTGGACATCTACGA-1,False,CCGTGGACATCTACGA-1_contig_1,False,477,TRB,TRBV13-1,None,TRBJ2-4,None,True,False,CASSEGTNTLYF,TGTGCCAGCAGTGAAGGAACAAACACCTTGTACTTT,782,2,None,None
CCGTGGAGTTCACGGC-1,False,CCGTGGAGTTCACGGC-1_contig_1,False,579,TRB,TRBV12-2+TRBV13-2,None,TRBJ2-5,None,True,True,CASGVQGDTQYF,TGTGCCAGCGGTGTTCAGGGGGACACCCAGTACTTT,930,1,None,None
CCGTGGAGTTGGGACA-1,False,CCGTGGAGTTGGGACA-1_contig_1,False,611,TRA,TRAV14N-3,None,TRAJ6,TRAC,True,True,CAARTSGGNYKPTF,TGTGCAGCAAGAACCTCAGGAGGAAACTACAAACCTACGTTT,7376,4,None,None
CCGTGGAGTTGGGACA-1,False,CCGTGGAGTTGGGACA-1_contig_2,False,505,TRB,TRBV13-1,None,TRBJ2-4,None,True,True,CASSEGTNTLYF,TGTGCCAGCAGTGAAGGAACAAACACCTTGTACTTT,17466,16,None,None
CCGTGGAGTTGGGACA-1,False,CCGTGGAGTTGGGACA-1_contig_3,False,549,TRA,TRAV8N-2,None,TRAJ13,TRAC,True,True,CATEDSGTYQRF,TGTGCTACTGAGGATTCTGGGACTTACCAGAGGTTT,8090,6,None,None
CCGTGGAGTTGGGACA-1,False,CCGTGGAGTTGGGACA-1_contig_4,True,318,TRB,TRBV13-2,None,TRBJ2-7,None,True,False,CASGTGGDYEQYF,TGTGCCAGCGGGACTGGGGGGGACTATGAACAGTACTTC,2914,3,None,None
CCGTGGAGTTGGGACA-1,False,CCGTGGAGTTGGGACA-1_contig_5,True,390,TRB,None,None,TRBJ2-7,None,False,False,None,None,3454,3,None,None
CCGTGGAGTTGGGACA-1,False,CCGTGGAGTTGGGACA-1_contig_6,True,433,TRA,TRAV9D-2,None,TRAJ26,TRAC,True,False,CVLSRGNNYAQGLTF,TGTGTTCTGAGCAGGGGCAATAACTATGCCCAGGGATTAACCTTC,2524,1,None,None
CCGTGGAGTTGTACAC-1,False,CCGTGGAGTTGTACAC-1_contig_1,False,539,TRA,TRAV13D-4,None,TRAJ9,TRAC,True,False,None,None,872,1,None,None
CCGTGGATCAATCACG-1,False,CCGTGGATCAATCACG-1_contig_1,False,732,TRA,TRAV13D-2,None,TRAJ11,TRAC,True,False,CAIDLDSGYNKLTF,TGTGCTATAGATCTTGACTCGGGATACAACAAACTCACTTTT,1608,2,None,None
CCGTGGATCATCTGCC-1,False,CCGTGGATCATCTGCC-1_contig_1,False,549,TRB,TRBV16,None,TRBJ2-5,None,True,True,CASSLGGGQDTQYF,TGTGCAAGCAGCTTAGGGGGGGGCCAAGACACCCAGTACTTT,232,1,None,None
CCGTGGATCCAGATCA-1,False,CCGTGGATCCAGATCA-1_contig_1,False,478,TRB,TRBV16,None,TRBJ2-5,None,True,False,CASSLGGGQDTQYF,TGTGCAAGCAGCTTAGGGGGGGGCCAAGACACCCAGTACTTT,1220,1,None,None
CCGTGGATCCCTCTTT-1,False,CCGTGGATCCCTCTTT-1_contig_1,False,564,TRB,TRBV12-2+TRBV13-2,None,TRBJ1-2,TRBC1,True,True,CASGGGTGNSDYTF,TGTGCCAGCGGTGGGGGGACAGGGAACTCCGACTACACCTTC,800,2,None,None
CCGTGGATCTGGTTCC-1,False,CCGTGGATCTGGTTCC-1_contig_1,False,549,TRA,TRAV8N-2,None,TRAJ13,TRAC,True,True,CATEDSGTYQRF,TGTGCTACTGAGGATTCTGGGACTTACCAGAGGTTT,2634,1,None,None
CCGTGGATCTTGTCAT-1,False,CCGTGGATCTTGTCAT-1_contig_1,False,366,TRB,None,None,TRBJ1-1,TRBC1,False,False,None,None,428,1,None,None
CCGTGGATCTTGTCAT-1,False,CCGTGGATCTTGTCAT-1_contig_2,False,405,TRB,TRBV13-2,None,TRBJ1-2,TRBC1,True,False,CASGGGTGNSDYTF,TGTGCCAGCGGTGGGGGGACAGGGAACTCCGACTACACCTTC,334,1,None,None
CCGTTCAAGATCTGAA-1,False,CCGTTCAAGATCTGAA-1_contig_1,False,564,TRB,TRBV12-2+TRBV13-2,None,TRBJ1-2,TRBC1,True,True,CASGGGTGNSDYTF,TGTGCCAGCGGTGGGGGGACAGGGAACTCCGACTACACCTTC,896,1,None,None
CCGTTCAAGCTGAAAT-1,False,CCGTTCAAGCTGAAAT-1_contig_1,False,567,TRB,TRBV12-2+TRBV13-2,None,TRBJ2-1,None,True,True,CASGDPFQFF,TGTGCCAGCGGTGATCCTTTCCAGTTCTTC,1636,1,None,None
CCGTTCAAGCTGAAAT-1,False,CCGTTCAAGCTGAAAT-1_contig_2,True,579,TRB,TRBV12-2+TRBV13-2,None,TRBJ1-5,TRBC1,True,True,CASGTGDNQAPLF,TGTGCCAGCGGTACAGGAGACAACCAGGCTCCGCTTTTT,1296,1,None,None
CCGTTCAAGCTGAAAT-1,False,CCGTTCAAGCTGAAAT-1_contig_3,True,530,TRB,TRBV5,None,TRBJ2-2,None,True,False,CASSTGQLYF,TGTGCCAGCAGCACCGGGCAGCTCTACTTT,1462,1,None,None
CCGTTCAAGCTGAAAT-1,False,CCGTTCAAGCTGAAAT-1_contig_4,True,561,TRB,None,None,TRBJ1-3,TRBC1,False,False,None,None,934,1,None,None
CCGTTCAAGGCGCTCT-1,False,CCGTTCAAGGCGCTCT-1_contig_1,False,549,TRB,TRBV13-2,None,TRBJ1-2,TRBC1,True,True,CASGGGTGNSDYTF,TGTGCCAGCGGTGGGGGGACAGGGAACTCCGACTACACCTTC,1568,1,None,None
CCGTTCACAAACCTAC-1,False,CCGTTCACAAACCTAC-1_contig_1,False,566,TRA,TRAV16,None,TRAJ48,TRAC,True,True,CAMRESNYGNEKITF,TGTGCTATGAGAGAGAGCAACTATGGAAATGAGAAAATAACTTTT,880,1,None,None
CCGTTCACATGCCACG-1,False,CCGTTCACATGCCACG-1_contig_1,False,519,TRB,TRBV26,None,TRBJ2-1,None,True,True,CASSLHKFYAEQFF,TGTGCCAGCAGTCTGCACAAATTCTATGCTGAGCAGTTCTTC,1178,1,None,None
CCGTTCACATGTTGAC-1,False,CCGTTCACATGTTGAC-1_contig_1,False,509,TRB,TRBV5,None,TRBJ2-5,None,True,True,CASSQDGVNQDTQYF,TGTGCCAGCAGCCAAGATGGGGTTAACCAAGACACCCAGTACTTT,1574,1,None,None
CCGTTCAGTAAGGGAA-1,False,CCGTTCAGTAAGGGAA-1_contig_1,False,580,TRB,TRBV12-2+TRBV13-2,None,TRBJ1-2,TRBC1,True,True,CASGGGTGNSDYTF,TGTGCCAGCGGTGGGGGGACAGGGAACTCCGACTACACCTTC,852,1,None,None
CCGTTCAGTTCGAATC-1,False,CCGTTCAGTTCGAATC-1_contig_1,False,542,TRA,TRAV6-6,None,TRAJ40,TRAC,True,False,CTTVLWVNTGNYKYVF,TGTACTACTGTGCTCTGGGTTAATACAGGAAACTACAAATACGTCTTT,2356,1,None,None
CCGTTCATCCCACTTG-1,False,CCGTTCATCCCACTTG-1_contig_1,False,557,TRB,TRBV12-2+TRBV13-2,None,TRBJ2-5,None,True,True,CASGAPDTQYF,TGTGCCAGCGGTGCCCCGGACACCCAGTACTTT,508,1,None,None
CCGTTCATCGAGAGCA-1,False,CCGTTCATCGAGAGCA-1_contig_1,False,594,TRB,TRBV12-2+TRBV13-2,None,TRBJ1-2,TRBC1,True,True,CASGGGTGNSDYTF,TGTGCCAGCGGTGGGGGGACAGGGAACTCCGACTACACCTTC,1454,1,None,None
CCTAAAGAGATGTCGG-1,False,CCTAAAGAGATGTCGG-1_contig_1,False,561,TRA,TRAV8-1,None,TRAJ17,TRAC,True,True,CATHSAGNKLTF,TGTGCTACTCACAGTGCAGGGAACAAGCTAACTTTT,1938,1,None,None
CCTAAAGAGATTACCC-1,False,CCTAAAGAGATTACCC-1_contig_1,False,561,TRB,TRBV12-2+TRBV13-2,None,TRBJ2-7,None,True,True,CASGVQGEQYF,TGTGCCAGCGGTGTTCAGGGAGAACAGTACTTC,1516,1,None,None
CCTAAAGAGCTACCTA-1,False,CCTAAAGAGCTACCTA-1_contig_1,False,566,TRB,TRBV12-2+TRBV13-2,None,TRBJ1-2,TRBC1,True,True,CASGGGTGNSDYTF,TGTGCCAGCGGTGGGGGGACAGGGAACTCCGACTACACCTTC,1222,1,None,None
CCTAAAGCAACACCCG-1,False,CCTAAAGCAACACCCG-1_contig_1,False,407,TRA,None,None,TRAJ26,TRAC,False,False,None,None,1920,1,None,None
CCTAAAGCAGGATCGA-1,False,CCTAAAGCAGGATCGA-1_contig_1,False,525,TRB,TRBV17,None,TRBJ2-5,None,True,True,CASSRKGVQDTQYF,TGTGCTAGCAGTAGAAAGGGGGTCCAAGACACCCAGTACTTT,2454,1,None,None
CCTAAAGCAGGATCGA-1,False,CCTAAAGCAGGATCGA-1_contig_2,False,349,TRB,None,None,TRBJ1-2,TRBC1,False,False,None,None,3086,1,None,None
CCTAAAGCAGGATTGG-1,False,CCTAAAGCAGGATTGG-1_contig_1,False,566,TRA,TRAV16,None,TRAJ57,TRAC,True,True,CAMREPQGGSAKLIF,TGTGCTATGAGAGAGCCTCAAGGAGGGTCTGCGAAGCTCATCTTT,3114,4,None,None
CCTAAAGCAGGATTGG-1,False,CCTAAAGCAGGATTGG-1_contig_2,False,532,TRA,TRAV13-4-DV7,None,TRAJ58,TRAC,True,True,CAPMQQGTGSKLSF,TGTGCTCCTATGCAGCAAGGCACTGGGTCTAAGCTGTCATTT,13982,15,None,None
CCTAAAGCAGGATTGG-1,False,CCTAAAGCAGGATTGG-1_contig_3,False,563,TRA,TRAV16,None,TRAJ45,TRAC,True,True,CAMRDPEGADRLTF,TGTGCTATGAGAGATCCAGAAGGTGCAGATAGACTCACCTTT,3036,4,None,None
CCTAAAGCAGGATTGG-1,False,CCTAAAGCAGGATTGG-1_contig_4,False,525,TRB,TRBV17,None,TRBJ2-5,None,True,True,CASSRKGVQDTQYF,TGTGCTAGCAGTAGAAAGGGGGTCCAAGACACCCAGTACTTT,48840,52,None,None
CCTAAAGCAGGATTGG-1,False,CCTAAAGCAGGATTGG-1_contig_5,False,522,TRA,TRAV7-5,None,TRAJ56,TRAC,True,False,CSERTGGNNKLTF,TGCAGTGAGCGCACTGGAGGCAATAATAAGCTGACTTTT,1470,1,None,None
CCTAAAGCAGTTAACC-1,False,CCTAAAGCAGTTAACC-1_contig_1,False,509,TRB,TRBV13-1,None,TRBJ2-7,None,True,True,CASSGPLEQYF,TGTGCCAGCAGTGGGCCCCTGGAACAGTACTTC,150,2,None,None
CCTAAAGCATAAAGGT-1,False,CCTAAAGCATAAAGGT-1_contig_1,True,635,TRB,TRBV12-2+TRBV13-2,None,TRBJ1-5,TRBC1,True,True,CASGDGDIQAPLF,TGTGCCAGCGGTGATGGGGACATCCAGGCTCCGCTTTTT,1108,2,None,None
CCTAAAGCATAAAGGT-1,False,CCTAAAGCATAAAGGT-1_contig_2,True,482,TRA,TRAV8D-1,None,TRAJ5,TRAC,True,False,CATDGDTGLGQLTF,TGTGCTACTGATGGGGACACAGGTCTGGGGCAGCTCACTTTC,1774,1,None,None
CCTAAAGCATAAAGGT-1,False,CCTAAAGCATAAAGGT-1_contig_3,True,371,TRB,None,None,TRBJ2-3,None,False,False,None,None,1966,1,None,None
CCTAAAGCATAAAGGT-1,False,CCTAAAGCATAAAGGT-1_contig_4,True,499,TRB,TRBV31,None,TRBJ2-7,None,True,False,None,None,5296,3,None,None
CCTAAAGCATAAAGGT-1,False,CCTAAAGCATAAAGGT-1_contig_5,True,518,TRA,TRAV21-DV12,None,TRAJ42,TRAC,True,False,CILRVHGGSNAKLTF,TGTATCCTGAGAGTCCATGGAGGAAGCAATGCAAAGCTAACCTTC,1736,1,None,None
CCTAAAGCATCCGTGG-1,False,CCTAAAGCATCCGTGG-1_contig_1,False,523,TRA,TRAV8-1,None,TRAJ30,TRAC,True,True,CATDTNAYKVIF,TGTGCTACTGACACAAATGCTTACAAAGTCATCTTT,1970,1,None,None
CCTAAAGCATCCGTGG-1,False,CCTAAAGCATCCGTGG-1_contig_2,False,636,TRB,TRBV12-2+TRBV13-2,None,TRBJ1-5,TRBC1,True,True,CASGTGDNQAPLF,TGTGCCAGCGGGACAGGGGACAACCAGGCTCCGCTTTTT,1574,1,None,None
CCTAAAGCATGGTCAT-1,False,CCTAAAGCATGGTCAT-1_contig_1,True,558,TRA,TRAV19,None,TRAJ39,TRAC,True,True,CAAGGNNAGAKLTF,TGCGCAGCAGGTGGGAATAATGCAGGTGCCAAGCTCACATTC,2252,2,None,None
CCTAAAGCATGGTCAT-1,False,CCTAAAGCATGGTCAT-1_contig_2,True,358,TRB,TRBV13-2,None,TRBJ1-2,TRBC1,True,False,CASGGGTGNSDYTF,TGTGCCAGCGGTGGGGGGACAGGGAACTCCGACTACACCTTC,3322,2,None,None
CCTAAAGGTAAGGATT-1,False,CCTAAAGGTAAGGATT-1_contig_1,False,513,TRB,TRBV12-2+TRBV13-2,None,TRBJ2-7,None,True,False,CASGTGGDYEQYF,TGTGCCAGCGGGACTGGGGGGGACTATGAACAGTACTTC,1054,1,None,None
CCTAAAGGTAAGGGAA-1,False,CCTAAAGGTAAGGGAA-1_contig_1,False,336,TRB,None,None,TRBJ2-3,None,False,False,None,None,2332,1,None,None
CCTAAAGGTAATCGTC-1,False,CCTAAAGGTAATCGTC-1_contig_1,False,565,TRB,TRBV12-2+TRBV13-2,None,TRBJ1-5,TRBC1,True,True,CASGTGDNQAPLF,TGTGCCAGCGGTACAGGAGACAACCAGGCTCCGCTTTTT,1050,1,None,None
CCTAAAGGTCGAGATG-1,False,CCTAAAGGTCGAGATG-1_contig_1,False,564,TRB,TRBV12-2+TRBV13-2,None,TRBJ1-5,TRBC1,True,True,CASGTGDNQAPLF,TGTGCCAGCGGTACAGGAGACAACCAGGCTCCGCTTTTT,1274,1,None,None
CCTAAAGGTGTGAAAT-1,False,CCTAAAGGTGTGAAAT-1_contig_1,False,549,TRB,TRBV16,None,TRBJ2-5,None,True,True,CASSLGGGQDTQYF,TGTGCAAGCAGCTTAGGGGGGGGCCAAGACACCCAGTACTTT,654,1,None,None
CCTAAAGGTGTGAAAT-1,False,CCTAAAGGTGTGAAAT-1_contig_2,True,565,TRA,TRAV3-3,None,TRAJ45,TRAC,True,True,CAVRNTEGADRLTF,TGCGCAGTCAGGAATACAGAAGGTGCAGATAGACTCACCTTT,3662,3,None,None
CCTAAAGGTTTCCACC-1,False,CCTAAAGGTTTCCACC-1_contig_1,False,574,TRB,TRBV12-2+TRBV13-2,None,TRBJ2-3,None,True,True,CASGDAPPGEGTLYF,TGTGCCAGCGGTGATGCACCTCCAGGGGAGGGAACGCTGTATTTT,1300,1,None,None
CCTAAAGTCACGATGT-1,False,CCTAAAGTCACGATGT-1_contig_1,False,558,TRB,TRBV12-2+TRBV13-2,None,TRBJ2-7,None,True,True,CASGVQGEQYF,TGTGCCAGCGGTGTTCAGGGAGAACAGTACTTC,310,1,None,None
CCTAAAGTCAGTCCCT-1,False,CCTAAAGTCAGTCCCT-1_contig_1,False,505,TRB,TRBV13-1,None,TRBJ2-4,None,True,True,CASSEGTNTLYF,TGTGCCAGCAGTGAAGGAACAAACACCTTGTACTTT,264,1,None,None
CCTAAAGTCGTGGGAA-1,False,CCTAAAGTCGTGGGAA-1_contig_1,False,568,TRB,TRBV12-2+TRBV13-2,None,TRBJ1-2,TRBC1,True,True,CASGGGTGNSDYTF,TGTGCCAGCGGTGGGGGGACAGGGAACTCCGACTACACCTTC,758,1,None,None
CCTAAAGTCTCCGGTT-1,False,CCTAAAGTCTCCGGTT-1_contig_1,False,560,TRA,TRAV4D-3,None,TRAJ27,TRAC,True,True,CAADGPNTGKLTF,TGTGCTGCGGACGGACCCAATACAGGCAAATTAACCTTT,1930,1,None,None
CCTAAAGTCTCTGCTG-1,False,CCTAAAGTCTCTGCTG-1_contig_1,False,512,TRA,TRAV13-4-DV7,None,TRAJ58,TRAC,True,True,CAPMQQGTGSKLSF,TGTGCTCCTATGCAGCAAGGCACTGGGTCTAAGCTGTCATTT,1348,1,None,None
CCTAAAGTCTTGGGTA-1,False,CCTAAAGTCTTGGGTA-1_contig_1,False,553,TRB,TRBV12-2+TRBV13-2,None,TRBJ1-2,TRBC1,True,True,CASGGGTGNSDYTF,TGTGCCAGCGGTGGGGGGACAGGGAACTCCGACTACACCTTC,1276,1,None,None
CCTACACAGCACAGGT-1,False,CCTACACAGCACAGGT-1_contig_1,False,591,TRB,TRBV12-2+TRBV13-2,None,TRBJ2-7,None,True,True,CASGVQGEQYF,TGTGCCAGCGGTGTTCAGGGAGAACAGTACTTC,1262,1,None,None
CCTACACAGCCACCTG-1,False,CCTACACAGCCACCTG-1_contig_1,False,651,TRA,TRAV14N-3,None,TRAJ34,TRAC,True,True,CAASAWANTNKVVF,TGTGCAGCAAGTGCATGGGCCAATACCAACAAAGTCGTCTTT,1818,1,None,None
CCTACACAGCCTCGTG-1,False,CCTACACAGCCTCGTG-1_contig_1,False,632,TRB,TRBV5,None,TRBJ2-5,None,True,False,CASSQDGVNQDTQYF,TGTGCCAGCAGCCAAGATGGGGTTAACCAAGACACCCAGTACTTT,1554,1,None,None
CCTACACAGCTAGTGG-1,False,CCTACACAGCTAGTGG-1_contig_1,False,549,TRB,TRBV16,None,TRBJ2-7,None,True,True,CASSFGGGADEQYF,TGTGCAAGCAGCTTTGGTGGGGGGGCGGATGAACAGTACTTC,500,1,None,None
CCTACACAGGACATTA-1,False,CCTACACAGGACATTA-1_contig_1,False,556,TRB,TRBV12-2+TRBV13-2,None,TRBJ2-7,None,True,True,CASGVQGEQYF,TGTGCCAGCGGTGTTCAGGGAGAACAGTACTTC,664,2,None,None
CCTACACCAATCTGCA-1,False,CCTACACCAATCTGCA-1_contig_1,False,566,TRB,TRBV12-2+TRBV13-2,None,TRBJ1-5,TRBC1,True,True,CASGTGDNQAPLF,TGTGCCAGCGGTACAGGGGACAACCAGGCTCCGCTTTTT,1048,1,None,None
CCTACACCAGATCCAT-1,False,CCTACACCAGATCCAT-1_contig_1,False,559,TRB,TRBV12-2+TRBV13-2,None,TRBJ2-7,None,True,True,CASGVQGEQYF,TGTGCCAGCGGTGTTCAGGGAGAACAGTACTTC,474,1,None,None
CCTACACCAGATCCAT-1,False,CCTACACCAGATCCAT-1_contig_2,False,568,TRB,TRBV12-2+TRBV13-2,None,TRBJ1-2,TRBC1,True,True,CASGGGTGNSDYTF,TGTGCCAGCGGTGGGGGGACAGGGAACTCCGACTACACCTTC,1370,1,None,None
CCTACACGTCCATCCT-1,False,CCTACACGTCCATCCT-1_contig_1,False,541,TRA,TRAV8D-1,None,TRAJ30,TRAC,True,True,CATDTNAYKVIF,TGTGCTACTGACACAAATGCTTACAAAGTCATCTTT,1426,1,None,None
CCTACACGTCCGTGAC-1,False,CCTACACGTCCGTGAC-1_contig_1,False,372,TRB,None,None,TRBJ1-3,TRBC1,False,False,None,None,2268,2,None,None
CCTACACGTCTAGTCA-1,False,CCTACACGTCTAGTCA-1_contig_1,False,428,TRA,None,None,TRAJ17,TRAC,False,False,None,None,2786,1,None,None
CCTACACGTCTGATCA-1,False,CCTACACGTCTGATCA-1_contig_1,False,566,TRB,TRBV12-2+TRBV13-2,None,TRBJ1-4,TRBC1,True,False,None,None,1636,1,None,None
CCTACACGTGTGTGCC-1,False,CCTACACGTGTGTGCC-1_contig_1,False,567,TRB,TRBV12-2+TRBV13-2,None,TRBJ2-7,None,True,True,CASGTGGDYEQYF,TGTGCCAGCGGGACTGGGGGGGACTATGAACAGTACTTC,934,1,None,None
CCTACCAAGAAACCAT-1,False,CCTACCAAGAAACCAT-1_contig_1,False,534,TRA,TRAV6-6,None,TRAJ24,TRAC,True,True,CAPLTTASLGKLQF,TGTGCTCCGTTGACAACTGCCAGTTTGGGGAAACTGCAGTTT,460,1,None,None
CCTACCAAGCAGCGTA-1,False,CCTACCAAGCAGCGTA-1_contig_1,False,580,TRB,TRBV12-2+TRBV13-2,None,TRBJ1-2,TRBC1,True,True,CASGGGTGNSDYTF,TGTGCCAGCGGTGGGGGGACAGGGAACTCCGACTACACCTTC,982,1,None,None
CCTACCAAGCCGGTAA-1,False,CCTACCAAGCCGGTAA-1_contig_1,False,501,TRA,TRAV14D-3-DV8,None,TRAJ6,TRAC,True,False,CAARTSGGNYKPTF,TGTGCAGCAAGAACCTCAGGAGGAAACTACAAACCTACGTTT,2204,1,None,None
CCTACCAAGCTCCTTC-1,False,CCTACCAAGCTCCTTC-1_contig_1,False,557,TRA,TRAV19,None,TRAJ39,TRAC,True,True,CAAGGNNAGAKLTF,TGCGCAGCAGGTGGGAATAATGCAGGTGCCAAGCTCACATTC,1670,1,None,None
CCTACCAAGCTCCTTC-1,False,CCTACCAAGCTCCTTC-1_contig_2,False,483,TRB,TRBV13-1,None,TRBJ2-4,None,True,False,CASSEGTNTLYF,TGTGCCAGCAGTGAAGGAACAAACACCTTGTACTTT,734,1,None,None
CCTACCAAGGAGTACC-1,False,CCTACCAAGGAGTACC-1_contig_1,False,501,TRB,TRBV13-1,None,TRBJ2-4,None,True,True,CASSEGTNTLYF,TGTGCCAGCAGTGAAGGAACAAACACCTTGTACTTT,1462,1,None,None
CCTACCAAGTCCGGTC-1,False,CCTACCAAGTCCGGTC-1_contig_1,False,524,TRA,TRAV6D-5,None,TRAJ43,TRAC,True,False,None,None,1772,1,None,None
CCTACCAAGTGTTTGC-1,False,CCTACCAAGTGTTTGC-1_contig_1,False,563,TRB,TRBV12-2+TRBV13-2,None,TRBJ2-1,None,True,True,CASERGALAEQFF,TGTGCCAGCGAAAGGGGGGCGCTGGCTGAGCAGTTCTTC,1690,1,None,None
CCTACCACAATAGAGT-1,False,CCTACCACAATAGAGT-1_contig_1,False,525,TRA,TRAV7N-6,None,TRAJ30,TRAC,True,True,CAVVDTNAYKVIF,TGTGCAGTGGTTGACACAAATGCTTACAAAGTCATCTTT,1836,1,None,None
CCTACCACAATGTAAG-1,False,CCTACCACAATGTAAG-1_contig_1,False,598,TRB,TRBV12-2+TRBV13-2,None,TRBJ2-5,None,True,True,CASGAGMEDTQYF,TGTGCCAGCGGTGCAGGGATGGAAGACACCCAGTACTTT,1734,1,None,None
CCTACCACAATGTAAG-1,False,CCTACCACAATGTAAG-1_contig_2,False,515,TRB,TRBV13-1,None,TRBJ2-1,None,True,True,CASSAGDYAEQFF,TGTGCCAGCAGTGCTGGGGACTATGCTGAGCAGTTCTTC,2010,1,None,None
CCTACCACACCAGGTC-1,False,CCTACCACACCAGGTC-1_contig_1,False,571,TRB,TRBV12-2+TRBV13-2,None,TRBJ1-2,TRBC1,True,True,CASGGGTGNSDYTF,TGTGCCAGCGGTGGGGGGACAGGGAACTCCGACTACACCTTC,1104,1,None,None
CCTACCACACGAAAGC-1,False,CCTACCACACGAAAGC-1_contig_1,False,500,TRB,TRBV13-1,None,TRBJ2-3,None,True,True,CASGDSAETLYF,TGTGCCAGCGGGGACAGTGCAGAAACGCTGTATTTT,2392,1,None,None
CCTACCACACGGTTTA-1,False,CCTACCACACGGTTTA-1_contig_1,False,577,TRA,TRAV16D-DV11,None,TRAJ25,TRAC,True,False,None,None,2072,1,None,None
CCTACCACATATACGC-1,False,CCTACCACATATACGC-1_contig_1,False,571,TRB,TRBV12-2+TRBV13-2,None,TRBJ1-2,TRBC1,True,True,CASGGGTGNSDYTF,TGTGCCAGCGGTGGGGGGACAGGGAACTCCGACTACACCTTC,1636,1,None,None
CCTACCACATGCCCGA-1,False,CCTACCACATGCCCGA-1_contig_1,False,640,TRB,TRBV12-2+TRBV13-2,None,TRBJ1-2,TRBC1,True,True,CASGGGTGNSDYTF,TGTGCCAGCGGTGGGGGGACAGGGAACTCCGACTACACCTTC,1208,1,None,None
CCTACCAGTAGCGATG-1,False,CCTACCAGTAGCGATG-1_contig_1,False,326,TRA,TRAV8D-1,None,TRAJ48,TRAC,True,False,CATDPNYGNEKITF,TGTGCTACTGATCCCAACTATGGAAATGAGAAAATAACTTTT,2452,1,None,None
CCTACCAGTAGCTGCC-1,False,CCTACCAGTAGCTGCC-1_contig_1,False,352,TRA,TRAV9-2,None,TRAJ30,TRAC,True,False,CVSDDTNAYKVIF,TGTGTTTCGGATGACACAAATGCTTACAAAGTCATCTTT,2734,1,None,None
CCTACCAGTCGCGGTT-1,False,CCTACCAGTCGCGGTT-1_contig_1,False,556,TRA,TRAV19,None,TRAJ39,TRAC,True,True,CAAGGNNAGAKLTF,TGCGCAGCAGGTGGGAATAATGCAGGTGCCAAGCTCACATTC,664,1,None,None
CCTACCAGTCGCGGTT-1,False,CCTACCAGTCGCGGTT-1_contig_2,False,566,TRB,TRBV12-2+TRBV13-2,None,TRBJ1-2,TRBC1,True,True,CASGGGTGNSDYTF,TGTGCCAGCGGTGGGGGGACAGGGAACTCCGACTACACCTTC,1062,1,None,None
CCTACCAGTCTGCGGT-1,False,CCTACCAGTCTGCGGT-1_contig_1,False,347,TRB,None,None,TRBJ2-7,None,False,False,None,None,1800,1,None,None
CCTACCAGTGGCGAAT-1,False,CCTACCAGTGGCGAAT-1_contig_1,False,308,TRB,None,None,TRBJ2-7,None,False,False,None,None,2046,1,None,None
CCTACCATCACTTCAT-1,False,CCTACCATCACTTCAT-1_contig_1,False,566,TRB,TRBV12-2+TRBV13-2,None,TRBJ1-2,TRBC1,True,True,CASGGGTGNSDYTF,TGTGCCAGCGGTGGGGGGACAGGGAACTCCGACTACACCTTC,1286,1,None,None
CCTACCATCCCTCAGT-1,False,CCTACCATCCCTCAGT-1_contig_1,False,566,TRB,TRBV12-2+TRBV13-2,None,TRBJ1-2,TRBC1,True,True,CASGGGTGNSDYTF,TGTGCCAGCGGTGGGGGGACAGGGAACTCCGACTACACCTTC,766,1,None,None
CCTACCATCGCATGGC-1,False,CCTACCATCGCATGGC-1_contig_1,False,479,TRB,TRBV12-2+TRBV13-2,None,TRBJ2-3,None,True,True,CASGDAPPGEGTLYF,TGTGCCAGCGGTGATGCACCTCCAGGGGAGGGAACGCTGTATTTT,986,1,None,None
CCTACCATCGCCCTTA-1,False,CCTACCATCGCCCTTA-1_contig_1,False,527,TRA,TRAV14-2,None,TRAJ6,TRAC,True,True,CAARTSGGNYKPTF,TGTGCAGCAAGAACCTCAGGAGGAAACTACAAACCTACGTTT,754,1,None,None
CCTACCATCGTAGGAG-1,False,CCTACCATCGTAGGAG-1_contig_1,False,543,TRB,TRBV16,None,TRBJ2-5,None,True,True,CASSLGGGQDTQYF,TGTGCAAGCAGCTTAGGGGGGGGCCAAGACACCCAGTACTTT,1174,1,None,None
CCTACCATCGTGTAGT-1,False,CCTACCATCGTGTAGT-1_contig_1,False,537,TRA,TRAV6D-5,None,TRAJ38,TRAC,True,False,CTTVFWDNVGDNSKLIW,TGTACTACTGTGTTCTGGGATAATGTTGGTGACAACAGTAAGCTGATTTGG,386,1,None,None
CCTACCATCTACCAGA-1,False,CCTACCATCTACCAGA-1_contig_1,False,568,TRB,TRBV12-2+TRBV13-2,None,TRBJ1-2,TRBC1,True,True,CASGGGTGNSDYTF,TGTGCCAGCGGTGGGGGGACAGGGAACTCCGACTACACCTTC,1506,1,None,None
CCTACCATCTATCCTA-1,False,CCTACCATCTATCCTA-1_contig_1,False,508,TRA,TRAV13-2,None,TRAJ43,TRAC,True,True,CATLNNNNAPRF,TGTGCTACTCTCAATAACAACAATGCCCCACGATTT,1996,1,None,None
CCTAGCTAGACAGAGA-1,False,CCTAGCTAGACAGAGA-1_contig_1,False,522,TRB,TRBV31,None,TRBJ2-3,None,True,True,CAWSLLLGGSAETLYF,TGTGCCTGGAGTCTACTCCTGGGGGGAAGTGCAGAAACGCTGTATTTT,1518,1,None,None
CCTAGCTAGACAGAGA-1,False,CCTAGCTAGACAGAGA-1_contig_2,False,558,TRA,TRAV4D-3,None,TRAJ27,TRAC,True,True,CAADGPNTGKLTF,TGTGCTGCTGACGGGCCCAATACAGGCAAATTAACCTTT,1644,1,None,None
CCTAGCTAGACGCACA-1,False,CCTAGCTAGACGCACA-1_contig_1,False,435,TRA,TRAV14N-3,None,TRAJ40,None,True,False,CAATGVNTGNYKYVF,TGTGCAGCAACTGGTGTTAATACAGGAAACTACAAATACGTCTTT,152,1,None,None
CCTAGCTAGAGACTAT-1,False,CCTAGCTAGAGACTAT-1_contig_1,False,349,TRB,None,None,TRBJ1-4,TRBC1,False,False,None,None,1174,1,None,None
CCTAGCTAGATCCTGT-1,False,CCTAGCTAGATCCTGT-1_contig_1,False,549,TRB,TRBV16,None,TRBJ2-5,None,True,True,CASSLGGGQDTQYF,TGTGCAAGCAGCTTAGGGGGGGGCCAAGACACCCAGTACTTT,958,1,None,None
CCTAGCTAGCCTTGAT-1,False,CCTAGCTAGCCTTGAT-1_contig_1,False,549,TRB,TRBV16,None,TRBJ2-7,None,True,True,CASSFGGGADEQYF,TGTGCAAGCAGCTTTGGTGGGGGGGCGGATGAACAGTACTTC,974,1,None,None
CCTAGCTAGCGATTCT-1,False,CCTAGCTAGCGATTCT-1_contig_1,False,506,TRB,None,None,TRBJ2-7,None,False,False,None,None,324,1,None,None
CCTAGCTAGTGAAGTT-1,False,CCTAGCTAGTGAAGTT-1_contig_1,False,507,TRA,TRAV21-DV12,None,TRAJ42,TRAC,True,True,CILRVHGGSNAKLTF,TGTATCCTGAGAGTCCATGGAGGAAGCAATGCAAAGCTAACCTTC,1840,1,None,None
CCTAGCTAGTGAAGTT-1,False,CCTAGCTAGTGAAGTT-1_contig_2,False,559,TRB,TRBV12-2+TRBV13-2,None,TRBJ2-7,None,True,True,CASGVQGEQYF,TGTGCCAGCGGTGTTCAGGGAGAACAGTACTTC,1572,2,None,None
CCTAGCTCAAGCTGAG-1,False,CCTAGCTCAAGCTGAG-1_contig_1,False,523,TRA,TRAV14N-3,None,TRAJ6,TRAC,True,True,CAARTSGGNYKPTF,TGTGCAGCAAGAACCTCAGGAGGAAACTACAAACCTACGTTT,538,1,None,None
CCTAGCTCAAGTTGTC-1,False,CCTAGCTCAAGTTGTC-1_contig_1,False,512,TRB,TRBV13-1,None,TRBJ2-4,None,True,True,CASSEGTNTLYF,TGTGCCAGCAGTGAAGGAACAAACACCTTGTACTTT,1622,1,None,None
CCTAGCTCAATGGACG-1,False,CCTAGCTCAATGGACG-1_contig_1,False,549,TRB,TRBV16,None,TRBJ2-5,None,True,True,CASSLGGGQDTQYF,TGTGCAAGCAGCTTAGGGGGGGGCCAAGACACCCAGTACTTT,1188,1,None,None
CCTAGCTCATCGATGT-1,False,CCTAGCTCATCGATGT-1_contig_1,False,592,TRB,TRBV12-2+TRBV13-2,None,TRBJ1-5,TRBC1,True,True,CASGTGDNQAPLF,TGTGCCAGCGGGACGGGGGACAACCAGGCTCCGCTTTTT,1326,1,None,None
CCTAGCTCATGCGCAC-1,False,CCTAGCTCATGCGCAC-1_contig_1,False,560,TRB,TRBV12-2+TRBV13-2,None,TRBJ1-5,TRBC1,True,True,CASGTGDNQAPLF,TGTGCCAGCGGGACAGGAGACAACCAGGCTCCGCTTTTT,480,2,None,None
CCTAGCTCATGTAAGA-1,False,CCTAGCTCATGTAAGA-1_contig_1,False,558,TRB,TRBV12-2,None,TRBJ2-5,None,True,True,CASSLQGVQDTQYF,TGTGCCAGCTCTCTCCAGGGGGTCCAAGACACCCAGTACTTT,1820,1,None,None
CCTAGCTGTACTTGAC-1,False,CCTAGCTGTACTTGAC-1_contig_1,False,519,TRA,TRAV6-6,None,TRAJ24,TRAC,True,True,CAPLTTASLGKLQF,TGTGCTCCGTTGACAACTGCCAGTTTGGGGAAACTGCAGTTT,16192,11,None,None
CCTAGCTGTACTTGAC-1,False,CCTAGCTGTACTTGAC-1_contig_2,False,593,TRA,TRAV19,None,TRAJ39,TRAC,True,True,CAAGGNNAGAKLTF,TGCGCAGCAGGTGGGAATAATGCAGGTGCCAAGCTCACATTC,7704,6,None,None
CCTAGCTGTACTTGAC-1,False,CCTAGCTGTACTTGAC-1_contig_3,False,512,TRB,TRBV13-1,None,TRBJ2-4,None,True,True,CASSEGTNTLYF,TGTGCCAGCAGTGAAGGAACAAACACCTTGTACTTT,17618,14,None,None
CCTAGCTGTACTTGAC-1,False,CCTAGCTGTACTTGAC-1_contig_4,False,570,TRB,TRBV12-2+TRBV13-2,None,TRBJ1-2,TRBC1,True,True,CASGGGTGNSDYTF,TGTGCCAGCGGTGGGGGGACAGGGAACTCCGACTACACCTTC,11694,12,None,None
CCTAGCTGTACTTGAC-1,False,CCTAGCTGTACTTGAC-1_contig_5,False,732,TRA,TRAV9D-2,None,TRAJ26,TRAC,True,True,CVLSRGNNYAQGLTF,TGTGTTCTGAGCAGGGGCAATAACTATGCCCAGGGATTAACCTTC,10672,6,None,None
CCTAGCTGTACTTGAC-1,False,CCTAGCTGTACTTGAC-1_contig_6,False,344,TRB,None,None,TRBJ2-1,None,False,False,None,None,10512,9,None,None
CCTAGCTGTACTTGAC-1,False,CCTAGCTGTACTTGAC-1_contig_7,False,399,TRA,TRAV10D,None,None,None,False,False,None,None,78,1,None,None
CCTAGCTGTACTTGAC-1,False,CCTAGCTGTACTTGAC-1_contig_8,False,519,TRA,TRAV7-5,None,TRAJ45,TRAC,True,False,CSDTEGADRLTF,TGCAGTGATACAGAAGGTGCAGATAGACTCACCTTT,346,1,None,None
CCTAGCTGTCATGCCG-1,False,CCTAGCTGTCATGCCG-1_contig_1,False,586,TRB,TRBV13-1,None,TRBJ1-4,TRBC1,True,False,CASGTGANERLFF,TGTGCCAGCGGGACAGGGGCCAACGAAAGATTATTTTTC,1066,1,None,None
CCTAGCTGTCGGATCC-1,False,CCTAGCTGTCGGATCC-1_contig_1,False,565,TRB,TRBV12-2+TRBV13-2,None,TRBJ1-5,TRBC1,True,True,CASGTGDNQAPLF,TGTGCCAGCGGGACAGGGGACAACCAGGCTCCGCTTTTT,1238,1,None,None
CCTAGCTGTCTTTCAT-1,False,CCTAGCTGTCTTTCAT-1_contig_1,False,640,TRB,TRBV12-2+TRBV13-2,None,TRBJ1-2,TRBC1,True,True,CASGGGTGNSDYTF,TGTGCCAGCGGTGGGGGGACAGGGAACTCCGACTACACCTTC,1372,1,None,None
CCTAGCTGTGATAAGT-1,False,CCTAGCTGTGATAAGT-1_contig_1,False,522,TRB,TRBV31,None,TRBJ2-3,None,True,True,CAWSLLLGGSAETLYF,TGTGCCTGGAGTCTACTCCTGGGGGGAAGTGCAGAAACGCTGTATTTT,2716,1,None,None
CCTAGCTGTGCGATAG-1,False,CCTAGCTGTGCGATAG-1_contig_1,False,430,TRB,None,None,TRBJ2-1,None,False,False,None,None,2082,1,None,None
CCTAGCTGTTCCGGCA-1,False,CCTAGCTGTTCCGGCA-1_contig_1,False,505,TRB,TRBV13-1,None,TRBJ2-7,None,True,True,CASGTGGLEQYF,TGTGCCAGCGGGACTGGGGGTCTTGAACAGTACTTC,1118,1,None,None
CCTAGCTGTTGCCTCT-1,False,CCTAGCTGTTGCCTCT-1_contig_1,False,507,TRB,TRBV13-1,None,TRBJ1-2,TRBC1,True,False,None,None,1814,1,None,None
CCTAGCTGTTTAGCTG-1,False,CCTAGCTGTTTAGCTG-1_contig_1,False,519,TRA,TRAV8-1,None,TRAJ30,TRAC,True,True,CATDTNAYKVIF,TGTGCTACTGACACAAATGCTTACAAAGTCATCTTT,2480,1,None,None
CCTAGCTTCGGATGTT-1,False,CCTAGCTTCGGATGTT-1_contig_1,False,555,TRA,TRAV4-3,None,TRAJ27,TRAC,True,True,CAAANTNTGKLTF,TGTGCTGCTGCTAACACCAATACAGGCAAATTAACCTTT,1480,1,None,None
CCTAGCTTCTACTCAT-1,False,CCTAGCTTCTACTCAT-1_contig_1,False,560,TRB,TRBV12-2+TRBV13-2,None,TRBJ1-2,TRBC1,True,True,CASGGGTGNSDYTF,TGTGCCAGCGGTGGGGGGACAGGGAACTCCGACTACACCTTC,1350,1,None,None
CCTAGCTTCTCACATT-1,False,CCTAGCTTCTCACATT-1_contig_1,False,559,TRB,TRBV12-2+TRBV13-2,None,TRBJ2-7,None,True,True,CASGVQGEQYF,TGTGCCAGCGGTGTTCAGGGAGAACAGTACTTC,1262,1,None,None
CCTAGCTTCTCGTTTA-1,False,CCTAGCTTCTCGTTTA-1_contig_1,False,545,TRA,TRAV8-1,None,TRAJ30,TRAC,True,True,CATDARAYKVIF,TGTGCTACTGATGCACGGGCTTACAAAGTCATCTTT,1278,1,None,None
CCTATTAAGATTACCC-1,False,CCTATTAAGATTACCC-1_contig_1,False,503,TRB,TRBV13-1,None,TRBJ2-3,None,True,True,CASGDSAETLYF,TGTGCCAGCGGGGACAGTGCAGAAACGCTGTATTTT,776,1,None,None
CCTATTAAGGTAGCCA-1,False,CCTATTAAGGTAGCCA-1_contig_1,False,561,TRA,TRAV4-3,None,TRAJ42,TRAC,True,True,CAADNSGGSNAKLTF,TGTGCTGCTGATAATTCTGGAGGAAGCAATGCAAAGCTAACCTTC,674,1,None,None
CCTATTAAGTAGATGT-1,False,CCTATTAAGTAGATGT-1_contig_1,False,515,TRB,TRBV13-1,None,TRBJ2-1,None,True,True,CASSGGDYAEQFF,TGTGCCAGCAGTGGGGGGGACTATGCTGAGCAGTTCTTC,2078,1,None,None
CCTATTACACCACCAG-1,False,CCTATTACACCACCAG-1_contig_1,False,549,TRB,TRBV16,None,TRBJ1-2,TRBC1,True,True,CASSSGTGNSDYTF,TGTGCAAGCAGCTCCGGGACAGGGAACTCCGACTACACCTTC,1038,1,None,None
CCTATTACACCACCAG-1,False,CCTATTACACCACCAG-1_contig_2,False,549,TRB,TRBV16,None,TRBJ2-5,None,True,True,CASSLGGGQDTQYF,TGTGCAAGCAGCTTAGGGGGGGGCCAAGACACCCAGTACTTT,944,1,None,None
CCTATTAGTAGCGTGA-1,False,CCTATTAGTAGCGTGA-1_contig_1,False,323,TRB,None,None,TRBJ2-1,None,False,False,None,None,4062,1,None,None
CCTATTAGTCTCATCC-1,False,CCTATTAGTCTCATCC-1_contig_1,False,518,TRA,TRAV8-1,None,TRAJ30,TRAC,True,True,CATDTNAYKVIF,TGTGCTACTGACACAAATGCTTACAAAGTCATCTTT,1686,1,None,None
CCTATTAGTGGGTCAA-1,False,CCTATTAGTGGGTCAA-1_contig_1,False,527,TRB,TRBV15,None,TRBJ1-3,TRBC1,True,True,CASSLNRGSSGNTLYF,TGTGCCAGCAGTTTAAACAGGGGGAGTTCTGGAAATACGCTCTATTTT,250,2,None,None
CCTATTAGTTGGGACA-1,False,CCTATTAGTTGGGACA-1_contig_1,False,560,TRB,TRBV12-2+TRBV13-2,None,TRBJ1-2,TRBC1,True,True,CASGGGTGNSDYTF,TGTGCCAGCGGTGGGGGGACAGGGAACTCCGACTACACCTTC,1206,3,None,None
CCTATTATCATACGGT-1,False,CCTATTATCATACGGT-1_contig_1,False,519,TRA,TRAV19,None,TRAJ39,TRAC,True,True,CAAGGNNAGAKLTF,TGCGCAGCAGGTGGGAATAATGCAGGTGCCAAGCTCACATTC,1602,2,None,None
CCTCAGTAGCCACCTG-1,False,CCTCAGTAGCCACCTG-1_contig_1,False,566,TRB,TRBV12-2+TRBV13-2,None,TRBJ1-2,TRBC1,True,True,CASGGGTGNSDYTF,TGTGCCAGCGGTGGGGGGACAGGGAACTCCGACTACACCTTC,3128,2,None,None
CCTCAGTAGCTAACAA-1,False,CCTCAGTAGCTAACAA-1_contig_1,False,443,TRA,TRAV9D-2,None,TRAJ26,TRAC,True,False,CVLSRGNNYAQGLTF,TGTGTTCTGAGCAGGGGCAATAACTATGCCCAGGGATTAACCTTC,1358,1,None,None
CCTCAGTAGCTCAACT-1,False,CCTCAGTAGCTCAACT-1_contig_1,False,515,TRB,TRBV13-1,None,TRBJ1-4,TRBC1,True,True,CASGTGANERLFF,TGTGCCAGCGGGACAGGGGCCAACGAAAGATTATTTTTC,772,1,None,None
CCTCAGTAGCTTATCG-1,False,CCTCAGTAGCTTATCG-1_contig_1,False,353,TRA,None,None,TRAJ12,TRAC,False,False,None,None,42,1,None,None
CCTCAGTAGGACCACA-1,False,CCTCAGTAGGACCACA-1_contig_1,False,498,TRA,TRAV21-DV12,None,TRAJ42,TRAC,True,True,CILRVHGGSNAKLTF,TGTATCCTGAGAGTCCATGGAGGAAGCAATGCAAAGCTAACCTTC,1942,2,None,None
CCTCAGTCACCGTTGG-1,False,CCTCAGTCACCGTTGG-1_contig_1,False,374,TRB,None,None,TRBJ1-6,TRBC1,False,False,None,None,2158,1,None,None
CCTCAGTCACTACAGT-1,False,CCTCAGTCACTACAGT-1_contig_1,False,521,TRB,TRBV26,None,TRBJ2-1,None,True,True,CASSLHKFYAEQFF,TGTGCCAGCAGTCTGCACAAATTCTATGCTGAGCAGTTCTTC,1232,1,None,None
CCTCAGTCACTACAGT-1,False,CCTCAGTCACTACAGT-1_contig_2,False,527,TRA,TRAV6D-5,None,TRAJ38,TRAC,True,False,CTTVFWDNVGDNSKLIW,TGTACTACTGTGTTCTGGGATAATGTTGGTGACAACAGTAAGCTGATTTGG,1026,1,None,None
CCTCAGTGTAAGTGTA-1,False,CCTCAGTGTAAGTGTA-1_contig_1,False,538,TRA,TRAV6D-5,None,TRAJ38,TRAC,True,False,CTTVFWDNVGDNSKLIW,TGTACTACTGTGTTCTGGGATAATGTTGGTGACAACAGTAAGCTGATTTGG,284,1,None,None
CCTCAGTGTGATGTGG-1,False,CCTCAGTGTGATGTGG-1_contig_1,False,505,TRB,TRBV13-1,None,TRBJ2-3,None,True,True,CASGDSAETLYF,TGTGCCAGCGGGGACAGTGCAGAAACGCTGTATTTT,1500,1,None,None
CCTCAGTGTTTAAGCC-1,False,CCTCAGTGTTTAAGCC-1_contig_1,False,549,TRB,TRBV16,None,TRBJ2-5,None,True,True,CASSLGGGQDTQYF,TGTGCAAGCAGCTTAGGGGGGGGCCAAGACACCCAGTACTTT,1048,1,None,None
CCTCAGTGTTTGACAC-1,False,CCTCAGTGTTTGACAC-1_contig_1,False,564,TRB,TRBV12-2+TRBV13-2,None,TRBJ1-5,TRBC1,True,True,CASGTGDNQAPLF,TGTGCCAGCGGTACAGGGGACAACCAGGCTCCGCTTTTT,1580,1,None,None
CCTCAGTTCCCAAGTA-1,False,CCTCAGTTCCCAAGTA-1_contig_1,False,525,TRB,TRBV17,None,TRBJ2-5,None,True,True,CASSRKGSQDTQYF,TGTGCTAGCAGTAGAAAGGGTTCTCAAGACACCCAGTACTTT,4622,2,None,None
CCTCAGTTCCTACAGA-1,False,CCTCAGTTCCTACAGA-1_contig_1,False,549,TRB,TRBV16,None,TRBJ2-5,None,True,True,CASSLGGGQDTQYF,TGTGCAAGCAGCTTAGGGGGGGGCCAAGACACCCAGTACTTT,512,1,None,None
CCTCAGTTCGTTACGA-1,False,CCTCAGTTCGTTACGA-1_contig_1,False,534,TRA,TRAV7D-2,None,TRAJ31,TRAC,True,True,CAASIEDSNNRIFF,TGTGCAGCAAGCATAGAGGATAGCAATAACAGAATCTTCTTT,2762,1,None,None
CCTCAGTTCGTTACGA-1,False,CCTCAGTTCGTTACGA-1_contig_2,False,645,TRA,TRAV13-1,None,TRAJ42,TRAC,True,False,None,None,1356,1,None,None
CCTCTGAAGCTAAACA-1,False,CCTCTGAAGCTAAACA-1_contig_1,False,590,TRA,TRAV4D-3,None,TRAJ27,TRAC,True,True,CAADGPNTGKLTF,TGTGCTGCGGACGGACCCAATACAGGCAAATTAACCTTT,1730,1,None,None
CCTCTGACAAACGTGG-1,False,CCTCTGACAAACGTGG-1_contig_1,False,509,TRB,TRBV13-1,None,TRBJ2-2,None,True,True,CASSDPGQLYF,TGTGCCAGCAGTGACCCCGGGCAGCTCTACTTT,984,1,None,None
CCTCTGACACGAAACG-1,False,CCTCTGACACGAAACG-1_contig_1,False,549,TRB,TRBV16,None,TRBJ2-5,None,True,True,CASSLGGGADTQYF,TGTGCAAGCAGCTTAGGGGGGGGCGCGGACACCCAGTACTTT,1724,1,None,None
CCTCTGACACGAAACG-1,False,CCTCTGACACGAAACG-1_contig_2,False,522,TRB,TRBV5,None,TRBJ1-5,TRBC1,True,True,CASSQAGENNQAPLF,TGTGCCAGCAGCCAAGCAGGGGAGAACAACCAGGCTCCGCTTTTT,1192,1,None,None
CCTCTGACAGCTGTAT-1,False,CCTCTGACAGCTGTAT-1_contig_1,False,515,TRB,TRBV12-2+TRBV13-2,None,TRBJ1-5,TRBC1,True,False,CASGTGDNQAPLF,TGTGCCAGCGGGACAGGGGACAACCAGGCTCCGCTTTTT,1342,1,None,None
CCTCTGACAGTATGCT-1,False,CCTCTGACAGTATGCT-1_contig_1,False,569,TRB,TRBV12-2+TRBV13-2,None,TRBJ1-2,TRBC1,True,True,CASGGGTGNSDYTF,TGTGCCAGCGGTGGGGGGACAGGGAACTCCGACTACACCTTC,738,1,None,None
CCTCTGAGTAAAGTCA-1,False,CCTCTGAGTAAAGTCA-1_contig_1,False,538,TRA,TRAV16D-DV11,None,TRAJ26,TRAC,True,True,CAMREENNYAQGLTF,TGTGCTATGAGAGAGGAAAATAACTATGCCCAGGGATTAACCTTC,2338,1,None,None
CCTCTGAGTAGATTAG-1,False,CCTCTGAGTAGATTAG-1_contig_1,False,566,TRA,TRAV14D-3-DV8,None,TRAJ6,TRAC,True,True,CAARTSGGNYKPTF,TGTGCAGCAAGAACCTCAGGAGGAAACTACAAACCTACGTTT,2806,1,None,None
CCTCTGATCAAAGTAG-1,False,CCTCTGATCAAAGTAG-1_contig_1,False,507,TRB,TRBV31,None,TRBJ2-4,None,True,True,CAWDNQNTLYF,TGTGCCTGGGACAATCAAAACACCTTGTACTTT,2060,1,None,None
CCTCTGATCAACGGCC-1,False,CCTCTGATCAACGGCC-1_contig_1,False,658,TRB,TRBV12-2+TRBV13-2,None,TRBJ1-5,TRBC1,True,True,CASGTGDNQAPLF,TGTGCCAGCGGTACAGGGGACAACCAGGCTCCGCTTTTT,1144,1,None,None
CCTCTGATCACTCCTG-1,False,CCTCTGATCACTCCTG-1_contig_1,False,436,TRB,None,None,TRBJ2-7,None,False,False,None,None,2962,2,None,None
CCTCTGATCGAGCCCA-1,False,CCTCTGATCGAGCCCA-1_contig_1,False,512,TRB,TRBV13-1,None,TRBJ2-3,None,True,True,CASGDSAETLYF,TGTGCCAGCGGGGACAGTGCAGAAACGCTGTATTTT,784,1,None,None
CCTCTGATCTCTTGAT-1,False,CCTCTGATCTCTTGAT-1_contig_1,False,504,TRA,TRAV7-5,None,TRAJ45,TRAC,True,False,CSDTEGADRLTF,TGCAGTGATACAGAAGGTGCAGATAGACTCACCTTT,2964,1,None,None
CCTTACGAGAAACCGC-1,False,CCTTACGAGAAACCGC-1_contig_1,False,519,TRA,TRAV8-1,None,TRAJ30,TRAC,True,True,CATDTNAYKVIF,TGTGCTACTGACACAAATGCTTACAAAGTCATCTTT,2012,1,None,None
CCTTACGAGAAACCGC-1,False,CCTTACGAGAAACCGC-1_contig_2,True,595,TRA,TRAV7-4,None,TRAJ31,TRAC,True,False,None,None,1866,2,None,None
CCTTACGAGACTAAGT-1,False,CCTTACGAGACTAAGT-1_contig_1,False,505,TRB,TRBV13-1,None,TRBJ2-4,None,True,True,CASSEGTNTLYF,TGTGCCAGCAGTGAAGGAACAAACACCTTGTACTTT,1378,1,None,None
CCTTACGAGCGGATCA-1,False,CCTTACGAGCGGATCA-1_contig_1,False,510,TRB,TRBV13-1,None,TRBJ2-7,None,True,False,None,None,1524,1,None,None
CCTTACGAGCGTAGTG-1,False,CCTTACGAGCGTAGTG-1_contig_1,False,567,TRA,TRAV4D-3,None,TRAJ27,TRAC,True,True,CAADGPNTGKLTF,TGTGCTGCGGACGGACCCAATACAGGCAAATTAACCTTT,480,1,None,None
CCTTACGAGGAATCGC-1,False,CCTTACGAGGAATCGC-1_contig_1,False,564,TRB,TRBV12-2+TRBV13-2,None,TRBJ2-7,None,True,True,CASGVQGWEQYF,TGTGCCAGCGGTGTACAGGGGTGGGAACAGTACTTC,7084,8,None,None
CCTTACGAGGAATCGC-1,False,CCTTACGAGGAATCGC-1_contig_2,False,517,TRA,TRAV8-1,None,TRAJ30,TRAC,True,True,CATDTNAYKVIF,TGTGCTACTGACACAAATGCTTACAAAGTCATCTTT,5414,5,None,None
CCTTACGAGGAATCGC-1,False,CCTTACGAGGAATCGC-1_contig_3,False,571,TRB,TRBV12-2+TRBV13-2,None,TRBJ1-5,TRBC1,True,True,CASGTGDNQAPLF,TGTGCCAGCGGTACAGGGGACAACCAGGCTCCGCTTTTT,3520,3,None,None
CCTTACGAGGGAACGG-1,False,CCTTACGAGGGAACGG-1_contig_1,False,512,TRB,TRBV13-1,None,TRBJ2-4,None,True,True,CASSEGTNTLDF,TGTGCCAGCAGTGAAGGAACAAACACCTTGGACTTT,130,1,None,None
CCTTACGAGTGATCGG-1,False,CCTTACGAGTGATCGG-1_contig_1,False,575,TRB,TRBV13-1,None,TRBJ2-3,None,True,False,CASGDSAETLYF,TGTGCCAGCGGGGACAGTGCAGAAACGCTGTATTTT,1608,1,None,None
CCTTACGCACATTCGA-1,False,CCTTACGCACATTCGA-1_contig_1,False,564,TRB,TRBV12-2+TRBV13-2,None,TRBJ2-7,None,True,True,CASGTGGDYEQYF,TGTGCCAGCGGGACTGGGGGGGACTATGAACAGTACTTC,426,1,None,None
CCTTACGGTAAGAGAG-1,False,CCTTACGGTAAGAGAG-1_contig_1,False,559,TRB,TRBV12-2+TRBV13-2,None,TRBJ1-2,TRBC1,True,True,CASGGGTGNSDYTF,TGTGCCAGCGGTGGGGGGACAGGGAACTCCGACTACACCTTC,1136,1,None,None
CCTTACGGTACCGCTG-1,False,CCTTACGGTACCGCTG-1_contig_1,False,600,TRB,TRBV12-2+TRBV13-2,None,TRBJ2-7,None,True,True,CASGVQGEQYF,TGTGCCAGCGGTGTTCAGGGAGAACAGTACTTC,1294,1,None,None
CCTTACGGTAGAGTGC-1,False,CCTTACGGTAGAGTGC-1_contig_1,False,434,TRB,None,None,TRBJ1-2,TRBC1,False,False,None,None,2014,1,None,None
CCTTACGGTCTCGTTC-1,False,CCTTACGGTCTCGTTC-1_contig_1,False,555,TRB,TRBV12-2+TRBV13-2,None,TRBJ2-7,None,True,True,CASGVQGEQYF,TGTGCCAGCGGTGTTCAGGGAGAACAGTACTTC,732,1,None,None
CCTTACGGTTCCAACA-1,False,CCTTACGGTTCCAACA-1_contig_1,False,500,TRB,TRBV31,None,TRBJ2-4,None,True,True,CAWDNQNTLYF,TGTGCCTGGGACAATCAAAACACCTTGTACTTT,2814,1,None,None
CCTTACGGTTGCTCCT-1,False,CCTTACGGTTGCTCCT-1_contig_1,False,549,TRA,TRAV8N-2,None,TRAJ13,TRAC,True,True,CATEDSGTYQRF,TGTGCTACTGAGGATTCTGGGACTTACCAGAGGTTT,1770,1,None,None
CCTTACGTCCCACTTG-1,False,CCTTACGTCCCACTTG-1_contig_1,False,505,TRB,TRBV13-1,None,TRBJ2-4,None,True,True,CASSEGTNTLYF,TGTGCCAGCAGTGAAGGAACAAACACCTTGTACTTT,1658,1,None,None
CCTTACGTCCTACAGA-1,False,CCTTACGTCCTACAGA-1_contig_1,False,352,TRA,TRAV4D-3,None,TRAJ27,TRAC,True,False,CAADGPNTGKLTF,TGTGCTGCGGACGGACCCAATACAGGCAAATTAACCTTT,2502,1,None,None
CCTTACGTCGGACAAG-1,False,CCTTACGTCGGACAAG-1_contig_1,False,591,TRA,TRAV14N-3,None,TRAJ21,TRAC,True,True,CAARGNVLYF,TGTGCAGCAAGGGGCAACGTGCTTTACTTC,10922,7,None,None
CCTTACGTCGGACAAG-1,False,CCTTACGTCGGACAAG-1_contig_2,False,561,TRA,TRAV4-3,None,TRAJ42,TRAC,True,True,CAADNSGGSNAKLTF,TGTGCTGCTGATAATTCTGGAGGAAGCAATGCAAAGCTAACCTTC,16760,12,None,None
CCTTACGTCGGACAAG-1,False,CCTTACGTCGGACAAG-1_contig_3,False,505,TRB,TRBV13-1,None,TRBJ2-1,None,True,True,CASGGAYAEQFF,TGTGCCAGCGGGGGGGCGTATGCTGAGCAGTTCTTC,25406,22,None,None
CCTTACGTCGGACAAG-1,False,CCTTACGTCGGACAAG-1_contig_4,False,566,TRA,TRAV12-2,None,TRAJ34,TRAC,True,True,CALSGNTNKVVF,TGTGCTTTGAGTGGCAATACCAACAAAGTCGTCTTT,16506,11,None,None
CCTTACGTCGGACAAG-1,False,CCTTACGTCGGACAAG-1_contig_5,False,441,TRB,TRBV12-2+TRBV13-2,None,TRBJ2-3,None,True,False,CASGAGETLYF,TGTGCCAGCGGTGCTGGGGAAACGCTGTATTTT,4752,5,None,None
CCTTACGTCGGACAAG-1,False,CCTTACGTCGGACAAG-1_contig_6,False,693,TRA,None,None,TRAJ26,TRAC,False,False,None,None,2184,2,None,None
CCTTACGTCTGCAGTA-1,False,CCTTACGTCTGCAGTA-1_contig_1,False,641,TRB,TRBV12-2+TRBV13-2,None,TRBJ1-2,TRBC1,True,True,CASGGGTGNSDYTF,TGTGCCAGCGGTGGGGGGACAGGGAACTCCGACTACACCTTC,1250,1,None,None
CCTTACGTCTGGAGCC-1,False,CCTTACGTCTGGAGCC-1_contig_1,False,575,TRA,TRAV3D-3,None,TRAJ28,TRAC,True,False,CTSAQSVRGTGSNRLTF,TGTACTTCTGCGCAGTCAGTGAGGGGCACTGGGAGTAACAGGCTCACTTTT,684,1,None,None
CCTTCCCAGACATAAC-1,False,CCTTCCCAGACATAAC-1_contig_1,False,404,TRB,None,None,TRBJ1-3,TRBC1,False,False,None,None,1732,1,None,None
CCTTCCCAGGACCACA-1,False,CCTTCCCAGGACCACA-1_contig_1,False,555,TRB,TRBV12-2+TRBV13-2,None,TRBJ2-7,None,True,True,CASGVQGEQYF,TGTGCCAGCGGTGTTCAGGGAGAACAGTACTTC,462,1,None,None
CCTTCCCAGTGTTGAA-1,False,CCTTCCCAGTGTTGAA-1_contig_1,False,530,TRA,TRAV7D-2,None,TRAJ6,TRAC,True,True,CAAPTSGGNYKPTF,TGTGCAGCCCCAACCTCAGGAGGAAACTACAAACCTACGTTT,2428,1,None,None
CCTTCCCCACAGACAG-1,False,CCTTCCCCACAGACAG-1_contig_1,True,365,TRB,None,None,TRBJ1-1,TRBC1,False,False,None,None,2892,1,None,None
CCTTCCCCACTCTGTC-1,False,CCTTCCCCACTCTGTC-1_contig_1,False,558,TRB,TRBV12-2+TRBV13-2,None,TRBJ2-7,None,True,True,CASGVQGEQYF,TGTGCCAGCGGTGTTCAGGGAGAACAGTACTTC,1890,1,None,None
CCTTCCCCAGACAGGT-1,False,CCTTCCCCAGACAGGT-1_contig_1,False,515,TRB,TRBV13-1,None,TRBJ2-1,None,True,True,CASGGGDYAEQFF,TGTGCCAGCGGGGGGGGAGACTATGCTGAGCAGTTCTTC,1244,1,None,None
CCTTCCCCAGATCCAT-1,False,CCTTCCCCAGATCCAT-1_contig_1,False,508,TRB,TRBV13-1,None,TRBJ2-1,None,True,True,CASGGGDYAEQFF,TGTGCCAGCGGGGGGGGAGACTATGCTGAGCAGTTCTTC,1794,1,None,None
CCTTCCCCATCGACGC-1,False,CCTTCCCCATCGACGC-1_contig_1,False,568,TRB,TRBV12-2+TRBV13-2,None,TRBJ1-2,TRBC1,True,True,CASGGGTGNSDYTF,TGTGCCAGCGGTGGGGGGACAGGGAACTCCGACTACACCTTC,892,1,None,None
CCTTCCCGTAAGGGCT-1,False,CCTTCCCGTAAGGGCT-1_contig_1,False,555,TRA,TRAV3-3,None,TRAJ49,TRAC,True,True,CAVSGATGYQNFYF,TGCGCAGTCAGTGGGGCCACGGGTTACCAGAACTTCTATTTT,2284,1,None,None
CCTTCCCGTAAGGGCT-1,False,CCTTCCCGTAAGGGCT-1_contig_2,False,507,TRA,TRAV21-DV12,None,TRAJ42,TRAC,True,True,CILRVHGGSNAKLTF,TGTATCCTGAGAGTCCATGGAGGAAGCAATGCAAAGCTAACCTTC,3118,1,None,None
CCTTCCCGTAAGGGCT-1,False,CCTTCCCGTAAGGGCT-1_contig_3,False,505,TRB,TRBV13-1,None,TRBJ2-4,None,True,True,CASSEGTNTLYF,TGTGCCAGCAGTGAAGGAACAAACACCTTGTACTTT,2266,2,None,None
CCTTCCCGTCTGATCA-1,False,CCTTCCCGTCTGATCA-1_contig_1,False,568,TRA,TRAV8-1,None,TRAJ30,TRAC,True,True,CATDTNAYKVIF,TGTGCTACTGACACAAATGCTTACAAAGTCATCTTT,1442,1,None,None
CCTTCCCTCCAAACAC-1,False,CCTTCCCTCCAAACAC-1_contig_1,False,658,TRA,TRAV14-1,None,TRAJ45,TRAC,True,True,CAASLYTEGADRLTF,TGTGCAGCAAGTCTTTATACAGAAGGTGCAGATAGACTCACCTTT,2340,1,None,None
CCTTCCCTCCAGATCA-1,False,CCTTCCCTCCAGATCA-1_contig_1,False,520,TRB,TRBV12-2+TRBV13-2,None,TRBJ1-2,None,True,True,CASGGGTGNSDYTF,TGTGCCAGCGGTGGGGGGACAGGGAACTCCGACTACACCTTC,358,1,None,None
CCTTCCCTCCCTAACC-1,False,CCTTCCCTCCCTAACC-1_contig_1,False,580,TRB,TRBV12-2+TRBV13-2,None,TRBJ1-5,TRBC1,True,True,CASGTGDNQAPLF,TGTGCCAGCGGGACAGGCGACAACCAGGCTCCGCTTTTT,3648,2,None,None
CCTTCCCTCCCTAACC-1,False,CCTTCCCTCCCTAACC-1_contig_2,True,522,TRA,TRAV16D-DV11,None,TRAJ25,TRAC,True,False,None,None,2114,1,None,None
CCTTCCCTCTACTCAT-1,False,CCTTCCCTCTACTCAT-1_contig_1,False,549,TRB,TRBV16,None,TRBJ1-2,TRBC1,True,True,CASSSGTGNSDYTF,TGTGCAAGCAGCTCCGGGACAGGGAACTCCGACTACACCTTC,330,1,None,None
CCTTCCCTCTCAAACG-1,False,CCTTCCCTCTCAAACG-1_contig_1,False,578,TRB,None,None,TRBJ1-2,TRBC1,False,False,None,None,718,1,None,None
CCTTCCCTCTTGTCAT-1,False,CCTTCCCTCTTGTCAT-1_contig_1,False,549,TRB,TRBV16,None,TRBJ2-5,None,True,True,CASSLGGGQDTQYF,TGTGCAAGCAGCTTAGGGGGGGGCCAAGACACCCAGTACTTT,1270,1,None,None
CCTTCGAAGCTCTCGG-1,False,CCTTCGAAGCTCTCGG-1_contig_1,False,559,TRB,TRBV12-2+TRBV13-2,None,TRBJ2-4,None,True,True,CASGTGDTLYF,TGTGCCAGCGGTACGGGCGACACCTTGTACTTT,2178,3,None,None
CCTTCGAAGCTCTCGG-1,False,CCTTCGAAGCTCTCGG-1_contig_2,False,560,TRB,TRBV12-2+TRBV13-2,None,TRBJ2-7,None,True,True,CASGTGGDYEQYF,TGTGCCAGCGGGACTGGGGGGGACTATGAACAGTACTTC,1866,1,None,None
CCTTCGAAGTACGACG-1,False,CCTTCGAAGTACGACG-1_contig_1,False,539,TRB,TRBV13-1,None,TRBJ1-2,TRBC1,True,False,None,None,2072,1,None,None
CCTTCGAAGTACGATA-1,False,CCTTCGAAGTACGATA-1_contig_1,False,394,TRB,None,None,TRBJ2-1,None,False,False,None,None,2624,1,None,None
CCTTCGAAGTAGTGCG-1,False,CCTTCGAAGTAGTGCG-1_contig_1,False,353,TRB,TRBV13-2,None,TRBJ1-5,TRBC1,True,False,CASGTGDNQAPLF,TGTGCCAGCGGGACAGGCGACAACCAGGCTCCGCTTTTT,1578,1,None,None
CCTTCGAAGTGGTAAT-1,False,CCTTCGAAGTGGTAAT-1_contig_1,False,487,TRA,TRAV17,None,TRAJ57,TRAC,True,False,CALGNQGGSAKLIF,TGTGCACTGGGGAATCAAGGAGGGTCTGCGAAGCTCATCTTT,1668,1,None,None
CCTTCGAAGTTCGCGC-1,False,CCTTCGAAGTTCGCGC-1_contig_1,False,597,TRA,TRAV4D-3,None,TRAJ27,TRAC,True,True,CAADGPNTGKLTF,TGTGCTGCGGACGGACCCAATACAGGCAAATTAACCTTT,1944,1,None,None
CCTTCGACAATGGTCT-1,False,CCTTCGACAATGGTCT-1_contig_1,False,549,TRB,TRBV16,None,TRBJ2-5,None,True,True,CASSLGGGQDTQYF,TGTGCAAGCAGCTTAGGGGGGGGGCAAGACACCCAGTACTTT,7682,5,None,None
CCTTCGACAATGGTCT-1,False,CCTTCGACAATGGTCT-1_contig_2,False,593,TRA,TRAV19,None,TRAJ39,TRAC,True,True,CAAGGNNAGAKLTF,TGCGCAGCAGGTGGGAATAATGCAGGTGCCAAGCTCACATTC,4550,2,None,None
CCTTCGACAATGGTCT-1,False,CCTTCGACAATGGTCT-1_contig_3,False,559,TRA,TRAV4D-3,None,TRAJ27,TRAC,True,True,CAADGPNTGKLTF,TGTGCTGCTGACGGGCCCAATACAGGCAAATTAACCTTT,8102,5,None,None
CCTTCGACAATGGTCT-1,False,CCTTCGACAATGGTCT-1_contig_4,False,579,TRB,TRBV12-2+TRBV13-2,None,TRBJ1-2,TRBC1,True,True,CASGGGTGNSDYTF,TGTGCCAGCGGTGGGGGGACAGGGAACTCCGACTACACCTTC,39068,38,None,None
CCTTCGACAATGGTCT-1,False,CCTTCGACAATGGTCT-1_contig_5,True,495,TRA,TRAV7-5,None,TRAJ45,TRAC,True,False,CSDTEGADRLTF,TGCAGTGATACAGAAGGTGCAGATAGACTCACCTTT,808,1,None,None
CCTTCGACAATGGTCT-1,False,CCTTCGACAATGGTCT-1_contig_6,True,309,TRA,None,None,TRAJ18,TRAC,False,False,None,None,3276,2,None,None
CCTTCGACAATGGTCT-1,False,CCTTCGACAATGGTCT-1_contig_7,True,356,TRB,None,None,TRBJ2-1,None,False,False,None,None,2320,1,None,None
CCTTCGACAATGGTCT-1,False,CCTTCGACAATGGTCT-1_contig_8,True,321,TRB,None,None,TRBJ2-7,None,False,False,None,None,4730,4,None,None
CCTTCGACATAAGACA-1,False,CCTTCGACATAAGACA-1_contig_1,False,564,TRB,TRBV12-2+TRBV13-2,None,TRBJ2-1,None,True,True,CASGAGDYAEQFF,TGTGCCAGCGGAGCTGGGGACTATGCTGAGCAGTTCTTC,1476,2,None,None
CCTTCGACATAAGACA-1,False,CCTTCGACATAAGACA-1_contig_2,True,496,TRA,TRAV3D-3,None,TRAJ26,TRAC,True,False,None,None,2086,2,None,None
CCTTCGACATTTCACT-1,False,CCTTCGACATTTCACT-1_contig_1,False,557,TRA,TRAV16D-DV11,None,TRAJ26,TRAC,True,True,CAMREENNYAQGLTF,TGTGCTATGAGAGAGGAAAATAACTATGCCCAGGGATTAACCTTC,2014,1,None,None
CCTTCGACATTTCACT-1,False,CCTTCGACATTTCACT-1_contig_2,True,595,TRB,TRBV12-2+TRBV13-2,None,TRBJ1-5,TRBC1,True,True,CASGTGDNQAPLF,TGTGCCAGCGGTACAGGAGACAACCAGGCTCCGCTTTTT,9274,6,None,None
CCTTCGAGTACAGTGG-1,False,CCTTCGAGTACAGTGG-1_contig_1,False,496,TRB,TRBV13-2,None,TRBJ2-1,None,True,True,CASGDPFQFF,TGTGCCAGCGGTGATCCTTTCCAGTTCTTC,628,1,None,None
CCTTCGAGTGATGATA-1,False,CCTTCGAGTGATGATA-1_contig_1,False,549,TRB,TRBV16,None,TRBJ2-5,None,True,True,CASSFGGGEDTQYF,TGTGCAAGCAGCTTTGGGGGGGGGGAAGACACCCAGTACTTT,1506,1,None,None
CCTTCGAGTTATCACG-1,False,CCTTCGAGTTATCACG-1_contig_1,False,523,TRB,TRBV13-1,None,TRBJ2-3,None,True,False,CASGDSAETLYF,TGTGCCAGCGGGGACAGTGCAGAAACGCTGTATTTT,1004,1,None,None
CCTTCGAGTTTGTGTG-1,False,CCTTCGAGTTTGTGTG-1_contig_1,False,515,TRA,TRAV7D-2,None,TRAJ31,TRAC,True,True,CAASIEDSNNRIFF,TGTGCAGCAAGCATAGAGGATAGCAATAACAGAATCTTCTTT,174,2,None,None
CCTTCGATCGGTTAAC-1,False,CCTTCGATCGGTTAAC-1_contig_1,False,599,TRA,TRAV3-4,None,TRAJ49,TRAC,True,True,CAVRGGYQNFYF,TGCGCAGTCAGGGGGGGTTACCAGAACTTCTATTTT,2150,1,None,None
CCTTCGATCTCAAACG-1,False,CCTTCGATCTCAAACG-1_contig_1,False,602,TRB,TRBV13-2,None,TRBJ2-7,None,True,True,CASGVQGWEQYF,TGTGCCAGCGGTGTACAGGGGTGGGAACAGTACTTC,1674,1,None,None
CCTTCGATCTGTCAAG-1,False,CCTTCGATCTGTCAAG-1_contig_1,False,496,TRB,TRBV12-2+TRBV13-2,None,TRBJ1-2,None,True,True,CASGGGTGNSDYTF,TGTGCCAGCGGTGGGGGGACAGGGAACTCCGACTACACCTTC,1060,2,None,None
CCTTTCTAGAACTCGG-1,False,CCTTTCTAGAACTCGG-1_contig_1,False,407,TRB,None,None,TRBJ1-3,TRBC1,False,False,None,None,3444,2,None,None
CCTTTCTAGCGGCTTC-1,False,CCTTTCTAGCGGCTTC-1_contig_1,False,515,TRA,TRAV19,None,TRAJ39,TRAC,True,True,CAAGGNNAGAKLTF,TGCGCAGCAGGTGGGAATAATGCAGGTGCCAAGCTCACATTC,2040,1,None,None
CCTTTCTAGTACGATA-1,False,CCTTTCTAGTACGATA-1_contig_1,False,626,TRB,TRBV12-2+TRBV13-2,None,TRBJ2-7,None,True,True,CASGVQGEQYF,TGTGCCAGCGGTGTTCAGGGAGAACAGTACTTC,1508,1,None,None
CCTTTCTAGTCCCACG-1,False,CCTTTCTAGTCCCACG-1_contig_1,False,517,TRB,TRBV13-2,None,TRBJ1-5,TRBC1,True,True,CASGTGDNQAPLF,TGTGCCAGCGGGACAGGAGACAACCAGGCTCCGCTTTTT,2586,3,None,None
CCTTTCTCAAGCCGCT-1,False,CCTTTCTCAAGCCGCT-1_contig_1,False,564,TRB,TRBV12-2+TRBV13-2,None,TRBJ2-7,None,True,True,CASGTGGDYEQYF,TGTGCCAGCGGGACTGGGGGGGACTATGAACAGTACTTC,758,1,None,None
CCTTTCTCAATAACGA-1,False,CCTTTCTCAATAACGA-1_contig_1,False,549,TRA,TRAV8N-2,None,TRAJ13,TRAC,True,True,CATEDSGTYQRF,TGTGCTACTGAGGATTCTGGGACTTACCAGAGGTTT,2124,1,None,None
CCTTTCTCAATGACCT-1,False,CCTTTCTCAATGACCT-1_contig_1,False,403,TRA,None,None,TRAJ17,TRAC,False,False,None,None,2942,2,None,None
CCTTTCTCAGACGCTC-1,False,CCTTTCTCAGACGCTC-1_contig_1,False,512,TRB,TRBV13-1,None,TRBJ2-1,None,True,True,CASSDNYAEQFF,TGTGCCAGCAGTGACAACTATGCTGAGCAGTTCTTC,1694,1,None,None
CCTTTCTGTTAGTGGG-1,False,CCTTTCTGTTAGTGGG-1_contig_1,False,368,TRB,None,None,TRBJ1-2,TRBC1,False,False,None,None,2834,1,None,None
CCTTTCTGTTCGAATC-1,False,CCTTTCTGTTCGAATC-1_contig_1,False,643,TRB,None,None,TRBJ2-7,None,False,False,None,None,1024,1,None,None
CCTTTCTTCCACTGGG-1,False,CCTTTCTTCCACTGGG-1_contig_1,False,509,TRB,TRBV13-1,None,TRBJ2-2,None,True,True,CASSDPGQLYF,TGTGCCAGCAGTGACCCCGGGCAGCTCTACTTT,1676,1,None,None
CCTTTCTTCCAGAGGA-1,False,CCTTTCTTCCAGAGGA-1_contig_1,False,569,TRB,TRBV12-2+TRBV13-2,None,TRBJ1-2,TRBC1,True,True,CASGGGTGNSDYTF,TGTGCCAGCGGTGGGGGGACAGGGAACTCCGACTACACCTTC,1726,1,None,None
CCTTTCTTCGTGACAT-1,False,CCTTTCTTCGTGACAT-1_contig_1,False,538,TRA,TRAV3D-3,None,TRAJ28,TRAC,True,False,CTSAQSVRGTGSNRLTF,TGTACTTCTGCGCAGTCAGTGAGGGGCACTGGGAGTAACAGGCTCACTTTT,1806,1,None,None
CGAACATAGCTACCTA-1,False,CGAACATAGCTACCTA-1_contig_1,False,558,TRB,TRBV12-2+TRBV13-2,None,TRBJ2-7,None,True,True,CASGTGGDYEQYF,TGTGCCAGCGGGACTGGGGGGGACTATGAACAGTACTTC,1434,1,None,None
CGAACATAGTATTGGA-1,False,CGAACATAGTATTGGA-1_contig_1,False,437,TRB,None,None,TRBJ1-2,TRBC1,False,False,None,None,1526,1,None,None
CGAACATAGTCCGGTC-1,False,CGAACATAGTCCGGTC-1_contig_1,False,544,TRB,None,None,TRBJ1-2,TRBC1,False,False,None,None,974,1,None,None
CGAACATCAAACAACA-1,False,CGAACATCAAACAACA-1_contig_1,False,559,TRB,TRBV12-2+TRBV13-2,None,TRBJ2-7,None,True,True,CASGVQGEQYF,TGTGCCAGCGGTGTTCAGGGAGAACAGTACTTC,1514,1,None,None
CGAACATCAATAGCAA-1,False,CGAACATCAATAGCAA-1_contig_1,False,582,TRB,TRBV12-2+TRBV13-2,None,TRBJ1-2,TRBC1,True,True,CASGGGTGNSDYTF,TGTGCCAGCGGTGGGGGGACAGGGAACTCCGACTACACCTTC,1134,1,None,None
CGAACATCACAGATTC-1,False,CGAACATCACAGATTC-1_contig_1,False,571,TRA,TRAV14N-3,None,TRAJ6,TRAC,True,True,CAARTSGGNYKPTF,TGTGCAGCAAGAACCTCAGGAGGAAACTACAAACCTACGTTT,1404,1,None,None
CGAACATCACAGATTC-1,False,CGAACATCACAGATTC-1_contig_2,False,549,TRA,TRAV8N-2,None,TRAJ13,TRAC,True,True,CATEDSGTYQRF,TGTGCTACTGAGGATTCTGGGACTTACCAGAGGTTT,1284,2,None,None
CGAACATCAGTCGATT-1,False,CGAACATCAGTCGATT-1_contig_1,False,507,TRA,TRAV21-DV12,None,TRAJ42,TRAC,True,True,CILRVHGGSNAKLTF,TGTATCCTGAGAGTCCATGGAGGAAGCAATGCAAAGCTAACCTTC,2354,1,None,None
CGAACATCATAAGACA-1,False,CGAACATCATAAGACA-1_contig_1,False,566,TRB,TRBV13-2,None,TRBJ2-1,None,True,True,CASGDPFQFF,TGTGCCAGCGGTGATCCTTTCCAGTTCTTC,1846,1,None,None
CGAACATCATACGCTA-1,False,CGAACATCATACGCTA-1_contig_1,False,507,TRA,TRAV7-5,None,TRAJ45,TRAC,True,False,CSDTEGADRLTF,TGCAGTGATACAGAAGGTGCAGATAGACTCACCTTT,2476,1,None,None
CGAACATGTATATGGA-1,False,CGAACATGTATATGGA-1_contig_1,False,563,TRB,TRBV12-2+TRBV13-2,None,TRBJ2-7,None,True,True,CASGVQGEQYF,TGTGCCAGCGGTGTTCAGGGAGAACAGTACTTC,568,1,None,None
CGAACATGTCAGCTAT-1,False,CGAACATGTCAGCTAT-1_contig_1,False,567,TRB,TRBV12-2+TRBV13-2,None,TRBJ2-7,None,True,True,CASGVQGWEQYF,TGTGCCAGCGGTGTACAGGGGTGGGAACAGTACTTC,1650,1,None,None
CGAACATGTCGCCATG-1,False,CGAACATGTCGCCATG-1_contig_1,False,479,TRB,None,None,TRBJ2-7,None,False,False,None,None,2020,2,None,None
CGAACATGTCGTCTTC-1,False,CGAACATGTCGTCTTC-1_contig_1,False,549,TRB,TRBV16,None,TRBJ2-5,None,True,True,CASSLGGGQDTQYF,TGTGCAAGCAGCTTAGGGGGGGGCCAAGACACCCAGTACTTT,1310,1,None,None
CGAACATGTCGTCTTC-1,False,CGAACATGTCGTCTTC-1_contig_2,False,536,TRB,TRBV13-2,None,TRBJ2-1,None,True,True,CASGGYAEQFF,TGTGCCAGCGGGGGCTATGCTGAGCAGTTCTTC,1286,1,None,None
CGAACATGTGAGGCTA-1,False,CGAACATGTGAGGCTA-1_contig_1,False,556,TRB,TRBV12-2+TRBV13-2,None,TRBJ1-5,TRBC1,True,True,CASGTGDNQAPLF,TGTGCCAGCGGGACAGGGGACAACCAGGCTCCGCTTTTT,904,1,None,None
CGAACATGTGATGTGG-1,False,CGAACATGTGATGTGG-1_contig_1,False,535,TRA,TRAV19,None,TRAJ39,TRAC,True,True,CAAGGNNAGAKLTF,TGCGCAGCAGGTGGGAATAATGCAGGTGCCAAGCTCACATTC,872,1,None,None
CGAACATGTGCAACTT-1,False,CGAACATGTGCAACTT-1_contig_1,False,525,TRB,TRBV17,None,TRBJ2-5,None,True,True,CASSRKGVQDTQYF,TGTGCTAGCAGTAGAAAGGGGGTCCAAGACACCCAGTACTTT,1350,1,None,None
CGAACATGTGTGTGCC-1,False,CGAACATGTGTGTGCC-1_contig_1,False,584,TRB,TRBV12-2+TRBV13-2,None,TRBJ2-7,None,True,True,CASGVQGEQYF,TGTGCCAGCGGTGTTCAGGGAGAACAGTACTTC,1552,1,None,None
CGAACATTCAACACCA-1,False,CGAACATTCAACACCA-1_contig_1,False,567,TRB,TRBV12-2+TRBV13-2,None,TRBJ1-2,TRBC1,True,True,CASGGGTGNSDYTF,TGTGCCAGCGGTGGGGGGACAGGGAACTCCGACTACACCTTC,1882,1,None,None
CGAACATTCACAGTAC-1,False,CGAACATTCACAGTAC-1_contig_1,False,565,TRB,TRBV12-2+TRBV13-2,None,TRBJ1-5,TRBC1,True,True,CASGTGDNQAPLF,TGTGCCAGCGGGACAGGCGACAACCAGGCTCCGCTTTTT,2432,2,None,None
CGAACATTCCAGTAGT-1,False,CGAACATTCCAGTAGT-1_contig_1,False,566,TRA,TRAV16N,None,TRAJ45,TRAC,True,True,CAMRELTEGADRLTF,TGTGCTATGAGAGAGCTGACAGAAGGTGCAGATAGACTCACCTTT,2018,1,None,None
CGAACATTCCAGTAGT-1,False,CGAACATTCCAGTAGT-1_contig_2,False,507,TRB,TRBV13-1,None,TRBJ2-4,None,True,True,CASSEGTNTLYF,TGTGCCAGCAGTGAAGGAACAAACACCTTGTACTTT,5660,4,None,None
CGAACATTCCAGTAGT-1,False,CGAACATTCCAGTAGT-1_contig_3,True,452,TRA,TRAV9D-2,None,TRAJ26,TRAC,True,False,CVLSRGNNYAQGLTF,TGTGTTCTGAGCAGGGGCAATAACTATGCCCAGGGATTAACCTTC,1098,1,None,None
CGAACATTCCAGTAGT-1,False,CGAACATTCCAGTAGT-1_contig_4,True,791,TRA,TRAV6-6,None,TRAJ24,None,True,False,CAPLTTASLGKLQF,TGTGCTCCGTTGACAACTGCCAGTTTGGGGAAACTGCAGTTT,1592,1,None,None
CGAACATTCCCGACTT-1,False,CGAACATTCCCGACTT-1_contig_1,False,527,TRB,TRBV13-1,None,TRBJ2-3,None,True,True,CASGDSAETLYF,TGTGCCAGCGGGGACAGTGCAGAAACGCTGTATTTT,256,1,None,None
CGAACATTCCGAATGT-1,False,CGAACATTCCGAATGT-1_contig_1,False,568,TRB,TRBV12-2+TRBV13-2,None,TRBJ2-7,None,True,True,CASGAGGDYEQYF,TGTGCCAGCGGTGCTGGGGGGGACTATGAACAGTACTTC,1398,1,None,None
CGAACATTCGTGACAT-1,False,CGAACATTCGTGACAT-1_contig_1,True,391,TRA,TRAV7-5,None,TRAJ45,TRAC,True,False,CSDTEGADRLTF,TGCAGTGATACAGAAGGTGCAGATAGACTCACCTTT,2152,2,None,None
CGAACATTCTCTGAGA-1,False,CGAACATTCTCTGAGA-1_contig_1,False,539,TRA,TRAV8-1,None,TRAJ30,TRAC,True,True,CASDTNAYKVIF,TGTGCCTCTGACACAAATGCTTACAAAGTCATCTTT,2032,1,None,None
CGAACATTCTCTGAGA-1,False,CGAACATTCTCTGAGA-1_contig_2,False,647,TRB,TRBV13-2,None,TRBJ1-5,TRBC1,True,True,CASGTGDNQAPLF,TGTGCCAGCGGGACAGGGGACAACCAGGCTCCGCTTTTT,1294,1,None,None
CGAATGTAGATCCCGC-1,False,CGAATGTAGATCCCGC-1_contig_1,False,509,TRB,TRBV12-2+TRBV13-2,None,TRBJ2-7,None,True,False,CASGVQGEQYF,TGTGCCAGCGGTGTTCAGGGAGAACAGTACTTC,1408,1,None,None
CGAATGTAGCCACTAT-1,False,CGAATGTAGCCACTAT-1_contig_1,False,508,TRB,TRBV13-1,None,TRBJ2-1,None,True,True,CASGGGDYAEQFF,TGTGCCAGCGGGGGGGGAGACTATGCTGAGCAGTTCTTC,1380,1,None,None
CGAATGTAGGCAATTA-1,False,CGAATGTAGGCAATTA-1_contig_1,False,567,TRB,TRBV12-2+TRBV13-2,None,TRBJ1-2,TRBC1,True,True,CASGGGTGNSDYTF,TGTGCCAGCGGTGGGGGGACAGGGAACTCCGACTACACCTTC,1134,1,None,None
CGAATGTAGGCCCGTT-1,False,CGAATGTAGGCCCGTT-1_contig_1,False,565,TRB,TRBV12-2+TRBV13-2,None,TRBJ2-7,None,True,True,CASGTGGDYEQYF,TGTGCCAGCGGGACTGGGGGGGACTATGAACAGTACTTC,1528,1,None,None
CGAATGTAGGCTATCT-1,False,CGAATGTAGGCTATCT-1_contig_1,False,621,TRB,TRBV13-2,None,TRBJ1-2,TRBC1,True,True,CASGGGTGNSDYTF,TGTGCCAGCGGTGGGGGGACAGGGAACTCCGACTACACCTTC,1780,1,None,None
CGAATGTAGGGCTCTC-1,False,CGAATGTAGGGCTCTC-1_contig_1,False,549,TRB,TRBV16,None,TRBJ2-5,None,True,True,CASSPGGRGDTQYF,TGTGCAAGCAGCCCGGGGGGGCGCGGGGACACCCAGTACTTT,1346,1,None,None
CGAATGTAGTGCTGCC-1,False,CGAATGTAGTGCTGCC-1_contig_1,False,552,TRA,TRAV8N-2,None,TRAJ43,TRAC,True,False,CATDANNNNAPRF,TGTGCTACTGATGCCAATAACAACAATGCCCCACGATTT,1016,1,None,None
CGAATGTCAAGGACTG-1,False,CGAATGTCAAGGACTG-1_contig_1,False,475,TRB,TRBV31,None,TRBJ2-5,None,True,False,CAWSSDRFIQDTQYF,TGTGCCTGGAGTTCAGACAGGTTTATCCAAGACACCCAGTACTTT,1958,1,None,None
CGAATGTCACAGACTT-1,False,CGAATGTCACAGACTT-1_contig_1,False,512,TRB,TRBV13-1,None,TRBJ2-4,None,True,True,CASSEGTNTLYF,TGTGCCAGCAGTGAAGGAACAAACACCTTGTACTTT,1514,1,None,None
CGAATGTCACCAGTTA-1,False,CGAATGTCACCAGTTA-1_contig_1,False,494,TRA,TRAV6D-5,None,TRAJ38,TRAC,True,False,CTTVFWDNVGDNSKLIW,TGTACTACTGTGTTCTGGGATAATGTTGGTGACAACAGTAAGCTGATTTGG,1832,1,None,None
CGAATGTCACGGTAGA-1,False,CGAATGTCACGGTAGA-1_contig_1,False,555,TRA,TRAV7-3,None,TRAJ38,TRAC,True,True,CAVSAANVGDNSKLIG,TGTGCAGTGAGCGCGGCGAATGTTGGTGACAACAGTAAGCTGATTGGG,1722,1,None,None
CGAATGTCACGGTTTA-1,False,CGAATGTCACGGTTTA-1_contig_1,False,502,TRA,TRAV13-2,None,TRAJ43,TRAC,True,True,CATLNNNNAPRF,TGTGCTACTCTCAATAACAACAATGCCCCACGATTT,40,1,None,None
CGAATGTCAGCTGGCT-1,False,CGAATGTCAGCTGGCT-1_contig_1,False,530,TRA,TRAV19,None,TRAJ39,TRAC,True,True,CAAGGNNAGAKLTF,TGCGCAGCAGGTGGGAATAATGCAGGTGCCAAGCTCACATTC,1542,1,None,None
CGAATGTCATTGCGGC-1,False,CGAATGTCATTGCGGC-1_contig_1,False,447,TRB,None,None,TRBJ1-6,TRBC1,False,False,None,None,2654,1,None,None
CGAATGTGTACCATCA-1,False,CGAATGTGTACCATCA-1_contig_1,False,549,TRB,TRBV16,None,TRBJ2-5,None,True,True,CASSLGGGQDTQYF,TGTGCAAGCAGCTTAGGGGGGGGGCAAGACACCCAGTACTTT,1080,1,None,None
CGAATGTGTACTCAAC-1,False,CGAATGTGTACTCAAC-1_contig_1,False,557,TRB,TRBV12-2+TRBV13-2,None,TRBJ2-7,None,True,True,CASGVQGEQYF,TGTGCCAGCGGTGTTCAGGGAGAACAGTACTTC,1558,1,None,None
CGAATGTGTTGGAGGT-1,False,CGAATGTGTTGGAGGT-1_contig_1,False,332,TRB,None,None,TRBJ2-1,None,False,False,None,None,3502,1,None,None
CGAATGTGTTGGAGGT-1,False,CGAATGTGTTGGAGGT-1_contig_2,False,425,TRB,None,None,TRBJ1-6,TRBC1,False,False,None,None,1816,1,None,None
CGAATGTTCCTTTACA-1,False,CGAATGTTCCTTTACA-1_contig_1,True,505,TRB,TRBV13-1,None,TRBJ2-4,None,True,True,CASSEGTNTLYF,TGTGCCAGCAGTGAAGGAACAAACACCTTGTACTTT,522,2,None,None
CGAATGTTCCTTTACA-1,False,CGAATGTTCCTTTACA-1_contig_2,True,358,TRA,TRAV9D-2,None,TRAJ26,TRAC,True,False,CVLSRGNNYAQGLTF,TGTGTTCTGAGCAGGGGCAATAACTATGCCCAGGGATTAACCTTC,4120,2,None,None
CGAATGTTCGGGAGTA-1,False,CGAATGTTCGGGAGTA-1_contig_1,False,512,TRB,TRBV13-1,None,TRBJ2-3,None,True,True,CASGDSAETLYF,TGTGCCAGCGGGGACAGTGCAGAAACGCTGTATTTT,1598,1,None,None
CGAATGTTCGTGTAGT-1,False,CGAATGTTCGTGTAGT-1_contig_1,False,564,TRB,TRBV12-2+TRBV13-2,None,TRBJ2-7,None,True,True,CASGTGGDYEQYF,TGTGCCAGCGGGACTGGGGGGGACTATGAACAGTACTTC,258,1,None,None
CGACCTTAGTACGACG-1,False,CGACCTTAGTACGACG-1_contig_1,False,565,TRA,TRAV19,None,TRAJ39,TRAC,True,True,CAAGGNNAGAKLTF,TGCGCAGCAGGTGGGAATAATGCAGGTGCCAAGCTCACATTC,1408,1,None,None
CGACCTTAGTGTCTCA-1,False,CGACCTTAGTGTCTCA-1_contig_1,False,515,TRA,TRAV19,None,TRAJ39,TRAC,True,True,CAAGGNNAGAKLTF,TGCGCAGCAGGTGGGAATAATGCAGGTGCCAAGCTCACATTC,124,1,None,None
CGACCTTCACACGCTG-1,False,CGACCTTCACACGCTG-1_contig_1,False,512,TRB,TRBV13-1,None,TRBJ2-3,None,True,True,CASGDSAETLYF,TGTGCCAGCGGGGACAGTGCAGAAACGCTGTATTTT,1556,1,None,None
CGACCTTCAGTCAGAG-1,False,CGACCTTCAGTCAGAG-1_contig_1,False,566,TRB,TRBV12-2+TRBV13-2,None,TRBJ1-2,TRBC1,True,True,CASGGGTGNSDYTF,TGTGCCAGCGGTGGGGGGACAGGGAACTCCGACTACACCTTC,1616,1,None,None
CGACCTTCATACGCTA-1,False,CGACCTTCATACGCTA-1_contig_1,False,601,TRB,TRBV13-1,None,TRBJ1-4,TRBC1,True,False,CASGTGANERLFF,TGTGCCAGCGGGACAGGGGCCAACGAAAGATTATTTTTC,1568,1,None,None
CGACCTTCATGCCCGA-1,False,CGACCTTCATGCCCGA-1_contig_1,False,498,TRB,TRBV13-1,None,TRBJ2-4,None,True,True,CASSEGTNTLYF,TGTGCCAGCAGTGAAGGAACAAACACCTTGTACTTT,158,1,None,None
CGACCTTGTACGCACC-1,False,CGACCTTGTACGCACC-1_contig_1,False,498,TRA,TRAV21-DV12,None,TRAJ42,TRAC,True,True,CILRVHGGSNAKLTF,TGTATCCTGAGAGTCCATGGAGGAAGCAATGCAAAGCTAACCTTC,2344,1,None,None
CGACCTTGTCAAAGCG-1,False,CGACCTTGTCAAAGCG-1_contig_1,False,516,TRA,TRAV19,None,TRAJ39,TRAC,True,True,CAAGGNNAGAKLTF,TGCGCAGCAGGTGGGAATAATGCAGGTGCCAAGCTCACATTC,188,1,None,None
CGACCTTGTGTGACCC-1,False,CGACCTTGTGTGACCC-1_contig_1,False,549,TRB,TRBV16,None,TRBJ2-7,None,True,True,CASSFGGGADEQYF,TGTGCAAGCAGCTTTGGTGGGGGGGCGGATGAACAGTACTTC,1278,1,None,None
CGACCTTGTTGACGTT-1,False,CGACCTTGTTGACGTT-1_contig_1,False,549,TRB,TRBV16,None,TRBJ2-7,None,True,True,CASSFGGGADEQYF,TGTGCAAGCAGCTTTGGTGGGGGGGCGGATGAACAGTACTTC,468,1,None,None
CGACCTTGTTTGTGTG-1,False,CGACCTTGTTTGTGTG-1_contig_1,False,362,TRB,None,None,TRBJ1-2,TRBC1,False,False,None,None,1614,1,None,None
CGACCTTTCCCATTTA-1,False,CGACCTTTCCCATTTA-1_contig_1,False,502,TRB,TRBV13-1,None,TRBJ2-7,None,True,True,CASSGPLEQYF,TGTGCCAGCAGTGGGCCCCTGGAACAGTACTTC,448,1,None,None
CGACCTTTCCCATTTA-1,False,CGACCTTTCCCATTTA-1_contig_2,False,352,TRB,None,None,TRBJ2-1,None,False,False,None,None,2594,1,None,None
CGACCTTTCCGCAAGC-1,False,CGACCTTTCCGCAAGC-1_contig_1,False,537,TRA,TRAV3-3,None,TRAJ49,TRAC,True,True,CAVSGSTGYQNFYF,TGCGCAGTCAGTGGGAGCACGGGTTACCAGAACTTCTATTTT,968,1,None,None
CGACCTTTCCGCGGTA-1,False,CGACCTTTCCGCGGTA-1_contig_1,False,585,TRB,TRBV12-2+TRBV13-2,None,TRBJ1-2,TRBC1,True,True,CASGGGTGNSDYTF,TGTGCCAGCGGTGGGGGGACAGGGAACTCCGACTACACCTTC,1950,1,None,None
CGACCTTTCGATCCCT-1,False,CGACCTTTCGATCCCT-1_contig_1,False,505,TRB,TRBV13-1,None,TRBJ2-4,None,True,True,CASSEGTNTLYF,TGTGCCAGCAGTGAAGGAACAAACACCTTGTACTTT,622,1,None,None
CGACTTCAGATGTTAG-1,False,CGACTTCAGATGTTAG-1_contig_1,False,587,TRB,TRBV13-1,None,TRBJ1-4,TRBC1,True,True,CASGTGANERLFF,TGTGCCAGCGGGACAGGGGCCAACGAAAGATTATTTTTC,2002,2,None,None
CGACTTCAGTGAACAT-1,False,CGACTTCAGTGAACAT-1_contig_1,False,512,TRA,TRAV16N,None,TRAJ37,TRAC,True,False,CYESLTGNTGKLIF,TGCTATGAGAGTTTAACAGGCAATACCGGAAAACTCATCTTT,1646,1,None,None
CGACTTCCAAGCGAGT-1,False,CGACTTCCAAGCGAGT-1_contig_1,False,549,TRB,TRBV16,None,TRBJ2-7,None,True,True,CASSLGGGGDEQYF,TGTGCAAGCAGCTTAGGTGGGGGGGGCGATGAACAGTACTTC,1350,2,None,None
CGACTTCCAAGCGAGT-1,False,CGACTTCCAAGCGAGT-1_contig_2,True,555,TRA,TRAV4-3,None,TRAJ27,TRAC,True,True,CAAANTNTGKLTF,TGTGCTGCTGCTAACACCAATACAGGCAAATTAACCTTT,3232,2,None,None
CGACTTCCAATGGTCT-1,False,CGACTTCCAATGGTCT-1_contig_1,False,465,TRB,TRBV13-2,None,TRBJ1-2,TRBC1,True,False,CASGGGTGNSDYTF,TGTGCCAGCGGTGGGGGGACAGGGAACTCCGACTACACCTTC,1926,1,None,None
CGACTTCCAGTATCTG-1,False,CGACTTCCAGTATCTG-1_contig_1,False,563,TRB,TRBV12-2+TRBV13-2,None,TRBJ1-5,TRBC1,True,True,CASGTGDNQAPLF,TGTGCCAGCGGGACCGGGGACAACCAGGCTCCGCTTTTT,1748,1,None,None
CGACTTCCAGTGGGAT-1,False,CGACTTCCAGTGGGAT-1_contig_1,False,500,TRB,TRBV31,None,TRBJ2-4,None,True,True,CAWDNQNTLYF,TGTGCCTGGGACAATCAAAACACCTTGTACTTT,1942,1,None,None
CGACTTCGTAGCGTCC-1,False,CGACTTCGTAGCGTCC-1_contig_1,False,565,TRB,TRBV12-2+TRBV13-2,None,TRBJ1-4,TRBC1,True,True,CASGTGGDERLFF,TGTGCCAGCGGGACAGGGGGCGACGAAAGATTATTTTTC,1016,1,None,None
CGACTTCGTCCGCTGA-1,False,CGACTTCGTCCGCTGA-1_contig_1,False,523,TRB,TRBV31,None,TRBJ2-5,None,True,True,CAWSSDRFIQDTQYF,TGTGCCTGGAGTTCAGACAGGTTTATCCAAGACACCCAGTACTTT,1180,1,None,None
CGACTTCGTCGCCATG-1,False,CGACTTCGTCGCCATG-1_contig_1,False,518,TRB,TRBV13-2,None,TRBJ1-2,TRBC1,True,True,CASGGGTGNSDYTF,TGTGCCAGCGGTGGGGGGACAGGGAACTCCGACTACACCTTC,1462,1,None,None
CGACTTCGTGAGGGTT-1,False,CGACTTCGTGAGGGTT-1_contig_1,False,566,TRB,TRBV12-2+TRBV13-2,None,TRBJ1-2,TRBC1,True,True,CASGGGTGNSDYTF,TGTGCCAGCGGTGGGGGGACAGGGAACTCCGACTACACCTTC,496,1,None,None
CGACTTCGTTTAAGCC-1,False,CGACTTCGTTTAAGCC-1_contig_1,False,388,TRA,TRAV8-1,None,TRAJ30,TRAC,True,False,CASDTNAYKVIF,TGTGCTTCTGACACAAATGCTTACAAAGTCATCTTT,3688,1,None,None
CGACTTCTCAACACGT-1,False,CGACTTCTCAACACGT-1_contig_1,False,530,TRB,TRBV13-2,None,TRBJ1-2,TRBC1,True,True,CASGGGTGNSDYTF,TGTGCCAGCGGTGGGGGGACAGGGAACTCCGACTACACCTTC,2066,2,None,None
CGACTTCTCAACACGT-1,False,CGACTTCTCAACACGT-1_contig_2,True,500,TRA,TRAV7-5,None,TRAJ45,TRAC,True,False,CSDTEGADRLTF,TGCAGTGATACAGAAGGTGCAGATAGACTCACCTTT,1788,1,None,None
CGACTTCTCATGTCCC-1,False,CGACTTCTCATGTCCC-1_contig_1,False,507,TRB,TRBV13-1,None,TRBJ2-3,None,True,True,CASGDSAETLYF,TGTGCCAGCGGGGACAGTGCAGAAACGCTGTATTTT,1386,1,None,None
CGACTTCTCGTACCGG-1,False,CGACTTCTCGTACCGG-1_contig_1,False,577,TRA,TRAV14-1,None,TRAJ23,TRAC,True,True,CAASDYNQGKLIF,TGTGCAGCAAGTGATTATAACCAGGGGAAGCTTATCTTT,800,1,None,None
CGACTTCTCGTACCGG-1,False,CGACTTCTCGTACCGG-1_contig_2,False,549,TRA,TRAV8-1,None,TRAJ30,TRAC,True,True,CATDAGDTNAYKVIF,TGTGCTACTGATGCCGGGGACACAAATGCTTACAAAGTCATCTTT,1568,1,None,None
CGACTTCTCTTGGGTA-1,False,CGACTTCTCTTGGGTA-1_contig_1,False,549,TRB,TRBV16,None,TRBJ2-7,None,True,True,CASSFGGGADEQYF,TGTGCAAGCAGCTTTGGTGGGGGGGCGGATGAACAGTACTTC,2188,1,None,None
CGAGAAGAGAGTACAT-1,False,CGAGAAGAGAGTACAT-1_contig_1,False,532,TRA,TRAV4D-3,None,TRAJ27,None,True,True,CAADGPNTGKLTF,TGTGCTGCGGACGGACCCAATACAGGCAAATTAACCTTT,234,1,None,None
CGAGAAGAGCTAACTC-1,False,CGAGAAGAGCTAACTC-1_contig_1,False,505,TRB,TRBV13-1,None,TRBJ2-4,None,True,True,CASSEGTNTLYF,TGTGCCAGCAGTGAAGGAACAAACACCTTGTACTTT,19038,15,None,None
CGAGAAGAGCTAACTC-1,False,CGAGAAGAGCTAACTC-1_contig_2,False,570,TRA,TRAV8-1,None,TRAJ30,TRAC,True,True,CATDTNAYKVIF,TGTGCTACTGACACAAATGCTTACAAAGTCATCTTT,2550,1,None,None
CGAGAAGAGCTAACTC-1,False,CGAGAAGAGCTAACTC-1_contig_3,False,657,TRA,TRAV9D-3,None,TRAJ30,TRAC,True,True,CAFDTNAYKVIF,TGTGCTTTTGACACAAATGCTTACAAAGTCATCTTT,6846,4,None,None
CGAGAAGAGCTAACTC-1,False,CGAGAAGAGCTAACTC-1_contig_4,False,573,TRB,TRBV12-2+TRBV13-2,None,TRBJ1-5,TRBC1,True,True,CASGTGDNQAPLF,TGTGCCAGCGGGACAGGAGACAACCAGGCTCCGCTTTTT,12272,11,None,None
CGAGAAGAGCTGGAAC-1,False,CGAGAAGAGCTGGAAC-1_contig_1,False,568,TRB,TRBV12-2+TRBV13-2,None,TRBJ1-2,TRBC1,True,True,CASGGGTGNSDYTF,TGTGCCAGCGGTGGGGGGACAGGGAACTCCGACTACACCTTC,486,1,None,None
CGAGAAGCAAGCGATG-1,False,CGAGAAGCAAGCGATG-1_contig_1,False,511,TRB,None,None,TRBJ2-7,None,False,False,None,None,530,1,None,None
CGAGAAGCAATTCCTT-1,False,CGAGAAGCAATTCCTT-1_contig_1,True,640,TRB,TRBV2,None,TRBJ1-1,TRBC1,True,True,CASSQDRDIANTEVFF,TGTGCCAGCAGCCAAGATAGGGACATTGCAAACACAGAAGTCTTCTTT,1440,1,None,None
CGAGAAGCAATTCCTT-1,False,CGAGAAGCAATTCCTT-1_contig_2,True,542,TRA,TRAV7-3,None,TRAJ7,TRAC,True,False,CAGTTATTDLLW,TGTGCAGGGACTACAGCAACAACAGACTTACTTTGG,100,3,None,None
CGAGAAGCAATTCCTT-1,False,CGAGAAGCAATTCCTT-1_contig_3,True,626,TRB,None,None,TRBJ2-5,None,False,False,None,None,2754,2,None,None
CGAGAAGCACACTGCG-1,False,CGAGAAGCACACTGCG-1_contig_1,False,554,TRB,TRBV12-2+TRBV13-2,None,TRBJ1-5,TRBC1,True,True,CASGDPAPLF,TGTGCCAGCGGTGATCCGGCTCCGCTTTTT,782,1,None,None
CGAGAAGCAGACACTT-1,False,CGAGAAGCAGACACTT-1_contig_1,False,558,TRB,TRBV12-2+TRBV13-2,None,TRBJ2-7,None,True,True,CASGALWEQYF,TGTGCCAGCGGGGCTCTATGGGAACAGTACTTC,1138,1,None,None
CGAGAAGCAGTGGGAT-1,False,CGAGAAGCAGTGGGAT-1_contig_1,False,632,TRB,TRBV12-2+TRBV13-2,None,TRBJ1-2,TRBC1,True,True,CASGGGTGNSDYTF,TGTGCCAGCGGTGGGGGGACAGGGAACTCCGACTACACCTTC,1420,1,None,None
CGAGAAGGTCTAAAGA-1,False,CGAGAAGGTCTAAAGA-1_contig_1,False,558,TRA,TRAV19,None,TRAJ39,TRAC,True,True,CAAGGNNAGAKLTF,TGCGCAGCAGGTGGGAATAATGCAGGTGCCAAGCTCACATTC,2316,1,None,None
CGAGAAGGTGAGGGTT-1,False,CGAGAAGGTGAGGGTT-1_contig_1,False,365,TRB,None,None,TRBJ1-4,TRBC1,False,False,None,None,1256,1,None,None
CGAGAAGTCATCATTC-1,False,CGAGAAGTCATCATTC-1_contig_1,False,521,Multi,TRDV1,None,TRAJ43,TRAC,True,False,CGGLNNAPRF,TGTGGAGGCCTCAACAATGCCCCACGATTT,1830,1,None,None
CGAGAAGTCCATGAGT-1,False,CGAGAAGTCCATGAGT-1_contig_1,False,537,TRA,TRAV3-3,None,TRAJ49,TRAC,True,True,CAVSGATGYQNFYF,TGCGCAGTCAGTGGGGCCACGGGTTACCAGAACTTCTATTTT,1132,2,None,None
CGAGAAGTCCTACAGA-1,False,CGAGAAGTCCTACAGA-1_contig_1,False,566,TRB,TRBV12-2+TRBV13-2,None,TRBJ2-7,None,True,True,CASGTGGDYEQYF,TGTGCCAGCGGGACTGGGGGGGACTATGAACAGTACTTC,954,1,None,None
CGAGAAGTCTTGCCGT-1,False,CGAGAAGTCTTGCCGT-1_contig_1,False,412,TRB,TRBV12-2+TRBV13-2,None,TRBJ1-2,TRBC1,True,False,CASGGGTGNSDYTF,TGTGCCAGCGGTGGGGGGACAGGGAACTCCGACTACACCTTC,2002,1,None,None
CGAGCACAGAAACGAG-1,False,CGAGCACAGAAACGAG-1_contig_1,False,438,TRA,None,None,TRAJ41,TRAC,False,False,None,None,2058,1,None,None
CGAGCACAGACTACAA-1,False,CGAGCACAGACTACAA-1_contig_1,False,547,TRA,TRAV8D-1,None,TRAJ6,TRAC,True,True,CATDAPTGNYKPTF,TGTGCTACTGATGCACCCACCGGAAACTACAAACCTACGTTT,1496,1,None,None
CGAGCACAGACTCGGA-1,False,CGAGCACAGACTCGGA-1_contig_1,False,568,TRB,TRBV12-2+TRBV13-2,None,TRBJ1-2,TRBC1,True,True,CASGGGTGNSDYTF,TGTGCCAGCGGTGGGGGGACAGGGAACTCCGACTACACCTTC,2268,1,None,None
CGAGCACAGACTCGGA-1,False,CGAGCACAGACTCGGA-1_contig_2,False,581,TRB,TRBV12-2+TRBV13-2,None,TRBJ2-7,None,True,True,CASGTGGDYEQYF,TGTGCCAGCGGGACTGGGGGGGACTATGAACAGTACTTC,1680,2,None,None
CGAGCACAGAGGGATA-1,False,CGAGCACAGAGGGATA-1_contig_1,False,334,TRB,TRBV31,None,TRBJ2-4,None,True,False,CAWDNQNTLYF,TGTGCCTGGGACAATCAAAACACCTTGTACTTT,3490,1,None,None
CGAGCACAGCGAAGGG-1,False,CGAGCACAGCGAAGGG-1_contig_1,False,556,TRA,TRAV19,None,TRAJ39,TRAC,True,True,CAAGGNNAGAKLTF,TGCGCAGCAGGTGGGAATAATGCAGGTGCCAAGCTCACATTC,1144,1,None,None
CGAGCACAGCGTCTAT-1,False,CGAGCACAGCGTCTAT-1_contig_1,True,541,TRA,TRAV10,None,TRAJ43,TRAC,True,True,CAAFNNNNAPRF,TGTGCAGCATTCAATAACAACAATGCCCCACGATTT,4520,3,None,None
CGAGCACAGCTGCAAG-1,False,CGAGCACAGCTGCAAG-1_contig_1,False,515,TRB,TRBV13-1,None,TRBJ2-1,None,True,True,CASSAGDYAEQFF,TGTGCCAGCAGTGCTGGGGACTATGCTGAGCAGTTCTTC,1078,1,None,None
CGAGCACCAAGCCATT-1,False,CGAGCACCAAGCCATT-1_contig_1,False,525,TRA,TRAV7N-6,None,TRAJ30,TRAC,True,True,CAVVDTNAYKVIF,TGTGCAGTGGTTGACACAAATGCTTACAAAGTCATCTTT,2022,1,None,None
CGAGCACCAGGGTACA-1,False,CGAGCACCAGGGTACA-1_contig_1,False,520,TRB,TRBV17,None,TRBJ2-5,None,True,True,CASSRKGVQDTQYF,TGTGCTAGCAGTAGAAAGGGGGTCCAAGACACCCAGTACTTT,726,1,None,None
CGAGCACGTCAGGACA-1,False,CGAGCACGTCAGGACA-1_contig_1,False,515,TRB,TRBV12-2+TRBV13-2,None,TRBJ1-5,TRBC1,True,False,CASGTGDNQAPLF,TGTGCCAGCGGTACAGGGGACAACCAGGCTCCGCTTTTT,1178,1,None,None
CGAGCACGTCCAAGTT-1,False,CGAGCACGTCCAAGTT-1_contig_1,False,564,TRB,TRBV12-2+TRBV13-2,None,TRBJ1-2,TRBC1,True,True,CASGGGTGNSDYTF,TGTGCCAGCGGTGGGGGGACAGGGAACTCCGACTACACCTTC,738,1,None,None
CGAGCACGTCCTCTTG-1,False,CGAGCACGTCCTCTTG-1_contig_1,False,367,TRB,None,None,TRBJ1-2,TRBC1,False,False,None,None,1660,1,None,None
CGAGCACGTGGCGAAT-1,False,CGAGCACGTGGCGAAT-1_contig_1,True,549,TRB,TRBV16,None,TRBJ2-5,None,True,True,CASSWGGGQDTQYF,TGTGCAAGCAGCTGGGGGGGCGGGCAAGACACCCAGTACTTT,3150,5,None,None
CGAGCACGTGGCGAAT-1,False,CGAGCACGTGGCGAAT-1_contig_2,False,460,TRA,TRAV8N-2,None,TRAJ13,None,True,True,CATEDSGTYQRF,TGTGCTACTGAGGATTCTGGGACTTACCAGAGGTTT,60,1,None,None
CGAGCACGTGTAACGG-1,False,CGAGCACGTGTAACGG-1_contig_1,False,588,TRA,TRAV3-1,None,TRAJ6,TRAC,True,False,None,None,2272,1,None,None
CGAGCACTCACCGGGT-1,False,CGAGCACTCACCGGGT-1_contig_1,False,508,TRB,TRBV13-1,None,TRBJ1-4,TRBC1,True,True,CASGTGANERLFF,TGTGCCAGCGGGACAGGGGCCAACGAAAGATTATTTTTC,596,1,None,None
CGAGCACTCTGAGTGT-1,False,CGAGCACTCTGAGTGT-1_contig_1,False,580,TRB,TRBV12-2+TRBV13-2,None,TRBJ1-2,TRBC1,True,True,CASGGGTGNSDYTF,TGTGCCAGCGGTGGGGGGACAGGGAACTCCGACTACACCTTC,424,1,None,None
CGAGCACTCTGAGTGT-1,False,CGAGCACTCTGAGTGT-1_contig_2,False,618,TRB,TRBV5,None,TRBJ1-5,TRBC1,True,False,CASSHPGQNNQAPLF,TGTGCCAGCAGCCACCCGGGACAGAACAACCAGGCTCCGCTTTTT,584,1,None,None
CGAGCCAAGAGTCGGT-1,False,CGAGCCAAGAGTCGGT-1_contig_1,False,558,TRB,TRBV12-2+TRBV13-2,None,TRBJ2-7,None,True,True,CASGVQGEQYF,TGTGCCAGCGGTGTTCAGGGAGAACAGTACTTC,1438,1,None,None
CGAGCCAAGCCAGGAT-1,False,CGAGCCAAGCCAGGAT-1_contig_1,False,540,TRB,TRBV13-2,None,TRBJ1-5,TRBC1,True,True,CASGTGDNQAPLF,TGTGCCAGCGGTACAGGAGACAACCAGGCTCCGCTTTTT,1064,1,None,None
CGAGCCAAGGAGTAGA-1,False,CGAGCCAAGGAGTAGA-1_contig_1,False,518,TRA,TRAV19,None,TRAJ39,TRAC,True,True,CAAGGNNAGAKLTF,TGCGCAGCAGGTGGGAATAATGCAGGTGCCAAGCTCACATTC,1900,1,None,None
CGAGCCAAGGAGTAGA-1,False,CGAGCCAAGGAGTAGA-1_contig_2,False,512,TRB,TRBV13-1,None,TRBJ2-3,None,True,True,CASGDSAETLYF,TGTGCCAGCGGGGACAGTGCAGAAACGCTGTATTTT,358,1,None,None
CGAGCCAAGGAGTTGC-1,False,CGAGCCAAGGAGTTGC-1_contig_1,False,558,TRB,TRBV12-2,None,TRBJ2-5,None,True,True,CASSLQGVQDTQYF,TGTGCCAGCTCTCTCCAGGGGGTCCAAGACACCCAGTACTTT,1286,1,None,None
CGAGCCAAGTAGCGGT-1,False,CGAGCCAAGTAGCGGT-1_contig_1,False,584,TRA,TRAV14-1,None,TRAJ45,TRAC,True,True,CAASLYTEGADRLTF,TGTGCAGCAAGTCTTTATACAGAAGGTGCAGATAGACTCACCTTT,2494,1,None,None
CGAGCCACAATGGACG-1,False,CGAGCCACAATGGACG-1_contig_1,False,525,TRA,TRAV7N-6,None,TRAJ30,TRAC,True,True,CAVVDTNAYKVIF,TGTGCAGTGGTTGACACAAATGCTTACAAAGTCATCTTT,774,1,None,None
CGAGCCACAGCCTTGG-1,False,CGAGCCACAGCCTTGG-1_contig_1,False,554,TRB,TRBV12-2+TRBV13-2,None,TRBJ2-1,None,True,True,CASGDPFQFF,TGTGCCAGCGGTGATCCTTTCCAGTTCTTC,1176,1,None,None
CGAGCCAGTAAATGAC-1,False,CGAGCCAGTAAATGAC-1_contig_1,False,558,TRA,TRAV19,None,TRAJ39,TRAC,True,True,CAAGGNNAGAKLTF,TGCGCAGCAGGTGGGAATAATGCAGGTGCCAAGCTCACATTC,2402,1,None,None
CGAGCCAGTATAGGGC-1,False,CGAGCCAGTATAGGGC-1_contig_1,False,566,TRA,TRAV14D-3-DV8,None,TRAJ6,TRAC,True,True,CAARTSGGNYKPTF,TGTGCAGCAAGAACCTCAGGAGGAAACTACAAACCTACGTTT,1894,1,None,None
CGAGCCAGTCCGTCAG-1,False,CGAGCCAGTCCGTCAG-1_contig_1,False,565,TRB,TRBV12-2+TRBV13-2,None,TRBJ1-5,TRBC1,True,True,CASGTGDNQAPLF,TGTGCCAGCGGTACAGGGGACAACCAGGCTCCGCTTTTT,1384,1,None,None
CGAGCCAGTCTAGAGG-1,False,CGAGCCAGTCTAGAGG-1_contig_1,False,566,TRA,TRAV3-3,None,TRAJ49,TRAC,True,True,CAVSGSTGYQNFYF,TGCGCAGTCAGTGGGAGCACGGGTTACCAGAACTTCTATTTT,1544,1,None,None
CGAGCCATCCGGCACA-1,False,CGAGCCATCCGGCACA-1_contig_1,False,561,TRA,TRAV8-1,None,TRAJ12,TRAC,True,True,CATDGGGYKVVF,TGTGCTACTGATGGTGGAGGCTATAAAGTGGTCTTT,1484,1,None,None
CGAGCCATCCGTCATC-1,False,CGAGCCATCCGTCATC-1_contig_1,False,537,TRA,TRAV3-3,None,TRAJ49,TRAC,True,True,CAVSGATGYQNFYF,TGCGCAGTCAGTGGGGCCACGGGTTACCAGAACTTCTATTTT,1592,1,None,None
CGAGCCATCGGAGCAA-1,False,CGAGCCATCGGAGCAA-1_contig_1,False,566,TRB,TRBV12-2+TRBV13-2,None,TRBJ1-2,TRBC1,True,True,CASGGGTGNSDYTF,TGTGCCAGCGGTGGGGGGACAGGGAACTCCGACTACACCTTC,1132,1,None,None
CGAGCCATCGGCATCG-1,False,CGAGCCATCGGCATCG-1_contig_1,False,595,TRB,TRBV12-2+TRBV13-2,None,TRBJ1-2,TRBC1,True,True,CASGGGTGNSDYTF,TGTGCCAGCGGTGGGGGGACAGGGAACTCCGACTACACCTTC,790,1,None,None
CGATCGGAGACGCAAC-1,False,CGATCGGAGACGCAAC-1_contig_1,False,557,TRB,TRBV20,None,TRBJ1-6,TRBC1,True,True,CADRSYNSPLYF,TGTGCCGACAGGTCCTATAATTCGCCCCTCTACTTT,3814,1,None,None
CGATCGGAGCTGCGAA-1,False,CGATCGGAGCTGCGAA-1_contig_1,False,582,TRB,TRBV12-2+TRBV13-2,None,TRBJ2-1,None,True,True,CASGGYAEQFF,TGTGCCAGCGGGGGCTATGCTGAGCAGTTCTTC,2160,1,None,None
CGATCGGAGGCTAGAC-1,False,CGATCGGAGGCTAGAC-1_contig_1,False,512,TRB,TRBV13-1,None,TRBJ2-3,None,True,True,CASGDSAETLYF,TGTGCCAGCGGGGACAGTGCAGAAACGCTGTATTTT,2028,1,None,None
CGATCGGAGTCACGCC-1,False,CGATCGGAGTCACGCC-1_contig_1,False,392,TRB,None,None,TRBJ2-1,None,False,False,None,None,2484,1,None,None
CGATCGGAGTGAACGC-1,False,CGATCGGAGTGAACGC-1_contig_1,True,501,TRB,None,None,TRBJ1-2,TRBC1,False,False,None,None,244,1,None,None
CGATCGGAGTGAACGC-1,False,CGATCGGAGTGAACGC-1_contig_2,True,427,TRB,None,None,TRBJ2-1,None,False,False,None,None,1578,2,None,None
CGATCGGAGTGAACGC-1,False,CGATCGGAGTGAACGC-1_contig_3,True,334,TRB,None,None,TRBJ2-7,None,False,False,None,None,2178,1,None,None
CGATCGGAGTTGAGTA-1,False,CGATCGGAGTTGAGTA-1_contig_1,False,505,TRB,TRBV13-1,None,TRBJ2-4,None,True,True,CASSEGTNTLYF,TGTGCCAGCAGTGAAGGAACAAACACCTTGTACTTT,410,1,None,None
CGATCGGCAGACGCCT-1,False,CGATCGGCAGACGCCT-1_contig_1,False,515,TRB,TRBV13-1,None,TRBJ1-4,TRBC1,True,True,CASGTGANERLFF,TGTGCCAGCGGGACAGGGGCCAACGAAAGATTATTTTTC,1814,1,None,None
CGATCGGCAGCTGTGC-1,False,CGATCGGCAGCTGTGC-1_contig_1,False,498,TRA,TRAV1,None,TRAJ12,TRAC,True,True,CAVRDRAGGYKVVF,TGTGCTGTGAGGGATCGGGCTGGAGGCTATAAAGTGGTCTTT,1712,1,None,None
CGATCGGGTAGGCATG-1,False,CGATCGGGTAGGCATG-1_contig_1,False,539,TRA,TRAV13D-2,None,TRAJ11,TRAC,True,True,CAIDLDSGYNKLTF,TGTGCTATAGATCTTGACTCGGGATACAACAAACTCACTTTT,2878,1,None,None
CGATCGGGTAGGCATG-1,False,CGATCGGGTAGGCATG-1_contig_2,False,638,TRB,TRBV12-2+TRBV13-2,None,TRBJ1-2,TRBC1,True,True,CASGGGTGNSDYTF,TGTGCCAGCGGTGGGGGGACAGGGAACTCCGACTACACCTTC,1380,1,None,None
CGATCGGGTCAATACC-1,False,CGATCGGGTCAATACC-1_contig_1,False,331,TRB,None,None,TRBJ2-1,None,False,False,None,None,3106,1,None,None
CGATCGGGTGTAAGTA-1,False,CGATCGGGTGTAAGTA-1_contig_1,False,529,TRA,TRAV4-3,None,TRAJ23,TRAC,True,False,None,None,1490,1,None,None
CGATCGGGTTAAAGTG-1,False,CGATCGGGTTAAAGTG-1_contig_1,False,566,TRB,TRBV12-2+TRBV13-2,None,TRBJ1-2,TRBC1,True,True,CASGGGTGNSDYTF,TGTGCCAGCGGTGGGGGGACAGGGAACTCCGACTACACCTTC,1528,1,None,None
CGATCGGGTTTAGCTG-1,False,CGATCGGGTTTAGCTG-1_contig_1,False,507,TRA,TRAV21-DV12,None,TRAJ42,TRAC,True,True,CILRVHGGSNAKLTF,TGTATCCTGAGAGTCCATGGAGGAAGCAATGCAAAGCTAACCTTC,2432,1,None,None
CGATCGGTCAATAAGG-1,False,CGATCGGTCAATAAGG-1_contig_1,False,610,TRB,TRBV12-2+TRBV13-2,None,TRBJ1-2,TRBC1,True,True,CASGGGTGNSDYTF,TGTGCCAGCGGTGGGGGGACAGGGAACTCCGACTACACCTTC,1744,1,None,None
CGATCGGTCATTGCCC-1,False,CGATCGGTCATTGCCC-1_contig_1,False,570,TRB,TRBV12-2+TRBV13-2,None,TRBJ2-2,None,True,True,CASGGTGGANTGQLYF,TGTGCCAGCGGTGGGACTGGGGGGGCTAACACCGGGCAGCTCTACTTT,780,1,None,None
CGATCGGTCCATGAAC-1,False,CGATCGGTCCATGAAC-1_contig_1,False,369,TRB,None,None,TRBJ1-2,TRBC1,False,False,None,None,1462,1,None,None
CGATCGGTCCGCGCAA-1,False,CGATCGGTCCGCGCAA-1_contig_1,False,525,TRB,TRBV17,None,TRBJ2-5,None,True,True,CASSRKGSQDTQYF,TGTGCTAGCAGTAGAAAGGGTTCTCAAGACACCCAGTACTTT,1176,1,None,None
CGATCGGTCCTAAGTG-1,False,CGATCGGTCCTAAGTG-1_contig_1,False,575,TRB,TRBV12-2+TRBV13-2,None,TRBJ1-2,TRBC1,True,True,CASGGGTGNSDYTF,TGTGCCAGCGGTGGGGGGACAGGGAACTCCGACTACACCTTC,844,1,None,None
CGATCGGTCTGAGGGA-1,False,CGATCGGTCTGAGGGA-1_contig_1,False,473,TRB,None,None,TRBJ2-7,None,False,False,None,None,2070,1,None,None
CGATGGCAGAGATGAG-1,False,CGATGGCAGAGATGAG-1_contig_1,False,341,TRA,TRAV19,None,TRAJ39,TRAC,True,False,CAAGGNNAGAKLTF,TGCGCAGCAGGTGGGAATAATGCAGGTGCCAAGCTCACATTC,2098,1,None,None
CGATGGCAGGCTCTTA-1,False,CGATGGCAGGCTCTTA-1_contig_1,False,539,TRA,TRAV8-1,None,TRAJ30,TRAC,True,True,CATDTNAYKVIF,TGTGCTACTGACACAAATGCTTACAAAGTCATCTTT,1732,1,None,None
CGATGGCAGTTACCCA-1,False,CGATGGCAGTTACCCA-1_contig_1,False,532,TRA,TRAV13-4-DV7,None,TRAJ58,TRAC,True,True,CAPMQQGTGSKLSF,TGTGCTCCTATGCAGCAAGGCACTGGGTCTAAGCTGTCATTT,1674,1,None,None
CGATGGCCAACTGGCC-1,False,CGATGGCCAACTGGCC-1_contig_1,False,507,TRA,TRAV6-6,None,TRAJ24,TRAC,True,True,CAPLTTASLGKLQF,TGTGCTCCGTTGACAACTGCCAGTTTGGGGAAACTGCAGTTT,2556,1,None,None
CGATGGCCACCAGGTC-1,False,CGATGGCCACCAGGTC-1_contig_1,False,431,TRB,None,None,TRBJ2-1,None,False,False,None,None,2978,1,None,None
CGATGGCCACTAGTAC-1,False,CGATGGCCACTAGTAC-1_contig_1,False,396,TRB,None,None,TRBJ2-7,None,False,False,None,None,2700,1,None,None
CGATGGCCACTCTGTC-1,False,CGATGGCCACTCTGTC-1_contig_1,False,502,TRB,TRBV13-1,None,TRBJ2-7,None,True,True,CASSGPLEQYF,TGTGCCAGCAGTGGGCCCCTGGAACAGTACTTC,1044,1,None,None
CGATGGCGTATAAACG-1,False,CGATGGCGTATAAACG-1_contig_1,False,559,TRB,TRBV12-2+TRBV13-2,None,TRBJ2-7,None,True,True,CASGVQGEQYF,TGTGCCAGCGGTGTTCAGGGAGAACAGTACTTC,1366,1,None,None
CGATGGCGTCGCGAAA-1,False,CGATGGCGTCGCGAAA-1_contig_1,False,549,TRA,TRAV8N-2,None,TRAJ13,TRAC,True,True,CATEDSGTYQRF,TGTGCTACTGAGGATTCTGGGACTTACCAGAGGTTT,348,1,None,None
CGATGGCGTCGCGGTT-1,False,CGATGGCGTCGCGGTT-1_contig_1,False,626,TRB,TRBV12-2+TRBV13-2,None,TRBJ2-7,None,True,True,CASGTGGDYEQYF,TGTGCCAGCGGGACTGGGGGGGACTATGAACAGTACTTC,418,1,None,None
CGATGGCGTGCACTTA-1,False,CGATGGCGTGCACTTA-1_contig_1,False,639,TRB,TRBV12-2+TRBV13-2,None,TRBJ1-2,TRBC1,True,True,CASGGGTGNSDYTF,TGTGCCAGCGGTGGGGGGACAGGGAACTCCGACTACACCTTC,1356,1,None,None
CGATGGCGTGGCAAAC-1,False,CGATGGCGTGGCAAAC-1_contig_1,False,515,TRB,TRBV13-1,None,TRBJ2-1,None,True,True,CASGGGDYAEQFF,TGTGCCAGCGGGGGGGGAGACTATGCTGAGCAGTTCTTC,1406,1,None,None
CGATGGCGTGGTCTCG-1,False,CGATGGCGTGGTCTCG-1_contig_1,False,571,TRA,TRAV14-1,None,TRAJ23,TRAC,True,True,CAASDYNQGKLIF,TGTGCAGCAAGTGATTATAACCAGGGGAAGCTTATCTTT,1396,2,None,None
CGATGGCGTTTCGCTC-1,False,CGATGGCGTTTCGCTC-1_contig_1,False,557,TRB,TRBV12-2+TRBV13-2,None,TRBJ2-7,None,True,True,CASGDPRPYF,TGTGCCAGCGGTGATCCCAGACCGTACTTC,1026,1,None,None
CGATGGCTCCATGCTC-1,False,CGATGGCTCCATGCTC-1_contig_1,False,512,TRB,TRBV13-1,None,TRBJ2-5,None,True,True,CASSDGDDTQYF,TGTGCCAGCAGTGACGGGGACGACACCCAGTACTTT,614,2,None,None
CGATGGCTCGGCTACG-1,False,CGATGGCTCGGCTACG-1_contig_1,False,525,TRB,TRBV17,None,TRBJ2-2,None,True,True,CASSSTKNTGQLYF,TGTGCTAGCAGTAGTACAAAAAACACCGGGCAGCTCTACTTT,2336,1,None,None
CGATGGCTCTACTATC-1,False,CGATGGCTCTACTATC-1_contig_1,False,532,TRA,TRAV7D-2,None,TRAJ31,TRAC,True,True,CAASIEDSNNRIFF,TGTGCAGCAAGCATAGAGGATAGCAATAACAGAATCTTCTTT,2198,1,None,None
CGATGGCTCTACTATC-1,False,CGATGGCTCTACTATC-1_contig_2,False,506,TRB,TRBV5,None,TRBJ1-5,TRBC1,True,True,CASSHPGQNNQAPLF,TGTGCCAGCAGCCACCCGGGACAGAACAACCAGGCTCCGCTTTTT,76,1,None,None
CGATGGCTCTGCGGCA-1,False,CGATGGCTCTGCGGCA-1_contig_1,False,561,TRB,TRBV12-2+TRBV13-2,None,TRBJ2-7,None,True,True,CASGTGGDYEQYF,TGTGCCAGCGGGACTGGGGGGGACTATGAACAGTACTTC,198,2,None,None
CGATGTAAGCCAGTAG-1,False,CGATGTAAGCCAGTAG-1_contig_1,False,643,TRB,TRBV12-2+TRBV13-2,None,TRBJ1-2,TRBC1,True,True,CASGGGTGNSDYTF,TGTGCCAGCGGTGGGGGGACAGGGAACTCCGACTACACCTTC,1218,1,None,None
CGATGTAAGCGATGAC-1,False,CGATGTAAGCGATGAC-1_contig_1,False,557,TRB,TRBV12-2+TRBV13-2,None,TRBJ2-7,None,True,True,CASGVQGEQYF,TGTGCCAGCGGTGTTCAGGGAGAACAGTACTTC,242,2,None,None
CGATGTAAGCTGCCCA-1,False,CGATGTAAGCTGCCCA-1_contig_1,False,565,TRB,TRBV12-2+TRBV13-2,None,TRBJ2-7,None,True,True,CASGTGGDYEQYF,TGTGCCAGCGGGACTGGGGGGGACTATGAACAGTACTTC,3150,2,None,None
CGATGTAAGTTACCCA-1,False,CGATGTAAGTTACCCA-1_contig_1,False,505,TRB,TRBV13-1,None,TRBJ2-4,None,True,True,CASSEGTNTLYF,TGTGCCAGCAGTGAAGGAACAAACACCTTGTACTTT,738,1,None,None
CGATGTACAATCAGAA-1,False,CGATGTACAATCAGAA-1_contig_1,False,560,TRB,TRBV12-2+TRBV13-2,None,TRBJ2-7,None,True,True,CASGTGGDYEQYF,TGTGCCAGCGGGACTGGGGGGGACTATGAACAGTACTTC,340,2,None,None
CGATGTACAATGGAGC-1,False,CGATGTACAATGGAGC-1_contig_1,False,565,TRB,TRBV12-2+TRBV13-2,None,TRBJ1-2,TRBC1,True,True,CASGGGTGNSDYTF,TGTGCCAGCGGTGGGGGGACAGGGAACTCCGACTACACCTTC,488,2,None,None
CGATGTACACAAGTAA-1,False,CGATGTACACAAGTAA-1_contig_1,False,507,TRA,TRAV21-DV12,None,TRAJ42,TRAC,True,True,CILRVHGGSNAKLTF,TGTATCCTGAGAGTCCATGGAGGAAGCAATGCAAAGCTAACCTTC,2060,1,None,None
CGATGTACACAGGTTT-1,False,CGATGTACACAGGTTT-1_contig_1,False,611,TRB,TRBV13-2,None,TRBJ1-2,TRBC1,True,True,CASGGGTGNSDYTF,TGTGCCAGCGGTGGGGGGACAGGGAACTCCGACTACACCTTC,1270,1,None,None
CGATGTACACGCTTTC-1,False,CGATGTACACGCTTTC-1_contig_1,False,567,TRB,TRBV12-2+TRBV13-2,None,TRBJ1-2,TRBC1,True,True,CASGGGTGNSDYTF,TGTGCCAGCGGTGGGGGGACAGGGAACTCCGACTACACCTTC,1358,1,None,None
CGATGTACACTTGGAT-1,False,CGATGTACACTTGGAT-1_contig_1,False,533,TRA,TRAV4D-3,None,TRAJ27,TRAC,True,True,CAADGPNTGKLTF,TGTGCTGCTGACGGGCCCAATACAGGCAAATTAACCTTT,1576,1,None,None
CGATGTACACTTGGAT-1,False,CGATGTACACTTGGAT-1_contig_2,False,547,TRB,TRBV13-3,None,TRBJ1-6,TRBC1,True,False,CASSEHGQYNSPLYF,TGTGCCAGCAGTGAACACGGACAATATAATTCGCCCCTCTACTTT,798,1,None,None
CGATGTACATCCGGGT-1,False,CGATGTACATCCGGGT-1_contig_1,False,559,TRA,TRAV4D-3,None,TRAJ27,TRAC,True,True,CAADGPNTGKLTF,TGTGCTGCGGACGGACCCAATACAGGCAAATTAACCTTT,1214,1,None,None
CGATGTAGTACCGAGA-1,False,CGATGTAGTACCGAGA-1_contig_1,False,357,TRB,None,None,TRBJ1-6,TRBC1,False,False,None,None,918,1,None,None
CGATGTAGTACTTCTT-1,False,CGATGTAGTACTTCTT-1_contig_1,False,579,TRB,TRBV12-2+TRBV13-2,None,TRBJ1-2,TRBC1,True,True,CASGGGTGNSDYTF,TGTGCCAGCGGTGGGGGGACAGGGAACTCCGACTACACCTTC,3484,2,None,None
CGATGTAGTAGCGATG-1,False,CGATGTAGTAGCGATG-1_contig_1,False,396,TRB,TRBV26,None,TRBJ2-5,None,True,False,CASSRGTDTQYF,TGTGCCAGCAGCCGCGGGACCGACACCCAGTACTTT,2402,2,None,None
CGATGTAGTAGGGACT-1,False,CGATGTAGTAGGGACT-1_contig_1,False,459,TRA,TRAV8D-1,None,TRAJ26,None,True,True,CATDDNYAQGLTF,TGTGCTACTGACGATAACTATGCCCAGGGATTAACCTTC,546,1,None,None
CGATGTAGTATATCCG-1,False,CGATGTAGTATATCCG-1_contig_1,False,549,TRB,TRBV16,None,TRBJ2-5,None,True,True,CASSLGGGQDTQYF,TGTGCAAGCAGCTTAGGGGGGGGCCAAGACACCCAGTACTTT,736,1,None,None
CGATGTAGTCAGATAA-1,False,CGATGTAGTCAGATAA-1_contig_1,False,549,TRA,TRAV8N-2,None,TRAJ13,TRAC,True,True,CATEDSGTYQRF,TGTGCTACTGAGGATTCTGGGACTTACCAGAGGTTT,1466,1,None,None
CGATGTAGTCCTGCTT-1,False,CGATGTAGTCCTGCTT-1_contig_1,False,512,TRB,TRBV13-1,None,TRBJ2-5,None,True,True,CASSDGDDTQYF,TGTGCCAGCAGTGACGGGGACGACACCCAGTACTTT,1204,1,None,None
CGATGTAGTGGCAAAC-1,False,CGATGTAGTGGCAAAC-1_contig_1,False,638,TRB,TRBV12-2+TRBV13-2,None,TRBJ1-2,TRBC1,True,True,CASGGGTGNSDYTF,TGTGCCAGCGGTGGGGGGACAGGGAACTCCGACTACACCTTC,762,1,None,None
CGATGTAGTGGTCTCG-1,False,CGATGTAGTGGTCTCG-1_contig_1,False,501,TRB,TRBV13-1,None,TRBJ2-7,None,True,True,CASSDPGQGYF,TGTGCCAGCAGTGATCCGGGACAGGGTTACTTC,1896,1,None,None
CGATGTATCACGCGGT-1,False,CGATGTATCACGCGGT-1_contig_1,False,660,TRA,TRAV9N-4,None,TRAJ22,TRAC,True,False,None,None,1728,1,None,None
CGATGTATCCTGCCAT-1,False,CGATGTATCCTGCCAT-1_contig_1,False,509,TRB,TRBV13-1,None,TRBJ2-3,None,True,True,CASGDSAETLYF,TGTGCCAGCGGGGACAGTGCAGAAACGCTGTATTTT,1110,2,None,None
CGATGTATCCTGCCAT-1,False,CGATGTATCCTGCCAT-1_contig_2,False,525,TRA,TRAV7N-6,None,TRAJ30,TRAC,True,True,CAVVDTNAYKVIF,TGTGCAGTGGTTGACACAAATGCTTACAAAGTCATCTTT,936,1,None,None
CGATGTATCCTTTACA-1,False,CGATGTATCCTTTACA-1_contig_1,False,541,TRA,TRAV8D-1,None,TRAJ30,TRAC,True,True,CALDTNAYKVIF,TGTGCCCTCGACACAAATGCTTACAAAGTCATCTTT,1486,1,None,None
CGATGTATCGAGCCCA-1,False,CGATGTATCGAGCCCA-1_contig_1,False,522,TRB,TRBV5,None,TRBJ2-7,None,True,True,CASSQDWGGAVEQYF,TGTGCCAGCAGCCAAGACTGGGGGGGCGCAGTTGAACAGTACTTC,1860,1,None,None
CGATGTATCTTGAGGT-1,False,CGATGTATCTTGAGGT-1_contig_1,False,584,TRB,TRBV12-2+TRBV13-2,None,TRBJ2-7,None,True,True,CASGVQGEQYF,TGTGCCAGCGGTGTTCAGGGAGAACAGTACTTC,1032,1,None,None
CGATTGAAGAGATGAG-1,False,CGATTGAAGAGATGAG-1_contig_1,False,454,TRB,None,None,TRBJ1-6,TRBC1,False,False,None,None,2126,1,None,None
CGATTGAAGCCCTAAT-1,False,CGATTGAAGCCCTAAT-1_contig_1,False,560,TRA,TRAV4D-3,None,TRAJ27,TRAC,True,True,CAADGPNTGKLTF,TGTGCTGCGGACGGACCCAATACAGGCAAATTAACCTTT,1062,1,None,None
CGATTGAAGGTGACCA-1,False,CGATTGAAGGTGACCA-1_contig_1,False,565,TRB,TRBV12-2+TRBV13-2,None,TRBJ1-5,TRBC1,True,True,CASGTGDNQAPLF,TGTGCCAGCGGGACAGGGGACAACCAGGCTCCGCTTTTT,1974,1,None,None
CGATTGAAGGTGTGGT-1,False,CGATTGAAGGTGTGGT-1_contig_1,False,535,TRB,TRBV16,None,TRBJ2-5,None,True,True,CASSLGGGQDTQYF,TGTGCAAGCAGCTTAGGGGGGGGCCAAGACACCCAGTACTTT,2468,1,None,None
CGATTGAAGGTTACCT-1,False,CGATTGAAGGTTACCT-1_contig_1,True,502,TRB,TRBV13-1,None,TRBJ2-2,None,True,True,CASSDPGQLYF,TGTGCCAGCAGTGACCCCGGGCAGCTCTACTTT,5082,4,None,None
CGATTGAAGGTTACCT-1,False,CGATTGAAGGTTACCT-1_contig_2,False,575,TRA,TRAV12-2,None,TRAJ37,TRAC,True,True,CALSPQTGNTGKLIF,TGTGCTTTGAGCCCCCAAACAGGCAATACCGGAAAACTCATCTTT,1514,2,None,None
CGATTGACAAAGGTGC-1,False,CGATTGACAAAGGTGC-1_contig_1,False,561,TRA,TRAV4-3,None,TRAJ42,TRAC,True,True,CAADNSGGSNAKLTF,TGTGCTGCTGATAATTCTGGAGGAAGCAATGCAAAGCTAACCTTC,1394,1,None,None
CGATTGACAAAGGTGC-1,False,CGATTGACAAAGGTGC-1_contig_2,False,564,TRB,TRBV12-2+TRBV13-2,None,TRBJ1-2,TRBC1,True,True,CASGGGTGNSDYTF,TGTGCCAGCGGTGGGGGGACAGGGAACTCCGACTACACCTTC,472,1,None,None
CGATTGACATAACCTG-1,False,CGATTGACATAACCTG-1_contig_1,False,535,TRA,TRAV19,None,TRAJ39,TRAC,True,True,CAAGGNNAGAKLTF,TGCGCAGCAGGTGGGAATAATGCAGGTGCCAAGCTCACATTC,3002,1,None,None
CGATTGACATAACCTG-1,False,CGATTGACATAACCTG-1_contig_2,False,584,TRB,TRBV12-2+TRBV13-2,None,TRBJ1-5,TRBC1,True,True,CASGTGDNQAPLF,TGTGCCAGCGGGACAGGGGACAACCAGGCTCCGCTTTTT,3476,3,None,None
CGATTGACATAACCTG-1,False,CGATTGACATAACCTG-1_contig_3,True,520,TRA,TRAV13N-1,None,TRAJ45,TRAC,True,False,None,None,1718,1,None,None
CGATTGAGTAGCTTGT-1,False,CGATTGAGTAGCTTGT-1_contig_1,False,507,TRA,TRAV21-DV12,None,TRAJ42,TRAC,True,True,CILRVHGGNNAKLTF,TGTATCCTGAGAGTCCATGGAGGAAACAATGCAAAGCTAACCTTC,420,2,None,None
CGATTGAGTATAGTAG-1,False,CGATTGAGTATAGTAG-1_contig_1,False,499,TRA,TRAV4-2,None,TRAJ35,TRAC,True,True,CAVEPQTGFASALTF,TGTGCTGTTGAGCCCCAGACAGGCTTTGCAAGTGCGCTGACATTT,2876,1,None,None
CGATTGAGTGCAGTAG-1,False,CGATTGAGTGCAGTAG-1_contig_1,False,560,TRB,TRBV12-2+TRBV13-2,None,TRBJ1-2,TRBC1,True,True,CASGGGTGNSDYTF,TGTGCCAGCGGTGGGGGGACAGGGAACTCCGACTACACCTTC,958,1,None,None
CGATTGAGTGCAGTAG-1,False,CGATTGAGTGCAGTAG-1_contig_2,False,565,TRB,TRBV12-2+TRBV13-2,None,TRBJ2-1,None,True,True,CASERGALAEQFF,TGTGCCAGCGAAAGGGGGGCGCTGGCTGAGCAGTTCTTC,1708,1,None,None
CGATTGAGTGTTCTTT-1,False,CGATTGAGTGTTCTTT-1_contig_1,False,349,TRB,TRBV13-2,None,TRBJ1-5,TRBC1,True,False,CASGTGDNQAPLF,TGTGCCAGCGGGACAGGCGACAACCAGGCTCCGCTTTTT,258,1,None,None
CGATTGAGTTACGACT-1,False,CGATTGAGTTACGACT-1_contig_1,False,517,TRA,TRAV19,None,TRAJ39,TRAC,True,True,CAAGGNNAGAKLTF,TGCGCAGCAGGTGGGAATAATGCAGGTGCCAAGCTCACATTC,1642,1,None,None
CGATTGATCAACACCA-1,False,CGATTGATCAACACCA-1_contig_1,False,562,TRB,TRBV12-2+TRBV13-2,None,TRBJ2-7,None,True,True,CASGVQGWEQYF,TGTGCCAGCGGTGTACAGGGGTGGGAACAGTACTTC,1902,1,None,None
CGATTGATCAACGAAA-1,False,CGATTGATCAACGAAA-1_contig_1,False,551,TRB,TRBV12-2+TRBV13-2,None,TRBJ2-5,None,True,True,CASGTGDTQYF,TGTGCCAGCGGCACCGGGGACACCCAGTACTTT,2702,2,None,None
CGATTGATCAACGAAA-1,False,CGATTGATCAACGAAA-1_contig_2,False,535,TRB,TRBV13-2,None,TRBJ1-2,TRBC1,True,True,CASGGGTGNSDYTF,TGTGCCAGCGGTGGGGGGACAGGGAACTCCGACTACACCTTC,2124,1,None,None
CGATTGATCAACGAAA-1,False,CGATTGATCAACGAAA-1_contig_3,True,358,TRB,None,None,TRBJ2-7,None,False,False,None,None,2918,3,None,None
CGATTGATCACGATGT-1,False,CGATTGATCACGATGT-1_contig_1,False,549,TRB,TRBV16,None,TRBJ2-7,None,True,True,CASSFGGGADEQYF,TGTGCAAGCAGCTTTGGTGGGGGGGCGGATGAACAGTACTTC,922,2,None,None
CGATTGATCCCTAATT-1,False,CGATTGATCCCTAATT-1_contig_1,False,394,TRB,None,None,TRBJ2-7,None,False,False,None,None,2366,1,None,None
CGATTGATCCGTCAAA-1,False,CGATTGATCCGTCAAA-1_contig_1,False,589,TRB,TRBV12-2+TRBV13-2,None,TRBJ1-5,TRBC1,True,True,CASGTGDNQAPLF,TGTGCCAGCGGTACAGGGGACAACCAGGCTCCGCTTTTT,1210,1,None,None
CGATTGATCTAGCACA-1,False,CGATTGATCTAGCACA-1_contig_1,False,549,TRB,TRBV16,None,TRBJ2-5,None,True,True,CASSLGGGQDTQYF,TGTGCAAGCAGCTTAGGGGGGGGCCAAGACACCCAGTACTTT,1072,1,None,None
CGATTGATCTGCGTAA-1,False,CGATTGATCTGCGTAA-1_contig_1,False,522,TRB,TRBV5,None,TRBJ2-5,None,True,True,CASSQDGVNQDTQYF,TGTGCCAGCAGCCAAGATGGGGTTAACCAAGACACCCAGTACTTT,380,1,None,None
CGCCAAGAGACGCTTT-1,False,CGCCAAGAGACGCTTT-1_contig_1,False,568,TRB,TRBV12-2+TRBV13-2,None,TRBJ1-2,TRBC1,True,True,CASGGGTGNSDYTF,TGTGCCAGCGGTGGGGGGACAGGGAACTCCGACTACACCTTC,1838,1,None,None
CGCCAAGAGACTAAGT-1,False,CGCCAAGAGACTAAGT-1_contig_1,False,356,TRB,None,None,TRBJ2-1,None,False,False,None,None,3100,1,None,None
CGCCAAGAGATCACGG-1,False,CGCCAAGAGATCACGG-1_contig_1,False,526,TRA,TRAV3D-3,None,TRAJ26,TRAC,True,True,CAVSANNYAQGLTF,TGCGCAGTCAGTGCAAATAACTATGCCCAGGGATTAACCTTC,1808,1,None,None
CGCCAAGAGCACAGGT-1,False,CGCCAAGAGCACAGGT-1_contig_1,False,549,TRB,TRBV16,None,TRBJ2-7,None,True,True,CASSFGGGADEQYF,TGTGCAAGCAGCTTTGGTGGGGGGGCGGATGAACAGTACTTC,478,1,None,None
CGCCAAGAGCCCAATT-1,False,CGCCAAGAGCCCAATT-1_contig_1,False,557,TRB,TRBV12-2+TRBV13-2,None,TRBJ2-7,None,True,True,CASGGQGEQYF,TGTGCCAGCGGCGGACAGGGTGAACAGTACTTC,1202,1,None,None
CGCCAAGAGCGATATA-1,False,CGCCAAGAGCGATATA-1_contig_1,False,565,TRB,TRBV12-2+TRBV13-2,None,TRBJ1-2,TRBC1,True,True,CASGGGTGNSDYTF,TGTGCCAGCGGTGGGGGGACAGGGAACTCCGACTACACCTTC,338,1,None,None
CGCCAAGAGGTAGCTG-1,False,CGCCAAGAGGTAGCTG-1_contig_1,False,515,TRB,TRBV13-1,None,TRBJ2-1,None,True,True,CASSAGDYAEQFF,TGTGCCAGCAGTGCTGGGGACTATGCTGAGCAGTTCTTC,998,1,None,None
CGCCAAGAGTAAGTAC-1,False,CGCCAAGAGTAAGTAC-1_contig_1,False,550,TRB,TRBV16,None,TRBJ2-5,None,True,False,CKQLRG,TGCAAGCAGCTTAGGGGG,686,1,None,None
CGCCAAGCAACGATGG-1,False,CGCCAAGCAACGATGG-1_contig_1,False,432,TRB,None,None,TRBJ2-1,None,False,False,None,None,2070,1,None,None
CGCCAAGCAAGGACTG-1,False,CGCCAAGCAAGGACTG-1_contig_1,False,595,TRB,TRBV12-2+TRBV13-2,None,TRBJ1-2,TRBC1,True,True,CASGGGTGNSDYTF,TGTGCCAGCGGTGGGGGGACAGGGAACTCCGACTACACCTTC,1302,1,None,None
CGCCAAGCACAGCGTC-1,False,CGCCAAGCACAGCGTC-1_contig_1,False,559,TRB,TRBV12-2+TRBV13-2,None,TRBJ2-7,None,True,True,CASGVQGEQYF,TGTGCCAGCGGTGTTCAGGGAGAACAGTACTTC,1876,1,None,None
CGCCAAGCACCGGAAA-1,False,CGCCAAGCACCGGAAA-1_contig_1,False,518,TRB,TRBV14,None,TRBJ2-7,None,True,True,CASSAGQNYEQYF,TGTGCCAGCAGTGCGGGACAAAACTATGAACAGTACTTC,1786,1,None,None
CGCCAAGCAGATGGGT-1,False,CGCCAAGCAGATGGGT-1_contig_1,False,563,TRB,TRBV12-2+TRBV13-2,None,TRBJ2-7,None,True,True,CASGAGGDYEQYF,TGTGCCAGCGGTGCTGGGGGGGACTATGAACAGTACTTC,1246,1,None,None
CGCCAAGCAGATGGGT-1,False,CGCCAAGCAGATGGGT-1_contig_2,False,537,TRB,TRBV13-1,None,TRBJ2-1,None,True,True,CASGGGDYAEQFF,TGTGCCAGCGGGGGGGGAGACTATGCTGAGCAGTTCTTC,1286,1,None,None
CGCCAAGCATCCCATC-1,False,CGCCAAGCATCCCATC-1_contig_1,False,512,TRB,TRBV13-1,None,TRBJ2-3,None,True,True,CASGDSAETLYF,TGTGCCAGCGGGGACAGTGCAGAAACGCTGTATTTT,1664,1,None,None
CGCCAAGGTAGCGCTC-1,False,CGCCAAGGTAGCGCTC-1_contig_1,False,512,TRB,TRBV13-1,None,TRBJ2-3,None,True,True,CASGDSAETLYF,TGTGCCAGCGGGGACAGTGCAGAAACGCTGTATTTT,508,1,None,None
CGCCAAGGTCTCCATC-1,False,CGCCAAGGTCTCCATC-1_contig_1,False,565,TRA,TRAV13D-2,None,TRAJ11,TRAC,True,True,CAIDLDSGYNKLTF,TGTGCTATAGATCTTGACTCGGGATACAACAAACTCACTTTT,1726,1,None,None
CGCCAAGGTCTCTCTG-1,False,CGCCAAGGTCTCTCTG-1_contig_1,False,549,TRB,TRBV16,None,TRBJ2-5,None,True,True,CASSLGGGQDTQYF,TGTGCAAGCAGCTTAGGGGGGGGCCAAGACACCCAGTACTTT,1118,2,None,None
CGCCAAGGTGATAAAC-1,False,CGCCAAGGTGATAAAC-1_contig_1,False,560,TRB,TRBV12-2+TRBV13-2,None,TRBJ1-2,TRBC1,True,True,CASGGGTGNSDYTF,TGTGCCAGCGGTGGGGGGACAGGGAACTCCGACTACACCTTC,1376,1,None,None
CGCCAAGGTTACGACT-1,False,CGCCAAGGTTACGACT-1_contig_1,False,549,TRB,TRBV16,None,TRBJ2-7,None,True,True,CASSFGGGADEQYF,TGTGCAAGCAGCTTTGGTGGGGGGGCGGATGAACAGTACTTC,1120,1,None,None
CGCGGTAAGAAGATTC-1,False,CGCGGTAAGAAGATTC-1_contig_1,False,549,TRB,TRBV16,None,TRBJ2-5,None,True,True,CASSLGGGQDTQYF,TGTGCAAGCAGCTTAGGGGGGGGCCAAGACACCCAGTACTTT,404,1,None,None
CGCGGTAAGAGTTGGC-1,False,CGCGGTAAGAGTTGGC-1_contig_1,False,566,TRB,TRBV12-2+TRBV13-2,None,TRBJ1-2,TRBC1,True,True,CASGGGTGNSDYTF,TGTGCCAGCGGTGGGGGGACAGGGAACTCCGACTACACCTTC,1054,1,None,None
CGCGGTAAGATCCCGC-1,False,CGCGGTAAGATCCCGC-1_contig_1,False,605,TRB,TRBV3,None,TRBJ2-5,None,True,True,CASSRDWGGQDTQYF,TGTGCCAGCAGCCGGGACTGGGGGGGACAAGACACCCAGTACTTT,2540,1,None,None
CGCGGTAAGCCAGTAG-1,False,CGCGGTAAGCCAGTAG-1_contig_1,False,549,TRB,TRBV16,None,TRBJ2-5,None,True,True,CASSLGGGQDTQYF,TGTGCAAGCAGCTTAGGGGGGGGCCAAGACACCCAGTACTTT,1816,2,None,None
CGCGGTAAGCGGCTTC-1,False,CGCGGTAAGCGGCTTC-1_contig_1,False,565,TRB,TRBV12-2+TRBV13-2,None,TRBJ1-5,TRBC1,True,True,CASGTGDNQAPLF,TGTGCCAGCGGGACGGGGGACAACCAGGCTCCGCTTTTT,928,1,None,None
CGCGGTAAGGAGTAGA-1,False,CGCGGTAAGGAGTAGA-1_contig_1,False,591,TRB,TRBV13-2,None,TRBJ1-5,TRBC1,True,True,CASGTGDNQAPLF,TGTGCCAGCGGGACAGGGGACAACCAGGCTCCGCTTTTT,1274,1,None,None
CGCGGTAAGGAGTAGA-1,False,CGCGGTAAGGAGTAGA-1_contig_2,False,433,TRB,None,None,TRBJ2-7,None,False,False,None,None,494,1,None,None
CGCGGTAAGGTTACCT-1,False,CGCGGTAAGGTTACCT-1_contig_1,False,592,TRB,TRBV12-2+TRBV13-2,None,TRBJ1-5,TRBC1,True,True,CASGTGDNQAPLF,TGTGCCAGCGGTACAGGGGACAACCAGGCTCCGCTTTTT,1436,1,None,None
CGCGGTAAGTCGAGTG-1,False,CGCGGTAAGTCGAGTG-1_contig_1,False,629,TRB,None,None,TRBJ2-7,None,False,False,None,None,1114,1,None,None
CGCGGTAAGTCGCCGT-1,False,CGCGGTAAGTCGCCGT-1_contig_1,False,563,TRB,TRBV12-2+TRBV13-2,None,TRBJ1-5,TRBC1,True,True,CASGTGDNQAPLF,TGTGCCAGCGGGACAGGGGACAACCAGGCTCCGCTTTTT,1394,2,None,None
CGCGGTAAGTGGCACA-1,False,CGCGGTAAGTGGCACA-1_contig_1,False,644,TRA,TRAV14N-3,None,TRAJ6,TRAC,True,True,CAARTSGGNYKPTF,TGTGCAGCAAGAACCTCAGGAGGAAACTACAAACCTACGTTT,1960,1,None,None
CGCGGTACACGGTAGA-1,False,CGCGGTACACGGTAGA-1_contig_1,False,552,TRA,TRAV4D-3,None,TRAJ27,TRAC,True,True,CAADGPNTGKLTF,TGTGCTGCGGACGGACCCAATACAGGCAAATTAACCTTT,1086,1,None,None
CGCGGTACACTGAAGG-1,False,CGCGGTACACTGAAGG-1_contig_1,False,549,TRB,TRBV16,None,TRBJ2-7,None,True,True,CASSFGGGADEQYF,TGTGCAAGCAGCTTTGGTGGGGGGGCGGATGAACAGTACTTC,1018,1,None,None
CGCGGTACAGATAATG-1,False,CGCGGTACAGATAATG-1_contig_1,False,505,TRB,TRBV13-1,None,TRBJ2-3,None,True,True,CASGDSAETLYF,TGTGCCAGCGGGGACAGTGCAGAAACGCTGTATTTT,192,1,None,None
CGCGGTACAGGAATCG-1,False,CGCGGTACAGGAATCG-1_contig_1,False,563,TRB,TRBV12-2+TRBV13-2,None,TRBJ1-5,TRBC1,True,True,CASGTGDNQAPLF,TGTGCCAGCGGGACGGGGGACAACCAGGCTCCGCTTTTT,702,1,None,None
CGCGGTACAGTGAGTG-1,False,CGCGGTACAGTGAGTG-1_contig_1,False,516,TRA,TRAV19,None,TRAJ39,TRAC,True,True,CAAGGNNAGAKLTF,TGCGCAGCAGGTGGGAATAATGCAGGTGCCAAGCTCACATTC,280,1,None,None
CGCGGTACATATGGTC-1,False,CGCGGTACATATGGTC-1_contig_1,False,598,TRB,TRBV12-2+TRBV13-2,None,TRBJ1-5,TRBC1,True,True,CASGTGDNQAPLF,TGTGCCAGCGGTACAGGGGATAACCAGGCTCCGCTTTTT,1120,1,None,None
CGCGGTAGTACAGTGG-1,False,CGCGGTAGTACAGTGG-1_contig_1,False,577,TRB,TRBV12-2+TRBV13-2,None,TRBJ1-2,TRBC1,True,True,CASGGQGPDYTF,TGTGCCAGCGGGGGACAGGGACCCGACTACACCTTC,322,1,None,None
CGCGGTAGTAGCGTGA-1,False,CGCGGTAGTAGCGTGA-1_contig_1,False,366,TRA,TRAV9N-4,None,TRAJ26,TRAC,True,False,CALSYAQGLTF,TGTGCTCTGAGCTATGCCCAGGGATTAACCTTC,2570,1,None,None
CGCGGTAGTCACCCAG-1,False,CGCGGTAGTCACCCAG-1_contig_1,False,515,TRB,TRBV13-1,None,TRBJ2-1,None,True,True,CASGGGDYAEQFF,TGTGCCAGCGGGGGGGGAGACTATGCTGAGCAGTTCTTC,992,1,None,None
CGCGGTAGTCCGTCAG-1,False,CGCGGTAGTCCGTCAG-1_contig_1,False,505,TRB,TRBV13-1,None,TRBJ2-3,None,True,True,CASGDSAETLYF,TGTGCCAGCGGGGACAGTGCAGAAACGCTGTATTTT,1444,1,None,None
CGCGGTAGTCGAGATG-1,False,CGCGGTAGTCGAGATG-1_contig_1,False,505,TRB,TRBV13-1,None,TRBJ2-4,None,True,True,CASSEGTNTLYF,TGTGCCAGCAGTGAAGGAACAAACACCTTGTACTTT,214,2,None,None
CGCGGTAGTCTCATCC-1,False,CGCGGTAGTCTCATCC-1_contig_1,False,566,TRB,TRBV12-2+TRBV13-2,None,TRBJ1-2,TRBC1,True,True,CASGGGTGNSDYTF,TGTGCCAGCGGTGGGGGGACAGGGAACTCCGACTACACCTTC,1596,1,None,None
CGCGGTAGTGATGATA-1,False,CGCGGTAGTGATGATA-1_contig_1,False,333,TRB,None,None,TRBJ2-1,None,False,False,None,None,1466,1,None,None
CGCGGTAGTGGGTATG-1,False,CGCGGTAGTGGGTATG-1_contig_1,False,571,TRA,TRAV4D-3,None,TRAJ27,TRAC,True,True,CAADGPNTGKLTF,TGTGCTGCGGACGGACCCAATACAGGCAAATTAACCTTT,1914,1,None,None
CGCGGTAGTGGTAACG-1,False,CGCGGTAGTGGTAACG-1_contig_1,False,564,TRB,TRBV12-2+TRBV13-2,None,TRBJ2-7,None,True,True,CASGTGGDYEQYF,TGTGCCAGCGGGACTGGGGGGGACTATGAACAGTACTTC,1160,1,None,None
CGCGGTAGTGTGGTTT-1,False,CGCGGTAGTGTGGTTT-1_contig_1,False,505,TRB,TRBV13-1,None,TRBJ2-3,None,True,True,CASGDSAETLYF,TGTGCCAGCGGGGACAGTGCAGAAACGCTGTATTTT,1660,1,None,None
CGCGGTAGTTGCGTTA-1,False,CGCGGTAGTTGCGTTA-1_contig_1,False,560,TRB,TRBV13-2,None,TRBJ2-1,None,True,True,CASGTGDYAEQFF,TGTGCCAGCGGGACTGGGGACTATGCTGAGCAGTTCTTC,1334,1,None,None
CGCGGTATCAGCGATT-1,False,CGCGGTATCAGCGATT-1_contig_1,False,549,TRB,TRBV16,None,TRBJ2-5,None,True,True,CASSLGGGQDTQYF,TGTGCAAGCAGCTTAGGGGGGGGCCAAGACACCCAGTACTTT,668,1,None,None
CGCGGTATCCTATTCA-1,False,CGCGGTATCCTATTCA-1_contig_1,False,554,TRB,TRBV12-2+TRBV13-2,None,TRBJ2-7,None,True,True,CASGVQGWEQYF,TGTGCCAGCGGTGTACAGGGGTGGGAACAGTACTTC,1266,1,None,None
CGCGGTATCTGAGGGA-1,False,CGCGGTATCTGAGGGA-1_contig_1,False,542,TRA,TRAV14N-3,None,TRAJ6,TRAC,True,True,CAARTSGGNYKPTF,TGTGCAGCAAGAACCTCAGGAGGAAACTACAAACCTACGTTT,1698,1,None,None
CGCGTTTAGAGAACAG-1,False,CGCGTTTAGAGAACAG-1_contig_1,True,459,TRB,None,None,TRBJ1-4,TRBC1,False,False,None,None,2012,2,None,None
CGCGTTTAGAGAACAG-1,False,CGCGTTTAGAGAACAG-1_contig_2,True,333,TRB,None,None,TRBJ2-1,None,False,False,None,None,2872,1,None,None
CGCGTTTAGCCGGTAA-1,False,CGCGTTTAGCCGGTAA-1_contig_1,False,521,TRB,TRBV12-2+TRBV13-2,None,TRBJ1-5,TRBC1,True,False,CASGTGDNQAPLF,TGTGCCAGCGGTACAGGGGACAACCAGGCTCCGCTTTTT,830,1,None,None
CGCGTTTAGGAACTGC-1,False,CGCGTTTAGGAACTGC-1_contig_1,False,430,TRB,TRBV13-2,None,TRBJ1-2,TRBC1,True,False,CASGGGTGNSDYTF,TGTGCCAGCGGTGGGGGGACAGGGAACTCCGACTACACCTTC,1216,1,None,None
CGCGTTTAGGAGTTGC-1,False,CGCGTTTAGGAGTTGC-1_contig_1,False,576,TRB,TRBV12-2+TRBV13-2,None,TRBJ2-7,None,True,True,CASGTGGDYEQYF,TGTGCCAGCGGGACTGGGGGGGACTATGAACAGTACTTC,1472,1,None,None
CGCGTTTAGGATGGAA-1,False,CGCGTTTAGGATGGAA-1_contig_1,False,433,TRB,None,None,TRBJ2-7,None,False,False,None,None,926,1,None,None
CGCGTTTAGGCAAAGA-1,False,CGCGTTTAGGCAAAGA-1_contig_1,False,523,TRA,TRAV8N-2,None,TRAJ13,TRAC,True,True,CATEDSGTYQRF,TGTGCTACTGAGGATTCTGGGACTTACCAGAGGTTT,2318,1,None,None
CGCGTTTAGTGTCCCG-1,False,CGCGTTTAGTGTCCCG-1_contig_1,False,512,TRB,TRBV13-1,None,TRBJ2-4,None,True,True,CASSEGTNTLYF,TGTGCCAGCAGTGAAGGAACAAACACCTTGTACTTT,1006,1,None,None
CGCGTTTAGTGTCCCG-1,False,CGCGTTTAGTGTCCCG-1_contig_2,False,426,TRA,TRAV9D-2,None,TRAJ26,TRAC,True,False,CVLSRGNNYAQGLTF,TGTGTTCTGAGCAGGGGCAATAACTATGCCCAGGGATTAACCTTC,998,2,None,None
CGCGTTTAGTTACCCA-1,False,CGCGTTTAGTTACCCA-1_contig_1,False,505,TRB,TRBV13-1,None,TRBJ2-3,None,True,True,CASGDSAETLYF,TGTGCCAGCGGGGACAGTGCAGAAACGCTGTATTTT,1192,1,None,None
CGCGTTTAGTTATCGC-1,False,CGCGTTTAGTTATCGC-1_contig_1,False,549,TRB,TRBV16,None,TRBJ2-5,None,True,True,CASSLGGGQDTQYF,TGTGCAAGCAGCTTAGGGGGGGGGCAAGACACCCAGTACTTT,1644,1,None,None
CGCGTTTAGTTCGCAT-1,False,CGCGTTTAGTTCGCAT-1_contig_1,False,375,TRB,None,None,TRBJ1-6,TRBC1,False,False,None,None,2050,2,None,None
CGCGTTTCACCATGTA-1,False,CGCGTTTCACCATGTA-1_contig_1,True,567,TRA,TRAV4D-3,None,TRAJ27,TRAC,True,True,CAADGPNTGKLTF,TGTGCTGCTGACGGGCCCAATACAGGCAAATTAACCTTT,2018,2,None,None
CGCGTTTCACCATGTA-1,False,CGCGTTTCACCATGTA-1_contig_2,False,522,TRA,TRAV8-1,None,TRAJ30,TRAC,True,True,CATDTNAYKVIF,TGTGCTACTGACACAAATGCTTACAAAGTCATCTTT,2194,1,None,None
CGCGTTTCACCATGTA-1,False,CGCGTTTCACCATGTA-1_contig_3,True,595,TRA,TRAV7-4,None,TRAJ31,TRAC,True,False,None,None,2094,1,None,None
CGCGTTTCAGAGCCAA-1,False,CGCGTTTCAGAGCCAA-1_contig_1,False,564,TRB,TRBV12-2+TRBV13-2,None,TRBJ2-7,None,True,True,CASGVQGWEQYF,TGTGCCAGCGGTGTACAGGGGTGGGAACAGTACTTC,2000,1,None,None
CGCGTTTCATCGTCGG-1,False,CGCGTTTCATCGTCGG-1_contig_1,False,578,TRB,TRBV12-2+TRBV13-2,None,TRBJ2-7,None,True,True,CASGTGGDYEQYF,TGTGCCAGCGGGACTGGGGGGGACTATGAACAGTACTTC,1174,1,None,None
CGCGTTTGTAAGGATT-1,False,CGCGTTTGTAAGGATT-1_contig_1,False,425,TRB,TRBV13-1,None,TRBJ2-4,None,True,False,CASSEGTNTLYF,TGTGCCAGCAGTGAAGGAACAAACACCTTGTACTTT,880,1,None,None
CGCGTTTGTAGCTAAA-1,False,CGCGTTTGTAGCTAAA-1_contig_1,False,564,TRB,TRBV12-2+TRBV13-2,None,TRBJ1-5,TRBC1,True,True,CASGTGDNQAPLF,TGTGCCAGCGGGACAGGGGACAACCAGGCTCCGCTTTTT,1822,1,None,None
CGCGTTTGTGCCTGGT-1,False,CGCGTTTGTGCCTGGT-1_contig_1,False,554,TRB,TRBV12-2+TRBV13-2,None,TRBJ1-2,TRBC1,True,True,CASGGGTGNSDYTF,TGTGCCAGCGGTGGGGGGACAGGGAACTCCGACTACACCTTC,1954,1,None,None
CGCGTTTGTGCGCTTG-1,False,CGCGTTTGTGCGCTTG-1_contig_1,False,525,TRA,TRAV7N-6,None,TRAJ30,TRAC,True,True,CAVVDTNAYKVIF,TGTGCAGTGGTTGACACAAATGCTTACAAAGTCATCTTT,2108,1,None,None
CGCGTTTGTTAGAACA-1,False,CGCGTTTGTTAGAACA-1_contig_1,False,516,TRA,TRAV6-6,None,TRAJ24,TRAC,True,True,CAPLTTASLGKLQF,TGTGCTCCGTTGACAACTGCCAGTTTGGGGAAACTGCAGTTT,310,3,None,None
CGCGTTTGTTAGAACA-1,False,CGCGTTTGTTAGAACA-1_contig_2,False,512,TRB,TRBV13-1,None,TRBJ2-4,None,True,True,CASSEGTNTLYF,TGTGCCAGCAGTGAAGGAACAAACACCTTGTACTTT,1608,1,None,None
CGCGTTTGTTCAGCGC-1,False,CGCGTTTGTTCAGCGC-1_contig_1,False,544,TRA,TRAV8D-1,None,TRAJ49,TRAC,True,True,CATDATGYQNFYF,TGTGCTACTGATGCGACGGGTTACCAGAACTTCTATTTT,3340,2,None,None
CGCGTTTGTTTGGGCC-1,False,CGCGTTTGTTTGGGCC-1_contig_1,False,536,TRA,TRAV6-6,None,TRAJ17,TRAC,True,True,CALGEDSAGNKLTF,TGTGCTCTGGGTGAGGACAGTGCAGGGAACAAGCTAACTTTT,1074,1,None,None
CGCGTTTTCACGGTTA-1,False,CGCGTTTTCACGGTTA-1_contig_1,False,505,TRB,TRBV13-1,None,TRBJ2-3,None,True,True,CASGDSAETLYF,TGTGCCAGCGGGGACAGTGCAGAAACGCTGTATTTT,1090,1,None,None
CGCGTTTTCCCTCTTT-1,False,CGCGTTTTCCCTCTTT-1_contig_1,False,605,TRB,TRBV12-2+TRBV13-2,None,TRBJ1-2,TRBC1,True,True,CASGGGTGNSDYTF,TGTGCCAGCGGTGGGGGGACAGGGAACTCCGACTACACCTTC,340,1,None,None
CGCGTTTTCTACGAGT-1,False,CGCGTTTTCTACGAGT-1_contig_1,False,390,TRB,None,None,TRBJ1-3,TRBC1,False,False,None,None,1310,1,None,None
CGCTATCAGAAACGAG-1,False,CGCTATCAGAAACGAG-1_contig_1,False,638,TRB,TRBV12-2+TRBV13-2,None,TRBJ1-2,TRBC1,True,True,CASGGGTGNSDYTF,TGTGCCAGCGGTGGGGGGACAGGAAACTCCGACTACACCTTC,1332,1,None,None
CGCTATCAGAAGGGTA-1,False,CGCTATCAGAAGGGTA-1_contig_1,False,602,TRB,TRBV12-2+TRBV13-2,None,TRBJ2-7,None,True,True,CASGTGGDYEQYF,TGTGCCAGCGGGACTGGGGGGGATTATGAACAGTACTTC,840,1,None,None
CGCTATCAGACACGAC-1,False,CGCTATCAGACACGAC-1_contig_1,False,506,TRB,TRBV13-2,None,TRBJ2-1,None,True,True,CASGDPFQFF,TGTGCCAGCGGTGATCCTTTCCAGTTCTTC,148,1,None,None
CGCTATCAGCACCGCT-1,False,CGCTATCAGCACCGCT-1_contig_1,False,567,TRB,TRBV12-2+TRBV13-2,None,TRBJ1-2,TRBC1,True,True,CASGGGTGNSDYTF,TGTGCCAGCGGTGGGGGGACAGGGAACTCCGACTACACCTTC,1372,1,None,None
CGCTATCAGCGTTGCC-1,False,CGCTATCAGCGTTGCC-1_contig_1,False,613,TRB,TRBV13-2,None,TRBJ1-5,TRBC1,True,True,CASGTGDNQAPLF,TGTGCCAGCGGGACAGGGGACAACCAGGCTCCGCTTTTT,1404,1,None,None
CGCTATCAGGTGTGGT-1,False,CGCTATCAGGTGTGGT-1_contig_1,False,409,TRB,None,None,TRBJ1-6,TRBC1,False,False,None,None,2212,1,None,None
CGCTATCAGTTATCGC-1,False,CGCTATCAGTTATCGC-1_contig_1,False,549,TRB,TRBV16,None,TRBJ2-5,None,True,True,CASSLGGGQDTQYF,TGTGCAAGCAGCTTAGGGGGGGGCCAAGACACCCAGTACTTT,1314,1,None,None
CGCTATCCAAATCCGT-1,False,CGCTATCCAAATCCGT-1_contig_1,False,525,TRA,TRAV7N-6,None,TRAJ30,TRAC,True,True,CAVVDTNAYKVIF,TGTGCAGTGGTTGACACAAATGCTTACAAAGTCATCTTT,318,2,None,None
CGCTATCCAATGGATA-1,False,CGCTATCCAATGGATA-1_contig_1,False,553,TRA,TRAV19,None,TRAJ39,TRAC,True,True,CAAGGNNAGAKLTF,TGCGCAGCAGGTGGGAATAATGCAGGTGCCAAGCTCACATTC,454,1,None,None
CGCTATCCACGCTTTC-1,False,CGCTATCCACGCTTTC-1_contig_1,False,549,TRB,TRBV16,None,TRBJ2-5,None,True,True,CASSLGGGQDTQYF,TGTGCAAGCAGCTTAGGGGGGGGCCAAGACACCCAGTACTTT,372,1,None,None
CGCTATCCAGTTAACC-1,False,CGCTATCCAGTTAACC-1_contig_1,False,571,TRA,TRAV4D-3,None,TRAJ27,TRAC,True,True,CAADGPNTGKLTF,TGTGCTGCGGACGGACCCAATACAGGCAAATTAACCTTT,1320,1,None,None
CGCTATCCATAGGATA-1,False,CGCTATCCATAGGATA-1_contig_1,False,594,TRA,TRAV14-2,None,TRAJ50,TRAC,True,True,CAATSSSSFSKLVF,TGTGCAGCAACTTCATCCTCCTCCTTCAGCAAGCTGGTGTTT,1484,1,None,None
CGCTATCCATTGGGCC-1,False,CGCTATCCATTGGGCC-1_contig_1,False,725,TRA,TRAV16D-DV11,None,TRAJ26,TRAC,True,False,CAMREENNYAQGLTF,TGTGCTATGAGAGAGGAAAATAACTATGCCCAGGGATTAACCTTC,2230,1,None,None
CGCTATCGTATGAATG-1,False,CGCTATCGTATGAATG-1_contig_1,False,555,TRB,TRBV12-2+TRBV13-2,None,TRBJ2-1,None,True,True,CASGDPFQFF,TGTGCCAGCGGTGATCCTTTCCAGTTCTTC,1558,1,None,None
CGCTATCGTCGCTTCT-1,False,CGCTATCGTCGCTTCT-1_contig_1,False,492,TRB,TRBV31,None,TRBJ2-3,None,True,False,CAWSLLLGGSAETLYF,TGTGCCTGGAGTCTACTCCTGGGGGGAAGTGCAGAAACGCTGTATTTT,432,1,None,None
CGCTATCGTCTCTTTA-1,False,CGCTATCGTCTCTTTA-1_contig_1,False,659,TRB,TRBV13-2,None,TRBJ2-7,None,True,True,CASGTGGDYEQYF,TGTGCCAGCGGGACTGGGGGGGACTATGAACAGTACTTC,994,1,None,None
CGCTATCGTGCCTGCA-1,False,CGCTATCGTGCCTGCA-1_contig_1,False,508,TRB,TRBV13-1,None,TRBJ2-1,None,True,True,CASGGGDYAEQFF,TGTGCCAGCGGGGGGGGAGACTATGCTGAGCAGTTCTTC,1784,1,None,None
CGCTATCGTGTTGGGA-1,False,CGCTATCGTGTTGGGA-1_contig_1,False,550,TRB,TRBV16,None,TRBJ2-5,None,True,False,CKQLRG,TGCAAGCAGCTTAGGGGG,424,1,None,None
CGCTATCGTTATCACG-1,False,CGCTATCGTTATCACG-1_contig_1,False,534,TRB,TRBV12-2+TRBV13-2,None,TRBJ2-7,None,True,True,CASGVQGEQYF,TGTGCCAGCGGTGTTCAGGGAGAACAGTACTTC,802,1,None,None
CGCTATCGTTCCACTC-1,False,CGCTATCGTTCCACTC-1_contig_1,False,557,TRB,TRBV12-2+TRBV13-2,None,TRBJ1-5,TRBC1,True,True,CASGTGDNQAPLF,TGTGCCAGCGGGACAGGCGACAACCAGGCTCCGCTTTTT,3676,2,None,None
CGCTATCGTTGTTTGG-1,False,CGCTATCGTTGTTTGG-1_contig_1,False,518,TRA,TRAV8-1,None,TRAJ30,TRAC,True,True,CATDTNAYKVIF,TGTGCTACTGACACAAATGCTTACAAAGTCATCTTT,2118,1,None,None
CGCTATCGTTTGACAC-1,False,CGCTATCGTTTGACAC-1_contig_1,False,551,TRB,TRBV12-2+TRBV13-2,None,TRBJ2-7,None,True,True,CASGVQGEQYF,TGTGCCAGCGGTGTTCAGGGAGAACAGTACTTC,814,1,None,None
CGCTATCTCCGCATAA-1,False,CGCTATCTCCGCATAA-1_contig_1,False,731,TRA,TRAV9D-2,None,TRAJ2,TRAC,True,False,CSERGGLSGKLTF,TGTTCTGAGCGCGGAGGACTAAGTGGTAAATTAACATTC,1828,1,None,None
CGCTATCTCGAGAGCA-1,False,CGCTATCTCGAGAGCA-1_contig_1,False,471,TRB,TRBV12-2+TRBV13-2,None,TRBJ1-2,None,True,True,CASGGGTGNSDYTF,TGTGCCAGCGGTGGGGGGACAGGGAACTCCGACTACACCTTC,1476,1,None,None
CGCTATCTCGAGAGCA-1,False,CGCTATCTCGAGAGCA-1_contig_2,True,357,TRB,None,None,TRBJ2-7,None,False,False,None,None,3434,3,None,None
CGCTATCTCGAGAGCA-1,False,CGCTATCTCGAGAGCA-1_contig_3,True,361,TRB,None,None,TRBJ2-1,None,False,False,None,None,4168,4,None,None
CGCTGGAAGAACTCGG-1,False,CGCTGGAAGAACTCGG-1_contig_1,False,589,TRB,TRBV12-2+TRBV13-2,None,TRBJ1-2,TRBC1,True,True,CASGGGTGNSDYTF,TGTGCCAGCGGTGGGGGGACAGGGAACTCCGACTACACCTTC,1076,1,None,None
CGCTGGAAGGACAGAA-1,False,CGCTGGAAGGACAGAA-1_contig_1,False,549,TRB,TRBV16,None,TRBJ2-7,None,True,True,CASSFGGGADEQYF,TGTGCAAGCAGCTTTGGTGGGGGGGCGGATGAACAGTACTTC,762,1,None,None
CGCTGGAAGGAGCGAG-1,False,CGCTGGAAGGAGCGAG-1_contig_1,False,549,TRB,TRBV16,None,TRBJ2-7,None,True,True,CASSFGGGADEQYF,TGTGCAAGCAGCTTTGGTGGGGGGGCGGATGAACAGTACTTC,1864,1,None,None
CGCTGGAAGGCGACAT-1,False,CGCTGGAAGGCGACAT-1_contig_1,False,499,TRB,TRBV13-1,None,TRBJ2-2,None,True,True,CASSDPGQLYF,TGTGCCAGCAGTGACCCCGGGCAGCTCTACTTT,1972,1,None,None
CGCTGGAAGGGAAACA-1,False,CGCTGGAAGGGAAACA-1_contig_1,False,525,TRB,TRBV17,None,TRBJ2-5,None,True,True,CASSRKGVQDTQYF,TGTGCTAGCAGTAGAAAGGGGGTCCAAGACACCCAGTACTTT,1312,1,None,None
CGCTGGAAGGGAAACA-1,False,CGCTGGAAGGGAAACA-1_contig_2,False,350,TRB,TRBV13-2,None,TRBJ2-1,None,True,False,CASGAGDYAEQFF,TGTGCCAGCGGTGCTGGGGACTATGCTGAGCAGTTCTTC,54,1,None,None
CGCTGGAAGTCCGTAT-1,False,CGCTGGAAGTCCGTAT-1_contig_1,False,512,TRB,TRBV13-1,None,TRBJ2-3,None,True,True,CASGDSAETLYF,TGTGCCAGCGGGGACAGTGCAGAAACGCTGTATTTT,678,1,None,None
CGCTGGACAATGAAAC-1,False,CGCTGGACAATGAAAC-1_contig_1,False,566,TRB,TRBV12-2+TRBV13-2,None,TRBJ1-2,TRBC1,True,True,CASGGGTGNSDYTF,TGTGCCAGCGGTGGGGGGACAGGGAACTCCGACTACACCTTC,518,1,None,None
CGCTGGACAGAAGCAC-1,False,CGCTGGACAGAAGCAC-1_contig_1,False,558,TRB,TRBV12-2+TRBV13-2,None,TRBJ2-1,None,True,True,CASEAAYAEQFF,TGTGCCAGCGAAGCAGCCTATGCTGAGCAGTTCTTC,1196,1,None,None
CGCTGGACAGCTGTGC-1,False,CGCTGGACAGCTGTGC-1_contig_1,False,549,TRB,TRBV16,None,TRBJ2-5,None,True,True,CASSWGGGQDTQYF,TGTGCAAGCAGCTGGGGGGGCGGGCAAGACACCCAGTACTTT,68,1,None,None
CGCTGGACATACTACG-1,False,CGCTGGACATACTACG-1_contig_1,False,536,TRA,TRAV19,None,TRAJ39,TRAC,True,True,CAAGGNNAGAKLTF,TGCGCAGCAGGTGGGAATAATGCAGGTGCCAAGCTCACATTC,3928,2,None,None
CGCTGGACATACTACG-1,False,CGCTGGACATACTACG-1_contig_2,False,601,TRB,TRBV12-2+TRBV13-2,None,TRBJ1-2,TRBC1,True,True,CASGGGTGNSDYTF,TGTGCCAGCGGTGGGGGGACAGGGAACTCCGACTACACCTTC,5400,7,None,None
CGCTGGACATACTACG-1,False,CGCTGGACATACTACG-1_contig_3,False,567,TRA,TRAV2,None,TRAJ22,TRAC,True,True,CIVTASSGSWQLIF,TGCATTGTGACTGCATCTTCTGGCAGCTGGCAACTCATCTTT,8760,7,None,None
CGCTGGACATACTACG-1,False,CGCTGGACATACTACG-1_contig_4,False,599,TRA,TRAV8-1,None,TRAJ30,TRAC,True,True,CATDAWDTNAYKVIF,TGTGCTACTGATGCATGGGACACAAATGCTTACAAAGTCATCTTT,14262,9,None,None
CGCTGGACATACTACG-1,False,CGCTGGACATACTACG-1_contig_5,False,508,TRB,TRBV13-1,None,TRBJ2-1,None,True,True,CASSGGDYAEQFF,TGTGCCAGCAGTGGAGGGGACTATGCTGAGCAGTTCTTC,35276,32,None,None
CGCTGGACATACTACG-1,False,CGCTGGACATACTACG-1_contig_6,False,519,TRA,TRAV7-5,None,TRAJ45,TRAC,True,False,CSDTEGADRLTF,TGCAGTGATACAGAAGGTGCAGATAGACTCACCTTT,1844,1,None,None
CGCTGGACATACTACG-1,False,CGCTGGACATACTACG-1_contig_7,False,326,TRB,None,None,TRBJ2-7,None,False,False,None,None,5166,3,None,None
CGCTGGAGTACTTCTT-1,False,CGCTGGAGTACTTCTT-1_contig_1,False,564,TRB,TRBV12-2+TRBV13-2,None,TRBJ1-5,TRBC1,True,True,CASGTGDNQAPLF,TGTGCCAGCGGTACAGGGGATAACCAGGCTCCGCTTTTT,1410,1,None,None
CGCTGGAGTATGCTTG-1,False,CGCTGGAGTATGCTTG-1_contig_1,False,575,TRB,TRBV12-2+TRBV13-2,None,TRBJ1-2,TRBC1,True,True,CASGGGTGNSDYTF,TGTGCCAGCGGTGGGGGGACAGGGAACTCCGACTACACCTTC,624,1,None,None
CGCTGGAGTCATATCG-1,False,CGCTGGAGTCATATCG-1_contig_1,False,601,TRB,TRBV13-1,None,TRBJ2-3,None,True,False,CASGDSAETLYF,TGTGCCAGCGGGGACAGTGCAGAAACGCTGTATTTT,1282,1,None,None
CGCTGGAGTGCCTTGG-1,False,CGCTGGAGTGCCTTGG-1_contig_1,False,548,TRA,TRAV6-6,None,TRAJ40,TRAC,True,False,CTTVLWVNTGNYKYVF,TGTACTACTGTGCTCTGGGTTAATACAGGAAACTACAAATACGTCTTT,184,2,None,None
CGCTGGAGTTCCACTC-1,False,CGCTGGAGTTCCACTC-1_contig_1,False,601,TRB,TRBV13-1,None,TRBJ2-3,None,True,False,CASGDSAETLYF,TGTGCCAGCGGGGACAGTGCAGAAACGCTGTATTTT,1844,1,None,None
CGCTGGAGTTTAAGCC-1,False,CGCTGGAGTTTAAGCC-1_contig_1,False,584,TRB,TRBV26,None,TRBJ1-1,TRBC1,True,True,CASSRGNTEVFF,TGTGCCAGCAGCCGCGGAAACACAGAAGTCTTCTTT,1278,1,None,None
CGCTGGAGTTTCGCTC-1,False,CGCTGGAGTTTCGCTC-1_contig_1,False,608,TRB,TRBV12-2+TRBV13-2,None,TRBJ1-2,TRBC1,True,True,CASGGGTGNSDYTF,TGTGCCAGCGGTGGGGGGACAGGGAACTCCGACTACACCTTC,942,1,None,None
CGCTGGATCAACCAAC-1,False,CGCTGGATCAACCAAC-1_contig_1,False,555,TRB,TRBV12-2+TRBV13-2,None,TRBJ2-1,None,True,True,CASGDPFQFF,TGTGCCAGCGGTGATCCTTTCCAGTTCTTC,1772,1,None,None
CGCTGGATCGAACGGA-1,False,CGCTGGATCGAACGGA-1_contig_1,False,609,TRB,TRBV12-2+TRBV13-2,None,TRBJ1-5,TRBC1,True,True,CASGTGDNQAPLF,TGTGCCAGCGGGACCGGGGACAACCAGGCTCCGCTTTTT,1104,1,None,None
CGCTGGATCTAAGCCA-1,False,CGCTGGATCTAAGCCA-1_contig_1,False,567,TRB,TRBV12-2+TRBV13-2,None,TRBJ1-2,TRBC1,True,True,CASGGGTGNSDYTF,TGTGCCAGCGGTGGGGGGACAGGGAACTCCGACTACACCTTC,1396,1,None,None
CGCTGGATCTTCGAGA-1,False,CGCTGGATCTTCGAGA-1_contig_1,False,558,TRA,TRAV16D-DV11,None,TRAJ26,TRAC,True,True,CAMREENNYAQGLTF,TGTGCTATGAGAGAGGAAAATAACTATGCCCAGGGATTAACCTTC,1726,1,None,None
CGCTGGATCTTCGAGA-1,False,CGCTGGATCTTCGAGA-1_contig_2,False,509,TRB,TRBV13-1,None,TRBJ2-4,None,True,True,CASSEGTNTLYF,TGTGCCAGCAGTGAAGGAACAAACACCTTGTACTTT,4556,4,None,None
CGCTTCAAGATACACA-1,False,CGCTTCAAGATACACA-1_contig_1,False,549,TRB,TRBV16,None,TRBJ2-7,None,True,True,CASSLGGGGDEQYF,TGTGCAAGCAGCTTAGGTGGGGGGGGCGATGAACAGTACTTC,6246,8,None,None
CGCTTCAAGATACACA-1,False,CGCTTCAAGATACACA-1_contig_2,False,676,TRA,TRAV14N-3,None,TRAJ6,TRAC,True,True,CAARTSGGNYKPTF,TGTGCAGCAAGAACCTCAGGAGGAAACTACAAACCTACGTTT,16658,16,None,None
CGCTTCAAGATACACA-1,False,CGCTTCAAGATACACA-1_contig_3,False,591,TRB,TRBV12-2+TRBV13-2,None,TRBJ2-7,None,True,True,CASGVQGGEQYF,TGTGCCAGCGGTGTGCAGGGGGGAGAACAGTACTTC,8874,11,None,None
CGCTTCAAGATACACA-1,False,CGCTTCAAGATACACA-1_contig_4,False,549,TRA,TRAV8N-2,None,TRAJ13,TRAC,True,True,CATEDSGTYQRF,TGTGCTACTGAGGATTCTGGGACTTACCAGAGGTTT,4816,11,None,None
CGCTTCAAGATACACA-1,False,CGCTTCAAGATACACA-1_contig_5,False,565,TRB,TRBV12-2+TRBV13-2,None,TRBJ2-7,None,True,True,CASGTGGDYEQYF,TGTGCCAGCGGGACTGGGGGGGACTATGAACAGTACTTC,28714,35,None,None
CGCTTCAAGATACACA-1,False,CGCTTCAAGATACACA-1_contig_6,False,456,TRB,None,None,TRBJ1-6,TRBC1,False,False,None,None,2542,4,None,None
CGCTTCACAAACTGTC-1,False,CGCTTCACAAACTGTC-1_contig_1,False,325,TRB,None,None,TRBJ2-7,None,False,False,None,None,276,1,None,None
CGCTTCACACCTGGTG-1,False,CGCTTCACACCTGGTG-1_contig_1,False,561,TRA,TRAV4D-3,None,TRAJ27,TRAC,True,True,CAADGPNTGKLTF,TGTGCTGCGGACGGACCCAATACAGGCAAATTAACCTTT,1488,1,None,None
CGCTTCACACCTGGTG-1,False,CGCTTCACACCTGGTG-1_contig_2,False,512,TRB,TRBV14,None,TRBJ2-7,None,True,True,CASRIGLGVEQYF,TGTGCCAGCAGAATAGGACTGGGGGTTGAACAGTACTTC,1284,1,None,None
CGCTTCACACCTGGTG-1,False,CGCTTCACACCTGGTG-1_contig_3,True,399,TRB,None,None,TRBJ1-2,TRBC1,False,False,None,None,1760,1,None,None
CGCTTCACAGCTATTG-1,False,CGCTTCACAGCTATTG-1_contig_1,False,511,TRB,TRBV14,None,TRBJ2-1,None,True,True,CASSFRGYEAEQFF,TGTGCCAGCAGCTTCAGGGGGTATGAGGCTGAGCAGTTCTTC,1938,1,None,None
CGCTTCACAGGGTACA-1,False,CGCTTCACAGGGTACA-1_contig_1,False,334,TRB,None,None,TRBJ2-1,None,False,False,None,None,3204,1,None,None
CGCTTCACATCACCCT-1,False,CGCTTCACATCACCCT-1_contig_1,False,569,TRB,TRBV12-2+TRBV13-2,None,TRBJ1-2,TRBC1,True,True,CASGGGTGNSDYTF,TGTGCCAGCGGTGGGGGGACAGGGAACTCCGACTACACCTTC,1488,1,None,None
CGCTTCACATTGCGGC-1,False,CGCTTCACATTGCGGC-1_contig_1,False,559,TRA,TRAV13N-3,None,TRAJ49,TRAC,True,False,CAMGGYQNFYF,TGTGCTATGGGGGGTTACCAGAACTTCTATTTT,1848,1,None,None
CGCTTCAGTAAGCACG-1,False,CGCTTCAGTAAGCACG-1_contig_1,False,400,TRA,TRAV9D-2,None,TRAJ26,TRAC,True,False,CVLSRGNNYAQGLTF,TGTGTTCTGAGCAGGGGCAATAACTATGCCCAGGGATTAACCTTC,2638,1,None,None
CGCTTCAGTATCAGTC-1,False,CGCTTCAGTATCAGTC-1_contig_1,False,662,TRB,TRBV12-2+TRBV13-2,None,TRBJ1-2,TRBC1,True,True,CASGGGTGNSDYTF,TGTGCCAGCGGTGGGGGGACAGGGAACTCCGACTACACCTTC,1002,1,None,None
CGCTTCAGTCCGTCAG-1,False,CGCTTCAGTCCGTCAG-1_contig_1,False,515,TRB,TRBV26,None,TRBJ2-1,None,True,True,CASSLHKFYAEQFF,TGTGCCAGCAGTCTGCACAAATTCTATGCTGAGCAGTTCTTC,2306,1,None,None
CGCTTCAGTCGCTTTC-1,False,CGCTTCAGTCGCTTTC-1_contig_1,False,558,TRA,TRAV19,None,TRAJ39,TRAC,True,True,CAAGGNNAGAKLTF,TGCGCAGCAGGTGGGAATAATGCAGGTGCCAAGCTCACATTC,1362,1,None,None
CGCTTCAGTGAAGGCT-1,False,CGCTTCAGTGAAGGCT-1_contig_1,False,565,TRB,TRBV12-2+TRBV13-2,None,TRBJ1-5,TRBC1,True,True,CASGTGDNQAPLF,TGTGCCAGCGGTACAGGGGACAACCAGGCTCCGCTTTTT,754,1,None,None
CGCTTCAGTGATAAGT-1,False,CGCTTCAGTGATAAGT-1_contig_1,False,549,TRB,TRBV16,None,TRBJ2-5,None,True,True,CASSLGGYQDTQYF,TGTGCAAGCAGCTTAGGGGGCTACCAAGACACCCAGTACTTT,988,2,None,None
CGCTTCAGTGTATGGG-1,False,CGCTTCAGTGTATGGG-1_contig_1,False,535,TRA,TRAV4D-3,None,TRAJ27,TRAC,True,True,CAADGPNTGKLTF,TGTGCTGCTGACGGGCCCAATACAGGCAAATTAACCTTT,1456,1,None,None
CGCTTCATCCATGCTC-1,False,CGCTTCATCCATGCTC-1_contig_1,False,549,TRB,TRBV16,None,TRBJ2-5,None,True,True,CASSLGGGSDTQYF,TGTGCAAGCAGCTTAGGTGGGGGGAGTGACACCCAGTACTTT,1654,1,None,None
CGGACACAGAACTGTA-1,False,CGGACACAGAACTGTA-1_contig_1,False,587,TRB,TRBV13-1,None,TRBJ1-4,TRBC1,True,True,CASGTGANERLFF,TGTGCCAGCGGGACAGGGGCCAACGAAAGATTATTTTTC,1272,1,None,None
CGGACACAGAAGGGTA-1,False,CGGACACAGAAGGGTA-1_contig_1,False,549,TRB,TRBV16,None,TRBJ2-5,None,True,True,CASSFGGAPDTQYF,TGTGCAAGCAGCTTTGGGGGGGCGCCAGACACCCAGTACTTT,1254,1,None,None
CGGACACAGACAATAC-1,False,CGGACACAGACAATAC-1_contig_1,False,552,TRA,TRAV8N-2,None,TRAJ43,TRAC,True,False,CATDANNNNAPRF,TGTGCTACTGATGCCAATAACAACAATGCCCCACGATTT,1722,1,None,None
CGGACACAGAGCCCAA-1,False,CGGACACAGAGCCCAA-1_contig_1,False,335,TRB,None,None,TRBJ2-1,None,False,False,None,None,3062,1,None,None
CGGACACAGATGTCGG-1,False,CGGACACAGATGTCGG-1_contig_1,False,576,TRB,TRBV12-2+TRBV13-2,None,TRBJ1-5,TRBC1,True,True,CASGTGDNQAPLF,TGTGCCAGCGGGACAGGGGACAACCAGGCTCCGCTTTTT,2136,1,None,None
CGGACACAGCTAAACA-1,False,CGGACACAGCTAAACA-1_contig_1,False,573,TRB,TRBV12-2+TRBV13-2,None,TRBJ2-2,None,True,True,CASGGTGGANTGQLYF,TGTGCCAGCGGTGGGACTGGGGGGGCTAACACCGGGCAGCTCTACTTT,1588,1,None,None
CGGACACAGTAACCCT-1,False,CGGACACAGTAACCCT-1_contig_1,False,526,TRA,TRAV4D-3,None,TRAJ27,TRAC,True,True,CAADGPNTGKLTF,TGTGCTGCGGACGGACCCAATACAGGCAAATTAACCTTT,1462,1,None,None
CGGACACAGTGGGTTG-1,False,CGGACACAGTGGGTTG-1_contig_1,False,534,TRA,TRAV4D-3,None,TRAJ27,TRAC,True,True,CAADGPNTGKLTF,TGTGCTGCGGACGGACCCAATACAGGCAAATTAACCTTT,2130,1,None,None
CGGACACAGTGTTAGA-1,False,CGGACACAGTGTTAGA-1_contig_1,False,549,TRB,TRBV16,None,TRBJ2-5,None,True,True,CASSLGGGQDTQYF,TGTGCAAGCAGCTTAGGGGGGGGCCAAGACACCCAGTACTTT,1034,1,None,None
CGGACACAGTGTTTGC-1,False,CGGACACAGTGTTTGC-1_contig_1,False,561,TRA,TRAV6-6,None,TRAJ24,TRAC,True,True,CAPLTTASLGKLQF,TGTGCTCCGTTGACAACTGCCAGTTTGGGGAAACTGCAGTTT,2366,1,None,None
CGGACACAGTTGAGTA-1,False,CGGACACAGTTGAGTA-1_contig_1,False,628,TRB,TRBV12-2+TRBV13-2,None,TRBJ1-5,TRBC1,True,True,CASGTGDNQAPLF,TGTGCCAGCGGTACAGGGGATAACCAGGCTCCGCTTTTT,686,1,None,None
CGGACACCAATCCAAC-1,False,CGGACACCAATCCAAC-1_contig_1,False,350,TRB,TRBV13-2,None,TRBJ2-7,None,True,False,CASGVQGGEQYF,TGTGCCAGCGGTGTGCAGGGGGGAGAACAGTACTTC,1336,1,None,None
CGGACACCAGACGCTC-1,False,CGGACACCAGACGCTC-1_contig_1,False,509,TRB,TRBV12-2+TRBV13-2,None,None,TRBC1,False,False,CASEDLRN,TGTGCCAGCGAGGATCTGAGAAAT,1678,1,None,None
CGGACACCAGCGTCCA-1,False,CGGACACCAGCGTCCA-1_contig_1,False,621,TRB,TRBV12-2+TRBV13-2,None,TRBJ2-1,None,True,True,CASGDPFQFF,TGTGCCAGCGGTGATCCTTTCCAGTTCTTC,23866,21,None,None
CGGACACCAGCGTCCA-1,False,CGGACACCAGCGTCCA-1_contig_2,False,507,TRB,TRBV5,None,TRBJ2-2,None,True,True,CASSTGQLYF,TGTGCCAGCAGCACCGGGCAGCTCTACTTT,17804,12,None,None
CGGACACCAGCGTCCA-1,False,CGGACACCAGCGTCCA-1_contig_3,False,633,TRB,TRBV12-2+TRBV13-2,None,TRBJ1-2,TRBC1,True,True,CASGGGTGNSDYTF,TGTGCCAGCGGTGGGGGGACAGGGAACTCCGACTACACCTTC,1368,1,None,None
CGGACACCAGCGTCCA-1,False,CGGACACCAGCGTCCA-1_contig_4,False,663,TRA,TRAV9N-4,None,TRAJ22,TRAC,True,True,CALPSSGSWQLIF,TGTGCTCTCCCATCTTCTGGCAGCTGGCAACTCATCTTT,11758,10,None,None
CGGACACCAGTCCTTC-1,False,CGGACACCAGTCCTTC-1_contig_1,False,394,TRB,None,None,TRBJ2-7,None,False,False,None,None,1708,1,None,None
CGGACACCATACGCCG-1,False,CGGACACCATACGCCG-1_contig_1,False,571,TRB,TRBV12-2+TRBV13-2,None,TRBJ2-1,None,True,True,CASGAGDYAEQFF,TGTGCCAGCGGTGCGGGGGACTATGCTGAGCAGTTCTTC,2722,2,None,None
CGGACACCATCCAACA-1,False,CGGACACCATCCAACA-1_contig_1,False,563,TRB,TRBV12-2+TRBV13-2,None,TRBJ1-2,TRBC1,True,True,CASGGGTGNSDYTF,TGTGCCAGCGGTGGGGGGACAGGGAACTCCGACTACACCTTC,354,1,None,None
CGGACACGTATAGTAG-1,False,CGGACACGTATAGTAG-1_contig_1,False,561,TRB,TRBV12-2+TRBV13-2,None,TRBJ1-5,TRBC1,True,True,CASGTGDNQAPLF,TGTGCCAGCGGGACAGGGGACAACCAGGCTCCGCTTTTT,470,1,None,None
CGGACACGTGCAACTT-1,False,CGGACACGTGCAACTT-1_contig_1,False,549,TRB,TRBV16,None,TRBJ2-5,None,True,True,CASSLGGYQDTQYF,TGTGCAAGCAGCTTAGGGGGCTACCAAGACACCCAGTACTTT,1660,2,None,None
CGGACACGTTTCCACC-1,False,CGGACACGTTTCCACC-1_contig_1,False,533,TRB,TRBV12-2+TRBV13-2,None,TRBJ1-2,TRBC1,True,False,CASGGGTGNSDYTF,TGTGCCAGCGGTGGGGGGACAGGGAACTCCGACTACACCTTC,1504,1,None,None
CGGACACTCCTCCTAG-1,False,CGGACACTCCTCCTAG-1_contig_1,False,569,TRB,TRBV12-2+TRBV13-2,None,TRBJ1-2,TRBC1,True,True,CASGGGTGNSDYTF,TGTGCCAGCGGTGGGGGGACAGGGAACTCCGACTACACCTTC,1690,1,None,None
CGGACGTAGGCCATAG-1,False,CGGACGTAGGCCATAG-1_contig_1,False,428,TRB,None,None,TRBJ2-2,None,False,False,None,None,2442,1,None,None
CGGACGTAGGTGCACA-1,False,CGGACGTAGGTGCACA-1_contig_1,False,547,TRA,TRAV6D-5,None,TRAJ32,TRAC,True,False,None,None,2070,1,None,None
CGGACGTCAAGCTGAG-1,False,CGGACGTCAAGCTGAG-1_contig_1,False,515,TRB,TRBV13-1,None,TRBJ2-1,None,True,True,CASGGGDYAEQFF,TGTGCCAGCGGGGGGGGAGACTATGCTGAGCAGTTCTTC,902,1,None,None
CGGACGTCACCAGTTA-1,False,CGGACGTCACCAGTTA-1_contig_1,False,558,TRB,TRBV12-2+TRBV13-2,None,TRBJ2-7,None,True,True,CASGVQGEQYF,TGTGCCAGCGGTGTTCAGGGAGAACAGTACTTC,928,1,None,None
CGGACGTCACCATGTA-1,False,CGGACGTCACCATGTA-1_contig_1,False,599,TRA,TRAV14N-3,None,TRAJ6,TRAC,True,True,CAARTSGGNYKPTF,TGTGCAGCAAGAACCTCAGGAGGAAACTACAAACCTACGTTT,10008,6,None,None
CGGACGTCACCATGTA-1,False,CGGACGTCACCATGTA-1_contig_2,False,549,TRA,TRAV8N-2,None,TRAJ13,TRAC,True,True,CATEDSGTYQRF,TGTGCTACTGAGGATTCTGGGACTTACCAGAGGTTT,8440,6,None,None
CGGACGTCACCATGTA-1,False,CGGACGTCACCATGTA-1_contig_3,False,596,TRB,TRBV12-2+TRBV13-2,None,TRBJ2-7,None,True,True,CASGTGGDYEQYF,TGTGCCAGCGGGACTGGGGGGGACTATGAACAGTACTTC,1286,1,None,None
CGGACGTCACCATGTA-1,False,CGGACGTCACCATGTA-1_contig_4,True,685,TRB,None,None,TRBJ2-7,None,False,False,None,None,1228,1,None,None
CGGACGTCACCTCGGA-1,False,CGGACGTCACCTCGGA-1_contig_1,False,493,TRB,TRBV10,None,TRBJ1-4,TRBC1,True,False,None,None,1706,1,None,None
CGGACGTCAGACAGGT-1,False,CGGACGTCAGACAGGT-1_contig_1,False,510,TRA,TRAV6-6,None,TRAJ24,TRAC,True,True,CAPLTTASLGKLQF,TGTGCTCCGTTGACAACTGCCAGTTTGGGGAAACTGCAGTTT,56,1,None,None
CGGACGTCATCACCCT-1,False,CGGACGTCATCACCCT-1_contig_1,False,562,TRA,TRAV16N,None,TRAJ28,TRAC,True,False,None,None,2080,1,None,None
CGGACGTCATCATCCC-1,False,CGGACGTCATCATCCC-1_contig_1,False,437,TRB,TRBV13-1,None,TRBJ2-3,None,True,False,CASGDSAETLYF,TGTGCCAGCGGGGACAGTGCAGAAACGCTGTATTTT,2286,1,None,None
CGGACGTCATTTCAGG-1,False,CGGACGTCATTTCAGG-1_contig_1,False,400,TRB,None,None,TRBJ1-4,TRBC1,False,False,None,None,1898,1,None,None
CGGACGTGTAACGTTC-1,False,CGGACGTGTAACGTTC-1_contig_1,False,572,TRB,TRBV12-2+TRBV13-2,None,TRBJ2-3,None,True,True,CASGDAPPGEGTLYF,TGTGCCAGCGGTGATGCACCTCCAGGGGAGGGAACGCTGTATTTT,1674,1,None,None
CGGACGTGTAACGTTC-1,False,CGGACGTGTAACGTTC-1_contig_2,False,414,TRB,None,None,TRBJ2-7,None,False,False,None,None,1898,1,None,None
CGGACGTGTCATTAGC-1,False,CGGACGTGTCATTAGC-1_contig_1,False,551,TRB,TRBV12-2+TRBV13-2,None,TRBJ2-7,None,True,True,CASGVQGEQYF,TGTGCCAGCGGTGTTCAGGGAGAACAGTACTTC,2208,1,None,None
CGGACGTGTCCAGTTA-1,False,CGGACGTGTCCAGTTA-1_contig_1,False,556,TRA,TRAV19,None,TRAJ39,TRAC,True,True,CAAGGNNAGAKLTF,TGCGCAGCAGGTGGGAATAATGCAGGTGCCAAGCTCACATTC,2094,1,None,None
CGGACGTGTCGTTGTA-1,False,CGGACGTGTCGTTGTA-1_contig_1,True,309,TRB,None,None,TRBJ2-1,None,False,False,None,None,2870,2,None,None
CGGACGTGTCTAGTCA-1,False,CGGACGTGTCTAGTCA-1_contig_1,False,563,TRB,TRBV12-2+TRBV13-2,None,TRBJ2-7,None,True,True,CASGTGGDYEQYF,TGTGCCAGCGGGACTGGGGGGGACTATGAACAGTACTTC,1306,1,None,None
CGGACGTGTGCTGTAT-1,False,CGGACGTGTGCTGTAT-1_contig_1,False,584,TRA,TRAV6-6,None,TRAJ24,TRAC,True,True,CAPLTTASLGKLQF,TGTGCTCCGTTGACAACTGCCAGTTTGGGGAAACTGCAGTTT,11020,5,None,None
CGGACGTGTGCTGTAT-1,False,CGGACGTGTGCTGTAT-1_contig_2,False,509,TRB,TRBV13-1,None,TRBJ1-1,TRBC1,True,True,CASSDPAEVFF,TGTGCCAGCAGTGATCCAGCGGAAGTCTTCTTT,8692,6,None,None
CGGACGTGTGCTGTAT-1,False,CGGACGTGTGCTGTAT-1_contig_3,False,512,TRB,TRBV13-1,None,TRBJ2-4,None,True,True,CASSEGTNTLYF,TGTGCCAGCAGTGAAGGAACAAACACCTTGTACTTT,11220,9,None,None
CGGACGTGTGCTGTAT-1,False,CGGACGTGTGCTGTAT-1_contig_4,False,722,TRA,TRAV9D-2,None,TRAJ26,TRAC,True,True,CVLSRGNNYAQGLTF,TGTGTTCTGAGCAGGGGCAATAACTATGCCCAGGGATTAACCTTC,11374,7,None,None
CGGACGTGTGCTGTAT-1,False,CGGACGTGTGCTGTAT-1_contig_5,True,512,TRA,TRAV12-1,None,TRAJ17,TRAC,True,False,None,None,2346,1,None,None
CGGACGTGTGTGGTTT-1,False,CGGACGTGTGTGGTTT-1_contig_1,False,532,TRA,TRAV19,None,TRAJ39,TRAC,True,True,CAAGGNNAGAKLTF,TGCGCAGCAGGTGGGAATAATGCAGGTGCCAAGCTCACATTC,1604,1,None,None
CGGACGTTCACCGGGT-1,False,CGGACGTTCACCGGGT-1_contig_1,False,519,TRA,TRAV19,None,TRAJ39,TRAC,True,True,CAAGGNNAGAKLTF,TGCGCAGCAGGTGGGAATAATGCAGGTGCCAAGCTCACATTC,2762,1,None,None
CGGACGTTCTCGGACG-1,False,CGGACGTTCTCGGACG-1_contig_1,False,656,TRA,TRAV14N-3,None,TRAJ6,TRAC,True,True,CAARTSGGNYKPTF,TGTGCAGCAAGAACCTCAGGAGGAAACTACAAACCTACGTTT,1230,1,None,None
CGGACGTTCTCTTATG-1,False,CGGACGTTCTCTTATG-1_contig_1,False,566,TRB,TRBV12-2+TRBV13-2,None,TRBJ2-7,None,True,True,CASGAGGDYEQYF,TGTGCCAGCGGTGCTGGGGGGGACTATGAACAGTACTTC,1194,1,None,None
CGGACGTTCTGGTGTA-1,False,CGGACGTTCTGGTGTA-1_contig_1,False,549,TRB,TRBV16,None,TRBJ2-5,None,True,True,CASSLGGGQDTQYF,TGTGCAAGCAGCTTAGGGGGGGGCCAAGACACCCAGTACTTT,1324,2,None,None
CGGACGTTCTGGTGTA-1,False,CGGACGTTCTGGTGTA-1_contig_2,False,549,TRB,TRBV16,None,TRBJ2-7,None,True,True,CASSFGGGADEQYF,TGTGCAAGCAGCTTTGGTGGGGGGGCGGATGAACAGTACTTC,1506,1,None,None
CGGACTGAGAAACCTA-1,False,CGGACTGAGAAACCTA-1_contig_1,False,585,TRB,TRBV13-1,None,TRBJ2-7,None,True,False,CASSGPLEQYF,TGTGCCAGCAGTGGGCCCCTGGAACAGTACTTC,1702,1,None,None
CGGACTGAGACAGGCT-1,False,CGGACTGAGACAGGCT-1_contig_1,False,604,TRB,TRBV13-1,None,TRBJ2-1,None,True,False,CASGGGDYAEQFF,TGTGCCAGCGGGGGGGGAGACTATGCTGAGCAGTTCTTC,1182,1,None,None
CGGACTGAGAGGGCTT-1,False,CGGACTGAGAGGGCTT-1_contig_1,False,462,TRB,TRBV12-2+TRBV13-2,None,TRBJ2-7,None,True,True,CASGTGGDYEQYF,TGTGCCAGCGGGACTGGGGGGGATTATGAACAGTACTTC,1322,1,None,None
CGGACTGAGCCCGAAA-1,False,CGGACTGAGCCCGAAA-1_contig_1,False,327,TRB,None,None,TRBJ2-7,None,False,False,None,None,2122,1,None,None
CGGACTGAGTATGACA-1,False,CGGACTGAGTATGACA-1_contig_1,False,330,TRB,None,None,TRBJ2-1,None,False,False,None,None,2216,1,None,None
CGGACTGCAAGCCGCT-1,False,CGGACTGCAAGCCGCT-1_contig_1,False,567,TRB,TRBV12-2+TRBV13-2,None,TRBJ1-2,TRBC1,True,True,CASGGGTGNSDYTF,TGTGCCAGCGGTGGGGGGACAGGGAACTCCGACTACACCTTC,1386,1,None,None
CGGACTGCACCAGCAC-1,False,CGGACTGCACCAGCAC-1_contig_1,False,560,TRB,TRBV12-2+TRBV13-2,None,TRBJ1-5,TRBC1,True,True,CASGTGDNQAPLF,TGTGCCAGCGGTACAGGAGACAACCAGGCTCCGCTTTTT,670,1,None,None
CGGACTGCACCGCTAG-1,False,CGGACTGCACCGCTAG-1_contig_1,False,509,TRB,TRBV26,None,TRBJ2-5,None,True,True,CASSRGTDTQYF,TGTGCCAGCAGCCGCGGGACCGACACCCAGTACTTT,1524,1,None,None
CGGACTGCAGTTTACG-1,False,CGGACTGCAGTTTACG-1_contig_1,False,503,TRA,TRAV8-1,None,TRAJ30,TRAC,True,True,CATDAWDTNAYKVIF,TGTGCTACTGATGCATGGGACACAAATGCTTACAAAGTCATCTTT,66,2,None,None
CGGACTGCAGTTTACG-1,False,CGGACTGCAGTTTACG-1_contig_2,False,381,TRB,None,None,TRBJ2-1,None,False,False,None,None,1648,1,None,None
CGGACTGCATGGGACA-1,False,CGGACTGCATGGGACA-1_contig_1,False,413,TRA,TRAV19,None,TRAJ39,None,False,False,CAAGGN,TGCGCAGCAGGTGGGAAT,40,1,None,None
CGGACTGGTAAATGTG-1,False,CGGACTGGTAAATGTG-1_contig_1,False,508,TRA,TRAV13D-2,None,TRAJ11,TRAC,True,True,CAIDLDSGYNKLTF,TGTGCTATAGATCTTGACTCGGGATACAACAAACTCACTTTT,906,1,None,None
CGGACTGGTACTCTCC-1,False,CGGACTGGTACTCTCC-1_contig_1,False,558,TRA,TRAV19,None,TRAJ39,TRAC,True,True,CAAGGNNAGAKLTF,TGCGCAGCAGGTGGGAATAATGCAGGTGCCAAGCTCACATTC,2408,1,None,None
CGGACTGGTCAGCTAT-1,False,CGGACTGGTCAGCTAT-1_contig_1,False,502,TRB,TRBV13-1,None,TRBJ2-2,None,True,True,CASSDPGQLYF,TGTGCCAGCAGTGACCCCGGGCAGCTCTACTTT,1678,1,None,None
CGGACTGGTGAAAGAG-1,False,CGGACTGGTGAAAGAG-1_contig_1,False,565,TRB,TRBV12-2+TRBV13-2,None,TRBJ2-7,None,True,True,CASGAGGDYEQYF,TGTGCCAGCGGTGCTGGGGGGGACTATGAACAGTACTTC,1346,1,None,None
CGGACTGGTGCAGACA-1,False,CGGACTGGTGCAGACA-1_contig_1,False,536,TRA,TRAV6-6,None,TRAJ39,TRAC,True,True,CALGDWNNAGAKLTF,TGTGCTCTGGGTGATTGGAATAATGCAGGTGCCAAGCTCACATTC,2070,1,None,None
CGGACTGGTTTGGCGC-1,False,CGGACTGGTTTGGCGC-1_contig_1,False,506,TRB,TRBV5,None,TRBJ2-5,None,True,True,CASSQDGVNQDTQYF,TGTGCCAGCAGCCAAGATGGGGTTAACCAAGACACCCAGTACTTT,2806,1,None,None
CGGACTGTCAACACCA-1,False,CGGACTGTCAACACCA-1_contig_1,False,426,TRA,None,None,TRAJ26,TRAC,False,False,None,None,1196,1,None,None
CGGACTGTCAACACGT-1,False,CGGACTGTCAACACGT-1_contig_1,False,574,TRB,TRBV12-2+TRBV13-2,None,TRBJ2-4,None,True,True,CASSEGTNTLYF,TGTGCCAGCAGTGAAGGAACAAACACCTTGTACTTT,1866,2,None,None
CGGACTGTCAACACGT-1,False,CGGACTGTCAACACGT-1_contig_2,False,601,TRA,TRAV12D-3,None,TRAJ26,TRAC,True,True,CALSESYAQGLTF,TGTGCTCTGAGTGAGAGCTATGCCCAGGGATTAACCTTC,3228,2,None,None
CGGACTGTCAGGCAAG-1,False,CGGACTGTCAGGCAAG-1_contig_1,False,437,TRB,None,None,TRBJ1-5,TRBC1,False,False,None,None,1588,1,None,None
CGGACTGTCTCTGCTG-1,False,CGGACTGTCTCTGCTG-1_contig_1,False,563,TRB,TRBV12-2+TRBV13-2,None,TRBJ2-7,None,True,True,CASGVQGGEQYF,TGTGCCAGCGGTGTGCAGGGGGGAGAACAGTACTTC,1306,1,None,None
CGGACTGTCTTCTGGC-1,False,CGGACTGTCTTCTGGC-1_contig_1,False,542,TRB,TRBV13-2,None,TRBJ1-5,TRBC1,True,True,CASGTGDNQAPLF,TGTGCCAGCGGTACAGGGGATAACCAGGCTCCGCTTTTT,1506,1,None,None
CGGAGCTAGCACACAG-1,False,CGGAGCTAGCACACAG-1_contig_1,False,544,TRA,TRAV8D-1,None,TRAJ26,TRAC,True,True,CATDDNYAQGLTF,TGTGCTACTGACGATAACTATGCCCAGGGATTAACCTTC,6546,4,None,None
CGGAGCTAGCACACAG-1,False,CGGAGCTAGCACACAG-1_contig_2,False,566,TRA,TRAV3-3,None,TRAJ49,TRAC,True,True,CAVSGATGYQNFYF,TGCGCAGTCAGTGGGGCCACGGGTTACCAGAACTTCTATTTT,8746,7,None,None
CGGAGCTAGCACACAG-1,False,CGGAGCTAGCACACAG-1_contig_3,False,507,TRA,TRAV21-DV12,None,TRAJ42,TRAC,True,True,CILRVHGGSNAKLTF,TGTATCCTGAGAGTCCATGGAGGAAGCAATGCAAAGCTAACCTTC,8994,6,None,None
CGGAGCTAGCACACAG-1,False,CGGAGCTAGCACACAG-1_contig_4,False,570,TRB,TRBV12-2+TRBV13-2,None,TRBJ2-7,None,True,True,CASGTGDEQYF,TGTGCCAGCGGGACAGGGGATGAACAGTACTTC,13470,10,None,None
CGGAGCTAGCACACAG-1,False,CGGAGCTAGCACACAG-1_contig_5,False,570,TRB,TRBV12-2+TRBV13-2,None,TRBJ2-7,None,True,True,CASGVQGEQYF,TGTGCCAGCGGTGTTCAGGGAGAACAGTACTTC,11190,10,None,None
CGGAGCTAGCACACAG-1,False,CGGAGCTAGCACACAG-1_contig_6,False,469,TRB,TRBV12-2+TRBV13-2,None,TRBJ1-2,None,True,True,CASGGGTGNSDYTF,TGTGCCAGCGGTGGGGGGACAGGGAACTCCGACTACACCTTC,80,1,None,None
CGGAGCTAGCACACAG-1,False,CGGAGCTAGCACACAG-1_contig_7,False,587,TRB,TRBV3,None,TRBJ1-1,TRBC1,True,False,CQQPGTAANTEVFF,TGCCAGCAGCCAGGGACAGCTGCAAACACAGAAGTCTTCTTT,2770,3,None,None
CGGAGCTAGCACACAG-1,False,CGGAGCTAGCACACAG-1_contig_8,False,305,TRB,None,None,TRBJ2-3,None,False,False,None,None,2910,1,None,None
CGGAGCTAGCGATAGC-1,False,CGGAGCTAGCGATAGC-1_contig_1,False,555,TRA,TRAV3-3,None,TRAJ49,TRAC,True,True,CAVSGSTGYQNFYF,TGCGCAGTCAGTGGGAGCACGGGTTACCAGAACTTCTATTTT,2496,1,None,None
CGGAGCTAGCGATAGC-1,False,CGGAGCTAGCGATAGC-1_contig_2,True,495,TRA,TRAV6D-5,None,TRAJ38,TRAC,True,False,CTTVFWDNVGDNSKLIW,TGTACTACTGTGTTCTGGGATAATGTTGGTGACAACAGTAAGCTGATTTGG,2430,1,None,None
CGGAGCTAGCGTCTAT-1,False,CGGAGCTAGCGTCTAT-1_contig_1,False,383,TRA,None,None,TRAJ18,TRAC,False,False,None,None,1614,1,None,None
CGGAGCTAGCTATGCT-1,False,CGGAGCTAGCTATGCT-1_contig_1,False,537,TRA,TRAV16D-DV11,None,TRAJ26,TRAC,True,True,CAMREENNYAQGLTF,TGTGCTATGAGAGAGGAAAATAACTATGCCCAGGGATTAACCTTC,1686,1,None,None
CGGAGCTAGGTCATCT-1,False,CGGAGCTAGGTCATCT-1_contig_1,False,505,TRB,TRBV13-1,None,TRBJ2-3,None,True,True,CASGDSAETLYF,TGTGCCAGCGGGGACAGTGCAGAAACGCTGTATTTT,698,1,None,None
CGGAGCTAGGTGCACA-1,False,CGGAGCTAGGTGCACA-1_contig_1,False,608,TRB,TRBV13-1,None,TRBJ2-5,None,True,False,CASSDGDDTQYF,TGTGCCAGCAGTGACGGGGACGACACCCAGTACTTT,1324,1,None,None
CGGAGCTCACGGTAAG-1,False,CGGAGCTCACGGTAAG-1_contig_1,False,512,TRB,TRBV31,None,TRBJ2-1,None,True,False,None,None,2502,1,None,None
CGGAGCTCACTATCTT-1,False,CGGAGCTCACTATCTT-1_contig_1,False,473,TRA,TRAV10N,None,TRAJ35,TRAC,True,False,CSKHQTGFASALTF,TGCAGCAAGCACCAGACAGGCTTTGCAAGTGCGCTGACATTT,2228,1,None,None
CGGAGCTCATACGCCG-1,False,CGGAGCTCATACGCCG-1_contig_1,False,427,TRB,None,None,TRBJ2-7,None,False,False,None,None,2524,1,None,None
CGGAGCTCATCATCCC-1,False,CGGAGCTCATCATCCC-1_contig_1,False,626,TRB,None,None,TRBJ2-7,None,False,False,None,None,718,1,None,None
CGGAGCTGTCATGCCG-1,False,CGGAGCTGTCATGCCG-1_contig_1,False,567,TRB,TRBV13-2,None,TRBJ2-1,None,True,True,CASGDPFQFF,TGTGCCAGCGGTGATCCTTTCCAGTTCTTC,1064,1,None,None
CGGAGCTGTCATGCCG-1,False,CGGAGCTGTCATGCCG-1_contig_2,False,560,TRB,TRBV12-2+TRBV13-2,None,TRBJ2-7,None,True,True,CASGTGGDYEQYF,TGTGCCAGCGGGACTGGGGGGGACTATGAACAGTACTTC,1356,1,None,None
CGGAGCTGTCCTCTTG-1,False,CGGAGCTGTCCTCTTG-1_contig_1,False,502,TRB,TRBV13-1,None,TRBJ2-2,None,True,True,CASSDPGQLYF,TGTGCCAGCAGTGACCCCGGGCAGCTCTACTTT,1822,1,None,None
CGGAGCTGTCGGCTCA-1,False,CGGAGCTGTCGGCTCA-1_contig_1,False,537,TRB,TRBV16,None,TRBJ2-5,None,True,True,CASSLGGYQDTQYF,TGTGCAAGCAGCTTAGGGGGCTACCAAGACACCCAGTACTTT,3408,1,None,None
CGGAGCTGTCTCCATC-1,False,CGGAGCTGTCTCCATC-1_contig_1,False,422,TRB,None,None,TRBJ1-2,TRBC1,False,False,None,None,1372,1,None,None
CGGAGCTGTGGCAAAC-1,False,CGGAGCTGTGGCAAAC-1_contig_1,False,575,TRA,TRAV8-1,None,TRAJ30,TRAC,True,True,CATDTNAYKVIF,TGTGCTACTGACACAAATGCTTACAAAGTCATCTTT,2280,1,None,None
CGGAGCTGTTACGCGC-1,False,CGGAGCTGTTACGCGC-1_contig_1,False,566,TRB,TRBV12-2+TRBV13-2,None,TRBJ1-2,TRBC1,True,True,CASGGGTGNSDYTF,TGTGCCAGCGGTGGGGGGACAGGGAACTCCGACTACACCTTC,1138,1,None,None
CGGAGCTGTTGATTGC-1,False,CGGAGCTGTTGATTGC-1_contig_1,False,552,TRB,TRBV12-2+TRBV13-2,None,TRBJ2-7,None,True,True,CASGTGDEQYF,TGTGCCAGCGGGACAGGGGATGAACAGTACTTC,906,1,None,None
CGGAGCTGTTTACTCT-1,False,CGGAGCTGTTTACTCT-1_contig_1,False,576,TRA,TRAV10N,None,TRAJ7,TRAC,True,True,CAPEPDYSNNRLTL,TGTGCACCGGAACCGGACTACAGCAACAACAGACTTACTTTG,1316,1,None,None
CGGAGCTTCATGTCTT-1,False,CGGAGCTTCATGTCTT-1_contig_1,False,522,TRA,TRAV7N-6,None,TRAJ34,TRAC,True,True,CAISSNTNKVVF,TGTGCAATTTCTTCCAATACCAACAAAGTCGTCTTT,1818,1,None,None
CGGAGCTTCCAAACAC-1,False,CGGAGCTTCCAAACAC-1_contig_1,False,561,TRB,TRBV12-2+TRBV13-2,None,TRBJ2-7,None,True,True,CASGVQGWEQYF,TGTGCCAGCGGTGTACAGGGGTGGGAACAGTACTTC,1176,2,None,None
CGGAGCTTCCAAACAC-1,False,CGGAGCTTCCAAACAC-1_contig_2,True,505,TRB,None,None,TRBJ1-1,TRBC1,False,False,None,None,760,1,None,None
CGGAGCTTCCTTCAAT-1,False,CGGAGCTTCCTTCAAT-1_contig_1,False,566,TRA,TRAV3-3,None,TRAJ49,TRAC,True,True,CAVSGATGYQNFYF,TGCGCAGTCAGTGGGGCCACGGGTTACCAGAACTTCTATTTT,1976,2,None,None
CGGAGTCAGACCTTTG-1,False,CGGAGTCAGACCTTTG-1_contig_1,False,562,TRB,TRBV12-2+TRBV13-2,None,TRBJ1-5,TRBC1,True,True,CASGTGDNQAPLF,TGTGCCAGCGGGACGGGGGACAACCAGGCTCCGCTTTTT,324,1,None,None
CGGAGTCAGAGGGCTT-1,False,CGGAGTCAGAGGGCTT-1_contig_1,False,559,TRB,TRBV12-2+TRBV13-2,None,TRBJ2-7,None,True,True,CASGTGGDYEQYF,TGTGCCAGCGGGACTGGGGGGGACTATGAACAGTACTTC,526,1,None,None
CGGAGTCAGATGTGTA-1,False,CGGAGTCAGATGTGTA-1_contig_1,False,621,TRB,TRBV12-2+TRBV13-2,None,TRBJ2-7,None,True,True,CASGVQGWEQYF,TGTGCCAGCGGTGTACAGGGGTGGGAACAGTACTTC,1288,1,None,None
CGGAGTCAGCAGCGTA-1,False,CGGAGTCAGCAGCGTA-1_contig_1,False,550,TRA,TRAV6-6,None,TRAJ24,TRAC,True,True,CAPLTTASLGKLQF,TGTGCTCCGTTGACAACTGCCAGTTTGGGGAAACTGCAGTTT,6148,5,None,None
CGGAGTCAGCAGCGTA-1,False,CGGAGTCAGCAGCGTA-1_contig_2,False,546,TRA,TRAV3-3,None,TRAJ49,TRAC,True,True,CAVSGSTGYQNFYF,TGCGCAGTCAGTGGGAGCACGGGTTACCAGAACTTCTATTTT,3220,3,None,None
CGGAGTCAGCAGCGTA-1,False,CGGAGTCAGCAGCGTA-1_contig_3,False,505,TRB,TRBV13-1,None,TRBJ2-4,None,True,True,CASSEGTNTLYF,TGTGCCAGCAGTGAAGGAACAAACACCTTGTACTTT,4024,4,None,None
CGGAGTCAGCAGCGTA-1,False,CGGAGTCAGCAGCGTA-1_contig_4,False,564,TRB,TRBV12-2+TRBV13-2,None,TRBJ2-7,None,True,True,CASGVQGWEQYF,TGTGCCAGCGGTGTACAGGGGTGGGAACAGTACTTC,6300,8,None,None
CGGAGTCAGCAGCGTA-1,False,CGGAGTCAGCAGCGTA-1_contig_5,False,563,TRA,TRAV8-1,None,TRAJ30,TRAC,True,True,CATDAWDTNAYKVIF,TGTGCTACTGATGCATGGGACACAAATGCTTACAAAGTCATCTTT,11900,6,None,None
CGGAGTCAGCAGCGTA-1,False,CGGAGTCAGCAGCGTA-1_contig_6,False,515,TRB,TRBV13-1,None,TRBJ2-1,None,True,True,CASSGGDYAEQFF,TGTGCCAGCAGTGGAGGGGACTATGCTGAGCAGTTCTTC,20252,16,None,None
CGGAGTCAGCAGCGTA-1,False,CGGAGTCAGCAGCGTA-1_contig_7,False,376,TRB,None,None,TRBJ1-2,TRBC1,False,False,None,None,5738,3,None,None
CGGAGTCAGCAGCGTA-1,False,CGGAGTCAGCAGCGTA-1_contig_8,False,344,TRA,TRAV9D-2,None,TRAJ26,TRAC,True,False,CVLSRGNNYAQGLTF,TGTGTTCTGAGCAGGGGCAATAACTATGCCCAGGGATTAACCTTC,3130,1,None,None
CGGAGTCAGCAGCGTA-1,False,CGGAGTCAGCAGCGTA-1_contig_9,False,495,TRA,TRAV6D-5,None,TRAJ38,TRAC,True,False,CTTVFWDNVGDNSKLIW,TGTACTACTGTGTTCTGGGATAATGTTGGTGACAACAGTAAGCTGATTTGG,4498,2,None,None
CGGAGTCAGCGATAGC-1,False,CGGAGTCAGCGATAGC-1_contig_1,False,563,TRB,TRBV12-2+TRBV13-2,None,TRBJ2-7,None,True,True,CASGVQGWEQYF,TGTGCCAGCGGTGTACAGGGGTGGGAACAGTACTTC,2088,1,None,None
CGGAGTCAGGACTGGT-1,False,CGGAGTCAGGACTGGT-1_contig_1,False,565,TRB,TRBV12-2+TRBV13-2,None,TRBJ2-7,None,True,True,CASGTGGDYEQYF,TGTGCCAGCGGGACTGGGGGGGATTATGAACAGTACTTC,1326,1,None,None
CGGAGTCCAAAGCGGT-1,False,CGGAGTCCAAAGCGGT-1_contig_1,False,514,TRA,TRAV8-1,None,TRAJ30,TRAC,True,True,CATDTNAYKVIF,TGTGCTACTGACACAAATGCTTACAAAGTCATCTTT,332,1,None,None
CGGAGTCCACCATGTA-1,False,CGGAGTCCACCATGTA-1_contig_1,False,593,TRA,TRAV19,None,TRAJ39,TRAC,True,True,CAAGGNNAGAKLTF,TGCGCAGCAGGTGGGAATAATGCAGGTGCCAAGCTCACATTC,966,1,None,None
CGGAGTCCAGACAGGT-1,False,CGGAGTCCAGACAGGT-1_contig_1,False,566,TRA,TRAV3-3,None,TRAJ49,TRAC,True,True,CAVSGATGYQNFYF,TGCGCAGTCAGTGGGGCCACGGGTTACCAGAACTTCTATTTT,646,1,None,None
CGGAGTCCAGAGTGTG-1,False,CGGAGTCCAGAGTGTG-1_contig_1,False,557,TRB,TRBV12-2+TRBV13-2,None,TRBJ2-7,None,True,True,CASGVQGEQYF,TGTGCCAGCGGTGTTCAGGGAGAACAGTACTTC,1570,1,None,None
CGGAGTCCAGCATGAG-1,False,CGGAGTCCAGCATGAG-1_contig_1,False,572,TRB,TRBV12-2+TRBV13-2,None,TRBJ1-2,TRBC1,True,True,CASGGGTGNSDYTF,TGTGCCAGCGGTGGGGGGACAGGGAACTCCGACTACACCTTC,1512,1,None,None
CGGAGTCCATGACATC-1,False,CGGAGTCCATGACATC-1_contig_1,False,563,TRB,TRBV12-2+TRBV13-2,None,TRBJ1-2,TRBC1,True,True,CASGGGTGNSDYTF,TGTGCCAGCGGTGGGGGGACAGGGAACTCCGACTACACCTTC,1118,2,None,None
CGGAGTCCATGACATC-1,False,CGGAGTCCATGACATC-1_contig_2,False,538,TRA,TRAV8-1,None,TRAJ30,TRAC,True,True,CATDTNAYKVIF,TGTGCTACTGACACAAATGCTTACAAAGTCATCTTT,3414,2,None,None
CGGAGTCGTCTCCCTA-1,False,CGGAGTCGTCTCCCTA-1_contig_1,False,599,TRB,TRBV12-2+TRBV13-2,None,TRBJ1-5,TRBC1,True,True,CASGTGDNQAPLF,TGTGCCAGCGGTACAGGAGACAACCAGGCTCCGCTTTTT,1890,1,None,None
CGGAGTCGTCTGATCA-1,False,CGGAGTCGTCTGATCA-1_contig_1,False,502,TRB,TRBV13-1,None,TRBJ1-4,TRBC1,True,True,CASGTGANERLFF,TGTGCCAGCGGGACAGGGGCCAACGAAAGATTATTTTTC,1268,1,None,None
CGGAGTCGTGTTCGAT-1,False,CGGAGTCGTGTTCGAT-1_contig_1,True,508,TRB,TRBV13-1,None,TRBJ2-3,None,True,True,CASEGQGAETLYF,TGTGCCAGCGAGGGACAGGGTGCAGAAACGCTGTATTTT,5940,4,None,None
CGGAGTCTCACCGTAA-1,False,CGGAGTCTCACCGTAA-1_contig_1,False,586,TRB,TRBV12-2+TRBV13-2,None,TRBJ2-7,None,True,True,CASGTGGDYEQYF,TGTGCCAGCGGGACTGGGGGGGACTATGAACAGTACTTC,1768,1,None,None
CGGAGTCTCAGCGACC-1,False,CGGAGTCTCAGCGACC-1_contig_1,False,349,TRB,TRBV31,None,TRBJ2-3,None,True,False,CAWSLLLGGSAETLYF,TGTGCCTGGAGTCTACTCCTGGGGGGAAGTGCAGAAACGCTGTATTTT,4566,1,None,None
CGGAGTCTCGGAATCT-1,False,CGGAGTCTCGGAATCT-1_contig_1,False,339,TRB,None,None,TRBJ1-2,TRBC1,False,False,None,None,2602,1,None,None
CGGAGTCTCGTCCAGG-1,False,CGGAGTCTCGTCCAGG-1_contig_1,False,559,TRA,TRAV4D-3,None,TRAJ27,TRAC,True,True,CAADGPNTGKLTF,TGTGCTGCGGACGGACCCAATACAGGCAAATTAACCTTT,1874,1,None,None
CGGAGTCTCTTTACAC-1,False,CGGAGTCTCTTTACAC-1_contig_1,False,549,TRB,TRBV16,None,TRBJ2-5,None,True,True,CASSLGGGQDTQYF,TGTGCAAGCAGCTTAGGCGGGGGACAAGACACCCAGTACTTT,918,1,None,None
CGGAGTCTCTTTACAC-1,False,CGGAGTCTCTTTACAC-1_contig_2,False,524,TRB,TRBV13-2,None,TRBJ2-2,None,True,True,CASGGTGGANTGQLYF,TGTGCCAGCGGTGGGACTGGGGGGGCTAACACCGGGCAGCTCTACTTT,1406,2,None,None
CGGCTAGAGAAGGGTA-1,False,CGGCTAGAGAAGGGTA-1_contig_1,False,523,TRB,TRBV12-2+TRBV13-2,None,TRBJ2-5,None,True,True,CASGVQGDTQYF,TGTGCCAGCGGTGTTCAGGGGGACACCCAGTACTTT,500,2,None,None
CGGCTAGAGGCAAAGA-1,False,CGGCTAGAGGCAAAGA-1_contig_1,False,541,TRA,TRAV8-1,None,TRAJ34,TRAC,True,True,CATDVSNTNKVVF,TGTGCTACTGATGTATCCAATACCAACAAAGTCGTCTTT,1748,1,None,None
CGGCTAGAGGCAAAGA-1,False,CGGCTAGAGGCAAAGA-1_contig_2,False,554,TRB,TRBV12-2+TRBV13-2,None,TRBJ2-7,None,True,True,CASGVQGGEQYF,TGTGCCAGCGGTGTGCAGGGGGGAGAACAGTACTTC,1616,2,None,None
CGGCTAGAGGCAAAGA-1,False,CGGCTAGAGGCAAAGA-1_contig_3,True,547,TRA,TRAV7D-3,None,TRAJ35,TRAC,True,False,None,None,1880,1,None,None
CGGCTAGCAAAGTCAA-1,False,CGGCTAGCAAAGTCAA-1_contig_1,False,564,TRB,TRBV12-2+TRBV13-2,None,TRBJ2-7,None,True,True,CASGTGGDYEQYF,TGTGCCAGCGGGACTGGGGGGGACTATGAACAGTACTTC,262,2,None,None
CGGCTAGCAATGTAAG-1,False,CGGCTAGCAATGTAAG-1_contig_1,False,540,TRB,TRBV12-2+TRBV13-2,None,TRBJ1-2,TRBC1,True,True,CASGGGTGNSDYTF,TGTGCCAGCGGTGGGGGGACAGGGAACTCCGACTACACCTTC,1326,1,None,None
CGGCTAGCAATGTAAG-1,False,CGGCTAGCAATGTAAG-1_contig_2,False,555,TRA,TRAV3-3,None,TRAJ49,TRAC,False,False,CAVSGATGYQNLYF,TGCGCAGTCAGTGGGGCCACGGGTTACCAGAACTTATATTTT,236,1,None,None
CGGCTAGCAATTGCTG-1,False,CGGCTAGCAATTGCTG-1_contig_1,False,566,TRB,TRBV12-2+TRBV13-2,None,TRBJ1-5,TRBC1,True,True,CASGTGDNQAPLF,TGTGCCAGCGGTACAGGAGACAACCAGGCTCCGCTTTTT,1610,1,None,None
CGGCTAGCACCACCAG-1,False,CGGCTAGCACCACCAG-1_contig_1,False,599,TRB,TRBV12-2+TRBV13-2,None,TRBJ1-2,TRBC1,True,True,CASGGGTGNSDYTF,TGTGCCAGCGGTGGGGGGACAGGGAACTCCGACTACACCTTC,1252,1,None,None
CGGCTAGCACCACCAG-1,False,CGGCTAGCACCACCAG-1_contig_2,True,496,TRB,None,None,TRBJ2-7,None,False,False,None,None,3228,2,None,None
CGGCTAGCATTGGGCC-1,False,CGGCTAGCATTGGGCC-1_contig_1,False,597,TRB,TRBV12-2+TRBV13-2,None,TRBJ1-2,TRBC1,True,True,CASGGGTGNSDYTF,TGTGCCAGCGGTGGGGGGACAGGGAACTCCGACTACACCTTC,1292,1,None,None
CGGCTAGGTAATCACC-1,False,CGGCTAGGTAATCACC-1_contig_1,False,535,TRB,TRBV16,None,TRBJ2-5,None,True,True,CASSWGGGQDTQYF,TGTGCAAGCAGCTGGGGGGGCGGGCAAGACACCCAGTACTTT,738,1,None,None
CGGCTAGGTATGGTTC-1,False,CGGCTAGGTATGGTTC-1_contig_1,False,563,TRB,TRBV12-2+TRBV13-2,None,TRBJ1-5,TRBC1,True,True,CASGTGDNQAPLF,TGTGCCAGCGGTACAGGAGACAACCAGGCTCCGCTTTTT,1242,1,None,None
CGGCTAGGTCTTCTCG-1,False,CGGCTAGGTCTTCTCG-1_contig_1,False,527,TRA,TRAV19,None,TRAJ39,TRAC,True,True,CAAGGNNAGAKLTF,TGCGCAGCAGGTGGGAATAATGCAGGTGCCAAGCTCACATTC,1214,1,None,None
CGGCTAGGTGCATCTA-1,False,CGGCTAGGTGCATCTA-1_contig_1,False,554,TRA,TRAV3-3,None,TRAJ49,TRAC,True,True,CAVSGSTGYQNFYV,TGCGCAGTCAGTGGGAGCACGGGTTACCAGAACTTCTATGTT,188,1,None,None
CGGCTAGGTGTCAATC-1,False,CGGCTAGGTGTCAATC-1_contig_1,False,475,TRB,None,None,TRBJ1-1,TRBC1,False,False,None,None,548,1,None,None
CGGCTAGTCGCCGTGA-1,False,CGGCTAGTCGCCGTGA-1_contig_1,False,522,TRA,TRAV7N-6,None,TRAJ30,TRAC,True,True,CAVVDTNAYKVIF,TGTGCAGTGGTTGACACAAATGCTTACAAAGTCATCTTT,1960,1,None,None
CGGCTAGTCGTACGGC-1,False,CGGCTAGTCGTACGGC-1_contig_1,False,572,TRB,TRBV12-2+TRBV13-2,None,TRBJ2-7,None,True,True,CASGVQGWEQYF,TGTGCCAGCGGTGTACAGGGGTGGGAACAGTACTTC,1514,1,None,None
CGGCTAGTCTGGCGTG-1,False,CGGCTAGTCTGGCGTG-1_contig_1,False,556,TRA,TRAV19,None,TRAJ39,TRAC,True,True,CAAGGNNAGAKLTF,TGCGCAGCAGGTGGGAATAATGCAGGTGCCAAGCTCACATTC,952,1,None,None
CGGCTAGTCTGGCGTG-1,False,CGGCTAGTCTGGCGTG-1_contig_2,False,571,TRB,TRBV12-2+TRBV13-2,None,TRBJ1-2,TRBC1,True,True,CASGGGTGNSDYTF,TGTGCCAGCGGTGGGGGGACAGGGAACTCCGACTACACCTTC,1240,1,None,None
CGGCTAGTCTTGCATT-1,False,CGGCTAGTCTTGCATT-1_contig_1,False,520,TRB,TRBV31,None,TRBJ2-5,None,True,False,None,None,396,1,None,None
CGGGTCAAGACTCGGA-1,False,CGGGTCAAGACTCGGA-1_contig_1,False,478,TRB,TRBV13-1,None,TRBJ2-4,None,True,False,CASSEGTNTLYF,TGTGCCAGCAGTGAAGGAACAAACACCTTGTACTTT,1584,1,None,None
CGGGTCAAGCTAGGCA-1,False,CGGGTCAAGCTAGGCA-1_contig_1,False,506,TRA,TRAV7D-3,None,TRAJ31,TRAC,True,False,None,None,2862,1,None,None
CGGGTCACAAGCTGGA-1,False,CGGGTCACAAGCTGGA-1_contig_1,False,537,TRA,TRAV3-3,None,TRAJ49,TRAC,True,True,CAVSGATGYQNFYF,TGCGCAGTCAGTGGGGCCACGGGTTACCAGAACTTCTATTTT,1290,1,None,None
CGGGTCACAAGGGTCA-1,False,CGGGTCACAAGGGTCA-1_contig_1,False,549,TRB,TRBV16,None,TRBJ2-5,None,True,True,CASSFGGAPDTQYF,TGTGCAAGCAGCTTTGGGGGGGCGCCAGACACCCAGTACTTT,1708,1,None,None
CGGGTCACACCAACCG-1,False,CGGGTCACACCAACCG-1_contig_1,False,517,TRB,TRBV14,None,TRBJ2-7,None,True,True,CASSAGQNYEQYF,TGTGCCAGCAGTGCGGGACAAAACTATGAACAGTACTTC,4236,1,None,None
CGGGTCACACCAACCG-1,False,CGGGTCACACCAACCG-1_contig_2,False,565,TRB,TRBV12-2+TRBV13-2,None,TRBJ1-5,TRBC1,True,True,CASGTGDNQAPLF,TGTGCCAGCGGTACAGGGGATAACCAGGCTCCGCTTTTT,846,1,None,None
CGGGTCACACCGCTAG-1,False,CGGGTCACACCGCTAG-1_contig_1,False,512,TRB,TRBV26,None,TRBJ1-1,TRBC1,True,True,CASSRGNTEVFF,TGTGCCAGCAGCCGCGGAAACACAGAAGTCTTCTTT,1452,1,None,None
CGGGTCACATCCCATC-1,False,CGGGTCACATCCCATC-1_contig_1,False,525,TRB,TRBV17,None,TRBJ2-5,None,True,True,CASSRKGAQDTQYF,TGTGCTAGCAGTAGGAAGGGGGCGCAAGACACCCAGTACTTT,1120,1,None,None
CGGGTCACATTAGGCT-1,False,CGGGTCACATTAGGCT-1_contig_1,False,505,TRB,TRBV13-1,None,TRBJ2-4,None,True,True,CASSEGTNTLYF,TGTGCCAGCAGTGAAGGAACAAACACCTTGTACTTT,1462,2,None,None
CGGGTCAGTAAGGATT-1,False,CGGGTCAGTAAGGATT-1_contig_1,False,568,TRB,TRBV12-2+TRBV13-2,None,TRBJ1-2,TRBC1,True,True,CASGGGTGNSDYTF,TGTGCCAGCGGTGGGGGGACAGGGAACTCCGACTACACCTTC,998,1,None,None
CGGGTCAGTATGAAAC-1,False,CGGGTCAGTATGAAAC-1_contig_1,False,566,TRA,TRAV3-3,None,TRAJ49,TRAC,True,True,CAVSGSTGYQNFYF,TGCGCAGTCAGTGGGAGCACGGGTTACCAGAACTTCTATTTT,122,1,None,None
CGGGTCAGTATTAGCC-1,False,CGGGTCAGTATTAGCC-1_contig_1,False,549,TRA,TRAV8N-2,None,TRAJ13,TRAC,True,True,CATEDSGTYQRF,TGTGCTACTGAGGATTCTGGGACTTACCAGAGGTTT,1198,1,None,None
CGGGTCAGTCCAAGTT-1,False,CGGGTCAGTCCAAGTT-1_contig_1,False,545,TRB,TRBV16,None,TRBJ2-5,None,True,True,CASSLGGGQDTQYF,TGTGCAAGCAGCTTAGGGGGGGGGCAAGACACCCAGTACTTT,450,1,None,None
CGGGTCAGTCCGAAGA-1,False,CGGGTCAGTCCGAAGA-1_contig_1,False,559,TRA,TRAV4D-3,None,TRAJ27,TRAC,True,True,CAADGPNTGKLTF,TGTGCTGCTGACGGGCCCAATACAGGCAAATTAACCTTT,1636,1,None,None
CGGGTCAGTCCGAAGA-1,False,CGGGTCAGTCCGAAGA-1_contig_2,False,508,TRB,TRBV13-1,None,TRBJ1-4,TRBC1,True,True,CASGTGANERLFF,TGTGCCAGCGGGACAGGGGCCAACGAAAGATTATTTTTC,2204,2,None,None
CGGGTCAGTCCGAAGA-1,False,CGGGTCAGTCCGAAGA-1_contig_3,True,595,TRA,TRAV7-4,None,TRAJ31,TRAC,True,False,None,None,2240,2,None,None
CGGGTCAGTCGAACAG-1,False,CGGGTCAGTCGAACAG-1_contig_1,False,567,TRB,TRBV12-2+TRBV13-2,None,TRBJ1-2,TRBC1,True,True,CASGGGTGNSDYTF,TGTGCCAGCGGTGGGGGGACAGGGAACTCCGACTACACCTTC,546,1,None,None
CGGGTCAGTCTTGCGG-1,False,CGGGTCAGTCTTGCGG-1_contig_1,False,516,TRA,TRAV13D-2,None,TRAJ11,TRAC,True,True,CAIDLDSGYNKLTF,TGTGCTATAGATCTTGACTCGGGATACAACAAACTCACTTTT,1480,1,None,None
CGGGTCAGTGCAACTT-1,False,CGGGTCAGTGCAACTT-1_contig_1,False,569,TRB,TRBV12-2+TRBV13-2,None,TRBJ1-2,TRBC1,True,True,CASGGGTGNSDYTF,TGTGCCAGCGGTGGGGGGACAGGGAACTCCGACTACACCTTC,1400,1,None,None
CGGGTCAGTGGACGAT-1,False,CGGGTCAGTGGACGAT-1_contig_1,False,561,TRB,TRBV12-2+TRBV13-2,None,TRBJ1-4,TRBC1,True,True,CASGDAPERLFF,TGTGCCAGCGGTGATGCTCCCGAAAGATTATTTTTC,1494,1,None,None
CGGGTCAGTTCAGCGC-1,False,CGGGTCAGTTCAGCGC-1_contig_1,False,549,TRA,TRAV8N-2,None,TRAJ13,TRAC,True,True,CATEDSGTYQRF,TGTGCTACTGAGGATTCTGGGACTTACCAGAGGTTT,2034,1,None,None
CGGGTCATCACCTCGT-1,False,CGGGTCATCACCTCGT-1_contig_1,False,568,TRB,TRBV12-2+TRBV13-2,None,TRBJ1-2,TRBC1,True,True,CASGGGTGNSDYTF,TGTGCCAGCGGTGGGGGGACAGGGAACTCCGACTACACCTTC,860,1,None,None
CGGGTCATCTCTGAGA-1,False,CGGGTCATCTCTGAGA-1_contig_1,False,465,TRB,TRBV16,None,TRBJ2-7,None,True,True,CASSFGGGADEQYF,TGTGCAAGCAGCTTTGGTGGGGGGGCGGATGAACAGTACTTC,790,1,None,None
CGGTTAAAGGATTCGG-1,False,CGGTTAAAGGATTCGG-1_contig_1,False,562,TRB,TRBV12-2+TRBV13-2,None,TRBJ2-1,None,True,True,CASEAAYAEQFF,TGTGCCAGCGAAGCAGCCTATGCTGAGCAGTTCTTC,1466,1,None,None
CGGTTAAAGGTGCTTT-1,False,CGGTTAAAGGTGCTTT-1_contig_1,False,566,TRA,TRAV3-3,None,TRAJ49,TRAC,True,True,CAVSGSTGYQNFYF,TGCGCAGTCAGTGGGAGCACGGGTTACCAGAACTTCTATTTT,7834,5,None,None
CGGTTAAAGGTGCTTT-1,False,CGGTTAAAGGTGCTTT-1_contig_2,False,645,TRB,TRBV12-2+TRBV13-2,None,TRBJ1-5,TRBC1,True,True,CASGTGDNQAPLF,TGTGCCAGCGGGACAGGGGACAACCAGGCTCCGCTTTTT,1726,1,None,None
CGGTTAAAGGTGCTTT-1,False,CGGTTAAAGGTGCTTT-1_contig_3,True,510,TRA,TRAV6D-5,None,TRAJ38,TRAC,True,False,CTTVFWDNVGDNSKLIW,TGTACTACTGTGTTCTGGGATAATGTTGGTGACAACAGTAAGCTGATTTGG,1786,1,None,None
CGGTTAAAGGTGCTTT-1,False,CGGTTAAAGGTGCTTT-1_contig_4,True,501,TRB,None,None,TRBJ1-1,TRBC1,False,False,None,None,670,1,None,None
CGGTTAAAGTAAGTAC-1,False,CGGTTAAAGTAAGTAC-1_contig_1,False,522,TRB,TRBV5,None,TRBJ2-5,None,True,True,CASSQDGVNQDTQYF,TGTGCCAGCAGCCAAGATGGGGTTAACCAAGACACCCAGTACTTT,2208,1,None,None
CGGTTAACACGACTCG-1,False,CGGTTAACACGACTCG-1_contig_1,False,507,TRB,TRBV5,None,TRBJ2-2,None,True,True,CASSTGQLYF,TGTGCCAGCAGCACCGGGCAGCTCTACTTT,1312,1,None,None
CGGTTAACAGGACCCT-1,False,CGGTTAACAGGACCCT-1_contig_1,False,508,TRB,TRBV13-1,None,TRBJ2-4,None,True,True,CASGGGSQNTLYF,TGTGCCAGCGGGGGGGGAAGTCAAAACACCTTGTACTTT,1322,1,None,None
CGGTTAACAGTCAGAG-1,False,CGGTTAACAGTCAGAG-1_contig_1,False,512,TRB,TRBV13-1,None,TRBJ2-4,None,True,True,CASSEGTNTLYF,TGTGCCAGCAGTGAAGGAACAAACACCTTGTACTTT,860,1,None,None
CGGTTAACATACCATG-1,False,CGGTTAACATACCATG-1_contig_1,False,587,TRB,TRBV13-1,None,TRBJ2-3,None,True,False,CASGDSAETLYF,TGTGCCAGCGGGGACAGTGCAGAAACGCTGTATTTT,1588,1,None,None
CGGTTAACATGTCGAT-1,False,CGGTTAACATGTCGAT-1_contig_1,False,604,TRB,None,None,TRBJ2-5,None,False,False,None,None,1128,1,None,None
CGGTTAAGTCAGAGGT-1,False,CGGTTAAGTCAGAGGT-1_contig_1,False,561,TRB,TRBV31,None,TRBJ2-4,None,True,True,CAWDNQNTLYF,TGTGCCTGGGACAATCAAAACACCTTGTACTTT,10466,6,None,None
CGGTTAAGTCAGAGGT-1,False,CGGTTAAGTCAGAGGT-1_contig_2,False,559,TRB,TRBV12-2+TRBV13-2,None,TRBJ2-4,None,True,True,CASGTGDTLYF,TGTGCCAGCGGTACGGGCGACACCTTGTACTTT,6156,5,None,None
CGGTTAAGTCAGAGGT-1,False,CGGTTAAGTCAGAGGT-1_contig_3,False,550,TRA,TRAV6-6,None,TRAJ22,TRAC,True,True,CALGEGPSGSWQLIF,TGTGCTCTGGGTGAGGGGCCTTCTGGCAGCTGGCAACTCATCTTT,6066,3,None,None
CGGTTAAGTCAGAGGT-1,False,CGGTTAAGTCAGAGGT-1_contig_4,False,562,TRB,TRBV12-2+TRBV13-2,None,TRBJ2-1,None,True,True,CATDSNYAEQFF,TGTGCCACGGACAGTAACTATGCTGAGCAGTTCTTC,3478,3,None,None
CGGTTAAGTCAGAGGT-1,False,CGGTTAAGTCAGAGGT-1_contig_5,False,510,TRA,TRAV3-3,None,TRAJ31,TRAC,True,False,None,None,2204,1,None,None
CGGTTAAGTCAGAGGT-1,False,CGGTTAAGTCAGAGGT-1_contig_6,False,432,TRA,TRAV9D-3,None,TRAJ22,TRAC,True,False,CEHDPSGSWQLIF,TGTGAGCATGACCCTTCTGGCAGCTGGCAACTCATCTTT,2196,2,None,None
CGGTTAAGTCTAGGTT-1,False,CGGTTAAGTCTAGGTT-1_contig_1,False,442,TRB,None,None,TRBJ1-4,TRBC1,False,False,None,None,2454,2,None,None
CGGTTAAGTCTTTCAT-1,False,CGGTTAAGTCTTTCAT-1_contig_1,False,507,TRA,TRAV21-DV12,None,TRAJ42,TRAC,True,True,CILRVHGGSNAKLTF,TGTATCCTGAGAGTCCATGGAGGAAGCAATGCAAAGCTAACCTTC,2126,1,None,None
CGGTTAAGTGGGTATG-1,False,CGGTTAAGTGGGTATG-1_contig_1,False,563,TRB,TRBV12-2+TRBV13-2,None,TRBJ1-5,TRBC1,True,True,CASGTGDNQAPLF,TGTGCCAGCGGGACCGGGGACAACCAGGCTCCGCTTTTT,1254,1,None,None
CGGTTAAGTGTCGCTG-1,False,CGGTTAAGTGTCGCTG-1_contig_1,False,349,TRB,None,None,TRBJ2-7,None,False,False,None,None,2886,1,None,None
CGGTTAAGTGTGCGTC-1,False,CGGTTAAGTGTGCGTC-1_contig_1,False,516,TRA,TRAV19,None,TRAJ39,TRAC,True,True,CAAGGNNAGAKLTF,TGCGCAGCAGGTGGGAATAATGCAGGTGCCAAGCTCACATTC,1456,1,None,None
CGGTTAATCAGTACGT-1,False,CGGTTAATCAGTACGT-1_contig_1,False,569,TRB,TRBV12-2+TRBV13-2,None,TRBJ1-2,TRBC1,True,True,CASGGGTGNSDYTF,TGTGCCAGCGGTGGGGGGACAGGGAACTCCGACTACACCTTC,1356,1,None,None
CGGTTAATCATGTCTT-1,False,CGGTTAATCATGTCTT-1_contig_1,False,519,TRA,TRAV6-6,None,TRAJ17,TRAC,True,True,CALGEDSAGNKLTF,TGTGCTCTGGGTGAGGACAGTGCAGGGAACAAGCTAACTTTT,1722,1,None,None
CGGTTAATCATGTCTT-1,False,CGGTTAATCATGTCTT-1_contig_2,False,503,TRB,TRBV13-1,None,TRBJ2-3,None,True,True,CASGDSAETLYF,TGTGCCAGCGGGGACAGTGCAGAAACGCTGTATTTT,246,1,None,None
CGGTTAATCCTTTACA-1,False,CGGTTAATCCTTTACA-1_contig_1,False,578,TRA,TRAV14-1,None,TRAJ32,TRAC,True,True,CAASPLGSSGNKLIF,TGTGCAGCAAGTCCTCTTGGGAGCAGTGGCAACAAGCTCATCTTT,1896,2,None,None
CGGTTAATCCTTTACA-1,False,CGGTTAATCCTTTACA-1_contig_2,False,547,TRA,TRAV8-1,None,TRAJ30,TRAC,True,True,CATDTNAYKVIF,TGTGCTACTGACACAAATGCTTACAAAGTCATCTTT,1052,1,None,None
CGGTTAATCCTTTACA-1,False,CGGTTAATCCTTTACA-1_contig_3,False,563,TRB,TRBV12-2+TRBV13-2,None,TRBJ1-5,TRBC1,True,True,CASGTGDNQAPLF,TGTGCCAGCGGGACAGGGGACAACCAGGCTCCGCTTTTT,1206,1,None,None
CGGTTAATCCTTTACA-1,False,CGGTTAATCCTTTACA-1_contig_4,True,346,TRB,None,None,TRBJ2-7,None,False,False,None,None,1512,1,None,None
CGGTTAATCTCTGCTG-1,False,CGGTTAATCTCTGCTG-1_contig_1,False,512,TRB,TRBV13-1,None,TRBJ2-4,None,True,True,CASSEGTNTLYF,TGTGCCAGCAGTGAAGGAACAAACACCTTGTACTTT,1338,1,None,None
CGTAGCGAGAGACTTA-1,False,CGTAGCGAGAGACTTA-1_contig_1,False,537,TRB,TRBV12-2+TRBV13-2,None,TRBJ1-5,TRBC1,True,True,CASGTGDNQAPLF,TGTGCCAGCGGGACCGGGGACAACCAGGCTCCGCTTTTT,1684,1,None,None
CGTAGCGAGAGGGCTT-1,False,CGTAGCGAGAGGGCTT-1_contig_1,False,482,TRB,TRBV13-1,None,TRBJ2-2,None,True,False,CASSDPGQLYF,TGTGCCAGCAGTGACCCCGGGCAGCTCTACTTT,552,1,None,None
CGTAGCGAGAGGTAGA-1,False,CGTAGCGAGAGGTAGA-1_contig_1,False,537,TRB,TRBV13-1,None,TRBJ2-1,None,True,False,CASGGGDYAEQFF,TGTGCCAGCGGGGGGGGAGACTATGCTGAGCAGTTCTTC,1816,1,None,None
CGTAGCGAGAGTAAGG-1,False,CGTAGCGAGAGTAAGG-1_contig_1,False,610,TRB,TRBV12-2+TRBV13-2,None,TRBJ2-7,None,True,True,CASGVQGEQYF,TGTGCCAGCGGTGTTCAGGGAGAACAGTACTTC,848,1,None,None
CGTAGCGAGCAAATCA-1,False,CGTAGCGAGCAAATCA-1_contig_1,False,512,TRB,TRBV13-1,None,TRBJ1-4,TRBC1,True,True,CASGTGANERLFF,TGTGCCAGCGGGACAGGGGCCAACGAAAGATTATTTTTC,838,1,None,None
CGTAGCGAGCCTATGT-1,False,CGTAGCGAGCCTATGT-1_contig_1,False,351,TRB,TRBV13-2,None,TRBJ1-4,TRBC1,True,False,CASGTGGDERLFF,TGTGCCAGCGGGACAGGGGGCGACGAAAGATTATTTTTC,112,1,None,None
CGTAGCGAGGCTATCT-1,False,CGTAGCGAGGCTATCT-1_contig_1,False,592,TRB,TRBV12-2+TRBV13-2,None,TRBJ1-2,TRBC1,True,True,CASGGGTGNSDYTF,TGTGCCAGCGGTGGGGGGACAGGGAACTCCGACTACACCTTC,1304,1,None,None
CGTAGCGAGTAATCCC-1,False,CGTAGCGAGTAATCCC-1_contig_1,False,504,TRB,TRBV13-1,None,TRBJ1-4,TRBC1,True,True,CASGTGANERLFF,TGTGCCAGCGGGACAGGGGCCAACGAAAGATTATTTTTC,2054,1,None,None
CGTAGCGCAATGGATA-1,False,CGTAGCGCAATGGATA-1_contig_1,False,491,TRA,TRAV8D-1,None,TRAJ30,TRAC,True,True,CATDTNAYKVIF,TGTGCTACTGACACAAATGCTTACAAAGTCATCTTT,2452,1,None,None
CGTAGCGCACATGTGT-1,False,CGTAGCGCACATGTGT-1_contig_1,False,453,TRB,None,None,TRBJ1-4,TRBC1,False,False,None,None,254,1,None,None
CGTAGCGCACCTCGTT-1,False,CGTAGCGCACCTCGTT-1_contig_1,False,502,TRA,TRAV19,None,TRAJ39,TRAC,True,False,CAAGGNNAGAKLTF,TGCGCAGCAGGTGGGAATAATGCAGGTGCCAAGCTCACATTC,1520,1,None,None
CGTAGCGCAGGTCTCG-1,False,CGTAGCGCAGGTCTCG-1_contig_1,False,512,TRB,TRBV13-1,None,TRBJ2-3,None,True,True,CASGDSAETLYF,TGTGCCAGCGGGGACAGTGCAGAAACGCTGTATTTT,3234,2,None,None
CGTAGCGCATCGGAAG-1,False,CGTAGCGCATCGGAAG-1_contig_1,False,648,TRB,TRBV12-2+TRBV13-2,None,TRBJ1-5,TRBC1,True,True,CASGTGDNQAPLF,TGTGCCAGCGGTACAGGAGACAACCAGGCTCCGCTTTTT,1690,1,None,None
CGTAGCGGTAGGGTAC-1,False,CGTAGCGGTAGGGTAC-1_contig_1,False,518,TRA,TRAV8-1,None,TRAJ17,TRAC,True,True,CATHSAGNKLTF,TGTGCTACTCACAGTGCAGGGAACAAGCTAACTTTT,2084,1,None,None
CGTAGCGGTCCAGTTA-1,False,CGTAGCGGTCCAGTTA-1_contig_1,False,559,TRB,TRBV12-2+TRBV13-2,None,TRBJ2-7,None,True,True,CASGVQGWEQYF,TGTGCCAGCGGTGTACAGGGGTGGGAACAGTACTTC,1410,1,None,None
CGTAGCGGTCCAGTTA-1,False,CGTAGCGGTCCAGTTA-1_contig_2,False,568,TRB,TRBV12-2+TRBV13-2,None,TRBJ1-2,TRBC1,True,True,CASGGGTGNSDYTF,TGTGCCAGCGGTGGGGGGACAGGGAACTCCGACTACACCTTC,1604,1,None,None
CGTAGCGGTTATGCGT-1,False,CGTAGCGGTTATGCGT-1_contig_1,False,579,TRB,TRBV12-2+TRBV13-2,None,TRBJ2-7,None,True,True,CASGTGGDYEQYF,TGTGCCAGCGGGACTGGGGGGGACTATGAACAGTACTTC,872,1,None,None
CGTAGCGTCCTGCAGG-1,False,CGTAGCGTCCTGCAGG-1_contig_1,False,639,TRB,TRBV12-2+TRBV13-2,None,TRBJ1-2,TRBC1,True,True,CASGGGTGNSDYTF,TGTGCCAGCGGTGGGGGGACAGGGAACTCCGACTACACCTTC,726,1,None,None
CGTAGCGTCGGCGCTA-1,False,CGTAGCGTCGGCGCTA-1_contig_1,False,501,TRB,TRBV13-1,None,TRBJ2-3,None,True,True,CASGDSAETLYF,TGTGCCAGCGGGGACAGTGCAGAAACGCTGTATTTT,1026,1,None,None
CGTAGGCAGAGCTATA-1,False,CGTAGGCAGAGCTATA-1_contig_1,False,564,TRB,TRBV12-2+TRBV13-2,None,TRBJ2-5,None,True,True,CASGVQGDTQYF,TGTGCCAGCGGTGTTCAGGGGGACACCCAGTACTTT,1354,1,None,None
CGTAGGCAGATAGCAT-1,False,CGTAGGCAGATAGCAT-1_contig_1,False,535,TRA,TRAV4D-4,None,TRAJ45,TRAC,True,True,CAAYTEGADRLTF,TGTGCTGCCTATACAGAAGGTGCAGATAGACTCACCTTT,4338,2,None,None
CGTAGGCAGATAGCAT-1,False,CGTAGGCAGATAGCAT-1_contig_2,False,664,TRB,TRBV12-2+TRBV13-2,None,TRBJ1-2,TRBC1,True,True,CASGGGTGNSDYTF,TGTGCCAGCGGTGGGGGGACAGGGAACTCCGACTACACCTTC,1380,1,None,None
CGTAGGCAGATAGCAT-1,False,CGTAGGCAGATAGCAT-1_contig_3,True,357,TRB,None,None,TRBJ2-1,None,False,False,None,None,2612,1,None,None
CGTAGGCAGATGCCTT-1,False,CGTAGGCAGATGCCTT-1_contig_1,False,301,TRB,None,None,TRBJ2-4,None,False,False,None,None,2992,1,None,None
CGTAGGCAGCGTGAGT-1,False,CGTAGGCAGCGTGAGT-1_contig_1,False,549,TRB,TRBV16,None,TRBJ2-5,None,True,True,CASSLGGGQDTQYF,TGTGCAAGCAGCTTAGGGGGGGGGCAAGACACCCAGTACTTT,1014,1,None,None
CGTAGGCAGCGTGAGT-1,False,CGTAGGCAGCGTGAGT-1_contig_2,False,565,TRB,TRBV12-2+TRBV13-2,None,TRBJ1-5,TRBC1,True,True,CASGTGDNQAPLF,TGTGCCAGCGGTACAGGAGACAACCAGGCTCCGCTTTTT,1128,1,None,None
CGTAGGCAGGCAGTCA-1,False,CGTAGGCAGGCAGTCA-1_contig_1,False,504,TRA,TRAV7-5,None,TRAJ45,TRAC,True,False,CSDTEGADRLTF,TGCAGTGATACAGAAGGTGCAGATAGACTCACCTTT,2020,1,None,None
CGTAGGCAGGGATACC-1,False,CGTAGGCAGGGATACC-1_contig_1,False,512,TRA,TRAV6-5,None,TRAJ45,TRAC,True,True,CALIHTEGADRLTF,TGTGCTCTGATCCATACAGAAGGTGCAGATAGACTCACCTTT,1912,1,None,None
CGTAGGCAGTCACGCC-1,False,CGTAGGCAGTCACGCC-1_contig_1,False,510,TRB,TRBV14,None,TRBJ2-7,None,True,True,CASSAGQNYEQYF,TGTGCCAGCAGTGCGGGACAAAACTATGAACAGTACTTC,1644,1,None,None
CGTAGGCCACCAGATT-1,False,CGTAGGCCACCAGATT-1_contig_1,False,516,TRA,TRAV6-6,None,TRAJ24,TRAC,True,True,CAPLTTASLGKLQF,TGTGCTCCGTTGACAACTGCCAGTTTGGGGAAACTGCAGTTT,2400,2,None,None
CGTAGGCCACCAGATT-1,False,CGTAGGCCACCAGATT-1_contig_2,False,568,TRB,TRBV12-2+TRBV13-2,None,TRBJ1-2,TRBC1,True,True,CASGGGTGNSDYTF,TGTGCCAGCGGTGGGGGGACAGGGAACTCCGACTACACCTTC,3226,2,None,None
CGTAGGCCAGCATGAG-1,False,CGTAGGCCAGCATGAG-1_contig_1,False,558,TRB,TRBV12-2+TRBV13-2,None,TRBJ1-3,TRBC1,True,True,CASGDGGTLYF,TGTGCCAGCGGTGATGGGGGGACGCTCTATTTT,1056,1,None,None
CGTAGGCGTAAGGGAA-1,False,CGTAGGCGTAAGGGAA-1_contig_1,False,517,TRA,TRAV6-6,None,TRAJ24,TRAC,True,True,CAPLTTASLGKLQF,TGTGCTCCGTTGACAACTGCCAGTTTGGGGAAACTGCAGTTT,5716,4,None,None
CGTAGGCGTAAGGGAA-1,False,CGTAGGCGTAAGGGAA-1_contig_2,False,505,TRB,TRBV13-1,None,TRBJ2-4,None,True,True,CASSEGTNTLYF,TGTGCCAGCAGTGAAGGAACAAACACCTTGTACTTT,23810,21,None,None
CGTAGGCGTAAGGGAA-1,False,CGTAGGCGTAAGGGAA-1_contig_3,False,549,TRA,TRAV8N-2,None,TRAJ13,TRAC,True,True,CATEDSGTYQRF,TGTGCTACTGAGGATTCTGGGACTTACCAGAGGTTT,2700,2,None,None
CGTAGGCGTAAGGGAA-1,False,CGTAGGCGTAAGGGAA-1_contig_4,False,715,TRA,TRAV9D-2,None,TRAJ26,TRAC,True,True,CVLSRGNNYAQGLTF,TGTGTTCTGAGCAGGGGCAATAACTATGCCCAGGGATTAACCTTC,5292,3,None,None
CGTAGGCGTAAGTGTA-1,False,CGTAGGCGTAAGTGTA-1_contig_1,False,357,TRB,None,None,TRBJ2-1,None,False,False,None,None,2206,1,None,None
CGTAGGCGTCCAGTGC-1,False,CGTAGGCGTCCAGTGC-1_contig_1,False,522,TRB,TRBV31,None,TRBJ2-3,None,True,True,CAWSLLLGGSAETLYF,TGTGCCTGGAGTCTACTCCTGGGGGGAAGTGCAGAAACGCTGTATTTT,1998,1,None,None
CGTAGGCGTCCGTTAA-1,False,CGTAGGCGTCCGTTAA-1_contig_1,False,563,TRB,TRBV12-2+TRBV13-2,None,TRBJ2-7,None,True,True,CASGVQGGEQYF,TGTGCCAGCGGTGTGCAGGGGGGAGAACAGTACTTC,1428,1,None,None
CGTAGGCGTTAAGAAC-1,False,CGTAGGCGTTAAGAAC-1_contig_1,False,566,TRB,TRBV12-2+TRBV13-2,None,TRBJ1-2,TRBC1,True,True,CASGGGTGNSDYTF,TGTGCCAGCGGTGGGGGGACAGGGAACTCCGACTACACCTTC,636,1,None,None
CGTAGGCGTTCATGGT-1,False,CGTAGGCGTTCATGGT-1_contig_1,False,558,TRA,TRAV19,None,TRAJ39,TRAC,True,True,CAAGGNNAGAKLTF,TGCGCAGCAGGTGGGAATAATGCAGGTGCCAAGCTCACATTC,1508,1,None,None
CGTAGGCGTTCCGGCA-1,False,CGTAGGCGTTCCGGCA-1_contig_1,False,538,TRA,TRAV8-1,None,TRAJ30,TRAC,True,True,CATDTNAYKVIF,TGTGCTACTGACACAAATGCTTACAAAGTCATCTTT,1134,1,None,None
CGTAGGCTCACAGTAC-1,False,CGTAGGCTCACAGTAC-1_contig_1,False,479,TRB,TRBV26,None,TRBJ2-1,None,True,False,CASSLHKFYAEQFF,TGTGCCAGCAGTCTGCACAAATTCTATGCTGAGCAGTTCTTC,2322,1,None,None
CGTAGGCTCAGCTCTC-1,False,CGTAGGCTCAGCTCTC-1_contig_1,False,341,TRB,TRBV31,None,TRBJ2-5,None,True,False,None,None,1754,1,None,None
CGTAGGCTCCATTCTA-1,False,CGTAGGCTCCATTCTA-1_contig_1,False,549,TRB,TRBV16,None,TRBJ2-5,None,True,True,CASSLGGGQDTQYF,TGTGCAAGCAGCTTAGGGGGGGGCCAAGACACCCAGTACTTT,570,1,None,None
CGTAGGCTCGACAGCC-1,False,CGTAGGCTCGACAGCC-1_contig_1,False,512,TRA,TRAV13-4-DV7,None,TRAJ58,TRAC,True,True,CAPMQQGTGSKLSF,TGTGCTCCTATGCAGCAAGGCACTGGGTCTAAGCTGTCATTT,340,2,None,None
CGTAGGCTCGCGCCAA-1,False,CGTAGGCTCGCGCCAA-1_contig_1,False,518,TRA,TRAV6-6,None,TRAJ39,TRAC,True,True,CALGDWNNAGAKLTF,TGTGCTCTGGGTGATTGGAATAATGCAGGTGCCAAGCTCACATTC,160,2,None,None
CGTAGGCTCGCTTAGA-1,False,CGTAGGCTCGCTTAGA-1_contig_1,False,564,TRB,TRBV12-2+TRBV13-2,None,TRBJ1-2,TRBC1,True,True,CASGGGTGNSDYTF,TGTGCCAGCGGTGGGGGGACAGGGAACTCCGACTACACCTTC,1488,2,None,None
CGTAGGCTCTGTTTGT-1,False,CGTAGGCTCTGTTTGT-1_contig_1,True,507,TRB,TRBV5,None,TRBJ2-2,None,True,True,CASSTGQLYF,TGTGCCAGCAGCACCGGGCAGCTCTACTTT,1370,1,None,None
CGTAGGCTCTGTTTGT-1,False,CGTAGGCTCTGTTTGT-1_contig_2,True,548,TRB,None,None,TRBJ1-4,TRBC1,False,False,None,None,6150,4,None,None
CGTAGGCTCTTGAGGT-1,False,CGTAGGCTCTTGAGGT-1_contig_1,False,478,TRB,TRBV13-1,None,TRBJ2-3,None,True,False,CASGDSAETLYF,TGTGCCAGCGGGGACAGTGCAGAAACGCTGTATTTT,1358,1,None,None
CGTCACTAGACTAAGT-1,False,CGTCACTAGACTAAGT-1_contig_1,False,605,TRA,TRAV14-2,None,TRAJ50,TRAC,True,True,CAATSSSSFSKLVF,TGTGCAGCAACTTCATCCTCCTCCTTCAGCAAGCTGGTGTTT,1534,1,None,None
CGTCACTAGAGATGAG-1,False,CGTCACTAGAGATGAG-1_contig_1,False,488,TRB,TRBV13-1,None,TRBJ2-3,None,True,False,CASGDSAETLYF,TGTGCCAGCGGGGACAGTGCAGAAACGCTGTATTTT,578,1,None,None
CGTCACTAGAGCAATT-1,False,CGTCACTAGAGCAATT-1_contig_1,False,543,TRA,TRAV19,None,TRAJ39,TRAC,True,True,CAAGGNNAGAKLTF,TGCGCAGCAGGTGGGAATAATGCAGGTGCCAAGCTCACATTC,2038,1,None,None
CGTCACTAGAGCAATT-1,False,CGTCACTAGAGCAATT-1_contig_2,False,495,TRA,TRAV3-3,None,TRAJ32,TRAC,True,False,None,None,1602,1,None,None
CGTCACTAGAGCTGCA-1,False,CGTCACTAGAGCTGCA-1_contig_1,False,445,TRB,TRBV13-1,None,TRBJ2-1,None,True,False,CASGGGDYAEQFF,TGTGCCAGCGGGGGGGGAGACTATGCTGAGCAGTTCTTC,2098,1,None,None
CGTCACTAGCTGCCCA-1,False,CGTCACTAGCTGCCCA-1_contig_1,False,560,TRB,TRBV12-2+TRBV13-2,None,TRBJ2-7,None,True,True,CASGGQGEQYF,TGTGCCAGCGGGGGACAGGGGGAACAGTACTTC,14510,13,None,None
CGTCACTAGCTGCCCA-1,False,CGTCACTAGCTGCCCA-1_contig_2,False,512,TRB,TRBV13-1,None,TRBJ2-4,None,True,True,CASSEGTNTLYF,TGTGCCAGCAGTGAAGGAACAAACACCTTGTACTTT,24910,20,None,None
CGTCACTAGCTGCCCA-1,False,CGTCACTAGCTGCCCA-1_contig_3,False,705,TRA,TRAV9N-4,None,TRAJ15,TRAC,True,True,CALMGGRALIF,TGTGCTCTGATGGGAGGCAGAGCTCTGATATTT,11570,9,None,None
CGTCACTAGCTGCCCA-1,False,CGTCACTAGCTGCCCA-1_contig_4,False,693,TRA,TRAV9D-2,None,TRAJ26,TRAC,True,True,CVLSRGNNYAQGLTF,TGTGTTCTGAGCAGGGGCAATAACTATGCCCAGGGATTAACCTTC,10362,7,None,None
CGTCACTAGCTGCCCA-1,False,CGTCACTAGCTGCCCA-1_contig_5,True,689,TRB,TRBV29,None,TRBJ1-2,TRBC1,True,False,None,None,6488,4,None,None
CGTCACTAGCTGCCCA-1,False,CGTCACTAGCTGCCCA-1_contig_6,True,567,TRA,TRAV4D-4,None,TRAJ6,TRAC,True,False,None,None,4904,3,None,None
CGTCACTAGGTGATAT-1,False,CGTCACTAGGTGATAT-1_contig_1,False,509,Multi,TRDV1,None,TRAJ45,TRAC,True,False,CGGTEGADRLTF,TGTGGAGGGACAGAAGGTGCAGATAGACTCACCTTT,1920,1,None,None
CGTCACTAGTAAGTAC-1,False,CGTCACTAGTAAGTAC-1_contig_1,False,332,TRB,None,None,TRBJ2-1,None,False,False,None,None,2918,1,None,None
CGTCACTAGTACATGA-1,False,CGTCACTAGTACATGA-1_contig_1,False,507,TRA,TRAV21-DV12,None,TRAJ42,TRAC,True,True,CILRVHGGSNAKLTF,TGTATCCTGAGAGTCCATGGAGGAAGCAATGCAAAGCTAACCTTC,1876,1,None,None
CGTCACTAGTATGACA-1,False,CGTCACTAGTATGACA-1_contig_1,False,560,TRA,TRAV6-7-DV9,None,TRAJ27,TRAC,True,True,CALRDNTNTGKLTF,TGTGCTCTGAGGGATAACACCAATACAGGCAAATTAACCTTT,3614,2,None,None
CGTCACTAGTATGACA-1,False,CGTCACTAGTATGACA-1_contig_2,False,573,TRA,TRAV19,None,TRAJ39,TRAC,True,True,CAAGGNNAGAKLTF,TGCGCAGCAGGTGGGAATAATGCAGGTGCCAAGCTCACATTC,5348,5,None,None
CGTCACTAGTATGACA-1,False,CGTCACTAGTATGACA-1_contig_3,False,567,TRB,TRBV12-2+TRBV13-2,None,TRBJ1-2,TRBC1,True,True,CASGGGTGNSDYTF,TGTGCCAGCGGTGGGGGGACAGGGAACTCCGACTACACCTTC,35932,32,None,None
CGTCACTAGTATGACA-1,False,CGTCACTAGTATGACA-1_contig_4,True,475,TRA,TRAV7-5,None,TRAJ45,TRAC,True,False,CSDTEGADRLTF,TGCAGTGATACAGAAGGTGCAGATAGACTCACCTTT,3918,2,None,None
CGTCACTAGTCCATAC-1,False,CGTCACTAGTCCATAC-1_contig_1,False,569,TRB,TRBV12-2+TRBV13-2,None,TRBJ1-2,TRBC1,True,True,CASGGGTGNSDYTF,TGTGCCAGCGGTGGGGGGACAGGGAACTCCGACTACACCTTC,1106,1,None,None
CGTCACTAGTGCTGCC-1,False,CGTCACTAGTGCTGCC-1_contig_1,False,563,TRA,TRAV15D-1-DV6D-1,None,TRAJ40,TRAC,True,True,CALWERPNTGNYKYVF,TGTGCTCTCTGGGAGCGCCCAAATACAGGAAACTACAAATACGTCTTT,638,1,None,None
CGTCACTAGTGTTTGC-1,False,CGTCACTAGTGTTTGC-1_contig_1,False,603,TRA,TRAV14D-3-DV8,None,TRAJ6,TRAC,True,True,CAARTSGGNYKPTF,TGTGCAGCAAGAACCTCAGGAGGAAACTACAAACCTACGTTT,1276,1,None,None
CGTCACTAGTGTTTGC-1,False,CGTCACTAGTGTTTGC-1_contig_2,False,563,TRB,TRBV12-2+TRBV13-2,None,TRBJ2-7,None,True,True,CASGAGGDYEQYF,TGTGCCAGCGGTGCTGGGGGGGACTATGAACAGTACTTC,900,1,None,None
CGTCACTCAAGACACG-1,False,CGTCACTCAAGACACG-1_contig_1,False,438,TRB,None,None,TRBJ1-3,TRBC1,False,False,None,None,2054,1,None,None
CGTCACTCAAGGTGTG-1,False,CGTCACTCAAGGTGTG-1_contig_1,True,519,TRA,TRAV6-6,None,TRAJ30,TRAC,True,True,CALGEDTNAYKVIF,TGTGCTCTGGGTGAAGACACAAATGCTTACAAAGTCATCTTT,1040,1,None,None
CGTCACTCAAGGTGTG-1,False,CGTCACTCAAGGTGTG-1_contig_2,True,406,TRB,None,None,TRBJ2-3,None,False,False,None,None,1252,3,None,None
CGTCACTCACAGAGGT-1,False,CGTCACTCACAGAGGT-1_contig_1,False,352,TRB,TRBV13-2,None,TRBJ2-7,None,True,False,CASGVQGWEQYF,TGTGCCAGCGGTGTACAGGGGTGGGAACAGTACTTC,484,1,None,None
CGTCACTCACTTGGAT-1,False,CGTCACTCACTTGGAT-1_contig_1,False,549,TRB,TRBV16,None,TRBJ2-5,None,True,True,CASSLGGYQDTQYF,TGTGCAAGCAGCTTAGGGGGCTACCAAGACACCCAGTACTTT,2880,2,None,None
CGTCACTCAGCATGAG-1,False,CGTCACTCAGCATGAG-1_contig_1,False,449,TRB,TRBV16,None,TRBJ2-7,None,True,False,CATSLGGVLDEQYF,TGTGCCACCAGCTTAGGGGGGGTGCTCGATGAACAGTACTTC,230,1,None,None
CGTCACTCAGGAATGC-1,False,CGTCACTCAGGAATGC-1_contig_1,False,519,TRA,TRAV6-6,None,TRAJ24,TRAC,True,True,CAPLTTASLGKLQF,TGTGCTCCGTTGACAACTGCCAGTTTGGGGAAACTGCAGTTT,3566,2,None,None
CGTCACTGTCGCATAT-1,False,CGTCACTGTCGCATAT-1_contig_1,False,639,TRB,TRBV12-2+TRBV13-2,None,TRBJ1-5,TRBC1,True,True,CASGTGDNQAPLF,TGTGCCAGCGGTACAGGGGACAACCAGGCTCCGCTTTTT,1326,1,None,None
CGTCACTGTCGTGGCT-1,False,CGTCACTGTCGTGGCT-1_contig_1,False,566,TRA,TRAV3-3,None,TRAJ49,TRAC,True,True,CAVSGATGYQNFYF,TGCGCAGTCAGTGGGGCCACGGGTTACCAGAACTTCTATTTT,580,1,None,None
CGTCACTGTCGTGGCT-1,False,CGTCACTGTCGTGGCT-1_contig_2,False,483,TRB,TRBV12-2+TRBV13-2,None,TRBJ1-2,None,True,True,CASGGGTGNSDYTF,TGTGCCAGCGGTGGGGGGACAGGGAACTCCGACTACACCTTC,1010,1,None,None
CGTCACTGTCGTGGCT-1,False,CGTCACTGTCGTGGCT-1_contig_3,True,524,TRB,None,None,TRBJ2-5,None,False,False,None,None,158,1,None,None
CGTCACTGTTCGCGAC-1,False,CGTCACTGTTCGCGAC-1_contig_1,False,558,TRB,TRBV3,None,TRBJ2-2,None,True,True,CASSPQGDTGQLYF,TGTGCCAGCAGCCCTCAGGGGGACACCGGGCAGCTCTACTTT,1154,1,None,None
CGTCACTTCAGAGGTG-1,False,CGTCACTTCAGAGGTG-1_contig_1,False,566,TRB,TRBV12-2+TRBV13-2,None,TRBJ1-2,TRBC1,True,True,CASGGGTGNSDYTF,TGTGCCAGCGGTGGGGGGACAGGGAACTCCGACTACACCTTC,1326,1,None,None
CGTCACTTCCCACTTG-1,False,CGTCACTTCCCACTTG-1_contig_1,False,512,TRB,TRBV13-1,None,TRBJ2-3,None,True,True,CASGDSAETLYF,TGTGCCAGCGGGGACAGTGCAGAAACGCTGTATTTT,1480,1,None,None
CGTCACTTCGCATGAT-1,False,CGTCACTTCGCATGAT-1_contig_1,False,643,TRB,TRBV12-2+TRBV13-2,None,TRBJ1-2,TRBC1,True,True,CASGGGTGNSDYTF,TGTGCCAGCGGTGGGGGGACAGGGAACTCCGACTACACCTTC,1198,1,None,None
CGTCACTTCGGCTTGG-1,False,CGTCACTTCGGCTTGG-1_contig_1,False,549,TRA,TRAV8N-2,None,TRAJ13,TRAC,True,True,CATEDSGTYQRF,TGTGCTACTGAGGATTCTGGGACTTACCAGAGGTTT,2230,1,None,None
CGTCACTTCTTGCATT-1,False,CGTCACTTCTTGCATT-1_contig_1,False,310,TRB,TRBV13-1,None,TRBJ2-3,None,True,False,CASGDSAETLYF,TGTGCCAGCGGGGACAGTGCAGAAACGCTGTATTTT,3196,1,None,None
CGTCAGGAGAGACTAT-1,False,CGTCAGGAGAGACTAT-1_contig_1,False,549,TRB,TRBV16,None,TRBJ2-5,None,True,True,CASSLGGGQDTQYF,TGTGCAAGCAGCTTAGGGGGGGGGCAAGACACCCAGTACTTT,3048,3,None,None
CGTCAGGAGAGACTAT-1,False,CGTCAGGAGAGACTAT-1_contig_2,False,526,TRA,TRAV14N-3,None,TRAJ6,TRAC,True,True,CAARTSGGNYKPTF,TGTGCAGCAAGAACCTCAGGAGGAAACTACAAACCTACGTTT,5286,3,None,None
CGTCAGGAGAGACTAT-1,False,CGTCAGGAGAGACTAT-1_contig_3,False,549,TRA,TRAV8N-2,None,TRAJ13,TRAC,True,True,CATEDSGTYQRF,TGTGCTACTGAGGATTCTGGGACTTACCAGAGGTTT,12866,6,None,None
CGTCAGGAGAGACTAT-1,False,CGTCAGGAGAGACTAT-1_contig_4,False,583,TRA,TRAV8-1,None,TRAJ6,TRAC,True,True,CATDASSGGNYKPTF,TGTGCTACTGATGCTTCCTCAGGAGGAAACTACAAACCTACGTTT,4620,4,None,None
CGTCAGGAGAGACTAT-1,False,CGTCAGGAGAGACTAT-1_contig_5,False,515,TRB,TRBV13-1,None,TRBJ2-1,None,True,True,CASSGGDYAEQFF,TGTGCCAGCAGTGGGGGGGACTATGCTGAGCAGTTCTTC,10912,10,None,None
CGTCAGGAGAGACTAT-1,False,CGTCAGGAGAGACTAT-1_contig_6,False,429,TRA,TRAV4D-3,None,TRAJ27,TRAC,True,False,CAADGPNTGKLTF,TGTGCTGCTGACGGGCCCAATACAGGCAAATTAACCTTT,480,1,None,None
CGTCAGGAGAGACTAT-1,False,CGTCAGGAGAGACTAT-1_contig_7,False,416,TRB,TRBV31,None,TRBJ1-2,TRBC1,True,False,CAWSAG,TGTGCCTGGAGTGCGGGG,4968,3,None,None
CGTCAGGAGAGTCGGT-1,False,CGTCAGGAGAGTCGGT-1_contig_1,False,517,TRA,TRAV19,None,TRAJ39,TRAC,True,True,CAAGGNNAGAKLTF,TGCGCAGCAGGTGGGAATAATGCAGGTGCCAAGCTCACATTC,1382,1,None,None
CGTCAGGAGCCCAACC-1,False,CGTCAGGAGCCCAACC-1_contig_1,False,520,TRB,TRBV12-2+TRBV13-2,None,TRBJ1-2,TRBC1,True,False,CASGGGTGNSDYTF,TGTGCCAGCGGTGGGGGGACAGGGAACTCCGACTACACCTTC,1062,1,None,None
CGTCAGGAGCCCGAAA-1,False,CGTCAGGAGCCCGAAA-1_contig_1,False,566,TRB,TRBV12-2+TRBV13-2,None,TRBJ1-2,TRBC1,True,True,CASGGGTGNSDYTF,TGTGCCAGCGGTGGGGGGACAGGGAACTCCGACTACACCTTC,1430,1,None,None
CGTCAGGAGCTAACAA-1,False,CGTCAGGAGCTAACAA-1_contig_1,False,505,TRB,TRBV13-1,None,TRBJ2-1,None,True,True,CASSDNYAEQFF,TGTGCCAGCAGTGACAACTATGCTGAGCAGTTCTTC,1344,1,None,None
CGTCAGGAGCTAACAA-1,False,CGTCAGGAGCTAACAA-1_contig_2,True,305,TRA,TRAV6D-5,None,None,TRAC,False,False,None,None,6362,2,None,None
CGTCAGGAGCTACCGC-1,False,CGTCAGGAGCTACCGC-1_contig_1,False,552,TRB,TRBV12-2+TRBV13-2,None,TRBJ1-2,None,True,True,CASGGGTGNSDYTF,TGTGCCAGCGGTGGGGGGACAGGGAACTCCGACTACACCTTC,984,1,None,None
CGTCAGGAGTGTCCAT-1,False,CGTCAGGAGTGTCCAT-1_contig_1,False,503,TRB,TRBV13-1,None,TRBJ2-4,None,True,True,CASSEGTNTLYF,TGTGCCAGCAGTGAAGGAACAAACACCTTGTACTTT,668,1,None,None
CGTCAGGCAATAGCAA-1,False,CGTCAGGCAATAGCAA-1_contig_1,False,558,TRA,TRAV19,None,TRAJ39,TRAC,True,True,CAAGGNNAGAKLTF,TGCGCAGCAGGTGGGAATAATGCAGGTGCCAAGCTCACATTC,248,1,None,None
CGTCAGGCACAACGCC-1,False,CGTCAGGCACAACGCC-1_contig_1,False,558,TRA,TRAV8-1,None,TRAJ30,TRAC,True,True,CATDTNAYKVIF,TGTGCTACTGACACAAATGCTTACAAAGTCATCTTT,1508,1,None,None
CGTCAGGCACTTACGA-1,False,CGTCAGGCACTTACGA-1_contig_1,False,505,TRB,TRBV13-1,None,TRBJ2-3,None,True,True,CASGDSAETLYF,TGTGCCAGCGGGGACAGTGCAGAAACGCTGTATTTT,2164,1,None,None
CGTCAGGCAGCGAACA-1,False,CGTCAGGCAGCGAACA-1_contig_1,False,515,TRB,TRBV13-1,None,TRBJ2-1,None,True,True,CASSGGDYAEQFF,TGTGCCAGCAGTGGGGGGGACTATGCTGAGCAGTTCTTC,1750,1,None,None
CGTCAGGCATACTCTT-1,False,CGTCAGGCATACTCTT-1_contig_1,False,558,TRB,TRBV12-2+TRBV13-2,None,TRBJ2-7,None,True,True,CASGVQGEQYF,TGTGCCAGCGGTGTTCAGGGAGAACAGTACTTC,372,1,None,None
CGTCAGGGTAAGGGCT-1,False,CGTCAGGGTAAGGGCT-1_contig_1,False,373,TRB,None,None,TRBJ2-1,None,False,False,None,None,1434,1,None,None
CGTCAGGGTGCCTTGG-1,False,CGTCAGGGTGCCTTGG-1_contig_1,False,571,TRB,TRBV12-2+TRBV13-2,None,TRBJ1-2,TRBC1,True,True,CASGGGTGNSDYTF,TGTGCCAGCGGTGGGGGGACAGGGAACTCCGACTACACCTTC,1706,2,None,None
CGTCAGGGTTAAAGAC-1,False,CGTCAGGGTTAAAGAC-1_contig_1,False,567,TRA,TRAV3D-3,None,TRAJ28,TRAC,True,False,CTSAQSVRGTGSNRLTF,TGTACTTCTGCGCAGTCAGTGAGGGGCACTGGGAGTAACAGGCTCACTTTT,910,1,None,None
CGTCAGGGTTGCTCCT-1,False,CGTCAGGGTTGCTCCT-1_contig_1,False,562,TRA,TRAV8-1,None,TRAJ30,TRAC,True,True,CATDTNAYKVIF,TGTGCTACTGACACAAATGCTTACAAAGTCATCTTT,966,1,None,None
CGTCAGGGTTGGGACA-1,False,CGTCAGGGTTGGGACA-1_contig_1,False,496,TRA,TRAV1,None,TRAJ27,TRAC,True,False,None,None,628,1,None,None
CGTCAGGTCACGGTTA-1,False,CGTCAGGTCACGGTTA-1_contig_1,False,600,TRB,TRBV12-2+TRBV13-2,None,TRBJ1-2,TRBC1,True,True,CASGGGTGNSDYTF,TGTGCCAGCGGTGGGGGGACAGGGAACTCCGACTACACCTTC,3088,2,None,None
CGTCAGGTCGTACGGC-1,False,CGTCAGGTCGTACGGC-1_contig_1,False,560,TRB,TRBV12-2+TRBV13-2,None,TRBJ2-5,None,True,True,CASGVQGDTQYF,TGTGCCAGCGGTGTTCAGGGGGACACCCAGTACTTT,1526,2,None,None
CGTCAGGTCGTGGTCG-1,False,CGTCAGGTCGTGGTCG-1_contig_1,False,560,TRB,TRBV12-2+TRBV13-2,None,TRBJ2-5,None,True,True,CASGVQGDTQYF,TGTGCCAGCGGTGTTCAGGGGGACACCCAGTACTTT,1188,1,None,None
CGTCCATAGAAGGCCT-1,False,CGTCCATAGAAGGCCT-1_contig_1,False,635,TRB,TRBV12-2+TRBV13-2,None,TRBJ1-2,TRBC1,True,True,CASGGGTGNSDYTF,TGTGCCAGCGGTGGGGGGACAGGGAACTCCGACTACACCTTC,618,1,None,None
CGTCCATAGACCCACC-1,False,CGTCCATAGACCCACC-1_contig_1,False,538,TRA,TRAV8-1,None,TRAJ30,TRAC,True,True,CATDTNAYKVIF,TGTGCTACTGACACAAATGCTTACAAAGTCATCTTT,704,1,None,None
CGTCCATAGAGAACAG-1,False,CGTCCATAGAGAACAG-1_contig_1,False,559,TRB,TRBV12-2+TRBV13-2,None,TRBJ1-2,TRBC1,True,True,CASGGGTGNSDYTF,TGTGCCAGCGGTGGGGGGACAGGGAACTCCGACTACACCTTC,1752,1,None,None
CGTCCATAGAGATGAG-1,False,CGTCCATAGAGATGAG-1_contig_1,False,509,TRB,TRBV13-1,None,TRBJ2-4,None,True,True,CASSEGTNTLYF,TGTGCCAGCAGTGAAGGAACAAACACCTTGTACTTT,1698,1,None,None
CGTCCATAGATCCGAG-1,False,CGTCCATAGATCCGAG-1_contig_1,False,515,Multi,TRDV1,None,TRAJ43,TRAC,True,False,CGGLNNAPRF,TGTGGAGGCCTCAACAATGCCCCACGATTT,1852,1,None,None
CGTCCATAGTCAATAG-1,False,CGTCCATAGTCAATAG-1_contig_1,False,523,TRA,TRAV8D-1,None,TRAJ30,TRAC,True,True,CATDTNAYKVIF,TGTGCTACTGACACAAATGCTTACAAAGTCATCTTT,516,1,None,None
CGTCCATAGTCAATAG-1,False,CGTCCATAGTCAATAG-1_contig_2,False,567,TRB,TRBV12-2+TRBV13-2,None,TRBJ2-7,None,True,True,CASGTGGDYEQYF,TGTGCCAGCGGGACTGGGGGGGATTATGAACAGTACTTC,1304,1,None,None
CGTCCATAGTGGAGTC-1,False,CGTCCATAGTGGAGTC-1_contig_1,False,511,TRB,TRBV13-2,None,TRBJ2-7,None,True,True,CASGVQGWEQYF,TGTGCCAGCGGTGTACAGGGGTGGGAACAGTACTTC,1480,1,None,None
CGTCCATCAACTGGCC-1,False,CGTCCATCAACTGGCC-1_contig_1,False,563,TRB,TRBV12-2+TRBV13-2,None,TRBJ1-5,TRBC1,True,True,CASGTGDNQAPLF,TGTGCCAGCGGGACAGGGGACAACCAGGCTCCGCTTTTT,1066,1,None,None
CGTCCATCATAGTAAG-1,False,CGTCCATCATAGTAAG-1_contig_1,False,595,TRA,TRAV7-4,None,TRAJ31,TRAC,True,False,None,None,660,1,None,None
CGTCCATCATTTCACT-1,False,CGTCCATCATTTCACT-1_contig_1,False,505,TRB,TRBV13-1,None,TRBJ2-3,None,True,True,CASGDSAETLYF,TGTGCCAGCGGGGACAGTGCAGAAACGCTGTATTTT,1406,1,None,None
CGTCCATGTCCAGTTA-1,False,CGTCCATGTCCAGTTA-1_contig_1,False,601,TRB,TRBV12-1,None,TRBJ2-1,None,True,True,CASGGGDYAEQFF,TGTGCCAGCGGGGGGGGAGACTATGCTGAGCAGTTCTTC,532,1,None,None
CGTCCATGTCGTGGCT-1,False,CGTCCATGTCGTGGCT-1_contig_1,True,512,TRB,TRBV13-1,None,TRBJ2-1,None,True,True,CASSDNYAEQFF,TGTGCCAGCAGTGACAACTATGCTGAGCAGTTCTTC,3834,3,None,None
CGTCCATGTCGTGGCT-1,False,CGTCCATGTCGTGGCT-1_contig_2,True,308,TRA,TRAV3-3,None,TRAJ32,TRAC,True,False,CAVRPYGSSGNKLIF,TGCGCAGTCAGACCCTATGGGAGCAGTGGCAACAAGCTCATCTTT,2358,2,None,None
CGTCCATGTCTAGGTT-1,False,CGTCCATGTCTAGGTT-1_contig_1,False,628,TRB,TRBV12-2+TRBV13-2,None,TRBJ1-2,TRBC1,True,True,CASGGGTGNSDYTF,TGTGCCAGCGGTGGGGGGACAGGGAACTCCGACTACACCTTC,1568,2,None,None
CGTCCATGTTCTGAAC-1,False,CGTCCATGTTCTGAAC-1_contig_1,False,416,TRA,TRAV8D-1,None,TRAJ30,TRAC,True,False,CALDTNAYKVIF,TGTGCCCTCGACACAAATGCTTACAAAGTCATCTTT,1618,1,None,None
CGTCCATGTTTGTTGG-1,False,CGTCCATGTTTGTTGG-1_contig_1,False,618,TRA,TRAV14N-3,None,TRAJ6,TRAC,True,True,CAARTSGGNYKPTF,TGTGCAGCAAGAACCTCAGGAGGAAACTACAAACCTACGTTT,17278,12,None,None
CGTCCATGTTTGTTGG-1,False,CGTCCATGTTTGTTGG-1_contig_2,False,512,TRB,TRBV13-1,None,TRBJ2-4,None,True,True,CASSEGTNTLYF,TGTGCCAGCAGTGAAGGAACAAACACCTTGTACTTT,17266,14,None,None
CGTCCATGTTTGTTGG-1,False,CGTCCATGTTTGTTGG-1_contig_3,False,549,TRA,TRAV8N-2,None,TRAJ13,TRAC,True,True,CATEDSGTYQRF,TGTGCTACTGAGGATTCTGGGACTTACCAGAGGTTT,18686,13,None,None
CGTCCATGTTTGTTGG-1,False,CGTCCATGTTTGTTGG-1_contig_4,False,565,TRB,TRBV12-2+TRBV13-2,None,TRBJ2-7,None,True,True,CASGTGGDYEQYF,TGTGCCAGCGGGACTGGGGGGGACTATGAACAGTACTTC,21654,25,None,None
CGTCCATTCCGCGGTA-1,False,CGTCCATTCCGCGGTA-1_contig_1,False,558,TRA,TRAV19,None,TRAJ39,TRAC,True,True,CAAGGNNAGAKLTF,TGCGCAGCAGGTGGGAATAATGCAGGTGCCAAGCTCACATTC,568,1,None,None
CGTCCATTCGCGCCAA-1,False,CGTCCATTCGCGCCAA-1_contig_1,False,473,TRA,TRAV7N-6,None,TRAJ30,TRAC,True,False,CAVVDTNAYKVIF,TGTGCAGTGGTTGACACAAATGCTTACAAAGTCATCTTT,2972,1,None,None
CGTCCATTCTTGCCGT-1,False,CGTCCATTCTTGCCGT-1_contig_1,False,589,TRB,TRBV12-2+TRBV13-2,None,TRBJ1-2,TRBC1,True,True,CASGGGTGNSDYTF,TGTGCCAGCGGTGGGGGGACAGGGAACTCCGACTACACCTTC,972,1,None,None
CGTCTACAGATATGGT-1,False,CGTCTACAGATATGGT-1_contig_1,False,558,TRB,TRBV12-2+TRBV13-2,None,TRBJ2-7,None,True,True,CASGVQGEQYF,TGTGCCAGCGGTGTTCAGGGAGAACAGTACTTC,1198,1,None,None
CGTCTACAGCAACGGT-1,False,CGTCTACAGCAACGGT-1_contig_1,False,594,TRB,TRBV12-2+TRBV13-2,None,TRBJ1-2,TRBC1,True,True,CASGGGTGNSDYTF,TGTGCCAGCGGTGGGGGGACAGGGAACTCCGACTACACCTTC,1390,1,None,None
CGTCTACAGCCCGAAA-1,False,CGTCTACAGCCCGAAA-1_contig_1,False,569,TRB,TRBV12-2+TRBV13-2,None,TRBJ1-2,TRBC1,True,True,CASGGGTGNSDYTF,TGTGCCAGCGGTGGGGGGACAGGGAACTCCGACTACACCTTC,462,1,None,None
CGTCTACAGTAAGTAC-1,False,CGTCTACAGTAAGTAC-1_contig_1,False,512,TRB,TRBV13-1,None,TRBJ2-7,None,True,True,CASSGGHLEQYF,TGTGCCAGCAGTGGGGGACACCTTGAACAGTACTTC,812,1,None,None
CGTCTACAGTAAGTAC-1,False,CGTCTACAGTAAGTAC-1_contig_2,False,568,TRB,TRBV12-2+TRBV13-2,None,TRBJ1-2,TRBC1,True,True,CASGGGTGNSDYTF,TGTGCCAGCGGTGGGGGGACAGGGAACTCCGACTACACCTTC,1374,1,None,None
CGTCTACAGTGTACCT-1,False,CGTCTACAGTGTACCT-1_contig_1,False,561,TRB,TRBV12-2+TRBV13-2,None,TRBJ2-7,None,True,True,CASGAGGDYEQYF,TGTGCCAGCGGTGCTGGGGGGGACTATGAACAGTACTTC,1304,2,None,None
CGTCTACCAGTCTTCC-1,False,CGTCTACCAGTCTTCC-1_contig_1,False,564,TRB,TRBV12-2+TRBV13-2,None,TRBJ1-5,TRBC1,True,True,CASGTGDNQAPLF,TGTGCCAGCGGGACCGGGGACAACCAGGCTCCGCTTTTT,1608,1,None,None
CGTCTACCATTCTTAC-1,False,CGTCTACCATTCTTAC-1_contig_1,False,525,TRA,TRAV13D-2,None,TRAJ11,TRAC,True,True,CAIDLDSGYNKLTF,TGTGCTATAGATCTTGACTCGGGATACAACAAACTCACTTTT,2870,2,None,None
CGTCTACGTAATTGGA-1,False,CGTCTACGTAATTGGA-1_contig_1,False,549,TRB,TRBV16,None,TRBJ2-5,None,True,True,CASSLGGGQDTQYF,TGTGCAAGCAGCTTAGGGGGGGGCCAAGACACCCAGTACTTT,1648,1,None,None
CGTCTACGTAATTGGA-1,False,CGTCTACGTAATTGGA-1_contig_2,False,334,TRB,None,None,TRBJ2-1,None,False,False,None,None,2562,1,None,None
CGTCTACGTCACTTCC-1,False,CGTCTACGTCACTTCC-1_contig_1,False,304,TRB,None,None,TRBJ2-7,None,False,False,None,None,2734,1,None,None
CGTCTACGTCTCGTTC-1,False,CGTCTACGTCTCGTTC-1_contig_1,False,568,TRB,TRBV12-2+TRBV13-2,None,TRBJ1-2,TRBC1,True,True,CASGGGTGNSDYTF,TGTGCCAGCGGTGGGGGGACAGGGAACTCCGACTACACCTTC,986,1,None,None
CGTCTACGTTCGAATC-1,False,CGTCTACGTTCGAATC-1_contig_1,False,356,TRB,None,None,TRBJ2-1,None,False,False,None,None,2210,1,None,None
CGTCTACGTTTACTCT-1,False,CGTCTACGTTTACTCT-1_contig_1,False,563,TRB,TRBV12-2+TRBV13-2,None,TRBJ1-5,TRBC1,True,True,CASGTGDNQAPLF,TGTGCCAGCGGTACAGGGGACAACCAGGCTCCGCTTTTT,1300,1,None,None
CGTCTACTCAAAGACA-1,False,CGTCTACTCAAAGACA-1_contig_1,False,525,TRB,TRBV17,None,TRBJ2-5,None,True,True,CASSRKGVQDTQYF,TGTGCTAGCAGTAGAAAGGGGGTCCAAGACACCCAGTACTTT,1664,1,None,None
CGTCTACTCAAGGTAA-1,False,CGTCTACTCAAGGTAA-1_contig_1,False,501,TRB,TRBV13-1,None,TRBJ2-4,None,True,True,CASSEGTNTLYF,TGTGCCAGCAGTGAAGGAACAAACACCTTGTACTTT,1806,1,None,None
CGTCTACTCGTCACGG-1,False,CGTCTACTCGTCACGG-1_contig_1,False,562,TRB,TRBV12-2+TRBV13-2,None,TRBJ2-7,None,True,True,CASGAPYEQYF,TGTGCCAGCGGTGCCCCCTATGAACAGTACTTC,1814,1,None,None
CGTGAGCAGCGATCCC-1,False,CGTGAGCAGCGATCCC-1_contig_1,False,517,TRB,TRBV14,None,TRBJ2-7,None,True,True,CASSAGQNYEQYF,TGTGCCAGCAGTGCGGGACAAAACTATGAACAGTACTTC,746,1,None,None
CGTGAGCAGGATCGCA-1,False,CGTGAGCAGGATCGCA-1_contig_1,False,566,TRB,TRBV12-2+TRBV13-2,None,TRBJ1-2,TRBC1,True,True,CASGGGTGNSDYTF,TGTGCCAGCGGTGGGGGGACAGGGAACTCCGACTACACCTTC,1020,1,None,None
CGTGAGCAGGCAATTA-1,False,CGTGAGCAGGCAATTA-1_contig_1,False,347,TRB,None,None,TRBJ1-4,TRBC1,False,False,None,None,718,1,None,None
CGTGAGCAGGCATGGT-1,False,CGTGAGCAGGCATGGT-1_contig_1,False,552,TRA,TRAV8N-2,None,TRAJ43,TRAC,True,False,CATDANNNNAPRF,TGTGCTACTGATGCCAATAACAACAATGCCCCACGATTT,1570,1,None,None
CGTGAGCAGTGGCACA-1,False,CGTGAGCAGTGGCACA-1_contig_1,False,555,TRB,TRBV12-2+TRBV13-2,None,TRBJ2-7,None,True,True,CASGVQGEQYF,TGTGCCAGCGGTGTTCAGGGAGAACAGTACTTC,190,1,None,None
CGTGAGCAGTGGCACA-1,False,CGTGAGCAGTGGCACA-1_contig_2,False,555,TRA,TRAV4-3,None,TRAJ27,TRAC,True,True,CAAANTNTGKLTF,TGTGCTGCTGCTAACACCAATACAGGCAAATTAACCTTT,1526,1,None,None
CGTGAGCAGTGGCACA-1,False,CGTGAGCAGTGGCACA-1_contig_3,False,568,TRA,TRAV12-1,None,TRAJ48,TRAC,True,True,CALSDAGDYGNEKITF,TGTGCTCTGAGTGATGCAGGAGACTATGGAAATGAGAAAATAACTTTT,1750,1,None,None
CGTGAGCAGTGTGAAT-1,False,CGTGAGCAGTGTGAAT-1_contig_1,False,640,TRB,TRBV12-2+TRBV13-2,None,TRBJ1-5,TRBC1,True,True,CASGTGDNQAPLF,TGTGCCAGCGGTACAGGGGACAACCAGGCTCCGCTTTTT,936,1,None,None
CGTGAGCAGTGTGAAT-1,False,CGTGAGCAGTGTGAAT-1_contig_2,False,465,TRA,TRAV16D-DV11,None,TRAJ44,TRAC,True,False,CAMRELTGSGGKLTL,TGTGCTATGAGAGAGCTTACTGGCAGTGGTGGAAAACTCACTTTG,1892,1,None,None
CGTGAGCAGTTACGGG-1,False,CGTGAGCAGTTACGGG-1_contig_1,False,431,TRB,None,None,TRBJ2-1,None,False,False,None,None,1888,1,None,None
CGTGAGCCAATCTGCA-1,False,CGTGAGCCAATCTGCA-1_contig_1,False,509,TRB,TRBV14,None,TRBJ2-1,None,True,True,CASSFRGYEAEQFF,TGTGCCAGCAGCTTCAGGGGGTATGAGGCTGAGCAGTTCTTC,2912,2,None,None
CGTGAGCCACGGATAG-1,False,CGTGAGCCACGGATAG-1_contig_1,False,505,TRB,TRBV13-1,None,TRBJ2-3,None,True,True,CASGDSAETLYF,TGTGCCAGCGGGGACAGTGCAGAAACGCTGTATTTT,7946,6,None,None
CGTGAGCCACGGATAG-1,False,CGTGAGCCACGGATAG-1_contig_2,True,575,TRA,TRAV3D-3,None,TRAJ28,TRAC,True,False,CTSAQSVRGTGSNRLTF,TGTACTTCTGCGCAGTCAGTGAGGGGCACTGGGAGTAACAGGCTCACTTTT,2428,2,None,None
CGTGAGCCAGGTCTCG-1,False,CGTGAGCCAGGTCTCG-1_contig_1,False,569,TRB,TRBV12-2+TRBV13-2,None,TRBJ1-2,TRBC1,True,True,CASGGGTGNSDYTF,TGTGCCAGCGGTGGGGGGACAGGGAACTCCGACTACACCTTC,1018,1,None,None
CGTGAGCCAGTGAGTG-1,False,CGTGAGCCAGTGAGTG-1_contig_1,False,519,TRA,TRAV6-6,None,TRAJ24,TRAC,True,True,CAPLTTASLGKLQF,TGTGCTCCGTTGACAACTGCCAGTTTGGGGAAACTGCAGTTT,3600,2,None,None
CGTGAGCCAGTGAGTG-1,False,CGTGAGCCAGTGAGTG-1_contig_2,False,549,TRA,TRAV14-1,None,TRAJ45,TRAC,True,True,CAASLYTEGADRLTF,TGTGCAGCAAGTCTTTATACAGAAGGTGCAGATAGACTCACCTTT,5748,3,None,None
CGTGAGCCAGTGAGTG-1,False,CGTGAGCCAGTGAGTG-1_contig_3,False,505,TRB,TRBV13-1,None,TRBJ2-4,None,True,True,CASSEGTNTLYF,TGTGCCAGCAGTGAAGGAACAAACACCTTGTACTTT,18174,13,None,None
CGTGAGCCAGTGAGTG-1,False,CGTGAGCCAGTGAGTG-1_contig_4,True,432,TRA,TRAV9D-2,None,TRAJ26,TRAC,True,False,CVLSRGNNYAQGLTF,TGTGTTCTGAGCAGGGGCAATAACTATGCCCAGGGATTAACCTTC,1486,1,None,None
CGTGAGCCAGTGAGTG-1,False,CGTGAGCCAGTGAGTG-1_contig_5,True,431,TRB,None,None,TRBJ2-1,None,False,False,None,None,4866,4,None,None
CGTGAGCCATAGTAAG-1,False,CGTGAGCCATAGTAAG-1_contig_1,False,568,TRB,TRBV12-2+TRBV13-2,None,TRBJ1-2,TRBC1,True,True,CASGGGTGNSDYTF,TGTGCCAGCGGTGGGGGGACAGGGAACTCCGACTACACCTTC,1474,1,None,None
CGTGAGCGTAGATTAG-1,False,CGTGAGCGTAGATTAG-1_contig_1,False,560,TRB,TRBV12-2+TRBV13-2,None,TRBJ2-7,None,True,True,CASGTGDEQYF,TGTGCCAGCGGGACAGGGGATGAACAGTACTTC,1590,1,None,None
CGTGAGCGTATCACCA-1,False,CGTGAGCGTATCACCA-1_contig_1,False,566,TRB,TRBV12-2+TRBV13-2,None,TRBJ1-2,TRBC1,True,True,CASGGGTGNSDYTF,TGTGCCAGCGGTGGGGGGACAGGGAACTCCGACTACACCTTC,2660,1,None,None
CGTGAGCGTATCGCAT-1,False,CGTGAGCGTATCGCAT-1_contig_1,False,369,TRB,None,None,TRBJ2-1,None,False,False,None,None,2472,1,None,None
CGTGAGCGTTAAGACA-1,False,CGTGAGCGTTAAGACA-1_contig_1,False,512,TRB,TRBV13-1,None,TRBJ2-3,None,True,True,CASGDSAETLYF,TGTGCCAGCGGGGACAGTGCAGAAACGCTGTATTTT,522,1,None,None
CGTGAGCTCGACCAGC-1,False,CGTGAGCTCGACCAGC-1_contig_1,False,549,TRB,TRBV16,None,TRBJ2-5,None,True,True,CASSFGGGQDTQYF,TGTGCAAGCAGCTTTGGGGGGGGCCAAGACACCCAGTACTTT,1788,1,None,None
CGTGAGCTCGACCAGC-1,False,CGTGAGCTCGACCAGC-1_contig_2,False,563,TRB,TRBV12-2+TRBV13-2,None,TRBJ1-5,TRBC1,True,True,CASGTGDNQAPLF,TGTGCCAGCGGTACAGGGGACAACCAGGCTCCGCTTTTT,1440,1,None,None
CGTGAGCTCTACGAGT-1,False,CGTGAGCTCTACGAGT-1_contig_1,False,539,TRA,TRAV8-1,None,TRAJ30,TRAC,True,True,CATDTNAYKVIF,TGTGCTACTGACACAAATGCTTACAAAGTCATCTTT,1156,1,None,None
CGTGAGCTCTTAACCT-1,False,CGTGAGCTCTTAACCT-1_contig_1,False,522,TRB,TRBV31,None,TRBJ2-3,None,True,True,CAWSLLLGGSAETLYF,TGTGCCTGGAGTCTACTCCTGGGGGGAAGTGCAGAAACGCTGTATTTT,1234,1,None,None
CGTGAGCTCTTAACCT-1,False,CGTGAGCTCTTAACCT-1_contig_2,False,510,TRA,TRAV13N-3,None,TRAJ49,TRAC,True,True,CAMGGYQNFYF,TGTGCTATGGGGGGTTACCAGAACTTCTATTTT,1788,1,None,None
CGTGAGCTCTTAGCCC-1,False,CGTGAGCTCTTAGCCC-1_contig_1,False,561,TRB,TRBV12-2+TRBV13-2,None,TRBJ2-7,None,True,True,CASGVQGWEQYF,TGTGCCAGCGGTGTACAGGGGTGGGAACAGTACTTC,1066,1,None,None
CGTGTAAAGCAGGTCA-1,False,CGTGTAAAGCAGGTCA-1_contig_1,False,546,TRA,TRAV16D-DV11,None,TRAJ26,TRAC,True,True,CAMREENNYAQGLTF,TGTGCTATGAGAGAGGAAAATAACTATGCCCAGGGATTAACCTTC,3144,3,None,None
CGTGTAAAGCAGGTCA-1,False,CGTGTAAAGCAGGTCA-1_contig_2,False,558,TRA,TRAV19,None,TRAJ39,TRAC,True,True,CAAGGNNAGAKLTF,TGCGCAGCAGGTGGGAATAATGCAGGTGCCAAGCTCACATTC,4740,6,None,None
CGTGTAAAGCAGGTCA-1,False,CGTGTAAAGCAGGTCA-1_contig_3,False,505,TRB,TRBV13-1,None,TRBJ2-3,None,True,True,CASGDSAETLYF,TGTGCCAGCGGGGACAGTGCAGAAACGCTGTATTTT,5914,9,None,None
CGTGTAAAGCAGGTCA-1,False,CGTGTAAAGCAGGTCA-1_contig_4,False,598,TRB,TRBV12-2+TRBV13-2,None,TRBJ1-2,TRBC1,True,True,CASGGGTGNSDYTF,TGTGCCAGCGGTGGGGGGACAGGGAACTCCGACTACACCTTC,5010,8,None,None
CGTGTAAAGCAGGTCA-1,False,CGTGTAAAGCAGGTCA-1_contig_5,True,609,TRB,None,None,TRBJ2-5,None,False,False,None,None,892,1,None,None
CGTGTAAAGCAGGTCA-1,False,CGTGTAAAGCAGGTCA-1_contig_6,True,575,TRA,TRAV3D-3,None,TRAJ28,TRAC,True,False,CTSAQSVRGTGSNRLTF,TGTACTTCTGCGCAGTCAGTGAGGGGCACTGGGAGTAACAGGCTCACTTTT,1402,2,None,None
CGTGTAAAGCATCATC-1,False,CGTGTAAAGCATCATC-1_contig_1,False,560,TRB,TRBV12-2+TRBV13-2,None,TRBJ1-2,TRBC1,True,True,CASGGGTGNSDYTF,TGTGCCAGCGGTGGGGGGACAGGGAACTCCGACTACACCTTC,972,1,None,None
CGTGTAAAGGTGGGTT-1,False,CGTGTAAAGGTGGGTT-1_contig_1,False,362,TRB,None,None,TRBJ1-2,TRBC1,False,False,None,None,1450,1,None,None
CGTGTAAAGTGTCCCG-1,False,CGTGTAAAGTGTCCCG-1_contig_1,False,527,TRB,TRBV13-2,None,TRBJ2-7,None,True,True,CASGTGGDYEQYF,TGTGCCAGCGGGACTGGGGGGGACTATGAACAGTACTTC,848,1,None,None
CGTGTAAAGTGTGAAT-1,False,CGTGTAAAGTGTGAAT-1_contig_1,False,544,TRA,TRAV8D-1,None,TRAJ26,TRAC,True,True,CATDDNYAQGLTF,TGTGCTACTGACGATAACTATGCCCAGGGATTAACCTTC,1448,1,None,None
CGTGTAACAAGTTAAG-1,False,CGTGTAACAAGTTAAG-1_contig_1,False,512,TRB,TRBV13-1,None,TRBJ2-3,None,True,True,CASGDSAETLYF,TGTGCCAGCGGGGACAGTGCAGAAACGCTGTATTTT,790,1,None,None
CGTGTAACAATCGAAA-1,False,CGTGTAACAATCGAAA-1_contig_1,False,549,TRA,TRAV8N-2,None,TRAJ13,TRAC,True,True,CATEDSGTYQRF,TGTGCTACTGAGGATTCTGGGACTTACCAGAGGTTT,720,1,None,None
CGTGTAACAGTGACAG-1,False,CGTGTAACAGTGACAG-1_contig_1,False,359,TRB,None,None,TRBJ1-4,TRBC1,False,False,None,None,1540,1,None,None
CGTGTAACATCTACGA-1,False,CGTGTAACATCTACGA-1_contig_1,False,574,TRB,TRBV13-1,None,TRBJ1-4,TRBC1,True,True,CASGTGANERLFF,TGTGCCAGCGGGACAGGGGCCAACGAAAGATTATTTTTC,666,1,None,None
CGTGTAAGTAGCCTAT-1,False,CGTGTAAGTAGCCTAT-1_contig_1,False,447,TRB,None,None,TRBJ2-7,None,False,False,None,None,1818,1,None,None
CGTGTAAGTCCGTCAG-1,False,CGTGTAAGTCCGTCAG-1_contig_1,False,537,TRA,TRAV6D-3,None,TRAJ30,TRAC,True,True,CAMSDDTNAYKVIF,TGTGCTATGAGTGATGACACAAATGCTTACAAAGTCATCTTT,1310,1,None,None
CGTGTAAGTCCGTCAG-1,False,CGTGTAAGTCCGTCAG-1_contig_2,False,538,TRA,TRAV3-3,None,TRAJ49,TRAC,True,True,CAVSGATGYQNFYF,TGCGCAGTCAGTGGGGCCACGGGTTACCAGAACTTCTATTTT,1410,1,None,None
CGTGTAAGTCCGTTAA-1,False,CGTGTAAGTCCGTTAA-1_contig_1,False,512,TRB,TRBV13-1,None,TRBJ2-4,None,True,True,CASSEGTNTLYF,TGTGCCAGCAGTGAAGGAACAAACACCTTGTACTTT,476,2,None,None
CGTGTAAGTCCGTTAA-1,False,CGTGTAAGTCCGTTAA-1_contig_2,True,335,TRA,TRAV9D-2,None,TRAJ26,TRAC,True,False,CVLSRGNNYAQGLTF,TGTGTTCTGAGCAGGGGCAATAACTATGCCCAGGGATTAACCTTC,1614,1,None,None
CGTGTAAGTGGGTATG-1,False,CGTGTAAGTGGGTATG-1_contig_1,False,549,TRB,TRBV16,None,TRBJ2-5,None,True,True,CASSWGGGQDTQYF,TGTGCAAGCAGCTGGGGGGGCGGGCAAGACACCCAGTACTTT,1586,1,None,None
CGTGTAAGTGTGGCTC-1,False,CGTGTAAGTGTGGCTC-1_contig_1,False,340,TRB,None,None,TRBJ1-6,TRBC1,False,False,None,None,1686,1,None,None
CGTGTAATCCCGGATG-1,False,CGTGTAATCCCGGATG-1_contig_1,False,509,TRB,TRBV13-1,None,TRBJ2-7,None,True,True,CASSGPLEQYF,TGTGCCAGCAGTGGGCCCCTGGAACAGTACTTC,976,1,None,None
CGTGTAATCGTGGTCG-1,False,CGTGTAATCGTGGTCG-1_contig_1,False,569,TRB,TRBV12-2+TRBV13-2,None,TRBJ1-2,TRBC1,True,True,CASGGGTGNSDYTF,TGTGCCAGCGGTGGGGGGACAGGGAACTCCGACTACACCTTC,1088,1,None,None
CGTGTAATCTACTCAT-1,False,CGTGTAATCTACTCAT-1_contig_1,False,564,TRB,TRBV12-2+TRBV13-2,None,TRBJ1-2,TRBC1,True,True,CASGGGTGNSDYTF,TGTGCCAGCGGTGGGGGGACAGGGAACTCCGACTACACCTTC,416,1,None,None
CGTGTAATCTATGTGG-1,False,CGTGTAATCTATGTGG-1_contig_1,False,326,TRA,TRAV3-3,None,TRAJ31,TRAC,True,False,CAVSAGNNRIFF,TGCGCAGTCAGTGCAGGCAATAACAGAATCTTCTTT,1280,1,None,None
CGTGTAATCTGGCGTG-1,False,CGTGTAATCTGGCGTG-1_contig_1,False,509,TRB,TRBV13-1,None,TRBJ2-1,None,True,True,CASSHYAEQFF,TGTGCCAGCAGTCACTATGCTGAGCAGTTCTTC,2234,3,None,None
CGTGTAATCTTCCTTC-1,False,CGTGTAATCTTCCTTC-1_contig_1,False,558,TRA,TRAV19,None,TRAJ39,TRAC,True,True,CAAGGNNAGAKLTF,TGCGCAGCAGGTGGGAATAATGCAGGTGCCAAGCTCACATTC,1674,1,None,None
CGTGTCTAGAAGGCCT-1,False,CGTGTCTAGAAGGCCT-1_contig_1,False,564,TRA,TRAV16D-DV11,None,TRAJ44,TRAC,True,True,CAMRELTGSGGKLTL,TGTGCTATGAGAGAGCTTACTGGCAGTGGTGGAAAACTCACTTTG,1874,1,None,None
CGTGTCTAGAAGGCCT-1,False,CGTGTCTAGAAGGCCT-1_contig_2,False,509,TRB,TRBV13-1,None,TRBJ2-7,None,True,True,CASSGPLEQYF,TGTGCCAGCAGTGGGCCCCTGGAACAGTACTTC,1386,1,None,None
CGTGTCTAGATATGGT-1,False,CGTGTCTAGATATGGT-1_contig_1,False,515,TRB,TRBV13-1,None,TRBJ2-1,None,True,True,CASGGGDYAEQFF,TGTGCCAGCGGGGGGGGAGACTATGCTGAGCAGTTCTTC,732,1,None,None
CGTGTCTAGCTATGCT-1,False,CGTGTCTAGCTATGCT-1_contig_1,False,564,TRB,TRBV12-2+TRBV13-2,None,TRBJ1-5,TRBC1,True,True,CASGTGDNQAPLF,TGTGCCAGCGGTACAGGAGACAACCAGGCTCCGCTTTTT,362,1,None,None
CGTGTCTAGCTGTCTA-1,False,CGTGTCTAGCTGTCTA-1_contig_1,False,522,TRA,TRAV8-1,None,TRAJ30,TRAC,True,True,CATDTNAYKVIF,TGTGCTACTGACACAAATGCTTACAAAGTCATCTTT,1406,1,None,None
CGTGTCTAGGACACCA-1,False,CGTGTCTAGGACACCA-1_contig_1,False,569,TRB,TRBV12-2+TRBV13-2,None,TRBJ1-2,TRBC1,True,True,CASGGGTGNSDYTF,TGTGCCAGCGGTGGGGGGACAGGGAACTCCGACTACACCTTC,1462,1,None,None
CGTGTCTAGTGTTTGC-1,False,CGTGTCTAGTGTTTGC-1_contig_1,False,308,TRA,TRAV9D-2,None,None,TRAC,False,False,None,None,1580,1,None,None
CGTGTCTCAATCGGTT-1,False,CGTGTCTCAATCGGTT-1_contig_1,False,512,TRB,None,None,TRBJ1-6,TRBC1,False,False,None,None,1004,1,None,None
CGTGTCTCACACCGAC-1,False,CGTGTCTCACACCGAC-1_contig_1,False,446,TRB,TRBV13-2,None,TRBJ1-2,TRBC1,True,False,CASGGGTGNSDYTF,TGTGCCAGCGGTGGGGGGACAGGGAACTCCGACTACACCTTC,2410,2,None,None
CGTGTCTCACAGGAGT-1,False,CGTGTCTCACAGGAGT-1_contig_1,False,507,TRB,TRBV31,None,TRBJ2-4,None,True,True,CAWDNQNTLYF,TGTGCCTGGGACAATCAAAACACCTTGTACTTT,1678,1,None,None
CGTGTCTCAGACACTT-1,False,CGTGTCTCAGACACTT-1_contig_1,False,567,TRA,TRAV4D-3,None,TRAJ27,TRAC,True,True,CAADGPNTGKLTF,TGTGCTGCTGACGGGCCCAATACAGGCAAATTAACCTTT,1322,1,None,None
CGTGTCTCAGCCTTTC-1,False,CGTGTCTCAGCCTTTC-1_contig_1,False,512,TRB,TRBV13-1,None,TRBJ2-4,None,True,True,CASSEGTNTLYF,TGTGCCAGCAGTGAAGGAACAAACACCTTGTACTTT,1116,1,None,None
CGTGTCTCAGCTATTG-1,False,CGTGTCTCAGCTATTG-1_contig_1,False,351,TRB,None,None,TRBJ1-2,TRBC1,False,False,None,None,1276,1,None,None
CGTGTCTCATCATCCC-1,False,CGTGTCTCATCATCCC-1_contig_1,False,535,TRA,TRAV19,None,TRAJ39,TRAC,True,True,CAAGGNNAGAKLTF,TGCGCAGCAGGTGGGAATAATGCAGGTGCCAAGCTCACATTC,1938,1,None,None
CGTGTCTCATCCTTGC-1,False,CGTGTCTCATCCTTGC-1_contig_1,False,549,TRB,TRBV16,None,TRBJ2-7,None,True,True,CASSFGGGADEQYF,TGTGCAAGCAGCTTTGGTGGGGGGGCGGATGAACAGTACTTC,718,1,None,None
CGTGTCTCATCCTTGC-1,False,CGTGTCTCATCCTTGC-1_contig_2,False,653,TRA,TRAV14-2,None,TRAJ49,TRAC,True,True,CAAQGYQNFYF,TGTGCAGCACAGGGTTACCAGAACTTCTATTTT,1822,1,None,None
CGTGTCTCATGGATGG-1,False,CGTGTCTCATGGATGG-1_contig_1,False,548,TRB,TRBV12-2+TRBV13-2,None,TRBJ2-1,None,True,True,CASGDPFQFF,TGTGCCAGCGGTGATCCTTTCCAGTTCTTC,1220,1,None,None
CGTGTCTGTACACCGC-1,False,CGTGTCTGTACACCGC-1_contig_1,False,502,TRB,TRBV13-1,None,TRBJ2-5,None,True,True,CASGTWDTQYF,TGTGCCAGCGGGACATGGGACACCCAGTACTTT,790,1,None,None
CGTGTCTGTAGCACGA-1,False,CGTGTCTGTAGCACGA-1_contig_1,False,592,TRB,TRBV12-2+TRBV13-2,None,TRBJ2-3,None,True,True,CASGDAPPGEGTLYF,TGTGCCAGCGGTGATGCACCTCCAGGGGAGGGAACGCTGTATTTT,1120,1,None,None
CGTGTCTGTAGCACGA-1,False,CGTGTCTGTAGCACGA-1_contig_2,False,547,TRA,TRAV3-3,None,TRAJ49,TRAC,True,True,CAVSGSTGYQNFYF,TGCGCAGTCAGTGGGAGCACGGGTTACCAGAACTTCTATTTT,2042,2,None,None
CGTGTCTGTATATGGA-1,False,CGTGTCTGTATATGGA-1_contig_1,False,352,TRB,None,None,TRBJ2-1,None,False,False,None,None,764,1,None,None
CGTGTCTGTTCGCGAC-1,False,CGTGTCTGTTCGCGAC-1_contig_1,False,569,TRB,TRBV12-2+TRBV13-2,None,TRBJ1-2,TRBC1,True,True,CASGGGTGNSDYTF,TGTGCCAGCGGTGGGGGGACAGGGAACTCCGACTACACCTTC,1366,1,None,None
CGTGTCTTCAACGGGA-1,False,CGTGTCTTCAACGGGA-1_contig_1,False,335,TRB,None,None,TRBJ2-1,None,False,False,None,None,3354,1,None,None
CGTGTCTTCCCTCTTT-1,False,CGTGTCTTCCCTCTTT-1_contig_1,False,507,TRA,TRAV21-DV12,None,TRAJ42,TRAC,True,True,CILRVHGGSNAKLTF,TGTATCCTGAGAGTCCATGGAGGAAGCAATGCAAAGCTAACCTTC,2016,1,None,None
CGTTAGAAGAATAGGG-1,False,CGTTAGAAGAATAGGG-1_contig_1,True,555,TRA,TRAV3-3,None,TRAJ49,TRAC,True,True,CAVSGSTGYQNFYF,TGCGCAGTCAGTGGGAGCACGGGTTACCAGAACTTCTATTTT,1492,1,None,None
CGTTAGAAGACTTGAA-1,False,CGTTAGAAGACTTGAA-1_contig_1,False,560,TRA,TRAV14N-3,None,TRAJ6,TRAC,True,True,CAARTSGGNYKPTF,TGTGCAGCAAGAACCTCAGGAGGAAACTACAAACCTACGTTT,2768,1,None,None
CGTTAGAAGCTCTCGG-1,False,CGTTAGAAGCTCTCGG-1_contig_1,False,566,TRA,TRAV3-3,None,TRAJ49,TRAC,True,True,CAVSGATGYQNFYF,TGCGCAGTCAGTGGGGCCACGGGTTACCAGAACTTCTATTTT,1754,1,None,None
CGTTAGAAGCTCTCGG-1,False,CGTTAGAAGCTCTCGG-1_contig_2,False,507,TRA,TRAV21-DV12,None,TRAJ42,TRAC,True,True,CILRVHGGSNAKLTF,TGTATCCTGAGAGTCCATGGAGGAAGCAATGCAAAGCTAACCTTC,962,1,None,None
CGTTAGAAGCTCTCGG-1,False,CGTTAGAAGCTCTCGG-1_contig_3,False,559,TRB,TRBV12-2+TRBV13-2,None,TRBJ2-7,None,True,True,CASGVQGEQYF,TGTGCCAGCGGTGTTCAGGGAGAACAGTACTTC,1448,2,None,None
CGTTAGAAGGACGAAA-1,False,CGTTAGAAGGACGAAA-1_contig_1,False,397,TRB,None,None,TRBJ1-4,TRBC1,False,False,None,None,2086,1,None,None
CGTTAGAAGGGTATCG-1,False,CGTTAGAAGGGTATCG-1_contig_1,False,571,TRA,TRAV14N-3,None,TRAJ6,TRAC,True,True,CAARTSGGNYKPTF,TGTGCAGCAAGAACCTCAGGAGGAAACTACAAACCTACGTTT,1974,1,None,None
CGTTAGAAGGGTATCG-1,False,CGTTAGAAGGGTATCG-1_contig_2,False,549,TRA,TRAV8N-2,None,TRAJ13,TRAC,True,True,CATEDSGTYQRF,TGTGCTACTGAGGATTCTGGGACTTACCAGAGGTTT,1194,1,None,None
CGTTAGAAGGGTATCG-1,False,CGTTAGAAGGGTATCG-1_contig_3,False,565,TRB,TRBV12-2+TRBV13-2,None,TRBJ2-7,None,True,True,CASGTGGDYEQYF,TGTGCCAGCGGGACTGGGGGGGACTATGAACAGTACTTC,2920,3,None,None
CGTTAGAAGTGGTCCC-1,False,CGTTAGAAGTGGTCCC-1_contig_1,True,518,TRB,TRBV31,None,TRBJ2-4,None,True,True,CAWDNQNTLYF,TGTGCCTGGGACAATCAAAACACCTTGTACTTT,3096,2,None,None
CGTTAGAAGTGGTCCC-1,False,CGTTAGAAGTGGTCCC-1_contig_2,False,549,TRA,TRAV8N-2,None,TRAJ13,TRAC,True,True,CATEDSGTYQRF,TGTGCTACTGAGGATTCTGGGACTTACCAGAGGTTT,1736,1,None,None
CGTTAGACACCTGGTG-1,False,CGTTAGACACCTGGTG-1_contig_1,False,541,TRA,TRAV8D-1,None,TRAJ30,TRAC,True,True,CATDTNAYKVIF,TGTGCTACTGACACAAATGCTTACAAAGTCATCTTT,1618,2,None,None
CGTTAGACACCTGGTG-1,False,CGTTAGACACCTGGTG-1_contig_2,False,596,TRB,TRBV12-2+TRBV13-2,None,TRBJ1-5,TRBC1,True,True,CASGTGDNQAPLF,TGTGCCAGCGGGACAGGGGACAACCAGGCTCCGCTTTTT,1226,1,None,None
CGTTAGACAGACAAGC-1,False,CGTTAGACAGACAAGC-1_contig_1,False,549,TRB,TRBV16,None,TRBJ2-5,None,True,True,CASSLGGGQDTQYF,TGTGCAAGCAGCTTAGGGGGGGGCCAAGACACCCAGTACTTT,1862,1,None,None
CGTTAGACAGTGAGTG-1,False,CGTTAGACAGTGAGTG-1_contig_1,False,542,TRB,TRBV26,None,TRBJ2-5,None,True,True,CASSRGTDTQYF,TGTGCCAGCAGCCGCGGGACCGACACCCAGTACTTT,2598,2,None,None
CGTTAGACAGTGAGTG-1,False,CGTTAGACAGTGAGTG-1_contig_2,True,652,TRA,None,None,TRAJ24,TRAC,False,False,None,None,1354,1,None,None
CGTTAGACATCGATTG-1,False,CGTTAGACATCGATTG-1_contig_1,False,574,TRA,TRAV6D-5,None,TRAJ38,TRAC,True,False,CTTVFWDNVGDNSKLIW,TGTACTACTGTGTTCTGGGATAATGTTGGTGACAACAGTAAGCTGATTTGG,2798,1,None,None
CGTTAGACATTCTCAT-1,False,CGTTAGACATTCTCAT-1_contig_1,False,593,TRA,TRAV4-3,None,TRAJ27,TRAC,True,False,CAAANTNTGKLTF,TGTGCTGCTGCTAACACCAATACAGGCAAATTAACCTTT,2294,1,None,None
CGTTAGAGTAGGCATG-1,False,CGTTAGAGTAGGCATG-1_contig_1,False,551,TRB,TRBV12-2+TRBV13-2,None,TRBJ2-7,None,True,True,CASGTGDEQYF,TGTGCCAGCGGGACAGGGGATGAACAGTACTTC,1552,1,None,None
CGTTAGAGTCATATCG-1,False,CGTTAGAGTCATATCG-1_contig_1,False,482,TRA,TRAV13-2,None,TRAJ43,TRAC,True,True,CATLNNNNAPRF,TGTGCTACTCTCAATAACAACAATGCCCCACGATTT,1216,1,None,None
CGTTAGAGTCGATTGT-1,False,CGTTAGAGTCGATTGT-1_contig_1,False,506,TRB,TRBV12-2+TRBV13-2,None,TRBJ2-1,None,True,False,CASGDPFQFF,TGTGCCAGCGGTGATCCTTTCCAGTTCTTC,1076,1,None,None
CGTTAGAGTCTAGCGC-1,False,CGTTAGAGTCTAGCGC-1_contig_1,False,563,TRB,TRBV12-2+TRBV13-2,None,TRBJ1-5,TRBC1,True,True,CASGTGDNQAPLF,TGTGCCAGCGGTACAGGGGACAACCAGGCTCCGCTTTTT,1024,1,None,None
CGTTAGATCACTTACT-1,False,CGTTAGATCACTTACT-1_contig_1,False,515,TRB,TRBV13-1,None,TRBJ1-4,TRBC1,True,True,CASGTGANERLFF,TGTGCCAGCGGGACAGGGGCCAACGAAAGATTATTTTTC,1486,1,None,None
CGTTAGATCCCGGATG-1,False,CGTTAGATCCCGGATG-1_contig_1,False,534,TRA,TRAV16D-DV11,None,TRAJ9,TRAC,True,True,CAMRESNMGYKLTF,TGTGCTATGAGAGAGAGCAACATGGGCTACAAACTTACCTTC,466,1,None,None
CGTTAGATCTCGAGTA-1,False,CGTTAGATCTCGAGTA-1_contig_1,False,549,TRA,TRAV16N,None,TRAJ45,TRAC,True,True,CAMRELTEGADRLTF,TGTGCTATGAGAGAGCTGACAGAAGGTGCAGATAGACTCACCTTT,3418,2,None,None
CGTTAGATCTGATACG-1,False,CGTTAGATCTGATACG-1_contig_1,False,549,TRB,TRBV16,None,TRBJ2-5,None,True,True,CASSLGGYQDTQYF,TGTGCAAGCAGCTTAGGGGGCTACCAAGACACCCAGTACTTT,2590,1,None,None
CGTTCTGAGCACCGTC-1,False,CGTTCTGAGCACCGTC-1_contig_1,False,505,TRB,TRBV13-1,None,TRBJ2-3,None,True,True,CASGDSAETLYF,TGTGCCAGCGGGGACAGTGCAGAAACGCTGTATTTT,1396,1,None,None
CGTTCTGAGCAGCCTC-1,False,CGTTCTGAGCAGCCTC-1_contig_1,False,555,TRA,TRAV3-3,None,TRAJ49,TRAC,True,True,CAVSGATGYQNFYF,TGCGCAGTCAGTGGGGCCACGGGTTACCAGAACTTCTATTTT,2728,1,None,None
CGTTCTGAGGACTGGT-1,False,CGTTCTGAGGACTGGT-1_contig_1,False,549,TRB,TRBV16,None,TRBJ2-5,None,True,True,CASSFGGGLDTQYF,TGTGCAAGCAGCTTTGGGGGGGGCCTGGACACCCAGTACTTT,522,1,None,None
CGTTCTGAGGATGGAA-1,False,CGTTCTGAGGATGGAA-1_contig_1,False,505,TRB,TRBV13-1,None,TRBJ2-5,None,True,True,CASSDGDDTQYF,TGTGCCAGCAGTGACGGGGACGACACCCAGTACTTT,1336,1,None,None
CGTTCTGAGTATCGAA-1,False,CGTTCTGAGTATCGAA-1_contig_1,False,509,TRB,TRBV13-1,None,TRBJ2-2,None,True,True,CASSDPGQLYF,TGTGCCAGCAGTGACCCCGGGCAGCTCTACTTT,668,1,None,None
CGTTCTGAGTTACGGG-1,False,CGTTCTGAGTTACGGG-1_contig_1,False,569,TRB,TRBV12-2+TRBV13-2,None,TRBJ1-2,TRBC1,True,True,CASGGGTGNSDYTF,TGTGCCAGCGGTGGGGGGACAGGGAACTCCGACTACACCTTC,1040,1,None,None
CGTTCTGCAATGGAAT-1,False,CGTTCTGCAATGGAAT-1_contig_1,False,600,TRB,TRBV12-2+TRBV13-2,None,TRBJ2-7,None,True,True,CASGAGGDYEQYF,TGTGCCAGCGGTGCTGGGGGGGACTATGAACAGTACTTC,1186,1,None,None
CGTTCTGCAGACGCTC-1,False,CGTTCTGCAGACGCTC-1_contig_1,False,549,TRB,TRBV16,None,TRBJ2-7,None,True,True,CASSLGGGLDEQYF,TGTGCAAGCAGCTTAGGGGGGGGGCTCGATGAACAGTACTTC,756,1,None,None
CGTTCTGCAGCCAATT-1,False,CGTTCTGCAGCCAATT-1_contig_1,False,357,TRB,None,None,TRBJ2-1,None,False,False,None,None,1952,1,None,None
CGTTCTGCAGCGTAAG-1,False,CGTTCTGCAGCGTAAG-1_contig_1,False,519,TRA,TRAV8-1,None,TRAJ30,TRAC,True,True,CASDTNAYKVIF,TGTGCTTCTGACACAAATGCTTACAAAGTCATCTTT,1906,1,None,None
CGTTCTGCATACGCTA-1,False,CGTTCTGCATACGCTA-1_contig_1,False,567,TRB,TRBV12-2+TRBV13-2,None,TRBJ1-2,TRBC1,True,True,CASGGGTGNSDYTF,TGTGCCAGCGGTGGGGGGACAGGGAACTCCGACTACACCTTC,450,1,None,None
CGTTCTGGTCAGAATA-1,False,CGTTCTGGTCAGAATA-1_contig_1,False,549,TRB,TRBV16,None,TRBJ2-5,None,True,True,CASSLGGGQDTQYF,TGTGCAAGCAGCTTAGGGGGGGGCCAAGACACCCAGTACTTT,1514,1,None,None
CGTTCTGGTCGCGTGT-1,False,CGTTCTGGTCGCGTGT-1_contig_1,False,565,TRB,TRBV12-2+TRBV13-2,None,TRBJ1-2,TRBC1,True,True,CASGGGTGNSDYTF,TGTGCCAGCGGTGGGGGGACAGGGAACTCCGACTACACCTTC,1338,1,None,None
CGTTCTGTCACATAGC-1,False,CGTTCTGTCACATAGC-1_contig_1,False,402,TRB,None,None,TRBJ2-7,None,False,False,None,None,1296,1,None,None
CGTTCTGTCCTTTACA-1,False,CGTTCTGTCCTTTACA-1_contig_1,False,522,TRB,TRBV5,None,TRBJ2-5,None,True,True,CASSQDGVNQDTQYF,TGTGCCAGCAGCCAAGATGGGGTTAACCAAGACACCCAGTACTTT,2648,1,None,None
CGTTCTGTCGGGAGTA-1,False,CGTTCTGTCGGGAGTA-1_contig_1,False,512,TRB,TRBV13-1,None,TRBJ2-1,None,True,True,CASSDNYAEQFF,TGTGCCAGCAGTGACAACTATGCTGAGCAGTTCTTC,1638,1,None,None
CGTTCTGTCGTCACGG-1,False,CGTTCTGTCGTCACGG-1_contig_1,False,543,TRB,None,None,TRBJ1-2,TRBC1,False,False,None,None,218,2,None,None
CGTTCTGTCGTGGTCG-1,False,CGTTCTGTCGTGGTCG-1_contig_1,False,507,TRB,TRBV5,None,TRBJ2-7,None,True,True,CASSQDWGGAVEQYF,TGTGCCAGCAGCCAAGACTGGGGGGGCGCAGTTGAACAGTACTTC,1750,1,None,None
CGTTCTGTCGTTTAGG-1,False,CGTTCTGTCGTTTAGG-1_contig_1,False,557,TRB,TRBV12-2+TRBV13-2,None,TRBJ2-7,None,True,True,CASGTGDEQYF,TGTGCCAGCGGGACAGGGGATGAACAGTACTTC,672,1,None,None
CGTTCTGTCGTTTAGG-1,False,CGTTCTGTCGTTTAGG-1_contig_2,False,565,TRA,TRAV11,None,TRAJ11,TRAC,True,False,CVVDSGYNKLTF,TGTGTGGTGGACTCGGGATACAACAAACTCACTTTT,1454,1,None,None
CGTTCTGTCTCCCTGA-1,False,CGTTCTGTCTCCCTGA-1_contig_1,False,562,TRB,TRBV12-2+TRBV13-2,None,TRBJ2-7,None,True,True,CASGVQGWEQYF,TGTGCCAGCGGTGTACAGGGGTGGGAACAGTACTTC,1300,1,None,None
CGTTGGGAGACTACAA-1,False,CGTTGGGAGACTACAA-1_contig_1,False,565,TRB,TRBV12-2+TRBV13-2,None,TRBJ1-5,TRBC1,True,True,CASGTGDNQAPLF,TGTGCCAGCGGTACAGGAGACAACCAGGCTCCGCTTTTT,1088,1,None,None
CGTTGGGAGCCACTAT-1,False,CGTTGGGAGCCACTAT-1_contig_1,False,316,TRB,None,None,TRBJ2-7,None,False,False,None,None,550,1,None,None
CGTTGGGAGCCACTAT-1,False,CGTTGGGAGCCACTAT-1_contig_2,False,575,TRA,TRAV3D-3,None,TRAJ28,TRAC,True,False,CTSAQSVRGTGSNRLTF,TGTACTTCTGCGCAGTCAGTGAGGGGCACTGGGAGTAACAGGCTCACTTTT,420,1,None,None
CGTTGGGAGGCTCATT-1,False,CGTTGGGAGGCTCATT-1_contig_1,False,563,TRB,TRBV12-2+TRBV13-2,None,TRBJ2-7,None,True,True,CASGVQGEQYF,TGTGCCAGCGGTGTTCAGGGAGAACAGTACTTC,1064,2,None,None
CGTTGGGCAACTTGAC-1,False,CGTTGGGCAACTTGAC-1_contig_1,False,558,TRB,TRBV12-2+TRBV13-2,None,TRBJ2-7,None,True,True,CASGVQGEQYF,TGTGCCAGCGGTGTTCAGGGAGAACAGTACTTC,1122,1,None,None
CGTTGGGCAAGGTTTC-1,False,CGTTGGGCAAGGTTTC-1_contig_1,False,644,TRB,TRBV12-2+TRBV13-2,None,TRBJ1-2,TRBC1,True,True,CASGGGTGNSDYTF,TGTGCCAGCGGTGGGGGGACAGGGAACTCCGACTACACCTTC,1098,1,None,None
CGTTGGGCATCATCCC-1,False,CGTTGGGCATCATCCC-1_contig_1,False,561,TRB,TRBV12-2+TRBV13-2,None,TRBJ2-7,None,True,True,CASGVQGEQYF,TGTGCCAGCGGTGTTCAGGGAGAACAGTACTTC,1652,1,None,None
CGTTGGGCATGCCACG-1,False,CGTTGGGCATGCCACG-1_contig_1,False,555,TRA,TRAV3-3,None,TRAJ49,TRAC,True,True,CAVSGATGYQNFYF,TGCGCAGTCAGTGGGGCCACGGGTTACCAGAACTTCTATTTT,1872,1,None,None
CGTTGGGGTCTCTTTA-1,False,CGTTGGGGTCTCTTTA-1_contig_1,False,550,TRB,TRBV12-2+TRBV13-2,None,TRBJ2-7,None,True,True,CASGVQGEQYF,TGTGCCAGCGGTGTTCAGGGAGAACAGTACTTC,1638,1,None,None
CGTTGGGGTGACGGTA-1,False,CGTTGGGGTGACGGTA-1_contig_1,False,512,TRB,TRBV13-1,None,TRBJ2-4,None,True,True,CASSEGTNTLYF,TGTGCCAGCAGTGAAGGAACAAACACCTTGTACTTT,14438,9,None,None
CGTTGGGGTGACGGTA-1,False,CGTTGGGGTGACGGTA-1_contig_2,False,525,TRB,TRBV17,None,TRBJ2-5,None,True,True,CASSRKGSQDTQYF,TGTGCTAGCAGTAGAAAGGGTTCTCAAGACACCCAGTACTTT,13532,9,None,None
CGTTGGGTCAACACTG-1,False,CGTTGGGTCAACACTG-1_contig_1,False,558,TRB,None,None,TRBJ1-2,TRBC1,False,False,None,None,1250,1,None,None
CGTTGGGTCATAGCAC-1,False,CGTTGGGTCATAGCAC-1_contig_1,False,566,TRA,TRAV8-1,None,TRAJ30,TRAC,True,True,CATDTNAYKVIF,TGTGCTACTGACACAAATGCTTACAAAGTCATCTTT,1774,1,None,None
CGTTGGGTCATGTAGC-1,False,CGTTGGGTCATGTAGC-1_contig_1,False,532,TRA,TRAV19,None,TRAJ39,TRAC,True,True,CAAGGNNAGAKLTF,TGCGCAGCAGGTGGGAATAATGCAGGTGCCAAGCTCACATTC,258,1,None,None
CGTTGGGTCTAAGCCA-1,False,CGTTGGGTCTAAGCCA-1_contig_1,False,549,TRA,TRAV8N-2,None,TRAJ13,TRAC,True,True,CATEDSGTYQRF,TGTGCTACTGAGGATTCTGGGACTTACCAGAGGTTT,2342,1,None,None
CTAACTTAGAGGTAGA-1,False,CTAACTTAGAGGTAGA-1_contig_1,False,541,TRA,TRAV8D-1,None,TRAJ30,TRAC,True,True,CATDTNAYKVIF,TGTGCTACTGACACAAATGCTTACAAAGTCATCTTT,2060,1,None,None
CTAACTTAGGACATTA-1,False,CTAACTTAGGACATTA-1_contig_1,False,561,TRB,TRBV12-2+TRBV13-2,None,TRBJ1-5,TRBC1,True,True,CASGTGDNQAPLF,TGTGCCAGCGGAACAGGGGACAACCAGGCTCCGCTTTTT,626,1,None,None
CTAACTTAGGATGGTC-1,False,CTAACTTAGGATGGTC-1_contig_1,False,557,TRB,TRBV12-2+TRBV13-2,None,TRBJ2-7,None,True,True,CASGAGGEQYF,TGTGCCAGCGGTGCTGGGGGGGAACAGTACTTC,1120,1,None,None
CTAACTTAGGCTAGAC-1,False,CTAACTTAGGCTAGAC-1_contig_1,False,448,TRB,None,None,TRBJ1-6,TRBC1,False,False,None,None,944,1,None,None
CTAACTTAGTTCGCAT-1,False,CTAACTTAGTTCGCAT-1_contig_1,False,569,TRB,TRBV12-2+TRBV13-2,None,TRBJ1-2,TRBC1,True,True,CASGGGTGNSDYTF,TGTGCCAGCGGTGGGGGGACAGGGAACTCCGACTACACCTTC,1434,1,None,None
CTAACTTCAATAGCAA-1,False,CTAACTTCAATAGCAA-1_contig_1,False,549,TRB,TRBV16,None,TRBJ2-7,None,True,True,CASSFGGGADEQYF,TGTGCAAGCAGCTTTGGTGGGGGGGCGGATGAACAGTACTTC,402,1,None,None
CTAACTTCACATAACC-1,False,CTAACTTCACATAACC-1_contig_1,False,549,TRB,TRBV16,None,TRBJ2-5,None,True,True,CASSLGGNQDTQYF,TGTGCAAGCAGCTTGGGGGGTAACCAAGACACCCAGTACTTT,1214,1,None,None
CTAACTTCACATAACC-1,False,CTAACTTCACATAACC-1_contig_2,False,498,TRA,TRAV1,None,TRAJ12,TRAC,True,True,CAVRDRAGGYKVVF,TGTGCTGTGAGGGATCGGGCTGGAGGCTATAAAGTGGTCTTT,2842,1,None,None
CTAACTTCACCAGTTA-1,False,CTAACTTCACCAGTTA-1_contig_1,False,525,TRB,TRBV17,None,TRBJ2-2,None,True,True,CASSSTKNTGQLYF,TGTGCTAGCAGTAGTACAAAAAACACCGGGCAGCTCTACTTT,1736,1,None,None
CTAACTTCATGACATC-1,False,CTAACTTCATGACATC-1_contig_1,False,570,TRB,TRBV12-2+TRBV13-2,None,TRBJ1-2,TRBC1,True,True,CASGGGTGNSDYTF,TGTGCCAGCGGTGGGGGGACAGGGAACTCCGACTACACCTTC,1410,1,None,None
CTAACTTCATGTCCTC-1,False,CTAACTTCATGTCCTC-1_contig_1,False,534,TRA,TRAV19,None,TRAJ39,TRAC,True,True,CAAGGNNAGAKLTF,TGCGCAGCAGGTGGGAATAATGCAGGTGCCAAGCTCACATTC,10882,10,None,None
CTAACTTCATGTCCTC-1,False,CTAACTTCATGTCCTC-1_contig_2,False,566,TRB,TRBV12-2+TRBV13-2,None,TRBJ1-2,TRBC1,True,True,CASGGQANSDYTF,TGTGCCAGCGGTGGACAGGCAAACTCCGACTACACCTTC,25288,27,None,None
CTAACTTCATGTCCTC-1,False,CTAACTTCATGTCCTC-1_contig_3,True,327,TRB,None,None,TRBJ2-2,None,False,False,None,None,2746,1,None,None
CTAACTTCATGTCCTC-1,False,CTAACTTCATGTCCTC-1_contig_4,True,336,TRB,None,None,TRBJ2-3,None,False,False,None,None,2668,2,None,None
CTAACTTCATGTCCTC-1,False,CTAACTTCATGTCCTC-1_contig_5,True,363,TRB,None,None,TRBJ1-3,TRBC1,False,False,None,None,2140,1,None,None
CTAACTTCATGTCCTC-1,False,CTAACTTCATGTCCTC-1_contig_6,True,576,TRB,None,None,TRBJ2-1,None,False,False,None,None,13602,17,None,None
CTAACTTCATGTCCTC-1,False,CTAACTTCATGTCCTC-1_contig_7,True,479,TRB,None,None,TRBJ1-6,TRBC1,False,False,None,None,19540,17,None,None
CTAACTTGTACACCGC-1,False,CTAACTTGTACACCGC-1_contig_1,False,496,TRA,TRAV4-2,None,TRAJ35,TRAC,True,True,CAVEPQTGFASALTF,TGTGCTGTTGAGCCCCAGACAGGCTTTGCAAGTGCGCTGACATTT,1746,1,None,None
CTAACTTGTGATGCCC-1,False,CTAACTTGTGATGCCC-1_contig_1,False,568,TRB,TRBV12-2+TRBV13-2,None,TRBJ1-2,TRBC1,True,True,CASGGGTGNSDYTF,TGTGCCAGCGGTGGGGGGACAGGGAACTCCGACTACACCTTC,1246,1,None,None
CTAACTTGTTCCACGG-1,False,CTAACTTGTTCCACGG-1_contig_1,False,566,TRB,TRBV12-2+TRBV13-2,None,TRBJ1-2,TRBC1,True,True,CASGGGTGNSDYTF,TGTGCCAGCGGTGGGGGGACAGGGAACTCCGACTACACCTTC,1532,1,None,None
CTAACTTTCAATCACG-1,False,CTAACTTTCAATCACG-1_contig_1,False,543,TRB,TRBV16,None,TRBJ2-5,None,True,True,CASSWGGGQDTQYF,TGTGCAAGCAGCTGGGGGGGCGGGCAAGACACCCAGTACTTT,1880,1,None,None
CTAACTTTCAGGTAAA-1,False,CTAACTTTCAGGTAAA-1_contig_1,False,549,TRB,TRBV16,None,TRBJ2-5,None,True,True,CASSLGGGQDTQYF,TGTGCAAGCAGCTTAGGGGGGGGCCAAGACACCCAGTACTTT,1712,1,None,None
CTAACTTTCAGTTGAC-1,False,CTAACTTTCAGTTGAC-1_contig_1,False,603,TRB,TRBV12-2+TRBV13-2,None,TRBJ1-2,TRBC1,True,True,CASGGGTGNSDYTF,TGTGCCAGCGGTGGGGGGACAGGGAACTCCGACTACACCTTC,1572,1,None,None
CTAACTTTCCGTAGGC-1,False,CTAACTTTCCGTAGGC-1_contig_1,False,354,TRB,None,None,TRBJ1-2,TRBC1,False,False,None,None,2584,1,None,None
CTAACTTTCGGTCCGA-1,False,CTAACTTTCGGTCCGA-1_contig_1,False,508,TRB,TRBV13-1,None,TRBJ1-4,TRBC1,True,True,CASGTGANERLFF,TGTGCCAGCGGGACAGGGGCCAACGAAAGATTATTTTTC,2010,1,None,None
CTAACTTTCTCTTGAT-1,False,CTAACTTTCTCTTGAT-1_contig_1,False,365,TRB,None,None,TRBJ1-3,TRBC1,False,False,None,None,2156,1,None,None
CTAAGACAGATCCTGT-1,False,CTAAGACAGATCCTGT-1_contig_1,False,552,TRB,TRBV16,None,TRBJ2-4,None,True,True,CASSSPWGGQNTLYF,TGTGCAAGCAGCTCCCCCTGGGGGGGTCAAAACACCTTGTACTTT,1730,2,None,None
CTAAGACAGATGTAAC-1,False,CTAAGACAGATGTAAC-1_contig_1,False,492,TRB,TRBV5,None,TRBJ2-2,None,True,True,CASSTGQLYF,TGTGCCAGCAGCACCGGGCAGCTCTACTTT,2368,1,None,None
CTAAGACAGCTAGTTC-1,False,CTAAGACAGCTAGTTC-1_contig_1,False,563,TRA,TRAV4D-3,None,TRAJ27,TRAC,True,True,CAADGPNTGKLTF,TGTGCTGCGGACGGACCCAATACAGGCAAATTAACCTTT,1616,1,None,None
CTAAGACAGGGTATCG-1,False,CTAAGACAGGGTATCG-1_contig_1,False,566,TRB,TRBV12-2+TRBV13-2,None,TRBJ2-7,None,True,True,CASGVQGWEQYF,TGTGCCAGCGGTGTACAGGGGTGGGAACAGTACTTC,1456,1,None,None
CTAAGACAGTTGTAGA-1,False,CTAAGACAGTTGTAGA-1_contig_1,False,502,TRB,TRBV13-1,None,TRBJ2-2,None,True,True,CASSDPGQLYF,TGTGCCAGCAGTGACCCCGGGCAGCTCTACTTT,1568,1,None,None
CTAAGACAGTTGTCGT-1,False,CTAAGACAGTTGTCGT-1_contig_1,False,528,TRB,None,None,TRBJ2-7,None,False,False,None,None,396,1,None,None
CTAAGACCAACTGCTA-1,False,CTAAGACCAACTGCTA-1_contig_1,False,384,TRB,TRBV13-2,None,TRBJ1-5,TRBC1,True,False,CASGTGDNQAPLF,TGTGCCAGCGGAACAGGGGACAACCAGGCTCCGCTTTTT,1836,1,None,None
CTAAGACCACTTACGA-1,False,CTAAGACCACTTACGA-1_contig_1,False,525,TRB,TRBV17,None,TRBJ2-5,None,True,True,CASSRKGSQDTQYF,TGTGCTAGCAGTAGAAAGGGTTCTCAAGACACCCAGTACTTT,2020,1,None,None
CTAAGACCAGGGTACA-1,False,CTAAGACCAGGGTACA-1_contig_1,False,553,TRB,TRBV12-2+TRBV13-2,None,TRBJ2-1,None,True,True,CASGDPFQFF,TGTGCCAGCGGTGATCCTTTCCAGTTCTTC,1140,1,None,None
CTAAGACCATCGATGT-1,False,CTAAGACCATCGATGT-1_contig_1,False,448,TRB,None,None,TRBJ1-6,TRBC1,False,False,None,None,2514,1,None,None
CTAAGACCATGCCCGA-1,False,CTAAGACCATGCCCGA-1_contig_1,False,570,TRB,TRBV12-2+TRBV13-2,None,TRBJ1-2,TRBC1,True,True,CASGGGTGNSDYTF,TGTGCCAGCGGTGGGGGGACAGGGAACTCCGACTACACCTTC,1686,1,None,None
CTAAGACGTAAAGGAG-1,False,CTAAGACGTAAAGGAG-1_contig_1,False,520,TRB,TRBV17,None,TRBJ2-5,None,True,True,CASSRKGVQDTQYF,TGTGCTAGCAGTAGAAAGGGGGTCCAAGACACCCAGTACTTT,748,1,None,None
CTAAGACGTATAGGTA-1,False,CTAAGACGTATAGGTA-1_contig_1,False,313,TRB,None,None,TRBJ2-1,None,False,False,None,None,2218,1,None,None
CTAAGACGTCCATCCT-1,False,CTAAGACGTCCATCCT-1_contig_1,False,837,TRA,TRAV14-1,None,TRAJ45,TRAC,True,True,CAASLYTEGADRLTF,TGTGCAGCAAGTCTTTATACAGAAGGTGCAGATAGACTCACCTTT,1634,1,None,None
CTAAGACGTCCATCCT-1,False,CTAAGACGTCCATCCT-1_contig_2,False,541,TRB,TRBV12-2+TRBV13-2,None,TRBJ1-5,TRBC1,True,True,CASGTGDNQAPLF,TGTGCCAGCGGGACAGGGGACAACCAGGCTCCGCTTTTT,2756,1,None,None
CTAAGACGTCCGTCAG-1,False,CTAAGACGTCCGTCAG-1_contig_1,False,519,TRA,TRAV19,None,TRAJ39,TRAC,True,True,CAAGGNNAGAKLTF,TGCGCAGCAGGTGGGAATAATGCAGGTGCCAAGCTCACATTC,2024,1,None,None
CTAAGACGTGACGCCT-1,False,CTAAGACGTGACGCCT-1_contig_1,False,456,TRB,TRBV17,None,TRBJ2-5,None,True,True,CASSRKGSQDTQYF,TGTGCTAGCAGTAGAAAGGGGAGCCAAGACACCCAGTACTTT,2640,1,None,None
CTAAGACGTGACGCCT-1,False,CTAAGACGTGACGCCT-1_contig_2,True,496,TRB,None,None,TRBJ2-7,None,False,False,None,None,2604,2,None,None
CTAAGACGTGCAGACA-1,False,CTAAGACGTGCAGACA-1_contig_1,False,614,TRB,TRBV13-1,None,TRBJ2-1,None,True,False,None,None,546,2,None,None
CTAAGACTCATTCACT-1,False,CTAAGACTCATTCACT-1_contig_1,False,505,TRB,TRBV13-1,None,TRBJ2-4,None,True,True,CASSEGTNTLYF,TGTGCCAGCAGTGAAGGAACAAACACCTTGTACTTT,904,1,None,None
CTAATGGAGACTAAGT-1,False,CTAATGGAGACTAAGT-1_contig_1,False,548,TRB,TRBV13-2,None,TRBJ2-7,None,True,True,CASGVQGWEQYF,TGTGCCAGCGGTGTACAGGGGTGGGAACAGTACTTC,1292,1,None,None
CTAATGGAGCCTATGT-1,False,CTAATGGAGCCTATGT-1_contig_1,False,525,TRB,TRBV17,None,TRBJ2-5,None,True,True,CASSRKGVQDTQYF,TGTGCTAGCAGTAGAAAGGGGGTCCAAGACACCCAGTACTTT,1456,1,None,None
CTAATGGAGCGATCCC-1,False,CTAATGGAGCGATCCC-1_contig_1,False,640,TRB,TRBV12-2+TRBV13-2,None,TRBJ1-2,TRBC1,True,True,CASGGGTGNSDYTF,TGTGCCAGCGGTGGGGGGACAGGGAACTCCGACTACACCTTC,1644,1,None,None
CTAATGGAGGATATAC-1,False,CTAATGGAGGATATAC-1_contig_1,False,555,TRA,TRAV3-3,None,TRAJ49,TRAC,True,True,CAVSGATGYQNFYF,TGCGCAGTCAGTGGGGCCACGGGTTACCAGAACTTCTATTTT,2040,1,None,None
CTAATGGAGGATATAC-1,False,CTAATGGAGGATATAC-1_contig_2,False,507,TRA,TRAV21-DV12,None,TRAJ42,TRAC,True,True,CILRVHGGSNAKLTF,TGTATCCTGAGAGTCCATGGAGGAAGCAATGCAAAGCTAACCTTC,1476,1,None,None
CTAATGGAGGATATAC-1,False,CTAATGGAGGATATAC-1_contig_3,True,771,TRA,TRAV9D-2,None,TRAJ26,None,True,False,CVLSRGNNYAQGLTF,TGTGTTCTGAGCAGGGGCAATAACTATGCCCAGGGATTAACCTTC,1288,1,None,None
CTAATGGAGGGTCTCC-1,False,CTAATGGAGGGTCTCC-1_contig_1,False,568,TRB,TRBV12-2+TRBV13-2,None,TRBJ2-7,None,True,True,CASGAGGDYEQYF,TGTGCCAGCGGTGCTGGGGGGGACTATGAACAGTACTTC,1118,1,None,None
CTAATGGAGTTCGCGC-1,False,CTAATGGAGTTCGCGC-1_contig_1,False,576,TRB,TRBV13-1,None,TRBJ1-4,TRBC1,True,True,CASGTGANERLFF,TGTGCCAGCGGGACAGGGGCCAACGAAAGATTATTTTTC,1236,1,None,None
CTAATGGCACATGACT-1,False,CTAATGGCACATGACT-1_contig_1,False,515,TRB,TRBV13-1,None,TRBJ1-4,TRBC1,True,True,CASGTGANERLFF,TGTGCCAGCGGGACAGGGGCCAACGAAAGATTATTTTTC,1334,1,None,None
CTAATGGCACTCAGGC-1,False,CTAATGGCACTCAGGC-1_contig_1,False,460,TRB,TRBV13-2,None,TRBJ2-7,None,True,False,CASGVQGWEQYF,TGTGCCAGCGGTGTACAGGGGTGGGAACAGTACTTC,1428,1,None,None
CTAATGGCAGACGCCT-1,False,CTAATGGCAGACGCCT-1_contig_1,False,558,TRA,TRAV4D-3,None,TRAJ27,TRAC,True,True,CAADGPNTGKLTF,TGTGCTGCGGACGGACCCAATACAGGCAAATTAACCTTT,2348,1,None,None
CTAATGGCAGCCTATA-1,False,CTAATGGCAGCCTATA-1_contig_1,False,556,TRB,TRBV12-2+TRBV13-2,None,TRBJ2-1,None,True,True,CASGGYAEQFF,TGTGCCAGCGGGGGCTATGCTGAGCAGTTCTTC,892,1,None,None
CTAATGGCAGCCTATA-1,False,CTAATGGCAGCCTATA-1_contig_2,False,567,TRA,TRAV3D-3,None,TRAJ28,TRAC,True,False,CTSAQSVRGTGSNRLTF,TGTACTTCTGCGCAGTCAGTGAGGGGCACTGGGAGTAACAGGCTCACTTTT,686,1,None,None
CTAATGGCATGGTAGG-1,False,CTAATGGCATGGTAGG-1_contig_1,False,517,TRA,TRAV19,None,TRAJ39,TRAC,True,True,CAAGGNNAGAKLTF,TGCGCAGCAGGTGGGAATAATGCAGGTGCCAAGCTCACATTC,1574,1,None,None
CTAATGGGTAGGCATG-1,False,CTAATGGGTAGGCATG-1_contig_1,False,576,TRB,TRBV12-2+TRBV13-2,None,TRBJ2-1,None,True,True,CASEAAYAEQFF,TGTGCCAGCGAAGCAGCCTATGCTGAGCAGTTCTTC,1844,1,None,None
CTAATGGGTATATGAG-1,False,CTAATGGGTATATGAG-1_contig_1,False,563,TRB,TRBV12-2+TRBV13-2,None,TRBJ2-7,None,True,True,CASGTGGDYEQYF,TGTGCCAGCGGGACTGGGGGGGACTATGAACAGTACTTC,1882,1,None,None
CTAATGGGTCAAGCGA-1,False,CTAATGGGTCAAGCGA-1_contig_1,False,551,TRB,TRBV12-2+TRBV13-2,None,TRBJ2-7,None,True,True,CASGVQGWEQYF,TGTGCCAGCGGTGTACAGGGGTGGGAACAGTACTTC,1334,1,None,None
CTAATGGGTCAAGCGA-1,False,CTAATGGGTCAAGCGA-1_contig_2,False,558,TRA,TRAV4D-3,None,TRAJ27,TRAC,True,True,CAADGPNTGKLTF,TGTGCTGCGGACGGACCCAATACAGGCAAATTAACCTTT,596,1,None,None
CTAATGGGTCTGCGGT-1,False,CTAATGGGTCTGCGGT-1_contig_1,False,549,TRB,TRBV16,None,TRBJ2-7,None,True,True,CASSFGGGADEQYF,TGTGCAAGCAGCTTTGGTGGGGGGGCGGATGAACAGTACTTC,1410,1,None,None
CTAATGGGTGATGTGG-1,False,CTAATGGGTGATGTGG-1_contig_1,False,518,TRA,TRAV19,None,TRAJ39,TRAC,True,True,CAAGGNNAGAKLTF,TGCGCAGCAGGTGGGAATAATGCAGGTGCCAAGCTCACATTC,1888,1,None,None
CTAATGGGTGATGTGG-1,False,CTAATGGGTGATGTGG-1_contig_2,False,519,TRA,TRAV13N-3,None,TRAJ49,TRAC,True,True,CAMGGYQNFYF,TGTGCTATGGGGGGTTACCAGAACTTCTATTTT,1710,1,None,None
CTAATGGGTTATGTGC-1,False,CTAATGGGTTATGTGC-1_contig_1,False,549,TRB,TRBV16,None,TRBJ2-5,None,True,True,CASSLGGGQDTQYF,TGTGCAAGCAGCTTAGGGGGGGGCCAAGACACCCAGTACTTT,1658,1,None,None
CTAATGGTCCATGCTC-1,False,CTAATGGTCCATGCTC-1_contig_1,False,557,TRB,TRBV16,None,TRBJ2-5,None,True,False,CASSFGGAPDTQYF,TGTGCAAGCAGCTTTGGGGGGGCGCCAGACACCCAGTACTTT,1310,1,None,None
CTAATGGTCTCTAAGG-1,False,CTAATGGTCTCTAAGG-1_contig_1,False,569,TRB,TRBV12-2+TRBV13-2,None,TRBJ1-2,TRBC1,True,True,CASGGGTGNSDYTF,TGTGCCAGCGGTGGGGGGACAGGGAACTCCGACTACACCTTC,1258,1,None,None
CTAATGGTCTGATACG-1,False,CTAATGGTCTGATACG-1_contig_1,False,536,TRA,TRAV19,None,TRAJ39,TRAC,True,True,CAAGGNNAGAKLTF,TGCGCAGCAGGTGGGAATAATGCAGGTGCCAAGCTCACATTC,1470,1,None,None
CTAATGGTCTGGAGCC-1,False,CTAATGGTCTGGAGCC-1_contig_1,False,522,TRB,TRBV5,None,TRBJ1-5,TRBC1,True,True,CASSHPGQNNQAPLF,TGTGCCAGCAGCCACCCGGGACAGAACAACCAGGCTCCGCTTTTT,470,1,None,None
CTACACCAGGAATTAC-1,False,CTACACCAGGAATTAC-1_contig_1,False,551,TRB,TRBV12-2+TRBV13-2,None,TRBJ2-7,None,True,True,CASGVQGEQYF,TGTGCCAGCGGTGTTCAGGGAGAACAGTACTTC,1676,1,None,None
CTACACCAGGCCGAAT-1,False,CTACACCAGGCCGAAT-1_contig_1,False,541,TRB,TRBV12-2+TRBV13-2,None,TRBJ2-5,None,True,True,CASGAGMEDTQYF,TGTGCCAGCGGTGCAGGGATGGAAGACACCCAGTACTTT,1146,1,None,None
CTACACCAGTAACCCT-1,False,CTACACCAGTAACCCT-1_contig_1,False,525,TRB,TRBV17,None,TRBJ2-5,None,True,True,CASSRKGVQDTQYF,TGTGCTAGCAGTAGAAAGGGGGTCCAAGACACCCAGTACTTT,1942,1,None,None
CTACACCCACATAACC-1,False,CTACACCCACATAACC-1_contig_1,False,519,TRB,TRBV12-1,None,TRBJ2-3,None,True,False,CTSVPALSDNSAETLYF,TGTACTTCTGTGCCAGCTCTCTCCGACAATAGTGCAGAAACGCTGTATTTT,668,1,None,None
CTACACCCACCGCTAG-1,False,CTACACCCACCGCTAG-1_contig_1,False,507,TRA,TRAV21-DV12,None,TRAJ42,TRAC,True,True,CILRVHGGSNAKLTF,TGTATCCTGAGAGTCCATGGAGGAAGCAATGCAAAGCTAACCTTC,1248,1,None,None
CTACACCCACGTCAGC-1,False,CTACACCCACGTCAGC-1_contig_1,False,567,TRA,TRAV3D-3,None,TRAJ28,TRAC,True,False,CTSAQSVRGTGSNRLTF,TGTACTTCTGCGCAGTCAGTGAGGGGCACTGGGAGTAACAGGCTCACTTTT,2152,1,None,None
CTACACCCATCGGTTA-1,False,CTACACCCATCGGTTA-1_contig_1,False,445,TRB,TRBV16,None,TRBJ2-7,None,False,False,CKQLWW,TGCAAGCAGCTTTGGTGG,512,1,None,None
CTACACCGTACCGAGA-1,False,CTACACCGTACCGAGA-1_contig_1,False,481,TRB,TRBV13-1,None,TRBJ2-3,None,True,False,CASEGQGAETLYF,TGTGCCAGCGAGGGACAGGGTGCAGAAACGCTGTATTTT,1682,1,None,None
CTACACCGTAGGCATG-1,False,CTACACCGTAGGCATG-1_contig_1,False,515,TRB,TRBV13-1,None,TRBJ2-1,None,True,True,CASGGGDYAEQFF,TGTGCCAGCGGGGGGGGAGACTATGCTGAGCAGTTCTTC,924,1,None,None
CTACACCGTCAGCTAT-1,False,CTACACCGTCAGCTAT-1_contig_1,False,638,TRB,TRBV12-2+TRBV13-2,None,TRBJ1-2,TRBC1,True,True,CASGGGTGNSDYTF,TGTGCCAGCGGTGGGGGGACAGGGAACTCCGACTACACCTTC,1104,1,None,None
CTACACCGTCCGAATT-1,False,CTACACCGTCCGAATT-1_contig_1,False,561,TRB,TRBV12-2+TRBV13-2,None,TRBJ1-2,TRBC1,True,True,CASGGGTGNSDYTF,TGTGCCAGCGGTGGGGGGACAGGGAACTCCGACTACACCTTC,1400,1,None,None
CTACACCGTCTCATCC-1,False,CTACACCGTCTCATCC-1_contig_1,False,479,TRB,TRBV13-1,None,TRBJ2-5,None,True,False,CASSDGDDTQYF,TGTGCCAGCAGTGACGGGGACGACACCCAGTACTTT,2866,1,None,None
CTACACCGTCTCTCTG-1,False,CTACACCGTCTCTCTG-1_contig_1,False,568,TRB,TRBV12-2+TRBV13-2,None,TRBJ1-2,TRBC1,True,True,CASGGGTGNSDYTF,TGTGCCAGCGGTGGGGGGACAGGGAACTCCGACTACACCTTC,1786,1,None,None
CTACACCGTCTCTTAT-1,False,CTACACCGTCTCTTAT-1_contig_1,False,497,TRB,TRBV13-1,None,TRBJ2-3,None,True,True,CASGDSAETLYF,TGTGCCAGCGGGGACAGTGCAGAAACGCTGTATTTT,510,1,None,None
CTACACCGTCTTTCAT-1,False,CTACACCGTCTTTCAT-1_contig_1,False,569,TRB,TRBV12-2+TRBV13-2,None,TRBJ2-7,None,True,True,CASGVQGEQYF,TGTGCCAGCGGTGTTCAGGGAGAACAGTACTTC,332,1,None,None
CTACACCGTGCACGAA-1,False,CTACACCGTGCACGAA-1_contig_1,False,552,TRA,TRAV8N-2,None,TRAJ43,TRAC,True,False,CATDANNNNAPRF,TGTGCTACTGATGCCAATAACAACAATGCCCCACGATTT,2328,1,None,None
CTACACCGTGGTCCGT-1,False,CTACACCGTGGTCCGT-1_contig_1,False,566,TRB,TRBV12-2+TRBV13-2,None,TRBJ1-2,TRBC1,True,True,CASGGGTGNSDYTF,TGTGCCAGCGGTGGGGGGACAGGGAACTCCGACTACACCTTC,1100,1,None,None
CTACACCGTTATCCGA-1,False,CTACACCGTTATCCGA-1_contig_1,False,518,TRB,TRBV13-2,None,TRBJ2-1,None,True,True,CASGTGDYAEQFF,TGTGCCAGCGGTACAGGGGACTATGCTGAGCAGTTCTTC,1626,1,None,None
CTACACCGTTATCCGA-1,False,CTACACCGTTATCCGA-1_contig_2,False,659,TRA,TRAV14-3,None,TRAJ44,TRAC,True,False,CAASEGWQWWKTHF,TGTGCAGCAAGTGAAGGCTGGCAGTGGTGGAAAACTCACTTT,720,1,None,None
CTACACCTCCGGGTGT-1,False,CTACACCTCCGGGTGT-1_contig_1,False,475,TRB,None,None,TRBJ1-2,TRBC1,False,False,None,None,3404,2,None,None
CTACACCTCGCTAGCG-1,False,CTACACCTCGCTAGCG-1_contig_1,False,565,TRB,TRBV12-2+TRBV13-2,None,TRBJ1-5,TRBC1,True,True,CASGTGDNQAPLF,TGTGCCAGCGGGACGGGGGACAACCAGGCTCCGCTTTTT,1922,1,None,None
CTACACCTCTCCCTGA-1,False,CTACACCTCTCCCTGA-1_contig_1,False,507,TRB,TRBV5,None,TRBJ2-2,None,True,True,CASSTGQLYF,TGTGCCAGCAGCACCGGGCAGCTCTACTTT,1768,1,None,None
CTACATTAGCAACGGT-1,False,CTACATTAGCAACGGT-1_contig_1,False,371,TRB,None,None,TRBJ2-1,None,False,False,None,None,3176,1,None,None
CTACATTAGCAGCGTA-1,False,CTACATTAGCAGCGTA-1_contig_1,False,549,TRA,TRAV8N-2,None,TRAJ13,TRAC,True,True,CATEDSGTYQRF,TGTGCTACTGAGGATTCTGGGACTTACCAGAGGTTT,274,1,None,None
CTACATTAGCAGCGTA-1,False,CTACATTAGCAGCGTA-1_contig_2,False,521,Multi,TRDV2-2,None,TRAJ58,TRAC,True,False,CALMEPQGTGSKLSF,TGTGCTCTCATGGAGCCTCAAGGCACTGGGTCTAAGCTGTCATTT,1732,1,None,None
CTACATTAGTAGCGGT-1,False,CTACATTAGTAGCGGT-1_contig_1,False,558,TRA,TRAV4D-3,None,TRAJ27,TRAC,True,True,CAADGPNTGKLTF,TGTGCTGCGGACGGACCCAATACAGGCAAATTAACCTTT,318,1,None,None
CTACATTAGTGTTTGC-1,False,CTACATTAGTGTTTGC-1_contig_1,False,555,TRA,TRAV7-3,None,TRAJ38,TRAC,True,True,CAVSAANVGDNSKLIW,TGTGCAGTGAGCGCGGCGAATGTTGGTGACAACAGTAAGCTGATTTGG,2338,1,None,None
CTACATTCACAACGTT-1,False,CTACATTCACAACGTT-1_contig_1,True,583,TRB,TRBV13-2,None,TRBJ2-1,None,True,True,CASGTGDYAEQFF,TGTGCCAGCGGGACTGGGGACTATGCTGAGCAGTTCTTC,1480,1,None,None
CTACATTCACAACGTT-1,False,CTACATTCACAACGTT-1_contig_2,True,517,TRA,TRAV6-6,None,TRAJ40,TRAC,True,False,CTTVLWVNTGNYKYVF,TGTACTACTGTGCTCTGGGTTAATACAGGAAACTACAAATACGTCTTT,4686,3,None,None
CTACATTCACTGTGTA-1,False,CTACATTCACTGTGTA-1_contig_1,False,396,TRB,None,None,TRBJ1-6,TRBC1,False,False,None,None,2846,1,None,None
CTACATTGTCTCATCC-1,False,CTACATTGTCTCATCC-1_contig_1,False,557,TRB,TRBV12-2+TRBV13-2,None,TRBJ2-7,None,True,True,CASGVQGEQYF,TGTGCCAGCGGTGTTCAGGGAGAACAGTACTTC,1646,1,None,None
CTACATTGTGTTCGAT-1,False,CTACATTGTGTTCGAT-1_contig_1,False,525,TRA,TRAV7N-6,None,TRAJ30,TRAC,True,True,CAVVDTNAYKVIF,TGTGCAGTGGTTGACACAAATGCTTACAAAGTCATCTTT,1370,1,None,None
CTACATTTCAATAAGG-1,False,CTACATTTCAATAAGG-1_contig_1,False,527,TRB,None,None,TRBJ1-1,TRBC1,False,False,None,None,262,1,None,None
CTACATTTCCTTTCGG-1,False,CTACATTTCCTTTCGG-1_contig_1,False,527,TRA,TRAV8-1,None,TRAJ30,TRAC,True,True,CATDTNAYKVIF,TGTGCTACCGACACAAATGCTTACAAAGTCATCTTT,4260,2,None,None
CTACATTTCGTCTGAA-1,False,CTACATTTCGTCTGAA-1_contig_1,False,541,TRA,TRAV8D-1,None,TRAJ30,TRAC,True,True,CATDTNAYKVIF,TGTGCTACTGACACAAATGCTTACAAAGTCATCTTT,1656,1,None,None
CTACATTTCTGAGTGT-1,False,CTACATTTCTGAGTGT-1_contig_1,False,505,TRB,TRBV13-1,None,TRBJ2-3,None,True,True,CASGDSAETLYF,TGTGCCAGCGGGGACAGTGCAGAAACGCTGTATTTT,896,1,None,None
CTACATTTCTGTCTAT-1,False,CTACATTTCTGTCTAT-1_contig_1,False,549,TRB,TRBV16,None,TRBJ2-7,None,True,True,CASSFGGGADEQYF,TGTGCAAGCAGCTTTGGTGGGGGGGCGGATGAACAGTACTTC,1632,1,None,None
CTACATTTCTTTACAC-1,False,CTACATTTCTTTACAC-1_contig_1,False,522,TRB,TRBV31,None,TRBJ2-3,None,True,True,CAWSLLLGGSAETLYF,TGTGCCTGGAGTCTACTCCTGGGGGGAAGTGCAGAAACGCTGTATTTT,1470,1,None,None
CTACCCAAGGCAATTA-1,False,CTACCCAAGGCAATTA-1_contig_1,False,525,TRA,TRAV7N-6,None,TRAJ30,TRAC,True,True,CAVVDTNAYKVIF,TGTGCAGTGGTTGACACAAATGCTTACAAAGTCATCTTT,1346,1,None,None
CTACCCAAGGTGGGTT-1,False,CTACCCAAGGTGGGTT-1_contig_1,False,550,TRB,TRBV12-2+TRBV13-2,None,TRBJ2-1,None,True,False,CATEAAYAEQFF,TGTGCCACTGAGGCAGCCTATGCTGAGCAGTTCTTC,482,1,None,None
CTACCCAAGTGAACGC-1,False,CTACCCAAGTGAACGC-1_contig_1,False,562,TRB,TRBV12-2+TRBV13-2,None,TRBJ2-7,None,True,True,CASGTGGDYEQYF,TGTGCCAGCGGGACTGGGGGGGACTATGAACAGTACTTC,750,1,None,None
CTACCCACACATTTCT-1,False,CTACCCACACATTTCT-1_contig_1,False,354,TRB,None,None,TRBJ2-1,None,False,False,None,None,648,1,None,None
CTACCCACATCGACGC-1,False,CTACCCACATCGACGC-1_contig_1,False,508,TRB,TRBV26,None,TRBJ2-5,None,True,True,CASSRGTDTQYF,TGTGCCAGCAGCCGCGGGACCGACACCCAGTACTTT,1832,1,None,None
CTACCCACATGTTCCC-1,False,CTACCCACATGTTCCC-1_contig_1,False,549,TRB,TRBV16,None,TRBJ2-5,None,True,True,CASSLGGGQDTQYF,TGTGCAAGCAGCTTAGGGGGGGGCCAAGACACCCAGTACTTT,1072,1,None,None
CTACCCAGTACGACCC-1,False,CTACCCAGTACGACCC-1_contig_1,False,348,TRB,None,None,TRBJ2-1,None,False,False,None,None,3518,1,None,None
CTACCCAGTAGCGCTC-1,False,CTACCCAGTAGCGCTC-1_contig_1,False,570,TRB,TRBV12-2+TRBV13-2,None,TRBJ1-2,TRBC1,True,True,CASGGGTGNSDYTF,TGTGCCAGCGGTGGGGGGACAGGGAACTCCGACTACACCTTC,1212,1,None,None
CTACCCAGTGAGTATA-1,False,CTACCCAGTGAGTATA-1_contig_1,False,575,TRB,TRBV13-1,None,TRBJ2-3,None,True,False,CASGDSAETLYF,TGTGCCAGCGGGGACAGTGCAGAAACGCTGTATTTT,1060,1,None,None
CTACCCAGTGTGAAAT-1,False,CTACCCAGTGTGAAAT-1_contig_1,False,557,TRB,TRBV12-2+TRBV13-2,None,TRBJ2-4,None,True,True,CASGTGDTLYF,TGTGCCAGCGGTACGGGCGACACCTTGTACTTT,534,1,None,None
CTACCCAGTTCGTTGA-1,False,CTACCCAGTTCGTTGA-1_contig_1,False,601,TRB,TRBV13-1,None,TRBJ2-3,None,True,False,CASGDSAETLYF,TGTGCCAGCGGGGACAGTGCAGAAACGCTGTATTTT,1898,1,None,None
CTACCCATCAGGTAAA-1,False,CTACCCATCAGGTAAA-1_contig_1,False,497,TRB,TRBV26,None,TRBJ1-1,TRBC1,True,True,CASSRGNTEVFF,TGTGCCAGCAGCCGCGGAAACACAGAAGTCTTCTTT,2548,1,None,None
CTACCCATCAGGTAAA-1,False,CTACCCATCAGGTAAA-1_contig_2,False,520,TRA,TRAV8-1,None,TRAJ49,TRAC,True,True,CATDAGGYQNFYF,TGTGCTACTGATGCGGGGGGTTACCAGAACTTCTATTTT,494,1,None,None
CTACCCATCAGGTAAA-1,False,CTACCCATCAGGTAAA-1_contig_3,False,505,TRB,TRBV13-1,None,TRBJ2-4,None,True,True,CASSEGTNTLYF,TGTGCCAGCAGTGAAGGAACAAACACCTTGTACTTT,610,1,None,None
CTACCCATCCATGAAC-1,False,CTACCCATCCATGAAC-1_contig_1,False,528,TRA,TRAV10,None,TRAJ43,TRAC,True,True,CAAFNNNNAPRF,TGTGCAGCATTCAATAACAACAATGCCCCACGATTT,2396,1,None,None
CTACCCATCGCAAGCC-1,False,CTACCCATCGCAAGCC-1_contig_1,False,518,TRB,TRBV13-1,None,TRBJ2-1,None,True,True,CASSDRGWYAEQFF,TGTGCCAGCAGTGACAGGGGGTGGTATGCTGAGCAGTTCTTC,1274,1,None,None
CTACCCATCGCAAGCC-1,False,CTACCCATCGCAAGCC-1_contig_2,False,591,TRA,TRAV7D-4,None,TRAJ31,TRAC,True,True,CAASEDSNNRIFF,TGTGCAGCTAGTGAGGATAGCAATAACAGAATCTTCTTT,1988,1,None,None
CTACCCATCGGAAATA-1,False,CTACCCATCGGAAATA-1_contig_1,False,565,TRB,TRBV12-2+TRBV13-2,None,TRBJ2-7,None,True,True,CASGTGGDYEQYF,TGTGCCAGCGGGACTGGGGGGGACTATGAACAGTACTTC,1166,1,None,None
CTACCCATCTGCTGCT-1,False,CTACCCATCTGCTGCT-1_contig_1,False,549,TRB,TRBV16,None,TRBJ2-5,None,True,True,CASSLGGGQDTQYF,TGTGCAAGCAGCTTAGGGGGGGGCCAAGACACCCAGTACTTT,966,1,None,None
CTACGTCAGACAGAGA-1,False,CTACGTCAGACAGAGA-1_contig_1,False,547,TRA,TRAV16D-DV11,None,TRAJ26,TRAC,True,True,CAMREENNYAQGLTF,TGTGCTATGAGAGAGGAAAATAACTATGCCCAGGGATTAACCTTC,2262,1,None,None
CTACGTCAGCATGGCA-1,False,CTACGTCAGCATGGCA-1_contig_1,False,558,TRB,TRBV12-2+TRBV13-2,None,TRBJ2-7,None,True,True,CASGVQGEQYF,TGTGCCAGCGGTGTTCAGGGAGAACAGTACTTC,736,1,None,None
CTACGTCAGCCTCGTG-1,False,CTACGTCAGCCTCGTG-1_contig_1,False,556,TRA,TRAV19,None,TRAJ39,TRAC,True,True,CAAGGNNAGAKLTF,TGCGCAGCAGGTGGGAATAATGCAGGTGCCAAGCTCACATTC,12588,10,None,None
CTACGTCAGCCTCGTG-1,False,CTACGTCAGCCTCGTG-1_contig_2,False,577,TRA,TRAV3D-3,None,TRAJ32,TRAC,True,True,CAVRPYGSSGNKLIF,TGCGCAGTCAGGCCTTATGGGAGCAGTGGCAACAAGCTCATCTTT,5598,9,None,None
CTACGTCAGCCTCGTG-1,False,CTACGTCAGCCTCGTG-1_contig_3,False,505,TRB,TRBV13-1,None,TRBJ2-1,None,True,True,CASSNNYAEQFF,TGTGCCAGCAGTAACAACTATGCTGAGCAGTTCTTC,7510,7,None,None
CTACGTCAGCCTCGTG-1,False,CTACGTCAGCCTCGTG-1_contig_4,False,568,TRB,TRBV12-2+TRBV13-2,None,TRBJ1-2,TRBC1,True,True,CASGGGTGNSDYTF,TGTGCCAGCGGTGGGGGGACAGGGAACTCCGACTACACCTTC,48244,47,None,None
CTACGTCAGCTAGTCT-1,False,CTACGTCAGCTAGTCT-1_contig_1,False,514,TRB,TRBV13-2,None,TRBJ2-1,None,True,True,CASGDPFQFF,TGTGCCAGCGGTGATCCTTTCCAGTTCTTC,2180,1,None,None
CTACGTCAGGAGTAGA-1,False,CTACGTCAGGAGTAGA-1_contig_1,False,571,TRB,TRBV12-2+TRBV13-2,None,TRBJ2-3,None,True,True,CASGDAPPGEGTLYF,TGTGCCAGCGGTGATGCACCTCCAGGGGAGGGAACGCTGTATTTT,1002,1,None,None
CTACGTCAGGCCGAAT-1,False,CTACGTCAGGCCGAAT-1_contig_1,False,549,TRB,TRBV16,None,TRBJ2-5,None,True,True,CASSLGGGQDTQYF,TGTGCAAGCAGCTTAGGGGGGGGCCAAGACACCCAGTACTTT,8348,8,None,None
CTACGTCAGGCCGAAT-1,False,CTACGTCAGGCCGAAT-1_contig_2,False,536,TRA,TRAV6-6,None,TRAJ24,TRAC,True,True,CAPLTTASLGKLQF,TGTGCTCCGTTGACAACTGCCAGTTTGGGGAAACTGCAGTTT,12208,9,None,None
CTACGTCAGGCCGAAT-1,False,CTACGTCAGGCCGAAT-1_contig_3,False,505,TRB,TRBV13-1,None,TRBJ2-4,None,True,True,CASSEGTNTLYF,TGTGCCAGCAGTGAAGGAACAAACACCTTGTACTTT,11866,9,None,None
CTACGTCAGGCCGAAT-1,False,CTACGTCAGGCCGAAT-1_contig_4,False,562,TRA,TRAV4D-3,None,TRAJ27,TRAC,True,True,CAADGPNTGKLTF,TGTGCTGCGGACGGACCCAATACAGGCAAATTAACCTTT,6958,5,None,None
CTACGTCAGGCCGAAT-1,False,CTACGTCAGGCCGAAT-1_contig_5,False,525,TRA,TRAV7N-6,None,TRAJ30,TRAC,True,True,CAVVDTNAYKVIF,TGTGCAGTGGTTGACACAAATGCTTACAAAGTCATCTTT,12652,7,None,None
CTACGTCAGGCCGAAT-1,False,CTACGTCAGGCCGAAT-1_contig_6,False,382,TRA,TRAV9D-2,None,TRAJ26,TRAC,True,False,CVLSRGNNYAQGLTF,TGTGTTCTGAGCAGGGGCAATAACTATGCCCAGGGATTAACCTTC,11400,5,None,None
CTACGTCAGGCCGAAT-1,False,CTACGTCAGGCCGAAT-1_contig_7,False,363,TRB,None,None,TRBJ2-7,None,False,False,None,None,5530,2,None,None
CTACGTCAGGCGCTCT-1,False,CTACGTCAGGCGCTCT-1_contig_1,False,549,TRA,TRAV8N-2,None,TRAJ13,TRAC,True,True,CATEDSGTYQRF,TGTGCTACTGAGGATTCTGGGACTTACCAGAGGTTT,1240,1,None,None
CTACGTCAGGGAAACA-1,False,CTACGTCAGGGAAACA-1_contig_1,False,473,TRA,TRAV7N-6,None,TRAJ30,TRAC,True,False,CAVVDTNAYKVIF,TGTGCAGTGGTTGACACAAATGCTTACAAAGTCATCTTT,1236,1,None,None
CTACGTCAGTGAAGAG-1,False,CTACGTCAGTGAAGAG-1_contig_1,False,549,TRB,TRBV16,None,TRBJ2-5,None,True,True,CASSLGGYQDTQYF,TGTGCAAGCAGCTTAGGGGGCTACCAAGACACCCAGTACTTT,4624,5,None,None
CTACGTCAGTGAAGAG-1,False,CTACGTCAGTGAAGAG-1_contig_2,False,527,TRA,TRAV6-6,None,TRAJ24,TRAC,True,True,CAPLTTASLGKLQF,TGTGCTCCGTTGACAACTGCCAGTTTGGGGAAACTGCAGTTT,5100,3,None,None
CTACGTCAGTGAAGAG-1,False,CTACGTCAGTGAAGAG-1_contig_3,False,505,TRB,TRBV13-1,None,TRBJ2-4,None,True,True,CASSEGTNTLYF,TGTGCCAGCAGTGAAGGAACAAACACCTTGTACTTT,15598,15,None,None
CTACGTCAGTGAAGAG-1,False,CTACGTCAGTGAAGAG-1_contig_4,False,555,TRA,TRAV4-3,None,TRAJ27,TRAC,True,True,CAAANTNTGKLTF,TGTGCTGCTGCTAACACCAATACAGGCAAATTAACCTTT,2952,4,None,None
CTACGTCAGTGAAGTT-1,False,CTACGTCAGTGAAGTT-1_contig_1,False,541,TRA,TRAV8D-1,None,TRAJ30,TRAC,True,True,CATDTNAYKVIF,TGTGCTACTGACACAAATGCTTACAAAGTCATCTTT,810,1,None,None
CTACGTCCAAGACACG-1,False,CTACGTCCAAGACACG-1_contig_1,False,605,TRB,TRBV3,None,TRBJ2-5,None,True,True,CASSPDWGGQDTQYF,TGTGCCAGCAGCCCCGACTGGGGGGGCCAAGACACCCAGTACTTT,672,1,None,None
CTACGTCCAAGACACG-1,False,CTACGTCCAAGACACG-1_contig_2,True,356,TRB,None,None,TRBJ1-2,TRBC1,False,False,None,None,46,1,None,None
CTACGTCCAAGACACG-1,False,CTACGTCCAAGACACG-1_contig_3,True,309,TRA,TRAV6-7-DV9,None,None,TRAC,False,False,None,None,4328,1,None,None
CTACGTCCACACTGCG-1,False,CTACGTCCACACTGCG-1_contig_1,False,636,TRB,None,None,TRBJ2-7,None,False,False,None,None,1306,1,None,None
CTACGTCCACCACGTG-1,False,CTACGTCCACCACGTG-1_contig_1,False,555,TRA,TRAV3-3,None,TRAJ49,TRAC,True,True,CAVSGSTGYQNFYF,TGCGCAGTCAGTGGGAGCACGGGTTACCAGAACTTCTATTTT,1614,1,None,None
CTACGTCCACTGCCAG-1,False,CTACGTCCACTGCCAG-1_contig_1,False,549,TRB,TRBV16,None,TRBJ2-7,None,True,True,CASSFGGGADEQYF,TGTGCAAGCAGCTTTGGTGGGGGGGCGGATGAACAGTACTTC,2060,1,None,None
CTACGTCCACTGCCAG-1,False,CTACGTCCACTGCCAG-1_contig_2,False,513,TRA,TRAV7D-2,None,TRAJ31,TRAC,True,True,CAASIEDSNNRIFF,TGTGCAGCAAGCATAGAGGATAGCAATAACAGAATCTTCTTT,46,1,None,None
CTACGTCGTCTTGATG-1,False,CTACGTCGTCTTGATG-1_contig_1,False,538,TRA,TRAV19,None,TRAJ39,TRAC,True,True,CAAGGNNAGAKLTF,TGCGCAGCAGGTGGGAATAATGCAGGTGCCAAGCTCACATTC,1416,1,None,None
CTACGTCGTCTTGATG-1,False,CTACGTCGTCTTGATG-1_contig_2,False,300,TRB,None,None,TRBJ2-5,None,False,False,None,None,1588,1,None,None
CTACGTCGTGCTCTTC-1,False,CTACGTCGTGCTCTTC-1_contig_1,False,549,TRB,TRBV16,None,TRBJ2-5,None,True,True,CASSLGGGQDTQYF,TGTGCAAGCAGCTTAGGGGGGGGGCAAGACACCCAGTACTTT,1146,1,None,None
CTACGTCTCAGAGACG-1,False,CTACGTCTCAGAGACG-1_contig_1,False,378,TRB,None,None,TRBJ1-6,TRBC1,False,False,None,None,930,1,None,None
CTACGTCTCCAAATGC-1,False,CTACGTCTCCAAATGC-1_contig_1,False,565,TRB,TRBV12-2+TRBV13-2,None,TRBJ1-5,TRBC1,True,True,CASGTGDNQAPLF,TGTGCCAGCGGTACAGGGGATAACCAGGCTCCGCTTTTT,1346,1,None,None
CTACGTCTCGGATGGA-1,False,CTACGTCTCGGATGGA-1_contig_1,False,512,TRB,TRBV13-1,None,TRBJ2-3,None,True,True,CASGDSAETLYF,TGTGCCAGCGGGGACAGTGCAGAAACGCTGTATTTT,1430,1,None,None
CTAGAGTAGCAGCCTC-1,False,CTAGAGTAGCAGCCTC-1_contig_1,False,535,TRA,TRAV16D-DV11,None,TRAJ26,TRAC,True,True,CAMREENNYAQGLTF,TGTGCTATGAGAGAGGAAAATAACTATGCCCAGGGATTAACCTTC,1322,1,None,None
CTAGAGTAGCAGCCTC-1,False,CTAGAGTAGCAGCCTC-1_contig_2,False,566,TRA,TRAV3-3,None,TRAJ49,TRAC,True,True,CAVSGSTGYQNFYF,TGCGCAGTCAGTGGGAGCACGGGTTACCAGAACTTCTATTTT,1440,1,None,None
CTAGAGTAGCAGCCTC-1,False,CTAGAGTAGCAGCCTC-1_contig_3,False,560,TRB,TRBV12-2+TRBV13-2,None,TRBJ2-7,None,True,True,CASGVQGWEQYF,TGTGCCAGCGGTGTACAGGGGTGGGAACAGTACTTC,2510,2,None,None
CTAGAGTAGCAGCCTC-1,False,CTAGAGTAGCAGCCTC-1_contig_4,True,308,TRB,None,None,TRBJ2-5,None,False,False,None,None,3810,2,None,None
CTAGAGTAGCAGCCTC-1,False,CTAGAGTAGCAGCCTC-1_contig_5,True,531,TRA,TRAV6D-5,None,TRAJ38,TRAC,True,False,CTTVFWDNVGDNSKLIW,TGTACTACTGTGTTCTGGGATAATGTTGGTGACAACAGTAAGCTGATTTGG,1434,1,None,None
CTAGAGTAGCAGCCTC-1,False,CTAGAGTAGCAGCCTC-1_contig_6,True,518,TRB,None,None,TRBJ1-1,TRBC1,False,False,None,None,2664,1,None,None
CTAGAGTAGGTCATCT-1,False,CTAGAGTAGGTCATCT-1_contig_1,False,576,TRB,TRBV12-2+TRBV13-2,None,TRBJ2-7,None,True,True,CASGDPRPYF,TGTGCCAGCGGTGATCCCAGACCGTACTTC,1062,1,None,None
CTAGAGTAGTGGCACA-1,False,CTAGAGTAGTGGCACA-1_contig_1,False,518,TRA,TRAV8-1,None,TRAJ30,TRAC,True,True,CATDTNAYKVIF,TGTGCTACTGACACAAATGCTTACAAAGTCATCTTT,2494,1,None,None
CTAGAGTCACCGAATT-1,False,CTAGAGTCACCGAATT-1_contig_1,False,411,TRB,None,None,TRBJ2-5,None,False,False,None,None,32,1,None,None
CTAGAGTCACCGCTAG-1,False,CTAGAGTCACCGCTAG-1_contig_1,False,525,TRB,TRBV17,None,TRBJ2-5,None,True,True,CASSRKGSQDTQYF,TGTGCTAGCAGTAGAAAGGGTTCTCAAGACACCCAGTACTTT,1604,1,None,None
CTAGAGTCAGGATCGA-1,False,CTAGAGTCAGGATCGA-1_contig_1,False,610,TRB,None,None,TRBJ2-7,None,False,False,None,None,1052,1,None,None
CTAGAGTCAGTCTTCC-1,False,CTAGAGTCAGTCTTCC-1_contig_1,False,512,TRB,TRBV13-1,None,TRBJ2-3,None,True,True,CASGDSAETLYF,TGTGCCAGCGGGGACAGTGCAGAAACGCTGTATTTT,1674,1,None,None
CTAGAGTGTAAGGATT-1,False,CTAGAGTGTAAGGATT-1_contig_1,False,507,TRB,TRBV26,None,TRBJ2-1,None,True,True,CASSLHKFYAEQFF,TGTGCCAGCAGTCTGCACAAATTCTATGCTGAGCAGTTCTTC,586,1,None,None
CTAGAGTGTACGCTGC-1,False,CTAGAGTGTACGCTGC-1_contig_1,False,549,TRA,TRAV8N-2,None,TRAJ13,TRAC,True,True,CATEDSGTYQRF,TGTGCTACTGAGGATTCTGGGACTTACCAGAGGTTT,852,1,None,None
CTAGAGTGTCGTGGCT-1,False,CTAGAGTGTCGTGGCT-1_contig_1,False,522,TRA,TRAV7D-2,None,TRAJ31,TRAC,True,True,CAASIEDSNNRIFF,TGTGCAGCAAGCATAGAGGATAGCAATAACAGAATCTTCTTT,2074,1,None,None
CTAGAGTGTCTAAAGA-1,False,CTAGAGTGTCTAAAGA-1_contig_1,False,541,TRA,TRAV8D-1,None,TRAJ30,TRAC,True,True,CATDTNAYKVIF,TGTGCTACTGACACAAATGCTTACAAAGTCATCTTT,1378,1,None,None
CTAGAGTGTCTAAAGA-1,False,CTAGAGTGTCTAAAGA-1_contig_2,False,481,TRB,TRBV13-1,None,TRBJ2-4,None,True,False,CASSEGTNTLYF,TGTGCCAGCAGTGAAGGAACAAACACCTTGTACTTT,1662,1,None,None
CTAGAGTTCAGTTGAC-1,False,CTAGAGTTCAGTTGAC-1_contig_1,False,563,TRA,TRAV16D-DV11,None,TRAJ26,TRAC,True,True,CAMREENNYAQGLTF,TGTGCTATGAGAGAGGAAAATAACTATGCCCAGGGATTAACCTTC,2546,1,None,None
CTAGAGTTCCCAAGTA-1,False,CTAGAGTTCCCAAGTA-1_contig_1,False,564,TRA,TRAV4D-3,None,TRAJ17,TRAC,True,True,CAAPNSAGNKLTF,TGTGCTGCGCCTAACAGTGCAGGGAACAAGCTAACTTTT,710,1,None,None
CTAGAGTTCGTACCGG-1,False,CTAGAGTTCGTACCGG-1_contig_1,False,402,TRB,None,None,TRBJ1-2,TRBC1,False,False,None,None,1328,1,None,None
CTAGAGTTCTACTTAC-1,False,CTAGAGTTCTACTTAC-1_contig_1,False,466,TRB,TRBV13-1,None,TRBJ2-3,None,True,False,CASGDSAETLYF,TGTGCCAGCGGGGACAGTGCAGAAACGCTGTATTTT,1292,1,None,None
CTAGAGTTCTCGTATT-1,False,CTAGAGTTCTCGTATT-1_contig_1,False,369,TRB,None,None,TRBJ1-2,TRBC1,False,False,None,None,1932,1,None,None
CTAGAGTTCTCTGCTG-1,False,CTAGAGTTCTCTGCTG-1_contig_1,False,578,TRB,TRBV12-2+TRBV13-2,None,TRBJ1-5,TRBC1,True,True,CASGTGDNQAPLF,TGTGCCAGCGGGACAGGGGACAACCAGGCTCCGCTTTTT,2046,2,None,None
CTAGCCTAGAGTACAT-1,False,CTAGCCTAGAGTACAT-1_contig_1,True,427,TRB,TRBV16,None,None,None,False,False,CKQLWW,TGCAAGCAGCTTTGGTGG,686,1,None,None
CTAGCCTAGAGTACAT-1,False,CTAGCCTAGAGTACAT-1_contig_2,True,377,TRB,None,None,TRBJ1-6,TRBC1,False,False,None,None,2622,2,None,None
CTAGCCTAGCTGTCTA-1,False,CTAGCCTAGCTGTCTA-1_contig_1,False,597,TRB,TRBV13-1,None,TRBJ2-5,None,True,False,CASSDGDDTQYF,TGTGCCAGCAGTGACGGGGACGACACCCAGTACTTT,1176,1,None,None
CTAGCCTAGTCTCCTC-1,False,CTAGCCTAGTCTCCTC-1_contig_1,False,537,TRA,TRAV6D-5,None,TRAJ38,TRAC,True,False,CTTVFWDNVGDNSKLIW,TGTACTACTGTGTTCTGGGATAATGTTGGTGACAACAGTAAGCTGATTTGG,1436,1,None,None
CTAGCCTCAATCGAAA-1,False,CTAGCCTCAATCGAAA-1_contig_1,False,549,TRB,TRBV16,None,TRBJ2-5,None,True,True,CASSLGGYQDTQYF,TGTGCAAGCAGCTTAGGGGGCTACCAAGACACCCAGTACTTT,2292,1,None,None
CTAGCCTCAGGTTTCA-1,False,CTAGCCTCAGGTTTCA-1_contig_1,False,522,TRB,TRBV5,None,TRBJ1-5,TRBC1,True,True,CASSQAGENNQAPLF,TGTGCCAGCAGCCAAGCAGGGGAGAACAACCAGGCTCCGCTTTTT,1364,1,None,None
CTAGCCTCAGGTTTCA-1,False,CTAGCCTCAGGTTTCA-1_contig_2,False,617,TRA,TRAV12D-3,None,TRAJ26,TRAC,True,True,CALSVNYAQGLTF,TGTGCTCTGAGTGTCAACTATGCCCAGGGATTAACCTTC,240,1,None,None
CTAGCCTCATGAACCT-1,False,CTAGCCTCATGAACCT-1_contig_1,False,376,TRB,None,None,TRBJ1-6,TRBC1,False,False,None,None,2380,1,None,None
CTAGCCTCATGAGCGA-1,False,CTAGCCTCATGAGCGA-1_contig_1,False,584,TRB,TRBV12-2+TRBV13-2,None,TRBJ2-7,None,True,True,CASGTGGDYEQYF,TGTGCCAGCGGGACTGGGGGGGACTATGAACAGTACTTC,1458,1,None,None
CTAGCCTCATTATCTC-1,False,CTAGCCTCATTATCTC-1_contig_1,False,525,TRB,TRBV13-1,None,TRBJ2-3,None,True,True,CASGDSAETLYF,TGTGCCAGCGGGGACAGTGCAGAAACGCTGTATTTT,1452,1,None,None
CTAGCCTGTAGGGACT-1,False,CTAGCCTGTAGGGACT-1_contig_1,False,549,TRA,TRAV8N-2,None,TRAJ13,TRAC,True,True,CATEDSGTYQRF,TGTGCTACTGAGGATTCTGGGACTTACCAGAGGTTT,1862,1,None,None
CTAGCCTGTTATCCGA-1,False,CTAGCCTGTTATCCGA-1_contig_1,False,512,TRB,TRBV13-1,None,TRBJ2-3,None,True,True,CASGDSAETLYF,TGTGCCAGCGGGGACAGTGCAGAAACGCTGTATTTT,1410,1,None,None
CTAGCCTGTTTGTTTC-1,False,CTAGCCTGTTTGTTTC-1_contig_1,False,592,TRA,TRAV19,None,TRAJ39,TRAC,True,True,CAAGGNNAGAKLTF,TGCGCAGCAGGTGGGAATAATGCAGGTGCCAAGCTCACATTC,1864,1,None,None
CTAGCCTGTTTGTTTC-1,False,CTAGCCTGTTTGTTTC-1_contig_2,False,656,TRB,TRBV12-2+TRBV13-2,None,TRBJ1-2,TRBC1,True,True,CASGGGTGNSDYTF,TGTGCCAGCGGTGGGGGGACAGGGAACTCCGACTACACCTTC,944,1,None,None
CTAGCCTGTTTGTTTC-1,False,CTAGCCTGTTTGTTTC-1_contig_3,True,303,TRB,None,None,TRBJ2-7,None,False,False,None,None,2556,1,None,None
CTAGCCTGTTTGTTTC-1,False,CTAGCCTGTTTGTTTC-1_contig_4,True,519,TRA,TRAV7-5,None,TRAJ45,TRAC,True,False,CSDTEGADRLTF,TGCAGTGATACAGAAGGTGCAGATAGACTCACCTTT,2740,1,None,None
CTAGCCTTCACTTATC-1,False,CTAGCCTTCACTTATC-1_contig_1,False,571,TRB,TRBV13-2,None,TRBJ1-2,TRBC1,True,True,CASGGGTGNSDYTF,TGTGCCAGCGGTGGGGGGACAGGGAACTCCGACTACACCTTC,1196,1,None,None
CTAGCCTTCAGCTTAG-1,False,CTAGCCTTCAGCTTAG-1_contig_1,False,563,TRB,TRBV12-2+TRBV13-2,None,TRBJ1-2,TRBC1,True,True,CASGGGTGNSDYTF,TGTGCCAGCGGTGGGGGGACAGGGAACTCCGACTACACCTTC,1246,1,None,None
CTAGCCTTCCTTTCTC-1,False,CTAGCCTTCCTTTCTC-1_contig_1,False,576,TRB,TRBV12-2+TRBV13-2,None,TRBJ1-5,TRBC1,True,True,CASGTGDNQAPLF,TGTGCCAGCGGGACCGGGGACAACCAGGCTCCGCTTTTT,1108,1,None,None
CTAGCCTTCTAACCGA-1,False,CTAGCCTTCTAACCGA-1_contig_1,False,573,TRB,TRBV12-2+TRBV13-2,None,TRBJ1-2,TRBC1,True,True,CASGGGTGNSDYTF,TGTGCCAGCGGTGGGGGGACAGGGAACTCCGACTACACCTTC,1944,1,None,None
CTAGCCTTCTTGTCAT-1,False,CTAGCCTTCTTGTCAT-1_contig_1,False,508,TRA,TRAV19,None,TRAJ39,TRAC,True,False,CAAGGNNAGAKLTF,TGCGCAGCAGGTGGGAATAATGCAGGTGCCAAGCTCACATTC,1560,2,None,None
CTAGTGAAGAAACCTA-1,False,CTAGTGAAGAAACCTA-1_contig_1,False,525,TRB,TRBV17,None,TRBJ2-5,None,True,True,CASSRKGSQDTQYF,TGTGCTAGCAGTAGAAAGGGTTCTCAAGACACCCAGTACTTT,2242,1,None,None
CTAGTGAAGAACTCGG-1,False,CTAGTGAAGAACTCGG-1_contig_1,False,569,TRB,TRBV12-2+TRBV13-2,None,TRBJ1-2,TRBC1,True,True,CASGGGTGNSDYTF,TGTGCCAGCGGTGGGGGGACAGGGAACTCCGACTACACCTTC,1312,1,None,None
CTAGTGAAGCCAGAAC-1,False,CTAGTGAAGCCAGAAC-1_contig_1,False,331,TRB,None,None,TRBJ2-1,None,False,False,None,None,2932,1,None,None
CTAGTGAAGCCGTCGT-1,False,CTAGTGAAGCCGTCGT-1_contig_1,False,478,TRB,TRBV13-1,None,TRBJ2-3,None,True,False,CASGDSAETLYF,TGTGCCAGCGGGGACAGTGCAGAAACGCTGTATTTT,608,1,None,None
CTAGTGAAGCTAAACA-1,False,CTAGTGAAGCTAAACA-1_contig_1,False,563,TRB,TRBV12-2+TRBV13-2,None,TRBJ1-5,TRBC1,True,True,CASGTGDNQAPLF,TGTGCCAGCGGGACAGGGGACAACCAGGCTCCGCTTTTT,1222,1,None,None
CTAGTGAAGGACAGCT-1,False,CTAGTGAAGGACAGCT-1_contig_1,False,571,TRB,TRBV12-2+TRBV13-2,None,TRBJ2-3,None,True,True,CASGDAPPGEGTLYF,TGTGCCAGCGGTGATGCACCTCCAGGGGAGGGAACGCTGTATTTT,1120,1,None,None
CTAGTGAAGGCTCTTA-1,False,CTAGTGAAGGCTCTTA-1_contig_1,False,556,TRB,TRBV12-2+TRBV13-2,None,TRBJ2-7,None,True,True,CASGDPRPYF,TGTGCCAGCGGTGATCCCAGACCGTACTTC,2042,1,None,None
CTAGTGAAGTACGTAA-1,False,CTAGTGAAGTACGTAA-1_contig_1,False,566,TRA,TRAV14D-3-DV8,None,TRAJ6,TRAC,True,True,CAARTSGGNYKPTF,TGTGCAGCAAGAACCTCAGGAGGAAACTACAAACCTACGTTT,2570,2,None,None
CTAGTGAAGTCATGCT-1,False,CTAGTGAAGTCATGCT-1_contig_1,False,549,TRB,TRBV16,None,TRBJ2-5,None,True,True,CASSLGGGQDTQYF,TGTGCAAGCAGCTTAGGGGGGGGGCAAGACACCCAGTACTTT,5420,8,None,None
CTAGTGAAGTCATGCT-1,False,CTAGTGAAGTCATGCT-1_contig_2,False,516,TRA,TRAV6-6,None,TRAJ24,TRAC,True,True,CAPLTTASLGKLQF,TGTGCTCCGTTGACAACTGCCAGTTTGGGGAAACTGCAGTTT,2720,3,None,None
CTAGTGAAGTCATGCT-1,False,CTAGTGAAGTCATGCT-1_contig_3,False,555,TRA,TRAV3-3,None,TRAJ49,TRAC,True,True,CAVSGATGYQNFYF,TGCGCAGTCAGTGGGGCCACGGGTTACCAGAACTTCTATTTT,1284,2,None,None
CTAGTGAAGTCATGCT-1,False,CTAGTGAAGTCATGCT-1_contig_4,False,507,TRA,TRAV21-DV12,None,TRAJ42,TRAC,True,True,CILRVHGGSNAKLTF,TGTATCCTGAGAGTCCATGGAGGAAGCAATGCAAAGCTAACCTTC,2636,3,None,None
CTAGTGAAGTCATGCT-1,False,CTAGTGAAGTCATGCT-1_contig_5,False,590,TRB,TRBV12-2+TRBV13-2,None,TRBJ2-7,None,True,True,CASGVQGEQYF,TGTGCCAGCGGTGTTCAGGGAGAACAGTACTTC,12696,20,None,None
CTAGTGAAGTCATGCT-1,False,CTAGTGAAGTCATGCT-1_contig_6,False,512,TRB,TRBV13-1,None,TRBJ2-4,None,True,True,CASSEGTNTLYF,TGTGCCAGCAGTGAAGGAACAAACACCTTGTACTTT,32576,49,None,None
CTAGTGAAGTCATGCT-1,False,CTAGTGAAGTCATGCT-1_contig_7,False,560,TRA,TRAV4D-3,None,TRAJ27,TRAC,True,True,CAADGPNTGKLTF,TGTGCTGCTGACGGGCCCAATACAGGCAAATTAACCTTT,5236,6,None,None
CTAGTGAAGTCATGCT-1,False,CTAGTGAAGTCATGCT-1_contig_8,False,705,TRA,TRAV9D-2,None,TRAJ26,TRAC,True,True,CVLSRGNNYAQGLTF,TGTGTTCTGAGCAGGGGCAATAACTATGCCCAGGGATTAACCTTC,4908,5,None,None
CTAGTGAAGTCATGCT-1,False,CTAGTGAAGTCATGCT-1_contig_9,False,595,TRA,TRAV7-4,None,TRAJ31,TRAC,True,False,None,None,432,1,None,None
CTAGTGACAGGGTTAG-1,False,CTAGTGACAGGGTTAG-1_contig_1,False,535,TRB,TRBV16,None,TRBJ2-5,None,True,True,CASSLGGGQDTQYF,TGTGCAAGCAGCTTAGGGGGGGGCCAAGACACCCAGTACTTT,3620,2,None,None
CTAGTGACAGGGTTAG-1,False,CTAGTGACAGGGTTAG-1_contig_2,True,465,TRA,TRAV7N-6,None,TRAJ30,TRAC,True,False,CAVVDTNAYKVIF,TGTGCAGTGGTTGACACAAATGCTTACAAAGTCATCTTT,2548,1,None,None
CTAGTGACATGGATGG-1,False,CTAGTGACATGGATGG-1_contig_1,False,523,TRA,TRAV7D-2,None,TRAJ31,TRAC,True,True,CAASIEDSNNRIFF,TGTGCAGCAAGCATAGAGGATAGCAATAACAGAATCTTCTTT,1516,1,None,None
CTAGTGACATTGGTAC-1,False,CTAGTGACATTGGTAC-1_contig_1,False,369,TRB,None,None,TRBJ1-4,TRBC1,False,False,None,None,1668,1,None,None
CTAGTGAGTCAAAGCG-1,False,CTAGTGAGTCAAAGCG-1_contig_1,False,505,TRB,TRBV13-1,None,TRBJ2-3,None,True,True,CASGDSAETLYF,TGTGCCAGCGGGGACAGTGCAGAAACGCTGTATTTT,1074,1,None,None
CTAGTGATCATACGGT-1,False,CTAGTGATCATACGGT-1_contig_1,False,586,TRB,TRBV12-2+TRBV13-2,None,TRBJ1-2,TRBC1,True,True,CASGGGTGNSDYTF,TGTGCCAGCGGTGGGGGGACAGGGAACTCCGACTACACCTTC,470,1,None,None
CTAGTGATCGTCCGTT-1,False,CTAGTGATCGTCCGTT-1_contig_1,False,552,TRB,TRBV12-2+TRBV13-2,None,TRBJ2-1,None,True,True,CASGDPFQFF,TGTGCCAGCGGTGATCCTTTCCAGTTCTTC,1050,1,None,None
CTAGTGATCGTCCGTT-1,False,CTAGTGATCGTCCGTT-1_contig_2,False,590,TRA,TRAV4D-3,None,TRAJ27,TRAC,True,True,CAADGPNTGKLTF,TGTGCTGCTGACGGGCCCAATACAGGCAAATTAACCTTT,1450,1,None,None
CTCACACAGACAGAGA-1,False,CTCACACAGACAGAGA-1_contig_1,False,543,TRB,TRBV16,None,TRBJ2-5,None,True,True,CASSLGGYQDTQYF,TGTGCAAGCAGCTTAGGGGGCTACCAAGACACCCAGTACTTT,1226,1,None,None
CTCACACAGACAGAGA-1,False,CTCACACAGACAGAGA-1_contig_2,False,514,TRA,TRAV4-3,None,TRAJ27,TRAC,True,True,CAAANTNTGKLTF,TGTGCTGCTGCTAACACCAATACAGGCAAATTAACCTTT,1664,1,None,None
CTCACACAGAGGTTGC-1,False,CTCACACAGAGGTTGC-1_contig_1,False,549,TRB,TRBV16,None,TRBJ2-7,None,True,True,CASSFGGGADEQYF,TGTGCAAGCAGCTTTGGTGGGGGGGCGGATGAACAGTACTTC,664,1,None,None
CTCACACAGGAATGGA-1,False,CTCACACAGGAATGGA-1_contig_1,False,551,TRB,TRBV12-2+TRBV13-2,None,TRBJ1-2,TRBC1,True,True,CASGGGTGNSDYTF,TGTGCCAGCGGTGGGGGGACAGGGAACTCCGACTACACCTTC,968,1,None,None
CTCACACAGGACACCA-1,False,CTCACACAGGACACCA-1_contig_1,False,489,TRA,TRAV13-2,None,TRAJ43,TRAC,True,False,CATLNNNNAPRF,TGTGCTACTCTCAATAACAACAATGCCCCACGATTT,2260,1,None,None
CTCACACAGGTGTTAA-1,False,CTCACACAGGTGTTAA-1_contig_1,False,515,TRB,TRBV13-1,None,TRBJ1-4,TRBC1,True,True,CASGTGANERLFF,TGTGCCAGCGGGACAGGGGCCAACGAAAGATTATTTTTC,1666,1,None,None
CTCACACAGGTTCCTA-1,False,CTCACACAGGTTCCTA-1_contig_1,False,507,TRB,TRBV31,None,TRBJ2-4,None,True,True,CAWDNQNTLYF,TGTGCCTGGGACAATCAAAACACCTTGTACTTT,2072,1,None,None
CTCACACAGTGTACTC-1,False,CTCACACAGTGTACTC-1_contig_1,False,549,TRB,TRBV16,None,TRBJ2-5,None,True,True,CASSLGGGQDTQYF,TGTGCAAGCAGCTTAGGGGGGGGCCAAGACACCCAGTACTTT,442,1,None,None
CTCACACCAAATCCGT-1,False,CTCACACCAAATCCGT-1_contig_1,False,492,TRA,TRAV3D-3,None,TRAJ26,TRAC,True,False,CAVSANNYAQGLTF,TGCGCAGTCAGTGCAAATAACTATGCCCAGGGATTAACCTTC,2748,1,None,None
CTCACACCAACACCTA-1,False,CTCACACCAACACCTA-1_contig_1,False,538,TRA,TRAV19,None,TRAJ39,TRAC,True,True,CAAGGNNAGAKLTF,TGCGCAGCAGGTGGGAATAATGCAGGTGCCAAGCTCACATTC,2516,1,None,None
CTCACACCATGTAGTC-1,False,CTCACACCATGTAGTC-1_contig_1,False,565,TRA,TRAV15D-1-DV6D-1,None,TRAJ40,TRAC,True,True,CALWERPNTGNYKYVF,TGTGCTCTCTGGGAGCGCCCAAATACAGGAAACTACAAATACGTCTTT,1938,1,None,None
CTCACACCATTCTTAC-1,False,CTCACACCATTCTTAC-1_contig_1,False,538,TRA,TRAV8-1,None,TRAJ30,TRAC,True,True,CATDTNAYKVIF,TGTGCTACTGACACAAATGCTTACAAAGTCATCTTT,2074,1,None,None
CTCACACCATTTCACT-1,False,CTCACACCATTTCACT-1_contig_1,False,527,TRA,TRAV6D-3,None,TRAJ30,TRAC,True,True,CAMSDDTNAYKVIF,TGTGCTATGAGTGATGACACAAATGCTTACAAAGTCATCTTT,2440,1,None,None
CTCACACGTACAAGTA-1,False,CTCACACGTACAAGTA-1_contig_1,False,637,TRB,TRBV12-2+TRBV13-2,None,TRBJ1-5,TRBC1,True,True,CASGTGDNQAPLF,TGTGCCAGCGGAACAGGGGACAACCAGGCTCCGCTTTTT,1426,1,None,None
CTCACACGTACCATCA-1,False,CTCACACGTACCATCA-1_contig_1,False,577,TRB,TRBV12-1,None,TRBJ2-5,None,True,True,CASSPRDWDQDTQYF,TGTGCCAGCTCTCCTCGGGACTGGGACCAAGACACCCAGTACTTT,1718,1,None,None
CTCACACGTACCATCA-1,False,CTCACACGTACCATCA-1_contig_2,False,644,TRB,TRBV12-2+TRBV13-2,None,TRBJ1-2,TRBC1,True,True,CASGGGTGNSDYTF,TGTGCCAGCGGTGGGGGGACAGGGAACTCCGACTACACCTTC,1330,1,None,None
CTCACACGTACCTACA-1,False,CTCACACGTACCTACA-1_contig_1,False,565,TRB,TRBV12-2+TRBV13-2,None,TRBJ1-2,TRBC1,True,True,CASGGGTGNSDYTF,TGTGCCAGCGGTGGGGGGACAGGGAACTCCGACTACACCTTC,1860,1,None,None
CTCACACGTTGTTTGG-1,False,CTCACACGTTGTTTGG-1_contig_1,False,505,TRB,TRBV13-1,None,TRBJ2-4,None,True,True,CASSEGTNTLYF,TGTGCCAGCAGTGAAGGAACAAACACCTTGTACTTT,1770,1,None,None
CTCACACTCAAACCAC-1,False,CTCACACTCAAACCAC-1_contig_1,False,558,TRB,TRBV12-2+TRBV13-2,None,TRBJ2-7,None,True,True,CASGTGGDYEQYF,TGTGCCAGCGGGACTGGGGGGGACTATGAACAGTACTTC,1888,1,None,None
CTCACACTCACAATGC-1,False,CTCACACTCACAATGC-1_contig_1,False,564,TRB,TRBV12-2+TRBV13-2,None,TRBJ1-2,TRBC1,True,True,CASGGGTGNSDYTF,TGTGCCAGCGGTGGGGGGACAGGGAACTCCGACTACACCTTC,1324,1,None,None
CTCACACTCCTATGTT-1,False,CTCACACTCCTATGTT-1_contig_1,False,548,TRB,TRBV13-2,None,TRBJ1-5,TRBC1,True,True,CASGTGDNQAPLF,TGTGCCAGCGGGACAGGGGACAACCAGGCTCCGCTTTTT,1162,1,None,None
CTCACACTCGCCTGAG-1,False,CTCACACTCGCCTGAG-1_contig_1,False,506,TRA,TRAV7N-6,None,TRAJ30,TRAC,True,True,CAVVDTNAYKVIF,TGTGCAGTGGTTGACACAAATGCTTACAAAGTCATCTTT,2366,1,None,None
CTCACACTCTGCTGTC-1,False,CTCACACTCTGCTGTC-1_contig_1,False,557,TRA,TRAV8N-2,None,TRAJ52,TRAC,True,False,None,None,1046,1,None,None
CTCAGAAAGACAATAC-1,False,CTCAGAAAGACAATAC-1_contig_1,False,533,TRA,TRAV12-2,None,TRAJ37,TRAC,True,True,CALSPQTGNTGKLIF,TGTGCTTTGAGCCCCCAAACAGGCAATACCGGAAAACTCATCTTT,1396,2,None,None
CTCAGAAAGTGTGGCA-1,False,CTCAGAAAGTGTGGCA-1_contig_1,False,643,TRA,TRAV8-1,None,TRAJ30,TRAC,True,True,CATDTNAYKVIF,TGTGCTACTGACACAAATGCTTACAAAGTCATCTTT,1412,1,None,None
CTCAGAAAGTTATCGC-1,False,CTCAGAAAGTTATCGC-1_contig_1,False,554,TRB,TRBV12-2+TRBV13-2,None,TRBJ2-1,None,True,True,CASGDPFQFF,TGTGCCAGCGGTGATCCTTTCCAGTTCTTC,504,1,None,None
CTCAGAACAAAGGCGT-1,False,CTCAGAACAAAGGCGT-1_contig_1,False,525,TRB,TRBV17,None,TRBJ2-5,None,True,True,CASSRKGSQDTQYF,TGTGCTAGCAGTAGAAAGGGTTCTCAAGACACCCAGTACTTT,1470,1,None,None
CTCAGAACAAAGGCGT-1,False,CTCAGAACAAAGGCGT-1_contig_2,False,516,TRA,TRAV13D-4,None,TRAJ9,TRAC,True,False,None,None,358,1,None,None
CTCAGAACAAGGACTG-1,False,CTCAGAACAAGGACTG-1_contig_1,False,440,TRB,TRBV12-2+TRBV13-2,None,TRBJ2-1,None,True,False,CASEAAYAEQFF,TGTGCCAGCGAAGCAGCCTATGCTGAGCAGTTCTTC,1810,1,None,None
CTCAGAACAATGGACG-1,False,CTCAGAACAATGGACG-1_contig_1,False,632,TRB,TRBV12-2+TRBV13-2,None,TRBJ1-4,TRBC1,True,True,CASGDAPERLFF,TGTGCCAGCGGTGATGCTCCCGAAAGATTATTTTTC,650,1,None,None
CTCAGAACACGTCAGC-1,False,CTCAGAACACGTCAGC-1_contig_1,False,541,TRA,TRAV8D-1,None,TRAJ30,TRAC,True,True,CATDTNAYKVIF,TGTGCTACTGACACAAATGCTTACAAAGTCATCTTT,1678,1,None,None
CTCAGAACACTCGACG-1,False,CTCAGAACACTCGACG-1_contig_1,False,547,TRA,TRAV16D-DV11,None,TRAJ26,TRAC,True,True,CAMREENNYAQGLTF,TGTGCTATGAGAGAGGAAAATAACTATGCCCAGGGATTAACCTTC,614,1,None,None
CTCAGAACAGCTGCTG-1,False,CTCAGAACAGCTGCTG-1_contig_1,False,522,TRB,TRBV31,None,TRBJ2-3,None,True,True,CAWSLLLGGSAETLYF,TGTGCCTGGAGTCTACTCCTGGGGGGAAGTGCAGAAACGCTGTATTTT,1706,1,None,None
CTCAGAACAGTATGCT-1,False,CTCAGAACAGTATGCT-1_contig_1,False,549,TRA,TRAV8N-2,None,TRAJ13,TRAC,True,True,CATEDSGTYQRF,TGTGCTACTGAGGATTCTGGGACTTACCAGAGGTTT,2058,1,None,None
CTCAGAAGTAACGTTC-1,False,CTCAGAAGTAACGTTC-1_contig_1,False,517,TRB,TRBV12-2+TRBV13-2,None,TRBJ2-7,None,True,True,CASGVQGEQYF,TGTGCCAGCGGTGTTCAGGGAGAACAGTACTTC,690,1,None,None
CTCAGAAGTAGCTAAA-1,False,CTCAGAAGTAGCTAAA-1_contig_1,False,650,TRB,TRBV12-2+TRBV13-2,None,TRBJ1-2,TRBC1,True,True,CASGGGTGNSDYTF,TGTGCCAGCGGTGGGGGGACAGGGAACTCCGACTACACCTTC,814,1,None,None
CTCAGAAGTAGGGACT-1,False,CTCAGAAGTAGGGACT-1_contig_1,False,695,TRA,TRAV9N-4,None,TRAJ22,TRAC,True,True,CALPSSGSWQLIF,TGTGCTCTCCCATCTTCTGGCAGCTGGCAACTCATCTTT,1916,1,None,None
CTCAGAAGTCTCAACA-1,False,CTCAGAAGTCTCAACA-1_contig_1,False,557,TRB,TRBV13-2,None,TRBJ2-7,None,True,True,CASGVQGEQYF,TGTGCCAGCGGTGTTCAGGGAGAACAGTACTTC,1668,1,None,None
CTCAGAAGTCTCTTAT-1,False,CTCAGAAGTCTCTTAT-1_contig_1,False,593,TRA,TRAV19,None,TRAJ39,TRAC,True,True,CAAGGNNAGAKLTF,TGCGCAGCAGGTGGGAATAATGCAGGTGCCAAGCTCACATTC,1390,1,None,None
CTCAGAAGTTACTGAC-1,False,CTCAGAAGTTACTGAC-1_contig_1,False,549,TRB,TRBV16,None,TRBJ2-5,None,True,True,CASSLGGGEDTQYF,TGTGCAAGCAGCTTAGGAGGGGGCGAGGACACCCAGTACTTT,404,2,None,None
CTCAGAAGTTCAGTAC-1,False,CTCAGAAGTTCAGTAC-1_contig_1,False,549,TRB,TRBV16,None,TRBJ2-5,None,True,True,CASSLGGGQDTQYF,TGTGCAAGCAGCTTAGGGGGGGGCCAAGACACCCAGTACTTT,2312,1,None,None
CTCAGAAGTTCCACGG-1,False,CTCAGAAGTTCCACGG-1_contig_1,False,493,TRB,TRBV16,None,TRBJ2-5,None,True,True,CASSLGGNQDTQYF,TGTGCAAGCAGCTTGGGGGGTAACCAAGACACCCAGTACTTT,60,1,None,None
CTCAGAATCATCGATG-1,False,CTCAGAATCATCGATG-1_contig_1,False,513,TRA,TRAV13D-2,None,TRAJ11,TRAC,True,True,CAIDLDSGYNKLTF,TGTGCTATAGATCTTGACTCGGGATACAACAAACTCACTTTT,2186,1,None,None
CTCATTAAGAGTTGGC-1,False,CTCATTAAGAGTTGGC-1_contig_1,False,587,TRB,TRBV12-2+TRBV13-2,None,TRBJ2-7,None,True,True,CASGVQGWEQYF,TGTGCCAGCGGTGTACAGGGGTGGGAACAGTACTTC,1316,2,None,None
CTCATTAAGCGTGTCC-1,False,CTCATTAAGCGTGTCC-1_contig_1,False,549,TRB,TRBV16,None,TRBJ2-5,None,True,True,CASSLGGGQDTQYF,TGTGCAAGCAGCTTAGGGGGGGGCCAAGACACCCAGTACTTT,1178,1,None,None
CTCATTAAGCTAGTGG-1,False,CTCATTAAGCTAGTGG-1_contig_1,False,496,TRA,TRAV3D-3,None,TRAJ28,TRAC,True,False,CTSAQSVRGTGSNRLTF,TGTACTTCTGCGCAGTCAGTGAGGGGCACTGGGAGTAACAGGCTCACTTTT,1144,1,None,None
CTCATTAAGGGCTCTC-1,False,CTCATTAAGGGCTCTC-1_contig_1,False,576,TRB,TRBV12-2+TRBV13-2,None,TRBJ1-2,TRBC1,True,True,CASGGGTGNSDYTF,TGTGCCAGCGGTGGGGGGACAGGGAACTCCGACTACACCTTC,4376,5,None,None
CTCATTAAGGGCTCTC-1,False,CTCATTAAGGGCTCTC-1_contig_2,False,514,TRA,TRAV7D-2,None,TRAJ22,TRAC,True,True,CAATSSGSWQLIF,TGTGCAGCAACTTCTTCTGGCAGCTGGCAACTCATCTTT,4160,5,None,None
CTCATTAAGGGCTCTC-1,False,CTCATTAAGGGCTCTC-1_contig_3,True,368,TRB,None,None,TRBJ2-1,None,False,False,None,None,3622,2,None,None
CTCATTAAGGGCTCTC-1,False,CTCATTAAGGGCTCTC-1_contig_4,True,623,TRB,None,None,TRBJ2-7,None,False,False,None,None,1046,1,None,None
CTCATTAAGTACGCGA-1,False,CTCATTAAGTACGCGA-1_contig_1,False,566,TRB,TRBV12-2+TRBV13-2,None,TRBJ1-2,TRBC1,True,True,CASGGGTGNSDYTF,TGTGCCAGCGGTGGGGGGACAGGGAACTCCGACTACACCTTC,1260,1,None,None
CTCATTAAGTGCGATG-1,False,CTCATTAAGTGCGATG-1_contig_1,False,549,TRB,TRBV16,None,TRBJ2-5,None,True,True,CASSWGGGQDTQYF,TGTGCAAGCAGCTGGGGGGGCGGGCAAGACACCCAGTACTTT,1494,1,None,None
CTCATTACAAGTAGTA-1,False,CTCATTACAAGTAGTA-1_contig_1,False,527,TRA,TRAV6D-5,None,TRAJ38,TRAC,True,False,CTTVFWDNVGDNSKLIW,TGTACTACTGTGTTCTGGGATAATGTTGGTGACAACAGTAAGCTGATTTGG,2428,2,None,None
CTCATTACACGGTAAG-1,False,CTCATTACACGGTAAG-1_contig_1,False,539,TRB,TRBV16,None,TRBJ2-7,None,True,True,CASSFGGGADEQYF,TGTGCAAGCAGCTTTGGTGGGGGGGCGGATGAACAGTACTTC,2140,1,None,None
CTCATTACACTTACGA-1,False,CTCATTACACTTACGA-1_contig_1,False,549,TRA,TRAV8N-2,None,TRAJ13,TRAC,True,True,CATEDSGTYQRF,TGTGCTACTGAGGATTCTGGGACTTACCAGAGGTTT,1846,1,None,None
CTCATTACATCCCACT-1,False,CTCATTACATCCCACT-1_contig_1,False,518,TRA,TRAV6-6,None,TRAJ24,TRAC,True,True,CAPLTTASLGKLQF,TGTGCTCCGTTGACAACTGCCAGTTTGGGGAAACTGCAGTTT,2048,1,None,None
CTCATTACATCCCACT-1,False,CTCATTACATCCCACT-1_contig_2,False,522,TRA,TRAV8-1,None,TRAJ49,TRAC,True,True,CATDAGGYQNFYF,TGTGCTACTGATGCGGGGGGTTACCAGAACTTCTATTTT,2206,3,None,None
CTCATTAGTAAGGGAA-1,False,CTCATTAGTAAGGGAA-1_contig_1,False,517,TRB,TRBV14,None,TRBJ2-7,None,True,True,CASSAGQNYEQYF,TGTGCCAGCAGTGCGGGACAAAACTATGAACAGTACTTC,730,1,None,None
CTCATTAGTATAGTAG-1,False,CTCATTAGTATAGTAG-1_contig_1,False,535,TRB,TRBV16,None,TRBJ2-7,None,True,True,CASSFGGGADEQYF,TGTGCAAGCAGCTTTGGTGGGGGGGCGGATGAACAGTACTTC,1558,1,None,None
CTCATTAGTATAGTAG-1,False,CTCATTAGTATAGTAG-1_contig_2,False,565,TRB,TRBV12-2+TRBV13-2,None,TRBJ2-7,None,True,True,CASGTGGDYEQYF,TGTGCCAGCGGGACTGGGGGGGACTATGAACAGTACTTC,1550,1,None,None
CTCATTAGTGCGAAAC-1,False,CTCATTAGTGCGAAAC-1_contig_1,False,561,TRB,TRBV12-2+TRBV13-2,None,TRBJ2-7,None,True,True,CASGVQGGEQYF,TGTGCCAGCGGTGTGCAGGGGGGAGAACAGTACTTC,1088,1,None,None
CTCATTAGTTCCAACA-1,False,CTCATTAGTTCCAACA-1_contig_1,False,549,TRB,TRBV16,None,TRBJ2-5,None,True,True,CASSLGGYQDTQYF,TGTGCAAGCAGCTTAGGGGGCTACCAAGACACCCAGTACTTT,11324,13,None,None
CTCATTAGTTCCAACA-1,False,CTCATTAGTTCCAACA-1_contig_10,False,633,TRB,None,None,TRBJ2-3,None,False,False,None,None,1912,3,None,None
CTCATTAGTTCCAACA-1,False,CTCATTAGTTCCAACA-1_contig_11,False,544,TRA,TRAV6D-5,None,TRAJ38,TRAC,True,False,CTTVFWDNVGDNSKLIW,TGTACTACTGTGTTCTGGGATAATGTTGGTGACAACAGTAAGCTGATTTGG,1304,4,None,None
CTCATTAGTTCCAACA-1,False,CTCATTAGTTCCAACA-1_contig_2,False,558,TRA,TRAV19,None,TRAJ39,TRAC,True,True,CAAGGNNAGAKLTF,TGCGCAGCAGGTGGGAATAATGCAGGTGCCAAGCTCACATTC,5534,6,None,None
CTCATTAGTTCCAACA-1,False,CTCATTAGTTCCAACA-1_contig_3,False,515,TRB,TRBV26,None,TRBJ2-5,None,True,True,CASSRGTDTQYF,TGTGCCAGCAGCCGCGGGACCGACACCCAGTACTTT,9716,8,None,None
CTCATTAGTTCCAACA-1,False,CTCATTAGTTCCAACA-1_contig_4,False,537,TRA,TRAV3-3,None,TRAJ49,TRAC,True,True,CAVSGSTGYQNFYF,TGCGCAGTCAGTGGGAGCACGGGTTACCAGAACTTCTATTTT,3790,6,None,None
CTCATTAGTTCCAACA-1,False,CTCATTAGTTCCAACA-1_contig_5,False,575,TRA,TRAV12-2,None,TRAJ37,TRAC,True,True,CALSPQTGNTGKLIF,TGTGCTTTGAGCCCCCAAACAGGCAATACCGGAAAACTCATCTTT,6066,9,None,None
CTCATTAGTTCCAACA-1,False,CTCATTAGTTCCAACA-1_contig_6,False,560,TRB,TRBV12-2+TRBV13-2,None,TRBJ2-7,None,True,True,CASGVQGWEQYF,TGTGCCAGCGGTGTACAGGGGTGGGAACAGTACTTC,8820,13,None,None
CTCATTAGTTCCAACA-1,False,CTCATTAGTTCCAACA-1_contig_7,False,555,TRA,TRAV4-3,None,TRAJ27,TRAC,True,True,CAAANTNTGKLTF,TGTGCTGCTGCTAACACCAATACAGGCAAATTAACCTTT,12728,12,None,None
CTCATTAGTTCCAACA-1,False,CTCATTAGTTCCAACA-1_contig_8,False,560,TRB,TRBV12-2+TRBV13-2,None,TRBJ1-2,TRBC1,True,True,CASGGGTGNSDYTF,TGTGCCAGCGGTGGGGGGACAGGGAACTCCGACTACACCTTC,6984,11,None,None
CTCATTAGTTCCAACA-1,False,CTCATTAGTTCCAACA-1_contig_9,False,516,TRA,TRAV12-1,None,TRAJ48,TRAC,True,True,CALSDAGDYGNEKITF,TGTGCTCTGAGTGATGCAGGAGACTATGGAAATGAGAAAATAACTTTT,3882,4,None,None
CTCATTATCCGTACAA-1,False,CTCATTATCCGTACAA-1_contig_1,False,515,TRB,TRBV13-2,None,TRBJ2-7,None,True,True,CASGTGGDYEQYF,TGTGCCAGCGGGACTGGGGGGGATTATGAACAGTACTTC,982,1,None,None
CTCATTATCGGCTTGG-1,False,CTCATTATCGGCTTGG-1_contig_1,False,574,TRB,TRBV12-2+TRBV13-2,None,TRBJ2-3,None,True,True,CASGDAPPGEGTLYF,TGTGCCAGCGGTGATGCACCTCCAGGGGAGGGAACGCTGTATTTT,6186,6,None,None
CTCATTATCGGCTTGG-1,False,CTCATTATCGGCTTGG-1_contig_2,False,588,TRA,TRAV7-4,None,TRAJ26,TRAC,True,True,CAASDYAQGLTF,TGTGCAGCTAGTGACTATGCCCAGGGATTAACCTTC,1340,1,None,None
CTCATTATCGGCTTGG-1,False,CTCATTATCGGCTTGG-1_contig_3,False,568,TRB,TRBV12-2+TRBV13-2,None,TRBJ1-2,TRBC1,True,True,CASGGGTGNSDYTF,TGTGCCAGCGGTGGGGGGACAGGGAACTCCGACTACACCTTC,2024,3,None,None
CTCATTATCGGCTTGG-1,False,CTCATTATCGGCTTGG-1_contig_4,False,549,TRA,TRAV8N-2,None,TRAJ13,TRAC,True,True,CATEDSGTYQRF,TGTGCTACTGAGGATTCTGGGACTTACCAGAGGTTT,1174,1,None,None
CTCATTATCTCACATT-1,False,CTCATTATCTCACATT-1_contig_1,False,780,TRA,TRAV9D-2,None,None,TRAC,False,False,None,None,1802,1,None,None
CTCATTATCTGCAAGT-1,False,CTCATTATCTGCAAGT-1_contig_1,False,572,TRA,TRAV16,None,TRAJ52,TRAC,True,True,CAMREGHTGANTGKLTF,TGTGCTATGAGAGAGGGCCACACTGGAGCTAACACTGGAAAGCTCACGTTT,1874,1,None,None
CTCCTAGAGATGAGAG-1,False,CTCCTAGAGATGAGAG-1_contig_1,False,559,TRB,TRBV12-2+TRBV13-2,None,TRBJ2-1,None,True,True,CASGGYAEQFF,TGTGCCAGCGGGGGCTATGCTGAGCAGTTCTTC,1794,1,None,None
CTCCTAGAGCCACGTC-1,False,CTCCTAGAGCCACGTC-1_contig_1,False,330,TRB,None,None,TRBJ1-3,TRBC1,False,False,None,None,2832,1,None,None
CTCCTAGAGCTCAACT-1,False,CTCCTAGAGCTCAACT-1_contig_1,False,543,TRB,TRBV16,None,TRBJ2-5,None,True,True,CASSLGGGQDTQYF,TGTGCAAGCAGCTTAGGGGGGGGCCAAGACACCCAGTACTTT,1960,1,None,None
CTCCTAGAGTACCGGA-1,False,CTCCTAGAGTACCGGA-1_contig_1,False,568,TRB,TRBV12-2+TRBV13-2,None,TRBJ1-2,TRBC1,True,True,CASGGGTGNSDYTF,TGTGCCAGCGGTGGGGGGACAGGGAACTCCGACTACACCTTC,554,1,None,None
CTCCTAGAGTAGCGGT-1,False,CTCCTAGAGTAGCGGT-1_contig_1,False,557,TRA,TRAV8N-2,None,TRAJ52,TRAC,True,False,None,None,1000,1,None,None
CTCCTAGCACATGGGA-1,False,CTCCTAGCACATGGGA-1_contig_1,False,568,TRB,TRBV12-2+TRBV13-2,None,TRBJ2-7,None,True,True,CASGTGGDYEQYF,TGTGCCAGCGGGACTGGGGGGGACTATGAACAGTACTTC,1168,1,None,None
CTCCTAGCATGTCCTC-1,False,CTCCTAGCATGTCCTC-1_contig_1,False,572,TRA,TRAV4D-3,None,TRAJ27,TRAC,True,True,CAADGPNTGKLTF,TGTGCTGCTGACGGGCCCAATACAGGCAAATTAACCTTT,2008,1,None,None
CTCCTAGGTAAATGAC-1,False,CTCCTAGGTAAATGAC-1_contig_1,False,557,TRA,TRAV4D-3,None,TRAJ27,TRAC,True,True,CAADGPNTGKLTF,TGTGCTGCGGACGGACCCAATACAGGCAAATTAACCTTT,994,1,None,None
CTCCTAGGTTCTCATT-1,False,CTCCTAGGTTCTCATT-1_contig_1,False,549,TRA,TRAV8N-2,None,TRAJ13,TRAC,True,True,CATEDSGTYQRF,TGTGCTACTGAGGATTCTGGGACTTACCAGAGGTTT,2324,1,None,None
CTCCTAGGTTTGACAC-1,False,CTCCTAGGTTTGACAC-1_contig_1,False,527,TRB,TRBV15,None,TRBJ1-3,TRBC1,True,True,CASSLNRGSSGNTLYF,TGTGCCAGCAGTTTAAACAGGGGGAGTTCTGGAAATACGCTCTATTTT,2130,1,None,None
CTCCTAGTCAAGGTAA-1,False,CTCCTAGTCAAGGTAA-1_contig_1,False,568,TRB,TRBV12-2+TRBV13-2,None,TRBJ1-2,TRBC1,True,True,CASGGGTGNSDYTF,TGTGCCAGCGGTGGGGGGACAGGGAACTCCGACTACACCTTC,1428,1,None,None
CTCCTAGTCAGGTTCA-1,False,CTCCTAGTCAGGTTCA-1_contig_1,False,505,TRB,TRBV13-1,None,TRBJ2-5,None,True,True,CASSDGDDTQYF,TGTGCCAGCAGTGACGGGGACGACACCCAGTACTTT,1940,1,None,None
CTCCTAGTCATCGCTC-1,False,CTCCTAGTCATCGCTC-1_contig_1,False,637,TRB,TRBV12-2+TRBV13-2,None,TRBJ1-5,TRBC1,True,True,CASGTGDNQAPLF,TGTGCCAGCGGTACAGGAGACAACCAGGCTCCGCTTTTT,1200,1,None,None
CTCCTAGTCCTTCAAT-1,False,CTCCTAGTCCTTCAAT-1_contig_1,False,569,TRB,TRBV12-2+TRBV13-2,None,TRBJ1-2,TRBC1,True,True,CASGGGTGNSDYTF,TGTGCCAGCGGTGGGGGGACAGGGAACTCCGACTACACCTTC,944,1,None,None
CTCCTAGTCTGTTTGT-1,False,CTCCTAGTCTGTTTGT-1_contig_1,False,519,TRA,TRAV19,None,TRAJ39,TRAC,True,True,CAAGGNNAGAKLTF,TGCGCAGCAGGTGGGAATAATGCAGGTGCCAAGCTCACATTC,2264,1,None,None
CTCCTAGTCTGTTTGT-1,False,CTCCTAGTCTGTTTGT-1_contig_2,False,891,TRB,TRBV12-2+TRBV13-2,None,TRBJ1-2,TRBC1,True,True,CASGGGTGNSDYTF,TGTGCCAGCGGTGGGGGGACAGGGAACTCCGACTACACCTTC,1758,2,None,None
CTCGAAAAGAATAGGG-1,False,CTCGAAAAGAATAGGG-1_contig_1,False,549,TRB,TRBV16,None,TRBJ2-5,None,True,True,CASSLGGGQDTQYF,TGTGCAAGCAGCTTAGGGGGGGGCCAAGACACCCAGTACTTT,628,1,None,None
CTCGAAAAGAGCTATA-1,False,CTCGAAAAGAGCTATA-1_contig_1,False,672,TRB,TRBV12-1,None,TRBJ2-3,None,True,False,CTSVPALSDNSAETLYF,TGTACTTCTGTGCCAGCTCTCTCCGACAATAGTGCAGAAACGCTGTATTTT,1480,1,None,None
CTCGAAAAGAGGTACC-1,False,CTCGAAAAGAGGTACC-1_contig_1,False,580,TRB,TRBV12-2+TRBV13-2,None,TRBJ2-7,None,True,True,CASGVQGEQYF,TGTGCCAGCGGTGTTCAGGGAGAACAGTACTTC,1540,1,None,None
CTCGAAAAGAGGTACC-1,False,CTCGAAAAGAGGTACC-1_contig_2,False,576,TRB,TRBV5,None,TRBJ1-5,TRBC1,True,True,CASSHPGQNNQAPLF,TGTGCCAGCAGCCACCCGGGACAGAACAACCAGGCTCCGCTTTTT,412,1,None,None
CTCGAAAAGGCTATCT-1,False,CTCGAAAAGGCTATCT-1_contig_1,False,562,TRB,TRBV12-2+TRBV13-2,None,TRBJ2-7,None,True,True,CASGVQGWEQYF,TGTGCCAGCGGTGTACAGGGGTGGGAACAGTACTTC,1946,1,None,None
CTCGAAAAGGCTATCT-1,False,CTCGAAAAGGCTATCT-1_contig_2,False,565,TRB,TRBV12-2+TRBV13-2,None,TRBJ1-5,TRBC1,True,True,CASGTGDNQAPLF,TGTGCCAGCGGTACAGGAGACAACCAGGCTCCGCTTTTT,890,1,None,None
CTCGAAAAGTATTGGA-1,False,CTCGAAAAGTATTGGA-1_contig_1,False,566,TRB,TRBV12-2+TRBV13-2,None,TRBJ1-2,TRBC1,True,True,CASGGGTGNSDYTF,TGTGCCAGCGGTGGGGGGACAGGGAACTCCGACTACACCTTC,1228,1,None,None
CTCGAAAAGTATTGGA-1,False,CTCGAAAAGTATTGGA-1_contig_2,False,326,TRB,None,None,TRBJ2-2,None,False,False,None,None,714,1,None,None
CTCGAAACAACACCCG-1,False,CTCGAAACAACACCCG-1_contig_1,False,582,TRB,TRBV12-2+TRBV13-2,None,TRBJ1-2,TRBC1,True,True,CASGGGTGNSDYTF,TGTGCCAGCGGTGGGGGGACAGGGAACTCCGACTACACCTTC,1372,1,None,None
CTCGAAACAAGCCGCT-1,False,CTCGAAACAAGCCGCT-1_contig_1,False,564,TRB,TRBV12-2+TRBV13-2,None,TRBJ2-7,None,True,True,CASGTGGDYEQYF,TGTGCCAGCGGGACTGGGGGGGACTATGAACAGTACTTC,1260,1,None,None
CTCGAAACACGAAAGC-1,False,CTCGAAACACGAAAGC-1_contig_1,False,567,TRB,TRBV12-2+TRBV13-2,None,TRBJ1-2,TRBC1,True,True,CASGGGTGNSDYTF,TGTGCCAGCGGTGGGGGGACAGGGAACTCCGACTACACCTTC,1850,2,None,None
CTCGAAACAGCGTAAG-1,False,CTCGAAACAGCGTAAG-1_contig_1,False,368,TRB,None,None,TRBJ1-3,TRBC1,False,False,None,None,2000,1,None,None
CTCGAAACAGGTCTCG-1,False,CTCGAAACAGGTCTCG-1_contig_1,False,551,TRB,TRBV12-2+TRBV13-2,None,TRBJ1-2,TRBC1,True,True,CASGGGTGNSDYTF,TGTGCCAGCGGTGGGGGGACAGGGAACTCCGACTACACCTTC,1670,1,None,None
CTCGAAAGTAAGGGAA-1,False,CTCGAAAGTAAGGGAA-1_contig_1,False,554,TRB,TRBV12-2+TRBV13-2,None,TRBJ2-7,None,True,True,CASGVQGEQYF,TGTGCCAGCGGTGTTCAGGGAGAACAGTACTTC,440,1,None,None
CTCGAAATCATCGATG-1,False,CTCGAAATCATCGATG-1_contig_1,False,567,TRB,TRBV12-2+TRBV13-2,None,TRBJ1-2,TRBC1,True,True,CASGGGTGNSDYTF,TGTGCCAGCGGTGGGGGGACAGGGAACTCCGACTACACCTTC,986,1,None,None
CTCGAAATCCACGCAG-1,False,CTCGAAATCCACGCAG-1_contig_1,False,512,TRB,TRBV13-1,None,TRBJ2-3,None,True,True,CASGDSAETLYF,TGTGCCAGCGGGGACAGTGCAGAAACGCTGTATTTT,1888,1,None,None
CTCGAAATCCTATTCA-1,False,CTCGAAATCCTATTCA-1_contig_1,False,540,TRA,TRAV16N,None,TRAJ45,TRAC,True,True,CAMRELTEGADRLTF,TGTGCTATGAGAGAGCTGACAGAAGGTGCAGATAGACTCACCTTT,2922,1,None,None
CTCGAAATCTATCCTA-1,False,CTCGAAATCTATCCTA-1_contig_1,False,357,TRB,None,None,TRBJ2-1,None,False,False,None,None,2094,1,None,None
CTCGAGGAGAGGGCTT-1,False,CTCGAGGAGAGGGCTT-1_contig_1,False,557,TRB,TRBV12-2+TRBV13-2,None,TRBJ2-5,None,True,True,CASGVQGDTQYF,TGTGCCAGCGGTGTTCAGGGGGACACCCAGTACTTT,1126,1,None,None
CTCGAGGAGATACACA-1,False,CTCGAGGAGATACACA-1_contig_1,False,493,TRA,TRAV6-5,None,TRAJ45,TRAC,True,True,CALIHTEGADRLTF,TGTGCTCTGATCCATACAGAAGGTGCAGATAGACTCACCTTT,2472,1,None,None
CTCGAGGAGCAACGGT-1,False,CTCGAGGAGCAACGGT-1_contig_1,False,573,TRB,TRBV12-2+TRBV13-2,None,TRBJ1-2,TRBC1,True,True,CASGGGTGNSDYTF,TGTGCCAGCGGTGGGGGGACAGGGAACTCCGACTACACCTTC,2684,2,None,None
CTCGAGGAGCAGCGTA-1,False,CTCGAGGAGCAGCGTA-1_contig_1,False,563,TRB,TRBV12-2+TRBV13-2,None,TRBJ2-7,None,True,True,CASGTGGDYEQYF,TGTGCCAGCGGGACTGGGGGGGACTATGAACAGTACTTC,1228,1,None,None
CTCGAGGAGCCACGTC-1,False,CTCGAGGAGCCACGTC-1_contig_1,False,560,TRB,TRBV12-2+TRBV13-2,None,TRBJ2-7,None,True,True,CASGVQGEQYF,TGTGCCAGCGGTGTTCAGGGAGAACAGTACTTC,2370,3,None,None
CTCGAGGAGCCACGTC-1,False,CTCGAGGAGCCACGTC-1_contig_2,False,563,TRB,TRBV12-2+TRBV13-2,None,TRBJ2-7,None,True,True,CASGVQGWEQYF,TGTGCCAGCGGTGTACAGGGGTGGGAACAGTACTTC,3202,4,None,None
CTCGAGGAGCCACGTC-1,False,CTCGAGGAGCCACGTC-1_contig_3,False,549,TRA,TRAV8N-2,None,TRAJ13,TRAC,True,True,CATEDSGTYQRF,TGTGCTACTGAGGATTCTGGGACTTACCAGAGGTTT,6732,6,None,None
CTCGAGGAGCCACGTC-1,False,CTCGAGGAGCCACGTC-1_contig_4,False,567,TRA,TRAV2,None,TRAJ22,TRAC,True,True,CIVTASSGSWQLIF,TGCATTGTGACTGCATCTTCTGGCAGCTGGCAACTCATCTTT,10560,7,None,None
CTCGAGGAGCCACGTC-1,False,CTCGAGGAGCCACGTC-1_contig_5,False,547,TRA,TRAV8-1,None,TRAJ30,TRAC,True,True,CATDAWDTNAYKVIF,TGTGCTACTGATGCATGGGACACAAATGCTTACAAAGTCATCTTT,8588,5,None,None
CTCGAGGAGCCACGTC-1,False,CTCGAGGAGCCACGTC-1_contig_6,False,566,TRB,TRBV12-2+TRBV13-2,None,TRBJ2-7,None,True,True,CASGTGGDYEQYF,TGTGCCAGCGGGACTGGGGGGGACTATGAACAGTACTTC,6318,9,None,None
CTCGAGGAGCCACGTC-1,False,CTCGAGGAGCCACGTC-1_contig_7,False,515,TRB,TRBV13-1,None,TRBJ2-1,None,True,True,CASSGGDYAEQFF,TGTGCCAGCAGTGGAGGGGACTATGCTGAGCAGTTCTTC,12934,13,None,None
CTCGAGGCACCTCGGA-1,False,CTCGAGGCACCTCGGA-1_contig_1,False,565,TRB,TRBV12-2+TRBV13-2,None,TRBJ1-2,TRBC1,True,True,CASGGGTGNSDYTF,TGTGCCAGCGGTGGGGGGACAGGGAACTCCGACTACACCTTC,146,1,None,None
CTCGAGGCAGGGTATG-1,False,CTCGAGGCAGGGTATG-1_contig_1,False,588,TRA,TRAV7-4,None,TRAJ26,TRAC,True,True,CAASDYAQGLTF,TGTGCAGCTAGTGACTATGCCCAGGGATTAACCTTC,1386,1,None,None
CTCGAGGCAGTAACGG-1,False,CTCGAGGCAGTAACGG-1_contig_1,False,568,TRB,TRBV12-2+TRBV13-2,None,TRBJ1-2,TRBC1,True,True,CASGGGTGNSDYTF,TGTGCCAGCGGTGGGGGGACAGGGAACTCCGACTACACCTTC,1036,1,None,None
CTCGAGGCAGTCCTTC-1,False,CTCGAGGCAGTCCTTC-1_contig_1,False,313,TRA,TRAV12D-2,None,TRAJ22,TRAC,True,False,CALSDLSSGSWQLIF,TGTGCTTTGAGTGATCTCTCTTCTGGCAGCTGGCAACTCATCTTT,268,1,None,None
CTCGAGGCATCGATGT-1,False,CTCGAGGCATCGATGT-1_contig_1,False,563,TRB,TRBV12-2+TRBV13-2,None,TRBJ1-2,TRBC1,True,True,CASGGGTGNSDYTF,TGTGCCAGCGGTGGGGGGACAGGGAACTCCGACTACACCTTC,1642,1,None,None
CTCGAGGGTACTTCTT-1,False,CTCGAGGGTACTTCTT-1_contig_1,False,434,TRB,None,None,TRBJ1-2,TRBC1,False,False,None,None,1622,1,None,None
CTCGAGGGTCATCGGC-1,False,CTCGAGGGTCATCGGC-1_contig_1,False,565,TRB,TRBV12-2+TRBV13-2,None,TRBJ2-1,None,True,True,CASGTGDRAEQFF,TGTGCCAGCGGGACAGGGGATCGAGCTGAGCAGTTCTTC,1594,1,None,None
CTCGAGGGTCCGACGT-1,False,CTCGAGGGTCCGACGT-1_contig_1,False,355,TRB,None,None,TRBJ2-1,None,False,False,None,None,622,1,None,None
CTCGAGGGTCCTAGCG-1,False,CTCGAGGGTCCTAGCG-1_contig_1,False,492,TRB,TRBV5,None,TRBJ2-2,None,True,True,CASSTGQLYF,TGTGCCAGCAGCACCGGGCAGCTCTACTTT,2354,1,None,None
CTCGAGGGTGACTCAT-1,False,CTCGAGGGTGACTCAT-1_contig_1,False,544,TRA,TRAV14N-3,None,TRAJ34,TRAC,True,True,CAASAWANTNKVVF,TGTGCAGCAAGTGCATGGGCCAATACCAACAAAGTCGTCTTT,2244,1,None,None
CTCGAGGGTGATGTGG-1,False,CTCGAGGGTGATGTGG-1_contig_1,False,562,TRB,TRBV12-2+TRBV13-2,None,TRBJ2-7,None,True,True,CASGVQGGEQYF,TGTGCCAGCGGTGTGCAGGGGGGAGAACAGTACTTC,1752,1,None,None
CTCGAGGTCACCTCGT-1,False,CTCGAGGTCACCTCGT-1_contig_1,False,585,TRB,TRBV12-2+TRBV13-2,None,TRBJ2-7,None,True,True,CASGVQGGEQYF,TGTGCCAGCGGTGTGCAGGGGGGAGAACAGTACTTC,478,1,None,None
CTCGAGGTCAGGTTCA-1,False,CTCGAGGTCAGGTTCA-1_contig_1,True,401,TRA,TRAV7-5,None,TRAJ45,TRAC,True,False,CSDTEGADRLTF,TGCAGTGATACAGAAGGTGCAGATAGACTCACCTTT,3126,2,None,None
CTCGAGGTCTCTGCTG-1,False,CTCGAGGTCTCTGCTG-1_contig_1,False,657,TRA,TRAV9D-3,None,TRAJ30,TRAC,True,True,CAFDTNAYKVIF,TGTGCTTTTGACACAAATGCTTACAAAGTCATCTTT,1240,1,None,None
CTCGGAGAGTAGCGGT-1,False,CTCGGAGAGTAGCGGT-1_contig_1,False,356,TRB,None,None,TRBJ2-1,None,False,False,None,None,1410,1,None,None
CTCGGAGAGTCAAGGC-1,False,CTCGGAGAGTCAAGGC-1_contig_1,False,663,TRA,TRAV7-1,None,TRAJ22,TRAC,True,True,CAPASSGSWQLIF,TGTGCACCCGCATCTTCTGGCAGCTGGCAACTCATCTTT,1810,1,None,None
CTCGGAGCAATAGCAA-1,False,CTCGGAGCAATAGCAA-1_contig_1,False,572,TRA,TRAV8D-2,None,TRAJ9,TRAC,True,False,CAPNMGYKLTF,TGTGCTCCAAACATGGGCTACAAACTTACCTTC,3166,2,None,None
CTCGGAGCACCAGCAC-1,False,CTCGGAGCACCAGCAC-1_contig_1,False,640,TRB,TRBV12-2+TRBV13-2,None,TRBJ1-2,TRBC1,True,True,CASGGGTGNSDYTF,TGTGCCAGCGGTGGGGGGACAGGGAACTCCGACTACACCTTC,1530,1,None,None
CTCGGAGCACCAGGTC-1,False,CTCGGAGCACCAGGTC-1_contig_1,False,538,TRA,TRAV8-1,None,TRAJ30,TRAC,True,True,CATDTNAYKVIF,TGTGCTACTGACACAAATGCTTACAAAGTCATCTTT,1890,1,None,None
CTCGGAGCAGCAGTTT-1,False,CTCGGAGCAGCAGTTT-1_contig_1,False,531,TRA,TRAV8-1,None,TRAJ30,TRAC,True,True,CATDTNAYKVIF,TGTGCTACTGACACAAATGCTTACAAAGTCATCTTT,1642,1,None,None
CTCGGAGCAGTCGTGC-1,False,CTCGGAGCAGTCGTGC-1_contig_1,False,301,TRB,None,None,TRBJ2-1,None,False,False,None,None,2426,1,None,None
CTCGGAGCAGTGGAGT-1,False,CTCGGAGCAGTGGAGT-1_contig_1,False,568,TRB,TRBV12-2+TRBV13-2,None,TRBJ1-2,TRBC1,True,True,CASGGGTGNSDYTF,TGTGCCAGCGGTGGGGGGACAGGGAACTCCGACTACACCTTC,1352,1,None,None
CTCGGAGCAGTGGAGT-1,False,CTCGGAGCAGTGGAGT-1_contig_2,False,684,TRA,TRAV9N-4,None,TRAJ22,TRAC,True,True,CALPSSGSWQLIF,TGTGCTCTCCCATCTTCTGGCAGCTGGCAACTCATCTTT,1660,1,None,None
CTCGGAGCATACTACG-1,False,CTCGGAGCATACTACG-1_contig_1,False,567,TRA,TRAV2,None,TRAJ22,TRAC,True,True,CIVTASSGSWQLIF,TGCATTGTGACTGCATCTTCTGGCAGCTGGCAACTCATCTTT,420,1,None,None
CTCGGAGCATTGTGCA-1,False,CTCGGAGCATTGTGCA-1_contig_1,False,582,TRA,TRAV4D-3,None,TRAJ27,TRAC,True,True,CAADGPNTGKLTF,TGTGCTGCGGACGGACCCAATACAGGCAAATTAACCTTT,580,1,None,None
CTCGGAGCATTGTGCA-1,False,CTCGGAGCATTGTGCA-1_contig_2,False,600,TRB,TRBV13-1,None,TRBJ2-3,None,True,False,CASGDSAETLYF,TGTGCCAGCGGGGACAGTGCAGAAACGCTGTATTTT,1842,1,None,None
CTCGGAGCATTTCACT-1,False,CTCGGAGCATTTCACT-1_contig_1,False,349,TRB,None,None,TRBJ2-1,None,False,False,None,None,2570,1,None,None
CTCGGAGGTACTTGAC-1,False,CTCGGAGGTACTTGAC-1_contig_1,False,534,TRA,TRAV19,None,TRAJ39,TRAC,True,True,CAAGGNNAGAKLTF,TGCGCAGCAGGTGGGAATAATGCAGGTGCCAAGCTCACATTC,182,1,None,None
CTCGGAGGTAGCTCCG-1,False,CTCGGAGGTAGCTCCG-1_contig_1,False,536,TRA,TRAV8-1,None,TRAJ17,TRAC,True,True,CATHSAGNKLTF,TGTGCTACTCACAGTGCAGGGAACAAGCTAACTTTT,666,1,None,None
CTCGGAGGTAGCTCCG-1,False,CTCGGAGGTAGCTCCG-1_contig_2,False,358,TRB,TRBV13-2,None,TRBJ1-2,TRBC1,True,False,CASGGGTGNSDYTF,TGTGCCAGCGGTGGGGGGACAGGGAACTCCGACTACACCTTC,2142,1,None,None
CTCGGAGGTATGGTTC-1,False,CTCGGAGGTATGGTTC-1_contig_1,False,596,TRB,TRBV12-2+TRBV13-2,None,TRBJ2-5,None,True,True,CASGAPDTQYF,TGTGCCAGCGGTGCCCCGGACACCCAGTACTTT,562,1,None,None
CTCGGAGGTGTTCTTT-1,False,CTCGGAGGTGTTCTTT-1_contig_1,False,646,TRA,TRAV13N-1,None,TRAJ57,TRAC,True,False,CAMANQGGSAKLIF,TGTGCTATGGCGAATCAAGGAGGGTCTGCGAAGCTCATCTTT,1062,1,None,None
CTCGGAGGTTACAGAA-1,False,CTCGGAGGTTACAGAA-1_contig_1,False,639,TRB,TRBV12-2+TRBV13-2,None,TRBJ1-2,TRBC1,True,True,CASGGGTGNSDYTF,TGTGCCAGCGGTGGGGGGACAGGGAACTCCGACTACACCTTC,1706,1,None,None
CTCGGAGGTTATCACG-1,False,CTCGGAGGTTATCACG-1_contig_1,False,527,TRA,TRAV7-5,None,TRAJ23,TRAC,True,True,CAVSMNYNQGKLIF,TGTGCAGTGAGCATGAATTATAACCAGGGGAAGCTTATCTTT,2640,2,None,None
CTCGGAGGTTATCACG-1,False,CTCGGAGGTTATCACG-1_contig_2,False,710,TRA,TRAV9-2,None,TRAJ32,TRAC,True,True,CVLSAGSSGNKLIF,TGTGTTTTGAGCGCTGGGAGCAGTGGCAACAAGCTCATCTTT,1938,2,None,None
CTCGGAGGTTATCACG-1,False,CTCGGAGGTTATCACG-1_contig_3,False,565,TRB,TRBV2,None,TRBJ2-7,None,True,True,CASSQGWGAFSYEQYF,TGTGCCAGCAGCCAAGGGTGGGGGGCTTTCTCCTATGAACAGTACTTC,2010,2,None,None
CTCGGAGGTTATCACG-1,False,CTCGGAGGTTATCACG-1_contig_4,False,441,TRA,TRAV8D-1,None,TRAJ30,None,True,True,CATDTNAYKVIF,TGTGCTACTGACACAAATGCTTACAAAGTCATCTTT,1394,1,None,None
CTCGGAGGTTCACCTC-1,False,CTCGGAGGTTCACCTC-1_contig_1,False,525,TRA,TRAV7N-6,None,TRAJ30,TRAC,True,True,CAVVDTNAYKVIF,TGTGCAGTGGTTGACACAAATGCTTACAAAGTCATCTTT,2474,1,None,None
CTCGGAGGTTGAGTTC-1,False,CTCGGAGGTTGAGTTC-1_contig_1,False,549,TRB,TRBV16,None,TRBJ2-5,None,True,True,CASSLGGYQDTQYF,TGTGCAAGCAGCTTAGGGGGCTACCAAGACACCCAGTACTTT,3674,2,None,None
CTCGGAGGTTTGCATG-1,False,CTCGGAGGTTTGCATG-1_contig_1,False,505,TRB,TRBV13-1,None,TRBJ2-5,None,True,True,CASSDGDDTQYF,TGTGCCAGCAGTGACGGGGACGACACCCAGTACTTT,1528,1,None,None
CTCGGAGTCAAACCAC-1,False,CTCGGAGTCAAACCAC-1_contig_1,False,525,TRB,TRBV17,None,TRBJ2-5,None,True,True,CASSRKGVQDTQYF,TGTGCTAGCAGTAGGAAAGGGGTCCAAGACACCCAGTACTTT,2122,1,None,None
CTCGGAGTCATGTGGT-1,False,CTCGGAGTCATGTGGT-1_contig_1,False,501,TRB,TRBV13-1,None,TRBJ2-3,None,True,True,CASGDSAETLYF,TGTGCCAGCGGGGACAGTGCAGAAACGCTGTATTTT,1368,1,None,None
CTCGGAGTCCGTCATC-1,False,CTCGGAGTCCGTCATC-1_contig_1,False,605,TRA,TRAV3-1,None,TRAJ22,TRAC,True,True,CAVWSGSWQLIF,TGCGCAGTCTGGTCTGGCAGCTGGCAACTCATCTTT,1760,1,None,None
CTCGGAGTCCGTCATC-1,False,CTCGGAGTCCGTCATC-1_contig_2,False,559,TRB,TRBV12-2+TRBV13-2,None,TRBJ2-1,None,True,True,CASGTGDYAEQFF,TGTGCCAGCGGGACTGGGGACTATGCTGAGCAGTTCTTC,1468,1,None,None
CTCGGAGTCCTAAGTG-1,False,CTCGGAGTCCTAAGTG-1_contig_1,False,550,TRB,TRBV12-2+TRBV13-2,None,TRBJ1-2,None,True,True,CASGGGTGNSDYTF,TGTGCCAGCGGTGGGGGGACAGGGAACTCCGACTACACCTTC,622,1,None,None
CTCGGAGTCCTAGGGC-1,False,CTCGGAGTCCTAGGGC-1_contig_1,False,535,TRA,TRAV19,None,TRAJ39,TRAC,True,True,CAAGGNNAGAKLTF,TGCGCAGCAGGTGGGAATAATGCAGGTGCCAAGCTCACATTC,6246,3,None,None
CTCGGAGTCCTAGGGC-1,False,CTCGGAGTCCTAGGGC-1_contig_2,False,600,TRB,TRBV12-2+TRBV13-2,None,TRBJ1-2,TRBC1,True,True,CASGGGTGNSDYTF,TGTGCCAGCGGTGGGGGGACAGGGAACTCCGACTACACCTTC,1478,1,None,None
CTCGGAGTCCTAGGGC-1,False,CTCGGAGTCCTAGGGC-1_contig_3,True,374,TRB,None,None,TRBJ2-3,None,False,False,None,None,2916,1,None,None
CTCGGAGTCGGTGTTA-1,False,CTCGGAGTCGGTGTTA-1_contig_1,False,571,TRA,TRAV6D-5,None,TRAJ38,TRAC,True,False,CTTVFWDNVGDNSKLIW,TGTACTACTGTGTTCTGGGATAATGTTGGTGACAACAGTAAGCTGATTTGG,2812,1,None,None
CTCGGAGTCTCGTATT-1,False,CTCGGAGTCTCGTATT-1_contig_1,False,565,TRB,TRBV12-2+TRBV13-2,None,TRBJ2-7,None,True,True,CASGTGGDYEQYF,TGTGCCAGCGGGACTGGGGGGGACTATGAACAGTACTTC,1250,1,None,None
CTCGGAGTCTCTGTCG-1,False,CTCGGAGTCTCTGTCG-1_contig_1,False,549,TRB,TRBV16,None,TRBJ2-5,None,True,True,CASSLGGGQDTQYF,TGTGCAAGCAGCTTAGGGGGGGGGCAAGACACCCAGTACTTT,974,1,None,None
CTCGGGAAGAGCCTAG-1,False,CTCGGGAAGAGCCTAG-1_contig_1,False,577,TRB,TRBV12-2+TRBV13-2,None,TRBJ2-7,None,True,True,CASGGQGEQYF,TGTGCCAGCGGGGGACAGGGTGAACAGTACTTC,2538,2,None,None
CTCGGGAAGAGCTTCT-1,False,CTCGGGAAGAGCTTCT-1_contig_1,False,446,TRB,TRBV16,None,TRBJ2-4,None,False,False,CKQLP,TGCAAGCAGCTCCCC,98,1,None,None
CTCGGGAAGGCTCAGA-1,False,CTCGGGAAGGCTCAGA-1_contig_1,False,558,TRA,TRAV19,None,TRAJ39,TRAC,True,True,CAAGGNNAGAKLTF,TGCGCAGCAGGTGGGAATAATGCAGGTGCCAAGCTCACATTC,650,1,None,None
CTCGGGAAGTGTCCAT-1,False,CTCGGGAAGTGTCCAT-1_contig_1,False,569,TRB,TRBV12-2+TRBV13-2,None,TRBJ2-4,None,True,True,CASGTGDTLYF,TGTGCCAGCGGTACGGGCGACACCTTGTACTTT,406,1,None,None
CTCGGGAAGTGTCCAT-1,False,CTCGGGAAGTGTCCAT-1_contig_2,False,575,TRB,TRBV12-2+TRBV13-2,None,TRBJ2-7,None,True,True,CASGTGGDYEQYF,TGTGCCAGCGGGACTGGGGGGGACTATGAACAGTACTTC,1656,2,None,None
CTCGGGAAGTGTCCAT-1,False,CTCGGGAAGTGTCCAT-1_contig_3,True,479,TRB,TRBV31,None,TRBJ2-4,None,True,False,CAWDNQNTLYF,TGTGCCTGGGACAATCAAAACACCTTGTACTTT,1826,1,None,None
CTCGGGACACAGATTC-1,False,CTCGGGACACAGATTC-1_contig_1,False,512,TRB,TRBV13-1,None,TRBJ2-4,None,True,True,CASSEGTNTLYF,TGTGCCAGCAGTGAAGGAACAAACACCTTGTACTTT,1080,1,None,None
CTCGGGACAGCCTGTG-1,False,CTCGGGACAGCCTGTG-1_contig_1,False,581,TRB,TRBV12-2+TRBV13-2,None,TRBJ2-7,None,True,True,CASGDPGHRDF,TGTGCCAGCGGTGATCCGGGACACAGAGACTTC,1278,1,None,None
CTCGGGAGTATAAACG-1,False,CTCGGGAGTATAAACG-1_contig_1,False,518,TRB,TRBV13-1,None,TRBJ2-1,None,True,True,CASSDRGWYAEQFF,TGTGCCAGCAGTGACAGGGGGTGGTATGCTGAGCAGTTCTTC,382,1,None,None
CTCGGGAGTATAAACG-1,False,CTCGGGAGTATAAACG-1_contig_2,False,531,TRB,TRBV15,None,TRBJ1-6,TRBC1,True,False,CVPAVPGTGGSYNSPLYF,TGTGTGCCAGCAGTTCCCGGGACAGGGGGGTCCTATAATTCGCCCCTCTACTTT,1328,1,None,None
CTCGGGATCAACCATG-1,False,CTCGGGATCAACCATG-1_contig_1,False,640,TRB,TRBV12-2+TRBV13-2,None,TRBJ1-2,TRBC1,True,True,CASGGGTGNSDYTF,TGTGCCAGCGGTGGGGGGACAGGGAACTCCGACTACACCTTC,524,1,None,None
CTCGGGATCAGAGCTT-1,False,CTCGGGATCAGAGCTT-1_contig_1,False,563,TRB,TRBV12-2+TRBV13-2,None,TRBJ1-5,TRBC1,True,True,CASGTGDNQAPLF,TGTGCCAGCGGTACAGGAGACAACCAGGCTCCGCTTTTT,1676,1,None,None
CTCGGGATCCTCCTAG-1,False,CTCGGGATCCTCCTAG-1_contig_1,False,510,TRA,TRAV19,None,TRAJ39,TRAC,True,False,CAAGGNNAGAKLTF,TGCGCAGCAGGTGGGAATAATGCAGGTGCCAAGCTCACATTC,1678,1,None,None
CTCGGGATCGCATGAT-1,False,CTCGGGATCGCATGAT-1_contig_1,False,543,TRB,TRBV16,None,TRBJ2-7,None,True,True,CASSFGGGADEQYF,TGTGCAAGCAGCTTTGGTGGGGGGGCGGATGAACAGTACTTC,1196,1,None,None
CTCGTACAGAGAGCTC-1,False,CTCGTACAGAGAGCTC-1_contig_1,False,565,TRB,TRBV12-2+TRBV13-2,None,TRBJ2-7,None,True,True,CASGTGGDYEQYF,TGTGCCAGCGGGACTGGGGGGGACTATGAACAGTACTTC,898,1,None,None
CTCGTACAGAGGACGG-1,False,CTCGTACAGAGGACGG-1_contig_1,False,549,TRB,TRBV16,None,TRBJ2-5,None,True,True,CASSLGGGQDTQYF,TGTGCAAGCAGCTTAGGGGGGGGCCAAGACACCCAGTACTTT,958,1,None,None
CTCGTACAGCAGATCG-1,False,CTCGTACAGCAGATCG-1_contig_1,False,356,TRB,None,None,TRBJ2-4,None,False,False,None,None,1876,1,None,None
CTCGTACAGCGCCTTG-1,False,CTCGTACAGCGCCTTG-1_contig_1,False,557,TRA,TRAV8-1,None,TRAJ30,TRAC,True,True,CATDTNAYKVIF,TGTGCTACTGACACAAATGCTTACAAAGTCATCTTT,1104,1,None,None
CTCGTACAGGAGTTGC-1,False,CTCGTACAGGAGTTGC-1_contig_1,False,566,TRB,TRBV12-2+TRBV13-2,None,TRBJ1-2,TRBC1,True,True,CASGGGTGNSDYTF,TGTGCCAGCGGTGGGGGGACAGGGAACTCCGACTACACCTTC,1120,1,None,None
CTCGTACAGTGCGTGA-1,False,CTCGTACAGTGCGTGA-1_contig_1,False,549,TRB,TRBV16,None,TRBJ2-5,None,True,True,CASSLGGGQDTQYF,TGTGCAAGCAGCTTAGGGGGGGGGCAAGACACCCAGTACTTT,1140,1,None,None
CTCGTACCACGCGAAA-1,False,CTCGTACCACGCGAAA-1_contig_1,False,654,TRB,None,None,TRBJ1-6,TRBC1,False,False,None,None,1532,1,None,None
CTCGTACCAGTTAACC-1,False,CTCGTACCAGTTAACC-1_contig_1,False,582,TRB,TRBV12-2+TRBV13-2,None,TRBJ1-2,TRBC1,True,True,CASGGGTGNSDYTF,TGTGCCAGCGGTGGGGGGACAGGGAACTCCGACTACACCTTC,1000,1,None,None
CTCGTACCATCGGTTA-1,False,CTCGTACCATCGGTTA-1_contig_1,False,507,TRA,TRAV21-DV12,None,TRAJ42,TRAC,True,True,CILRVHGGSNAKLTF,TGTATCCTGAGAGTCCATGGAGGAAGCAATGCAAAGCTAACCTTC,1712,1,None,None
CTCGTACGTCCGTGAC-1,False,CTCGTACGTCCGTGAC-1_contig_1,False,565,TRB,TRBV12-2+TRBV13-2,None,TRBJ1-2,TRBC1,True,True,CASGGGTGNSDYTF,TGTGCCAGCGGTGGGGGGACAGGGAACTCCGACTACACCTTC,1224,1,None,None
CTCGTACGTCGGATCC-1,False,CTCGTACGTCGGATCC-1_contig_1,False,556,TRB,TRBV12-2+TRBV13-2,None,TRBJ2-7,None,True,True,CASGTGGDYEQYF,TGTGCCAGCGGGACTGGGGGGGATTATGAACAGTACTTC,1462,1,None,None
CTCGTACGTCTTGCGG-1,False,CTCGTACGTCTTGCGG-1_contig_1,False,505,TRB,TRBV13-1,None,TRBJ2-4,None,True,True,CASSEGTNTLYF,TGTGCCAGCAGTGAAGGAACAAACACCTTGTACTTT,1464,1,None,None
CTCGTACGTCTTGCGG-1,False,CTCGTACGTCTTGCGG-1_contig_2,False,442,TRA,TRAV9D-2,None,TRAJ25,TRAC,True,False,CVLSRGNNYAQGLTF,TGTGTTCTGAGCAGGGGCAATAACTATGCCCAGGGATTAACCTTC,118,2,None,None
CTCGTACGTGAAATCA-1,False,CTCGTACGTGAAATCA-1_contig_1,False,538,TRA,TRAV19,None,TRAJ39,TRAC,True,True,CAAGGNNAGAKLTF,TGCGCAGCAGGTGGGAATAATGCAGGTGCCAAGCTCACATTC,2758,1,None,None
CTCGTACGTGAAATCA-1,False,CTCGTACGTGAAATCA-1_contig_2,False,585,TRB,TRBV12-2+TRBV13-2,None,TRBJ1-2,TRBC1,True,True,CASGGGTGNSDYTF,TGTGCCAGCGGTGGGGGGACAGGGAACTCCGACTACACCTTC,578,3,None,None
CTCGTACGTTCTCATT-1,False,CTCGTACGTTCTCATT-1_contig_1,False,603,TRB,TRBV12-2+TRBV13-2,None,TRBJ1-2,TRBC1,True,True,CASGGGTGNSDYTF,TGTGCCAGCGGTGGGGGGACAGGGAACTCCGACTACACCTTC,1558,1,None,None
CTCGTACTCAGTTGAC-1,False,CTCGTACTCAGTTGAC-1_contig_1,False,566,TRA,TRAV3-3,None,TRAJ23,TRAC,True,True,CAVSDNYNQGKLIF,TGCGCAGTCAGTGATAATTATAACCAGGGGAAGCTTATCTTT,2564,1,None,None
CTCGTACTCAGTTGAC-1,False,CTCGTACTCAGTTGAC-1_contig_2,False,563,TRB,TRBV12-2+TRBV13-2,None,TRBJ2-7,None,True,True,CASGTGGDYEQYF,TGTGCCAGCGGGACTGGGGGGGACTATGAACAGTACTTC,1040,1,None,None
CTCGTACTCGTAGATC-1,False,CTCGTACTCGTAGATC-1_contig_1,False,558,TRA,TRAV19,None,TRAJ39,TRAC,True,True,CAAGGNNAGAKLTF,TGCGCAGCAGGTGGGAATAATGCAGGTGCCAAGCTCACATTC,2378,1,None,None
CTCGTACTCTGACCTC-1,False,CTCGTACTCTGACCTC-1_contig_1,False,506,TRB,TRBV13-1,None,TRBJ2-3,None,True,True,CASEGQGAETLYF,TGTGCCAGCGAGGGACAGGGTGCAGAAACGCTGTATTTT,1514,2,None,None
CTCGTCAAGAAGATTC-1,False,CTCGTCAAGAAGATTC-1_contig_1,False,549,TRB,TRBV16,None,TRBJ2-5,None,True,True,CASSLGGGQDTQYF,TGTGCAAGCAGCTTAGGGGGGGGCCAAGACACCCAGTACTTT,15546,13,None,None
CTCGTCAAGAAGATTC-1,False,CTCGTCAAGAAGATTC-1_contig_2,False,518,TRA,TRAV19,None,TRAJ39,TRAC,True,True,CAAGGNNAGAKLTF,TGCGCAGCAGGTGGGAATAATGCAGGTGCCAAGCTCACATTC,18452,12,None,None
CTCGTCAAGAAGATTC-1,False,CTCGTCAAGAAGATTC-1_contig_3,False,559,TRA,TRAV4D-3,None,TRAJ27,TRAC,True,True,CAADGPNTGKLTF,TGTGCTGCGGACGGACCCAATACAGGCAAATTAACCTTT,5212,5,None,None
CTCGTCAAGAAGATTC-1,False,CTCGTCAAGAAGATTC-1_contig_4,False,569,TRB,TRBV12-2+TRBV13-2,None,TRBJ1-2,TRBC1,True,True,CASGGGTGNSDYTF,TGTGCCAGCGGTGGGGGGACAGGGAACTCCGACTACACCTTC,30242,32,None,None
CTCGTCAAGAAGATTC-1,False,CTCGTCAAGAAGATTC-1_contig_5,False,525,TRA,TRAV7N-6,None,TRAJ30,TRAC,True,True,CAVVDTNAYKVIF,TGTGCAGTGGTTGACACAAATGCTTACAAAGTCATCTTT,2838,3,None,None
CTCGTCAAGACAGAGA-1,False,CTCGTCAAGACAGAGA-1_contig_1,False,549,TRB,TRBV16,None,TRBJ2-7,None,True,True,CASSFGGGADEQYF,TGTGCAAGCAGCTTTGGTGGGGGGGCGGATGAACAGTACTTC,4298,2,None,None
CTCGTCAAGAGCTGCA-1,False,CTCGTCAAGAGCTGCA-1_contig_1,False,565,TRB,TRBV12-2+TRBV13-2,None,TRBJ1-5,TRBC1,True,True,CASGTGDNQAPLF,TGTGCCAGCGGAACAGGGGACAACCAGGCTCCGCTTTTT,686,1,None,None
CTCGTCAAGAGCTTCT-1,False,CTCGTCAAGAGCTTCT-1_contig_1,False,549,TRB,TRBV16,None,TRBJ2-7,None,True,True,CASSFGGGADEQYF,TGTGCAAGCAGCTTTGGTGGGGGGGCGGATGAACAGTACTTC,2198,2,None,None
CTCGTCAAGAGCTTCT-1,False,CTCGTCAAGAGCTTCT-1_contig_2,False,558,TRA,TRAV13D-2,None,TRAJ11,TRAC,True,True,CAIDLDSGYNKLTF,TGTGCTATAGATCTTGACTCGGGATACAACAAACTCACTTTT,1514,1,None,None
CTCGTCAAGATGGGTC-1,False,CTCGTCAAGATGGGTC-1_contig_1,False,569,TRA,TRAV4D-3,None,TRAJ27,TRAC,True,True,CAADGPNTGKLTF,TGTGCTGCGGACGGACCCAATACAGGCAAATTAACCTTT,1492,1,None,None
CTCGTCAAGGCATTGG-1,False,CTCGTCAAGGCATTGG-1_contig_1,False,568,TRB,TRBV12-2+TRBV13-2,None,TRBJ1-2,TRBC1,True,True,CASGGGTGNSDYTF,TGTGCCAGCGGTGGGGGGACAGGGAACTCCGACTACACCTTC,1866,1,None,None
CTCGTCAAGTTTCCTT-1,False,CTCGTCAAGTTTCCTT-1_contig_1,False,523,TRB,TRBV13-2,None,TRBJ1-2,TRBC1,True,True,CASGGGTGNSDYTF,TGTGCCAGCGGTGGGGGGACAGGGAACTCCGACTACACCTTC,1330,1,None,None
CTCGTCACAAGTTAAG-1,False,CTCGTCACAAGTTAAG-1_contig_1,False,660,TRB,TRBV13-2,None,TRBJ1-2,TRBC1,True,True,CASGGGTGNSDYTF,TGTGCCAGCGGTGGGGGGACAGGGAACTCCGACTACACCTTC,1440,1,None,None
CTCGTCACACTCTGTC-1,False,CTCGTCACACTCTGTC-1_contig_1,False,527,TRA,TRAV19,None,TRAJ39,TRAC,True,True,CAAGGNNAGAKLTF,TGCGCAGCAGGTGGGAATAATGCAGGTGCCAAGCTCACATTC,1614,1,None,None
CTCGTCACACTCTGTC-1,False,CTCGTCACACTCTGTC-1_contig_2,False,564,TRB,TRBV12-2+TRBV13-2,None,TRBJ2-7,None,True,True,CASGAGGDYEQYF,TGTGCCAGCGGTGCTGGGGGGGACTATGAACAGTACTTC,1434,1,None,None
CTCGTCACATAACCTG-1,False,CTCGTCACATAACCTG-1_contig_1,False,549,TRB,TRBV16,None,TRBJ2-5,None,True,True,CASSLGGGLDTQYF,TGTGCAAGCAGCTTAGGGGGGGGGCTCGACACCCAGTACTTT,2258,2,None,None
CTCGTCACATAACCTG-1,False,CTCGTCACATAACCTG-1_contig_2,False,516,TRA,TRAV19,None,TRAJ39,TRAC,True,True,CAAGGNNAGAKLTF,TGCGCAGCAGGTGGGAATAATGCAGGTGCCAAGCTCACATTC,2532,1,None,None
CTCGTCAGTTCAGTAC-1,False,CTCGTCAGTTCAGTAC-1_contig_1,False,601,TRB,TRBV12-2+TRBV13-2,None,TRBJ1-2,TRBC1,True,True,CASGGGTGNSDYTF,TGTGCCAGCGGTGGGGGGACAGGGAACTCCGACTACACCTTC,760,1,None,None
CTCGTCAGTTTGGGCC-1,False,CTCGTCAGTTTGGGCC-1_contig_1,False,525,TRB,TRBV17,None,TRBJ2-5,None,True,True,CASSRKGSQDTQYF,TGTGCTAGCAGTAGAAAGGGTTCTCAAGACACCCAGTACTTT,1950,1,None,None
CTCGTCATCCTCAACC-1,False,CTCGTCATCCTCAACC-1_contig_1,False,548,TRB,TRBV12-2+TRBV13-2,None,TRBJ1-2,TRBC1,True,True,CASGGGTGNSDYTF,TGTGCCAGCGGTGGGGGGACAGGGAACTCCGACTACACCTTC,814,1,None,None
CTCGTCATCCTCAACC-1,False,CTCGTCATCCTCAACC-1_contig_2,False,494,TRA,TRAV6D-5,None,TRAJ38,TRAC,True,False,CTTVFWDNVGDNSKLIW,TGTACTACTGTGTTCTGGGATAATGTTGGTGACAACAGTAAGCTGATTTGG,2584,1,None,None
CTCGTCATCGGTTCGG-1,False,CTCGTCATCGGTTCGG-1_contig_1,False,563,TRB,TRBV12-2+TRBV13-2,None,TRBJ2-1,None,True,True,CASGTGDYAEQFF,TGTGCCAGCGGGACTGGGGACTATGCTGAGCAGTTCTTC,1188,1,None,None
CTCGTCATCTAACCGA-1,False,CTCGTCATCTAACCGA-1_contig_1,False,515,TRB,TRBV13-1,None,TRBJ2-1,None,True,True,CASGGGDYAEQFF,TGTGCCAGCGGGGGGGGAGACTATGCTGAGCAGTTCTTC,1204,1,None,None
CTCTAATAGAATCTCC-1,False,CTCTAATAGAATCTCC-1_contig_1,False,549,TRB,TRBV16,None,TRBJ2-5,None,True,True,CASSLGGGQDTQYF,TGTGCAAGCAGCTTAGGGGGGGGCCAAGACACCCAGTACTTT,1222,1,None,None
CTCTAATAGCTTTGGT-1,False,CTCTAATAGCTTTGGT-1_contig_1,False,555,TRB,TRBV12-2+TRBV13-2,None,TRBJ2-1,None,True,True,CASGGYAEQFF,TGTGCCAGCGGGGGCTATGCTGAGCAGTTCTTC,650,1,None,None
CTCTAATAGGACCACA-1,False,CTCTAATAGGACCACA-1_contig_1,False,552,TRB,TRBV12-2+TRBV13-2,None,TRBJ2-7,None,True,True,CASGVQGEQYF,TGTGCCAGCGGTGTTCAGGGAGAACAGTACTTC,1654,1,None,None
CTCTAATAGTCTCGGC-1,False,CTCTAATAGTCTCGGC-1_contig_1,False,302,TRA,TRAV6D-5,None,None,TRAC,False,False,None,None,2518,1,None,None
CTCTAATCACCGCTAG-1,False,CTCTAATCACCGCTAG-1_contig_1,False,365,TRB,None,None,TRBJ1-3,TRBC1,False,False,None,None,2248,1,None,None
CTCTAATCACGCTTTC-1,False,CTCTAATCACGCTTTC-1_contig_1,False,558,TRA,TRAV19,None,TRAJ39,TRAC,True,True,CAAGGNNAGAKLTF,TGCGCAGCAGGTGGGAATAATGCAGGTGCCAAGCTCACATTC,2010,1,None,None
CTCTAATCAGACAAAT-1,False,CTCTAATCAGACAAAT-1_contig_1,False,617,TRB,TRBV12-2+TRBV13-2,None,TRBJ1-5,TRBC1,True,True,CASGTGDNQAPLF,TGTGCCAGCGGGACAGGGGACAACCAGGCTCCGCTTTTT,1560,1,None,None
CTCTAATGTACCATCA-1,False,CTCTAATGTACCATCA-1_contig_1,False,374,TRB,TRBV12-1,None,TRBJ2-3,None,True,False,None,None,2278,1,None,None
CTCTAATGTCAACTGT-1,False,CTCTAATGTCAACTGT-1_contig_1,False,562,TRB,TRBV12-2+TRBV13-2,None,TRBJ2-7,None,True,True,CASGVQGWEQYF,TGTGCCAGCGGTGTACAGGGGTGGGAACAGTACTTC,1518,1,None,None
CTCTAATGTCGAACAG-1,False,CTCTAATGTCGAACAG-1_contig_1,False,544,TRA,TRAV6-6,None,TRAJ24,TRAC,True,True,CAPLTTASLGKLQF,TGTGCTCCGTTGACAACTGCCAGTTTGGGGAAACTGCAGTTT,1776,1,None,None
CTCTAATGTGCCTGCA-1,False,CTCTAATGTGCCTGCA-1_contig_1,False,505,TRB,TRBV13-1,None,TRBJ2-3,None,True,True,CASGDSAETLYF,TGTGCCAGCGGGGACAGTGCAGAAACGCTGTATTTT,2174,1,None,None
CTCTAATGTTGGGACA-1,False,CTCTAATGTTGGGACA-1_contig_1,False,557,TRA,TRAV8N-2,None,TRAJ53,TRAC,True,False,None,None,1880,1,None,None
CTCTAATTCAGAGCTT-1,False,CTCTAATTCAGAGCTT-1_contig_1,False,443,TRB,None,None,TRBJ1-2,TRBC1,False,False,None,None,1386,1,None,None
CTCTAATTCAGTTTGG-1,False,CTCTAATTCAGTTTGG-1_contig_1,False,568,TRB,TRBV12-2+TRBV13-2,None,TRBJ1-2,TRBC1,True,True,CASGGGTGNSDYTF,TGTGCCAGCGGTGGGGGGACAGGGAACTCCGACTACACCTTC,754,1,None,None
CTCTAATTCATGCATG-1,False,CTCTAATTCATGCATG-1_contig_1,False,549,TRB,TRBV16,None,TRBJ2-5,None,True,True,CASSLGGGQDTQYF,TGTGCAAGCAGCTTAGGGGGGGGCCAAGACACCCAGTACTTT,700,1,None,None
CTCTAATTCATGTGGT-1,False,CTCTAATTCATGTGGT-1_contig_1,False,597,TRB,TRBV12-2+TRBV13-2,None,TRBJ1-5,TRBC1,True,True,CASGTGDNQAPLF,TGTGCCAGCGGGACAGGCGACAACCAGGCTCCGCTTTTT,1286,1,None,None
CTCTAATTCCGCAGTG-1,False,CTCTAATTCCGCAGTG-1_contig_1,False,491,TRA,TRAV6D-5,None,TRAJ38,TRAC,True,False,CTTVFWDNVGDNSKLIW,TGTACTACTGTGTTCTGGGATAATGTTGGTGACAACAGTAAGCTGATTTGG,2000,1,None,None
CTCTAATTCTCAAGTG-1,False,CTCTAATTCTCAAGTG-1_contig_1,False,549,TRB,TRBV16,None,TRBJ2-5,None,True,True,CASSWGGGQDTQYF,TGTGCAAGCAGCTGGGGGGGCGGGCAAGACACCCAGTACTTT,288,2,None,None
CTCTAATTCTCTAAGG-1,False,CTCTAATTCTCTAAGG-1_contig_1,False,355,TRB,TRBV13-2,None,TRBJ1-5,TRBC1,True,False,CASGTGDNQAPLF,TGTGCCAGCGGTACAGGGGACAACCAGGCTCCGCTTTTT,2234,1,None,None
CTCTAATTCTGTGCAA-1,False,CTCTAATTCTGTGCAA-1_contig_1,False,574,TRA,TRAV13D-2,None,TRAJ11,TRAC,True,True,CAIDLDSGYNKLTF,TGTGCTATAGATCTTGACTCGGGATACAACAAACTCACTTTT,1844,1,None,None
CTCTACGAGAGGACGG-1,False,CTCTACGAGAGGACGG-1_contig_1,False,509,TRB,TRBV13-1,None,TRBJ2-2,None,True,True,CASSDPGQLYF,TGTGCCAGCAGTGACCCCGGGCAGCTCTACTTT,1566,1,None,None
CTCTACGAGAGGTTGC-1,False,CTCTACGAGAGGTTGC-1_contig_1,False,505,TRB,TRBV13-1,None,TRBJ2-5,None,True,True,CASSDGDDTQYF,TGTGCCAGCAGTGACGGGGACGACACCCAGTACTTT,1978,2,None,None
CTCTACGAGAGGTTGC-1,False,CTCTACGAGAGGTTGC-1_contig_2,True,387,TRB,None,None,TRBJ2-7,None,False,False,None,None,688,1,None,None
CTCTACGAGAGTAAGG-1,False,CTCTACGAGAGTAAGG-1_contig_1,False,494,TRB,TRBV16,None,TRBJ2-7,None,True,False,CASSFGGGADEQYF,TGTGCAAGCAGCTTTGGTGGGGGGGCGGATGAACAGTACTTC,2172,1,None,None
CTCTACGAGAGTGAGA-1,False,CTCTACGAGAGTGAGA-1_contig_1,False,563,TRA,TRAV4D-3,None,TRAJ27,TRAC,True,True,CAADGPNTGKLTF,TGTGCTGCTGACGGGCCCAATACAGGCAAATTAACCTTT,1746,1,None,None
CTCTACGAGAGTGAGA-1,False,CTCTACGAGAGTGAGA-1_contig_2,False,567,TRB,TRBV12-2+TRBV13-2,None,TRBJ1-5,TRBC1,True,True,CASGTGDNQAPLF,TGTGCCAGCGGTACAGGGGACAACCAGGCTCCGCTTTTT,928,1,None,None
CTCTACGCACGGTAAG-1,False,CTCTACGCACGGTAAG-1_contig_1,False,536,TRA,TRAV6-3,None,TRAJ45,TRAC,True,False,CYERSTEGADRLTF,TGCTATGAGAGATCGACAGAAGGTGCAGATAGACTCACCTTT,2774,1,None,None
CTCTACGCATATACGC-1,False,CTCTACGCATATACGC-1_contig_1,False,549,TRA,TRAV8N-2,None,TRAJ13,TRAC,True,True,CATEDSGTYQRF,TGTGCTACTGAGGATTCTGGGACTTACCAGAGGTTT,10394,5,None,None
CTCTACGCATATACGC-1,False,CTCTACGCATATACGC-1_contig_2,False,544,TRB,TRBV13-2,None,TRBJ2-7,None,True,True,CASGTGGDYEQYF,TGTGCCAGCGGGACTGGGGGGGACTATGAACAGTACTTC,256,1,None,None
CTCTACGGTCCGAAGA-1,False,CTCTACGGTCCGAAGA-1_contig_1,False,555,TRB,TRBV12-2+TRBV13-2,None,TRBJ2-7,None,True,True,CASGVQGEQYF,TGTGCCAGCGGTGTTCAGGGAGAACAGTACTTC,1782,1,None,None
CTCTACGGTCCGAAGA-1,False,CTCTACGGTCCGAAGA-1_contig_2,False,557,TRA,TRAV8N-2,None,TRAJ53,TRAC,True,False,None,None,1944,1,None,None
CTCTACGGTGGTCTCG-1,False,CTCTACGGTGGTCTCG-1_contig_1,False,579,TRB,TRBV12-2+TRBV13-2,None,TRBJ2-7,None,True,True,CASGTGGDYEQYF,TGTGCCAGCGGGACTGGGGGGGACTATGAACAGTACTTC,174,1,None,None
CTCTACGGTGTGAAAT-1,False,CTCTACGGTGTGAAAT-1_contig_1,False,598,TRB,TRBV13-1,None,TRBJ2-7,None,True,False,CASSGPLEQYF,TGTGCCAGCAGTGGGCCCCTGGAACAGTACTTC,1968,1,None,None
CTCTACGGTTACGACT-1,False,CTCTACGGTTACGACT-1_contig_1,False,478,TRB,TRBV13-1,None,TRBJ2-3,None,True,False,CASGDSAETLYF,TGTGCCAGCGGGGACAGTGCAGAAACGCTGTATTTT,1586,1,None,None
CTCTACGGTTTGTTGG-1,False,CTCTACGGTTTGTTGG-1_contig_1,False,515,TRB,TRBV13-1,None,TRBJ2-1,None,True,True,CASGGGDYAEQFF,TGTGCCAGCGGGGGGGGAGACTATGCTGAGCAGTTCTTC,1900,1,None,None
CTCTACGTCATAACCG-1,False,CTCTACGTCATAACCG-1_contig_1,False,558,TRA,TRAV19,None,TRAJ39,TRAC,True,True,CAAGGNNAGAKLTF,TGCGCAGCAGGTGGGAATAATGCAGGTGCCAAGCTCACATTC,2862,2,None,None
CTCTACGTCATAACCG-1,False,CTCTACGTCATAACCG-1_contig_2,False,548,TRB,TRBV12-2+TRBV13-2,None,TRBJ1-2,TRBC1,True,True,CASGGGTGNSDYTF,TGTGCCAGCGGTGGGGGGACAGGGAACTCCGACTACACCTTC,980,1,None,None
CTCTACGTCATAACCG-1,False,CTCTACGTCATAACCG-1_contig_3,False,525,TRA,TRAV7N-6,None,TRAJ30,TRAC,True,True,CAVVDTNAYKVIF,TGTGCAGTGGTTGACACAAATGCTTACAAAGTCATCTTT,1568,2,None,None
CTCTACGTCCGTAGGC-1,False,CTCTACGTCCGTAGGC-1_contig_1,False,565,TRB,TRBV12-2+TRBV13-2,None,TRBJ2-7,None,True,True,CASGTGGDYEQYF,TGTGCCAGCGGGACTGGGGGGGACTATGAACAGTACTTC,1508,1,None,None
CTCTACGTCTACTATC-1,False,CTCTACGTCTACTATC-1_contig_1,False,523,TRA,TRAV8D-1,None,TRAJ30,TRAC,True,True,CALDTNAYKVIF,TGTGCCCTCGACACAAATGCTTACAAAGTCATCTTT,1496,1,None,None
CTCTGGTAGATCCTGT-1,False,CTCTGGTAGATCCTGT-1_contig_1,False,541,TRA,TRAV8-1,None,TRAJ34,TRAC,True,True,CATDVSNTNKVVF,TGTGCTACTGATGTTTCCAATACCAACAAAGTCGTCTTT,2154,2,None,None
CTCTGGTAGTTGCAGG-1,False,CTCTGGTAGTTGCAGG-1_contig_1,False,481,TRB,TRBV13-2,None,TRBJ2-1,None,True,False,CASGTGDYAEQFF,TGTGCCAGCGGGACTGGGGACTATGCTGAGCAGTTCTTC,470,1,None,None
CTCTGGTCACAACTGT-1,False,CTCTGGTCACAACTGT-1_contig_1,False,583,TRA,TRAV14-1,None,TRAJ23,TRAC,True,True,CAASDYNQGKLIF,TGTGCAGCAAGTGATTATAACCAGGGGAAGCTTATCTTT,1812,1,None,None
CTCTGGTCAGTGGGAT-1,False,CTCTGGTCAGTGGGAT-1_contig_1,False,560,TRB,TRBV12-2+TRBV13-2,None,TRBJ2-7,None,True,True,CASGVQGEQYF,TGTGCCAGCGGTGTTCAGGGAGAACAGTACTTC,994,1,None,None
CTCTGGTCATACAGCT-1,False,CTCTGGTCATACAGCT-1_contig_1,False,569,TRB,TRBV12-2+TRBV13-2,None,TRBJ1-2,TRBC1,True,True,CASGGGTGNSDYTF,TGTGCCAGCGGTGGGGGGACAGGGAACTCCGACTACACCTTC,1508,1,None,None
CTCTGGTGTAATCGTC-1,False,CTCTGGTGTAATCGTC-1_contig_1,False,567,TRA,TRAV4D-3,None,TRAJ27,TRAC,True,True,CAADGPNTGKLTF,TGTGCTGCGGACGGACCCAATACAGGCAAATTAACCTTT,1500,1,None,None
CTCTGGTGTCATACTG-1,False,CTCTGGTGTCATACTG-1_contig_1,False,561,TRB,TRBV12-2+TRBV13-2,None,TRBJ2-7,None,True,True,CASGALWEQYF,TGTGCCAGCGGGGCTCTATGGGAACAGTACTTC,946,1,None,None
CTCTGGTGTGATAAAC-1,False,CTCTGGTGTGATAAAC-1_contig_1,False,566,TRB,TRBV12-2+TRBV13-2,None,TRBJ1-2,TRBC1,True,True,CASGGGTGNSDYTF,TGTGCCAGCGGTGGGGGGACAGGGAACTCCGACTACACCTTC,1242,1,None,None
CTCTGGTTCCCTCAGT-1,False,CTCTGGTTCCCTCAGT-1_contig_1,False,341,TRB,None,None,TRBJ2-2,None,False,False,None,None,1340,1,None,None
CTCTGGTTCCGCATCT-1,False,CTCTGGTTCCGCATCT-1_contig_1,False,570,TRB,TRBV13-2,None,TRBJ1-2,None,True,True,CASGGGTGNSDYTF,TGTGCCAGCGGTGGGGGGACAGGGAACTCCGACTACACCTTC,690,1,None,None
CTCTGGTTCTAGCACA-1,False,CTCTGGTTCTAGCACA-1_contig_1,False,510,TRA,TRAV12-2,None,TRAJ37,TRAC,True,True,CALSPQTGNTGKLIF,TGTGCTTTGAGCCCCCAAACAGGCAATACCGGAAAACTCATCTTT,1814,1,None,None
CTCTGGTTCTAGCACA-1,False,CTCTGGTTCTAGCACA-1_contig_2,False,351,TRB,None,None,TRBJ1-6,TRBC1,False,False,None,None,46,1,None,None
CTCTGGTTCTGTTGAG-1,False,CTCTGGTTCTGTTGAG-1_contig_1,False,404,TRA,TRAV9D-2,None,TRAJ26,TRAC,True,False,CVLSRGNNYAQGLTF,TGTGTTCTGAGCAGGGGCAATAACTATGCCCAGGGATTAACCTTC,2228,1,None,None
CTGAAACAGAGCTGGT-1,False,CTGAAACAGAGCTGGT-1_contig_1,False,573,TRA,TRAV19,None,TRAJ39,TRAC,True,True,CAAGGNNAGAKLTF,TGCGCAGCAGGTGGGAATAATGCAGGTGCCAAGCTCACATTC,1996,1,None,None
CTGAAACAGAGTAATC-1,False,CTGAAACAGAGTAATC-1_contig_1,False,532,TRA,TRAV19,None,TRAJ39,TRAC,True,True,CAAGGNNAGAKLTF,TGCGCAGCAGGTGGGAATAATGCAGGTGCCAAGCTCACATTC,1638,1,None,None
CTGAAACAGATCACGG-1,False,CTGAAACAGATCACGG-1_contig_1,False,371,TRB,None,None,TRBJ2-1,None,False,False,None,None,2544,1,None,None
CTGAAACAGCAATATG-1,False,CTGAAACAGCAATATG-1_contig_1,False,560,TRB,TRBV12-2+TRBV13-2,None,TRBJ1-5,TRBC1,True,True,CASGTGDNQAPLF,TGTGCCAGCGGGACAGGGGACAACCAGGCTCCGCTTTTT,1060,1,None,None
CTGAAACAGCGACGTA-1,False,CTGAAACAGCGACGTA-1_contig_1,False,575,TRB,TRBV12-2+TRBV13-2,None,TRBJ1-5,TRBC1,True,True,CASGTGDNQAPLF,TGTGCCAGCGGGACAGGGGACAACCAGGCTCCGCTTTTT,1350,1,None,None
CTGAAACAGTCATGCT-1,False,CTGAAACAGTCATGCT-1_contig_1,False,512,TRB,TRBV13-1,None,TRBJ2-4,None,True,True,CASSEGTNTLYF,TGTGCCAGCAGTGAAGGAACAAACACCTTGTACTTT,1144,1,None,None
CTGAAACAGTGACATA-1,False,CTGAAACAGTGACATA-1_contig_1,False,505,TRB,TRBV13-1,None,TRBJ2-3,None,True,True,CASGDSAETLYF,TGTGCCAGCGGGGACAGTGCAGAAACGCTGTATTTT,1640,2,None,None
CTGAAACCAAACAACA-1,False,CTGAAACCAAACAACA-1_contig_1,False,522,TRB,TRBV5,None,TRBJ1-5,TRBC1,True,True,CASSHPGQNNQAPLF,TGTGCCAGCAGCCACCCGGGACAGAACAACCAGGCTCCGCTTTTT,1928,1,None,None
CTGAAACGTTCGTGAT-1,False,CTGAAACGTTCGTGAT-1_contig_1,False,596,TRB,TRBV3,None,TRBJ2-5,None,True,True,CASSQGGGTQYF,TGTGCCAGCAGCCAAGGGGGGGGCACCCAGTACTTT,2278,1,None,None
CTGAAACGTTCGTGAT-1,False,CTGAAACGTTCGTGAT-1_contig_2,False,566,TRB,TRBV13-2,None,TRBJ1-2,TRBC1,True,True,CASGGGTGNSDYTF,TGTGCCAGCGGTGGGGGGACAGGGAACTCCGACTACACCTTC,1332,1,None,None
CTGAAACTCACGACTA-1,False,CTGAAACTCACGACTA-1_contig_1,False,553,TRB,TRBV12-2+TRBV13-2,None,TRBJ1-5,TRBC1,True,True,CASGTGDNQAPLF,TGTGCCAGCGGGACAGGGGACAACCAGGCTCCGCTTTTT,208,1,None,None
CTGAAACTCGAATGGG-1,False,CTGAAACTCGAATGGG-1_contig_1,False,477,TRB,None,None,TRBJ1-2,TRBC1,False,False,None,None,1440,1,None,None
CTGAAACTCGCTGATA-1,False,CTGAAACTCGCTGATA-1_contig_1,False,566,TRB,TRBV12-2+TRBV13-2,None,TRBJ1-2,TRBC1,True,True,CASGGGTGNSDYTF,TGTGCCAGCGGTGGGGGGACAGGGAACTCCGACTACACCTTC,1200,1,None,None
CTGAAGTAGACAAGCC-1,False,CTGAAGTAGACAAGCC-1_contig_1,False,512,TRB,TRBV13-1,None,TRBJ2-3,None,True,True,CASGDSAETLYF,TGTGCCAGCGGGGACAGTGCAGAAACGCTGTATTTT,2502,2,None,None
CTGAAGTAGCTAGTGG-1,False,CTGAAGTAGCTAGTGG-1_contig_1,False,548,TRA,TRAV8-1,None,TRAJ30,TRAC,True,True,CATDTNAYKVIF,TGTGCTACTGACACAAATGCTTACAAAGTCATCTTT,2066,1,None,None
CTGAAGTAGTCTCGGC-1,False,CTGAAGTAGTCTCGGC-1_contig_1,True,541,TRA,TRAV8D-1,None,TRAJ30,TRAC,True,True,CASDTNAYKVIF,TGTGCTAGTGACACAAATGCTTACAAAGTCATCTTT,3366,1,None,None
CTGAAGTAGTCTCGGC-1,False,CTGAAGTAGTCTCGGC-1_contig_2,True,367,TRB,None,None,TRBJ2-7,None,False,False,None,None,4480,2,None,None
CTGAAGTAGTCTCGGC-1,False,CTGAAGTAGTCTCGGC-1_contig_3,True,417,TRA,TRAV6-7-DV9,None,TRAJ33,TRAC,True,False,None,None,1540,1,None,None
CTGAAGTCACAGTCGC-1,False,CTGAAGTCACAGTCGC-1_contig_1,False,497,TRB,None,None,TRBJ2-7,None,False,False,None,None,982,1,None,None
CTGAAGTCACATTTCT-1,False,CTGAAGTCACATTTCT-1_contig_1,False,561,TRB,TRBV12-2+TRBV13-2,None,TRBJ2-5,None,True,True,CASGVQGDTQYF,TGTGCCAGCGGTGTTCAGGGGGACACCCAGTACTTT,1468,1,None,None
CTGAAGTCACCGAAAG-1,False,CTGAAGTCACCGAAAG-1_contig_1,False,579,TRB,TRBV12-2+TRBV13-2,None,TRBJ1-2,TRBC1,True,True,CASGGGTGNSDYTF,TGTGCCAGCGGTGGGGGGACAGGGAACTCCGACTACACCTTC,1574,1,None,None
CTGAAGTCATATACCG-1,False,CTGAAGTCATATACCG-1_contig_1,False,562,TRA,TRAV19,None,TRAJ39,TRAC,True,True,CAAGGNNAGAKLTF,TGCGCAGCAGGTGGGAATAATGCAGGTGCCAAGCTCACATTC,4192,3,None,None
CTGAAGTCATATACCG-1,False,CTGAAGTCATATACCG-1_contig_2,False,566,TRB,TRBV12-2+TRBV13-2,None,TRBJ1-2,TRBC1,True,True,CASGGGTGNSDYTF,TGTGCCAGCGGTGGGGGGACAGGGAACTCCGACTACACCTTC,640,2,None,None
CTGAAGTCATCCCATC-1,False,CTGAAGTCATCCCATC-1_contig_1,False,535,TRA,TRAV19,None,TRAJ39,TRAC,True,True,CAAGGNNAGAKLTF,TGCGCAGCAGGTGGGAATAATGCAGGTGCCAAGCTCACATTC,2338,1,None,None
CTGAAGTCATTCCTCG-1,False,CTGAAGTCATTCCTCG-1_contig_1,False,560,TRB,TRBV12-2+TRBV13-2,None,TRBJ1-5,TRBC1,True,True,CASGTGDNQAPLF,TGTGCCAGCGGGACAGGGGACAACCAGGCTCCGCTTTTT,1344,1,None,None
CTGAAGTGTACCATCA-1,False,CTGAAGTGTACCATCA-1_contig_1,False,486,TRA,TRAV9-4,None,TRAJ58,TRAC,True,False,CAVSAQGTGSKLSF,TGTGCTGTGAGCGCGCAAGGCACTGGGTCTAAGCTGTCATTT,1288,1,None,None
CTGAAGTGTATTACCG-1,False,CTGAAGTGTATTACCG-1_contig_1,False,519,TRA,TRAV6-6,None,TRAJ24,TRAC,True,True,CAPLTTASLGKLQF,TGTGCTCCGTTGACAACTGCCAGTTTGGGGAAACTGCAGTTT,1254,1,None,None
CTGAAGTGTATTACCG-1,False,CTGAAGTGTATTACCG-1_contig_2,False,505,TRB,TRBV13-1,None,TRBJ2-4,None,True,True,CASSEGTNTLYF,TGTGCCAGCAGTGAAGGAACAAACACCTTGTACTTT,1092,2,None,None
CTGAAGTGTATTACCG-1,False,CTGAAGTGTATTACCG-1_contig_3,True,413,TRA,TRAV9D-2,None,TRAJ26,TRAC,True,False,CVLSRGNNYAQGLTF,TGTGTTCTGAGCAGGGGCAATAACTATGCCCAGGGATTAACCTTC,66,1,None,None
CTGAAGTGTGCACTTA-1,False,CTGAAGTGTGCACTTA-1_contig_1,False,549,TRB,TRBV16,None,TRBJ2-5,None,True,True,CASSLGGGQDTQYF,TGTGCAAGCAGCTTAGGGGGGGGCCAAGACACCCAGTACTTT,964,1,None,None
CTGAAGTTCTACCAGA-1,False,CTGAAGTTCTACCAGA-1_contig_1,False,519,TRA,TRAV8-1,None,TRAJ30,TRAC,True,True,CATDTNAYKVIF,TGTGCTACTGACACAAATGCTTACAAAGTCATCTTT,2624,1,None,None
CTGAAGTTCTACCAGA-1,False,CTGAAGTTCTACCAGA-1_contig_2,False,545,TRB,TRBV12-2+TRBV13-2,None,TRBJ1-2,TRBC1,True,True,CASGGQANSDYTF,TGTGCCAGCGGTGGACAGGCAAACTCCGACTACACCTTC,692,1,None,None
CTGATAGAGAAGATTC-1,False,CTGATAGAGAAGATTC-1_contig_1,False,595,TRB,TRBV13-2,None,TRBJ1-5,TRBC1,True,True,CASGTGDNQAPLF,TGTGCCAGCGGGACAGGGGACAACCAGGCTCCGCTTTTT,1984,1,None,None
CTGATAGAGAATTCCC-1,False,CTGATAGAGAATTCCC-1_contig_1,False,564,TRA,TRAV8-1,None,TRAJ34,TRAC,True,True,CATDVSNTNKVVF,TGTGCTACTGATGTTTCCAATACCAACAAAGTCGTCTTT,5556,5,None,None
CTGATAGAGAATTCCC-1,False,CTGATAGAGAATTCCC-1_contig_2,False,563,TRB,TRBV12-2+TRBV13-2,None,TRBJ1-2,TRBC1,True,True,CASGGGTGNSDYTF,TGTGCCAGCGGTGGGGGGACAGGGAACTCCGACTACACCTTC,4248,4,None,None
CTGATAGAGAATTCCC-1,False,CTGATAGAGAATTCCC-1_contig_3,False,565,TRB,TRBV12-2+TRBV13-2,None,TRBJ1-5,TRBC1,True,True,CASGTGDNQAPLF,TGTGCCAGCGGGACAGGGGACAACCAGGCTCCGCTTTTT,36260,50,None,None
CTGATAGAGAATTCCC-1,False,CTGATAGAGAATTCCC-1_contig_4,True,535,TRA,TRAV4-3,None,TRAJ32,TRAC,True,False,None,None,1670,2,None,None
CTGATAGAGAATTCCC-1,False,CTGATAGAGAATTCCC-1_contig_5,True,357,TRB,None,None,TRBJ2-1,None,False,False,None,None,22410,26,None,None
CTGATAGAGACAGGCT-1,False,CTGATAGAGACAGGCT-1_contig_1,False,596,TRB,TRBV12-2+TRBV13-2,None,TRBJ2-7,None,True,True,CASGVQGEQYF,TGTGCCAGCGGTGTTCAGGGAGAACAGTACTTC,1626,1,None,None
CTGATAGAGACAGGCT-1,False,CTGATAGAGACAGGCT-1_contig_2,False,490,TRA,TRAV6D-5,None,TRAJ38,TRAC,True,False,CTTVFWDNVGDNSKLIW,TGTACTACTGTGTTCTGGGATAATGTTGGTGACAACAGTAAGCTGATTTGG,86,2,None,None
CTGATAGAGAGGTAGA-1,False,CTGATAGAGAGGTAGA-1_contig_1,False,549,TRA,TRAV8N-2,None,TRAJ13,TRAC,True,True,CATEDSGTYQRF,TGTGCTACTGAGGATTCTGGGACTTACCAGAGGTTT,1988,1,None,None
CTGATAGAGAGGTAGA-1,False,CTGATAGAGAGGTAGA-1_contig_2,False,569,TRB,TRBV12-2+TRBV13-2,None,TRBJ2-5,None,True,True,CASGAGMEDTQYF,TGTGCCAGCGGTGCAGGGATGGAAGACACCCAGTACTTT,216,1,None,None
CTGATAGCAATCAGAA-1,False,CTGATAGCAATCAGAA-1_contig_1,False,328,TRB,None,None,TRBJ1-2,TRBC1,False,False,None,None,1722,1,None,None
CTGATAGCACTCGACG-1,False,CTGATAGCACTCGACG-1_contig_1,False,505,TRB,TRBV13-1,None,TRBJ2-3,None,True,True,CASGDSAETLYF,TGTGCCAGCGGGGACAGTGCAGAAACGCTGTATTTT,1956,1,None,None
CTGATAGCATATGAGA-1,False,CTGATAGCATATGAGA-1_contig_1,False,429,TRB,None,None,TRBJ1-2,TRBC1,False,False,None,None,2474,1,None,None
CTGATAGCATATGCTG-1,False,CTGATAGCATATGCTG-1_contig_1,False,536,TRA,TRAV19,None,TRAJ39,TRAC,True,True,CAAGGNNAGAKLTF,TGCGCAGCAGGTGGGAATAATGCAGGTGCCAAGCTCACATTC,1120,1,None,None
CTGATAGCATCCGCGA-1,False,CTGATAGCATCCGCGA-1_contig_1,False,568,TRB,TRBV12-2+TRBV13-2,None,TRBJ1-5,TRBC1,True,True,CASGDGDIQAPLF,TGTGCCAGCGGTGATGGGGACATCCAGGCTCCGCTTTTT,1842,1,None,None
CTGATAGCATCCTAGA-1,False,CTGATAGCATCCTAGA-1_contig_1,False,562,TRB,TRBV12-2+TRBV13-2,None,TRBJ2-7,None,True,True,CASGVQGWEQYF,TGTGCCAGCGGTGTACAGGGGTGGGAACAGTACTTC,1218,1,None,None
CTGATAGGTATTCTCT-1,False,CTGATAGGTATTCTCT-1_contig_1,False,549,TRB,TRBV16,None,TRBJ2-5,None,True,True,CASSLGGGQDTQYF,TGTGCAAGCAGCTTAGGGGGGGGCCAAGACACCCAGTACTTT,1006,1,None,None
CTGATAGGTCACCCAG-1,False,CTGATAGGTCACCCAG-1_contig_1,False,549,TRB,TRBV16,None,TRBJ2-5,None,True,True,CASSLGGGQDTQYF,TGTGCAAGCAGCTTAGGGGGGGGGCAAGACACCCAGTACTTT,534,2,None,None
CTGATAGGTCACCCAG-1,False,CTGATAGGTCACCCAG-1_contig_2,False,558,TRA,TRAV4D-3,None,TRAJ27,TRAC,True,True,CAADGPNTGKLTF,TGTGCTGCTGACGGGCCCAATACAGGCAAATTAACCTTT,1344,1,None,None
CTGATAGGTGGCGAAT-1,False,CTGATAGGTGGCGAAT-1_contig_1,False,610,TRA,TRAV13D-2,None,TRAJ11,TRAC,True,True,CAIDLDSGYNKLTF,TGTGCTATAGATCTTGACTCGGGATACAACAAACTCACTTTT,2418,1,None,None
CTGATAGGTGGTACAG-1,False,CTGATAGGTGGTACAG-1_contig_1,False,571,TRB,TRBV12-2+TRBV13-2,None,TRBJ1-2,TRBC1,True,True,CASGGGTGNSDYTF,TGTGCCAGCGGTGGGGGGACAGGGAACTCCGACTACACCTTC,2122,2,None,None
CTGATAGGTGTATGGG-1,False,CTGATAGGTGTATGGG-1_contig_1,False,567,TRB,TRBV12-2+TRBV13-2,None,TRBJ1-2,TRBC1,True,True,CASGGGTGNSDYTF,TGTGCCAGCGGTGGGGGGACAGGGAACTCCGACTACACCTTC,1402,1,None,None
CTGATAGGTGTCAATC-1,False,CTGATAGGTGTCAATC-1_contig_1,False,604,TRB,TRBV12-2+TRBV13-2,None,TRBJ1-2,TRBC1,True,True,CASGGGTGNSDYTF,TGTGCCAGCGGTGGGGGGACAGGGAACTCCGACTACACCTTC,1434,1,None,None
CTGATAGGTTACGGAG-1,False,CTGATAGGTTACGGAG-1_contig_1,False,549,TRB,TRBV16,None,TRBJ2-7,None,True,True,CASSFGGGADEQYF,TGTGCAAGCAGCTTTGGTGGGGGGGCGGATGAACAGTACTTC,1146,1,None,None
CTGATAGTCACATACG-1,False,CTGATAGTCACATACG-1_contig_1,False,522,TRB,TRBV31,None,TRBJ2-3,None,True,True,CAWSLLLGGSAETLYF,TGTGCCTGGAGTCTACTCCTGGGGGGAAGTGCAGAAACGCTGTATTTT,974,1,None,None
CTGATAGTCATGCATG-1,False,CTGATAGTCATGCATG-1_contig_1,False,560,TRB,TRBV12-2+TRBV13-2,None,TRBJ2-1,None,True,True,CASGTGDYAEQFF,TGTGCCAGCGGGACTGGGGACTATGCTGAGCAGTTCTTC,990,1,None,None
CTGATAGTCGGATGTT-1,False,CTGATAGTCGGATGTT-1_contig_1,False,549,TRB,TRBV16,None,TRBJ2-5,None,True,True,CASSLGGGQDTQYF,TGTGCAAGCAGCTTAGGGGGGGGCCAAGACACCCAGTACTTT,748,1,None,None
CTGATAGTCGTGGACC-1,False,CTGATAGTCGTGGACC-1_contig_1,False,701,TRB,TRBV12-2+TRBV13-2,None,TRBJ1-2,TRBC1,True,True,CASGGGTGNSDYTF,TGTGCCAGCGGTGGGGGGACAGGGAACTCCGACTACACCTTC,500,1,None,None
CTGATAGTCTCAAACG-1,False,CTGATAGTCTCAAACG-1_contig_1,False,556,TRA,TRAV19,None,TRAJ39,TRAC,True,True,CAAGGNNAGAKLTF,TGCGCAGCAGGTGGGAATAATGCAGGTGCCAAGCTCACATTC,1444,1,None,None
CTGATAGTCTGTACGA-1,False,CTGATAGTCTGTACGA-1_contig_1,False,384,TRB,None,None,TRBJ2-7,None,False,False,None,None,686,1,None,None
CTGATAGTCTGTCAAG-1,False,CTGATAGTCTGTCAAG-1_contig_1,False,518,TRA,TRAV6-6,None,TRAJ17,TRAC,True,True,CALGEDSAGNKLTF,TGTGCTCTGGGTGAGGACAGTGCAGGGAACAAGCTAACTTTT,1998,1,None,None
CTGATAGTCTTGTATC-1,False,CTGATAGTCTTGTATC-1_contig_1,False,459,TRA,TRAV1,None,TRAJ27,TRAC,True,False,None,None,2140,1,None,None
CTGATCCAGAGACTAT-1,False,CTGATCCAGAGACTAT-1_contig_1,False,508,TRB,TRBV13-1,None,TRBJ1-4,TRBC1,True,True,CASGTGANERLFF,TGTGCCAGCGGGACAGGGGCCAACGAAAGATTATTTTTC,1558,1,None,None
CTGATCCAGCCGGTAA-1,False,CTGATCCAGCCGGTAA-1_contig_1,False,559,TRA,TRAV4D-3,None,TRAJ27,TRAC,True,True,CAADGPNTGKLTF,TGTGCTGCGGACGGACCCAATACAGGCAAATTAACCTTT,1788,1,None,None
CTGATCCAGGCTAGGT-1,False,CTGATCCAGGCTAGGT-1_contig_1,False,385,TRB,None,None,TRBJ1-2,TRBC1,False,False,None,None,3644,2,None,None
CTGATCCAGTCCCACG-1,False,CTGATCCAGTCCCACG-1_contig_1,False,525,TRA,TRAV7N-6,None,TRAJ30,TRAC,True,True,CAVVDTNAYKVIF,TGTGCAGTGGTTGACACAAATGCTTACAAAGTCATCTTT,1918,1,None,None
CTGATCCCAGGTGGAT-1,False,CTGATCCCAGGTGGAT-1_contig_1,False,564,TRB,TRBV12-2+TRBV13-2,None,TRBJ1-5,TRBC1,True,True,CASGTGDNQAPLF,TGTGCCAGCGGTACAGGGGATAACCAGGCTCCGCTTTTT,1208,1,None,None
CTGATCCCAGTCGTGC-1,False,CTGATCCCAGTCGTGC-1_contig_1,False,476,TRB,TRBV12-2+TRBV13-2,None,TRBJ1-2,None,True,True,CASGGGTGNSDYTF,TGTGCCAGCGGTGGGGGGACAGGGAACTCCGACTACACCTTC,222,2,None,None
CTGATCCCAGTTTACG-1,False,CTGATCCCAGTTTACG-1_contig_1,False,558,TRA,TRAV19,None,TRAJ39,TRAC,True,True,CAAGGNNAGAKLTF,TGCGCAGCAGGTGGGAATAATGCAGGTGCCAAGCTCACATTC,2620,1,None,None
CTGATCCCAGTTTACG-1,False,CTGATCCCAGTTTACG-1_contig_2,False,544,TRA,TRAV9D-2,None,TRAJ25,TRAC,True,False,CVLSRGNNYAQGLTF,TGTGTTCTGAGCAGGGGCAATAACTATGCCCAGGGATTAACCTTC,1160,1,None,None
CTGATCCGTATAATGG-1,False,CTGATCCGTATAATGG-1_contig_1,False,561,TRB,TRBV12-2+TRBV13-2,None,TRBJ2-7,None,True,True,CASGVQGWEQYF,TGTGCCAGCGGTGTACAGGGGTGGGAACAGTACTTC,1038,1,None,None
CTGATCCGTATAATGG-1,False,CTGATCCGTATAATGG-1_contig_2,True,552,TRA,TRAV6D-5,None,TRAJ38,TRAC,True,False,CTTVFWDNVGDNSKLIW,TGTACTACTGTGTTCTGGGATAATGTTGGTGACAACAGTAAGCTGATTTGG,2188,2,None,None
CTGATCCGTCGCCATG-1,False,CTGATCCGTCGCCATG-1_contig_1,False,600,TRB,TRBV12-2+TRBV13-2,None,TRBJ1-5,TRBC1,True,True,CASGTGDNQAPLF,TGTGCCAGCGGGACAGGGGACAACCAGGCTCCGCTTTTT,2206,2,None,None
CTGATCCGTCTAGGTT-1,False,CTGATCCGTCTAGGTT-1_contig_1,False,549,TRB,TRBV16,None,TRBJ2-7,None,True,True,CASSFGGGADEQYF,TGTGCAAGCAGCTTTGGTGGGGGGGCGGATGAACAGTACTTC,942,1,None,None
CTGATCCGTCTTGCGG-1,False,CTGATCCGTCTTGCGG-1_contig_1,False,435,TRB,None,None,TRBJ1-2,TRBC1,False,False,None,None,2358,1,None,None
CTGATCCGTGCCTTGG-1,False,CTGATCCGTGCCTTGG-1_contig_1,False,566,TRB,TRBV12-2+TRBV13-2,None,TRBJ1-2,TRBC1,True,True,CASGGGTGNSDYTF,TGTGCCAGCGGTGGGGGGACAGGGAACTCCGACTACACCTTC,284,1,None,None
CTGATCCGTTAGAACA-1,False,CTGATCCGTTAGAACA-1_contig_1,False,544,TRA,TRAV7D-2,None,TRAJ16,TRAC,True,True,CAAPTSSGQKLVF,TGTGCAGCCCCAACTTCAAGTGGCCAGAAGCTGGTTTTT,2040,1,None,None
CTGATCCGTTCCCGAG-1,False,CTGATCCGTTCCCGAG-1_contig_1,False,512,TRB,TRBV13-1,None,TRBJ2-3,None,True,True,CASGDSAETLYF,TGTGCCAGCGGGGACAGTGCAGAAACGCTGTATTTT,1632,1,None,None
CTGATCCGTTCGTGAT-1,False,CTGATCCGTTCGTGAT-1_contig_1,False,559,TRB,TRBV12-2+TRBV13-2,None,TRBJ2-1,None,True,True,CASGGYAEQFF,TGTGCCAGCGGGGGCTATGCTGAGCAGTTCTTC,1000,1,None,None
CTGATCCTCAGGCCCA-1,False,CTGATCCTCAGGCCCA-1_contig_1,False,563,TRB,TRBV12-2+TRBV13-2,None,TRBJ1-5,TRBC1,True,True,CASGTGDNQAPLF,TGTGCCAGCGGGACAGGGGACAACCAGGCTCCGCTTTTT,678,1,None,None
CTGATCCTCCGTACAA-1,False,CTGATCCTCCGTACAA-1_contig_1,False,369,TRA,TRAV9D-2,None,TRAJ26,TRAC,True,False,CVLSRGNNYAQGLTF,TGTGTTCTGAGCAGGGGCAATAACTATGCCCAGGGATTAACCTTC,2900,1,None,None
CTGATCCTCCTGCAGG-1,False,CTGATCCTCCTGCAGG-1_contig_1,False,507,TRA,TRAV21-DV12,None,TRAJ42,TRAC,True,True,CILRVHGGSNAKLTF,TGTATCCTGAGAGTCCATGGAGGAAGCAATGCAAAGCTAACCTTC,2268,1,None,None
CTGATCCTCGTATCAG-1,False,CTGATCCTCGTATCAG-1_contig_1,False,569,TRB,TRBV12-2+TRBV13-2,None,TRBJ1-2,TRBC1,True,True,CASGGGTGNSDYTF,TGTGCCAGCGGTGGGGGGACAGGGAACTCCGACTACACCTTC,912,1,None,None
CTGATCCTCTCCGGTT-1,False,CTGATCCTCTCCGGTT-1_contig_1,False,505,TRB,TRBV13-1,None,TRBJ2-3,None,True,True,CASGDSAETLYF,TGTGCCAGCGGGGACAGTGCAGAAACGCTGTATTTT,1540,1,None,None
CTGATCCTCTGACCTC-1,False,CTGATCCTCTGACCTC-1_contig_1,False,604,TRB,TRBV12-2+TRBV13-2,None,TRBJ1-5,TRBC1,True,True,CASGTGDNQAPLF,TGTGCCAGCGGGACGGGGGACAACCAGGCTCCGCTTTTT,940,1,None,None
CTGATCCTCTTGCCGT-1,False,CTGATCCTCTTGCCGT-1_contig_1,False,549,TRB,TRBV16,None,TRBJ2-7,None,True,True,CASSFGGGADEQYF,TGTGCAAGCAGCTTTGGTGGGGGGGCGGATGAACAGTACTTC,1128,1,None,None
CTGCCTAAGCCATCGC-1,False,CTGCCTAAGCCATCGC-1_contig_1,False,655,TRB,None,None,TRBJ2-7,None,False,False,None,None,1506,1,None,None
CTGCCTAAGCGCTTAT-1,False,CTGCCTAAGCGCTTAT-1_contig_1,False,565,TRB,TRBV12-2+TRBV13-2,None,TRBJ2-5,None,True,True,CASGAGMEDTQYF,TGTGCCAGCGGTGCAGGGATGGAAGACACCCAGTACTTT,930,1,None,None
CTGCCTAAGGAATTAC-1,False,CTGCCTAAGGAATTAC-1_contig_1,False,515,TRB,TRBV13-1,None,TRBJ2-1,None,True,True,CASGGGDYAEQFF,TGTGCCAGCGGGGGGGGAGACTATGCTGAGCAGTTCTTC,1122,1,None,None
CTGCCTAAGGATATAC-1,False,CTGCCTAAGGATATAC-1_contig_1,False,632,TRB,TRBV12-2+TRBV13-2,None,TRBJ1-2,TRBC1,True,True,CASGGGTGNSDYTF,TGTGCCAGCGGTGGGGGGACAGGGAACTCCGACTACACCTTC,946,1,None,None
CTGCCTAAGGCTATCT-1,False,CTGCCTAAGGCTATCT-1_contig_1,False,518,TRB,TRBV26,None,TRBJ1-1,TRBC1,True,True,CASSPGTGWTEVFF,TGTGCCAGCAGCCCCGGGACAGGGTGGACAGAAGTCTTCTTT,2250,1,None,None
CTGCCTAAGGCTATCT-1,False,CTGCCTAAGGCTATCT-1_contig_2,False,508,TRB,None,None,TRBJ1-2,TRBC1,False,False,None,None,2138,1,None,None
CTGCCTAAGGGCATGT-1,False,CTGCCTAAGGGCATGT-1_contig_1,False,533,TRA,TRAV12-2,None,TRAJ37,TRAC,True,True,CALSPQTGNTGKLIF,TGTGCTTTGAGCCCCCAAACAGGCAATACCGGAAAACTCATCTTT,1376,1,None,None
CTGCCTAAGGTGATTA-1,False,CTGCCTAAGGTGATTA-1_contig_1,False,601,TRB,TRBV12-2+TRBV13-2,None,TRBJ2-5,None,True,True,CASGVQGDTQYF,TGTGCCAGCGGTGTTCAGGGGGACACCCAGTACTTT,672,1,None,None
CTGCCTACACTTACGA-1,False,CTGCCTACACTTACGA-1_contig_1,False,548,TRB,TRBV12-2+TRBV13-2,None,TRBJ2-1,None,True,True,CASGDPFQFF,TGTGCCAGCGGTGATCCTTTCCAGTTCTTC,1102,1,None,None
CTGCCTACAGAGCCAA-1,False,CTGCCTACAGAGCCAA-1_contig_1,False,532,TRA,TRAV14-1,None,TRAJ32,TRAC,True,True,CAASPLGSSGNKLIF,TGTGCAGCAAGTCCTCTTGGGAGCAGTGGCAACAAGCTCATCTTT,2368,1,None,None
CTGCCTACAGAGCCAA-1,False,CTGCCTACAGAGCCAA-1_contig_2,True,601,TRB,TRBV12-2+TRBV13-2,None,TRBJ1-5,TRBC1,True,True,CASGTGDNQAPLF,TGTGCCAGCGGGACAGGGGACAACCAGGCTCCGCTTTTT,1110,1,None,None
CTGCCTACAGAGCCAA-1,False,CTGCCTACAGAGCCAA-1_contig_3,True,328,TRB,None,None,TRBJ2-1,None,False,False,None,None,100,1,None,None
CTGCCTACAGAGCCAA-1,False,CTGCCTACAGAGCCAA-1_contig_4,True,688,TRB,TRBV12-2,None,TRBJ1-5,TRBC1,True,False,CASGTGDNQAPLF,TGTGCCAGCGGGACAGGGGACAACCAGGCTCCGCTTTTT,2136,2,None,None
CTGCCTACAGATGGCA-1,False,CTGCCTACAGATGGCA-1_contig_1,True,356,TRB,None,None,TRBJ1-6,TRBC1,False,False,None,None,3660,2,None,None
CTGCCTACAGCTGTAT-1,False,CTGCCTACAGCTGTAT-1_contig_1,False,549,TRB,TRBV16,None,TRBJ2-5,None,True,True,CASSLGGGQDTQYF,TGTGCAAGCAGCTTAGGGGGGGGGCAAGACACCCAGTACTTT,1340,1,None,None
CTGCCTACAGTTAACC-1,False,CTGCCTACAGTTAACC-1_contig_1,False,565,TRB,TRBV12-2+TRBV13-2,None,TRBJ1-5,TRBC1,True,True,CASGTGDNQAPLF,TGTGCCAGCGGTACAGGGGATAACCAGGCTCCGCTTTTT,1010,1,None,None
CTGCCTAGTCGCCATG-1,False,CTGCCTAGTCGCCATG-1_contig_1,False,501,TRB,TRBV13-1,None,TRBJ2-3,None,True,True,CASGDSAETLYF,TGTGCCAGCGGGGACAGTGCAGAAACGCTGTATTTT,1696,1,None,None
CTGCCTAGTCGCCATG-1,False,CTGCCTAGTCGCCATG-1_contig_2,True,377,TRB,None,None,TRBJ2-1,None,False,False,None,None,1860,1,None,None
CTGCCTAGTCGCCATG-1,False,CTGCCTAGTCGCCATG-1_contig_3,True,437,TRB,None,None,TRBJ1-3,TRBC1,False,False,None,None,656,1,None,None
CTGCCTAGTGTTGAGG-1,False,CTGCCTAGTGTTGAGG-1_contig_1,False,549,TRB,TRBV16,None,TRBJ2-5,None,True,True,CASSLGGGLDTQYF,TGTGCAAGCAGCTTAGGGGGGGGGCTCGACACCCAGTACTTT,1356,1,None,None
CTGCCTAGTGTTGAGG-1,False,CTGCCTAGTGTTGAGG-1_contig_2,False,351,TRB,None,None,TRBJ1-6,TRBC1,False,False,None,None,292,1,None,None
CTGCCTAGTTAGAACA-1,False,CTGCCTAGTTAGAACA-1_contig_1,False,583,TRA,TRAV16D-DV11,None,TRAJ26,TRAC,True,True,CAMREENNYAQGLTF,TGTGCTATGAGAGAGGAAAATAACTATGCCCAGGGATTAACCTTC,2100,2,None,None
CTGCCTAGTTGGACCC-1,False,CTGCCTAGTTGGACCC-1_contig_1,False,437,TRB,None,None,TRBJ1-3,TRBC1,False,False,None,None,146,1,None,None
CTGCCTATCAGCAACT-1,False,CTGCCTATCAGCAACT-1_contig_1,False,561,TRB,TRBV12-2+TRBV13-2,None,TRBJ2-7,None,True,True,CASGVQGWEQYF,TGTGCCAGCGGTGTACAGGGGTGGGAACAGTACTTC,1000,1,None,None
CTGCCTATCATGTAGC-1,False,CTGCCTATCATGTAGC-1_contig_1,False,515,TRB,TRBV13-1,None,TRBJ1-4,TRBC1,True,True,CASGTGANERLFF,TGTGCCAGCGGGACAGGGGCCAACGAAAGATTATTTTTC,1866,1,None,None
CTGCCTATCCCACTTG-1,False,CTGCCTATCCCACTTG-1_contig_1,False,575,TRA,TRAV3D-3,None,TRAJ28,TRAC,True,False,CTSAQSVRGTGSNRLTF,TGTACTTCTGCGCAGTCAGTGAGGGGCACTGGGAGTAACAGGCTCACTTTT,1852,1,None,None
CTGCCTATCGGCGGTT-1,False,CTGCCTATCGGCGGTT-1_contig_1,False,560,TRB,TRBV12-2+TRBV13-2,None,TRBJ2-7,None,True,True,CASGVQGWEQYF,TGTGCCAGCGGTGTACAGGGGTGGGAACAGTACTTC,1560,1,None,None
CTGCGGAAGAATGTGT-1,False,CTGCGGAAGAATGTGT-1_contig_1,False,530,TRA,TRAV16,None,TRAJ57,TRAC,True,True,CAMREPQGGSAKLIF,TGTGCTATGAGAGAGCCTCAAGGAGGGTCTGCGAAGCTCATCTTT,2402,1,None,None
CTGCGGAAGTTTCCTT-1,False,CTGCGGAAGTTTCCTT-1_contig_1,False,549,TRA,TRAV8N-2,None,TRAJ13,TRAC,True,True,CATEDSGTYQRF,TGTGCTACTGAGGATTCTGGGACTTACCAGAGGTTT,156,1,None,None
CTGCGGACACATAACC-1,False,CTGCGGACACATAACC-1_contig_1,False,556,TRA,TRAV19,None,TRAJ39,TRAC,True,True,CAAGGNNAGAKLTF,TGCGCAGCAGGTGGGAATAATGCAGGTGCCAAGCTCACATTC,1768,1,None,None
CTGCGGACACCAACCG-1,False,CTGCGGACACCAACCG-1_contig_1,False,671,TRA,TRAV14N-3,None,TRAJ6,TRAC,True,True,CAARSSGGNYKPTF,TGTGCAGCAAGGTCCTCAGGAGGAAACTACAAACCTACGTTT,2354,1,None,None
CTGCGGACACGGTGTC-1,False,CTGCGGACACGGTGTC-1_contig_1,False,512,TRB,TRBV13-1,None,TRBJ2-4,None,True,True,CASSEGTNTLYF,TGTGCCAGCAGTGAAGGAACAAACACCTTGTACTTT,6682,7,None,None
CTGCGGACACGGTGTC-1,False,CTGCGGACACGGTGTC-1_contig_2,False,600,TRB,TRBV12-2+TRBV13-2,None,TRBJ1-2,TRBC1,True,True,CASGGGTGNSDYTF,TGTGCCAGCGGTGGGGGGACAGGGAACTCCGACTACACCTTC,12236,11,None,None
CTGCGGACAGCTGTAT-1,False,CTGCGGACAGCTGTAT-1_contig_1,False,558,TRA,TRAV19,None,TRAJ39,TRAC,True,True,CAAGGNNAGAKLTF,TGCGCAGCAGGTGGGAATAATGCAGGTGCCAAGCTCACATTC,12950,15,None,None
CTGCGGACAGCTGTAT-1,False,CTGCGGACAGCTGTAT-1_contig_2,False,555,TRA,TRAV3-3,None,TRAJ49,TRAC,True,True,CAVSGATGYQNFYF,TGCGCAGTCAGTGGGGCCACGGGTTACCAGAACTTCTATTTT,5370,6,None,None
CTGCGGACAGCTGTAT-1,False,CTGCGGACAGCTGTAT-1_contig_3,False,597,TRB,TRBV12-2+TRBV13-2,None,TRBJ2-5,None,True,True,CASGVQGDTQYF,TGTGCCAGCGGTGTTCAGGGGGACACCCAGTACTTT,33244,42,None,None
CTGCGGACAGCTGTAT-1,False,CTGCGGACAGCTGTAT-1_contig_4,False,566,TRB,TRBV12-2+TRBV13-2,None,TRBJ1-2,TRBC1,True,True,CASGGGTGNSDYTF,TGTGCCAGCGGTGGGGGGACAGGGAACTCCGACTACACCTTC,6118,8,None,None
CTGCGGACAGCTGTAT-1,False,CTGCGGACAGCTGTAT-1_contig_5,True,516,TRA,TRAV7-5,None,TRAJ45,TRAC,True,False,CSDTEGADRLTF,TGCAGTGATACAGAAGGTGCAGATAGACTCACCTTT,1390,1,None,None
CTGCGGACAGCTGTAT-1,False,CTGCGGACAGCTGTAT-1_contig_6,True,444,TRB,None,None,TRBJ1-6,TRBC1,False,False,None,None,2622,2,None,None
CTGCGGACAGCTGTAT-1,False,CTGCGGACAGCTGTAT-1_contig_7,True,552,TRA,TRAV8N-2,None,TRAJ43,TRAC,True,False,CATDANNNNAPRF,TGTGCTACTGATGCCAATAACAACAATGCCCCACGATTT,8866,9,None,None
CTGCGGACAGCTGTAT-1,False,CTGCGGACAGCTGTAT-1_contig_8,True,409,TRB,None,None,TRBJ2-7,None,False,False,None,None,6250,9,None,None
CTGCGGACATTCTTAC-1,False,CTGCGGACATTCTTAC-1_contig_1,False,595,TRA,TRAV7-4,None,TRAJ31,TRAC,True,False,None,None,1388,1,None,None
CTGCGGAGTATATGGA-1,False,CTGCGGAGTATATGGA-1_contig_1,False,535,TRB,TRBV16,None,TRBJ2-5,None,True,True,CASSLGGRGDTQYF,TGTGCAAGCAGCTTAGGGGGGCGCGGAGACACCCAGTACTTT,2018,1,None,None
CTGCGGAGTATATGGA-1,False,CTGCGGAGTATATGGA-1_contig_2,False,505,TRB,TRBV13-1,None,TRBJ2-5,None,True,True,CASSDGDDTQYF,TGTGCCAGCAGTGACGGGGACGACACCCAGTACTTT,426,1,None,None
CTGCGGATCCCAACGG-1,False,CTGCGGATCCCAACGG-1_contig_1,False,608,TRB,TRBV13-1,None,TRBJ2-3,None,True,False,CASGDSAETLYF,TGTGCCAGCGGGGACAGTGCAGAAACGCTGTATTTT,1828,1,None,None
CTGCGGATCGGCTTGG-1,False,CTGCGGATCGGCTTGG-1_contig_1,False,605,TRA,TRAV14N-3,None,TRAJ6,TRAC,True,True,CAARTSGGNYKPTF,TGTGCAGCAAGAACCTCAGGAGGAAACTACAAACCTACGTTT,5980,4,None,None
CTGCGGATCGGCTTGG-1,False,CTGCGGATCGGCTTGG-1_contig_2,False,549,TRA,TRAV8N-2,None,TRAJ13,TRAC,True,True,CATEDSGTYQRF,TGTGCTACTGAGGATTCTGGGACTTACCAGAGGTTT,3260,2,None,None
CTGCGGATCGGCTTGG-1,False,CTGCGGATCGGCTTGG-1_contig_3,False,563,TRB,TRBV12-2+TRBV13-2,None,TRBJ2-7,None,True,True,CASGTGGDYEQYF,TGTGCCAGCGGGACTGGGGGGGACTATGAACAGTACTTC,1448,1,None,None
CTGCGGATCGGCTTGG-1,False,CTGCGGATCGGCTTGG-1_contig_4,True,372,TRB,None,None,TRBJ2-5,None,False,False,None,None,286,1,None,None
CTGCGGATCTAACTGG-1,False,CTGCGGATCTAACTGG-1_contig_1,False,644,TRB,TRBV12-2+TRBV13-2,None,TRBJ1-5,TRBC1,True,True,CASGTGDNQAPLF,TGTGCCAGCGGGACAGGGGACAACCAGGCTCCGCTTTTT,1410,1,None,None
CTGCGGATCTATCCCG-1,False,CTGCGGATCTATCCCG-1_contig_1,False,539,TRA,TRAV19,None,TRAJ39,TRAC,True,True,CAAGGNNAGAKLTF,TGCGCAGCAGGTGGGAATAATGCAGGTGCCAAGCTCACATTC,2118,1,None,None
CTGCGGATCTATCCTA-1,False,CTGCGGATCTATCCTA-1_contig_1,False,613,TRB,TRBV12-2+TRBV13-2,None,TRBJ1-2,TRBC1,True,True,CASGGGTGNSDYTF,TGTGCCAGCGGTGGGGGGACAGGGAACTCCGACTACACCTTC,1562,1,None,None
CTGCTGTAGGCCCTTG-1,False,CTGCTGTAGGCCCTTG-1_contig_1,False,574,TRB,TRBV12-2+TRBV13-2,None,TRBJ1-2,TRBC1,True,True,CASGGGTGNSDYTF,TGTGCCAGCGGTGGGGGGACAGGGAACTCCGACTACACCTTC,6526,5,None,None
CTGCTGTAGGCCCTTG-1,False,CTGCTGTAGGCCCTTG-1_contig_2,False,523,TRA,TRAV8-1,None,TRAJ30,TRAC,True,True,CATDTNAYKVIF,TGTGCTACTGACACAAATGCTTACAAAGTCATCTTT,3810,2,None,None
CTGCTGTAGGCCCTTG-1,False,CTGCTGTAGGCCCTTG-1_contig_3,False,563,TRB,TRBV12-2+TRBV13-2,None,TRBJ1-5,TRBC1,True,True,CASGTGDNQAPLF,TGTGCCAGCGGGACAGGGGACAACCAGGCTCCGCTTTTT,2182,5,None,None
CTGCTGTAGGCCCTTG-1,False,CTGCTGTAGGCCCTTG-1_contig_4,True,596,TRB,None,None,TRBJ2-7,None,False,False,None,None,2920,2,None,None
CTGCTGTCACCATCCT-1,False,CTGCTGTCACCATCCT-1_contig_1,False,566,TRA,TRAV3-3,None,TRAJ49,TRAC,True,True,CAVSGSTGYQNFYF,TGCGCAGTCAGTGGGAGCACGGGTTACCAGAACTTCTATTTT,12138,9,None,None
CTGCTGTCACCATCCT-1,False,CTGCTGTCACCATCCT-1_contig_2,False,575,TRB,TRBV12-2+TRBV13-2,None,TRBJ2-7,None,True,True,CASGVQGWEQYF,TGTGCCAGCGGTGTACAGGGGTGGGAACAGTACTTC,30738,28,None,None
CTGCTGTCACCATCCT-1,False,CTGCTGTCACCATCCT-1_contig_3,False,568,TRA,TRAV3-1,None,TRAJ22,TRAC,True,True,CAVWSGSWQLIF,TGCGCAGTCTGGTCTGGCAGCTGGCAACTCATCTTT,4982,3,None,None
CTGCTGTCACCATCCT-1,False,CTGCTGTCACCATCCT-1_contig_4,False,561,TRB,TRBV12-2+TRBV13-2,None,TRBJ2-7,None,True,True,CASGAGGAVEQYF,TGTGCCAGCGGTGCTGGGGGGGCGGTTGAACAGTACTTC,3062,3,None,None
CTGCTGTCACCATCCT-1,False,CTGCTGTCACCATCCT-1_contig_5,True,575,TRB,None,None,TRBJ1-1,TRBC1,False,False,None,None,4252,3,None,None
CTGCTGTCACCATCCT-1,False,CTGCTGTCACCATCCT-1_contig_6,True,497,TRA,TRAV6D-5,None,TRAJ38,TRAC,True,False,CTTVFWDNVGDNSKLIW,TGTACTACTGTGTTCTGGGATAATGTTGGTGACAACAGTAAGCTGATTTGG,1504,2,None,None
CTGCTGTCACCATCCT-1,False,CTGCTGTCACCATCCT-1_contig_7,True,316,TRB,None,None,TRBJ2-5,None,False,False,None,None,18500,12,None,None
CTGCTGTCACTGAAGG-1,False,CTGCTGTCACTGAAGG-1_contig_1,False,353,TRB,None,None,TRBJ2-7,None,False,False,None,None,2584,1,None,None
CTGCTGTCATCTGGTA-1,False,CTGCTGTCATCTGGTA-1_contig_1,False,520,TRA,TRAV6-6,None,TRAJ24,TRAC,True,True,CAPLTTASLGKLQF,TGTGCTCCGTTGACAACTGCCAGTTTGGGGAAACTGCAGTTT,2826,3,None,None
CTGCTGTCATCTGGTA-1,False,CTGCTGTCATCTGGTA-1_contig_10,False,518,TRA,TRAV1,None,TRAJ27,TRAC,True,False,None,None,1836,3,None,None
CTGCTGTCATCTGGTA-1,False,CTGCTGTCATCTGGTA-1_contig_11,False,355,TRB,TRBV31,None,TRBJ2-5,None,True,False,CAWSSDRFIQDTQYF,TGTGCCTGGAGTTCAGACAGGTTTATCCAAGACACCCAGTACTTT,2570,6,None,None
CTGCTGTCATCTGGTA-1,False,CTGCTGTCATCTGGTA-1_contig_12,False,542,Multi,TRDV2-2,None,TRAJ58,TRAC,True,False,CALMEHQGTGSKLSF,TGTGCTCTCATGGAGCACCAAGGCACTGGGTCTAAGCTGTCATTT,3736,5,None,None
CTGCTGTCATCTGGTA-1,False,CTGCTGTCATCTGGTA-1_contig_2,False,600,TRA,TRAV10N,None,TRAJ7,TRAC,True,True,CAPEPDYSNNRLTL,TGTGCACCGGAACCGGACTACAGCAACAACAGACTTACTTTG,3744,4,None,None
CTGCTGTCATCTGGTA-1,False,CTGCTGTCATCTGGTA-1_contig_3,False,505,TRB,TRBV13-1,None,TRBJ2-4,None,True,True,CASSEGTNTLYF,TGTGCCAGCAGTGAAGGAACAAACACCTTGTACTTT,37924,76,None,None
CTGCTGTCATCTGGTA-1,False,CTGCTGTCATCTGGTA-1_contig_4,False,541,TRA,TRAV8D-1,None,TRAJ30,TRAC,True,True,CATDTNAYKVIF,TGTGCTACTGACACAAATGCTTACAAAGTCATCTTT,1366,2,None,None
CTGCTGTCATCTGGTA-1,False,CTGCTGTCATCTGGTA-1_contig_5,False,729,TRA,TRAV9D-2,None,TRAJ26,TRAC,True,True,CVLSRGNNYAQGLTF,TGTGTTCTGAGCAGGGGCAATAACTATGCCCAGGGATTAACCTTC,8586,12,None,None
CTGCTGTCATCTGGTA-1,False,CTGCTGTCATCTGGTA-1_contig_6,False,542,TRA,TRAV6N-7,None,TRAJ48,TRAC,True,False,CTTVLWVINYGNEKITF,TGTACTACTGTGCTCTGGGTGATCAACTATGGAAATGAGAAAATAACTTTT,1626,3,None,None
CTGCTGTCATCTGGTA-1,False,CTGCTGTCATCTGGTA-1_contig_7,False,305,TRB,None,None,TRBJ2-5,None,False,False,None,None,6302,10,None,None
CTGCTGTCATCTGGTA-1,False,CTGCTGTCATCTGGTA-1_contig_8,False,324,TRB,None,None,TRBJ2-2,None,False,False,None,None,1202,1,None,None
CTGCTGTCATCTGGTA-1,False,CTGCTGTCATCTGGTA-1_contig_9,False,353,TRB,None,None,TRBJ2-7,None,False,False,None,None,542,2,None,None
CTGCTGTCATGCTAGT-1,False,CTGCTGTCATGCTAGT-1_contig_1,False,566,TRB,TRBV12-2+TRBV13-2,None,TRBJ1-2,TRBC1,True,True,CASGGGTGNSDYTF,TGTGCCAGCGGTGGGGGGACAGGGAACTCCGACTACACCTTC,1352,1,None,None
CTGCTGTGTCCAACTA-1,False,CTGCTGTGTCCAACTA-1_contig_1,False,428,TRB,None,None,TRBJ2-7,None,False,False,None,None,1896,1,None,None
CTGCTGTGTTACGGAG-1,False,CTGCTGTGTTACGGAG-1_contig_1,False,441,TRA,TRAV7-5,None,TRAJ45,TRAC,True,False,CSDTEGADRLTF,TGCAGTGATACAGAAGGTGCAGATAGACTCACCTTT,1822,1,None,None
CTGCTGTGTTATCACG-1,False,CTGCTGTGTTATCACG-1_contig_1,False,512,TRB,TRBV13-1,None,TRBJ2-3,None,True,True,CASGDSAETLYF,TGTGCCAGCGGGGACAGTGCAGAAACGCTGTATTTT,1994,1,None,None
CTGCTGTGTTATGTGC-1,False,CTGCTGTGTTATGTGC-1_contig_1,False,549,TRA,TRAV8N-2,None,TRAJ13,TRAC,True,True,CATEDSGTYQRF,TGTGCTACTGAGGATTCTGGGACTTACCAGAGGTTT,1680,1,None,None
CTGCTGTTCCTCTAGC-1,False,CTGCTGTTCCTCTAGC-1_contig_1,False,549,TRB,TRBV16,None,TRBJ2-5,None,True,True,CASSFGGGQDTQYF,TGTGCAAGCAGCTTCGGGGGCGGCCAAGACACCCAGTACTTT,464,1,None,None
CTGCTGTTCGGAGCAA-1,False,CTGCTGTTCGGAGCAA-1_contig_1,False,416,TRB,TRBV13-1,None,TRBJ2-1,None,True,False,CASGGGDYAEQFF,TGTGCCAGCGGGGGGGGAGACTATGCTGAGCAGTTCTTC,2326,1,None,None
CTGCTGTTCGTTACAG-1,False,CTGCTGTTCGTTACAG-1_contig_1,False,561,TRB,TRBV12-2+TRBV13-2,None,TRBJ2-7,None,True,True,CASGVQGEQYF,TGTGCCAGCGGTGTTCAGGGAGAACAGTACTTC,1076,1,None,None
CTGCTGTTCTGTCCGT-1,False,CTGCTGTTCTGTCCGT-1_contig_1,False,493,TRB,None,None,TRBJ2-7,None,False,False,None,None,866,1,None,None
CTGGTCTAGACAAAGG-1,False,CTGGTCTAGACAAAGG-1_contig_1,False,381,TRB,None,None,TRBJ1-6,TRBC1,False,False,None,None,2510,1,None,None
CTGGTCTAGCAACGGT-1,False,CTGGTCTAGCAACGGT-1_contig_1,False,544,TRB,TRBV1,None,TRBJ2-7,None,True,True,CTCSADSLGEYEQYF,TGCACCTGCAGTGCAGATTCGCTGGGGGAGTATGAACAGTACTTC,2742,1,None,None
CTGGTCTAGCAGATCG-1,False,CTGGTCTAGCAGATCG-1_contig_1,False,522,TRB,TRBV31,None,TRBJ2-3,None,True,True,CAWSLLLGGSAETLYF,TGTGCCTGGAGTCTACTCCTGGGGGGAAGTGCAGAAACGCTGTATTTT,2402,2,None,None
CTGGTCTAGGTAGCTG-1,False,CTGGTCTAGGTAGCTG-1_contig_1,False,355,TRB,None,None,TRBJ2-7,None,False,False,None,None,544,1,None,None
CTGGTCTAGTGACTCT-1,False,CTGGTCTAGTGACTCT-1_contig_1,False,611,TRB,TRBV5,None,TRBJ2-2,None,True,False,CASSTGQLYF,TGTGCCAGCAGCACCGGGCAGCTCTACTTT,1848,1,None,None
CTGGTCTAGTGGAGAA-1,False,CTGGTCTAGTGGAGAA-1_contig_1,False,503,TRB,TRBV13-1,None,TRBJ2-3,None,True,True,CASGDSAETLYF,TGTGCCAGCGGGGACAGTGCAGAAACGCTGTATTTT,1470,1,None,None
CTGGTCTAGTTCCACA-1,False,CTGGTCTAGTTCCACA-1_contig_1,False,512,TRB,TRBV13-1,None,TRBJ2-3,None,True,True,CASGDSAETLYF,TGTGCCAGCGGGGACAGTGCAGAAACGCTGTATTTT,1698,1,None,None
CTGGTCTCACCTATCC-1,False,CTGGTCTCACCTATCC-1_contig_1,False,552,TRA,TRAV4D-3,None,TRAJ27,TRAC,True,True,CAADGPNTGKLTF,TGTGCTGCGGACGGACCCAATACAGGCAAATTAACCTTT,2166,1,None,None
CTGGTCTGTAAGGATT-1,False,CTGGTCTGTAAGGATT-1_contig_1,False,507,TRB,TRBV13-1,None,TRBJ2-1,None,True,True,CASSDNYAEQFF,TGTGCCAGCAGTGACAACTATGCTGAGCAGTTCTTC,1984,1,None,None
CTGGTCTGTCAAGCGA-1,False,CTGGTCTGTCAAGCGA-1_contig_1,False,654,TRB,TRBV12-2+TRBV13-2,None,TRBJ1-2,TRBC1,True,True,CASGGGTGNSDYTF,TGTGCCAGCGGTGGGGGGACAGGGAACTCCGACTACACCTTC,2522,2,None,None
CTGGTCTGTCACACGC-1,False,CTGGTCTGTCACACGC-1_contig_1,False,507,TRB,TRBV5,None,TRBJ2-2,None,True,True,CASSTGQLYF,TGTGCCAGCAGCACCGGGCAGCTCTACTTT,1692,1,None,None
CTGGTCTGTCATACTG-1,False,CTGGTCTGTCATACTG-1_contig_1,False,501,TRB,TRBV13-1,None,TRBJ2-2,None,True,True,CASSDPGQLYF,TGTGCCAGCAGTGACCCCGGGCAGCTCTACTTT,1370,1,None,None
CTGGTCTGTGTCTGAT-1,False,CTGGTCTGTGTCTGAT-1_contig_1,False,523,TRA,TRAV8D-1,None,TRAJ30,TRAC,True,True,CATDTNAYKVIF,TGTGCTACTGACACAAATGCTTACAAAGTCATCTTT,2510,1,None,None
CTGGTCTGTGTGACGA-1,False,CTGGTCTGTGTGACGA-1_contig_1,False,620,TRB,TRBV13-2,None,TRBJ1-5,TRBC1,True,True,CASGTGDNQAPLF,TGTGCCAGCGGTACAGGGGACAACCAGGCTCCGCTTTTT,1160,1,None,None
CTGGTCTGTTACGTCA-1,False,CTGGTCTGTTACGTCA-1_contig_1,False,524,TRB,TRBV13-2,None,TRBJ2-7,None,True,True,CASGVQGGEQYF,TGTGCCAGCGGTGTGCAGGGGGGAGAACAGTACTTC,1638,1,None,None
CTGGTCTGTTACGTCA-1,False,CTGGTCTGTTACGTCA-1_contig_2,False,538,TRA,TRAV3D-3,None,TRAJ28,TRAC,True,False,CTSAQSVRGTGSNRLTF,TGTACTTCTGCGCAGTCAGTGAGGGGCACTGGGAGTAACAGGCTCACTTTT,2258,1,None,None
CTGGTCTGTTCTGGTA-1,False,CTGGTCTGTTCTGGTA-1_contig_1,False,541,TRA,TRAV8-1,None,TRAJ34,TRAC,True,True,CATDVSNTNKVVF,TGTGCTACTGATGTATCCAATACCAACAAAGTCGTCTTT,2500,1,None,None
CTGGTCTTCATGTGGT-1,False,CTGGTCTTCATGTGGT-1_contig_1,False,327,TRB,None,None,TRBJ2-1,None,False,False,None,None,4028,1,None,None
CTGTGCTAGAATCTCC-1,False,CTGTGCTAGAATCTCC-1_contig_1,False,525,TRA,TRAV7N-6,None,TRAJ30,TRAC,True,True,CAVVDTNAYKVIF,TGTGCAGTGGTTGACACAAATGCTTACAAAGTCATCTTT,876,1,None,None
CTGTGCTAGATATGGT-1,False,CTGTGCTAGATATGGT-1_contig_1,False,561,TRB,TRBV12-2+TRBV13-2,None,TRBJ2-7,None,True,True,CASGVQGGEQYF,TGTGCCAGCGGTGTGCAGGGGGGAGAACAGTACTTC,1060,1,None,None
CTGTGCTCAATAGCGG-1,False,CTGTGCTCAATAGCGG-1_contig_1,False,602,TRB,TRBV12-2+TRBV13-2,None,TRBJ2-7,None,True,True,CASGVQGEQYF,TGTGCCAGCGGTGTTCAGGGAGAACAGTACTTC,772,1,None,None
CTGTGCTCACGCCAGT-1,False,CTGTGCTCACGCCAGT-1_contig_1,False,570,TRA,TRAV14N-3,None,TRAJ6,TRAC,True,True,CAARSSGGNYKPTF,TGTGCAGCAAGGTCCTCAGGAGGAAACTACAAACCTACGTTT,2344,1,None,None
CTGTGCTCACGGCCAT-1,False,CTGTGCTCACGGCCAT-1_contig_1,False,352,TRB,TRBV13-1,None,TRBJ1-1,TRBC1,True,False,CASSDPAEVFF,TGTGCCAGCAGTGATCCAGCGGAAGTCTTCTTT,2494,1,None,None
CTGTGCTCACGGTTTA-1,False,CTGTGCTCACGGTTTA-1_contig_1,False,570,TRB,TRBV13-2,None,TRBJ1-2,TRBC1,True,True,CASGGGTGNSDYTF,TGTGCCAGCGGTGGGGGGACAGGGAACTCCGACTACACCTTC,1282,1,None,None
CTGTGCTCAGATGGCA-1,False,CTGTGCTCAGATGGCA-1_contig_1,False,566,TRB,TRBV12-2+TRBV13-2,None,TRBJ1-2,TRBC1,True,True,CASGGGTGNSDYTF,TGTGCCAGCGGTGGGGGGACAGGGAACTCCGACTACACCTTC,400,1,None,None
CTGTGCTCAGGCTGAA-1,False,CTGTGCTCAGGCTGAA-1_contig_1,False,549,TRB,TRBV16,None,TRBJ2-5,None,True,True,CASSLGGGQDTQYF,TGTGCAAGCAGCTTAGGGGGGGGGCAAGACACCCAGTACTTT,862,1,None,None
CTGTGCTCATCAGTAC-1,False,CTGTGCTCATCAGTAC-1_contig_1,False,699,TRB,None,None,TRBJ1-2,TRBC1,False,False,None,None,1878,1,None,None
CTGTGCTGTACTTCTT-1,False,CTGTGCTGTACTTCTT-1_contig_1,False,522,TRB,TRBV5,None,TRBJ2-5,None,True,True,CASSQDGVNQDTQYF,TGTGCCAGCAGCCAAGATGGGGTTAACCAAGACACCCAGTACTTT,2012,1,None,None
CTGTGCTGTACTTCTT-1,False,CTGTGCTGTACTTCTT-1_contig_2,False,630,TRA,TRAV13-1,None,TRAJ42,TRAC,True,False,None,None,1876,1,None,None
CTGTGCTGTCAGATAA-1,False,CTGTGCTGTCAGATAA-1_contig_1,False,521,TRA,TRAV14N-3,None,TRAJ6,TRAC,True,True,CAARTSGGNYKPTF,TGTGCAGCAAGAACCTCAGGAGGAAACTACAAACCTACGTTT,1606,1,None,None
CTGTGCTGTTCAGTAC-1,False,CTGTGCTGTTCAGTAC-1_contig_1,False,576,TRB,TRBV12-2+TRBV13-2,None,TRBJ1-5,TRBC1,True,True,CASGTGDNQAPLF,TGTGCCAGCGGTACAGGGGACAACCAGGCTCCGCTTTTT,1474,1,None,None
CTGTGCTTCCGCGTTT-1,False,CTGTGCTTCCGCGTTT-1_contig_1,False,377,TRB,TRBV13-2,None,TRBJ2-1,None,True,False,CASGAGDYAEQFF,TGTGCCAGCGGTGCTGGGGACTATGCTGAGCAGTTCTTC,1222,1,None,None
CTGTGCTTCCGTTGCT-1,False,CTGTGCTTCCGTTGCT-1_contig_1,False,524,TRB,TRBV12-2+TRBV13-2,None,TRBJ2-7,None,True,True,CASGVQGGEQYF,TGTGCCAGCGGTGTGCAGGGGGGAGAACAGTACTTC,2036,1,None,None
CTGTGCTTCGCGGATC-1,False,CTGTGCTTCGCGGATC-1_contig_1,False,521,TRA,TRAV7-5,None,TRAJ45,TRAC,True,False,CSDTEGADRLTF,TGCAGTGATACAGAAGGTGCAGATAGACTCACCTTT,2142,1,None,None
CTGTTTAAGCTGTTCA-1,False,CTGTTTAAGCTGTTCA-1_contig_1,False,506,TRB,TRBV26,None,TRBJ2-1,None,True,True,CASSLHKFYAEQFF,TGTGCCAGCAGTCTGCACAAATTCTATGCTGAGCAGTTCTTC,2210,1,None,None
CTGTTTAAGGCACATG-1,False,CTGTTTAAGGCACATG-1_contig_1,False,549,TRB,TRBV16,None,TRBJ2-5,None,True,True,CASSLGGGQDTQYF,TGTGCAAGCAGCTTAGGGGGGGGCCAAGACACCCAGTACTTT,2222,1,None,None
CTGTTTAAGGTGCTAG-1,False,CTGTTTAAGGTGCTAG-1_contig_1,False,512,TRB,TRBV13-1,None,TRBJ2-3,None,True,True,CASGDSAETLYF,TGTGCCAGCGGGGACAGTGCAGAAACGCTGTATTTT,2682,2,None,None
CTGTTTAAGGTGCTAG-1,False,CTGTTTAAGGTGCTAG-1_contig_2,True,422,TRB,None,None,TRBJ2-4,None,False,False,None,None,1972,1,None,None
CTGTTTACAGCCAATT-1,False,CTGTTTACAGCCAATT-1_contig_1,False,560,TRA,TRAV3-3,None,TRAJ31,TRAC,True,True,CAVSAGNNRIFF,TGCGCAGTCAGTGCAGGCAATAACAGAATCTTCTTT,1494,1,None,None
CTGTTTATCGATAGAA-1,False,CTGTTTATCGATAGAA-1_contig_1,False,594,TRA,TRAV4D-3,None,TRAJ27,TRAC,True,True,CAADGPNTGKLTF,TGTGCTGCGGACGGACCCAATACAGGCAAATTAACCTTT,622,1,None,None
CTGTTTATCGATAGAA-1,False,CTGTTTATCGATAGAA-1_contig_2,False,567,TRA,TRAV3-3,None,TRAJ37,TRAC,True,False,None,None,2128,1,None,None
CTTAACTAGGGTTCCC-1,False,CTTAACTAGGGTTCCC-1_contig_1,False,475,TRA,TRAV12-3,None,TRAJ31,TRAC,True,False,None,None,2108,1,None,None
CTTAACTAGTCCCACG-1,False,CTTAACTAGTCCCACG-1_contig_1,False,505,TRB,TRBV13-1,None,TRBJ2-1,None,True,True,CASSDNYAEQFF,TGTGCCAGCAGTGACAACTATGCTGAGCAGTTCTTC,888,1,None,None
CTTAACTGTAAGAGGA-1,False,CTTAACTGTAAGAGGA-1_contig_1,False,560,TRB,TRBV12-2+TRBV13-2,None,TRBJ1-2,TRBC1,True,True,CASGGGTGNSDYTF,TGTGCCAGCGGTGGGGGGACAGGGAACTCCGACTACACCTTC,1652,1,None,None
CTTAACTGTAGCTGCC-1,False,CTTAACTGTAGCTGCC-1_contig_1,False,568,TRB,TRBV12-2+TRBV13-2,None,TRBJ1-2,TRBC1,True,True,CASGGGTGNSDYTF,TGTGCCAGCGGTGGGGGGACAGGGAACTCCGACTACACCTTC,1450,1,None,None
CTTAACTGTGAAAGAG-1,False,CTTAACTGTGAAAGAG-1_contig_1,False,577,TRA,TRAV16D-DV11,None,TRAJ26,TRAC,True,True,CAMREENNYAQGLTF,TGTGCTATGAGAGAGGAAAATAACTATGCCCAGGGATTAACCTTC,2548,1,None,None
CTTAACTGTTAGGGTG-1,False,CTTAACTGTTAGGGTG-1_contig_1,False,549,TRB,TRBV16,None,TRBJ2-5,None,True,True,CASSWGGGQDTQYF,TGTGCAAGCAGCTGGGGGGGCGGGCAAGACACCCAGTACTTT,236,1,None,None
CTTAACTGTTCTCATT-1,False,CTTAACTGTTCTCATT-1_contig_1,True,727,TRB,TRBV12-2+TRBV13-2,None,TRBJ1-2,None,True,False,CASGGGTGNSDYTF,TGTGCCAGCGGTGGGGGGACAGGGAACTCCGACTACACCTTC,1666,2,None,None
CTTAACTGTTCTCATT-1,False,CTTAACTGTTCTCATT-1_contig_2,True,347,TRB,None,None,TRBJ2-3,None,False,False,None,None,2210,1,None,None
CTTAACTGTTCTCATT-1,False,CTTAACTGTTCTCATT-1_contig_3,True,323,TRB,None,None,TRBJ2-7,None,False,False,None,None,2368,1,None,None
CTTAACTTCAACCATG-1,False,CTTAACTTCAACCATG-1_contig_1,False,568,TRB,TRBV12-1,None,TRBJ2-2,None,True,True,CASSDPGQLYF,TGTGCCAGCAGTGACCCCGGGCAGCTCTACTTT,2264,1,None,None
CTTAACTTCACAACGT-1,False,CTTAACTTCACAACGT-1_contig_1,False,366,TRA,TRAV9D-2,None,TRAJ26,TRAC,True,False,CVLSRGNNYAQGLTF,TGTGTTCTGAGCAGGGGCAATAACTATGCCCAGGGATTAACCTTC,2288,1,None,None
CTTAACTTCCTTAATC-1,False,CTTAACTTCCTTAATC-1_contig_1,False,681,TRB,TRBV12-2+TRBV13-2,None,TRBJ1-5,TRBC1,True,True,CASGTGDNQAPLF,TGTGCCAGCGGTACAGGGGACAACCAGGCTCCGCTTTTT,1196,1,None,None
CTTACCGAGAGTACAT-1,False,CTTACCGAGAGTACAT-1_contig_1,False,549,TRA,TRAV8N-2,None,TRAJ13,TRAC,True,True,CATEDSGTYQRF,TGTGCTACTGAGGATTCTGGGACTTACCAGAGGTTT,2108,1,None,None
CTTACCGAGCAGCGTA-1,False,CTTACCGAGCAGCGTA-1_contig_1,False,430,TRB,None,None,TRBJ2-1,None,False,False,None,None,1762,1,None,None
CTTACCGAGCTTCGCG-1,False,CTTACCGAGCTTCGCG-1_contig_1,False,519,TRA,TRAV8-1,None,TRAJ30,TRAC,True,True,CATDTNAYKVIF,TGTGCTACTGACACAAATGCTTACAAAGTCATCTTT,1654,1,None,None
CTTACCGAGGCGCTCT-1,False,CTTACCGAGGCGCTCT-1_contig_1,False,603,TRA,TRAV12D-3,None,TRAJ26,TRAC,True,True,CALSESYAQGLTF,TGTGCTCTGAGTGAGAGCTATGCCCAGGGATTAACCTTC,2030,1,None,None
CTTACCGAGGGTCGAT-1,False,CTTACCGAGGGTCGAT-1_contig_1,False,601,TRB,TRBV13-1,None,TRBJ2-4,None,True,False,CASSEGTNTLYF,TGTGCCAGCAGTGAAGGAACAAACACCTTGTACTTT,346,1,None,None
CTTACCGAGTGGTCCC-1,False,CTTACCGAGTGGTCCC-1_contig_1,False,555,TRA,TRAV3-3,None,TRAJ49,TRAC,True,True,CAVSGSTGYQNFYF,TGCGCAGTCAGTGGGAGCACGGGTTACCAGAACTTCTATTTT,1934,1,None,None
CTTACCGCAATTGCTG-1,False,CTTACCGCAATTGCTG-1_contig_1,False,549,TRA,TRAV8N-2,None,TRAJ13,TRAC,True,True,CATEDSGTYQRF,TGTGCTACTGAGGATTCTGGGACTTACCAGAGGTTT,1922,1,None,None
CTTACCGCACACTGCG-1,False,CTTACCGCACACTGCG-1_contig_1,False,525,TRA,TRAV7N-6,None,TRAJ30,TRAC,True,True,CAVVDTNAYKVIF,TGTGCAGTGGTTGACACAAATGCTTACAAAGTCATCTTT,958,1,None,None
CTTACCGCATTAGGCT-1,False,CTTACCGCATTAGGCT-1_contig_1,False,571,TRA,TRAV14N-3,None,TRAJ6,TRAC,True,True,CAARTSGGNYKPTF,TGTGCAGCAAGAACCTCAGGAGGAAACTACAAACCTACGTTT,2030,1,None,None
CTTACCGGTAGTACCT-1,False,CTTACCGGTAGTACCT-1_contig_1,False,505,TRB,TRBV13-1,None,TRBJ2-4,None,True,True,CASSEGTNTLYF,TGTGCCAGCAGTGAAGGAACAAACACCTTGTACTTT,2048,1,None,None
CTTACCGGTCCAAGTT-1,False,CTTACCGGTCCAAGTT-1_contig_1,False,568,TRB,TRBV12-2+TRBV13-2,None,TRBJ1-2,TRBC1,True,True,CASGGGTGNSDYTF,TGTGCCAGCGGTGGGGGGACAGGGAACTCCGACTACACCTTC,1350,1,None,None
CTTACCGGTCCTAGCG-1,False,CTTACCGGTCCTAGCG-1_contig_1,False,329,TRB,None,None,TRBJ1-3,TRBC1,False,False,None,None,2372,1,None,None
CTTACCGGTCTAAAGA-1,False,CTTACCGGTCTAAAGA-1_contig_1,False,520,TRB,TRBV13-1,None,TRBJ2-3,None,True,True,CASGDSAETLYF,TGTGCCAGCGGGGACAGTGCAGAAACGCTGTATTTT,1850,1,None,None
CTTACCGGTCTAACGT-1,False,CTTACCGGTCTAACGT-1_contig_1,False,575,TRA,TRAV3D-3,None,TRAJ28,TRAC,True,False,CTSAQSVRGTGSNRLTF,TGTACTTCTGCGCAGTCAGTGAGGGGCACTGGGAGTAACAGGCTCACTTTT,2128,1,None,None
CTTACCGGTCTCACCT-1,False,CTTACCGGTCTCACCT-1_contig_1,False,556,TRA,TRAV19,None,TRAJ39,TRAC,True,True,CAAGGNNAGAKLTF,TGCGCAGCAGGTGGGAATAATGCAGGTGCCAAGCTCACATTC,1632,2,None,None
CTTACCGGTGGCCCTA-1,False,CTTACCGGTGGCCCTA-1_contig_1,False,539,TRA,TRAV8-1,None,TRAJ17,TRAC,True,True,CATHSAGNKLTF,TGTGCTACTCACAGTGCAGGGAACAAGCTAACTTTT,2200,1,None,None
CTTACCGGTTAAGGGC-1,False,CTTACCGGTTAAGGGC-1_contig_1,False,535,TRB,TRBV16,None,TRBJ2-5,None,True,True,CASSLGGGQDTQYF,TGTGCAAGCAGCTTAGGGGGGGGCCAAGACACCCAGTACTTT,1246,1,None,None
CTTACCGGTTCGAATC-1,False,CTTACCGGTTCGAATC-1_contig_1,False,549,TRA,TRAV8N-2,None,TRAJ13,TRAC,True,True,CATEDSGTYQRF,TGTGCTACTGAGGATTCTGGGACTTACCAGAGGTTT,1264,1,None,None
CTTACCGGTTCGAATC-1,False,CTTACCGGTTCGAATC-1_contig_2,False,591,TRB,TRBV12-2+TRBV13-2,None,TRBJ2-7,None,True,True,CASGTGGDYEQYF,TGTGCCAGCGGGACTGGGGGGGACTATGAACAGTACTTC,702,2,None,None
CTTACCGGTTGGGACA-1,False,CTTACCGGTTGGGACA-1_contig_1,False,497,TRB,TRBV13-1,None,TRBJ2-3,None,True,True,CASGDSAETLYF,TGTGCCAGCGGGGACAGTGCAGAAACGCTGTATTTT,1714,1,None,None
CTTACCGTCAGTTAGC-1,False,CTTACCGTCAGTTAGC-1_contig_1,False,317,TRB,None,None,TRBJ2-7,None,False,False,None,None,1980,1,None,None
CTTACCGTCAGTTAGC-1,False,CTTACCGTCAGTTAGC-1_contig_2,False,475,TRB,TRBV31,None,TRBJ2-5,None,True,False,None,None,2032,1,None,None
CTTACCGTCATGTGGT-1,False,CTTACCGTCATGTGGT-1_contig_1,False,573,TRA,TRAV3-3,None,TRAJ32,TRAC,True,True,CAVRPYGSSGNKLIF,TGCGCAGTCAGACCCTATGGGAGCAGTGGCAACAAGCTCATCTTT,1856,1,None,None
CTTACCGTCATTCACT-1,False,CTTACCGTCATTCACT-1_contig_1,False,597,TRB,None,None,TRBJ2-7,None,False,False,None,None,2068,1,None,None
CTTACCGTCCACGCAG-1,False,CTTACCGTCCACGCAG-1_contig_1,False,536,TRA,TRAV19,None,TRAJ39,TRAC,True,True,CAAGGNNAGAKLTF,TGCGCAGCAGGTGGGAATAATGCAGGTGCCAAGCTCACATTC,1468,1,None,None
CTTACCGTCGGAGCAA-1,False,CTTACCGTCGGAGCAA-1_contig_1,False,473,TRB,TRBV13-2,None,TRBJ1-2,TRBC1,True,True,CASGGGTGNSDYTF,TGTGCCAGCGGTGGGGGGACAGGGAACTCCGACTACACCTTC,1552,1,None,None
CTTACCGTCTAAGCCA-1,False,CTTACCGTCTAAGCCA-1_contig_1,False,567,TRA,TRAV3-3,None,TRAJ37,TRAC,True,False,None,None,1642,1,None,None
CTTACCGTCTACTATC-1,False,CTTACCGTCTACTATC-1_contig_1,False,500,TRB,TRBV16,None,TRBJ2-5,None,True,False,CASSLGGGQDTQYF,TGTGCAAGCAGCTTAGGGGGGGGCCAAGACACCCAGTACTTT,1126,1,None,None
CTTACCGTCTCTTATG-1,False,CTTACCGTCTCTTATG-1_contig_1,False,537,TRA,TRAV3-3,None,TRAJ49,TRAC,True,True,CAVSGATGYQNFYF,TGCGCAGTCAGTGGGGCCACGGGTTACCAGAACTTCTATTTT,576,1,None,None
CTTACCGTCTGCGGCA-1,False,CTTACCGTCTGCGGCA-1_contig_1,False,332,TRB,None,None,TRBJ1-3,TRBC1,False,False,None,None,1624,1,None,None
CTTACCGTCTGTCTAT-1,False,CTTACCGTCTGTCTAT-1_contig_1,False,522,TRB,TRBV5,None,TRBJ1-5,TRBC1,True,True,CASSHPGQNNQAPLF,TGTGCCAGCAGCCACCCGGGACAGAACAACCAGGCTCCGCTTTTT,642,1,None,None
CTTAGGAAGCACCGCT-1,False,CTTAGGAAGCACCGCT-1_contig_1,False,333,TRB,None,None,TRBJ2-1,None,False,False,None,None,3310,1,None,None
CTTAGGAAGTTAGCGG-1,False,CTTAGGAAGTTAGCGG-1_contig_1,False,544,TRA,TRAV3-3,None,TRAJ49,TRAC,True,True,CAVSGATGYQNFYF,TGCGCAGTCAGTGGGGCCACGGGTTACCAGAACTTCTATTTT,1478,1,None,None
CTTAGGACAAACAACA-1,False,CTTAGGACAAACAACA-1_contig_1,False,428,TRA,None,None,TRAJ44,TRAC,False,False,None,None,2412,1,None,None
CTTAGGACAAGTCATC-1,False,CTTAGGACAAGTCATC-1_contig_1,False,565,TRB,TRBV12-2+TRBV13-2,None,TRBJ1-5,TRBC1,True,True,CASGTGDNQAPLF,TGTGCCAGCGGTACAGGGGACAACCAGGCTCCGCTTTTT,1616,1,None,None
CTTAGGACAGCGAACA-1,False,CTTAGGACAGCGAACA-1_contig_1,False,563,TRA,TRAV12D-1,None,TRAJ22,TRAC,True,True,CALSDLSSGSWQLIF,TGTGCTCTGAGTGATCTTTCTTCTGGCAGCTGGCAACTCATCTTT,2922,1,None,None
CTTAGGAGTACAGTGG-1,False,CTTAGGAGTACAGTGG-1_contig_1,False,314,TRB,None,None,TRBJ2-2,None,False,False,None,None,1178,1,None,None
CTTAGGAGTATTCTCT-1,False,CTTAGGAGTATTCTCT-1_contig_1,False,579,TRB,TRBV12-2+TRBV13-2,None,TRBJ1-2,TRBC1,True,True,CASGGGTGNSDYTF,TGTGCCAGCGGTGGGGGGACAGGGAACTCCGACTACACCTTC,1208,1,None,None
CTTAGGAGTCAGAAGC-1,False,CTTAGGAGTCAGAAGC-1_contig_1,False,549,TRB,TRBV16,None,TRBJ2-7,None,True,True,CASSLGGGLDEQYF,TGTGCAAGCAGCTTAGGGGGGGGGCTCGATGAACAGTACTTC,916,1,None,None
CTTAGGAGTTCCCGAG-1,False,CTTAGGAGTTCCCGAG-1_contig_1,False,549,TRB,TRBV16,None,TRBJ1-2,TRBC1,True,True,CASSSGTGNSDYTF,TGTGCAAGCAGCTCCGGGACAGGGAACTCCGACTACACCTTC,1628,1,None,None
CTTAGGAGTTCGTGAT-1,False,CTTAGGAGTTCGTGAT-1_contig_1,False,455,TRB,None,None,TRBJ2-5,None,False,False,None,None,76,1,None,None
CTTAGGAGTTTAGGAA-1,False,CTTAGGAGTTTAGGAA-1_contig_1,False,549,TRB,TRBV16,None,TRBJ2-5,None,True,True,CASSLGGGQDTQYF,TGTGCAAGCAGCTTAGGGGGGGGCCAAGACACCCAGTACTTT,1700,1,None,None
CTTAGGATCAATCACG-1,False,CTTAGGATCAATCACG-1_contig_1,False,578,TRB,TRBV12-2+TRBV13-2,None,TRBJ2-7,None,True,True,CASGTGGDYEQYF,TGTGCCAGCGGGACTGGGGGGGACTATGAACAGTACTTC,1114,1,None,None
CTTAGGATCACCACCT-1,False,CTTAGGATCACCACCT-1_contig_1,False,618,TRB,TRBV12-2+TRBV13-2,None,TRBJ1-2,TRBC1,True,True,CASGGGTGNSDYTF,TGTGCCAGCGGTGGGGGGACAGGGAACTCCGACTACACCTTC,2444,2,None,None
CTTAGGATCACCCGAG-1,False,CTTAGGATCACCCGAG-1_contig_1,False,549,TRB,TRBV16,None,TRBJ2-5,None,True,True,CASSLGGGQDTQYF,TGTGCAAGCAGCTTAGGGGGGGGCCAAGACACCCAGTACTTT,2998,3,None,None
CTTAGGATCACCCGAG-1,False,CTTAGGATCACCCGAG-1_contig_2,False,554,TRA,TRAV13D-2,None,TRAJ26,TRAC,True,True,CAIDRYAQGLTF,TGTGCTATAGATCGCTATGCCCAGGGATTAACCTTC,2922,2,None,None
CTTAGGATCACCCGAG-1,False,CTTAGGATCACCCGAG-1_contig_3,True,412,TRA,TRAV7-2,None,TRAJ23,TRAC,True,False,CSPEYNQGKLIF,TGCTCTCCGGAATATAACCAGGGGAAGCTTATCTTT,2888,1,None,None
CTTCTCTAGAAACGAG-1,False,CTTCTCTAGAAACGAG-1_contig_1,False,559,TRA,TRAV4D-3,None,TRAJ27,TRAC,True,True,CAADGPNTGKLTF,TGTGCTGCTGACGGGCCCAATACAGGCAAATTAACCTTT,1596,1,None,None
CTTCTCTAGCACAGGT-1,False,CTTCTCTAGCACAGGT-1_contig_1,False,567,TRA,TRAV3D-3,None,TRAJ28,TRAC,True,False,CTSAQSVRGTGSNRLTF,TGTACTTCTGCGCAGTCAGTGAGGGGCACTGGGAGTAACAGGCTCACTTTT,1792,1,None,None
CTTCTCTAGGACAGCT-1,False,CTTCTCTAGGACAGCT-1_contig_1,False,355,TRB,None,None,TRBJ2-7,None,False,False,None,None,776,1,None,None
CTTCTCTAGGCACATG-1,False,CTTCTCTAGGCACATG-1_contig_1,False,564,TRA,TRAV3-4,None,TRAJ49,TRAC,True,True,CAVRGGYQNFYF,TGCGCAGTCAGGGGGGGTTACCAGAACTTCTATTTT,1592,1,None,None
CTTCTCTAGGGCTTCC-1,False,CTTCTCTAGGGCTTCC-1_contig_1,True,721,TRA,TRAV9D-2,None,TRAJ26,TRAC,True,True,CVLSRGNNYAQGLTF,TGTGTTCTGAGCAGGGGCAATAACTATGCCCAGGGATTAACCTTC,2406,2,None,None
CTTCTCTAGGGCTTCC-1,False,CTTCTCTAGGGCTTCC-1_contig_2,True,457,TRB,TRBV13-1,None,TRBJ2-4,None,True,False,CASSEGTNTLYF,TGTGCCAGCAGTGAAGGAACAAACACCTTGTACTTT,1472,2,None,None
CTTCTCTAGGGCTTCC-1,False,CTTCTCTAGGGCTTCC-1_contig_3,True,392,TRA,TRAV6-6,None,TRAJ24,TRAC,True,False,None,None,3172,1,None,None
CTTCTCTAGTACGCCC-1,False,CTTCTCTAGTACGCCC-1_contig_1,False,586,TRB,TRBV12-2+TRBV13-2,None,TRBJ2-5,None,True,True,CASGAGMEDTQYF,TGTGCCAGCGGTGCAGGGATGGAAGACACCCAGTACTTT,1584,1,None,None
CTTCTCTCATCATCCC-1,False,CTTCTCTCATCATCCC-1_contig_1,False,565,TRB,TRBV12-2+TRBV13-2,None,TRBJ1-2,TRBC1,True,True,CASGGGTGNSDYTF,TGTGCCAGCGGTGGGGGGACAGGGAACTCCGACTACACCTTC,1028,1,None,None
CTTCTCTCATCCTTGC-1,False,CTTCTCTCATCCTTGC-1_contig_1,False,565,TRB,TRBV12-2+TRBV13-2,None,TRBJ2-1,None,True,True,CASERGALAEQFF,TGTGCCAGCGAAAGGGGGGCGCTGGCTGAGCAGTTCTTC,966,1,None,None
CTTCTCTGTACCATCA-1,False,CTTCTCTGTACCATCA-1_contig_1,False,569,TRB,TRBV12-2,None,TRBJ2-7,None,True,True,CASSLRDIYEQYF,TGTGCCAGCTCTCTCCGGGACATCTATGAACAGTACTTC,892,1,None,None
CTTCTCTGTCCTCTTG-1,False,CTTCTCTGTCCTCTTG-1_contig_1,False,561,TRB,TRBV12-2+TRBV13-2,None,TRBJ1-2,TRBC1,True,True,CASGGGTGNSDYTF,TGTGCCAGCGGTGGGGGGACAGGGAACTCCGACTACACCTTC,1552,1,None,None
CTTCTCTGTCGAACAG-1,False,CTTCTCTGTCGAACAG-1_contig_1,False,533,TRA,TRAV13D-2,None,TRAJ11,TRAC,True,True,CAIDLDSGYNKLTF,TGTGCTATAGATCTTGACTCGGGATACAACAAACTCACTTTT,1472,1,None,None
CTTCTCTGTCGGCACT-1,False,CTTCTCTGTCGGCACT-1_contig_1,False,549,TRB,TRBV16,None,TRBJ2-5,None,True,True,CASSLGGYQDTQYF,TGTGCAAGCAGCTTAGGGGGCTACCAAGACACCCAGTACTTT,1906,1,None,None
CTTCTCTTCTATCCCG-1,False,CTTCTCTTCTATCCCG-1_contig_1,False,464,TRA,TRAV19,None,TRAJ39,None,False,False,CAAGGNNAGAKLTF,TGCGCAGCAGGTGGGAATAATGCAGGTGCCAAGCTCACATTC,68,1,None,None
CTTGGCTAGACAGAGA-1,False,CTTGGCTAGACAGAGA-1_contig_1,False,549,TRB,TRBV16,None,TRBJ2-5,None,True,True,CASSLGGGQDTQYF,TGTGCAAGCAGCTTAGGGGGGGGCCAAGACACCCAGTACTTT,218,2,None,None
CTTGGCTAGGGAAACA-1,False,CTTGGCTAGGGAAACA-1_contig_1,False,369,TRB,None,None,TRBJ1-3,TRBC1,False,False,None,None,266,1,None,None
CTTGGCTAGTGCGATG-1,False,CTTGGCTAGTGCGATG-1_contig_1,False,556,TRA,TRAV19,None,TRAJ39,TRAC,True,True,CAAGGNNAGAKLTF,TGCGCAGCAGGTGGGAATAATGCAGGTGCCAAGCTCACATTC,1210,1,None,None
CTTGGCTAGTGGGTTG-1,False,CTTGGCTAGTGGGTTG-1_contig_1,False,558,TRA,TRAV19,None,TRAJ39,TRAC,True,True,CAAGGNNAGAKLTF,TGCGCAGCAGGTGGGAATAATGCAGGTGCCAAGCTCACATTC,982,1,None,None
CTTGGCTAGTGGGTTG-1,False,CTTGGCTAGTGGGTTG-1_contig_2,False,561,TRA,TRAV4D-4,None,TRAJ45,TRAC,True,True,CAAYTEGADRLTF,TGTGCTGCCTATACAGAAGGTGCAGATAGACTCACCTTT,1550,1,None,None
CTTGGCTAGTGGGTTG-1,False,CTTGGCTAGTGGGTTG-1_contig_3,False,560,TRB,TRBV12-2+TRBV13-2,None,TRBJ1-2,TRBC1,True,True,CASGGGTGNSDYTF,TGTGCCAGCGGTGGGGGGACAGGGAACTCCGACTACACCTTC,3622,2,None,None
CTTGGCTAGTGGGTTG-1,False,CTTGGCTAGTGGGTTG-1_contig_4,True,335,TRB,None,None,TRBJ2-1,None,False,False,None,None,1776,2,None,None
CTTGGCTCAGGAACGT-1,False,CTTGGCTCAGGAACGT-1_contig_1,False,631,TRA,TRAV16D-DV11,None,TRAJ26,TRAC,True,True,CAMREENNYAQGLTF,TGTGCTATGAGAGAGGAAAATAACTATGCCCAGGGATTAACCTTC,4958,6,None,None
CTTGGCTCAGGAACGT-1,False,CTTGGCTCAGGAACGT-1_contig_2,False,512,TRB,TRBV13-1,None,TRBJ2-4,None,True,True,CASSEGTNTLYF,TGTGCCAGCAGTGAAGGAACAAACACCTTGTACTTT,13194,17,None,None
CTTGGCTCAGGAACGT-1,False,CTTGGCTCAGGAACGT-1_contig_3,False,505,TRB,TRBV13-1,None,TRBJ2-3,None,True,True,CASGDSAETLYF,TGTGCCAGCGGGGACAGTGCAGAAACGCTGTATTTT,27224,39,None,None
CTTGGCTCAGGAACGT-1,False,CTTGGCTCAGGAACGT-1_contig_4,False,640,TRB,TRBV12-2+TRBV13-2,None,TRBJ1-2,TRBC1,True,True,CASGGGTGNSDYTF,TGTGCCAGCGGTGGGGGGACAGGGAACTCCGACTACACCTTC,6750,8,None,None
CTTGGCTCAGGAACGT-1,False,CTTGGCTCAGGAACGT-1_contig_5,False,449,TRB,None,None,TRBJ1-6,TRBC1,False,False,None,None,10400,16,None,None
CTTGGCTCAGGAACGT-1,False,CTTGGCTCAGGAACGT-1_contig_6,False,622,TRB,None,None,TRBJ2-5,None,False,False,None,None,9494,11,None,None
CTTGGCTCAGGAACGT-1,False,CTTGGCTCAGGAACGT-1_contig_7,False,575,TRA,TRAV3D-3,None,TRAJ28,TRAC,True,False,CTSAQSVRGTGSNRLTF,TGTACTTCTGCGCAGTCAGTGAGGGGCACTGGGAGTAACAGGCTCACTTTT,3974,7,None,None
CTTGGCTCATGCCACG-1,False,CTTGGCTCATGCCACG-1_contig_1,False,641,TRB,TRBV12-2+TRBV13-2,None,TRBJ1-2,TRBC1,True,True,CASGGGTGNSDYTF,TGTGCCAGCGGTGGGGGGACAGGGAACTCCGACTACACCTTC,1262,1,None,None
CTTGGCTCATTCTTAC-1,False,CTTGGCTCATTCTTAC-1_contig_1,False,549,TRB,TRBV16,None,TRBJ2-5,None,True,True,CASSWGGGQDTQYF,TGTGCAAGCAGCTGGGGGGGCGGGCAAGACACCCAGTACTTT,464,1,None,None
CTTGGCTGTATAAACG-1,False,CTTGGCTGTATAAACG-1_contig_1,False,572,TRB,TRBV12-2+TRBV13-2,None,TRBJ1-2,TRBC1,True,True,CASGGGTGNSDYTF,TGTGCCAGCGGTGGGGGGACAGGGAACTCCGACTACACCTTC,1460,1,None,None
CTTGGCTGTTTAAGCC-1,False,CTTGGCTGTTTAAGCC-1_contig_1,False,569,TRA,TRAV4D-3,None,TRAJ27,TRAC,True,True,CAADGPNTGKLTF,TGTGCTGCGGACGGACCCAATACAGGCAAATTAACCTTT,1212,1,None,None
CTTGGCTTCATCTGCC-1,False,CTTGGCTTCATCTGCC-1_contig_1,False,504,TRB,TRBV13-1,None,TRBJ2-3,None,True,True,CASGDSAETLYF,TGTGCCAGCGGGGACAGTGCAGAAACGCTGTATTTT,856,1,None,None
CTTGGCTTCCAAATGC-1,False,CTTGGCTTCCAAATGC-1_contig_1,False,535,TRA,TRAV6N-7,None,TRAJ42,TRAC,True,False,CTTVPFGGSNAKLTF,TGTACTACTGTGCCCTTTGGAGGAAGCAATGCAAAGCTAACCTTC,1110,1,None,None
CTTTGCGAGAAACGCC-1,False,CTTTGCGAGAAACGCC-1_contig_1,False,567,TRB,TRBV12-2+TRBV13-2,None,TRBJ1-2,TRBC1,True,True,CASGGGTGNSDYTF,TGTGCCAGCGGTGGGGGGACAGGGAACTCCGACTACACCTTC,1252,1,None,None
CTTTGCGAGCAAATCA-1,False,CTTTGCGAGCAAATCA-1_contig_1,False,567,TRB,TRBV12-2+TRBV13-2,None,TRBJ1-2,TRBC1,True,True,CASGGGTGNSDYTF,TGTGCCAGCGGTGGGGGGACAGGGAACTCCGACTACACCTTC,962,1,None,None
CTTTGCGAGCGGCTTC-1,False,CTTTGCGAGCGGCTTC-1_contig_1,False,507,TRA,TRAV21-DV12,None,TRAJ42,TRAC,True,True,CILRVHGGSNAKLTF,TGTATCCTGAGAGTCCATGGAGGAAGCAATGCAAAGCTAACCTTC,2230,1,None,None
CTTTGCGAGGAGCGTT-1,False,CTTTGCGAGGAGCGTT-1_contig_1,False,463,TRB,TRBV12-2+TRBV13-2,None,TRBJ1-2,TRBC1,True,False,CASGGGTGNSDYTF,TGTGCCAGCGGTGGGGGGACAGGGAACTCCGACTACACCTTC,1562,2,None,None
CTTTGCGAGTTAACGA-1,False,CTTTGCGAGTTAACGA-1_contig_1,False,566,TRA,TRAV3-3,None,TRAJ49,TRAC,True,True,CAVSGATGYQNFYF,TGCGCAGTCAGTGGGGCCACGGGTTACCAGAACTTCTATTTT,1666,1,None,None
CTTTGCGCAATCGGTT-1,False,CTTTGCGCAATCGGTT-1_contig_1,False,512,TRB,TRBV5,None,TRBJ1-5,TRBC1,True,True,CASSHPGQNNQAPLF,TGTGCCAGCAGCCACCCGGGACAGAACAACCAGGCTCCGCTTTTT,3348,2,None,None
CTTTGCGCACCAGCAC-1,False,CTTTGCGCACCAGCAC-1_contig_1,False,549,TRB,TRBV16,None,TRBJ2-5,None,True,True,CASSLGGGQDTQYF,TGTGCAAGCAGCTTAGGGGGGGGCCAAGACACCCAGTACTTT,2398,1,None,None
CTTTGCGCACCCATTC-1,False,CTTTGCGCACCCATTC-1_contig_1,False,563,TRB,TRBV12-2+TRBV13-2,None,TRBJ1-5,TRBC1,True,True,CASGTGDNQAPLF,TGTGCCAGCGGAACAGGGGACAACCAGGCTCCGCTTTTT,1028,1,None,None
CTTTGCGCAGCTTAAC-1,False,CTTTGCGCAGCTTAAC-1_contig_1,False,568,TRA,TRAV13D-2,None,TRAJ11,TRAC,True,True,CAIDLDSGYNKLTF,TGTGCTATAGATCTTGACTCGGGATACAACAAACTCACTTTT,1864,1,None,None
CTTTGCGCATACTCTT-1,False,CTTTGCGCATACTCTT-1_contig_1,False,590,TRB,TRBV12-2+TRBV13-2,None,TRBJ2-7,None,True,True,CASGAGGDYEQYF,TGTGCCAGCGGTGCTGGGGGGGACTATGAACAGTACTTC,1680,1,None,None
CTTTGCGCATCACCCT-1,False,CTTTGCGCATCACCCT-1_contig_1,False,604,TRA,TRAV14-2,None,TRAJ50,TRAC,True,True,CAATSSSSFSKLVF,TGTGCAGCAACTTCATCCTCCTCCTTCAGCAAGCTGGTGTTT,478,1,None,None
CTTTGCGGTAAATACG-1,False,CTTTGCGGTAAATACG-1_contig_1,False,567,TRB,TRBV12-2+TRBV13-2,None,TRBJ1-2,TRBC1,True,True,CASGGGTGNSDYTF,TGTGCCAGCGGTGGGGGGACAGGGAACTCCGACTACACCTTC,734,1,None,None
CTTTGCGGTACAGTTC-1,False,CTTTGCGGTACAGTTC-1_contig_1,False,380,TRB,None,None,TRBJ1-6,TRBC1,False,False,None,None,2026,1,None,None
CTTTGCGGTCTAAACC-1,False,CTTTGCGGTCTAAACC-1_contig_1,False,505,TRB,TRBV13-1,None,TRBJ2-7,None,True,True,CASSGGHLEQYF,TGTGCCAGCAGTGGGGGACACCTTGAACAGTACTTC,346,1,None,None
CTTTGCGTCACATGCA-1,False,CTTTGCGTCACATGCA-1_contig_1,False,474,TRB,TRBV13-1,None,TRBJ2-3,None,True,False,CASGDSAETLYF,TGTGCCAGCGGGGACAGTGCAGAAACGCTGTATTTT,1576,1,None,None
CTTTGCGTCTGTACGA-1,False,CTTTGCGTCTGTACGA-1_contig_1,False,636,TRB,TRBV19,None,TRBJ2-7,None,True,True,CASRDYEQYF,TGTGCCAGCAGGGACTATGAACAGTACTTC,1756,1,None,None
GAAACTCAGCTAAGAT-1,False,GAAACTCAGCTAAGAT-1_contig_1,False,329,TRB,None,None,TRBJ1-2,TRBC1,False,False,None,None,1544,1,None,None
GAAACTCAGTATCTCG-1,False,GAAACTCAGTATCTCG-1_contig_1,False,567,TRB,TRBV12-2+TRBV13-2,None,TRBJ1-2,TRBC1,True,True,CASGGGTGNSDYTF,TGTGCCAGCGGTGGGGGGACAGGGAACTCCGACTACACCTTC,1780,2,None,None
GAAACTCCAAGACGTG-1,False,GAAACTCCAAGACGTG-1_contig_1,False,566,TRB,TRBV12-2+TRBV13-2,None,TRBJ1-2,TRBC1,True,True,CASGGGTGNSDYTF,TGTGCCAGCGGTGGGGGGACAGGGAACTCCGACTACACCTTC,1222,1,None,None
GAAACTCCAGGACCCT-1,False,GAAACTCCAGGACCCT-1_contig_1,False,535,TRB,TRBV16,None,TRBJ2-5,None,True,True,CASSLGGGQDTQYF,TGTGCAAGCAGCTTAGGGGGGGGCCAAGACACCCAGTACTTT,2596,1,None,None
GAAACTCCAGTACACT-1,False,GAAACTCCAGTACACT-1_contig_1,False,549,TRA,TRAV8N-2,None,TRAJ13,TRAC,True,True,CATEDSGTYQRF,TGTGCTACTGAGGATTCTGGGACTTACCAGAGGTTT,766,1,None,None
GAAACTCCATCCCATC-1,False,GAAACTCCATCCCATC-1_contig_1,False,549,TRA,TRAV8N-2,None,TRAJ13,TRAC,True,True,CATEDSGTYQRF,TGTGCTACTGAGGATTCTGGGACTTACCAGAGGTTT,1576,1,None,None
GAAACTCGTATGGTTC-1,False,GAAACTCGTATGGTTC-1_contig_1,False,569,TRB,TRBV12-2+TRBV13-2,None,TRBJ1-2,TRBC1,True,True,CASGGGTGNSDYTF,TGTGCCAGCGGTGGGGGGACAGGGAACTCCGACTACACCTTC,488,1,None,None
GAAACTCGTATTCTCT-1,False,GAAACTCGTATTCTCT-1_contig_1,False,558,TRA,TRAV19,None,TRAJ39,TRAC,True,True,CAAGGNNAGAKLTF,TGCGCAGCAGGTGGGAATAATGCAGGTGCCAAGCTCACATTC,11586,20,None,None
GAAACTCGTATTCTCT-1,False,GAAACTCGTATTCTCT-1_contig_2,False,560,TRB,TRBV12-2+TRBV13-2,None,TRBJ1-2,TRBC1,True,True,CASGGGTGNSDYTF,TGTGCCAGCGGTGGGGGGACAGGGAACTCCGACTACACCTTC,1184,3,None,None
GAAACTCGTATTCTCT-1,False,GAAACTCGTATTCTCT-1_contig_3,False,656,TRB,TRBV12-2+TRBV13-2,None,TRBJ1-2,TRBC1,True,True,CASGGQANSDYTF,TGTGCCAGCGGTGGACAGGCAAACTCCGACTACACCTTC,15186,43,None,None
GAAACTCGTATTCTCT-1,False,GAAACTCGTATTCTCT-1_contig_4,True,321,TRB,None,None,TRBJ2-7,None,False,False,None,None,654,1,None,None
GAAACTCGTATTCTCT-1,False,GAAACTCGTATTCTCT-1_contig_5,True,531,TRA,TRAV13-2,None,TRAJ31,TRAC,True,False,None,None,2424,7,None,None
GAAACTCGTATTCTCT-1,False,GAAACTCGTATTCTCT-1_contig_6,True,428,TRB,None,None,TRBJ2-1,None,False,False,None,None,24348,48,None,None
GAAACTCGTATTCTCT-1,False,GAAACTCGTATTCTCT-1_contig_7,True,481,TRB,None,None,TRBJ1-6,TRBC1,False,False,None,None,20830,49,None,None
GAAACTCGTTAGAACA-1,False,GAAACTCGTTAGAACA-1_contig_1,False,506,TRA,TRAV7-5,None,TRAJ45,TRAC,True,False,CSDTEGADRLTF,TGCAGTGATACAGAAGGTGCAGATAGACTCACCTTT,868,1,None,None
GAAACTCTCAGCGATT-1,False,GAAACTCTCAGCGATT-1_contig_1,False,684,TRB,TRBV13-2,None,TRBJ1-2,TRBC1,True,True,CASGGGTGNSDYTF,TGTGCCAGCGGTGGGGGGACAGGGAACTCCGACTACACCTTC,1752,1,None,None
GAAACTCTCAGCGATT-1,False,GAAACTCTCAGCGATT-1_contig_2,False,338,TRB,None,None,TRBJ1-6,TRBC1,False,False,None,None,2542,1,None,None
GAAACTCTCAGCTCGG-1,False,GAAACTCTCAGCTCGG-1_contig_1,False,326,TRB,None,None,TRBJ2-7,None,False,False,None,None,1456,1,None,None
GAAACTCTCATCATTC-1,False,GAAACTCTCATCATTC-1_contig_1,False,549,TRB,TRBV16,None,TRBJ2-5,None,True,True,CASSLGGGQDTQYF,TGTGCAAGCAGCTTAGGGGGGGGCCAAGACACCCAGTACTTT,204,1,None,None
GAAACTCTCATTTGGG-1,False,GAAACTCTCATTTGGG-1_contig_1,False,544,TRA,TRAV8D-1,None,TRAJ26,TRAC,True,True,CATDDNYAQGLTF,TGTGCTACTGACGATAACTATGCCCAGGGATTAACCTTC,1298,1,None,None
GAAACTCTCGCGTTTC-1,False,GAAACTCTCGCGTTTC-1_contig_1,False,505,TRB,TRBV13-1,None,TRBJ2-3,None,True,True,CASGDSAETLYF,TGTGCCAGCGGGGACAGTGCAGAAACGCTGTATTTT,1364,2,None,None
GAAACTCTCGGCGCAT-1,False,GAAACTCTCGGCGCAT-1_contig_1,False,493,TRA,TRAV21-DV12,None,TRAJ42,TRAC,True,True,CILRVHGGSNAKLTF,TGTATCCTGAGAGTCCATGGAGGAAGCAATGCAAAGCTAACCTTC,952,1,None,None
GAAACTCTCTTGTATC-1,False,GAAACTCTCTTGTATC-1_contig_1,False,426,TRB,TRBV5,None,TRBJ2-2,None,True,True,CASSTGQLYF,TGTGCCAGCAGCACCGGGCAGCTCTACTTT,2052,1,None,None
GAAACTCTCTTGTATC-1,False,GAAACTCTCTTGTATC-1_contig_2,False,564,TRB,TRBV12-2+TRBV13-2,None,TRBJ1-5,TRBC1,True,True,CASGDGDIQAPLF,TGTGCCAGCGGTGATGGGGACATCCAGGCTCCGCTTTTT,3078,2,None,None
GAAATGAAGAGTACCG-1,False,GAAATGAAGAGTACCG-1_contig_1,False,519,TRA,TRAV13D-2,None,TRAJ11,TRAC,True,True,CAIDLDSGYNKLTF,TGTGCTATAGATCTTGACTCGGGATACAACAAACTCACTTTT,1988,1,None,None
GAAATGAAGCCCTAAT-1,False,GAAATGAAGCCCTAAT-1_contig_1,False,708,TRA,TRAV9N-4,None,TRAJ26,TRAC,True,True,CALNYAQGLTF,TGTGCTCTCAACTATGCCCAGGGATTAACCTTC,2080,1,None,None
GAAATGAAGGCAGGTT-1,False,GAAATGAAGGCAGGTT-1_contig_1,False,510,TRA,TRAV3D-3,None,TRAJ28,TRAC,True,False,CTSAQSVRGTGSNRLTF,TGTACTTCTGCGCAGTCAGTGAGGGGCACTGGGAGTAACAGGCTCACTTTT,2078,1,None,None
GAAATGACACATCTTT-1,False,GAAATGACACATCTTT-1_contig_1,False,562,TRB,TRBV12-2+TRBV13-2,None,TRBJ1-2,TRBC1,True,True,CASGGGTGNSDYTF,TGTGCCAGCGGTGGGGGGACAGGGAACTCCGACTACACCTTC,1654,1,None,None
GAAATGACAGGTGCCT-1,False,GAAATGACAGGTGCCT-1_contig_1,False,354,TRB,None,None,TRBJ2-7,None,False,False,None,None,348,1,None,None
GAAATGACAGTAGAGC-1,False,GAAATGACAGTAGAGC-1_contig_1,False,583,TRB,TRBV12-2+TRBV13-2,None,TRBJ2-7,None,True,True,CASGVQGWEQYF,TGTGCCAGCGGTGTACAGGGGTGGGAACAGTACTTC,3792,2,None,None
GAAATGAGTAAGTTCC-1,False,GAAATGAGTAAGTTCC-1_contig_1,False,535,TRA,TRAV19,None,TRAJ39,TRAC,True,True,CAAGGNNAGAKLTF,TGCGCAGCAGGTGGGAATAATGCAGGTGCCAAGCTCACATTC,618,1,None,None
GAAATGAGTACAGTTC-1,False,GAAATGAGTACAGTTC-1_contig_1,False,562,TRB,TRBV12-2+TRBV13-2,None,TRBJ2-5,None,True,True,CASGVQGDTQYF,TGTGCCAGCGGTGTTCAGGGGGACACCCAGTACTTT,1106,1,None,None
GAAATGAGTAGCGTAG-1,False,GAAATGAGTAGCGTAG-1_contig_1,False,512,TRB,TRBV13-1,None,TRBJ2-3,None,True,True,CASGDSAETLYF,TGTGCCAGCGGGGACAGTGCAGAAACGCTGTATTTT,1114,1,None,None
GAAATGAGTAGCGTAG-1,False,GAAATGAGTAGCGTAG-1_contig_2,False,559,TRB,TRBV12-2+TRBV13-2,None,TRBJ1-2,TRBC1,True,True,CASGGGTGNSDYTF,TGTGCCAGCGGTGGGGGGACAGGGAACTCCGACTACACCTTC,828,1,None,None
GAAATGAGTCAACATC-1,False,GAAATGAGTCAACATC-1_contig_1,False,526,TRA,TRAV8D-1,None,TRAJ26,TRAC,True,True,CATDDNYAQGLTF,TGTGCTACTGACGATAACTATGCCCAGGGATTAACCTTC,944,1,None,None
GAAATGAGTCAGTGGA-1,False,GAAATGAGTCAGTGGA-1_contig_1,False,553,TRA,TRAV13D-2,None,TRAJ11,TRAC,True,True,CAIDLDSGYNKLTF,TGTGCTATAGATCTTGACTCGGGATACAACAAACTCACTTTT,1930,1,None,None
GAAATGAGTCAGTGGA-1,False,GAAATGAGTCAGTGGA-1_contig_2,False,538,TRA,TRAV19,None,TRAJ39,TRAC,True,True,CAAGGNNAGAKLTF,TGCGCAGCAGGTGGGAATAATGCAGGTGCCAAGCTCACATTC,314,2,None,None
GAAATGAGTCAGTGGA-1,False,GAAATGAGTCAGTGGA-1_contig_3,False,604,TRB,TRBV12-2+TRBV13-2,None,TRBJ1-2,TRBC1,True,True,CASGGGTGNSDYTF,TGTGCCAGCGGTGGGGGGACAGGGAACTCCGACTACACCTTC,6180,5,None,None
GAAATGAGTGAGTGAC-1,False,GAAATGAGTGAGTGAC-1_contig_1,False,569,TRB,TRBV12-2+TRBV13-2,None,TRBJ2-3,None,True,True,CASGDAPPGEGTLYF,TGTGCCAGCGGTGATGCACCTCCAGGGGAGGGAACGCTGTATTTT,1774,1,None,None
GAAATGATCAGTACGT-1,False,GAAATGATCAGTACGT-1_contig_1,False,498,TRA,TRAV8-1,None,TRAJ30,TRAC,True,True,CATDTNAYKVIF,TGTGCTACTGACACAAATGCTTACAAAGTCATCTTT,1464,1,None,None
GAAATGATCCGAAGAG-1,False,GAAATGATCCGAAGAG-1_contig_1,False,535,TRB,TRBV16,None,TRBJ2-7,None,True,True,CASSFGGGADEQYF,TGTGCAAGCAGCTTTGGTGGGGGGGCGGATGAACAGTACTTC,184,2,None,None
GAAATGATCCGTCAAA-1,False,GAAATGATCCGTCAAA-1_contig_1,False,556,TRA,TRAV19,None,TRAJ39,TRAC,True,True,CAAGGNNAGAKLTF,TGCGCAGCAGGTGGGAATAATGCAGGTGCCAAGCTCACATTC,2564,1,None,None
GAAATGATCGGCGGTT-1,False,GAAATGATCGGCGGTT-1_contig_1,False,563,TRB,TRBV12-2+TRBV13-2,None,TRBJ1-5,TRBC1,True,True,CASGTGDNQAPLF,TGTGCCAGCGGGACGGGGGACAACCAGGCTCCGCTTTTT,1278,1,None,None
GAAATGATCTCGAGTA-1,False,GAAATGATCTCGAGTA-1_contig_1,False,567,TRB,TRBV12-2+TRBV13-2,None,TRBJ1-2,TRBC1,True,True,CASGGGTGNSDYTF,TGTGCCAGCGGTGGGGGGACAGGGAACTCCGACTACACCTTC,1554,1,None,None
GAAATGATCTCGTTTA-1,False,GAAATGATCTCGTTTA-1_contig_1,False,555,TRA,TRAV3-3,None,TRAJ49,TRAC,True,True,CAVSGSTGYQNFYF,TGCGCAGTCAGTGGGAGCACGGGTTACCAGAACTTCTATTTT,3792,2,None,None
GAAATGATCTCGTTTA-1,False,GAAATGATCTCGTTTA-1_contig_2,False,561,TRB,TRBV12-2+TRBV13-2,None,TRBJ2-7,None,True,True,CASGVQGWEQYF,TGTGCCAGCGGTGTACAGGGGTGGGAACAGTACTTC,1892,2,None,None
GAACATCAGAGGTTGC-1,False,GAACATCAGAGGTTGC-1_contig_1,False,563,TRB,TRBV12-2+TRBV13-2,None,TRBJ2-7,None,True,True,CASGVQGWEQYF,TGTGCCAGCGGTGTACAGGGGTGGGAACAGTACTTC,918,1,None,None
GAACATCAGCCGCCTA-1,False,GAACATCAGCCGCCTA-1_contig_1,False,524,TRA,TRAV14N-3,None,TRAJ6,TRAC,True,True,CAARTSGGNYKPTF,TGTGCAGCAAGAACCTCAGGAGGAAACTACAAACCTACGTTT,1808,1,None,None
GAACATCAGCTGCGAA-1,False,GAACATCAGCTGCGAA-1_contig_1,False,513,TRA,TRAV6-6,None,TRAJ24,TRAC,True,True,CAPLTTASLGKLQF,TGTGCTCCGTTGACAACTGCCAGTTTGGGGAAACTGCAGTTT,530,1,None,None
GAACATCAGGTCATCT-1,False,GAACATCAGGTCATCT-1_contig_1,False,549,TRB,TRBV16,None,TRBJ2-5,None,True,True,CASSFGGGQDTQYF,TGTGCAAGCAGCTTTGGGGGGGGCCAAGACACCCAGTACTTT,1858,1,None,None
GAACATCAGTGCTGCC-1,False,GAACATCAGTGCTGCC-1_contig_1,False,563,TRB,TRBV12-2+TRBV13-2,None,TRBJ2-7,None,True,True,CASGTGGDYEQYF,TGTGCCAGCGGGACTGGGGGGGACTATGAACAGTACTTC,262,1,None,None
GAACATCCAAAGGAAG-1,False,GAACATCCAAAGGAAG-1_contig_1,False,443,TRB,None,None,TRBJ1-3,TRBC1,False,False,None,None,752,1,None,None
GAACATCCAACTGCGC-1,False,GAACATCCAACTGCGC-1_contig_1,False,602,TRA,TRAV14N-3,None,TRAJ6,TRAC,True,True,CAARTSGGNYKPTF,TGTGCAGCAAGAACCTCAGGAGGAAACTACAAACCTACGTTT,716,1,None,None
GAACATCCACACGCTG-1,False,GAACATCCACACGCTG-1_contig_1,False,446,TRB,TRBV13-2,None,TRBJ1-5,TRBC1,True,False,CASGTGDNQAPLF,TGTGCCAGCGGTACAGGGGACAACCAGGCTCCGCTTTTT,2042,1,None,None
GAACATCCATATACCG-1,False,GAACATCCATATACCG-1_contig_1,False,396,TRB,None,None,TRBJ2-1,None,False,False,None,None,2946,1,None,None
GAACATCGTAGCCTCG-1,False,GAACATCGTAGCCTCG-1_contig_1,False,538,TRA,TRAV8-1,None,TRAJ12,TRAC,True,True,CATDGGGYKVVF,TGTGCTACTGATGGTGGAGGCTATAAAGTGGTCTTT,1298,1,None,None
GAACATCTCACGATGT-1,False,GAACATCTCACGATGT-1_contig_1,False,555,TRB,TRBV12-2+TRBV13-2,None,TRBJ2-1,None,True,True,CASGDPFQFF,TGTGCCAGCGGTGATCCTTTCCAGTTCTTC,1148,1,None,None
GAACATCTCGGATGGA-1,False,GAACATCTCGGATGGA-1_contig_1,False,543,TRA,TRAV16D-DV11,None,TRAJ26,TRAC,True,True,CAMREENNYAQGLTF,TGTGCTATGAGAGAGGAAAATAACTATGCCCAGGGATTAACCTTC,1940,1,None,None
GAACATCTCGTTTAGG-1,False,GAACATCTCGTTTAGG-1_contig_1,False,547,TRA,TRAV8-1,None,TRAJ34,TRAC,True,True,CATDVSNTNKVVF,TGTGCTACTGATGTTTCCAATACCAACAAAGTCGTCTTT,2882,3,None,None
GAACCTAAGCTGCCCA-1,False,GAACCTAAGCTGCCCA-1_contig_1,False,527,TRA,TRAV19,None,TRAJ39,TRAC,True,True,CAAGGNNAGAKLTF,TGCGCAGCAGGTGGGAATAATGCAGGTGCCAAGCTCACATTC,1996,1,None,None
GAACCTAAGGACAGCT-1,False,GAACCTAAGGACAGCT-1_contig_1,False,388,TRB,None,None,TRBJ1-3,TRBC1,False,False,None,None,1938,1,None,None
GAACCTAAGGACTGGT-1,False,GAACCTAAGGACTGGT-1_contig_1,False,567,TRB,TRBV12-2+TRBV13-2,None,TRBJ1-2,TRBC1,True,True,CASGGGTGNSDYTF,TGTGCCAGCGGTGGGGGGACAGGGAACTCCGACTACACCTTC,1076,1,None,None
GAACCTACAAGCCGCT-1,False,GAACCTACAAGCCGCT-1_contig_1,False,599,TRB,TRBV13-1,None,TRBJ2-3,None,True,False,CASGDSAETLYF,TGTGCCAGCGGGGACAGTGCAGAAACGCTGTATTTT,1406,1,None,None
GAACCTACAGGGATTG-1,False,GAACCTACAGGGATTG-1_contig_1,False,563,TRB,TRBV12-2+TRBV13-2,None,TRBJ1-5,TRBC1,True,True,CASGTGDNQAPLF,TGTGCCAGCGGTACCGGGGACAACCAGGCTCCGCTTTTT,1492,1,None,None
GAACCTACATTGGCGC-1,False,GAACCTACATTGGCGC-1_contig_1,False,363,TRB,TRBV13-2,None,TRBJ1-2,TRBC1,True,False,CASGGGTGNSDYTF,TGTGCCAGCGGTGGGGGGACAGGGAACTCCGACTACACCTTC,2426,1,None,None
GAACCTAGTACAGTTC-1,False,GAACCTAGTACAGTTC-1_contig_1,True,505,TRB,TRBV13-1,None,TRBJ2-4,None,True,True,CASSEGTNTLYF,TGTGCCAGCAGTGAAGGAACAAACACCTTGTACTTT,1304,1,None,None
GAACCTAGTACAGTTC-1,False,GAACCTAGTACAGTTC-1_contig_2,True,392,TRA,TRAV6-6,None,TRAJ24,TRAC,True,False,None,None,3060,2,None,None
GAACCTAGTACAGTTC-1,False,GAACCTAGTACAGTTC-1_contig_3,True,488,TRA,TRAV9D-2,None,TRAJ25,TRAC,True,False,CVLSRGNNYAQGLTF,TGTGTTCTGAGCAGGGGCAATAACTATGCCCAGGGATTAACCTTC,3348,2,None,None
GAACCTAGTCATATGC-1,False,GAACCTAGTCATATGC-1_contig_1,False,323,TRB,None,None,TRBJ2-1,None,False,False,None,None,858,1,None,None
GAACCTAGTGATAAAC-1,False,GAACCTAGTGATAAAC-1_contig_1,False,552,TRA,TRAV8N-2,None,TRAJ43,TRAC,True,False,CATDANNNNAPRF,TGTGCTACTGATGCCAATAACAACAATGCCCCACGATTT,1692,1,None,None
GAACCTAGTTAAGAAC-1,False,GAACCTAGTTAAGAAC-1_contig_1,False,527,TRB,TRBV15,None,TRBJ1-3,TRBC1,True,True,CASSLNRGSSGNTLYF,TGTGCCAGCAGTTTAAACAGGGGGAGTTCTGGAAATACGCTCTATTTT,680,1,None,None
GAACCTAGTTAAGAAC-1,False,GAACCTAGTTAAGAAC-1_contig_2,False,566,TRA,TRAV3-3,None,TRAJ49,TRAC,True,True,CAVSGATGYQNFYF,TGCGCAGTCAGTGGGGCCACGGGTTACCAGAACTTCTATTTT,1478,1,None,None
GAACCTAGTTAAGAAC-1,False,GAACCTAGTTAAGAAC-1_contig_3,False,549,TRA,TRAV8N-2,None,TRAJ13,TRAC,True,True,CATEDSGTYQRF,TGTGCTACTGAGGATTCTGGGACTTACCAGAGGTTT,1644,1,None,None
GAACCTAGTTAAGATG-1,False,GAACCTAGTTAAGATG-1_contig_1,False,556,TRA,TRAV19,None,TRAJ39,TRAC,True,True,CAAGGNNAGAKLTF,TGCGCAGCAGGTGGGAATAATGCAGGTGCCAAGCTCACATTC,1560,1,None,None
GAACCTAGTTAAGATG-1,False,GAACCTAGTTAAGATG-1_contig_2,False,549,TRA,TRAV8N-2,None,TRAJ13,TRAC,True,True,CATEDSGTYQRF,TGTGCTACTGAGGATTCTGGGACTTACCAGAGGTTT,306,1,None,None
GAACCTAGTTAAGATG-1,False,GAACCTAGTTAAGATG-1_contig_3,True,714,TRB,TRBV2,None,TRBJ2-5,None,True,False,None,None,3308,2,None,None
GAACCTAGTTACAGAA-1,False,GAACCTAGTTACAGAA-1_contig_1,False,549,TRB,TRBV16,None,TRBJ2-5,None,True,True,CASSLGGGQDTQYF,TGTGCAAGCAGCTTAGGGGGGGGCCAAGACACCCAGTACTTT,828,1,None,None
GAACCTAGTTAGATGA-1,False,GAACCTAGTTAGATGA-1_contig_1,False,549,TRB,TRBV16,None,TRBJ2-5,None,True,True,CASSLGGGQDTQYF,TGTGCAAGCAGCTTAGGGGGGGGCCAAGACACCCAGTACTTT,1486,1,None,None
GAACCTATCAATACCG-1,False,GAACCTATCAATACCG-1_contig_1,False,419,TRB,None,None,TRBJ2-7,None,False,False,None,None,1866,1,None,None
GAACCTATCACCGGGT-1,False,GAACCTATCACCGGGT-1_contig_1,False,517,TRA,TRAV19,None,TRAJ39,TRAC,True,True,CAAGGNNAGAKLTF,TGCGCAGCAGGTGGGAATAATGCAGGTGCCAAGCTCACATTC,1874,1,None,None
GAACCTATCAGCATGT-1,False,GAACCTATCAGCATGT-1_contig_1,False,573,TRB,TRBV12-2+TRBV13-2,None,TRBJ1-5,TRBC1,True,True,CASGTGDNQAPLF,TGTGCCAGCGGGACAGGGGACAACCAGGCTCCGCTTTTT,508,1,None,None
GAACCTATCCCACTTG-1,False,GAACCTATCCCACTTG-1_contig_1,False,545,TRB,TRBV26,None,TRBJ1-1,TRBC1,True,False,CASSRGNTEVFF,TGTGCCAGCAGCCGCGGAAACACAGAAGTCTTCTTT,722,1,None,None
GAACGGAAGAGACGAA-1,False,GAACGGAAGAGACGAA-1_contig_1,False,566,TRA,TRAV16N,None,TRAJ22,TRAC,True,True,CAMRGASSGSWQLIF,TGTGCTATGAGAGGAGCATCTTCTGGCAGCTGGCAACTCATCTTT,918,2,None,None
GAACGGAAGAGACGAA-1,False,GAACGGAAGAGACGAA-1_contig_2,False,509,TRB,TRBV13-1,None,TRBJ2-7,None,True,True,CASSDPGQQYF,TGTGCCAGCAGTGATCCGGGACAACAGTACTTC,3502,4,None,None
GAACGGAAGAGACGAA-1,False,GAACGGAAGAGACGAA-1_contig_3,False,512,TRB,TRBV13-1,None,TRBJ2-4,None,True,True,CASSEGTNTLYF,TGTGCCAGCAGTGAAGGAACAAACACCTTGTACTTT,7516,8,None,None
GAACGGAAGAGACGAA-1,False,GAACGGAAGAGACGAA-1_contig_4,True,867,TRA,TRAV10D,None,TRAJ30,None,True,False,None,None,600,1,None,None
GAACGGAAGAGACGAA-1,False,GAACGGAAGAGACGAA-1_contig_5,True,336,TRB,None,None,TRBJ2-7,None,False,False,None,None,2928,1,None,None
GAACGGAAGCCACCTG-1,False,GAACGGAAGCCACCTG-1_contig_1,False,549,TRB,TRBV16,None,TRBJ2-7,None,True,True,CASSFGGGADEQYF,TGTGCAAGCAGCTTTGGTGGGGGGGCGGATGAACAGTACTTC,1724,1,None,None
GAACGGAAGTCCGTAT-1,False,GAACGGAAGTCCGTAT-1_contig_1,False,539,TRA,TRAV8-1,None,TRAJ30,TRAC,True,True,CATDTNAYKVIF,TGTGCTACCGACACAAATGCTTACAAAGTCATCTTT,2028,1,None,None
GAACGGAAGTCCGTAT-1,False,GAACGGAAGTCCGTAT-1_contig_2,False,531,TRA,TRAV6N-7,None,TRAJ7,TRAC,True,False,CTTVLWVKDYSNNRLTL,TGTACTACTGTGCTCTGGGTGAAAGACTACAGCAACAACAGACTTACTTTG,2508,1,None,None
GAACGGACAAGAAGAG-1,False,GAACGGACAAGAAGAG-1_contig_1,False,370,TRB,None,None,TRBJ2-1,None,False,False,None,None,1216,1,None,None
GAACGGACAAGTACCT-1,False,GAACGGACAAGTACCT-1_contig_1,False,574,TRA,TRAV14-2,None,TRAJ50,TRAC,True,True,CAATSSSSFSKLVF,TGTGCAGCAACTTCATCCTCCTCCTTCAGCAAGCTGGTGTTT,2364,1,None,None
GAACGGACAATGTTGC-1,False,GAACGGACAATGTTGC-1_contig_1,False,575,TRA,TRAV3D-3,None,TRAJ28,TRAC,True,False,CTSAQSVRGTGSNRLTF,TGTACTTCTGCGCAGTCAGTGAGGGGCACTGGGAGTAACAGGCTCACTTTT,1628,1,None,None
GAACGGACACGAAACG-1,False,GAACGGACACGAAACG-1_contig_1,False,638,TRB,TRBV12-2+TRBV13-2,None,TRBJ1-2,TRBC1,True,True,CASGGGTGNSDYTF,TGTGCCAGCGGTGGGGGGACAGGGAACTCCGACTACACCTTC,1088,1,None,None
GAACGGACAGGAACGT-1,False,GAACGGACAGGAACGT-1_contig_1,False,523,TRA,TRAV8-1,None,TRAJ17,TRAC,True,True,CATHSAGNKLTF,TGTGCTACTCACAGTGCAGGGAACAAGCTAACTTTT,722,1,None,None
GAACGGACATGACATC-1,False,GAACGGACATGACATC-1_contig_1,False,481,TRB,None,None,TRBJ2-7,None,False,False,None,None,960,1,None,None
GAACGGACATTGGTAC-1,False,GAACGGACATTGGTAC-1_contig_1,False,502,TRB,TRBV13-1,None,TRBJ2-7,None,True,True,CASSGPLEQYF,TGTGCCAGCAGTGGGCCCCTGGAACAGTACTTC,1468,1,None,None
GAACGGAGTAAGTAGT-1,False,GAACGGAGTAAGTAGT-1_contig_1,False,522,TRA,TRAV6-6,None,TRAJ39,TRAC,True,True,CALGDWNNAGAKLTF,TGTGCTCTGGGTGATTGGAATAATGCAGGTGCCAAGCTCACATTC,1532,1,None,None
GAACGGAGTATCTGCA-1,False,GAACGGAGTATCTGCA-1_contig_1,False,605,TRB,TRBV12-2+TRBV13-2,None,TRBJ1-2,TRBC1,True,True,CASGGGTGNSDYTF,TGTGCCAGCGGTGGGGGGACAGGGAACTCCGACTACACCTTC,1284,1,None,None
GAACGGAGTCAACTGT-1,False,GAACGGAGTCAACTGT-1_contig_1,False,566,TRB,TRBV12-2+TRBV13-2,None,TRBJ1-2,TRBC1,True,True,CASGGGTGNSDYTF,TGTGCCAGCGGTGGGGGGACAGGGAACTCCGACTACACCTTC,1264,1,None,None
GAACGGAGTCAATGTC-1,False,GAACGGAGTCAATGTC-1_contig_1,False,345,TRB,None,None,TRBJ2-7,None,False,False,None,None,2564,1,None,None
GAACGGAGTCTCTCTG-1,False,GAACGGAGTCTCTCTG-1_contig_1,False,555,TRA,TRAV7-3,None,TRAJ38,TRAC,True,True,CAVSAANVGDNSKLIW,TGTGCAGTGAGCGCGGCGAATGTTGGTGACAACAGTAAGCTGATTTGG,2218,1,None,None
GAACGGAGTGAGTATA-1,False,GAACGGAGTGAGTATA-1_contig_1,False,549,TRB,TRBV16,None,TRBJ2-5,None,True,True,CASSFGGAPDTQYF,TGTGCAAGCAGCTTTGGGGGGGCGCCAGACACCCAGTACTTT,1390,1,None,None
GAACGGAGTGCCTTGG-1,False,GAACGGAGTGCCTTGG-1_contig_1,False,562,TRB,TRBV12-2+TRBV13-2,None,TRBJ2-7,None,True,True,CASGVQGEQYF,TGTGCCAGCGGTGTTCAGGGAGAACAGTACTTC,178,1,None,None
GAACGGATCACGCATA-1,False,GAACGGATCACGCATA-1_contig_1,False,553,TRB,TRBV12-1,None,TRBJ2-5,None,True,True,CASSDGDDTQYF,TGTGCCAGCAGTGACGGGGACGACACCCAGTACTTT,1572,1,None,None
GAACGGATCCACGTTC-1,False,GAACGGATCCACGTTC-1_contig_1,False,356,TRB,None,None,TRBJ2-1,None,False,False,None,None,2980,1,None,None
GAACGGATCCTAGGGC-1,False,GAACGGATCCTAGGGC-1_contig_1,False,523,TRA,TRAV14N-3,None,TRAJ6,TRAC,True,True,CAARSSGGNYKPTF,TGTGCAGCAAGGTCCTCAGGAGGAAACTACAAACCTACGTTT,356,1,None,None
GAACGGATCTGATTCT-1,False,GAACGGATCTGATTCT-1_contig_1,False,577,TRB,TRBV12-2+TRBV13-2,None,TRBJ2-5,None,True,True,CASGVQGDTQYF,TGTGCCAGCGGTGTTCAGGGGGACACCCAGTACTTT,1064,1,None,None
GAACGGATCTGGCGAC-1,False,GAACGGATCTGGCGAC-1_contig_1,False,613,TRA,TRAV19,None,TRAJ39,TRAC,True,False,CAAGGNNAGAKLTF,TGCGCAGCAGGTGGGAATAATGCAGGTGCCAAGCTCACATTC,1998,1,None,None
GAAGCAGAGACCACGA-1,False,GAAGCAGAGACCACGA-1_contig_1,False,643,TRB,TRBV12-2+TRBV13-2,None,TRBJ1-2,TRBC1,True,True,CASGGGTGNSDYTF,TGTGCCAGCGGTGGGGGGACAGGGAACTCCGACTACACCTTC,1510,1,None,None
GAAGCAGAGACGCACA-1,False,GAAGCAGAGACGCACA-1_contig_1,True,636,TRB,TRBV13-1,None,None,None,False,False,CASSEGTN,TGTGCCAGCAGTGAAGGAACAAAC,4166,3,None,None
GAAGCAGAGATCACGG-1,False,GAAGCAGAGATCACGG-1_contig_1,False,399,TRB,TRBV13-1,None,TRBJ2-3,None,True,False,CASGDSAETLYF,TGTGCCAGCGGGGACAGTGCAGAAACGCTGTATTTT,2850,1,None,None
GAAGCAGAGCGATTCT-1,False,GAAGCAGAGCGATTCT-1_contig_1,False,636,TRB,TRBV12-2+TRBV13-2,None,TRBJ1-2,TRBC1,True,True,CASGGGTGNSDYTF,TGTGCCAGCGGTGGGGGGACAGGGAACTCCGACTACACCTTC,1286,1,None,None
GAAGCAGAGCTTTGGT-1,False,GAAGCAGAGCTTTGGT-1_contig_1,False,543,TRA,TRAV16D-DV11,None,TRAJ26,TRAC,True,True,CAMREENNYAQGLTF,TGTGCTATGAGAGAGGAAAATAACTATGCCCAGGGATTAACCTTC,2868,1,None,None
GAAGCAGAGCTTTGGT-1,False,GAAGCAGAGCTTTGGT-1_contig_2,False,505,TRB,TRBV13-1,None,TRBJ2-3,None,True,True,CASGDSAETLYF,TGTGCCAGCGGGGACAGTGCAGAAACGCTGTATTTT,3012,2,None,None
GAAGCAGAGCTTTGGT-1,False,GAAGCAGAGCTTTGGT-1_contig_3,True,575,TRA,TRAV3D-3,None,TRAJ28,TRAC,True,False,CTSAQSVRGTGSNRLTF,TGTACTTCTGCGCAGTCAGTGAGGGGCACTGGGAGTAACAGGCTCACTTTT,458,1,None,None
GAAGCAGAGTTAAGTG-1,False,GAAGCAGAGTTAAGTG-1_contig_1,False,365,TRB,None,None,TRBJ1-3,TRBC1,False,False,None,None,1814,2,None,None
GAAGCAGAGTTGTCGT-1,False,GAAGCAGAGTTGTCGT-1_contig_1,False,638,TRB,TRBV12-2+TRBV13-2,None,TRBJ1-2,TRBC1,True,True,CASGGGTGNSDYTF,TGTGCCAGCGGTGGGGGGACAGGGAACTCCGACTACACCTTC,1470,2,None,None
GAAGCAGCAATGTTGC-1,False,GAAGCAGCAATGTTGC-1_contig_1,False,511,TRA,TRAV16D-DV11,None,TRAJ26,TRAC,True,True,CAMREENNYAQGLTF,TGTGCTATGAGAGAGGAAAATAACTATGCCCAGGGATTAACCTTC,314,1,None,None
GAAGCAGCAATGTTGC-1,False,GAAGCAGCAATGTTGC-1_contig_2,False,518,TRA,TRAV8-1,None,TRAJ30,TRAC,True,True,CATDTNAYKVIF,TGTGCTACTGACACAAATGCTTACAAAGTCATCTTT,1174,1,None,None
GAAGCAGCAATGTTGC-1,False,GAAGCAGCAATGTTGC-1_contig_3,False,564,TRB,TRBV12-2+TRBV13-2,None,TRBJ2-7,None,True,True,CASGTGGDYEQYF,TGTGCCAGCGGGACTGGGGGGGACTATGAACAGTACTTC,1324,1,None,None
GAAGCAGCACCGAATT-1,False,GAAGCAGCACCGAATT-1_contig_1,False,316,TRB,None,None,TRBJ1-6,TRBC1,False,False,None,None,1654,1,None,None
GAAGCAGCACTTCTGC-1,False,GAAGCAGCACTTCTGC-1_contig_1,False,563,TRB,TRBV12-2+TRBV13-2,None,TRBJ2-1,None,True,True,CASGTGDYAEQFF,TGTGCCAGCGGGACTGGGGACTATGCTGAGCAGTTCTTC,1380,1,None,None
GAAGCAGCAGCCAGAA-1,False,GAAGCAGCAGCCAGAA-1_contig_1,False,446,TRB,None,None,TRBJ1-3,TRBC1,False,False,None,None,1936,1,None,None
GAAGCAGGTATATCCG-1,False,GAAGCAGGTATATCCG-1_contig_1,False,559,TRB,TRBV12-2+TRBV13-2,None,TRBJ2-4,None,True,True,CASGTGDTLYF,TGTGCCAGCGGTACGGGCGACACCTTGTACTTT,888,1,None,None
GAAGCAGGTATCACCA-1,False,GAAGCAGGTATCACCA-1_contig_1,False,577,TRB,TRBV12-2+TRBV13-2,None,TRBJ1-5,TRBC1,True,True,CASGDPAPLF,TGTGCCAGCGGTGATCCGGCTCCGCTTTTT,1212,1,None,None
GAAGCAGGTCATTAGC-1,False,GAAGCAGGTCATTAGC-1_contig_1,False,571,TRB,TRBV12-2+TRBV13-2,None,TRBJ2-3,None,True,True,CASGDAPPGEGTLYF,TGTGCCAGCGGTGATGCACCTCCAGGGGAGGGAACGCTGTATTTT,1690,1,None,None
GAAGCAGGTCTAAACC-1,False,GAAGCAGGTCTAAACC-1_contig_1,False,527,TRB,TRBV13-1,None,TRBJ2-3,None,True,False,CASGDSAETLYF,TGTGCCAGCGGGGACAGTGCAGAAACGCTGTATTTT,1822,1,None,None
GAAGCAGGTGACCAAG-1,False,GAAGCAGGTGACCAAG-1_contig_1,False,481,TRB,TRBV16,None,TRBJ2-5,None,True,False,CASSLGGRGDTQYF,TGTGCAAGCAGCTTAGGGGGGCGCGGAGACACCCAGTACTTT,2446,1,None,None
GAAGCAGTCCAAGCCG-1,False,GAAGCAGTCCAAGCCG-1_contig_1,False,638,TRB,TRBV12-2+TRBV13-2,None,TRBJ1-2,TRBC1,True,True,CASGGGTGNSDYTF,TGTGCCAGCGGTGGGGGGACAGGGAACTCCGACTACACCTTC,1168,1,None,None
GAAGCAGTCCGCGTTT-1,False,GAAGCAGTCCGCGTTT-1_contig_1,False,557,TRB,TRBV12-2+TRBV13-2,None,TRBJ2-1,None,True,True,CASGDPFQFF,TGTGCCAGCGGTGATCCTTTCCAGTTCTTC,1584,1,None,None
GAAGCAGTCGGCGCAT-1,False,GAAGCAGTCGGCGCAT-1_contig_1,False,549,TRB,TRBV16,None,TRBJ2-5,None,True,True,CASSLGGGQDTQYF,TGTGCAAGCAGCTTAGGGGGGGGGCAAGACACCCAGTACTTT,1012,1,None,None
GAAGCAGTCTAAGCCA-1,False,GAAGCAGTCTAAGCCA-1_contig_1,False,726,TRA,TRAV9D-2,None,TRAJ26,TRAC,True,True,CVLSRGNNYAQGLTF,TGTGTTCTGAGCAGGGGCAATAACTATGCCCAGGGATTAACCTTC,1832,1,None,None
GAAGCAGTCTTAGCCC-1,False,GAAGCAGTCTTAGCCC-1_contig_1,False,507,TRB,TRBV14,None,TRBJ2-7,None,True,True,CASSAGQNYEQYF,TGTGCCAGCAGTGCGGGACAAAACTATGAACAGTACTTC,1790,1,None,None
GAAGCAGTCTTGCATT-1,False,GAAGCAGTCTTGCATT-1_contig_1,False,533,TRA,TRAV16D-DV11,None,TRAJ22,TRAC,True,True,CAMRASSGSWQLIF,TGTGCTATGAGGGCATCTTCTGGCAGCTGGCAACTCATCTTT,1010,1,None,None
GAAGCAGTCTTGCATT-1,False,GAAGCAGTCTTGCATT-1_contig_2,False,585,TRB,TRBV12-1,None,TRBJ2-7,None,True,True,CASSAPYEQYF,TGTGCCAGCAGTGCACCGTATGAACAGTACTTC,2160,1,None,None
GAAGCAGTCTTGCATT-1,False,GAAGCAGTCTTGCATT-1_contig_3,True,609,TRA,TRAV19,None,TRAJ39,TRAC,True,False,CAAGGNNAGAKLTF,TGCGCAGCAGGTGGGAATAATGCAGGTGCCAAGCTCACATTC,1716,1,None,None
GAATAAGAGAAGGTTT-1,False,GAATAAGAGAAGGTTT-1_contig_1,False,437,TRB,None,None,TRBJ2-5,None,False,False,None,None,68,1,None,None
GAATAAGAGACAATAC-1,False,GAATAAGAGACAATAC-1_contig_1,False,717,TRA,TRAV3-3,None,TRAJ49,TRAC,True,False,CAVSGSTGYQNFYF,TGCGCAGTCAGTGGGAGCACGGGTTACCAGAACTTCTATTTT,1438,1,None,None
GAATAAGAGAGACTTA-1,False,GAATAAGAGAGACTTA-1_contig_1,False,554,TRA,TRAV8-1,None,TRAJ30,TRAC,True,True,CATDTNAYKVIF,TGTGCTACTGACACAAATGCTTACAAAGTCATCTTT,942,1,None,None
GAATAAGAGAGGTAGA-1,False,GAATAAGAGAGGTAGA-1_contig_1,False,522,TRB,TRBV5,None,TRBJ2-5,None,True,True,CASSQDGVNQDTQYF,TGTGCCAGCAGCCAAGATGGGGTTAACCAAGACACCCAGTACTTT,1672,1,None,None
GAATAAGAGCTACCTA-1,False,GAATAAGAGCTACCTA-1_contig_1,False,564,TRB,TRBV12-2+TRBV13-2,None,TRBJ1-5,TRBC1,True,True,CASGTGDNQAPLF,TGTGCCAGCGGTACAGGAGACAACCAGGCTCCGCTTTTT,1128,1,None,None
GAATAAGAGGGCTTGA-1,False,GAATAAGAGGGCTTGA-1_contig_1,False,556,TRB,TRBV12-2+TRBV13-2,None,TRBJ1-5,TRBC1,True,True,CASGTGDNQAPLF,TGTGCCAGCGGGACAGGGGACAACCAGGCTCCGCTTTTT,1576,1,None,None
GAATAAGAGTCGATAA-1,False,GAATAAGAGTCGATAA-1_contig_1,False,505,TRB,TRBV13-1,None,TRBJ2-5,None,True,True,CASSDGDDTQYF,TGTGCCAGCAGTGACGGGGACGACACCCAGTACTTT,446,1,None,None
GAATAAGAGTGGTCCC-1,False,GAATAAGAGTGGTCCC-1_contig_1,False,535,TRB,TRBV16,None,TRBJ2-5,None,True,True,CASSFGGGQDTQYF,TGTGCAAGCAGCTTTGGGGGGGGCCAAGACACCCAGTACTTT,1346,1,None,None
GAATAAGCACACATGT-1,False,GAATAAGCACACATGT-1_contig_1,False,368,TRB,None,None,TRBJ1-3,TRBC1,False,False,None,None,1784,1,None,None
GAATAAGCACGGATAG-1,False,GAATAAGCACGGATAG-1_contig_1,False,534,TRB,TRBV12-2+TRBV13-2,None,TRBJ2-7,None,True,True,CASGAGGDYEQYF,TGTGCCAGCGGTGCTGGGGGGGACTATGAACAGTACTTC,814,1,None,None
GAATAAGGTAGCTGCC-1,False,GAATAAGGTAGCTGCC-1_contig_1,False,549,TRB,TRBV16,None,TRBJ2-5,None,True,True,CASSWGGGQDTQYF,TGTGCAAGCAGCTGGGGGGGCGGGCAAGACACCCAGTACTTT,764,1,None,None
GAATAAGGTCGACTGC-1,False,GAATAAGGTCGACTGC-1_contig_1,False,523,TRA,TRAV8D-1,None,TRAJ30,TRAC,True,True,CATDTNAYKVIF,TGTGCTACTGACACAAATGCTTACAAAGTCATCTTT,1872,1,None,None
GAATAAGGTGTCGCTG-1,False,GAATAAGGTGTCGCTG-1_contig_1,False,508,TRB,TRBV13-1,None,TRBJ1-2,TRBC1,True,True,CASSDWEGNSDYTF,TGTGCCAGCAGTGATTGGGAGGGGAACTCCGACTACACCTTC,1182,1,None,None
GAATAAGGTGTGTGCC-1,False,GAATAAGGTGTGTGCC-1_contig_1,False,533,TRA,TRAV4D-3,None,TRAJ27,TRAC,True,True,CAADGPNTGKLTF,TGTGCTGCTGACGGGCCCAATACAGGCAAATTAACCTTT,2658,1,None,None
GAATAAGGTTGTTTGG-1,False,GAATAAGGTTGTTTGG-1_contig_1,False,568,TRB,TRBV12-2+TRBV13-2,None,TRBJ1-2,TRBC1,True,True,CASGGGTGNSDYTF,TGTGCCAGCGGTGGGGGGACAGGGAACTCCGACTACACCTTC,820,1,None,None
GAATAAGTCCGTAGTA-1,False,GAATAAGTCCGTAGTA-1_contig_1,False,547,TRB,TRBV12-2+TRBV13-2,None,TRBJ1-2,TRBC1,True,True,CASGGGTGNSDYTF,TGTGCCAGCGGTGGGGGGACAGGGAACTCCGACTACACCTTC,1062,1,None,None
GAATAAGTCGGAGGTA-1,False,GAATAAGTCGGAGGTA-1_contig_1,False,526,TRA,TRAV6D-5,None,TRAJ38,TRAC,True,False,CTTVFWDNVGDNSKLIW,TGTACTACTGTGTTCTGGGATAATGTTGGTGACAACAGTAAGCTGATTTGG,1298,1,None,None
GAATAAGTCTGTGCAA-1,False,GAATAAGTCTGTGCAA-1_contig_1,False,570,TRA,TRAV14N-3,None,TRAJ6,TRAC,True,True,CAARTSGGNYKPTF,TGTGCAGCAAGAACCTCAGGAGGAAACTACAAACCTACGTTT,2414,1,None,None
GAATGAAAGCGTCTAT-1,False,GAATGAAAGCGTCTAT-1_contig_1,False,525,TRA,TRAV7N-6,None,TRAJ30,TRAC,True,True,CAVVDTNAYKVIF,TGTGCAGTGGTTGACACAAATGCTTACAAAGTCATCTTT,2262,1,None,None
GAATGAAAGCTGTTCA-1,False,GAATGAAAGCTGTTCA-1_contig_1,False,549,TRB,TRBV16,None,TRBJ2-5,None,True,True,CASSLGGGQDTQYF,TGTGCAAGCAGCTTAGGGGGGGGGCAAGACACCCAGTACTTT,1244,1,None,None
GAATGAAAGCTGTTCA-1,False,GAATGAAAGCTGTTCA-1_contig_2,False,566,TRB,TRBV12-1,None,TRBJ2-3,None,True,True,CASGDSAETLYF,TGTGCCAGCGGGGACAGTGCAGAAACGCTGTATTTT,1012,1,None,None
GAATGAAAGTCGATAA-1,False,GAATGAAAGTCGATAA-1_contig_1,False,537,TRA,TRAV3D-3,None,TRAJ42,TRAC,True,True,CAVDSGGSNAKLTF,TGCGCAGTCGATTCTGGAGGAAGCAATGCAAAGCTAACCTTC,16984,12,None,None
GAATGAAAGTCGATAA-1,False,GAATGAAAGTCGATAA-1_contig_2,False,635,TRB,TRBV12-2+TRBV13-2,None,TRBJ1-2,TRBC1,True,True,CASGGGTGNSDYTF,TGTGCCAGCGGTGGGGGGACAGGGAACTCCGACTACACCTTC,1166,1,None,None
GAATGAAAGTCGATAA-1,False,GAATGAAAGTCGATAA-1_contig_3,False,520,TRA,TRAV8-1,None,TRAJ30,TRAC,True,True,CATDTNAYKVIF,TGTGCCACTGACACAAATGCTTACAAAGTCATCTTT,10914,6,None,None
GAATGAAAGTCGATAA-1,False,GAATGAAAGTCGATAA-1_contig_4,False,599,TRB,TRBV12-2+TRBV13-2,None,TRBJ1-5,TRBC1,True,True,CASGTGDNQAPLF,TGTGCCAGCGGGACAGGGGACAACCAGGCTCCGCTTTTT,9644,8,None,None
GAATGAAAGTCGATAA-1,False,GAATGAAAGTCGATAA-1_contig_5,True,748,TRB,None,None,TRBJ2-7,None,False,False,None,None,2648,4,None,None
GAATGAAAGTCGATAA-1,False,GAATGAAAGTCGATAA-1_contig_6,True,333,TRB,None,None,TRBJ2-1,None,False,False,None,None,5402,3,None,None
GAATGAACAAACCCAT-1,False,GAATGAACAAACCCAT-1_contig_1,False,571,TRB,TRBV12-2+TRBV13-2,None,TRBJ1-2,TRBC1,True,True,CASGGGTGNSDYTF,TGTGCCAGCGGTGGGGGGACAGGGAACTCCGACTACACCTTC,1404,1,None,None
GAATGAACAAAGAATC-1,False,GAATGAACAAAGAATC-1_contig_1,False,568,TRB,TRBV12-2+TRBV13-2,None,TRBJ2-7,None,True,True,CASGAGGDYEQYF,TGTGCCAGCGGTGCTGGGGGGGACTATGAACAGTACTTC,1020,1,None,None
GAATGAACAATGCCAT-1,False,GAATGAACAATGCCAT-1_contig_1,False,563,TRB,TRBV12-2+TRBV13-2,None,TRBJ2-7,None,True,True,CASGTGGDYEQYF,TGTGCCAGCGGGACTGGGGGGGACTATGAACAGTACTTC,1168,1,None,None
GAATGAACATGAACCT-1,False,GAATGAACATGAACCT-1_contig_1,False,566,TRB,TRBV12-2+TRBV13-2,None,TRBJ1-2,TRBC1,True,True,CASGGGTGNSDYTF,TGTGCCAGCGGTGGGGGGACAGGGAACTCCGACTACACCTTC,908,1,None,None
GAATGAAGTAACGTTC-1,False,GAATGAAGTAACGTTC-1_contig_1,False,564,TRB,TRBV12-2+TRBV13-2,None,TRBJ1-5,TRBC1,True,True,CASGTGDNQAPLF,TGTGCCAGCGGAACAGGGGACAACCAGGCTCCGCTTTTT,1238,1,None,None
GAATGAAGTCGCGAAA-1,False,GAATGAAGTCGCGAAA-1_contig_1,False,549,TRA,TRAV8N-2,None,TRAJ13,TRAC,True,True,CATEDSGTYQRF,TGTGCTACTGAGGATTCTGGGACTTACCAGAGGTTT,1412,1,None,None
GAATGAAGTTCAACCA-1,False,GAATGAAGTTCAACCA-1_contig_1,False,544,TRB,TRBV12-2+TRBV13-2,None,TRBJ1-5,None,True,True,CASGTGDNQAPLF,TGTGCCAGCGGTACCGGGGACAACCAGGCTCCGCTTTTT,186,1,None,None
GAATGAAGTTCAACCA-1,False,GAATGAAGTTCAACCA-1_contig_2,True,352,TRB,None,None,TRBJ2-7,None,False,False,None,None,3832,2,None,None
GAATGAAGTTCCAACA-1,False,GAATGAAGTTCCAACA-1_contig_1,False,503,TRA,TRAV13D-2,None,TRAJ11,TRAC,True,True,CAIDLDSGYNKLTF,TGTGCTATAGATCTTGACTCGGGATACAACAAACTCACTTTT,1688,1,None,None
GAATGAAGTTCGAATC-1,False,GAATGAAGTTCGAATC-1_contig_1,False,595,TRB,TRBV12-2+TRBV13-2,None,TRBJ2-7,None,True,True,CASGTGGDYEQYF,TGTGCCAGCGGGACTGGGGGGGACTATGAACAGTACTTC,988,1,None,None
GAATGAAGTTGGACCC-1,False,GAATGAAGTTGGACCC-1_contig_1,False,512,TRB,TRBV13-1,None,TRBJ2-5,None,True,True,CASSDGDDTQYF,TGTGCCAGCAGTGACGGGGACGACACCCAGTACTTT,1574,1,None,None
GAATGAATCAGTTAGC-1,False,GAATGAATCAGTTAGC-1_contig_1,False,566,TRA,TRAV3-3,None,TRAJ23,TRAC,True,True,CAVSDNYNQGKLIF,TGCGCAGTCAGTGATAATTATAACCAGGGGAAGCTTATCTTT,1192,1,None,None
GAATGAATCCCTGACT-1,False,GAATGAATCCCTGACT-1_contig_1,False,525,TRA,TRAV7N-6,None,TRAJ30,TRAC,True,True,CAVVDTNAYKVIF,TGTGCAGTGGTTGACACAAATGCTTACAAAGTCATCTTT,1176,1,None,None
GAATGAATCCGAGCCA-1,False,GAATGAATCCGAGCCA-1_contig_1,False,567,TRB,TRBV12-2+TRBV13-2,None,TRBJ1-2,TRBC1,True,True,CASGGGTGNSDYTF,TGTGCCAGCGGTGGGGGGACAGGGAACTCCGACTACACCTTC,892,1,None,None
GAATGAATCTCTGTCG-1,False,GAATGAATCTCTGTCG-1_contig_1,False,576,TRB,None,None,TRBJ1-2,TRBC1,False,False,None,None,698,1,None,None
GAATGAATCTGAAAGA-1,False,GAATGAATCTGAAAGA-1_contig_1,False,571,TRB,TRBV12-2+TRBV13-2,None,TRBJ1-2,TRBC1,True,True,CASGGGTGNSDYTF,TGTGCCAGCGGTGGGGGGACAGGGAACTCCGACTACACCTTC,1666,1,None,None
GACACGCAGAGACGAA-1,False,GACACGCAGAGACGAA-1_contig_1,False,572,TRB,TRBV12-2+TRBV13-2,None,TRBJ2-5,None,True,True,CASGDWGEVNQDTQYF,TGTGCCAGCGGTGACTGGGGGGAGGTTAACCAAGACACCCAGTACTTT,294,2,None,None
GACACGCAGAGTCTGG-1,False,GACACGCAGAGTCTGG-1_contig_1,False,559,TRA,TRAV4D-3,None,TRAJ27,TRAC,True,True,CAADGPNTGKLTF,TGTGCTGCGGACGGACCCAATACAGGCAAATTAACCTTT,1910,1,None,None
GACACGCAGGGCTTGA-1,False,GACACGCAGGGCTTGA-1_contig_1,False,546,TRA,TRAV8-1,None,TRAJ49,TRAC,True,True,CATDAGGYQNFYF,TGTGCTACTGATGCGGGGGGTTACCAGAACTTCTATTTT,208,3,None,None
GACACGCAGGGCTTGA-1,False,GACACGCAGGGCTTGA-1_contig_2,True,415,TRB,None,None,TRBJ1-6,TRBC1,False,False,None,None,1458,2,None,None
GACACGCAGTAATCCC-1,False,GACACGCAGTAATCCC-1_contig_1,False,558,TRB,TRBV12-2+TRBV13-2,None,TRBJ2-7,None,True,True,CASGAGGDYEQYF,TGTGCCAGCGGTGCTGGGGGGGACTATGAACAGTACTTC,954,1,None,None
GACACGCAGTGTGGCA-1,False,GACACGCAGTGTGGCA-1_contig_1,False,569,TRB,TRBV12-2+TRBV13-2,None,TRBJ1-2,TRBC1,True,True,CASGGGTGNSDYTF,TGTGCCAGCGGTGGGGGGACAGGGAACTCCGACTACACCTTC,1904,1,None,None
GACACGCCACTGTGTA-1,False,GACACGCCACTGTGTA-1_contig_1,False,550,TRB,TRBV16,None,TRBJ2-5,None,True,False,CKQLRG,TGCAAGCAGCTTAGGGGG,2586,2,None,None
GACACGCCAGAGTGTG-1,False,GACACGCCAGAGTGTG-1_contig_1,False,347,TRB,None,None,TRBJ2-7,None,False,False,None,None,2514,1,None,None
GACACGCCATTCGACA-1,False,GACACGCCATTCGACA-1_contig_1,False,556,TRA,TRAV19,None,TRAJ39,TRAC,True,True,CAAGGNNAGAKLTF,TGCGCAGCAGGTGGGAATAATGCAGGTGCCAAGCTCACATTC,2444,1,None,None
GACACGCGTACGCACC-1,False,GACACGCGTACGCACC-1_contig_1,False,635,TRB,TRBV12-2+TRBV13-2,None,TRBJ1-5,TRBC1,True,True,CASGTGDNQAPLF,TGTGCCAGCGGTACAGGAGACAACCAGGCTCCGCTTTTT,452,1,None,None
GACACGCGTCAAAGAT-1,False,GACACGCGTCAAAGAT-1_contig_1,True,301,TRB,None,None,TRBJ2-7,None,False,False,None,None,1762,2,None,None
GACACGCGTCCTCCAT-1,False,GACACGCGTCCTCCAT-1_contig_1,False,555,TRA,TRAV3-3,None,TRAJ49,TRAC,True,True,CAVSGATGYQNFYF,TGCGCAGTCAGTGGGGCCACGGGTTACCAGAACTTCTATTTT,2138,1,None,None
GACACGCGTCTCTTTA-1,False,GACACGCGTCTCTTTA-1_contig_1,False,367,TRB,None,None,TRBJ2-1,None,False,False,None,None,1980,1,None,None
GACACGCGTGACGGTA-1,False,GACACGCGTGACGGTA-1_contig_1,False,444,TRA,TRAV16D-DV11,None,TRAJ9,TRAC,True,False,None,None,750,1,None,None
GACACGCGTGATGTCT-1,False,GACACGCGTGATGTCT-1_contig_1,False,569,TRB,TRBV12-2+TRBV13-2,None,TRBJ2-7,None,True,True,CASGTGGDYEQYF,TGTGCCAGCGGGACTGGGGGGGACTATGAACAGTACTTC,1494,1,None,None
GACACGCGTGCACGAA-1,False,GACACGCGTGCACGAA-1_contig_1,False,567,TRB,TRBV12-2+TRBV13-2,None,TRBJ1-2,TRBC1,True,True,CASGGGTGNSDYTF,TGTGCCAGCGGTGGGGGGACAGGGAACTCCGACTACACCTTC,516,1,None,None
GACACGCGTGTCTGAT-1,False,GACACGCGTGTCTGAT-1_contig_1,False,541,TRB,TRBV3,None,TRBJ2-2,None,True,True,CASSPQGDTGQLYF,TGTGCCAGCAGCCCTCAGGGGGACACCGGGCAGCTCTACTTT,2222,1,None,None
GACACGCGTGTCTGAT-1,False,GACACGCGTGTCTGAT-1_contig_2,False,549,TRB,TRBV16,None,TRBJ2-5,None,True,True,CASSLGGGQDTQYF,TGTGCAAGCAGCTTAGGGGGGGGCCAAGACACCCAGTACTTT,1402,2,None,None
GACACGCGTGTCTGAT-1,False,GACACGCGTGTCTGAT-1_contig_3,False,558,TRA,TRAV4D-3,None,TRAJ27,TRAC,True,True,CAADGPNTGKLTF,TGTGCTGCGGACGGACCCAATACAGGCAAATTAACCTTT,932,1,None,None
GACACGCGTTAAGAAC-1,False,GACACGCGTTAAGAAC-1_contig_1,False,557,TRB,TRBV12-2+TRBV13-2,None,TRBJ2-7,None,True,True,CASGTGGDYEQYF,TGTGCCAGCGGGACTGGGGGGGACTATGAACAGTACTTC,1106,1,None,None
GACACGCGTTTACTCT-1,False,GACACGCGTTTACTCT-1_contig_1,False,549,TRB,TRBV16,None,TRBJ2-5,None,True,True,CASSLGGGQDTQYF,TGTGCAAGCAGCTTAGGGGGGGGCCAAGACACCCAGTACTTT,776,1,None,None
GACACGCTCATCTGCC-1,False,GACACGCTCATCTGCC-1_contig_1,False,570,TRA,TRAV14N-3,None,TRAJ6,TRAC,True,True,CAARTSGGNYKPTF,TGTGCAGCAAGAACCTCAGGAGGAAACTACAAACCTACGTTT,8260,7,None,None
GACACGCTCATCTGCC-1,False,GACACGCTCATCTGCC-1_contig_2,False,505,TRB,TRBV13-1,None,TRBJ2-4,None,True,True,CASSEGTNTLYF,TGTGCCAGCAGTGAAGGAACAAACACCTTGTACTTT,8650,7,None,None
GACACGCTCATCTGCC-1,False,GACACGCTCATCTGCC-1_contig_3,False,549,TRA,TRAV8N-2,None,TRAJ13,TRAC,True,True,CATEDSGTYQRF,TGTGCTACTGAGGATTCTGGGACTTACCAGAGGTTT,30246,24,None,None
GACACGCTCATCTGCC-1,False,GACACGCTCATCTGCC-1_contig_4,False,563,TRB,TRBV12-2+TRBV13-2,None,TRBJ2-1,None,True,True,CASGTGDYAEQFF,TGTGCCAGCGGGACTGGGGACTATGCTGAGCAGTTCTTC,8472,8,None,None
GACACGCTCATCTGCC-1,False,GACACGCTCATCTGCC-1_contig_5,False,611,TRB,TRBV12-2+TRBV13-2,None,TRBJ2-7,None,True,True,CASGTGGDYEQYF,TGTGCCAGCGGGACTGGGGGGGACTATGAACAGTACTTC,10616,11,None,None
GACACGCTCATCTGCC-1,False,GACACGCTCATCTGCC-1_contig_6,False,344,TRA,TRAV9D-2,None,TRAJ26,TRAC,True,False,CVLSRGNNYAQGLTF,TGTGTTCTGAGCAGGGGCAATAACTATGCCCAGGGATTAACCTTC,4124,3,None,None
GACACGCTCCGGCACA-1,False,GACACGCTCCGGCACA-1_contig_1,False,571,TRB,TRBV12-2+TRBV13-2,None,TRBJ1-2,TRBC1,True,True,CASGGGTGNSDYTF,TGTGCCAGCGGTGGGGGGACAGGGAACTCCGACTACACCTTC,1306,1,None,None
GACACGCTCTGCAAGT-1,False,GACACGCTCTGCAAGT-1_contig_1,False,553,TRA,TRAV19,None,TRAJ39,TRAC,True,True,CAAGGNNAGAKLTF,TGCGCAGCAGGTGGGAATAATGCAGGTGCCAAGCTCACATTC,2578,1,None,None
GACAGAGAGACACTAA-1,False,GACAGAGAGACACTAA-1_contig_1,False,332,TRB,None,None,TRBJ2-2,None,False,False,None,None,580,1,None,None
GACAGAGAGATAGCAT-1,False,GACAGAGAGATAGCAT-1_contig_1,False,564,TRB,TRBV12-2+TRBV13-2,None,TRBJ2-7,None,True,True,CASGAGGDYEQYF,TGTGCCAGCGGTGCTGGGGGGGACTATGAACAGTACTTC,956,1,None,None
GACAGAGAGGCAATTA-1,False,GACAGAGAGGCAATTA-1_contig_1,False,368,TRB,None,None,TRBJ1-2,TRBC1,False,False,None,None,958,1,None,None
GACAGAGAGGTACTCT-1,False,GACAGAGAGGTACTCT-1_contig_1,False,424,TRA,TRAV3D-3,None,TRAJ28,None,True,False,CTSAQSVRGTGSNRLTF,TGTACTTCTGCGCAGTCAGTGAGGGGCACTGGGAGTAACAGGCTCACTTTT,132,2,None,None
GACAGAGAGTACGATA-1,False,GACAGAGAGTACGATA-1_contig_1,False,566,TRB,TRBV12-2+TRBV13-2,None,TRBJ1-2,TRBC1,True,True,CASGGGTGNSDYTF,TGTGCCAGCGGTGGGGGGACAGGGAACTCCGACTACACCTTC,644,1,None,None
GACAGAGCACCCAGTG-1,False,GACAGAGCACCCAGTG-1_contig_1,False,523,TRA,TRAV7D-2,None,TRAJ31,TRAC,True,True,CAASIEDSNNRIFF,TGTGCAGCAAGCATAGAGGATAGCAATAACAGAATCTTCTTT,1970,1,None,None
GACAGAGGTCCTCCAT-1,False,GACAGAGGTCCTCCAT-1_contig_1,False,556,TRA,TRAV3-3,None,TRAJ37,TRAC,True,False,None,None,1852,1,None,None
GACAGAGGTCGCTTCT-1,False,GACAGAGGTCGCTTCT-1_contig_1,False,567,TRB,TRBV12-2+TRBV13-2,None,TRBJ1-2,TRBC1,True,True,CASGGGTGNSDYTF,TGTGCCAGCGGTGGGGGGACAGGGAACTCCGACTACACCTTC,656,1,None,None
GACAGAGGTCTTGATG-1,False,GACAGAGGTCTTGATG-1_contig_1,False,568,TRB,TRBV12-2+TRBV13-2,None,TRBJ1-2,TRBC1,True,True,CASGGGTGNSDYTF,TGTGCCAGCGGTGGGGGGACAGGGAACTCCGACTACACCTTC,1560,1,None,None
GACAGAGGTTCGTCTC-1,False,GACAGAGGTTCGTCTC-1_contig_1,False,593,TRB,TRBV12-2+TRBV13-2,None,TRBJ2-7,None,True,True,CASGVQGWEQYF,TGTGCCAGCGGTGTACAGGGGTGGGAACAGTACTTC,1696,1,None,None
GACAGAGTCAAGATCC-1,False,GACAGAGTCAAGATCC-1_contig_1,False,560,TRB,TRBV12-2+TRBV13-2,None,TRBJ1-2,TRBC1,True,True,CASGGGTGNSDYTF,TGTGCCAGCGGTGGGGGGACAGGGAACTCCGACTACACCTTC,1560,1,None,None
GACAGAGTCACGAAGG-1,False,GACAGAGTCACGAAGG-1_contig_1,False,556,TRA,TRAV19,None,TRAJ39,TRAC,True,True,CAAGGNNAGAKLTF,TGCGCAGCAGGTGGGAATAATGCAGGTGCCAAGCTCACATTC,1568,2,None,None
GACAGAGTCAGGCGAA-1,False,GACAGAGTCAGGCGAA-1_contig_1,False,497,TRA,TRAV21-DV12,None,TRAJ42,TRAC,True,True,CILRVHGGSNAKLTF,TGTATCCTGAGAGTCCATGGAGGAAGCAATGCAAAGCTAACCTTC,2430,1,None,None
GACAGAGTCAGGCGAA-1,False,GACAGAGTCAGGCGAA-1_contig_2,False,465,TRA,TRAV19,None,TRAJ39,None,False,False,CAAGGNNAGAKLTF,TGCGCAGCAGGTGGGAATAATGCAGGTGCCAAGCTCACATTC,122,1,None,None
GACAGAGTCAGTTTGG-1,False,GACAGAGTCAGTTTGG-1_contig_1,False,558,TRB,TRBV12-1,None,TRBJ2-1,None,True,True,CASSGGDYTEQFF,TGTGCCAGCAGTGGGGGGGACTATACTGAGCAGTTCTTC,1354,1,None,None
GACAGAGTCGACGGAA-1,False,GACAGAGTCGACGGAA-1_contig_1,False,397,TRB,None,None,TRBJ2-7,None,False,False,None,None,2398,1,None,None
GACAGAGTCGGAAACG-1,False,GACAGAGTCGGAAACG-1_contig_1,False,532,TRA,TRAV14-2,None,TRAJ50,TRAC,True,True,CAATSSSSFSKLVF,TGTGCAGCAACTTCATCCTCCTCCTTCAGCAAGCTGGTGTTT,1886,1,None,None
GACCAATAGATCTGCT-1,False,GACCAATAGATCTGCT-1_contig_1,False,453,TRB,None,None,TRBJ2-1,None,False,False,None,None,2294,1,None,None
GACCAATAGCACCGTC-1,False,GACCAATAGCACCGTC-1_contig_1,False,643,TRA,TRAV14-2,None,TRAJ49,TRAC,True,True,CAAQGYQNFYF,TGTGCAGCACAGGGTTACCAGAACTTCTATTTT,2344,1,None,None
GACCAATAGGACTGGT-1,False,GACCAATAGGACTGGT-1_contig_1,False,562,TRB,TRBV12-2+TRBV13-2,None,TRBJ2-5,None,True,True,CASGVQGDTQYF,TGTGCCAGCGGTGTTCAGGGGGACACCCAGTACTTT,1394,1,None,None
GACCAATAGGACTGGT-1,False,GACCAATAGGACTGGT-1_contig_2,False,627,TRB,None,None,TRBJ2-7,None,False,False,None,None,1358,1,None,None
GACCAATCAAGTTCTG-1,False,GACCAATCAAGTTCTG-1_contig_1,False,512,TRA,TRAV8-1,None,TRAJ49,TRAC,True,True,CATDAGGYQNFYF,TGTGCTACTGATGCGGGGGGTTACCAGAACTTCTATTTT,1236,1,None,None
GACCAATCACCAGCAC-1,False,GACCAATCACCAGCAC-1_contig_1,False,416,TRB,None,None,TRBJ2-5,None,False,False,None,None,1918,1,None,None
GACCAATCAGCTCGAC-1,False,GACCAATCAGCTCGAC-1_contig_1,False,505,TRB,TRBV13-1,None,TRBJ2-4,None,True,True,CASSEGTNTLYF,TGTGCCAGCAGTGAAGGAACAAACACCTTGTACTTT,1504,1,None,None
GACCAATCAGGCTCAC-1,False,GACCAATCAGGCTCAC-1_contig_1,False,558,TRA,TRAV4D-3,None,TRAJ27,TRAC,True,True,CAADGPNTGKLTF,TGTGCTGCGGACGGACCCAATACAGGCAAATTAACCTTT,682,1,None,None
GACCAATGTACGCTGC-1,False,GACCAATGTACGCTGC-1_contig_1,False,529,TRA,TRAV14N-3,None,TRAJ6,TRAC,True,True,CAARTSGGNYKPTF,TGTGCAGCAAGAACCTCAGGAGGAAACTACAAACCTACGTTT,1524,1,None,None
GACCAATGTCCGAGTC-1,False,GACCAATGTCCGAGTC-1_contig_1,False,512,TRB,TRBV26,None,TRBJ1-1,TRBC1,True,True,CASSRGNTEVFF,TGTGCCAGCAGCCGCGGAAACACAGAAGTCTTCTTT,2384,1,None,None
GACCAATGTCGGATCC-1,False,GACCAATGTCGGATCC-1_contig_1,False,543,TRA,TRAV16D-DV11,None,TRAJ26,TRAC,True,True,CAMREENNYAQGLTF,TGTGCTATGAGAGAGGAAAATAACTATGCCCAGGGATTAACCTTC,4686,3,None,None
GACCAATGTCGGATCC-1,False,GACCAATGTCGGATCC-1_contig_2,False,505,TRB,TRBV13-1,None,TRBJ2-4,None,True,True,CASSEGTNTLYF,TGTGCCAGCAGTGAAGGAACAAACACCTTGTACTTT,18984,15,None,None
GACCAATGTCGGATCC-1,False,GACCAATGTCGGATCC-1_contig_3,False,505,TRB,TRBV13-1,None,TRBJ2-3,None,True,True,CASGDSAETLYF,TGTGCCAGCGGGGACAGTGCAGAAACGCTGTATTTT,13704,10,None,None
GACCAATGTCGGATCC-1,False,GACCAATGTCGGATCC-1_contig_4,False,725,TRA,TRAV9D-2,None,TRAJ26,TRAC,True,True,CVLSRGNNYAQGLTF,TGTGTTCTGAGCAGGGGCAATAACTATGCCCAGGGATTAACCTTC,2716,2,None,None
GACCAATGTCGGATCC-1,False,GACCAATGTCGGATCC-1_contig_5,True,575,TRA,TRAV3D-3,None,TRAJ28,TRAC,True,False,CTSAQSVRGTGSNRLTF,TGTACTTCTGCGCAGTCAGTGAGGGGCACTGGGAGTAACAGGCTCACTTTT,3204,2,None,None
GACCAATGTCGGATCC-1,False,GACCAATGTCGGATCC-1_contig_6,True,562,TRB,TRBV12-2+TRBV13-2,None,None,TRBC1,False,False,None,None,1222,2,None,None
GACCAATGTCGGATCC-1,False,GACCAATGTCGGATCC-1_contig_7,True,420,TRA,TRAV6-6,None,TRAJ24,TRAC,True,False,None,None,2678,1,None,None
GACCAATTCAAGCCTA-1,False,GACCAATTCAAGCCTA-1_contig_1,False,556,TRA,TRAV19,None,TRAJ39,TRAC,True,True,CAAGGNNAGAKLTF,TGCGCAGCAGGTGGGAATAATGCAGGTGCCAAGCTCACATTC,106,1,None,None
GACCAATTCAGAGCTT-1,False,GACCAATTCAGAGCTT-1_contig_1,False,512,TRB,TRBV13-1,None,TRBJ2-3,None,True,True,CASGDSAETLYF,TGTGCCAGCGGGGACAGTGCAGAAACGCTGTATTTT,1344,1,None,None
GACCAATTCCACGAAT-1,False,GACCAATTCCACGAAT-1_contig_1,False,566,TRA,TRAV12-2,None,TRAJ34,TRAC,True,True,CALSGNTNKVVF,TGTGCTTTGAGTGGCAATACCAACAAAGTCGTCTTT,2222,1,None,None
GACCAATTCCAGGGCT-1,False,GACCAATTCCAGGGCT-1_contig_1,False,570,TRA,TRAV14N-3,None,TRAJ6,TRAC,True,True,CAARTSGGNYKPTF,TGTGCAGCAAGAACCTCAGGAGGAAACTACAAACCTACGTTT,3918,2,None,None
GACCAATTCCAGGGCT-1,False,GACCAATTCCAGGGCT-1_contig_2,False,496,TRB,TRBV13-1,None,TRBJ1-4,TRBC1,True,True,CASSGGERLFF,TGTGCCAGCAGTGGGGGCGAAAGATTATTTTTC,1758,1,None,None
GACCAATTCCAGGGCT-1,False,GACCAATTCCAGGGCT-1_contig_3,False,557,TRB,TRBV12-2+TRBV13-2,None,TRBJ2-7,None,True,True,CASGVQGEQYF,TGTGCCAGCGGTGTTCAGGGAGAACAGTACTTC,1878,2,None,None
GACCAATTCCAGGGCT-1,False,GACCAATTCCAGGGCT-1_contig_4,False,480,TRA,TRAV8N-2,None,TRAJ13,None,True,True,CATEDSGTYQRF,TGTGCTACTGAGGATTCTGGGACTTACCAGAGGTTT,1702,1,None,None
GACCAATTCCGTAGGC-1,False,GACCAATTCCGTAGGC-1_contig_1,False,369,TRA,TRAV9D-2,None,TRAJ26,TRAC,True,False,CVLSRGNNYAQGLTF,TGTGTTCTGAGCAGGGGCAATAACTATGCCCAGGGATTAACCTTC,1602,1,None,None
GACCAATTCTCAACTT-1,False,GACCAATTCTCAACTT-1_contig_1,False,502,TRB,TRBV13-1,None,TRBJ2-3,None,True,True,CASGDSAETLYF,TGTGCCAGCGGGGACAGTGCAGAAACGCTGTATTTT,1688,1,None,None
GACCTGGAGACTCGGA-1,False,GACCTGGAGACTCGGA-1_contig_1,False,566,TRB,TRBV12-2+TRBV13-2,None,TRBJ1-5,TRBC1,True,True,CASGTGDNQAPLF,TGTGCCAGCGGTACAGGGGACAACCAGGCTCCGCTTTTT,1398,1,None,None
GACCTGGAGTATGACA-1,False,GACCTGGAGTATGACA-1_contig_1,False,560,TRB,TRBV12-2+TRBV13-2,None,TRBJ1-2,TRBC1,True,True,CASGGGTGNSDYTF,TGTGCCAGCGGTGGGGGGACAGGGAACTCCGACTACACCTTC,1390,1,None,None
GACCTGGAGTATTGGA-1,False,GACCTGGAGTATTGGA-1_contig_1,False,564,TRB,TRBV12-2+TRBV13-2,None,TRBJ2-7,None,True,True,CASGTGGDYEQYF,TGTGCCAGCGGGACTGGGGGGGATTATGAACAGTACTTC,1534,1,None,None
GACCTGGAGTCCAGGA-1,False,GACCTGGAGTCCAGGA-1_contig_1,False,534,TRB,TRBV13-1,None,TRBJ2-3,None,True,False,CASGDSAETLYF,TGTGCCAGCGGGGACAGTGCAGAAACGCTGTATTTT,1694,1,None,None
GACCTGGAGTGCCAGA-1,False,GACCTGGAGTGCCAGA-1_contig_1,False,520,TRB,TRBV31,None,TRBJ2-3,None,True,True,CAWSLLLGGSAETLYF,TGTGCCTGGAGTCTACTCCTGGGGGGAAGTGCAGAAACGCTGTATTTT,3078,1,None,None
GACCTGGAGTGTACGG-1,False,GACCTGGAGTGTACGG-1_contig_1,False,510,TRB,TRBV13-1,None,TRBJ1-4,None,True,False,CASGTGANERLFF,TGTGCCAGCGGGACAGGGGCCAACGAAAGATTATTTTTC,232,1,None,None
GACCTGGCAAACCCAT-1,False,GACCTGGCAAACCCAT-1_contig_1,False,556,TRB,None,None,TRBJ2-5,None,False,False,None,None,372,1,None,None
GACCTGGGTAAATGAC-1,False,GACCTGGGTAAATGAC-1_contig_1,False,441,TRB,None,None,TRBJ1-2,TRBC1,False,False,None,None,1142,1,None,None
GACCTGGGTAACGACG-1,False,GACCTGGGTAACGACG-1_contig_1,True,572,TRB,TRBV12-2+TRBV13-2,None,TRBJ2-2,None,True,True,CASGGTGGANTGQLYF,TGTGCCAGCGGTGGGACTGGGGGGGCTAACACCGGGCAGCTCTACTTT,912,1,None,None
GACCTGGGTAACGACG-1,False,GACCTGGGTAACGACG-1_contig_2,True,355,TRB,TRBV31,None,TRBJ2-5,None,True,False,CAWSSDRFIQDTQYF,TGTGCCTGGAGTTCAGACAGGTTTATCCAAGACACCCAGTACTTT,5962,2,None,None
GACCTGGGTAACGACG-1,False,GACCTGGGTAACGACG-1_contig_3,True,499,TRA,TRAV1,None,TRAJ27,TRAC,True,False,None,None,4212,3,None,None
GACCTGGGTACCCAAT-1,False,GACCTGGGTACCCAAT-1_contig_1,False,512,TRB,TRBV13-1,None,TRBJ2-3,None,True,True,CASGDSAETLYF,TGTGCCAGCGGGGACAGTGCAGAAACGCTGTATTTT,1120,1,None,None
GACCTGGGTAGAGGAA-1,False,GACCTGGGTAGAGGAA-1_contig_1,False,549,TRB,TRBV16,None,TRBJ2-5,None,True,True,CASSLGGGQDTQYF,TGTGCAAGCAGCTTAGGGGGGGGCCAAGACACCCAGTACTTT,1016,1,None,None
GACCTGGGTAGCTGCC-1,False,GACCTGGGTAGCTGCC-1_contig_1,False,571,TRB,TRBV12-2+TRBV13-2,None,TRBJ1-2,TRBC1,True,True,CASGGGTGNSDYTF,TGTGCCAGCGGTGGGGGGACAGGGAACTCCGACTACACCTTC,1856,1,None,None
GACCTGGGTCACCCAG-1,False,GACCTGGGTCACCCAG-1_contig_1,False,640,TRB,TRBV12-2+TRBV13-2,None,TRBJ1-2,TRBC1,True,True,CASGGGTGNSDYTF,TGTGCCAGCGGTGGGGGGACAGGGAACTCCGACTACACCTTC,1074,1,None,None
GACCTGGGTCGGCATC-1,False,GACCTGGGTCGGCATC-1_contig_1,False,502,TRB,TRBV13-1,None,TRBJ2-2,None,True,True,CASSDPGQLYF,TGTGCCAGCAGTGACCCCGGGCAGCTCTACTTT,1386,1,None,None
GACCTGGGTCTAGAGG-1,False,GACCTGGGTCTAGAGG-1_contig_1,False,574,TRA,TRAV3D-3,None,TRAJ23,TRAC,True,True,CAVSDNYNQGKLIF,TGCGCAGTCAGTGACAATTATAACCAGGGGAAGCTTATCTTT,752,2,None,None
GACCTGGGTCTAGAGG-1,False,GACCTGGGTCTAGAGG-1_contig_2,False,559,TRB,TRBV3,None,TRBJ2-5,None,True,True,CASSPDWGGQDTQYF,TGTGCCAGCAGCCCCGACTGGGGGGGCCAAGACACCCAGTACTTT,1022,2,None,None
GACCTGGGTGGCGAAT-1,False,GACCTGGGTGGCGAAT-1_contig_1,False,549,TRB,TRBV16,None,TRBJ2-5,None,True,True,CASSFGGAPDTQYF,TGTGCAAGCAGCTTTGGGGGGGCGCCAGACACCCAGTACTTT,1876,1,None,None
GACCTGGGTGGCGAAT-1,False,GACCTGGGTGGCGAAT-1_contig_2,False,404,TRB,None,None,TRBJ2-1,None,False,False,None,None,2190,1,None,None
GACCTGGGTGGTCCGT-1,False,GACCTGGGTGGTCCGT-1_contig_1,False,588,TRB,TRBV12-2+TRBV13-2,None,TRBJ1-2,TRBC1,True,True,CASGGGTGNSDYTF,TGTGCCAGCGGTGGGGGGACAGGGAACTCCGACTACACCTTC,1102,1,None,None
GACCTGGGTTTGGCGC-1,False,GACCTGGGTTTGGCGC-1_contig_1,False,549,TRB,TRBV16,None,TRBJ2-5,None,True,True,CASSWGGGQDTQYF,TGTGCAAGCAGCTGGGGGGGCGGGCAAGACACCCAGTACTTT,594,1,None,None
GACCTGGTCGGCTACG-1,False,GACCTGGTCGGCTACG-1_contig_1,False,556,TRA,TRAV19,None,TRAJ39,TRAC,True,True,CAAGGNNAGAKLTF,TGCGCAGCAGGTGGGAATAATGCAGGTGCCAAGCTCACATTC,1346,1,None,None
GACCTGGTCGGCTACG-1,False,GACCTGGTCGGCTACG-1_contig_2,False,372,TRB,None,None,TRBJ1-2,TRBC1,False,False,None,None,1020,1,None,None
GACGCGTAGAAACCAT-1,False,GACGCGTAGAAACCAT-1_contig_1,True,628,TRB,TRBV1,None,TRBJ1-3,TRBC1,True,False,None,None,4204,2,None,None
GACGCGTAGAAACCAT-1,False,GACGCGTAGAAACCAT-1_contig_2,True,474,TRB,TRBV17,None,TRBJ2-5,None,True,False,CASSRKGVQDTQYF,TGTGCTAGCAGTAGAAAGGGGGTCCAAGACACCCAGTACTTT,4860,4,None,None
GACGCGTAGAACTGTA-1,False,GACGCGTAGAACTGTA-1_contig_1,False,466,TRB,TRBV16,None,TRBJ2-5,None,True,True,CASSWGGGQDTQYF,TGTGCAAGCAGCTGGGGGGGCGGGCAAGACACCCAGTACTTT,222,1,None,None
GACGCGTAGACACGAC-1,False,GACGCGTAGACACGAC-1_contig_1,False,558,TRA,TRAV19,None,TRAJ39,TRAC,True,True,CAAGGNNAGAKLTF,TGCGCAGCAGGTGGGAATAATGCAGGTGCCAAGCTCACATTC,1628,1,None,None
GACGCGTAGAGCCCAA-1,False,GACGCGTAGAGCCCAA-1_contig_1,False,570,TRB,TRBV12-2+TRBV13-2,None,TRBJ1-2,TRBC1,True,True,CASGGGTGNSDYTF,TGTGCCAGCGGTGGGGGGACAGGGAACTCCGACTACACCTTC,1198,1,None,None
GACGCGTAGATACACA-1,False,GACGCGTAGATACACA-1_contig_1,False,558,TRA,TRAV19,None,TRAJ39,TRAC,True,True,CAAGGNNAGAKLTF,TGCGCAGCAGGTGGGAATAATGCAGGTGCCAAGCTCACATTC,2064,1,None,None
GACGCGTAGCCACTAT-1,False,GACGCGTAGCCACTAT-1_contig_1,False,568,TRB,TRBV12-2+TRBV13-2,None,TRBJ1-2,TRBC1,True,True,CASGGGTGNSDYTF,TGTGCCAGCGGTGGGGGGACAGGGAACTCCGACTACACCTTC,1576,1,None,None
GACGCGTAGCCTTGAT-1,False,GACGCGTAGCCTTGAT-1_contig_1,False,630,TRB,TRBV16,None,TRBJ2-7,None,True,False,CASSFGGGADEQYF,TGTGCAAGCAGCTTTGGTGGGGGGGCGGATGAACAGTACTTC,1898,1,None,None
GACGCGTAGCTGTTCA-1,False,GACGCGTAGCTGTTCA-1_contig_1,False,575,TRB,TRBV12-2+TRBV13-2,None,TRBJ2-7,None,True,True,CASGVQGWEQYF,TGTGCCAGCGGTGTACAGGGGTGGGAACAGTACTTC,1402,1,None,None
GACGCGTAGGATGTAT-1,False,GACGCGTAGGATGTAT-1_contig_1,False,558,TRA,TRAV19,None,TRAJ39,TRAC,True,True,CAAGGNNAGAKLTF,TGCGCAGCAGGTGGGAATAATGCAGGTGCCAAGCTCACATTC,1400,1,None,None
GACGCGTAGGATGTAT-1,False,GACGCGTAGGATGTAT-1_contig_2,False,565,TRB,TRBV12-2+TRBV13-2,None,TRBJ1-5,TRBC1,True,True,CASGTGDNQAPLF,TGTGCCAGCGGTACAGGGGATAACCAGGCTCCGCTTTTT,1496,1,None,None
GACGCGTAGGTTACCT-1,False,GACGCGTAGGTTACCT-1_contig_1,False,575,TRA,TRAV3D-3,None,TRAJ28,TRAC,True,False,CTSAQSVRGTGSNRLTF,TGTACTTCTGCGCAGTCAGTGAGGGGCACTGGGAGTAACAGGCTCACTTTT,2428,1,None,None
GACGCGTAGTCGATAA-1,False,GACGCGTAGTCGATAA-1_contig_1,False,505,TRB,TRBV13-2,None,TRBJ2-1,None,True,True,CASGDPFQFF,TGTGCCAGCGGTGATCCTTTCCAGTTCTTC,1744,1,None,None
GACGCGTAGTCGATAA-1,False,GACGCGTAGTCGATAA-1_contig_2,False,555,TRA,TRAV3-3,None,TRAJ49,TRAC,True,True,CAVSGSTGYQNFYF,TGCGCAGTCAGTGGGAGCACGGGTTACCAGAACTTCTATTTT,2446,1,None,None
GACGCGTAGTCGATAA-1,False,GACGCGTAGTCGATAA-1_contig_3,False,565,TRB,TRBV12-2+TRBV13-2,None,TRBJ2-7,None,True,True,CASGVQGWEQYF,TGTGCCAGCGGTGTACAGGGGTGGGAACAGTACTTC,1238,1,None,None
GACGCGTCAATGCCAT-1,False,GACGCGTCAATGCCAT-1_contig_1,False,567,TRB,TRBV12-2+TRBV13-2,None,TRBJ1-2,TRBC1,True,True,CASGGGTGNSDYTF,TGTGCCAGCGGTGGGGGGACAGGGAACTCCGACTACACCTTC,1054,1,None,None
GACGCGTCAATGCCAT-1,False,GACGCGTCAATGCCAT-1_contig_2,False,513,TRA,TRAV8-1,None,TRAJ12,TRAC,True,True,CATDGGGYKVVF,TGTGCTACTGATGGTGGAGGCTATAAAGTGGTCTTT,1876,1,None,None
GACGCGTCAGAGCCAA-1,False,GACGCGTCAGAGCCAA-1_contig_1,False,468,TRB,TRBV16,None,TRBJ2-7,None,True,True,CASSFGGGADEQYF,TGTGCAAGCAGCTTTGGTGGGGGGGCGGATGAACAGTACTTC,188,2,None,None
GACGCGTGTAAGAGGA-1,False,GACGCGTGTAAGAGGA-1_contig_1,False,505,TRB,TRBV13-1,None,TRBJ2-1,None,True,True,CASSDNYAEQFF,TGTGCCAGCAGTGACAACTATGCTGAGCAGTTCTTC,1552,1,None,None
GACGCGTGTACAGACG-1,False,GACGCGTGTACAGACG-1_contig_1,False,507,TRB,TRBV13-1,None,TRBJ2-3,None,True,True,CASGDSAETLYF,TGTGCCAGCGGGGACAGTGCAGAAACGCTGTATTTT,916,1,None,None
GACGCGTGTATAATGG-1,False,GACGCGTGTATAATGG-1_contig_1,False,428,TRB,None,None,TRBJ2-5,None,False,False,None,None,1292,1,None,None
GACGCGTGTATAGGGC-1,False,GACGCGTGTATAGGGC-1_contig_1,False,709,TRA,TRAV9D-2,None,TRAJ26,TRAC,True,True,CVLSRGNNYAQGLTF,TGTGTTCTGAGCAGGGGCAATAACTATGCCCAGGGATTAACCTTC,1546,1,None,None
GACGCGTGTCCGCTGA-1,False,GACGCGTGTCCGCTGA-1_contig_1,False,563,TRB,TRBV12-2+TRBV13-2,None,TRBJ1-5,TRBC1,True,True,CASGTGDNQAPLF,TGTGCCAGCGGGACAGGCGACAACCAGGCTCCGCTTTTT,900,1,None,None
GACGCGTGTCTAGCGC-1,False,GACGCGTGTCTAGCGC-1_contig_1,False,641,TRB,TRBV12-2+TRBV13-2,None,TRBJ1-5,TRBC1,True,True,CASGTGDNQAPLF,TGTGCCAGCGGTACAGGGGATAACCAGGCTCCGCTTTTT,1242,1,None,None
GACGCGTGTGCAACTT-1,False,GACGCGTGTGCAACTT-1_contig_1,False,504,TRB,TRBV13-1,None,TRBJ2-4,None,True,True,CASSEGTNTLYF,TGTGCCAGCAGTGAAGGAACAAACACCTTGTACTTT,1496,1,None,None
GACGCGTGTGGCGAAT-1,False,GACGCGTGTGGCGAAT-1_contig_1,False,554,TRA,TRAV3D-3,None,TRAJ9,TRAC,True,True,CAVMGYKLTF,TGCGCAGTCATGGGCTACAAACTTACCTTC,2110,1,None,None
GACGCGTGTGGTCCGT-1,False,GACGCGTGTGGTCCGT-1_contig_1,False,567,TRB,TRBV12-2+TRBV13-2,None,TRBJ1-2,TRBC1,True,True,CASGGGTGNSDYTF,TGTGCCAGCGGTGGGGGGACAGGGAACTCCGACTACACCTTC,290,1,None,None
GACGCGTGTGTGCGTC-1,False,GACGCGTGTGTGCGTC-1_contig_1,False,549,TRB,TRBV16,None,TRBJ2-5,None,True,True,CASSFGGAPDTQYF,TGTGCAAGCAGCTTTGGGGGGGCGCCAGACACCCAGTACTTT,702,1,None,None
GACGCGTGTGTGCGTC-1,False,GACGCGTGTGTGCGTC-1_contig_2,False,558,TRA,TRAV19,None,TRAJ39,TRAC,True,True,CAAGGNNAGAKLTF,TGCGCAGCAGGTGGGAATAATGCAGGTGCCAAGCTCACATTC,1750,1,None,None
GACGCGTGTGTGCGTC-1,False,GACGCGTGTGTGCGTC-1_contig_3,False,534,TRA,TRAV4D-4,None,TRAJ45,TRAC,True,True,CAAYTEGADRLTF,TGTGCTGCCTATACAGAAGGTGCAGATAGACTCACCTTT,1514,1,None,None
GACGCGTGTGTGCGTC-1,False,GACGCGTGTGTGCGTC-1_contig_4,False,568,TRB,TRBV12-2+TRBV13-2,None,TRBJ1-2,TRBC1,True,True,CASGGGTGNSDYTF,TGTGCCAGCGGTGGGGGGACAGGGAACTCCGACTACACCTTC,1188,1,None,None
GACGCGTTCACATAGC-1,False,GACGCGTTCACATAGC-1_contig_1,False,549,TRB,TRBV16,None,TRBJ2-5,None,True,True,CASSLGGGQDTQYF,TGTGCAAGCAGCTTAGGGGGGGGCCAAGACACCCAGTACTTT,1310,1,None,None
GACGCGTTCACTCCTG-1,False,GACGCGTTCACTCCTG-1_contig_1,True,549,TRA,TRAV8N-2,None,TRAJ13,TRAC,True,True,CATEDSGTYQRF,TGTGCTACTGAGGATTCTGGGACTTACCAGAGGTTT,1652,1,None,None
GACGCGTTCCCTCTTT-1,False,GACGCGTTCCCTCTTT-1_contig_1,False,445,TRB,None,None,TRBJ1-6,TRBC1,False,False,None,None,1868,1,None,None
GACGCGTTCCCTCTTT-1,False,GACGCGTTCCCTCTTT-1_contig_2,False,466,TRB,TRBV5,None,TRBJ2-2,None,True,False,CASSQDRHTGQLYF,TGTGCCAGCAGCCAAGATAGACACACCGGGCAGCTCTACTTT,1682,1,None,None
GACGCGTTCGGCATCG-1,False,GACGCGTTCGGCATCG-1_contig_1,False,558,TRA,TRAV19,None,TRAJ39,TRAC,True,True,CAAGGNNAGAKLTF,TGCGCAGCAGGTGGGAATAATGCAGGTGCCAAGCTCACATTC,6454,5,None,None
GACGCGTTCGGCATCG-1,False,GACGCGTTCGGCATCG-1_contig_2,False,636,TRB,TRBV12-2+TRBV13-2,None,TRBJ1-2,TRBC1,True,True,CASGGGTGNSDYTF,TGTGCCAGCGGTGGGGGGACAGGGAACTCCGACTACACCTTC,12792,12,None,None
GACGCGTTCGGCATCG-1,False,GACGCGTTCGGCATCG-1_contig_3,False,508,TRB,TRBV13-1,None,TRBJ2-1,None,True,True,CASSGGDYAEQFF,TGTGCCAGCAGTGGGGGGGACTATGCTGAGCAGTTCTTC,5086,4,None,None
GACGCGTTCGGCATCG-1,False,GACGCGTTCGGCATCG-1_contig_4,True,303,TRB,None,None,TRBJ2-5,None,False,False,None,None,1084,1,None,None
GACGCGTTCTGCAAGT-1,False,GACGCGTTCTGCAAGT-1_contig_1,True,512,TRB,TRBV13-1,None,TRBJ2-5,None,True,True,CASSDGDDTQYF,TGTGCCAGCAGTGACGGGGACGACACCCAGTACTTT,1218,1,None,None
GACGCGTTCTGCAAGT-1,False,GACGCGTTCTGCAAGT-1_contig_2,True,510,TRB,None,None,TRBJ1-2,TRBC1,False,False,None,None,2440,2,None,None
GACGCGTTCTGCAAGT-1,False,GACGCGTTCTGCAAGT-1_contig_3,True,354,TRB,None,None,TRBJ2-7,None,False,False,None,None,5230,2,None,None
GACGCGTTCTGTCCGT-1,False,GACGCGTTCTGTCCGT-1_contig_1,False,494,TRA,TRAV6-5,None,TRAJ45,TRAC,True,True,CALIHTEGADRLTF,TGTGCTCTGATCCATACAGAAGGTGCAGATAGACTCACCTTT,396,1,None,None
GACGGCTAGAAGGGTA-1,False,GACGGCTAGAAGGGTA-1_contig_1,False,526,TRA,TRAV14N-3,None,TRAJ6,TRAC,True,True,CAARTSGGNYKPTF,TGTGCAGCAAGAACCTCAGGAGGAAACTACAAACCTACGTTT,1182,1,None,None
GACGGCTAGCGATAGC-1,False,GACGGCTAGCGATAGC-1_contig_1,False,323,TRB,None,None,TRBJ2-1,None,False,False,None,None,48,1,None,None
GACGGCTAGGCCATAG-1,False,GACGGCTAGGCCATAG-1_contig_1,False,553,TRA,TRAV10N,None,TRAJ23,TRAC,True,True,CAASNRYNQGKLIF,TGTGCAGCAAGCAACCGGTATAACCAGGGGAAGCTTATCTTT,1148,1,None,None
GACGGCTAGGCCCGTT-1,False,GACGGCTAGGCCCGTT-1_contig_1,False,466,TRB,None,None,TRBJ1-6,TRBC1,False,False,None,None,1326,1,None,None
GACGGCTGTAAATGAC-1,False,GACGGCTGTAAATGAC-1_contig_1,False,611,TRB,TRBV13-1,None,TRBJ2-1,None,True,False,CASSAGDYAEQFF,TGTGCCAGCAGTGCTGGGGACTATGCTGAGCAGTTCTTC,1492,1,None,None
GACGGCTGTCTAGCCG-1,False,GACGGCTGTCTAGCCG-1_contig_1,False,435,TRA,TRAV9-2,None,TRAJ22,TRAC,True,False,CVLSASSGSWQLIF,TGTGTTTTGAGCGCATCTTCTGGCAGCTGGCAACTCATCTTT,1376,1,None,None
GACGGCTGTCTAGTCA-1,False,GACGGCTGTCTAGTCA-1_contig_1,False,549,TRB,TRBV16,None,TRBJ2-7,None,True,True,CASSFGGGADEQYF,TGTGCAAGCAGCTTTGGTGGGGGGGCGGATGAACAGTACTTC,2634,1,None,None
GACGGCTGTCTAGTCA-1,False,GACGGCTGTCTAGTCA-1_contig_2,False,515,TRB,TRBV13-2,None,TRBJ2-1,None,True,True,CASGGYAEQFF,TGTGCCAGCGGGGGCTATGCTGAGCAGTTCTTC,1214,1,None,None
GACGGCTGTCTTCGTC-1,False,GACGGCTGTCTTCGTC-1_contig_1,False,536,TRB,TRBV12-2+TRBV13-2,None,TRBJ1-2,TRBC1,True,True,CASGGGTGNSDYTF,TGTGCCAGCGGTGGGGGGACAGGGAACTCCGACTACACCTTC,462,1,None,None
GACGGCTGTGAACCTT-1,False,GACGGCTGTGAACCTT-1_contig_1,False,345,TRB,None,None,TRBJ2-7,None,False,False,None,None,756,1,None,None
GACGGCTTCACATGCA-1,False,GACGGCTTCACATGCA-1_contig_1,False,572,TRA,TRAV4D-3,None,TRAJ27,TRAC,True,False,CAADGPNTGKLTF,TGTGCTGCGGACGGACCCAATACAGGCAAATTAACCTTT,1766,1,None,None
GACGGCTTCCGAGCCA-1,False,GACGGCTTCCGAGCCA-1_contig_1,False,549,TRB,TRBV16,None,TRBJ2-5,None,True,True,CASSLGGGQDTQYF,TGTGCAAGCAGCTTAGGGGGGGGCCAAGACACCCAGTACTTT,1786,1,None,None
GACGGCTTCCGAGCCA-1,False,GACGGCTTCCGAGCCA-1_contig_2,False,512,TRA,TRAV19,None,TRAJ39,TRAC,True,True,CAAGGNNAGAKLTF,TGCGCAGCAGGTGGGAATAATGCAGGTGCCAAGCTCACATTC,2064,1,None,None
GACGGCTTCCGGGTGT-1,False,GACGGCTTCCGGGTGT-1_contig_1,False,509,TRB,TRBV13-1,None,TRBJ2-3,None,True,True,CASGDSAETLYF,TGTGCCAGCGGGGACAGTGCAGAAACGCTGTATTTT,1264,1,None,None
GACGGCTTCCGTCATC-1,False,GACGGCTTCCGTCATC-1_contig_1,False,542,TRA,TRAV4-3,None,TRAJ42,TRAC,True,True,CAADNSGGSNAKLTF,TGTGCTGCTGATAATTCTGGAGGAAGCAATGCAAAGCTAACCTTC,1826,1,None,None
GACGGCTTCCTTGGTC-1,False,GACGGCTTCCTTGGTC-1_contig_1,False,590,TRB,TRBV12-2+TRBV13-2,None,TRBJ2-7,None,True,True,CASGVQGGEQYF,TGTGCCAGCGGTGTGCAGGGGGGAGAACAGTACTTC,594,1,None,None
GACGGCTTCCTTTACA-1,False,GACGGCTTCCTTTACA-1_contig_1,False,563,TRB,TRBV12-2+TRBV13-2,None,TRBJ1-2,TRBC1,True,True,CASGGGTGNSDYTF,TGTGCCAGCGGTGGGGGGACAGGGAACTCCGACTACACCTTC,818,1,None,None
GACGGCTTCGAGCCCA-1,False,GACGGCTTCGAGCCCA-1_contig_1,False,563,TRA,TRAV4D-3,None,TRAJ27,TRAC,True,True,CAADGPNTGKLTF,TGTGCTGCGGACGGACCCAATACAGGCAAATTAACCTTT,1602,1,None,None
GACGGCTTCGGTCTAA-1,False,GACGGCTTCGGTCTAA-1_contig_1,False,505,TRB,TRBV13-1,None,TRBJ2-3,None,True,True,CASGDSAETLYF,TGTGCCAGCGGGGACAGTGCAGAAACGCTGTATTTT,1752,1,None,None
GACGGCTTCTATGTGG-1,False,GACGGCTTCTATGTGG-1_contig_1,False,530,TRB,TRBV13-2,None,TRBJ2-1,None,True,True,CASGDPFQFF,TGTGCCAGCGGTGATCCTTTCCAGTTCTTC,820,1,None,None
GACGGCTTCTCTGTCG-1,False,GACGGCTTCTCTGTCG-1_contig_1,False,565,TRA,TRAV16D-DV11,None,TRAJ26,TRAC,True,True,CAMREENNYAQGLTF,TGTGCTATGAGAGAGGAAAATAACTATGCCCAGGGATTAACCTTC,1524,1,None,None
GACGTGCAGACAGAGA-1,False,GACGTGCAGACAGAGA-1_contig_1,False,549,TRB,TRBV16,None,TRBJ2-5,None,True,True,CASSLGGGQDTQYF,TGTGCAAGCAGCTTAGGGGGGGGCCAAGACACCCAGTACTTT,390,1,None,None
GACGTGCAGGACAGCT-1,False,GACGTGCAGGACAGCT-1_contig_1,False,518,TRB,TRBV26,None,TRBJ2-1,None,True,True,CASSLHKFYAEQFF,TGTGCCAGCAGTCTGCACAAATTCTATGCTGAGCAGTTCTTC,2372,1,None,None
GACGTGCCAGGCAGTA-1,False,GACGTGCCAGGCAGTA-1_contig_1,False,501,TRB,TRBV13-1,None,TRBJ2-5,None,True,True,CASSDGDDTQYF,TGTGCCAGCAGTGACGGGGACGACACCCAGTACTTT,1092,1,None,None
GACGTGCCAGTCAGAG-1,False,GACGTGCCAGTCAGAG-1_contig_1,False,530,TRA,TRAV19,None,TRAJ39,TRAC,True,True,CAAGGNNAGAKLTF,TGCGCAGCAGGTGGGAATAATGCAGGTGCCAAGCTCACATTC,2536,1,None,None
GACGTGCCATCACCCT-1,False,GACGTGCCATCACCCT-1_contig_1,False,541,TRA,TRAV8D-1,None,TRAJ30,TRAC,True,True,CATDTNAYKVIF,TGTGCTACTGACACAAATGCTTACAAAGTCATCTTT,1744,1,None,None
GACGTGCGTGACTCAT-1,False,GACGTGCGTGACTCAT-1_contig_1,False,644,TRB,TRBV12-2+TRBV13-2,None,TRBJ2-3,None,True,True,CASGDAPPGEGTLYF,TGTGCCAGCGGTGATGCACCTCCAGGGGAGGGAACGCTGTATTTT,2442,2,None,None
GACGTGCGTGACTCAT-1,False,GACGTGCGTGACTCAT-1_contig_2,False,588,TRA,TRAV7-4,None,TRAJ26,TRAC,True,True,CAASDYAQGLTF,TGTGCAGCTAGTGACTATGCCCAGGGATTAACCTTC,7158,7,None,None
GACGTGCGTGACTCAT-1,False,GACGTGCGTGACTCAT-1_contig_3,False,574,TRB,TRBV12-2+TRBV13-2,None,TRBJ1-2,TRBC1,True,True,CASGGGTGNSDYTF,TGTGCCAGCGGTGGGGGGACAGGGAACTCCGACTACACCTTC,4862,4,None,None
GACGTGCGTGACTCAT-1,False,GACGTGCGTGACTCAT-1_contig_4,False,567,TRB,TRBV12-2+TRBV13-2,None,TRBJ2-7,None,True,True,CASGTGGDYEQYF,TGTGCCAGCGGGACTGGGGGGGACTATGAACAGTACTTC,1242,1,None,None
GACGTGCGTGACTCAT-1,False,GACGTGCGTGACTCAT-1_contig_5,False,840,TRB,TRBV23,None,TRBJ2-5,None,False,False,CSSSQSRGGETPSTLGQA,TGCTCCAGCAGTCAATCGCGGGGGGGCGAGACACCCAGTACTTTGGGCCAAGCA,1422,1,None,None
GACGTGCGTTATGTGC-1,False,GACGTGCGTTATGTGC-1_contig_1,False,518,TRB,TRBV26,None,TRBJ2-1,None,True,True,CASSLHKFYAEQFF,TGTGCCAGCAGTCTGCACAAATTCTATGCTGAGCAGTTCTTC,1926,1,None,None
GACGTGCTCCGCTGTT-1,False,GACGTGCTCCGCTGTT-1_contig_1,True,530,TRB,TRBV13-1,None,TRBJ2-1,None,True,False,CASSGGDYAEQFF,TGTGCCAGCAGTGGAGGGGACTATGCTGAGCAGTTCTTC,1292,3,None,None
GACGTGCTCGCAAGCC-1,False,GACGTGCTCGCAAGCC-1_contig_1,False,556,TRB,TRBV12-2+TRBV13-2,None,TRBJ2-7,None,True,True,CASGVQGGEQYF,TGTGCCAGCGGTGTGCAGGGGGGAGAACAGTACTTC,1024,1,None,None
GACGTGCTCGGCGCTA-1,False,GACGTGCTCGGCGCTA-1_contig_1,False,491,TRA,TRAV19,None,TRAJ39,TRAC,True,False,CAAGGNNAGAKLTF,TGCGCAGCAGGTGGGAATAATGCAGGTGCCAAGCTCACATTC,364,1,None,None
GACGTGCTCTACTTAC-1,False,GACGTGCTCTACTTAC-1_contig_1,False,657,TRA,TRAV9N-4,None,TRAJ26,TRAC,True,True,CALNYAQGLTF,TGTGCTCTCAACTATGCCCAGGGATTAACCTTC,1360,1,None,None
GACGTTAAGAGCCCAA-1,False,GACGTTAAGAGCCCAA-1_contig_1,False,562,TRB,TRBV12-2+TRBV13-2,None,TRBJ2-7,None,True,True,CASGVQGGEQYF,TGTGCCAGCGGTGTGCAGGGGGGAGAACAGTACTTC,1432,1,None,None
GACGTTAAGATGTCGG-1,False,GACGTTAAGATGTCGG-1_contig_1,False,552,TRA,TRAV14N-3,None,TRAJ6,TRAC,True,True,CAARTSGGNYKPTF,TGTGCAGCAAGAACCTCAGGAGGAAACTACAAACCTACGTTT,8934,5,None,None
GACGTTAAGATGTCGG-1,False,GACGTTAAGATGTCGG-1_contig_2,False,512,TRB,TRBV13-1,None,TRBJ2-4,None,True,True,CASSEGTNTLYF,TGTGCCAGCAGTGAAGGAACAAACACCTTGTACTTT,4874,5,None,None
GACGTTAAGATGTCGG-1,False,GACGTTAAGATGTCGG-1_contig_3,True,336,TRB,None,None,TRBJ2-7,None,False,False,None,None,2532,3,None,None
GACGTTAAGATGTGTA-1,False,GACGTTAAGATGTGTA-1_contig_1,False,363,TRA,None,None,TRAJ27,TRAC,False,False,None,None,1954,1,None,None
GACGTTAAGCCTATGT-1,False,GACGTTAAGCCTATGT-1_contig_1,False,564,TRB,TRBV12-2+TRBV13-2,None,TRBJ1-2,TRBC1,True,True,CASGGGTGNSDYTF,TGTGCCAGCGGTGGGGGGACAGGGAACTCCGACTACACCTTC,1492,1,None,None
GACGTTAAGGATGTAT-1,False,GACGTTAAGGATGTAT-1_contig_1,False,556,TRA,TRAV19,None,TRAJ39,TRAC,True,True,CAAGGNNAGAKLTF,TGCGCAGCAGGTGGGAATAATGCAGGTGCCAAGCTCACATTC,1454,1,None,None
GACGTTAAGTGTGAAT-1,False,GACGTTAAGTGTGAAT-1_contig_1,False,570,TRB,TRBV12-2+TRBV13-2,None,TRBJ1-4,TRBC1,True,True,CASGTGGDERLFF,TGTGCCAGCGGGACAGGGGGCGACGAAAGATTATTTTTC,1324,1,None,None
GACGTTACAATCCGAT-1,False,GACGTTACAATCCGAT-1_contig_1,True,553,TRA,TRAV6D-5,None,TRAJ38,TRAC,True,False,CTTVFWDNVGDNSKLIW,TGTACTACTGTGTTCTGGGATAATGTTGGTGACAACAGTAAGCTGATTTGG,5646,3,None,None
GACGTTACACCACCAG-1,False,GACGTTACACCACCAG-1_contig_1,False,486,TRB,TRBV26,None,TRBJ2-1,None,True,False,CASSLHKFYAEQFF,TGTGCCAGCAGTCTGCACAAATTCTATGCTGAGCAGTTCTTC,1006,1,None,None
GACGTTACACTCGACG-1,False,GACGTTACACTCGACG-1_contig_1,False,568,TRB,TRBV12-2+TRBV13-2,None,TRBJ1-2,TRBC1,True,True,CASGGGTGNSDYTF,TGTGCCAGCGGTGGGGGGACAGGGAACTCCGACTACACCTTC,548,1,None,None
GACGTTACAGACGCTC-1,False,GACGTTACAGACGCTC-1_contig_1,False,567,TRB,TRBV12-2+TRBV13-2,None,TRBJ1-2,TRBC1,True,True,CASGGGTGNSDYTF,TGTGCCAGCGGTGGGGGGACAGGGAACTCCGACTACACCTTC,896,1,None,None
GACGTTACATCAGTAC-1,False,GACGTTACATCAGTAC-1_contig_1,False,626,TRB,TRBV12-2+TRBV13-2,None,TRBJ1-4,TRBC1,True,True,CASGDAPERLFF,TGTGCCAGCGGTGATGCTCCCGAAAGATTATTTTTC,1218,2,None,None
GACGTTAGTACAGCAG-1,False,GACGTTAGTACAGCAG-1_contig_1,False,566,TRA,TRAV3-3,None,TRAJ45,TRAC,True,True,CAVRNTEGADRLTF,TGCGCAGTCAGGAATACAGAAGGTGCAGATAGACTCACCTTT,1240,1,None,None
GACGTTAGTACAGCAG-1,False,GACGTTAGTACAGCAG-1_contig_2,False,784,TRB,None,None,TRBJ2-5,None,False,False,None,None,554,1,None,None
GACGTTAGTACATCCA-1,False,GACGTTAGTACATCCA-1_contig_1,False,568,TRB,TRBV12-2+TRBV13-2,None,TRBJ1-2,TRBC1,True,True,CASGGGTGNSDYTF,TGTGCCAGCGGTGGGGGGACAGGGAACTCCGACTACACCTTC,1052,1,None,None
GACGTTAGTACGACCC-1,False,GACGTTAGTACGACCC-1_contig_1,True,391,TRB,None,None,TRBJ2-7,None,False,False,None,None,4898,3,None,None
GACGTTAGTAGCAAAT-1,False,GACGTTAGTAGCAAAT-1_contig_1,False,543,TRA,TRAV19,None,TRAJ39,TRAC,True,True,CAAGGNNAGAKLTF,TGCGCAGCAGGTGGGAATAATGCAGGTGCCAAGCTCACATTC,11646,7,None,None
GACGTTAGTAGCAAAT-1,False,GACGTTAGTAGCAAAT-1_contig_2,False,601,TRB,TRBV12-2+TRBV13-2,None,TRBJ1-2,TRBC1,True,True,CASGGGTGNSDYTF,TGTGCCAGCGGTGGGGGGACAGGGAACTCCGACTACACCTTC,16056,16,None,None
GACGTTAGTAGCAAAT-1,False,GACGTTAGTAGCAAAT-1_contig_3,False,517,TRB,TRBV13-3,None,TRBJ1-2,TRBC1,True,True,CASGGQANSDYTF,TGTGCCAGCGGGGGACAAGCAAACTCCGACTACACCTTC,6054,7,None,None
GACGTTAGTAGCAAAT-1,False,GACGTTAGTAGCAAAT-1_contig_4,True,509,TRA,TRAV6-6,None,None,TRAC,False,False,None,None,5482,2,None,None
GACGTTAGTGCTCTTC-1,False,GACGTTAGTGCTCTTC-1_contig_1,False,382,TRB,None,None,TRBJ1-4,TRBC1,False,False,None,None,2234,1,None,None
GACGTTAGTTTACTCT-1,False,GACGTTAGTTTACTCT-1_contig_1,False,565,TRB,TRBV12-2+TRBV13-2,None,TRBJ1-5,TRBC1,True,True,CASGTGDNQAPLF,TGTGCCAGCGGTACCGGGGACAACCAGGCTCCGCTTTTT,1716,1,None,None
GACGTTATCAACTCTT-1,False,GACGTTATCAACTCTT-1_contig_1,False,564,TRB,TRBV12-2+TRBV13-2,None,TRBJ1-2,TRBC1,True,True,CASGGGTGNSDYTF,TGTGCCAGCGGTGGGGGGACAGGGAACTCCGACTACACCTTC,626,1,None,None
GACGTTATCACTCCTG-1,False,GACGTTATCACTCCTG-1_contig_1,False,502,TRB,TRBV13-1,None,TRBJ2-3,None,True,True,CASGDSAETLYF,TGTGCCAGCGGGGACAGTGCAGAAACGCTGTATTTT,670,1,None,None
GACGTTATCGGATGGA-1,False,GACGTTATCGGATGGA-1_contig_1,False,512,TRB,TRBV13-1,None,TRBJ2-4,None,True,True,CASSEGTNTLYF,TGTGCCAGCAGTGAAGGAACAAACACCTTGTACTTT,978,1,None,None
GACGTTATCGGATGGA-1,False,GACGTTATCGGATGGA-1_contig_2,False,508,TRB,TRBV5,None,TRBJ1-5,TRBC1,True,True,CASSHPGQNNQAPLF,TGTGCCAGCAGCCACCCGGGACAGAACAACCAGGCTCCGCTTTTT,2330,1,None,None
GACTAACAGTAGGTGC-1,False,GACTAACAGTAGGTGC-1_contig_1,False,605,TRB,TRBV12-2+TRBV13-2,None,TRBJ2-7,None,True,True,CASGAPYEQYF,TGTGCCAGCGGTGCCCCTTATGAACAGTACTTC,1374,2,None,None
GACTAACCAACCGCCA-1,False,GACTAACCAACCGCCA-1_contig_1,False,507,TRA,TRAV21-DV12,None,TRAJ42,TRAC,True,True,CILRVHGGSNAKLTF,TGTATCCTGAGAGTCCATGGAGGAAGCAATGCAAAGCTAACCTTC,1748,1,None,None
GACTAACCACATCTTT-1,False,GACTAACCACATCTTT-1_contig_1,False,578,TRB,TRBV13-1,None,TRBJ2-1,None,True,False,CASGGGDYAEQFF,TGTGCCAGCGGGGGGGGAGACTATGCTGAGCAGTTCTTC,2084,1,None,None
GACTAACCACCATGTA-1,False,GACTAACCACCATGTA-1_contig_1,False,515,TRB,TRBV13-1,None,TRBJ2-1,None,True,True,CASSGGDYAEQFF,TGTGCCAGCAGTGGGGGGGACTATGCTGAGCAGTTCTTC,1706,2,None,None
GACTAACCACTGTGTA-1,False,GACTAACCACTGTGTA-1_contig_1,False,532,TRA,TRAV19,None,TRAJ39,TRAC,True,True,CAAGGNNAGAKLTF,TGCGCAGCAGGTGGGAATAATGCAGGTGCCAAGCTCACATTC,4702,2,None,None
GACTAACCACTGTGTA-1,False,GACTAACCACTGTGTA-1_contig_2,False,572,TRB,TRBV12-2+TRBV13-2,None,TRBJ1-2,TRBC1,True,True,CASGGGTGNSDYTF,TGTGCCAGCGGTGGGGGGACAGGGAACTCCGACTACACCTTC,2728,2,None,None
GACTAACGTAACGCGA-1,False,GACTAACGTAACGCGA-1_contig_1,False,588,TRA,TRAV7-4,None,TRAJ33,TRAC,True,True,CAARDSNYQLIW,TGTGCAGCTAGGGATAGCAACTATCAGTTGATCTGG,2540,1,None,None
GACTAACGTCTCGTTC-1,False,GACTAACGTCTCGTTC-1_contig_1,False,365,TRB,None,None,TRBJ1-2,TRBC1,False,False,None,None,1908,1,None,None
GACTAACGTGTGACGA-1,False,GACTAACGTGTGACGA-1_contig_1,False,538,TRA,TRAV6D-5,None,TRAJ38,TRAC,True,False,CTTVFWDNVGDNSKLIW,TGTACTACTGTGTTCTGGGATAATGTTGGTGACAACAGTAAGCTGATTTGG,2770,1,None,None
GACTAACTCACAGTAC-1,False,GACTAACTCACAGTAC-1_contig_1,False,566,TRB,TRBV12-2+TRBV13-2,None,TRBJ1-2,TRBC1,True,True,CASGGGTGNSDYTF,TGTGCCAGCGGTGGGGGGACAGGGAACTCCGACTACACCTTC,2132,1,None,None
GACTAACTCACAGTAC-1,False,GACTAACTCACAGTAC-1_contig_2,False,541,TRA,TRAV8D-1,None,TRAJ30,TRAC,True,True,CATDTNAYKVIF,TGTGCTACTGACACAAATGCTTACAAAGTCATCTTT,1610,1,None,None
GACTAACTCTCGGACG-1,False,GACTAACTCTCGGACG-1_contig_1,False,507,TRA,TRAV21-DV12,None,TRAJ42,TRAC,True,True,CILRVHGGSNAKLTF,TGTATCCTGAGAGTCCATGGAGGAAGCAATGCAAAGCTAACCTTC,2322,1,None,None
GACTACAAGCAAATCA-1,False,GACTACAAGCAAATCA-1_contig_1,False,505,TRB,TRBV13-1,None,TRBJ2-5,None,True,True,CASSDGDDTQYF,TGTGCCAGCAGTGACGGGGACGACACCCAGTACTTT,2136,1,None,None
GACTACAAGGGCTTCC-1,False,GACTACAAGGGCTTCC-1_contig_1,False,515,TRA,TRAV19,None,TRAJ39,TRAC,True,True,CAAGGNNAGAKLTF,TGCGCAGCAGGTGGGAATAATGCAGGTGCCAAGCTCACATTC,2092,1,None,None
GACTACAAGTATCGAA-1,False,GACTACAAGTATCGAA-1_contig_1,False,590,TRA,TRAV8-1,None,TRAJ6,TRAC,True,True,CATDSTSGGNYKPTF,TGTGCTACTGATTCAACCTCAGGAGGAAACTACAAACCTACGTTT,2008,2,None,None
GACTACAAGTATCGAA-1,False,GACTACAAGTATCGAA-1_contig_2,False,508,TRB,TRBV13-1,None,TRBJ2-1,None,True,True,CASSGGDYAEQFF,TGTGCCAGCAGTGGGGGGGACTATGCTGAGCAGTTCTTC,782,1,None,None
GACTACAAGTATCGAA-1,False,GACTACAAGTATCGAA-1_contig_3,True,461,TRB,None,None,TRBJ1-2,TRBC1,False,False,None,None,1050,1,None,None
GACTACAAGTGGCACA-1,False,GACTACAAGTGGCACA-1_contig_1,False,303,TRB,None,None,TRBJ2-7,None,False,False,None,None,764,1,None,None
GACTACAAGTTTAGGA-1,False,GACTACAAGTTTAGGA-1_contig_1,False,549,TRB,TRBV16,None,TRBJ2-5,None,True,True,CASSWGGGQDTQYF,TGTGCAAGCAGCTGGGGGGGCGGGCAAGACACCCAGTACTTT,954,1,None,None
GACTACACACATTCGA-1,False,GACTACACACATTCGA-1_contig_1,False,446,TRA,TRAV19,None,TRAJ39,None,False,False,CAAGGN,TGCGCAGCAGGTGGGAAT,94,1,None,None
GACTACACAGTATAAG-1,False,GACTACACAGTATAAG-1_contig_1,False,559,TRB,TRBV12-2+TRBV13-2,None,TRBJ2-7,None,True,True,CASGVQGEQYF,TGTGCCAGCGGTGTTCAGGGAGAACAGTACTTC,1692,1,None,None
GACTACACATGATCCA-1,False,GACTACACATGATCCA-1_contig_1,False,511,TRB,TRBV13-1,None,TRBJ1-5,TRBC1,True,True,CASSDAYNNQAPLF,TGTGCCAGCAGTGACGCCTATAACAACCAGGCTCCGCTTTTT,1166,1,None,None
GACTACACATGTTGAC-1,False,GACTACACATGTTGAC-1_contig_1,False,526,TRA,TRAV14N-3,None,TRAJ6,TRAC,True,True,CAARTSGGNYKPTF,TGTGCAGCAAGAACCTCAGGAGGAAACTACAAACCTACGTTT,2256,1,None,None
GACTACAGTATAGGGC-1,False,GACTACAGTATAGGGC-1_contig_1,False,551,TRB,TRBV12-2+TRBV13-2,None,TRBJ2-3,None,True,True,CASGDAPPGEGTLYF,TGTGCCAGCGGTGATGCACCTCCAGGGGAGGGAACGCTGTATTTT,1752,1,None,None
GACTACAGTCAAACTC-1,False,GACTACAGTCAAACTC-1_contig_1,False,327,TRB,None,None,TRBJ2-7,None,False,False,None,None,3134,1,None,None
GACTACAGTCCGAATT-1,False,GACTACAGTCCGAATT-1_contig_1,False,566,TRB,TRBV12-2+TRBV13-2,None,TRBJ1-2,TRBC1,True,True,CASGGGTGNSDYTF,TGTGCCAGCGGTGGGGGGACAGGGAACTCCGACTACACCTTC,318,1,None,None
GACTACATCATCGATG-1,False,GACTACATCATCGATG-1_contig_1,False,565,TRA,TRAV3-3,None,TRAJ49,TRAC,True,False,CAVSGATGYQNFYF,TGCGCAGTCAGTGGGGCCACGGGTTACCAGAACTTCTATTTT,2836,1,None,None
GACTACATCCGTAGTA-1,False,GACTACATCCGTAGTA-1_contig_1,False,494,TRA,TRAV6D-5,None,TRAJ38,TRAC,True,False,CTTVFWDNVGDNSKLIW,TGTACTACTGTGTTCTGGGATAATGTTGGTGACAACAGTAAGCTGATTTGG,2588,1,None,None
GACTACATCTCCGGTT-1,False,GACTACATCTCCGGTT-1_contig_1,False,563,TRB,TRBV12-2+TRBV13-2,None,TRBJ1-5,TRBC1,True,True,CASGTGDNQAPLF,TGTGCCAGCGGTACAGGAGACAACCAGGCTCCGCTTTTT,1474,1,None,None
GACTGCGAGAAACCGC-1,False,GACTGCGAGAAACCGC-1_contig_1,False,524,TRB,TRBV16,None,TRBJ2-5,None,True,True,CASSFGGAPDTQYF,TGTGCAAGCAGCTTTGGGGGGGCGCCAGACACCCAGTACTTT,2026,1,None,None
GACTGCGAGACCCACC-1,False,GACTGCGAGACCCACC-1_contig_1,False,522,TRB,TRBV13-2,None,TRBJ1-2,TRBC1,True,True,CASGGGTGNSDYTF,TGTGCCAGCGGTGGGGGGACAGGGAACTCCGACTACACCTTC,898,1,None,None
GACTGCGAGAGACTAT-1,False,GACTGCGAGAGACTAT-1_contig_1,False,540,TRA,TRAV16,None,TRAJ57,TRAC,True,True,CAMREPQGGSAKLIF,TGTGCTATGAGAGAGCCTCAAGGAGGGTCTGCGAAGCTCATCTTT,5234,3,None,None
GACTGCGAGAGACTAT-1,False,GACTGCGAGAGACTAT-1_contig_2,False,532,TRA,TRAV13-4-DV7,None,TRAJ58,TRAC,True,True,CAPMQQGTGSKLSF,TGTGCTCCTATGCAGCAAGGCACTGGGTCTAAGCTGTCATTT,7040,5,None,None
GACTGCGAGAGACTAT-1,False,GACTGCGAGAGACTAT-1_contig_3,False,525,TRB,TRBV17,None,TRBJ2-5,None,True,True,CASSRKGVQDTQYF,TGTGCTAGCAGTAGAAAGGGGGTCCAAGACACCCAGTACTTT,12278,9,None,None
GACTGCGAGAGACTAT-1,False,GACTGCGAGAGACTAT-1_contig_4,False,534,TRA,TRAV8-1,None,TRAJ30,TRAC,True,True,CATDTNAYKVIF,TGTGCTACTGACACAAATGCTTACAAAGTCATCTTT,11856,9,None,None
GACTGCGAGAGACTAT-1,False,GACTGCGAGAGACTAT-1_contig_5,False,598,TRB,TRBV12-2+TRBV13-2,None,TRBJ1-5,TRBC1,True,True,CASGTGDNQAPLF,TGTGCCAGCGGTACAGGGGATAACCAGGCTCCGCTTTTT,14412,12,None,None
GACTGCGAGAGACTAT-1,False,GACTGCGAGAGACTAT-1_contig_6,False,823,TRB,None,None,TRBJ1-2,TRBC1,False,False,None,None,4728,4,None,None
GACTGCGAGAGACTAT-1,False,GACTGCGAGAGACTAT-1_contig_7,False,351,TRB,None,None,TRBJ2-7,None,False,False,None,None,4078,2,None,None
GACTGCGAGAGACTAT-1,False,GACTGCGAGAGACTAT-1_contig_8,False,374,TRB,None,None,TRBJ2-1,None,False,False,None,None,4582,3,None,None
GACTGCGAGATCTGCT-1,False,GACTGCGAGATCTGCT-1_contig_1,False,519,TRA,TRAV19,None,TRAJ39,TRAC,True,True,CAAGGNNAGAKLTF,TGCGCAGCAGGTGGGAATAATGCAGGTGCCAAGCTCACATTC,2490,1,None,None
GACTGCGAGTGAATTG-1,False,GACTGCGAGTGAATTG-1_contig_1,False,490,TRB,TRBV13-1,None,TRBJ2-1,None,True,True,CASSDNYAEQFF,TGTGCCAGCAGTGACAACTATGCTGAGCAGTTCTTC,1832,1,None,None
GACTGCGCAAACCCAT-1,False,GACTGCGCAAACCCAT-1_contig_1,False,526,TRA,TRAV19,None,TRAJ39,TRAC,True,True,CAAGGNNAGAKLTF,TGCGCAGCAGGTGGGAATAATGCAGGTGCCAAGCTCACATTC,958,1,None,None
GACTGCGCACGGTGTC-1,False,GACTGCGCACGGTGTC-1_contig_1,False,549,TRB,TRBV16,None,TRBJ2-5,None,True,True,CASSLGGGQDTQYF,TGTGCAAGCAGCTTAGGGGGGGGGCAAGACACCCAGTACTTT,1140,1,None,None
GACTGCGCACTAGTAC-1,False,GACTGCGCACTAGTAC-1_contig_1,False,560,TRB,TRBV12-2+TRBV13-2,None,TRBJ2-7,None,True,True,CASGVQGEQYF,TGTGCCAGCGGTGTTCAGGGAGAACAGTACTTC,1322,1,None,None
GACTGCGCACTAGTAC-1,False,GACTGCGCACTAGTAC-1_contig_2,False,537,TRA,TRAV10,None,TRAJ43,TRAC,True,True,CAAFNNNNAPRF,TGTGCAGCATTCAATAACAACAATGCCCCACGATTT,2970,1,None,None
GACTGCGCATACGCTA-1,False,GACTGCGCATACGCTA-1_contig_1,False,373,TRB,None,None,TRBJ2-5,None,False,False,None,None,478,1,None,None
GACTGCGCATAGAAAC-1,False,GACTGCGCATAGAAAC-1_contig_1,False,575,TRA,TRAV3D-3,None,TRAJ28,TRAC,True,False,CTSAQSVRGTGSNRLTF,TGTACTTCTGCGCAGTCAGTGAGGGGCACTGGGAGTAACAGGCTCACTTTT,908,1,None,None
GACTGCGCATTGGCGC-1,False,GACTGCGCATTGGCGC-1_contig_1,False,598,TRB,TRBV12-2+TRBV13-2,None,TRBJ2-7,None,True,True,CASGTGGDYEQYF,TGTGCCAGCGGGACTGGGGGGGACTATGAACAGTACTTC,1136,1,None,None
GACTGCGGTAAACACA-1,False,GACTGCGGTAAACACA-1_contig_1,False,500,TRB,TRBV5,None,TRBJ2-2,None,True,True,CASSTGQLYF,TGTGCCAGCAGCACCGGGCAGCTCTACTTT,1132,1,None,None
GACTGCGGTACAGACG-1,False,GACTGCGGTACAGACG-1_contig_1,False,569,TRB,TRBV12-2+TRBV13-2,None,TRBJ1-2,TRBC1,True,True,CASGGGTGNSDYTF,TGTGCCAGCGGTGGGGGGACAGGGAACTCCGACTACACCTTC,1666,1,None,None
GACTGCGGTACAGCAG-1,False,GACTGCGGTACAGCAG-1_contig_1,False,565,TRB,TRBV12-2+TRBV13-2,None,TRBJ1-5,TRBC1,True,True,CASGTGDNQAPLF,TGTGCCAGCGGAACAGGGGACAACCAGGCTCCGCTTTTT,1396,1,None,None
GACTGCGGTCGCATCG-1,False,GACTGCGGTCGCATCG-1_contig_1,False,329,TRB,None,None,TRBJ2-1,None,False,False,None,None,308,1,None,None
GACTGCGGTTACGCGC-1,False,GACTGCGGTTACGCGC-1_contig_1,False,916,TRB,TRBV12-2+TRBV13-2,None,TRBJ1-2,TRBC1,True,True,CASGGGTGNSDYTF,TGTGCCAGCGGTGGGGGGACAGGGAACTCCGACTACACCTTC,1566,2,None,None
GACTGCGGTTTGGCGC-1,False,GACTGCGGTTTGGCGC-1_contig_1,False,586,TRB,TRBV12-2+TRBV13-2,None,TRBJ1-5,TRBC1,True,True,CASGTGDNQAPLF,TGTGCCAGCGGGACAGGGGACAACCAGGCTCCGCTTTTT,718,1,None,None
GACTGCGTCACTCCTG-1,False,GACTGCGTCACTCCTG-1_contig_1,False,385,TRB,TRBV13-1,None,TRBJ2-3,None,True,False,CASGDSAETLYF,TGTGCCAGCGGGGACAGTGCAGAAACGCTGTATTTT,2836,1,None,None
GAGCAGAAGAGCAATT-1,False,GAGCAGAAGAGCAATT-1_contig_1,False,560,TRB,TRBV12-2+TRBV13-2,None,TRBJ1-5,TRBC1,True,True,CASGTGDNQAPLF,TGTGCCAGCGGGACAGGGGACAACCAGGCTCCGCTTTTT,1362,2,None,None
GAGCAGAAGATGGGTC-1,False,GAGCAGAAGATGGGTC-1_contig_1,True,555,TRA,TRAV3-3,None,TRAJ49,TRAC,True,True,CAVSGSTGYQNFYF,TGCGCAGTCAGTGGGAGCACGGGTTACCAGAACTTCTATTTT,1538,2,None,None
GAGCAGAAGATGGGTC-1,False,GAGCAGAAGATGGGTC-1_contig_2,True,365,TRB,None,None,TRBJ1-1,TRBC1,False,False,None,None,4136,2,None,None
GAGCAGAAGATGGGTC-1,False,GAGCAGAAGATGGGTC-1_contig_3,True,339,TRB,None,None,TRBJ1-2,TRBC1,False,False,None,None,3060,1,None,None
GAGCAGAAGGCATGGT-1,False,GAGCAGAAGGCATGGT-1_contig_1,False,512,TRB,TRBV13-2,None,TRBJ2-5,None,True,True,CASGVQGDTQYF,TGTGCCAGCGGTGTTCAGGGGGACACCCAGTACTTT,780,1,None,None
GAGCAGACAGCCTTTC-1,False,GAGCAGACAGCCTTTC-1_contig_1,False,512,TRB,TRBV13-1,None,TRBJ2-5,None,True,True,CASSDGDDTQYF,TGTGCCAGCAGTGACGGGGACGACACCCAGTACTTT,176,1,None,None
GAGCAGACAGCTGCAC-1,False,GAGCAGACAGCTGCAC-1_contig_1,False,566,TRA,TRAV16,None,TRAJ57,TRAC,True,True,CAMREPQGGSAKLIF,TGTGCTATGAGAGAGCCTCAAGGAGGGTCTGCGAAGCTCATCTTT,4978,5,None,None
GAGCAGACAGCTGCAC-1,False,GAGCAGACAGCTGCAC-1_contig_2,False,567,TRA,TRAV6-6,None,TRAJ24,TRAC,True,True,CAPLTTASLGKLQF,TGTGCTCCGTTGACAACTGCCAGTTTGGGGAAACTGCAGTTT,4688,6,None,None
GAGCAGACAGCTGCAC-1,False,GAGCAGACAGCTGCAC-1_contig_3,False,532,TRA,TRAV13-4-DV7,None,TRAJ58,TRAC,True,True,CAPMQQGTGSKLSF,TGTGCTCCTATGCAGCAAGGCACTGGGTCTAAGCTGTCATTT,7334,12,None,None
GAGCAGACAGCTGCAC-1,False,GAGCAGACAGCTGCAC-1_contig_4,False,512,TRB,TRBV13-1,None,TRBJ2-4,None,True,True,CASSEGTNTLYF,TGTGCCAGCAGTGAAGGAACAAACACCTTGTACTTT,18250,27,None,None
GAGCAGACAGCTGCAC-1,False,GAGCAGACAGCTGCAC-1_contig_5,False,525,TRB,TRBV17,None,TRBJ2-5,None,True,True,CASSRKGVQDTQYF,TGTGCTAGCAGTAGAAAGGGGGTCCAAGACACCCAGTACTTT,27170,32,None,None
GAGCAGACAGCTGCAC-1,False,GAGCAGACAGCTGCAC-1_contig_6,False,672,TRA,TRAV9D-2,None,TRAJ26,TRAC,True,True,CVLSRGNNYAQGLTF,TGTGTTCTGAGCAGGGGCAATAACTATGCCCAGGGATTAACCTTC,6894,7,None,None
GAGCAGACAGCTGCAC-1,False,GAGCAGACAGCTGCAC-1_contig_7,False,504,TRA,None,None,TRAJ18,TRAC,False,False,None,None,544,1,None,None
GAGCAGACAGCTGCAC-1,False,GAGCAGACAGCTGCAC-1_contig_8,False,312,TRB,None,None,TRBJ2-7,None,False,False,None,None,3964,5,None,None
GAGCAGACAGGACGTA-1,False,GAGCAGACAGGACGTA-1_contig_1,False,595,TRA,TRAV8-1,None,TRAJ34,TRAC,True,True,CATDVSNTNKVVF,TGTGCTACTGATGTTTCCAATACCAACAAAGTCGTCTTT,2084,1,None,None
GAGCAGACATATGAGA-1,False,GAGCAGACATATGAGA-1_contig_1,True,391,TRB,None,None,TRBJ2-1,None,False,False,None,None,8484,8,None,None
GAGCAGACATATGAGA-1,False,GAGCAGACATATGAGA-1_contig_2,True,398,TRB,None,None,TRBJ1-3,TRBC1,False,False,None,None,4524,4,None,None
GAGCAGACATATGAGA-1,False,GAGCAGACATATGAGA-1_contig_3,True,474,TRA,None,None,TRAJ58,TRAC,False,False,None,None,3238,3,None,None
GAGCAGAGTGCGGTAA-1,False,GAGCAGAGTGCGGTAA-1_contig_1,False,517,TRB,TRBV14,None,TRBJ2-7,None,True,True,CASSAGQNYEQYF,TGTGCCAGCAGTGCGGGACAAAACTATGAACAGTACTTC,1816,1,None,None
GAGCAGAGTTAGATGA-1,False,GAGCAGAGTTAGATGA-1_contig_1,False,574,TRA,TRAV8-1,None,TRAJ30,TRAC,True,True,CATDTNAYKVIF,TGTGCTACCGACACAAATGCTTACAAAGTCATCTTT,5604,3,None,None
GAGCAGAGTTAGATGA-1,False,GAGCAGAGTTAGATGA-1_contig_2,False,613,TRB,TRBV12-2+TRBV13-2,None,TRBJ1-5,TRBC1,True,True,CASGTGDNQAPLF,TGTGCCAGCGGGACAGGGGACAACCAGGCTCCGCTTTTT,1772,1,None,None
GAGCAGAGTTGACGTT-1,False,GAGCAGAGTTGACGTT-1_contig_1,False,510,TRA,TRAV10,None,TRAJ43,TRAC,True,True,CAAFNNNNAPRF,TGTGCAGCATTCAATAACAACAATGCCCCACGATTT,238,1,None,None
GAGCAGAGTTGGTTTG-1,False,GAGCAGAGTTGGTTTG-1_contig_1,False,560,TRA,TRAV4D-3,None,TRAJ27,TRAC,True,True,CAADGPNTGKLTF,TGTGCTGCGGACGGACCCAATACAGGCAAATTAACCTTT,2016,1,None,None
GAGCAGATCACGAAGG-1,False,GAGCAGATCACGAAGG-1_contig_1,False,562,TRA,TRAV6-6,None,TRAJ39,TRAC,True,True,CALGDWNNAGAKLTF,TGTGCTCTGGGTGATTGGAATAATGCAGGTGCCAAGCTCACATTC,3092,1,None,None
GAGCAGATCAGTACGT-1,False,GAGCAGATCAGTACGT-1_contig_1,False,549,TRA,TRAV8N-2,None,TRAJ13,TRAC,True,True,CATEDSGTYQRF,TGTGCTACTGAGGATTCTGGGACTTACCAGAGGTTT,1062,1,None,None
GAGCAGATCCTACAGA-1,False,GAGCAGATCCTACAGA-1_contig_1,False,525,TRA,TRAV7N-6,None,TRAJ30,TRAC,True,True,CAVVDTNAYKVIF,TGTGCAGTGGTTGACACAAATGCTTACAAAGTCATCTTT,1944,1,None,None
GAGCAGATCTCAAACG-1,False,GAGCAGATCTCAAACG-1_contig_1,False,545,TRB,TRBV12-2+TRBV13-2,None,TRBJ1-5,TRBC1,True,True,CASGTGDNQAPLF,TGTGCCAGCGGGACCGGGGACAACCAGGCTCCGCTTTTT,468,1,None,None
GAGGTGAAGACTTTCG-1,False,GAGGTGAAGACTTTCG-1_contig_1,False,565,TRB,TRBV12-2+TRBV13-2,None,TRBJ1-5,TRBC1,True,True,CASGTGDNQAPLF,TGTGCCAGCGGGACGGGGGACAACCAGGCTCCGCTTTTT,1882,1,None,None
GAGGTGAAGACTTTCG-1,False,GAGGTGAAGACTTTCG-1_contig_2,False,373,TRB,None,None,TRBJ1-6,TRBC1,False,False,None,None,398,1,None,None
GAGGTGAAGATGTTAG-1,False,GAGGTGAAGATGTTAG-1_contig_1,False,595,TRB,TRBV12-2+TRBV13-2,None,TRBJ1-5,TRBC1,True,True,CASGTGDNQAPLF,TGTGCCAGCGGGACGGGGGACAACCAGGCTCCGCTTTTT,1728,1,None,None
GAGGTGAAGCATCATC-1,False,GAGGTGAAGCATCATC-1_contig_1,False,564,TRB,TRBV12-2+TRBV13-2,None,TRBJ1-5,TRBC1,True,True,CASGTGDNQAPLF,TGTGCCAGCGGGACGGGGGACAACCAGGCTCCGCTTTTT,1586,1,None,None
GAGGTGAAGCCAGGAT-1,False,GAGGTGAAGCCAGGAT-1_contig_1,False,549,TRA,TRAV3-3,None,TRAJ31,TRAC,True,True,CAVSAGNNRIFF,TGCGCAGTCAGTGCAGGCAATAACAGAATCTTCTTT,2056,1,None,None
GAGGTGAAGCGATTCT-1,False,GAGGTGAAGCGATTCT-1_contig_1,False,553,TRA,TRAV19,None,TRAJ39,TRAC,True,True,CAAGGNNAGAKLTF,TGCGCAGCAGGTGGGAATAATGCAGGTGCCAAGCTCACATTC,2422,1,None,None
GAGGTGAAGCGATTCT-1,False,GAGGTGAAGCGATTCT-1_contig_2,False,369,TRB,None,None,TRBJ2-1,None,False,False,None,None,2972,1,None,None
GAGGTGAAGGCCCGTT-1,False,GAGGTGAAGGCCCGTT-1_contig_1,False,565,TRB,TRBV12-2+TRBV13-2,None,TRBJ1-2,TRBC1,True,True,CASGGGTGNSDYTF,TGTGCCAGCGGTGGGGGGACAGGGAACTCCGACTACACCTTC,1364,1,None,None
GAGGTGAAGGGCTTCC-1,False,GAGGTGAAGGGCTTCC-1_contig_1,False,541,TRA,TRAV8D-1,None,TRAJ30,TRAC,True,True,CATDTNAYKVIF,TGTGCTACTGACACAAATGCTTACAAAGTCATCTTT,628,1,None,None
GAGGTGAAGGGCTTCC-1,False,GAGGTGAAGGGCTTCC-1_contig_2,True,399,TRB,None,None,TRBJ2-7,None,False,False,None,None,2038,2,None,None
GAGGTGAAGGGTGTGT-1,False,GAGGTGAAGGGTGTGT-1_contig_1,False,512,TRB,TRBV13-1,None,TRBJ2-3,None,True,True,CASGDSAETLYF,TGTGCCAGCGGGGACAGTGCAGAAACGCTGTATTTT,1242,1,None,None
GAGGTGAAGGTAAACT-1,False,GAGGTGAAGGTAAACT-1_contig_1,False,519,TRA,TRAV19,None,TRAJ39,TRAC,True,True,CAAGGNNAGAKLTF,TGCGCAGCAGGTGGGAATAATGCAGGTGCCAAGCTCACATTC,1840,1,None,None
GAGGTGAAGTCAAGCG-1,False,GAGGTGAAGTCAAGCG-1_contig_1,False,569,TRB,TRBV12-2+TRBV13-2,None,TRBJ1-2,TRBC1,True,True,CASGGGTGNSDYTF,TGTGCCAGCGGTGGGGGGACAGGGAACTCCGACTACACCTTC,1412,1,None,None
GAGGTGAAGTTCGCAT-1,False,GAGGTGAAGTTCGCAT-1_contig_1,False,519,TRB,TRBV26,None,TRBJ2-1,None,True,True,CASSLHKFYAEQFF,TGTGCCAGCAGTCTGCACAAATTCTATGCTGAGCAGTTCTTC,2704,1,None,None
GAGGTGACAGACGCCT-1,False,GAGGTGACAGACGCCT-1_contig_1,False,571,TRB,TRBV12-2+TRBV13-2,None,TRBJ1-2,TRBC1,True,True,CASGGGTGNSDYTF,TGTGCCAGCGGTGGGGGGACAGGGAACTCCGACTACACCTTC,1782,1,None,None
GAGGTGAGTATGAAAC-1,False,GAGGTGAGTATGAAAC-1_contig_1,False,558,TRA,TRAV19,None,TRAJ39,TRAC,True,True,CAAGGNNAGAKLTF,TGCGCAGCAGGTGGGAATAATGCAGGTGCCAAGCTCACATTC,2212,1,None,None
GAGGTGAGTCATCCCT-1,False,GAGGTGAGTCATCCCT-1_contig_1,True,361,TRB,TRBV13-2,None,TRBJ2-1,None,True,False,CASGAGDYAEQFF,TGTGCCAGCGGTGCTGGGGACTATGCTGAGCAGTTCTTC,6000,4,None,None
GAGGTGAGTCCAACTA-1,False,GAGGTGAGTCCAACTA-1_contig_1,False,549,TRA,TRAV8N-2,None,TRAJ13,TRAC,True,True,CATEDSGTYQRF,TGTGCTACTGAGGATTCTGGGACTTACCAGAGGTTT,426,1,None,None
GAGGTGAGTCCAACTA-1,False,GAGGTGAGTCCAACTA-1_contig_2,True,474,TRB,TRBV12-2+TRBV13-2,None,None,None,False,False,None,None,1834,2,None,None
GAGGTGAGTCCAACTA-1,False,GAGGTGAGTCCAACTA-1_contig_3,True,333,TRB,None,None,TRBJ2-1,None,False,False,None,None,2746,1,None,None
GAGGTGAGTCCCTACT-1,False,GAGGTGAGTCCCTACT-1_contig_1,False,549,TRB,TRBV16,None,TRBJ2-5,None,True,True,CASSLGGGQDTQYF,TGTGCAAGCAGCTTAGGGGGGGGCCAAGACACCCAGTACTTT,1560,1,None,None
GAGGTGAGTCGAGTTT-1,False,GAGGTGAGTCGAGTTT-1_contig_1,False,515,TRB,TRBV13-1,None,TRBJ1-4,TRBC1,True,True,CASGTGANERLFF,TGTGCCAGCGGGACAGGGGCCAACGAAAGATTATTTTTC,1636,1,None,None
GAGGTGATCACTATTC-1,False,GAGGTGATCACTATTC-1_contig_1,False,515,TRA,TRAV19,None,TRAJ39,TRAC,True,True,CAAGGNNAGAKLTF,TGCGCAGCAGGTGGGAATAATGCAGGTGCCAAGCTCACATTC,2520,1,None,None
GAGGTGATCCCGACTT-1,False,GAGGTGATCCCGACTT-1_contig_1,False,505,TRB,TRBV13-1,None,TRBJ2-1,None,True,True,CASGGGDYAEQFF,TGTGCCAGCGGGGGGGGAGACTATGCTGAGCAGTTCTTC,1792,1,None,None
GAGTCCGAGCTACCTA-1,False,GAGTCCGAGCTACCTA-1_contig_1,False,536,TRA,TRAV3D-3,None,TRAJ28,TRAC,True,False,CTSAQSVRGTGSNRLTF,TGTACTTCTGCGCAGTCAGTGAGGGGCACTGGGAGTAACAGGCTCACTTTT,1584,1,None,None
GAGTCCGAGCTGATAA-1,False,GAGTCCGAGCTGATAA-1_contig_1,False,449,TRB,None,None,TRBJ1-2,TRBC1,False,False,None,None,1812,1,None,None
GAGTCCGAGGAGTACC-1,False,GAGTCCGAGGAGTACC-1_contig_1,False,555,TRA,TRAV3-3,None,TRAJ49,TRAC,True,True,CAVSGATGYQNFYF,TGCGCAGTCAGTGGGGCCACGGGTTACCAGAACTTCTATTTT,1764,1,None,None
GAGTCCGAGTGGAGTC-1,False,GAGTCCGAGTGGAGTC-1_contig_1,False,571,TRB,TRBV12-2+TRBV13-2,None,TRBJ1-2,TRBC1,True,True,CASGGGTGNSDYTF,TGTGCCAGCGGTGGGGGGACAGGGAACTCCGACTACACCTTC,1444,1,None,None
GAGTCCGAGTTCGATC-1,False,GAGTCCGAGTTCGATC-1_contig_1,False,516,TRA,TRAV6-6,None,TRAJ24,TRAC,True,True,CAPLTTASLGKLQF,TGTGCTCCGTTGACAACTGCCAGTTTGGGGAAACTGCAGTTT,4164,9,None,None
GAGTCCGAGTTCGATC-1,False,GAGTCCGAGTTCGATC-1_contig_2,False,556,TRA,TRAV19,None,TRAJ39,TRAC,True,True,CAAGGNNAGAKLTF,TGCGCAGCAGGTGGGAATAATGCAGGTGCCAAGCTCACATTC,6334,11,None,None
GAGTCCGAGTTCGATC-1,False,GAGTCCGAGTTCGATC-1_contig_3,False,505,TRB,TRBV13-1,None,TRBJ2-4,None,True,True,CASSEGTNTLYF,TGTGCCAGCAGTGAAGGAACAAACACCTTGTACTTT,13146,33,None,None
GAGTCCGAGTTCGATC-1,False,GAGTCCGAGTTCGATC-1_contig_4,False,632,TRB,TRBV12-2+TRBV13-2,None,TRBJ1-2,TRBC1,True,True,CASGGQANSDYTF,TGTGCCAGCGGTGGACAGGCAAACTCCGACTACACCTTC,22144,63,None,None
GAGTCCGAGTTCGATC-1,False,GAGTCCGAGTTCGATC-1_contig_5,True,541,TRB,None,None,TRBJ1-6,TRBC1,False,False,None,None,5978,13,None,None
GAGTCCGAGTTCGATC-1,False,GAGTCCGAGTTCGATC-1_contig_6,True,431,TRA,TRAV9D-2,None,TRAJ26,TRAC,True,False,CVLSRGNNYAQGLTF,TGTGTTCTGAGCAGGGGCAATAACTATGCCCAGGGATTAACCTTC,1308,3,None,None
GAGTCCGAGTTCGATC-1,False,GAGTCCGAGTTCGATC-1_contig_7,True,524,TRA,TRAV13-2,None,TRAJ31,TRAC,True,False,None,None,446,1,None,None
GAGTCCGAGTTCGATC-1,False,GAGTCCGAGTTCGATC-1_contig_8,True,332,TRB,None,None,TRBJ2-1,None,False,False,None,None,3728,12,None,None
GAGTCCGAGTTCGATC-1,False,GAGTCCGAGTTCGATC-1_contig_9,True,475,TRB,None,None,TRBJ1-6,TRBC1,False,False,None,None,17686,35,None,None
GAGTCCGCAAACTGTC-1,False,GAGTCCGCAAACTGTC-1_contig_1,False,565,TRB,TRBV12-2+TRBV13-2,None,TRBJ1-5,TRBC1,True,True,CASGTGDNQAPLF,TGTGCCAGCGGGACAGGGGACAACCAGGCTCCGCTTTTT,1018,1,None,None
GAGTCCGCAAATCCGT-1,False,GAGTCCGCAAATCCGT-1_contig_1,False,525,TRA,TRAV7N-6,None,TRAJ30,TRAC,True,True,CAVVDTNAYKVIF,TGTGCAGTGGTTGACACAAATGCTTACAAAGTCATCTTT,1062,1,None,None
GAGTCCGCACTGTGTA-1,False,GAGTCCGCACTGTGTA-1_contig_1,False,568,TRA,TRAV4D-3,None,TRAJ27,TRAC,True,True,CAADGPNTGKLTF,TGTGCTGCGGACGGACCCAATACAGGCAAATTAACCTTT,1622,1,None,None
GAGTCCGCAGCTGTTA-1,False,GAGTCCGCAGCTGTTA-1_contig_1,False,543,TRA,TRAV16N,None,TRAJ22,TRAC,True,True,CAMREGGSSGSWQLIF,TGTGCTATGAGAGAGGGAGGATCTTCTGGCAGCTGGCAACTCATCTTT,770,1,None,None
GAGTCCGCATACAGCT-1,False,GAGTCCGCATACAGCT-1_contig_1,False,541,TRA,TRAV19,None,TRAJ39,TRAC,True,True,CAAGGNNAGAKLTF,TGCGCAGCAGGTGGGAATAATGCAGGTGCCAAGCTCACATTC,444,1,None,None
GAGTCCGCATACAGCT-1,False,GAGTCCGCATACAGCT-1_contig_2,False,559,TRA,TRAV10N,None,TRAJ23,TRAC,True,True,CAASNRYNQGKLIF,TGTGCAGCAAGCAACCGGTATAACCAGGGGAAGCTTATCTTT,2102,1,None,None
GAGTCCGCATACAGCT-1,False,GAGTCCGCATACAGCT-1_contig_3,False,568,TRB,TRBV12-2+TRBV13-2,None,TRBJ1-2,TRBC1,True,True,CASGGGTGNSDYTF,TGTGCCAGCGGTGGGGGGACAGGGAACTCCGACTACACCTTC,864,3,None,None
GAGTCCGCATTCCTCG-1,False,GAGTCCGCATTCCTCG-1_contig_1,False,392,TRB,None,None,TRBJ2-5,None,False,False,None,None,2670,1,None,None
GAGTCCGGTAAACCTC-1,False,GAGTCCGGTAAACCTC-1_contig_1,False,554,TRA,TRAV3-3,None,TRAJ49,TRAC,True,True,CAVSGSTGYQNFYF,TGCGCAGTCAGTGGGAGCACGGGTTACCAGAACTTCTATTTT,1310,1,None,None
GAGTCCGGTAAGTGTA-1,False,GAGTCCGGTAAGTGTA-1_contig_1,False,567,TRB,TRBV12-2+TRBV13-2,None,TRBJ1-2,TRBC1,True,True,CASGGGTGNSDYTF,TGTGCCAGCGGTGGGGGGACAGGGAACTCCGACTACACCTTC,792,1,None,None
GAGTCCGGTACACCGC-1,False,GAGTCCGGTACACCGC-1_contig_1,False,558,TRB,TRBV12-2+TRBV13-2,None,TRBJ2-7,None,True,True,CASGAGGEQYF,TGTGCCAGCGGTGCTGGGGGGGAACAGTACTTC,890,1,None,None
GAGTCCGGTAGAGCTG-1,False,GAGTCCGGTAGAGCTG-1_contig_1,False,564,TRA,TRAV13D-2,None,TRAJ11,TRAC,True,True,CAIDLDSGYNKLTF,TGTGCTATAGATCTTGACTCGGGATACAACAAACTCACTTTT,618,1,None,None
GAGTCCGGTAGTGAAT-1,False,GAGTCCGGTAGTGAAT-1_contig_1,False,557,TRB,TRBV12-2+TRBV13-2,None,TRBJ2-7,None,True,True,CASGVQGEQYF,TGTGCCAGCGGTGTTCAGGGAGAACAGTACTTC,2368,2,None,None
GAGTCCGGTCCGAACC-1,False,GAGTCCGGTCCGAACC-1_contig_1,False,549,TRB,TRBV16,None,TRBJ2-5,None,True,True,CASSLGGGQDTQYF,TGTGCAAGCAGCTTAGGGGGGGGCCAAGACACCCAGTACTTT,1322,1,None,None
GAGTCCGGTCTACCTC-1,False,GAGTCCGGTCTACCTC-1_contig_1,False,525,TRA,TRAV7N-6,None,TRAJ30,TRAC,True,True,CAVVDTNAYKVIF,TGTGCAGTGGTTGACACAAATGCTTACAAAGTCATCTTT,1478,1,None,None
GAGTCCGGTTACAGAA-1,False,GAGTCCGGTTACAGAA-1_contig_1,False,551,TRB,TRBV12-2+TRBV13-2,None,TRBJ2-7,None,True,True,CASGAGGEQYF,TGTGCCAGCGGTGCTGGGGGGGAACAGTACTTC,1770,1,None,None
GAGTCCGGTTCTGGTA-1,False,GAGTCCGGTTCTGGTA-1_contig_1,False,525,TRB,TRBV17,None,TRBJ2-5,None,True,True,CASSRKGVQDTQYF,TGTGCTAGCAGTAGAAAGGGGGTCCAAGACACCCAGTACTTT,1184,1,None,None
GAGTCCGTCAACACCA-1,False,GAGTCCGTCAACACCA-1_contig_1,False,580,TRB,TRBV12-2+TRBV13-2,None,TRBJ1-5,TRBC1,True,True,CASGTGDNQAPLF,TGTGCCAGCGGGACAGGGGACAACCAGGCTCCGCTTTTT,1228,1,None,None
GAGTCCGTCAGCTTAG-1,False,GAGTCCGTCAGCTTAG-1_contig_1,False,561,TRB,TRBV12-2+TRBV13-2,None,TRBJ2-7,None,True,True,CASGVQGWEQYF,TGTGCCAGCGGTGTACAGGGGTGGGAACAGTACTTC,1474,1,None,None
GAGTCCGTCGTACGGC-1,False,GAGTCCGTCGTACGGC-1_contig_1,False,579,TRB,TRBV12-2+TRBV13-2,None,TRBJ1-2,TRBC1,True,True,CASGGGTGNSDYTF,TGTGCCAGCGGTGGGGGGACAGGGAACTCCGACTACACCTTC,1410,1,None,None
GATCAGTAGCTACCGC-1,False,GATCAGTAGCTACCGC-1_contig_1,False,516,TRA,TRAV6-6,None,TRAJ24,TRAC,True,True,CAPLTTASLGKLQF,TGTGCTCCGTTGACAACTGCCAGTTTGGGGAAACTGCAGTTT,2194,1,None,None
GATCAGTAGGCTACGA-1,False,GATCAGTAGGCTACGA-1_contig_1,False,558,TRB,TRBV12-2+TRBV13-2,None,TRBJ2-1,None,True,True,CASGGYAEQFF,TGTGCCAGCGGGGGCTATGCTGAGCAGTTCTTC,864,1,None,None
GATCAGTAGTCTCCTC-1,False,GATCAGTAGTCTCCTC-1_contig_1,False,549,TRB,TRBV16,None,TRBJ2-5,None,True,True,CASSLGGGQDTQYF,TGTGCAAGCAGCTTAGGGGGGGGGCAAGACACCCAGTACTTT,1452,1,None,None
GATCAGTCAACACCTA-1,False,GATCAGTCAACACCTA-1_contig_1,False,525,TRB,TRBV17,None,TRBJ2-5,None,True,True,CASSRKGVQDTQYF,TGTGCTAGCAGTAGAAAGGGGGTCCAAGACACCCAGTACTTT,1740,1,None,None
GATCAGTCAAGCCATT-1,False,GATCAGTCAAGCCATT-1_contig_1,False,549,TRB,TRBV16,None,TRBJ2-5,None,True,True,CSSSLGGGQDTQYF,TGTTCAAGCAGCCTAGGGGGGGGCCAAGACACCCAGTACTTT,158,1,None,None
GATCAGTCACGAAAGC-1,False,GATCAGTCACGAAAGC-1_contig_1,False,577,TRA,TRAV4D-3,None,TRAJ27,TRAC,True,True,CAADGPNTGKLTF,TGTGCTGCTGACGGGCCCAATACAGGCAAATTAACCTTT,938,1,None,None
GATCAGTCAGGGTATG-1,False,GATCAGTCAGGGTATG-1_contig_1,False,397,TRA,TRAV6-6,None,TRAJ24,TRAC,True,False,None,None,2630,1,None,None
GATCAGTGTCCGTGAC-1,False,GATCAGTGTCCGTGAC-1_contig_1,False,549,TRB,TRBV16,None,TRBJ2-5,None,True,True,CASSLGGGQDTQYF,TGTGCAAGCAGCTTAGGGGGGGGCCAAGACACCCAGTACTTT,1166,1,None,None
GATCAGTGTGTTTGGT-1,False,GATCAGTGTGTTTGGT-1_contig_1,False,332,TRB,None,None,TRBJ2-1,None,False,False,None,None,3112,1,None,None
GATCAGTTCAATAAGG-1,False,GATCAGTTCAATAAGG-1_contig_1,False,527,TRB,TRBV12-2+TRBV13-2,None,TRBJ1-5,TRBC1,True,True,CASGTGDNQAPLF,TGTGCCAGCGGGACAGGGGACAACCAGGCTCCGCTTTTT,220,2,None,None
GATCAGTTCACCCGAG-1,False,GATCAGTTCACCCGAG-1_contig_1,False,627,TRB,TRBV12-2+TRBV13-2,None,TRBJ1-5,TRBC1,True,True,CASGTGDNQAPLF,TGTGCCAGCGGGACCGGGGACAACCAGGCTCCGCTTTTT,426,1,None,None
GATCAGTTCACGATGT-1,False,GATCAGTTCACGATGT-1_contig_1,False,555,TRA,TRAV3-3,None,TRAJ49,TRAC,True,True,CAVSGSTGYQNFYF,TGCGCAGTCAGTGGGAGCACGGGTTACCAGAACTTCTATTTT,6752,7,None,None
GATCAGTTCACGATGT-1,False,GATCAGTTCACGATGT-1_contig_2,False,554,TRB,TRBV12-2+TRBV13-2,None,TRBJ2-7,None,True,True,CASGVQGWEQYF,TGTGCCAGCGGTGTACAGGGGTGGGAACAGTACTTC,4056,3,None,None
GATCAGTTCACTGGGC-1,False,GATCAGTTCACTGGGC-1_contig_1,False,560,TRB,TRBV12-2+TRBV13-2,None,TRBJ2-7,None,True,True,CASGVQGEQYF,TGTGCCAGCGGTGTTCAGGGAGAACAGTACTTC,1332,1,None,None
GATCAGTTCGCATGAT-1,False,GATCAGTTCGCATGAT-1_contig_1,False,507,TRA,TRAV21-DV12,None,TRAJ42,TRAC,True,True,CILRVHGGSNAKLTF,TGTATCCTGAGAGTCCATGGAGGAAGCAATGCAAAGCTAACCTTC,198,1,None,None
GATCAGTTCGTCTGCT-1,False,GATCAGTTCGTCTGCT-1_contig_1,False,558,TRA,TRAV19,None,TRAJ39,TRAC,True,True,CAAGGNNAGAKLTF,TGCGCAGCAGGTGGGAATAATGCAGGTGCCAAGCTCACATTC,3538,2,None,None
GATCAGTTCGTCTGCT-1,False,GATCAGTTCGTCTGCT-1_contig_10,False,334,TRB,None,None,TRBJ1-1,TRBC1,False,False,None,None,798,1,None,None
GATCAGTTCGTCTGCT-1,False,GATCAGTTCGTCTGCT-1_contig_2,False,653,TRA,TRAV14N-3,None,TRAJ6,TRAC,True,True,CAARTSGGNYKPTF,TGTGCAGCAAGAACCTCAGGAGGAAACTACAAACCTACGTTT,7330,7,None,None
GATCAGTTCGTCTGCT-1,False,GATCAGTTCGTCTGCT-1_contig_3,False,505,TRB,TRBV13-1,None,TRBJ2-4,None,True,True,CASSEGTNTLYF,TGTGCCAGCAGTGAAGGAACAAACACCTTGTACTTT,15292,15,None,None
GATCAGTTCGTCTGCT-1,False,GATCAGTTCGTCTGCT-1_contig_4,False,582,TRB,TRBV12-2+TRBV13-2,None,TRBJ2-7,None,True,True,CASGVQGWEQYF,TGTGCCAGCGGTGTACAGGGGTGGGAACAGTACTTC,13412,15,None,None
GATCAGTTCGTCTGCT-1,False,GATCAGTTCGTCTGCT-1_contig_5,False,772,TRB,TRBV12-2+TRBV13-2,None,TRBJ1-2,None,True,True,CASGGGTGNSDYTF,TGTGCCAGCGGTGGGGGGACAGGGAACTCCGACTACACCTTC,3830,4,None,None
GATCAGTTCGTCTGCT-1,False,GATCAGTTCGTCTGCT-1_contig_6,False,549,TRA,TRAV8N-2,None,TRAJ13,TRAC,True,True,CATEDSGTYQRF,TGTGCTACTGAGGATTCTGGGACTTACCAGAGGTTT,7302,9,None,None
GATCAGTTCGTCTGCT-1,False,GATCAGTTCGTCTGCT-1_contig_7,False,585,TRB,TRBV12-2+TRBV13-2,None,TRBJ2-7,None,True,True,CASGTGGDYEQYF,TGTGCCAGCGGGACTGGGGGGGACTATGAACAGTACTTC,15180,17,None,None
GATCAGTTCGTCTGCT-1,False,GATCAGTTCGTCTGCT-1_contig_8,False,507,TRA,TRAV6D-5,None,TRAJ38,TRAC,True,False,CTTVFWDNVGDNSKLIW,TGTACTACTGTGTTCTGGGATAATGTTGGTGACAACAGTAAGCTGATTTGG,2998,3,None,None
GATCAGTTCGTCTGCT-1,False,GATCAGTTCGTCTGCT-1_contig_9,False,322,TRB,None,None,TRBJ1-2,TRBC1,False,False,None,None,2032,1,None,None
GATCAGTTCTCGGACG-1,False,GATCAGTTCTCGGACG-1_contig_1,False,541,TRA,TRAV10,None,TRAJ43,TRAC,True,True,CAAFNNNNAPRF,TGTGCAGCATTCAATAACAACAATGCCCCACGATTT,2438,1,None,None
GATCAGTTCTCGGACG-1,False,GATCAGTTCTCGGACG-1_contig_2,False,353,TRB,None,None,TRBJ2-1,None,False,False,None,None,104,1,None,None
GATCAGTTCTGATTCT-1,False,GATCAGTTCTGATTCT-1_contig_1,False,563,TRB,TRBV12-2+TRBV13-2,None,TRBJ1-5,TRBC1,True,True,CASGTGDNQAPLF,TGTGCCAGCGGGACGGGGGACAACCAGGCTCCGCTTTTT,918,1,None,None
GATCGATAGAAGAAGC-1,False,GATCGATAGAAGAAGC-1_contig_1,False,547,TRA,TRAV8-1,None,TRAJ30,TRAC,True,True,CATDTNAYKVIF,TGTGCTACTGACACAAATGCTTACAAAGTCATCTTT,2124,1,None,None
GATCGATAGGAACTGC-1,False,GATCGATAGGAACTGC-1_contig_1,False,543,TRB,TRBV16,None,TRBJ2-7,None,True,True,CASSLGGGGDEQYF,TGTGCAAGCAGCTTAGGTGGGGGGGGCGATGAACAGTACTTC,1240,1,None,None
GATCGATAGGAACTGC-1,False,GATCGATAGGAACTGC-1_contig_2,False,505,TRB,TRBV13-1,None,TRBJ2-1,None,True,True,CASGGAYAEQFF,TGTGCCAGCGGGGGGGCGTATGCTGAGCAGTTCTTC,1296,1,None,None
GATCGATAGGAACTGC-1,False,GATCGATAGGAACTGC-1_contig_3,False,515,TRB,TRBV13-1,None,TRBJ2-1,None,True,True,CASGGGDYAEQFF,TGTGCCAGCGGGGGGGGAGACTATGCTGAGCAGTTCTTC,1654,1,None,None
GATCGATAGGCATGTG-1,False,GATCGATAGGCATGTG-1_contig_1,False,512,TRA,TRAV1,None,TRAJ12,TRAC,True,True,CAVRDRAGGYKVVF,TGTGCTGTGAGGGATCGGGCTGGAGGCTATAAAGTGGTCTTT,2256,1,None,None
GATCGATAGTGCTGCC-1,False,GATCGATAGTGCTGCC-1_contig_1,False,582,TRA,TRAV14N-3,None,TRAJ6,TRAC,True,True,CAARTSGGNYKPTF,TGTGCAGCAAGAACCTCAGGAGGAAACTACAAACCTACGTTT,5816,3,None,None
GATCGATAGTGCTGCC-1,False,GATCGATAGTGCTGCC-1_contig_2,False,608,TRA,TRAV8-1,None,TRAJ30,TRAC,True,True,CATDTNAYKVIF,TGTGCTACTGACACAAATGCTTACAAAGTCATCTTT,4098,2,None,None
GATCGATAGTGCTGCC-1,False,GATCGATAGTGCTGCC-1_contig_3,False,549,TRA,TRAV8N-2,None,TRAJ13,TRAC,True,True,CATEDSGTYQRF,TGTGCTACTGAGGATTCTGGGACTTACCAGAGGTTT,8544,5,None,None
GATCGATAGTGCTGCC-1,False,GATCGATAGTGCTGCC-1_contig_4,False,567,TRB,TRBV12-2+TRBV13-2,None,TRBJ1-5,TRBC1,True,True,CASGTGDNQAPLF,TGTGCCAGCGGGACAGGGGACAACCAGGCTCCGCTTTTT,15790,15,None,None
GATCGATAGTGCTGCC-1,False,GATCGATAGTGCTGCC-1_contig_5,False,567,TRB,TRBV12-2+TRBV13-2,None,TRBJ2-7,None,True,True,CASGTGGDYEQYF,TGTGCCAGCGGGACTGGGGGGGACTATGAACAGTACTTC,23130,24,None,None
GATCGATAGTGCTGCC-1,False,GATCGATAGTGCTGCC-1_contig_6,False,556,TRA,TRAV4-3,None,TRAJ23,TRAC,True,False,None,None,4936,3,None,None
GATCGATAGTGCTGCC-1,False,GATCGATAGTGCTGCC-1_contig_7,False,418,TRB,None,None,TRBJ2-1,None,False,False,None,None,8392,6,None,None
GATCGATCACAACGTT-1,False,GATCGATCACAACGTT-1_contig_1,False,478,TRB,TRBV13-1,None,TRBJ2-4,None,True,False,CASSEGTNTLYF,TGTGCCAGCAGTGAAGGAACAAACACCTTGTACTTT,1868,1,None,None
GATCGATGTAAAGTCA-1,False,GATCGATGTAAAGTCA-1_contig_1,False,549,TRB,TRBV16,None,TRBJ2-5,None,True,True,CASSFGGGQDTQYF,TGTGCAAGCAGCTTTGGGGGGGGCCAAGACACCCAGTACTTT,1064,1,None,None
GATCGATGTAGGACAC-1,False,GATCGATGTAGGACAC-1_contig_1,False,368,TRB,None,None,TRBJ1-6,TRBC1,False,False,None,None,2436,1,None,None
GATCGATGTAGGACAC-1,False,GATCGATGTAGGACAC-1_contig_2,False,507,TRB,TRBV13-1,None,TRBJ1-2,TRBC1,True,False,None,None,1246,1,None,None
GATCGATGTAGTGAAT-1,False,GATCGATGTAGTGAAT-1_contig_1,False,488,TRB,TRBV12-2+TRBV13-2,None,TRBJ1-5,None,True,True,CASGTGDNQAPLF,TGTGCCAGCGGGACGGGGGACAACCAGGCTCCGCTTTTT,450,2,None,None
GATCGATGTCAAGCGA-1,False,GATCGATGTCAAGCGA-1_contig_1,False,566,TRA,TRAV3-3,None,TRAJ49,TRAC,True,True,CAVSGATGYQNFYF,TGCGCAGTCAGTGGGGCCACGGGTTACCAGAACTTCTATTTT,668,1,None,None
GATCGATGTCCGTCAG-1,False,GATCGATGTCCGTCAG-1_contig_1,False,362,TRB,None,None,TRBJ2-1,None,False,False,None,None,2090,1,None,None
GATCGATGTGATGTGG-1,False,GATCGATGTGATGTGG-1_contig_1,False,473,TRB,TRBV13-1,None,TRBJ2-3,None,True,False,CASGDSAETLYF,TGTGCCAGCGGGGACAGTGCAGAAACGCTGTATTTT,1208,1,None,None
GATCGATGTTATCACG-1,False,GATCGATGTTATCACG-1_contig_1,False,455,TRB,TRBV16,None,TRBJ2-5,None,True,True,CASSPGGRGDTQYF,TGTGCAAGCAGCCCGGGGGGGCGCGGGGACACCCAGTACTTT,640,1,None,None
GATCGATGTTGTCGCG-1,False,GATCGATGTTGTCGCG-1_contig_1,False,549,TRB,TRBV13-2,None,TRBJ2-7,None,True,True,CASGVQGWEQYF,TGTGCCAGCGGTGTACAGGGGTGGGAACAGTACTTC,1074,1,None,None
GATCGATTCCGTCATC-1,False,GATCGATTCCGTCATC-1_contig_1,False,542,TRA,TRAV14-2,None,TRAJ49,TRAC,True,True,CAAQGYQNFYF,TGTGCAGCACAGGGTTACCAGAACTTCTATTTT,2180,1,None,None
GATCGATTCCTCATTA-1,False,GATCGATTCCTCATTA-1_contig_1,False,582,TRA,TRAV12D-1,None,TRAJ5,TRAC,True,True,CALSDQGVVGQLTF,TGTGCTCTGAGTGATCAAGGGGTTGTGGGGCAGCTCACTTTC,2466,1,None,None
GATCGCGAGAGATGAG-1,False,GATCGCGAGAGATGAG-1_contig_1,False,549,TRB,TRBV16,None,TRBJ2-7,None,True,True,CASSFGGGADEQYF,TGTGCAAGCAGCTTTGGTGGGGGGGCGGATGAACAGTACTTC,802,1,None,None
GATCGCGAGCGTAATA-1,False,GATCGCGAGCGTAATA-1_contig_1,False,582,TRB,TRBV12-2+TRBV13-2,None,TRBJ1-2,TRBC1,True,True,CASGGGTGNSDYTF,TGTGCCAGCGGTGGGGGGACAGGGAACTCCGACTACACCTTC,1358,1,None,None
GATCGCGAGGACAGCT-1,False,GATCGCGAGGACAGCT-1_contig_1,False,555,TRA,TRAV3-3,None,TRAJ49,TRAC,True,True,CAVSGSTGYQNFYF,TGCGCAGTCAGTGGGAGCACGGGTTACCAGAACTTCTATTTT,1604,1,None,None
GATCGCGAGGGTGTGT-1,False,GATCGCGAGGGTGTGT-1_contig_1,False,638,TRB,TRBV12-2+TRBV13-2,None,TRBJ1-2,TRBC1,True,True,CASGGGTGNSDYTF,TGTGCCAGCGGTGGGGGGACAGGGAACTCCGACTACACCTTC,2388,2,None,None
GATCGCGAGTGAACGC-1,False,GATCGCGAGTGAACGC-1_contig_1,False,588,TRB,TRBV12-2+TRBV13-2,None,TRBJ2-7,None,True,True,CASGVQGEQYF,TGTGCCAGCGGTGTTCAGGGAGAACAGTACTTC,1086,1,None,None
GATCGCGCAACCGCCA-1,False,GATCGCGCAACCGCCA-1_contig_1,False,541,TRA,TRAV8D-1,None,TRAJ30,TRAC,True,True,CATDTNAYKVIF,TGTGCTACTGACACAAATGCTTACAAAGTCATCTTT,2302,1,None,None
GATCGCGCAAGTAATG-1,False,GATCGCGCAAGTAATG-1_contig_1,False,566,TRB,TRBV12-2+TRBV13-2,None,TRBJ2-5,None,True,True,CASGVQGDTQYF,TGTGCCAGCGGTGTTCAGGGGGACACCCAGTACTTT,986,1,None,None
GATCGCGCACTTACGA-1,False,GATCGCGCACTTACGA-1_contig_1,False,566,TRB,TRBV12-2+TRBV13-2,None,TRBJ1-2,TRBC1,True,True,CASGGGTGNSDYTF,TGTGCCAGCGGTGGGGGGACAGGGAACTCCGACTACACCTTC,816,1,None,None
GATCGCGCATCCAACA-1,False,GATCGCGCATCCAACA-1_contig_1,False,396,TRB,None,None,TRBJ1-3,TRBC1,False,False,None,None,2556,1,None,None
GATCGCGCATTGTGCA-1,False,GATCGCGCATTGTGCA-1_contig_1,False,560,TRA,TRAV4D-3,None,TRAJ27,TRAC,True,True,CAADGPNTGKLTF,TGTGCTGCGGACGGACCCAATACAGGCAAATTAACCTTT,1200,1,None,None
GATCGCGGTACCGGCT-1,False,GATCGCGGTACCGGCT-1_contig_1,False,512,TRB,TRBV26,None,TRBJ1-1,TRBC1,True,True,CASSRGNTEVFF,TGTGCCAGCAGCCGCGGAAACACAGAAGTCTTCTTT,2382,1,None,None
GATCGCGGTACCGGCT-1,False,GATCGCGGTACCGGCT-1_contig_2,True,542,TRA,TRAV8-1,None,TRAJ49,TRAC,True,True,CATDAGGYQNFYF,TGTGCTACTGATGCGGGGGGTTACCAGAACTTCTATTTT,1982,2,None,None
GATCGCGGTACCGGCT-1,False,GATCGCGGTACCGGCT-1_contig_3,True,379,TRA,TRAV14-3,None,TRAJ44,TRAC,True,False,CAASEGWQWWKTHF,TGTGCAGCAAGTGAAGGCTGGCAGTGGTGGAAAACTCACTTT,1802,1,None,None
GATCGCGGTACCGGCT-1,False,GATCGCGGTACCGGCT-1_contig_4,True,430,TRB,None,None,TRBJ2-1,None,False,False,None,None,2916,1,None,None
GATCGCGGTAGCTAAA-1,False,GATCGCGGTAGCTAAA-1_contig_1,False,357,TRB,None,None,TRBJ2-7,None,False,False,None,None,1654,1,None,None
GATCGCGGTCGAAAGC-1,False,GATCGCGGTCGAAAGC-1_contig_1,False,541,TRA,TRAV3-3,None,TRAJ49,TRAC,True,True,CAVSGATGYQNFYF,TGCGCAGTCAGTGGGGCCACGGGTTACCAGAACTTCTATTTT,1658,1,None,None
GATCGCGGTCGAATCT-1,False,GATCGCGGTCGAATCT-1_contig_1,False,577,TRA,TRAV14-1,None,TRAJ45,TRAC,True,True,CAASLYTEGADRLTF,TGTGCAGCAAGTCTTTATACAGAAGGTGCAGATAGACTCACCTTT,1362,1,None,None
GATCGCGGTGCGATAG-1,False,GATCGCGGTGCGATAG-1_contig_1,False,505,TRB,TRBV13-1,None,TRBJ2-5,None,True,True,CASSDGDDTQYF,TGTGCCAGCAGTGACGGGGACGACACCCAGTACTTT,2172,1,None,None
GATCGCGGTTAAGAAC-1,False,GATCGCGGTTAAGAAC-1_contig_1,False,529,TRB,TRBV16,None,TRBJ2-5,None,True,True,CASSLGGGQDTQYF,TGTGCAAGCAGCTTAGGGGGGGGCCAAGACACCCAGTACTTT,1034,1,None,None
GATCGCGTCACATGCA-1,False,GATCGCGTCACATGCA-1_contig_1,False,539,TRA,TRAV19,None,TRAJ39,TRAC,True,True,CAAGGNNAGAKLTF,TGCGCAGCAGGTGGGAATAATGCAGGTGCCAAGCTCACATTC,1950,2,None,None
GATCGCGTCACATGCA-1,False,GATCGCGTCACATGCA-1_contig_2,False,564,TRB,TRBV12-2+TRBV13-2,None,TRBJ1-2,TRBC1,True,True,CASGGGTGNSDYTF,TGTGCCAGCGGTGGGGGGACAGGGAACTCCGACTACACCTTC,2034,2,None,None
GATCGCGTCACTTATC-1,False,GATCGCGTCACTTATC-1_contig_1,False,565,TRB,TRBV12-2+TRBV13-2,None,TRBJ1-2,TRBC1,True,True,CASGGGTGNSDYTF,TGTGCCAGCGGTGGGGGGACAGGGAACTCCGACTACACCTTC,1092,1,None,None
GATCGCGTCCAAACAC-1,False,GATCGCGTCCAAACAC-1_contig_1,False,632,TRB,TRBV12-2+TRBV13-2,None,TRBJ1-2,TRBC1,True,True,CASGGGTGNSDYTF,TGTGCCAGCGGTGGGGGGACAGGGAACTCCGACTACACCTTC,2092,2,None,None
GATCGCGTCCGATATG-1,False,GATCGCGTCCGATATG-1_contig_1,False,537,TRA,TRAV3D-3,None,TRAJ26,TRAC,True,True,CAVSGNNYAQGLTF,TGCGCAGTCAGTGGGAATAACTATGCCCAGGGATTAACCTTC,11768,10,None,None
GATCGCGTCCGATATG-1,False,GATCGCGTCCGATATG-1_contig_2,False,641,TRA,TRAV17,None,TRAJ58,TRAC,True,True,CALEEQGTGSKLSF,TGTGCACTGGAGGAGCAAGGCACTGGGTCTAAGCTGTCATTT,5510,6,None,None
GATCGCGTCCGATATG-1,False,GATCGCGTCCGATATG-1_contig_3,False,654,TRA,TRAV14-3,None,TRAJ57,TRAC,True,True,CAASSNQGGSAKLIF,TGTGCAGCAAGTTCGAATCAAGGAGGGTCTGCGAAGCTCATCTTT,16382,13,None,None
GATCGCGTCCGATATG-1,False,GATCGCGTCCGATATG-1_contig_4,False,545,TRB,TRBV13-2,None,TRBJ2-7,None,True,True,CASGLGDSYEQYF,TGTGCCAGCGGTCTGGGGGACTCCTATGAACAGTACTTC,16704,13,None,None
GATCGCGTCCGATATG-1,False,GATCGCGTCCGATATG-1_contig_5,False,575,TRB,TRBV12-2+TRBV13-2,None,TRBJ1-3,TRBC1,True,True,CASGGGPGNTLYF,TGTGCCAGCGGTGGGGGGCCTGGAAATACGCTCTATTTT,10280,12,None,None
GATCGCGTCCGATATG-1,False,GATCGCGTCCGATATG-1_contig_6,False,555,TRA,TRAV13D-2,None,TRAJ30,TRAC,True,False,None,None,2680,3,None,None
GATCGCGTCCGATATG-1,False,GATCGCGTCCGATATG-1_contig_7,False,580,TRB,None,None,TRBJ2-1,None,False,False,None,None,5238,4,None,None
GATCGCGTCCGATATG-1,False,GATCGCGTCCGATATG-1_contig_8,False,308,TRB,None,None,TRBJ2-1,None,False,False,None,None,7374,6,None,None
GATCGCGTCCGCATCT-1,False,GATCGCGTCCGCATCT-1_contig_1,False,325,TRB,None,None,TRBJ2-3,None,False,False,None,None,1694,1,None,None
GATCGCGTCCTTTCGG-1,False,GATCGCGTCCTTTCGG-1_contig_1,False,511,TRA,TRAV6N-6,None,TRAJ2,TRAC,True,True,CALYTGGLSGKLTF,TGCGCTCTGTATACTGGAGGACTAAGTGGTAAATTAACATTC,1406,1,None,None
GATCGCGTCGCCTGTT-1,False,GATCGCGTCGCCTGTT-1_contig_1,False,564,TRB,TRBV12-2+TRBV13-2,None,TRBJ1-2,TRBC1,True,True,CASGGGTGNSDYTF,TGTGCCAGCGGTGGGGGGACAGGGAACTCCGACTACACCTTC,714,1,None,None
GATCGTAAGAGCCTAG-1,False,GATCGTAAGAGCCTAG-1_contig_1,False,526,TRA,TRAV6D-5,None,TRAJ38,TRAC,True,False,CTTVFWDNVGDNSKLIW,TGTACTACTGTGTTCTGGGATAATGTTGGTGACAACAGTAAGCTGATTTGG,1100,1,None,None
GATCGTAAGGCGACAT-1,False,GATCGTAAGGCGACAT-1_contig_1,False,571,TRA,TRAV4D-3,None,TRAJ27,TRAC,True,True,CAADGPNTGKLTF,TGTGCTGCGGACGGACCCAATACAGGCAAATTAACCTTT,1512,1,None,None
GATCGTAAGTCTCGGC-1,False,GATCGTAAGTCTCGGC-1_contig_1,False,515,TRB,TRBV13-1,None,TRBJ2-1,None,True,True,CASGGGDYAEQFF,TGTGCCAGCGGGGGGGGAGACTATGCTGAGCAGTTCTTC,1988,1,None,None
GATCGTAAGTGAACAT-1,False,GATCGTAAGTGAACAT-1_contig_1,False,505,TRB,TRBV13-1,None,TRBJ2-3,None,True,True,CASGDSAETLYF,TGTGCCAGCGGGGACAGTGCAGAAACGCTGTATTTT,1648,2,None,None
GATCGTACACAAGACG-1,False,GATCGTACACAAGACG-1_contig_1,False,549,TRB,TRBV16,None,TRBJ2-7,None,True,True,CASSFGGGADEQYF,TGTGCAAGCAGCTTTGGTGGGGGGGCGGATGAACAGTACTTC,578,1,None,None
GATCGTACACAAGACG-1,False,GATCGTACACAAGACG-1_contig_2,False,549,TRA,TRAV8N-2,None,TRAJ13,TRAC,True,True,CATEDSGTYQRF,TGTGCTACTGAGGATTCTGGGACTTACCAGAGGTTT,1204,1,None,None
GATCGTAGTACTCAAC-1,False,GATCGTAGTACTCAAC-1_contig_1,False,549,TRB,TRBV16,None,TRBJ2-5,None,True,True,CASSFGGAPDTQYF,TGTGCAAGCAGCTTTGGGGGGGCGCCAGACACCCAGTACTTT,1372,1,None,None
GATCGTAGTACTCAAC-1,False,GATCGTAGTACTCAAC-1_contig_2,False,559,TRA,TRAV4D-4,None,TRAJ45,TRAC,True,True,CAAYTEGADRLTF,TGTGCTGCCTATACAGAAGGTGCAGATAGACTCACCTTT,750,1,None,None
GATCGTAGTGCGAAAC-1,False,GATCGTAGTGCGAAAC-1_contig_1,False,549,TRA,TRAV8-1,None,TRAJ34,TRAC,True,True,CATDVSNTNKVVF,TGTGCTACTGATGTTTCCAATACCAACAAAGTCGTCTTT,2230,2,None,None
GATCGTAGTGCGAAAC-1,False,GATCGTAGTGCGAAAC-1_contig_2,False,517,TRA,TRAV6-6,None,TRAJ24,TRAC,True,True,CAPLTTASLGKLQF,TGTGCTCCGTTGACAACTGCCAGTTTGGGGAAACTGCAGTTT,2610,2,None,None
GATCGTAGTGCGAAAC-1,False,GATCGTAGTGCGAAAC-1_contig_3,False,505,TRB,TRBV13-1,None,TRBJ2-4,None,True,True,CASSEGTNTLYF,TGTGCCAGCAGTGAAGGAACAAACACCTTGTACTTT,9020,6,None,None
GATCGTAGTGCGAAAC-1,False,GATCGTAGTGCGAAAC-1_contig_4,False,722,TRA,TRAV9D-2,None,TRAJ26,TRAC,True,True,CVLSRGNNYAQGLTF,TGTGTTCTGAGCAGGGGCAATAACTATGCCCAGGGATTAACCTTC,3540,4,None,None
GATCGTAGTGCGAAAC-1,False,GATCGTAGTGCGAAAC-1_contig_5,False,600,TRB,TRBV12-2+TRBV13-2,None,TRBJ1-5,TRBC1,True,True,CASGTGDNQAPLF,TGTGCCAGCGGGACAGGGGACAACCAGGCTCCGCTTTTT,12884,12,None,None
GATCGTAGTGCGAAAC-1,False,GATCGTAGTGCGAAAC-1_contig_6,False,391,TRB,None,None,TRBJ2-7,None,False,False,None,None,11002,9,None,None
GATCGTAGTTCCCTTG-1,False,GATCGTAGTTCCCTTG-1_contig_1,False,556,TRA,TRAV19,None,TRAJ39,TRAC,True,True,CAAGGNNAGAKLTF,TGCGCAGCAGGTGGGAATAATGCAGGTGCCAAGCTCACATTC,1834,1,None,None
GATCGTAGTTCGCTAA-1,False,GATCGTAGTTCGCTAA-1_contig_1,False,529,TRB,TRBV13-3,None,TRBJ1-3,TRBC1,True,True,CASSEHPLSGNTLYF,TGTGCCAGCAGTGAGCACCCCCTTTCTGGAAATACGCTCTATTTT,3478,2,None,None
GATCGTATCAAGATCC-1,False,GATCGTATCAAGATCC-1_contig_1,False,568,TRB,TRBV12-2+TRBV13-2,None,TRBJ1-2,TRBC1,True,True,CASGGGTGNSDYTF,TGTGCCAGCGGTGGGGGGACAGGGAACTCCGACTACACCTTC,1596,1,None,None
GATCGTATCAGTTGAC-1,False,GATCGTATCAGTTGAC-1_contig_1,False,559,TRB,TRBV12-2+TRBV13-2,None,TRBJ1-2,TRBC1,True,True,CASGGGTGNSDYTF,TGTGCCAGCGGTGGGGGGACAGGGAACTCCGACTACACCTTC,1160,1,None,None
GATCGTATCGCTAGCG-1,False,GATCGTATCGCTAGCG-1_contig_1,False,547,TRA,TRAV8-1,None,TRAJ30,TRAC,True,True,CATDTNAYKVIF,TGTGCTACTGACACAAATGCTTACAAAGTCATCTTT,1306,1,None,None
GATCGTATCTTTAGTC-1,False,GATCGTATCTTTAGTC-1_contig_1,False,565,TRB,TRBV12-2+TRBV13-2,None,TRBJ1-2,TRBC1,True,True,CASGGGTGNSDYTF,TGTGCCAGCGGTGGGGGGACAGGGAACTCCGACTACACCTTC,1158,1,None,None
GATCTAGAGCTAACAA-1,False,GATCTAGAGCTAACAA-1_contig_1,False,561,TRB,TRBV12-2+TRBV13-2,None,TRBJ2-7,None,True,True,CASGTGDEQYF,TGTGCCAGCGGGACAGGGGATGAACAGTACTTC,1258,1,None,None
GATCTAGAGGATTCGG-1,False,GATCTAGAGGATTCGG-1_contig_1,False,505,TRB,TRBV13-1,None,TRBJ2-3,None,True,True,CASGDSAETLYF,TGTGCCAGCGGGGACAGTGCAGAAACGCTGTATTTT,440,1,None,None
GATCTAGCAAACTGCT-1,False,GATCTAGCAAACTGCT-1_contig_1,False,537,TRA,TRAV3-3,None,TRAJ49,TRAC,True,True,CAVSGSTGYQNFYF,TGCGCAGTCAGTGGGAGCACGGGTTACCAGAACTTCTATTTT,2044,1,None,None
GATCTAGCAAGACGTG-1,False,GATCTAGCAAGACGTG-1_contig_1,False,545,TRB,TRBV12-2+TRBV13-2,None,TRBJ1-5,TRBC1,True,True,CASGTGDNQAPLF,TGTGCCAGCGGGACAGGGGACAACCAGGCTCCGCTTTTT,2218,3,None,None
GATCTAGCAAGCGAGT-1,False,GATCTAGCAAGCGAGT-1_contig_1,False,555,TRA,TRAV7-3,None,TRAJ38,TRAC,True,True,CAVSAANVGDNSKLIW,TGTGCAGTGAGCGCGGCGAATGTTGGTGACAACAGTAAGCTGATTTGG,4412,3,None,None
GATCTAGCAAGCGAGT-1,False,GATCTAGCAAGCGAGT-1_contig_2,False,641,TRB,TRBV12-2+TRBV13-2,None,TRBJ1-2,TRBC1,True,True,CASGGGTGNSDYTF,TGTGCCAGCGGTGGGGGGACAGGGAACTCCGACTACACCTTC,1464,1,None,None
GATCTAGCAGACTCGC-1,False,GATCTAGCAGACTCGC-1_contig_1,False,568,TRB,TRBV12-2+TRBV13-2,None,TRBJ1-2,TRBC1,True,True,CASGGGTGNSDYTF,TGTGCCAGCGGTGGGGGGACAGGGAACTCCGACTACACCTTC,2704,2,None,None
GATCTAGCATCTGGTA-1,False,GATCTAGCATCTGGTA-1_contig_1,False,532,TRB,TRBV13-2,None,TRBJ2-7,None,True,True,CASGVQGEQYF,TGTGCCAGCGGTGTTCAGGGAGAACAGTACTTC,1892,1,None,None
GATCTAGCATGTCGAT-1,False,GATCTAGCATGTCGAT-1_contig_1,False,567,TRB,TRBV12-2+TRBV13-2,None,TRBJ1-2,TRBC1,True,True,CASGGGTGNSDYTF,TGTGCCAGCGGTGGGGGGACAGGGAACTCCGACTACACCTTC,1266,1,None,None
GATCTAGGTAGCAAAT-1,False,GATCTAGGTAGCAAAT-1_contig_1,False,343,TRA,TRAV9N-4,None,TRAJ26,TRAC,True,False,CALNYAQGLTF,TGTGCTCTCAACTATGCCCAGGGATTAACCTTC,92,1,None,None
GATCTAGGTAGCAAAT-1,False,GATCTAGGTAGCAAAT-1_contig_2,False,392,TRB,TRBV31,None,TRBJ2-7,None,True,False,None,None,2720,1,None,None
GATCTAGGTCATATGC-1,False,GATCTAGGTCATATGC-1_contig_1,False,549,TRB,TRBV16,None,TRBJ2-7,None,True,True,CASSFGGGADEQYF,TGTGCAAGCAGCTTTGGTGGGGGGGCGGATGAACAGTACTTC,1662,1,None,None
GATCTAGGTCTAGAGG-1,False,GATCTAGGTCTAGAGG-1_contig_1,False,565,TRB,TRBV12-2+TRBV13-2,None,TRBJ1-2,TRBC1,True,True,CASGGGTGNSDYTF,TGTGCCAGCGGTGGGGGGACAGGGAACTCCGACTACACCTTC,1308,1,None,None
GATCTAGGTGACAAAT-1,False,GATCTAGGTGACAAAT-1_contig_1,False,511,TRA,TRAV7D-5,None,TRAJ6,TRAC,True,True,CAVSPTSGGNYKPTF,TGTGCAGTGAGCCCTACCTCAGGAGGAAACTACAAACCTACGTTT,3054,1,None,None
GATCTAGGTGCATCTA-1,False,GATCTAGGTGCATCTA-1_contig_1,False,527,TRB,TRBV15,None,TRBJ1-3,TRBC1,True,True,CASSLNRGSSGNTLYF,TGTGCCAGCAGTTTAAACAGGGGGAGTTCTGGAAATACGCTCTATTTT,2732,1,None,None
GATCTAGGTGGTACAG-1,False,GATCTAGGTGGTACAG-1_contig_1,False,519,TRA,TRAV11,None,TRAJ11,TRAC,True,False,CVVDSGYNKLTF,TGTGTGGTGGACTCGGGATACAACAAACTCACTTTT,2394,1,None,None
GATCTAGGTTCGGCAC-1,False,GATCTAGGTTCGGCAC-1_contig_1,False,572,TRB,TRBV12-2+TRBV13-2,None,TRBJ1-2,TRBC1,True,True,CASGGGTGNSDYTF,TGTGCCAGCGGTGGGGGGACAGGGAACTCCGACTACACCTTC,616,1,None,None
GATCTAGTCACATACG-1,False,GATCTAGTCACATACG-1_contig_1,False,557,TRB,TRBV12-2+TRBV13-2,None,TRBJ1-5,TRBC1,True,True,CASGTGDNQAPLF,TGTGCCAGCGGGACAGGGGACAACCAGGCTCCGCTTTTT,1152,1,None,None
GATCTAGTCACGCGGT-1,False,GATCTAGTCACGCGGT-1_contig_1,False,517,TRB,TRBV12-2+TRBV13-2,None,TRBJ1-5,None,True,True,CASGTGDNQAPLF,TGTGCCAGCGGGACAGGGGACAACCAGGCTCCGCTTTTT,130,1,None,None
GATCTAGTCAGTCAGT-1,False,GATCTAGTCAGTCAGT-1_contig_1,False,577,TRB,None,None,TRBJ1-2,TRBC1,False,False,None,None,148,2,None,None
GATCTAGTCCCGGATG-1,False,GATCTAGTCCCGGATG-1_contig_1,False,378,TRB,None,None,TRBJ1-6,TRBC1,False,False,None,None,1306,1,None,None
GATCTAGTCTCAAACG-1,False,GATCTAGTCTCAAACG-1_contig_1,False,456,TRB,None,None,TRBJ2-7,None,False,False,None,None,2284,1,None,None
GATGAAAAGTAATCCC-1,False,GATGAAAAGTAATCCC-1_contig_1,False,556,TRA,TRAV19,None,TRAJ39,TRAC,True,True,CAAGGNNAGAKLTF,TGCGCAGCAGGTGGGAATAATGCAGGTGCCAAGCTCACATTC,1744,1,None,None
GATGAAAAGTAATCCC-1,False,GATGAAAAGTAATCCC-1_contig_2,False,568,TRB,TRBV12-2+TRBV13-2,None,TRBJ1-2,TRBC1,True,True,CASGGGTGNSDYTF,TGTGCCAGCGGTGGGGGGACAGGGAACTCCGACTACACCTTC,1446,1,None,None
GATGAAACACGAAGCA-1,False,GATGAAACACGAAGCA-1_contig_1,False,346,TRB,None,None,TRBJ2-7,None,False,False,None,None,598,1,None,None
GATGAAACAGATGGGT-1,False,GATGAAACAGATGGGT-1_contig_1,False,564,TRB,TRBV12-2+TRBV13-2,None,TRBJ2-7,None,True,True,CASGTGGDYEQYF,TGTGCCAGCGGGACTGGGGGGGACTATGAACAGTACTTC,1254,1,None,None
GATGAAAGTACAGTTC-1,False,GATGAAAGTACAGTTC-1_contig_1,False,742,TRA,TRAV16,None,TRAJ57,TRAC,True,True,CAMREPQGGSAKLIF,TGTGCTATGAGAGAGCCTCAAGGAGGGTCTGCGAAGCTCATCTTT,848,1,None,None
GATGAAAGTACAGTTC-1,False,GATGAAAGTACAGTTC-1_contig_2,False,525,TRB,TRBV17,None,TRBJ2-5,None,True,True,CASSRKGVQDTQYF,TGTGCTAGCAGTAGAAAGGGGGTCCAAGACACCCAGTACTTT,2370,1,None,None
GATGAAAGTACAGTTC-1,False,GATGAAAGTACAGTTC-1_contig_3,True,520,TRB,TRBV12-2,None,TRBJ2-7,None,True,False,CASSLRDIYEQYF,TGTGCCAGCTCTCTCCGGGACATCTATGAACAGTACTTC,2230,1,None,None
GATGAAAGTAGCCTAT-1,False,GATGAAAGTAGCCTAT-1_contig_1,False,720,TRB,TRBV2,None,TRBJ2-3,None,True,True,CASSQEGGGRFAETLYF,TGTGCCAGCAGCCAAGAGGGGGGGGGGCGTTTTGCAGAAACGCTGTATTTT,962,1,None,None
GATGAAAGTCATACTG-1,False,GATGAAAGTCATACTG-1_contig_1,False,534,TRB,TRBV13-1,None,TRBJ2-4,None,True,False,CASSEGTNTLYF,TGTGCCAGCAGTGAAGGAACAAACACCTTGTACTTT,1522,1,None,None
GATGAAAGTCCGTTAA-1,False,GATGAAAGTCCGTTAA-1_contig_1,False,557,TRB,TRBV12-2+TRBV13-2,None,TRBJ2-7,None,True,True,CASGVQGEQYF,TGTGCCAGCGGTGTTCAGGGAGAACAGTACTTC,1238,1,None,None
GATGAAAGTGTATGGG-1,False,GATGAAAGTGTATGGG-1_contig_1,False,560,TRA,TRAV4D-4,None,TRAJ45,TRAC,True,True,CAAYTEGADRLTF,TGTGCTGCCTATACAGAAGGTGCAGATAGACTCACCTTT,392,1,None,None
GATGAAAGTTAAGATG-1,False,GATGAAAGTTAAGATG-1_contig_1,False,562,TRB,TRBV12-2+TRBV13-2,None,TRBJ2-7,None,True,True,CASGVQGWEQYF,TGTGCCAGCGGTGTACAGGGGTGGGAACAGTACTTC,1606,1,None,None
GATGAAAGTTCGTCTC-1,False,GATGAAAGTTCGTCTC-1_contig_1,False,512,TRB,TRBV13-1,None,TRBJ2-3,None,True,True,CASGDSAETLYF,TGTGCCAGCGGGGACAGTGCAGAAACGCTGTATTTT,1122,1,None,None
GATGAAATCAGTACGT-1,False,GATGAAATCAGTACGT-1_contig_1,False,672,TRB,TRBV12-2+TRBV13-2,None,TRBJ1-2,TRBC1,True,True,CASGGGTGNSDYTF,TGTGCCAGCGGTGGGGGGACAGGGAACTCCGACTACACCTTC,1134,1,None,None
GATGAAATCGGAGGTA-1,False,GATGAAATCGGAGGTA-1_contig_1,False,547,TRA,TRAV6-6,None,TRAJ40,TRAC,True,False,CTTVLWVNTGNYKYVF,TGTACTACTGTGCTCTGGGTTAATACAGGAAACTACAAATACGTCTTT,1966,1,None,None
GATGAAATCTAACTGG-1,False,GATGAAATCTAACTGG-1_contig_1,False,566,TRA,TRAV3-3,None,TRAJ49,TRAC,True,True,CAVSGSTGYQNFYF,TGCGCAGTCAGTGGGAGCACGGGTTACCAGAACTTCTATTTT,2468,1,None,None
GATGAGGAGACAGACC-1,False,GATGAGGAGACAGACC-1_contig_1,False,556,TRA,TRAV19,None,TRAJ39,TRAC,True,True,CAAGGNNAGAKLTF,TGCGCAGCAGGTGGGAATAATGCAGGTGCCAAGCTCACATTC,1422,1,None,None
GATGAGGAGACGACGT-1,False,GATGAGGAGACGACGT-1_contig_1,False,456,TRB,TRBV5,None,TRBJ2-2,None,True,False,CASSTGQLYF,TGTGCCAGCAGCACCGGGCAGCTCTACTTT,1080,1,None,None
GATGAGGAGGAGTACC-1,False,GATGAGGAGGAGTACC-1_contig_1,False,494,TRB,None,None,TRBJ2-5,None,False,False,None,None,294,1,None,None
GATGAGGAGGCGCTCT-1,False,GATGAGGAGGCGCTCT-1_contig_1,False,639,TRB,TRBV12-2+TRBV13-2,None,TRBJ1-2,TRBC1,True,True,CASGGGTGNSDYTF,TGTGCCAGCGGTGGGGGGACAGGGAACTCCGACTACACCTTC,1216,2,None,None
GATGAGGAGTACCGGA-1,False,GATGAGGAGTACCGGA-1_contig_1,False,569,TRB,TRBV12-2+TRBV13-2,None,TRBJ2-1,None,True,True,CASEAAYAEQFF,TGTGCCAGCGAAGCAGCCTATGCTGAGCAGTTCTTC,1158,1,None,None
GATGAGGCAAAGTGCG-1,False,GATGAGGCAAAGTGCG-1_contig_1,False,549,TRB,TRBV16,None,TRBJ2-7,None,True,True,CASSFGGGADEQYF,TGTGCAAGCAGCTTTGGTGGGGGGGCGGATGAACAGTACTTC,1320,1,None,None
GATGAGGCAAGCGAGT-1,False,GATGAGGCAAGCGAGT-1_contig_1,False,550,TRA,TRAV6-6,None,TRAJ39,TRAC,True,True,CALGDWNNAGAKLTF,TGTGCTCTGGGTGATTGGAATAATGCAGGTGCCAAGCTCACATTC,1488,1,None,None
GATGAGGCAGATCCAT-1,False,GATGAGGCAGATCCAT-1_contig_1,False,309,TRB,TRBV13-1,None,TRBJ2-4,None,True,False,CASSEGTNTLYF,TGTGCCAGCAGTGAAGGAACAAACACCTTGTACTTT,1834,1,None,None
GATGAGGCAGTAAGCG-1,False,GATGAGGCAGTAAGCG-1_contig_1,False,499,TRA,TRAV1,None,TRAJ27,TRAC,True,False,None,None,2092,1,None,None
GATGAGGCAGTAAGCG-1,False,GATGAGGCAGTAAGCG-1_contig_2,False,360,TRB,TRBV13-2,None,TRBJ2-2,None,True,False,CASGGTGGANTGQLYF,TGTGCCAGCGGTGGGACTGGGGGGGCTAACACCGGGCAGCTCTACTTT,1834,1,None,None
GATGAGGCATCCTTGC-1,False,GATGAGGCATCCTTGC-1_contig_1,False,560,TRB,TRBV12-2+TRBV13-2,None,TRBJ1-2,TRBC1,True,True,CASGGGTGNSDYTF,TGTGCCAGCGGTGGGGGGACAGGGAACTCCGACTACACCTTC,1226,1,None,None
GATGAGGGTAAGTGGC-1,False,GATGAGGGTAAGTGGC-1_contig_1,False,566,TRA,TRAV3D-3,None,TRAJ28,TRAC,True,False,CTSAQSVRGTGSNRLTF,TGTACTTCTGCGCAGTCAGTGAGGGGCACTGGGAGTAACAGGCTCACTTTT,2394,1,None,None
GATGAGGGTCGACTAT-1,False,GATGAGGGTCGACTAT-1_contig_1,False,568,TRB,TRBV12-2+TRBV13-2,None,TRBJ1-2,TRBC1,True,True,CASGGGTGNSDYTF,TGTGCCAGCGGTGGGGGGACAGGGAACTCCGACTACACCTTC,910,1,None,None
GATGAGGGTCTCTTAT-1,False,GATGAGGGTCTCTTAT-1_contig_1,False,505,TRB,TRBV13-1,None,TRBJ2-4,None,True,True,CASSEGTNTLYF,TGTGCCAGCAGTGAAGGAACAAACACCTTGTACTTT,2090,1,None,None
GATGAGGGTGCAACGA-1,False,GATGAGGGTGCAACGA-1_contig_1,False,512,TRB,TRBV13-1,None,TRBJ2-3,None,True,True,CASGDSAETLYF,TGTGCCAGCGGGGACAGTGCAGAAACGCTGTATTTT,1898,1,None,None
GATGAGGGTTACGGAG-1,False,GATGAGGGTTACGGAG-1_contig_1,False,558,TRB,TRBV12-2+TRBV13-2,None,TRBJ1-4,TRBC1,True,True,CASGDAPERLFF,TGTGCCAGCGGTGATGCTCCCGAAAGATTATTTTTC,830,1,None,None
GATGAGGTCAGCTTAG-1,False,GATGAGGTCAGCTTAG-1_contig_1,False,392,TRB,None,None,TRBJ1-2,TRBC1,False,False,None,None,1716,1,None,None
GATGAGGTCATGCAAC-1,False,GATGAGGTCATGCAAC-1_contig_1,False,572,TRB,TRBV12-2+TRBV13-2,None,TRBJ2-7,None,True,True,CASGTGGDYEQYF,TGTGCCAGCGGGACTGGGGGGGACTATGAACAGTACTTC,1144,1,None,None
GATGAGGTCATGTGGT-1,False,GATGAGGTCATGTGGT-1_contig_1,False,416,TRB,TRBV13-2,None,TRBJ1-2,TRBC1,True,False,CASGGGTGNSDYTF,TGTGCCAGCGGTGGGGGGACAGGGAACTCCGACTACACCTTC,596,1,None,None
GATGAGGTCATTTGGG-1,False,GATGAGGTCATTTGGG-1_contig_1,False,561,TRA,TRAV4D-3,None,TRAJ27,TRAC,True,True,CAADGPNTGKLTF,TGTGCTGCGGACGGACCCAATACAGGCAAATTAACCTTT,1264,1,None,None
GATGAGGTCCAATGGT-1,False,GATGAGGTCCAATGGT-1_contig_1,False,562,TRB,TRBV12-2+TRBV13-2,None,TRBJ1-2,TRBC1,True,True,CASGGGTGNSDYTF,TGTGCCAGCGGTGGGGGGACAGGGAACTCCGACTACACCTTC,930,1,None,None
GATGAGGTCCCGACTT-1,False,GATGAGGTCCCGACTT-1_contig_1,False,510,TRB,TRBV12-2+TRBV13-2,None,TRBJ1-4,None,True,True,CASGDAPERLFF,TGTGCCAGCGGTGATGCTCCCGAAAGATTATTTTTC,1116,1,None,None
GATGAGGTCCCGACTT-1,False,GATGAGGTCCCGACTT-1_contig_2,False,369,TRB,None,None,TRBJ1-2,TRBC1,False,False,None,None,1534,1,None,None
GATGAGGTCCTGCTTG-1,False,GATGAGGTCCTGCTTG-1_contig_1,False,505,TRB,TRBV13-1,None,TRBJ2-3,None,True,True,CASGDSAETLYF,TGTGCCAGCGGGGACAGTGCAGAAACGCTGTATTTT,976,1,None,None
GATGAGGTCCTGCTTG-1,False,GATGAGGTCCTGCTTG-1_contig_2,False,493,TRB,TRBV10,None,TRBJ1-4,TRBC1,True,False,None,None,84,1,None,None
GATGAGGTCGCCATAA-1,False,GATGAGGTCGCCATAA-1_contig_1,False,301,TRB,None,None,TRBJ2-3,None,False,False,None,None,1514,1,None,None
GATGAGGTCTTCGAGA-1,False,GATGAGGTCTTCGAGA-1_contig_1,False,567,TRB,TRBV12-2+TRBV13-2,None,TRBJ2-7,None,True,True,CASGVQGGEQYF,TGTGCCAGCGGTGTGCAGGGGGGAGAACAGTACTTC,1736,1,None,None
GATGCTAAGGGCACTA-1,False,GATGCTAAGGGCACTA-1_contig_1,False,505,TRB,TRBV13-1,None,TRBJ2-3,None,True,True,CASGDSAETLYF,TGTGCCAGCGGGGACAGTGCAGAAACGCTGTATTTT,812,1,None,None
GATGCTAAGTCCGTAT-1,False,GATGCTAAGTCCGTAT-1_contig_1,False,355,TRB,None,None,TRBJ2-1,None,False,False,None,None,1058,1,None,None
GATGCTAAGTTATCGC-1,False,GATGCTAAGTTATCGC-1_contig_1,False,549,TRA,TRAV6-6,None,TRAJ24,TRAC,True,True,CAPLTTASLGKLQF,TGTGCTCCGTTGACAACTGCCAGTTTGGGGAAACTGCAGTTT,9400,8,None,None
GATGCTAAGTTATCGC-1,False,GATGCTAAGTTATCGC-1_contig_2,False,505,TRB,TRBV13-1,None,TRBJ2-4,None,True,True,CASSEGTNTLYF,TGTGCCAGCAGTGAAGGAACAAACACCTTGTACTTT,27262,22,None,None
GATGCTAAGTTATCGC-1,False,GATGCTAAGTTATCGC-1_contig_3,False,567,TRA,TRAV2,None,TRAJ22,TRAC,True,True,CIVTASSGSWQLIF,TGCATTGTGACTGCATCTTCTGGCAGCTGGCAACTCATCTTT,6420,5,None,None
GATGCTAAGTTATCGC-1,False,GATGCTAAGTTATCGC-1_contig_4,False,723,TRA,TRAV9D-2,None,TRAJ26,TRAC,True,True,CVLSRGNNYAQGLTF,TGTGTTCTGAGCAGGGGCAATAACTATGCCCAGGGATTAACCTTC,6184,5,None,None
GATGCTAAGTTATCGC-1,False,GATGCTAAGTTATCGC-1_contig_5,False,547,TRA,TRAV8-1,None,TRAJ30,TRAC,True,True,CATDAWDTNAYKVIF,TGTGCTACTGATGCATGGGACACAAATGCTTACAAAGTCATCTTT,4194,4,None,None
GATGCTAAGTTATCGC-1,False,GATGCTAAGTTATCGC-1_contig_6,False,508,TRB,TRBV13-1,None,TRBJ2-1,None,True,True,CASSGGDYAEQFF,TGTGCCAGCAGTGGAGGGGACTATGCTGAGCAGTTCTTC,24114,19,None,None
GATGCTAAGTTATCGC-1,False,GATGCTAAGTTATCGC-1_contig_7,False,391,TRA,TRAV10D,None,None,None,False,False,None,None,48,1,None,None
GATGCTACAAGGTGTG-1,False,GATGCTACAAGGTGTG-1_contig_1,False,512,TRB,TRBV13-1,None,TRBJ2-5,None,True,True,CASSDGDDTQYF,TGTGCCAGCAGTGACGGGGACGACACCCAGTACTTT,2468,2,None,None
GATGCTACAAGGTGTG-1,False,GATGCTACAAGGTGTG-1_contig_2,True,586,TRB,None,None,TRBJ1-1,TRBC1,False,False,None,None,1414,1,None,None
GATGCTACATACAGCT-1,False,GATGCTACATACAGCT-1_contig_1,False,531,TRA,TRAV4D-3,None,TRAJ27,TRAC,True,True,CAADGPNTGKLTF,TGTGCTGCGGACGGACCCAATACAGGCAAATTAACCTTT,1232,1,None,None
GATGCTACATGTAGTC-1,False,GATGCTACATGTAGTC-1_contig_1,False,566,TRA,TRAV12-2,None,TRAJ34,TRAC,True,True,CALSGNTNKVVF,TGTGCTTTGAGTGGCAATACCAACAAAGTCGTCTTT,256,2,None,None
GATGCTACATTTCACT-1,False,GATGCTACATTTCACT-1_contig_1,False,629,TRB,TRBV20,None,TRBJ1-6,TRBC1,True,True,CADRSYNSPLYF,TGTGCCGACAGGTCCTATAATTCGCCCCTCTACTTT,1272,1,None,None
GATGCTAGTCGACTGC-1,False,GATGCTAGTCGACTGC-1_contig_1,False,519,TRA,TRAV19,None,TRAJ39,TRAC,True,True,CAAGGNNAGAKLTF,TGCGCAGCAGGTGGGAATAATGCAGGTGCCAAGCTCACATTC,1744,1,None,None
GATGCTAGTTGGAGGT-1,False,GATGCTAGTTGGAGGT-1_contig_1,False,538,TRA,TRAV3D-3,None,TRAJ28,TRAC,True,False,CTSAQSVRGTGSNRLTF,TGTACTTCTGCGCAGTCAGTGAGGGGCACTGGGAGTAACAGGCTCACTTTT,1650,1,None,None
GATGCTAGTTTAAGCC-1,False,GATGCTAGTTTAAGCC-1_contig_1,False,553,TRA,TRAV19,None,TRAJ39,TRAC,True,True,CAAGGNNAGAKLTF,TGCGCAGCAGGTGGGAATAATGCAGGTGCCAAGCTCACATTC,1604,1,None,None
GATGCTATCCACTGGG-1,False,GATGCTATCCACTGGG-1_contig_1,False,431,TRB,None,None,TRBJ2-1,None,False,False,None,None,1404,1,None,None
GATGCTATCTGGCGAC-1,False,GATGCTATCTGGCGAC-1_contig_1,False,372,TRB,None,None,TRBJ1-6,TRBC1,False,False,None,None,836,1,None,None
GATGCTATCTGGTATG-1,False,GATGCTATCTGGTATG-1_contig_1,False,593,TRA,TRAV19,None,TRAJ39,TRAC,True,True,CAAGGNNAGAKLTF,TGCGCAGCAGGTGGGAATAATGCAGGTGCCAAGCTCACATTC,888,1,None,None
GATTCAGAGCTAGGCA-1,False,GATTCAGAGCTAGGCA-1_contig_1,False,565,TRB,TRBV12-2+TRBV13-2,None,TRBJ1-5,TRBC1,True,True,CASGTGDNQAPLF,TGTGCCAGCGGGACAGGCGACAACCAGGCTCCGCTTTTT,1296,1,None,None
GATTCAGAGGACGAAA-1,False,GATTCAGAGGACGAAA-1_contig_1,False,586,TRB,TRBV12-2+TRBV13-2,None,TRBJ1-2,TRBC1,True,True,CASGGGTGNSDYTF,TGTGCCAGCGGTGGGGGGACAGGGAACTCCGACTACACCTTC,1586,1,None,None
GATTCAGAGGAGTACC-1,False,GATTCAGAGGAGTACC-1_contig_1,False,385,TRB,None,None,TRBJ2-7,None,False,False,None,None,2614,1,None,None
GATTCAGAGGAGTTGC-1,False,GATTCAGAGGAGTTGC-1_contig_1,False,566,TRB,TRBV12-2+TRBV13-2,None,TRBJ1-2,TRBC1,True,True,CASGGGTGNSDYTF,TGTGCCAGCGGTGGGGGGACAGGGAACTCCGACTACACCTTC,1500,1,None,None
GATTCAGAGTCAATAG-1,False,GATTCAGAGTCAATAG-1_contig_1,False,547,TRB,TRBV12-2+TRBV13-2,None,TRBJ1-2,TRBC1,True,True,CASGGGTGNSDYTF,TGTGCCAGCGGTGGGGGGACAGGGAACTCCGACTACACCTTC,1396,1,None,None
GATTCAGAGTGAACAT-1,False,GATTCAGAGTGAACAT-1_contig_1,False,367,TRB,None,None,TRBJ1-2,TRBC1,False,False,None,None,792,1,None,None
GATTCAGCAAGTAGTA-1,False,GATTCAGCAAGTAGTA-1_contig_1,False,589,TRB,TRBV13-2,None,TRBJ1-2,TRBC1,True,True,CASGGGTGNSDYTF,TGTGCCAGCGGTGGGGGGACAGGGAACTCCGACTACACCTTC,1354,1,None,None
GATTCAGCACAGGAGT-1,False,GATTCAGCACAGGAGT-1_contig_1,False,631,TRB,None,None,TRBJ2-5,None,False,False,None,None,1292,1,None,None
GATTCAGCACTCTGTC-1,False,GATTCAGCACTCTGTC-1_contig_1,False,538,TRA,TRAV3-3,None,TRAJ49,TRAC,True,True,CAVSGATGYQNFYF,TGCGCAGTCAGTGGGGCCACGGGTTACCAGAACTTCTATTTT,2294,1,None,None
GATTCAGCAGATCGGA-1,False,GATTCAGCAGATCGGA-1_contig_1,False,557,TRB,TRBV12-2+TRBV13-2,None,TRBJ2-1,None,True,True,CASGDPFQFF,TGTGCCAGCGGTGATCCTTTCCAGTTCTTC,1128,1,None,None
GATTCAGCATTGGCGC-1,False,GATTCAGCATTGGCGC-1_contig_1,False,547,TRA,TRAV19,None,TRAJ39,TRAC,True,True,CAAGGNNAGAKLTF,TGCGCAGCAGGTGGGAATAATGCAGGTGCCAAGCTCACATTC,2538,1,None,None
GATTCAGCATTGGCGC-1,False,GATTCAGCATTGGCGC-1_contig_2,False,510,TRB,TRBV12-2+TRBV13-2,None,TRBJ2-7,None,True,True,CASGAGGEQYF,TGTGCCAGCGGTGCTGGGGGGGAACAGTACTTC,1346,1,None,None
GATTCAGGTAAGTGTA-1,False,GATTCAGGTAAGTGTA-1_contig_1,False,563,TRB,TRBV12-2+TRBV13-2,None,TRBJ2-7,None,True,True,CASGTGGDYEQYF,TGTGCCAGCGGGACTGGGGGGGACTATGAACAGTACTTC,1116,1,None,None
GATTCAGGTACCGAGA-1,False,GATTCAGGTACCGAGA-1_contig_1,False,508,TRB,TRBV13-1,None,TRBJ2-1,None,True,True,CASGGGDYAEQFF,TGTGCCAGCGGGGGGGGAGACTATGCTGAGCAGTTCTTC,1902,1,None,None
GATTCAGGTACCTACA-1,False,GATTCAGGTACCTACA-1_contig_1,False,506,TRB,TRBV16,None,TRBJ2-5,None,True,True,CASSLGGGQDTQYF,TGTGCAAGCAGCTTAGGGGGGGGCCAAGACACCCAGTACTTT,1486,1,None,None
GATTCAGGTATATGGA-1,False,GATTCAGGTATATGGA-1_contig_1,False,582,TRB,TRBV12-2+TRBV13-2,None,TRBJ1-2,TRBC1,True,True,CASGGGTGNSDYTF,TGTGCCAGCGGTGGGGGGACAGGGAACTCCGACTACACCTTC,1538,2,None,None
GATTCAGGTATTCTCT-1,False,GATTCAGGTATTCTCT-1_contig_1,False,484,TRB,TRBV13-1,None,TRBJ2-3,None,True,False,CASGDSAETLYF,TGTGCCAGCGGGGACAGTGCAGAAACGCTGTATTTT,1476,1,None,None
GATTCAGGTCAACTGT-1,False,GATTCAGGTCAACTGT-1_contig_1,False,565,TRB,TRBV13-2,None,TRBJ1-2,TRBC1,True,False,CASGGGTGNSDYTF,TGTGCCAGCGGTGGGGGGACAGGGAACTCCGACTACACCTTC,1040,1,None,None
GATTCAGGTCACAAGG-1,False,GATTCAGGTCACAAGG-1_contig_1,False,556,TRA,TRAV19,None,TRAJ39,TRAC,True,True,CAAGGNNAGAKLTF,TGCGCAGCAGGTGGGAATAATGCAGGTGCCAAGCTCACATTC,1166,1,None,None
GATTCAGGTCCGAATT-1,False,GATTCAGGTCCGAATT-1_contig_1,False,346,TRB,TRBV31,None,TRBJ2-5,None,True,False,CAWSSDRFIQDTQYF,TGTGCCTGGAGTTCAGACAGGTTTATCCAAGACACCCAGTACTTT,2462,1,None,None
GATTCAGGTCGCTTCT-1,False,GATTCAGGTCGCTTCT-1_contig_1,False,531,TRA,TRAV14-1,None,TRAJ45,TRAC,True,True,CAASLYTEGADRLTF,TGTGCAGCAAGTCTTTATACAGAAGGTGCAGATAGACTCACCTTT,2432,1,None,None
GATTCAGGTGGTAACG-1,False,GATTCAGGTGGTAACG-1_contig_1,False,571,TRB,TRBV12-2+TRBV13-2,None,TRBJ1-2,TRBC1,True,True,CASGGGTGNSDYTF,TGTGCCAGCGGTGGGGGGACAGGGAACTCCGACTACACCTTC,3174,2,None,None
GATTCAGGTTACGTCA-1,False,GATTCAGGTTACGTCA-1_contig_1,False,355,TRB,TRBV13-2,None,TRBJ1-5,TRBC1,True,False,CASGTGDNQAPLF,TGTGCCAGCGGGACAGGGGACAACCAGGCTCCGCTTTTT,1652,1,None,None
GATTCAGGTTGTGGAG-1,False,GATTCAGGTTGTGGAG-1_contig_1,False,566,TRB,TRBV12-2+TRBV13-2,None,TRBJ1-2,TRBC1,True,True,CASGGGTGNSDYTF,TGTGCCAGCGGTGGGGGGACAGGGAACTCCGACTACACCTTC,928,1,None,None
GATTCAGTCACTTATC-1,False,GATTCAGTCACTTATC-1_contig_1,False,608,TRB,TRBV12-2+TRBV13-2,None,TRBJ2-7,None,True,True,CASGVQGWEQYF,TGTGCCAGCGGTGTACAGGGGTGGGAACAGTACTTC,1022,1,None,None
GATTCAGTCAGAGGTG-1,False,GATTCAGTCAGAGGTG-1_contig_1,False,566,TRB,TRBV12-2+TRBV13-2,None,TRBJ1-2,TRBC1,True,True,CASGGGTGNSDYTF,TGTGCCAGCGGTGGGGGGACAGGGAACTCCGACTACACCTTC,1228,1,None,None
GATTCAGTCTACTTAC-1,False,GATTCAGTCTACTTAC-1_contig_1,False,549,TRB,TRBV16,None,TRBJ2-5,None,True,True,CASSLGGGQDTQYF,TGTGCAAGCAGCTTAGGGGGGGGCCAAGACACCCAGTACTTT,1192,1,None,None
GATTCAGTCTGATACG-1,False,GATTCAGTCTGATACG-1_contig_1,False,513,TRA,TRAV7D-2,None,TRAJ31,TRAC,True,True,CAASIEDSNNRIFF,TGTGCAGCAAGCATAGAGGATAGCAATAACAGAATCTTCTTT,170,1,None,None
GCAAACTAGATAGTCA-1,False,GCAAACTAGATAGTCA-1_contig_1,False,513,TRA,TRAV19,None,TRAJ39,TRAC,True,True,CAAGGNNAGAKLTF,TGCGCAGCAGGTGGGAATAATGCAGGTGCCAAGCTCACATTC,1696,1,None,None
GCAAACTAGCAGGCTA-1,False,GCAAACTAGCAGGCTA-1_contig_1,False,558,TRA,TRAV19,None,TRAJ39,TRAC,True,True,CAAGGNNAGAKLTF,TGCGCAGCAGGTGGGAATAATGCAGGTGCCAAGCTCACATTC,2462,1,None,None
GCAAACTAGCTAGGCA-1,False,GCAAACTAGCTAGGCA-1_contig_1,False,535,TRA,TRAV8-1,None,TRAJ30,TRAC,True,True,CASDTNAYKVIF,TGTGCCTCTGACACAAATGCTTACAAAGTCATCTTT,770,1,None,None
GCAAACTAGGATATAC-1,False,GCAAACTAGGATATAC-1_contig_1,False,400,TRB,None,None,TRBJ1-3,TRBC1,False,False,None,None,1870,1,None,None
GCAAACTAGTGCGTGA-1,False,GCAAACTAGTGCGTGA-1_contig_1,False,519,TRB,TRBV12-2+TRBV13-2,None,TRBJ1-2,TRBC1,True,False,CASGGGTGNSDYTF,TGTGCCAGCGGTGGGGGGACAGGGAACTCCGACTACACCTTC,1656,1,None,None
GCAAACTAGTGGAGTC-1,False,GCAAACTAGTGGAGTC-1_contig_1,False,433,TRB,None,None,TRBJ1-2,TRBC1,False,False,None,None,1012,1,None,None
GCAAACTCATACTCTT-1,False,GCAAACTCATACTCTT-1_contig_1,False,333,TRB,None,None,TRBJ2-1,None,False,False,None,None,1284,1,None,None
GCAAACTGTAATCGTC-1,False,GCAAACTGTAATCGTC-1_contig_1,False,358,TRB,TRBV13-2,None,TRBJ1-2,TRBC1,True,False,CASGGGTGNSDYTF,TGTGCCAGCGGTGGGGGGACAGGGAACTCCGACTACACCTTC,1796,1,None,None
GCAAACTGTAGCTGCC-1,False,GCAAACTGTAGCTGCC-1_contig_1,False,505,TRB,TRBV13-1,None,TRBJ2-3,None,True,True,CASGDSAETLYF,TGTGCCAGCGGGGACAGTGCAGAAACGCTGTATTTT,2336,2,None,None
GCAAACTGTAGGGTAC-1,False,GCAAACTGTAGGGTAC-1_contig_1,False,557,TRB,TRBV12-2+TRBV13-2,None,TRBJ2-5,None,True,True,CASGVQGDTQYF,TGTGCCAGCGGTGTTCAGGGGGACACCCAGTACTTT,260,3,None,None
GCAAACTGTCGCGAAA-1,False,GCAAACTGTCGCGAAA-1_contig_1,False,589,TRB,TRBV12-2+TRBV13-2,None,TRBJ1-2,TRBC1,True,True,CASGGGTGNSDYTF,TGTGCCAGCGGTGGGGGGACAGGGAACTCCGACTACACCTTC,1992,2,None,None
GCAAACTGTCGCGAAA-1,False,GCAAACTGTCGCGAAA-1_contig_2,False,547,TRA,TRAV8N-2,None,TRAJ13,TRAC,True,True,CATEDSGTYQRF,TGTGCTACTGAGGATTCTGGGACTTACCAGAGGTTT,682,2,None,None
GCAAACTGTCGCGAAA-1,False,GCAAACTGTCGCGAAA-1_contig_3,False,600,TRB,TRBV12-2+TRBV13-2,None,TRBJ2-7,None,True,True,CASGTGGDYEQYF,TGTGCCAGCGGGACTGGGGGGGACTATGAACAGTACTTC,2510,5,None,None
GCAAACTGTGGAAAGA-1,False,GCAAACTGTGGAAAGA-1_contig_1,False,557,TRB,TRBV12-2+TRBV13-2,None,TRBJ2-7,None,True,True,CASGGQGEQYF,TGTGCCAGCGGCGGACAGGGTGAACAGTACTTC,1330,1,None,None
GCAAACTGTTATTCTC-1,False,GCAAACTGTTATTCTC-1_contig_1,False,525,TRB,TRBV17,None,TRBJ2-5,None,True,True,CASSRKGVQDTQYF,TGTGCTAGCAGTAGAAAGGGGGTCCAAGACACCCAGTACTTT,2316,1,None,None
GCAAACTTCAGCTTAG-1,False,GCAAACTTCAGCTTAG-1_contig_1,False,484,TRA,TRAV6D-7,None,TRAJ48,TRAC,True,False,CTTVLWVINYGNEKITF,TGTACTACTGTGCTCTGGGTGATCAACTATGGAAATGAGAAAATAACTTTT,758,1,None,None
GCAAACTTCTAACCGA-1,False,GCAAACTTCTAACCGA-1_contig_1,False,575,TRA,TRAV3D-3,None,TRAJ28,TRAC,True,False,CTSAQSVRGTGSNRLTF,TGTACTTCTGCGCAGTCAGTGAGGGGCACTGGGAGTAACAGGCTCACTTTT,222,1,None,None
GCAAACTTCTCAACTT-1,False,GCAAACTTCTCAACTT-1_contig_1,False,549,TRB,TRBV16,None,TRBJ2-5,None,True,True,CASSLGGGQDTQYF,TGTGCAAGCAGCTTAGGGGGGGGCCAAGACACCCAGTACTTT,1468,1,None,None
GCAATCAAGACTAAGT-1,False,GCAATCAAGACTAAGT-1_contig_1,False,537,TRA,TRAV9D-4,None,TRAJ22,TRAC,True,False,None,None,216,1,None,None
GCAATCAAGCCACCTG-1,False,GCAATCAAGCCACCTG-1_contig_1,False,565,TRB,TRBV12-2+TRBV13-2,None,TRBJ2-7,None,True,True,CASGTGGDYEQYF,TGTGCCAGCGGGACTGGGGGGGACTATGAACAGTACTTC,1226,1,None,None
GCAATCAAGCGAAGGG-1,False,GCAATCAAGCGAAGGG-1_contig_1,False,548,TRA,TRAV6D-5,None,TRAJ38,TRAC,True,False,CTTVFWDNVGDNSKLIW,TGTACTACTGTGTTCTGGGATAATGTTGGTGACAACAGTAAGCTGATTTGG,2010,1,None,None
GCAATCAAGTGGACGT-1,False,GCAATCAAGTGGACGT-1_contig_1,False,529,TRB,TRBV12-2+TRBV13-2,None,TRBJ1-2,TRBC1,True,True,CASGGGTGNSDYTF,TGTGCCAGCGGTGGGGGGACAGGGAACTCCGACTACACCTTC,760,1,None,None
GCAATCAAGTTACGGG-1,False,GCAATCAAGTTACGGG-1_contig_1,False,357,TRB,None,None,TRBJ2-1,None,False,False,None,None,2694,1,None,None
GCAATCACAACGCACC-1,False,GCAATCACAACGCACC-1_contig_1,False,514,TRA,TRAV6-6,None,TRAJ24,TRAC,True,True,CAPLTTASLGKLQF,TGTGCTCCGTTGACAACTGCCAGTTTGGGGAAACTGCAGTTT,208,1,None,None
GCAATCACAACGCACC-1,False,GCAATCACAACGCACC-1_contig_2,False,526,TRA,TRAV19,None,TRAJ39,TRAC,True,True,CAAGGNNAGAKLTF,TGCGCAGCAGGTGGGAATAATGCAGGTGCCAAGCTCACATTC,1086,1,None,None
GCAATCACAACGCACC-1,False,GCAATCACAACGCACC-1_contig_3,False,505,TRB,TRBV13-1,None,TRBJ2-4,None,True,True,CASSEGTNTLYF,TGTGCCAGCAGTGAAGGAACAAACACCTTGTACTTT,1172,2,None,None
GCAATCACAAGTAATG-1,False,GCAATCACAAGTAATG-1_contig_1,False,618,TRB,TRBV13-2,None,TRBJ1-2,TRBC1,True,True,CASGGGTGNSDYTF,TGTGCCAGCGGTGGGGGGACAGGGAACTCCGACTACACCTTC,2264,2,None,None
GCAATCACACACCGAC-1,False,GCAATCACACACCGAC-1_contig_1,False,524,TRB,TRBV13-1,None,TRBJ2-7,None,True,False,CASSDPGQGYF,TGTGCCAGCAGTGATCCGGGACAGGGTTACTTC,1298,1,None,None
GCAATCACACACCGCA-1,False,GCAATCACACACCGCA-1_contig_1,False,562,TRB,TRBV12-2+TRBV13-2,None,TRBJ1-4,TRBC1,True,True,CASGDAPERLFF,TGTGCCAGCGGTGATGCTCCCGAAAGATTATTTTTC,1672,1,None,None
GCAATCACACCAACCG-1,False,GCAATCACACCAACCG-1_contig_1,False,512,TRB,TRBV13-1,None,TRBJ2-3,None,True,True,CASGDSAETLYF,TGTGCCAGCGGGGACAGTGCAGAAACGCTGTATTTT,1910,1,None,None
GCAATCACATACGCTA-1,False,GCAATCACATACGCTA-1_contig_1,False,545,TRB,TRBV13-2,None,TRBJ1-2,TRBC1,True,True,CASGGGTGNSDYTF,TGTGCCAGCGGTGGGGGGACAGGGAACTCCGACTACACCTTC,1790,1,None,None
GCAATCACATGCCCGA-1,False,GCAATCACATGCCCGA-1_contig_1,False,417,TRB,None,None,TRBJ2-1,None,False,False,None,None,572,1,None,None
GCAATCACATTATCTC-1,False,GCAATCACATTATCTC-1_contig_1,False,566,TRB,TRBV12-2+TRBV13-2,None,TRBJ1-2,TRBC1,True,True,CASGGGTGNSDYTF,TGTGCCAGCGGTGGGGGGACAGGGAACTCCGACTACACCTTC,966,1,None,None
GCAATCAGTCATGCCG-1,False,GCAATCAGTCATGCCG-1_contig_1,False,430,TRB,None,None,TRBJ2-1,None,False,False,None,None,1352,1,None,None
GCAATCAGTCGAGATG-1,False,GCAATCAGTCGAGATG-1_contig_1,False,565,TRB,TRBV12-2+TRBV13-2,None,TRBJ2-7,None,True,True,CASGTGGDYEQYF,TGTGCCAGCGGGACTGGGGGGGACTATGAACAGTACTTC,1802,1,None,None
GCAATCAGTTCAACCA-1,False,GCAATCAGTTCAACCA-1_contig_1,False,575,TRB,TRBV12-2+TRBV13-2,None,TRBJ1-5,TRBC1,True,True,CASGTGDNQAPLF,TGTGCCAGCGGGACAGGGGACAACCAGGCTCCGCTTTTT,2348,2,None,None
GCAATCAGTTCAGACT-1,False,GCAATCAGTTCAGACT-1_contig_1,False,601,TRB,TRBV13-1,None,TRBJ2-1,None,True,False,CASSDNYAEQFF,TGTGCCAGCAGTGACAACTATGCTGAGCAGTTCTTC,1272,1,None,None
GCAATCATCAGAGGTG-1,False,GCAATCATCAGAGGTG-1_contig_1,False,502,TRB,TRBV13-1,None,TRBJ2-7,None,True,True,CASSGPLEQYF,TGTGCCAGCAGTGGGCCCCTGGAACAGTACTTC,1348,1,None,None
GCAATCATCATGTCCC-1,False,GCAATCATCATGTCCC-1_contig_1,False,626,TRB,TRBV5,None,TRBJ1-5,TRBC1,True,False,CASSHPGQNNQAPLF,TGTGCCAGCAGCCACCCGGGACAGAACAACCAGGCTCCGCTTTTT,2090,1,None,None
GCAATCATCCGCATCT-1,False,GCAATCATCCGCATCT-1_contig_1,False,467,TRB,TRBV12-2+TRBV13-2,None,TRBJ2-7,None,True,True,CASGVQGWEQYF,TGTGCCAGCGGTGTACAGGGGTGGGAACAGTACTTC,116,1,None,None
GCAATCATCGCCATAA-1,False,GCAATCATCGCCATAA-1_contig_1,False,507,TRB,TRBV31,None,TRBJ2-4,None,True,True,CAWDNQNTLYF,TGTGCCTGGGACAATCAAAACACCTTGTACTTT,2448,1,None,None
GCAATCATCGCTTGTC-1,False,GCAATCATCGCTTGTC-1_contig_1,False,552,TRA,TRAV8N-2,None,TRAJ43,TRAC,True,False,CATDANNNNAPRF,TGTGCTACTGATGCCAATAACAACAATGCCCCACGATTT,648,1,None,None
GCAATCATCTCGTTTA-1,False,GCAATCATCTCGTTTA-1_contig_1,False,549,TRB,TRBV16,None,TRBJ2-5,None,True,True,CASSLGGGQDTQYF,TGTGCAAGCAGCTTAGGGGGGGGGCAAGACACCCAGTACTTT,1658,2,None,None
GCAATCATCTCGTTTA-1,False,GCAATCATCTCGTTTA-1_contig_2,True,370,TRB,None,None,TRBJ1-3,TRBC1,False,False,None,None,2288,1,None,None
GCACATAAGCGCTTAT-1,False,GCACATAAGCGCTTAT-1_contig_1,False,516,Multi,TRDV1,None,TRAJ43,TRAC,True,False,CGGLNNAPRF,TGTGGAGGCCTCAACAATGCCCCACGATTT,1876,1,None,None
GCACATAAGCTAGTCT-1,False,GCACATAAGCTAGTCT-1_contig_1,False,558,TRB,TRBV12-2+TRBV13-2,None,TRBJ1-5,TRBC1,True,True,CASGTGDNQAPLF,TGTGCCAGCGGGACAGGGGACAACCAGGCTCCGCTTTTT,2024,2,None,None
GCACATAAGGTACTCT-1,False,GCACATAAGGTACTCT-1_contig_1,False,518,TRB,TRBV13-2,None,TRBJ1-2,TRBC1,True,True,CASGGGTGNSDYTF,TGTGCCAGCGGTGGGGGGACAGGGAACTCCGACTACACCTTC,2174,1,None,None
GCACATAAGGTGCTAG-1,False,GCACATAAGGTGCTAG-1_contig_1,False,574,TRB,TRBV12-2+TRBV13-2,None,TRBJ1-2,TRBC1,True,True,CASGGGTGNSDYTF,TGTGCCAGCGGTGGGGGGACAGGGAACTCCGACTACACCTTC,1510,1,None,None
GCACATACAAATTGCC-1,False,GCACATACAAATTGCC-1_contig_1,False,555,TRA,TRAV3D-3,None,TRAJ28,TRAC,True,False,CTSAQSVRGTGSNRLTF,TGTACTTCTGCGCAGTCAGTGAGGGGCACTGGGAGTAACAGGCTCACTTTT,168,1,None,None
GCACATACAAGAAGAG-1,False,GCACATACAAGAAGAG-1_contig_1,False,323,TRB,None,None,TRBJ2-1,None,False,False,None,None,2890,1,None,None
GCACATACACTAGTAC-1,False,GCACATACACTAGTAC-1_contig_1,False,519,TRA,TRAV19,None,TRAJ39,TRAC,True,True,CAAGGNNAGAKLTF,TGCGCAGCAGGTGGGAATAATGCAGGTGCCAAGCTCACATTC,802,1,None,None
GCACATACACTGTCGG-1,False,GCACATACACTGTCGG-1_contig_1,False,358,TRB,TRBV13-2,None,TRBJ1-5,TRBC1,True,False,CASGTGDNQAPLF,TGTGCCAGCGGTACAGGGGATAACCAGGCTCCGCTTTTT,1404,1,None,None
GCACATAGTAAGGATT-1,False,GCACATAGTAAGGATT-1_contig_1,False,430,TRB,None,None,TRBJ2-1,None,False,False,None,None,2106,1,None,None
GCACATAGTAGGCTGA-1,False,GCACATAGTAGGCTGA-1_contig_1,False,577,TRA,TRAV4D-3,None,TRAJ27,TRAC,True,True,CAADGPNTGKLTF,TGTGCTGCGGACGGACCCAATACAGGCAAATTAACCTTT,1908,1,None,None
GCACATAGTAGTAGTA-1,False,GCACATAGTAGTAGTA-1_contig_1,False,632,TRB,TRBV12-2+TRBV13-2,None,TRBJ1-2,TRBC1,True,True,CASGGGTGNSDYTF,TGTGCCAGCGGTGGGGGGACAGGGAACTCCGACTACACCTTC,1022,1,None,None
GCACATATCAGCAACT-1,False,GCACATATCAGCAACT-1_contig_1,False,558,TRA,TRAV19,None,TRAJ39,TRAC,True,True,CAAGGNNAGAKLTF,TGCGCAGCAGGTGGGAATAATGCAGGTGCCAAGCTCACATTC,1164,1,None,None
GCACATATCCACGAAT-1,False,GCACATATCCACGAAT-1_contig_1,False,618,TRA,TRAV14N-3,None,TRAJ6,TRAC,True,True,CAARTSGGNYKPTF,TGTGCAGCAAGAACCTCAGGAGGAAACTACAAACCTACGTTT,2480,1,None,None
GCACATATCCACGAAT-1,False,GCACATATCCACGAAT-1_contig_2,True,459,TRA,TRAV8N-2,None,TRAJ13,TRAC,True,False,CATEDSGTYQRF,TGTGCTACTGAGGATTCTGGGACTTACCAGAGGTTT,2150,2,None,None
GCACATATCCATTCTA-1,False,GCACATATCCATTCTA-1_contig_1,False,588,TRB,TRBV12-2+TRBV13-2,None,TRBJ2-7,None,True,True,CASGVQGWEQYF,TGTGCCAGCGGTGTACAGGGGTGGGAACAGTACTTC,1418,1,None,None
GCACATATCGTTTGCC-1,False,GCACATATCGTTTGCC-1_contig_1,False,512,TRB,TRBV13-1,None,TRBJ2-3,None,True,True,CASGDSAETLYF,TGTGCCAGCGGGGACAGTGCAGAAACGCTGTATTTT,338,1,None,None
GCACATATCTGCCCTA-1,False,GCACATATCTGCCCTA-1_contig_1,False,499,TRA,TRAV1,None,TRAJ27,TRAC,True,False,None,None,1816,1,None,None
GCACTCTAGACACGAC-1,False,GCACTCTAGACACGAC-1_contig_1,False,566,TRB,TRBV12-2+TRBV13-2,None,TRBJ1-2,TRBC1,True,True,CASGGGTGNSDYTF,TGTGCCAGCGGTGGGGGGACAGGGAACTCCGACTACACCTTC,310,1,None,None
GCACTCTAGCCCAACC-1,False,GCACTCTAGCCCAACC-1_contig_1,False,594,TRB,TRBV12-2+TRBV13-2,None,TRBJ1-5,TRBC1,True,True,CASGTGDNQAPLF,TGTGCCAGCGGTACAGGGGACAACCAGGCTCCGCTTTTT,1780,1,None,None
GCACTCTAGCGTGTCC-1,False,GCACTCTAGCGTGTCC-1_contig_1,False,569,TRA,TRAV3-3,None,TRAJ32,TRAC,True,True,CAVRPYGSSGNKLIF,TGCGCAGTCAGACCTTATGGGAGCAGTGGCAACAAGCTCATCTTT,1828,1,None,None
GCACTCTAGGTTACCT-1,False,GCACTCTAGGTTACCT-1_contig_1,False,547,TRB,TRBV12-2+TRBV13-2,None,TRBJ2-1,None,True,True,CASGDPFQFF,TGTGCCAGCGGTGATCCTTTCCAGTTCTTC,940,1,None,None
GCACTCTCAATACGCT-1,False,GCACTCTCAATACGCT-1_contig_1,False,522,TRB,TRBV13-2,None,TRBJ1-2,TRBC1,True,True,CASGGGTGNSDYTF,TGTGCCAGCGGTGGGGGGACAGGGAACTCCGACTACACCTTC,1346,1,None,None
GCACTCTCAATGGAGC-1,False,GCACTCTCAATGGAGC-1_contig_1,False,505,TRB,TRBV13-1,None,TRBJ2-3,None,True,True,CASGDSAETLYF,TGTGCCAGCGGGGACAGTGCAGAAACGCTGTATTTT,958,1,None,None
GCACTCTCAATTCCTT-1,False,GCACTCTCAATTCCTT-1_contig_1,False,557,TRB,TRBV12-2+TRBV13-2,None,TRBJ1-5,TRBC1,True,True,CASGTGDNQAPLF,TGTGCCAGCGGGACAGGGGACAACCAGGCTCCGCTTTTT,1286,1,None,None
GCACTCTCACTGAAGG-1,False,GCACTCTCACTGAAGG-1_contig_1,False,639,TRB,TRBV12-2+TRBV13-2,None,TRBJ1-2,TRBC1,True,True,CASGGGTGNSDYTF,TGTGCCAGCGGTGGGGGGACAGGGAACTCCGACTACACCTTC,1410,1,None,None
GCACTCTCAGGCTCAC-1,False,GCACTCTCAGGCTCAC-1_contig_1,False,560,TRB,TRBV12-2+TRBV13-2,None,TRBJ1-2,TRBC1,True,True,CASGGGTGNSDYTF,TGTGCCAGCGGTGGGGGGACAGGGAACTCCGACTACACCTTC,1548,1,None,None
GCACTCTGTACTCAAC-1,False,GCACTCTGTACTCAAC-1_contig_1,False,516,TRB,TRBV14,None,TRBJ2-7,None,True,True,CASSAGQNYEQYF,TGTGCCAGCAGTGCGGGACAAAACTATGAACAGTACTTC,1490,1,None,None
GCACTCTGTATGCTTG-1,False,GCACTCTGTATGCTTG-1_contig_1,False,600,TRB,TRBV13-1,None,TRBJ2-3,None,True,False,CASGDSAETLYF,TGTGCCAGCGGGGACAGTGCAGAAACGCTGTATTTT,1566,1,None,None
GCACTCTGTCCGTGAC-1,False,GCACTCTGTCCGTGAC-1_contig_1,False,618,TRA,TRAV14N-3,None,TRAJ34,TRAC,True,True,CAASAWANTNKVVF,TGTGCAGCAAGTGCATGGGCCAATACCAACAAAGTCGTCTTT,868,1,None,None
GCACTCTGTGACGGTA-1,False,GCACTCTGTGACGGTA-1_contig_1,False,578,TRB,TRBV12-2+TRBV13-2,None,TRBJ2-3,None,True,True,CASGDAPPGEGTLYF,TGTGCCAGCGGTGATGCACCTCCAGGGGAGGGAACGCTGTATTTT,1708,1,None,None
GCACTCTGTGACGGTA-1,False,GCACTCTGTGACGGTA-1_contig_2,False,560,TRB,TRBV12-2+TRBV13-2,None,TRBJ1-2,TRBC1,True,True,CASGGGTGNSDYTF,TGTGCCAGCGGTGGGGGGACAGGGAACTCCGACTACACCTTC,762,1,None,None
GCACTCTGTGATGCCC-1,False,GCACTCTGTGATGCCC-1_contig_1,False,603,TRA,TRAV14N-3,None,TRAJ6,TRAC,True,True,CAARTSGGNYKPTF,TGTGCAGCAAGAACCTCAGGAGGAAACTACAAACCTACGTTT,1302,1,None,None
GCACTCTGTTCGTCTC-1,False,GCACTCTGTTCGTCTC-1_contig_1,False,574,TRB,TRBV12-2+TRBV13-2,None,TRBJ1-2,TRBC1,True,True,CASGGGTGNSDYTF,TGTGCCAGCGGTGGGGGGACAGGGAACTCCGACTACACCTTC,1308,1,None,None
GCACTCTGTTGATTCG-1,False,GCACTCTGTTGATTCG-1_contig_1,False,349,TRA,None,None,TRAJ24,TRAC,False,False,None,None,2554,1,None,None
GCAGCCAAGAACAATC-1,False,GCAGCCAAGAACAATC-1_contig_1,False,525,TRB,TRBV17,None,TRBJ2-5,None,True,True,CASSRKGVQDTQYF,TGTGCTAGCAGTAGAAAGGGGGTCCAAGACACCCAGTACTTT,2202,1,None,None
GCAGCCAAGAAGATTC-1,False,GCAGCCAAGAAGATTC-1_contig_1,False,561,TRB,TRBV12-2+TRBV13-2,None,TRBJ1-2,TRBC1,True,True,CASGGGTGNSDYTF,TGTGCCAGCGGTGGGGGGACAGGGAACTCCGACTACACCTTC,1890,1,None,None
GCAGCCAAGACTGGGT-1,False,GCAGCCAAGACTGGGT-1_contig_1,False,337,TRB,TRBV13-2,None,TRBJ2-5,None,True,False,CASGVQGDTQYF,TGTGCCAGCGGTGTTCAGGGGGACACCCAGTACTTT,2220,1,None,None
GCAGCCAAGCACAGGT-1,False,GCAGCCAAGCACAGGT-1_contig_1,False,565,TRB,TRBV12-2+TRBV13-2,None,TRBJ2-7,None,True,True,CASGTGGDYEQYF,TGTGCCAGCGGGACTGGGGGGGATTATGAACAGTACTTC,712,1,None,None
GCAGCCAAGTCGAGTG-1,False,GCAGCCAAGTCGAGTG-1_contig_1,False,549,TRB,TRBV16,None,TRBJ2-5,None,True,True,CASSLGGGQDTQYF,TGTGCAAGCAGCTTAGGGGGGGGCCAAGACACCCAGTACTTT,540,1,None,None
GCAGCCACATACAGCT-1,False,GCAGCCACATACAGCT-1_contig_1,False,543,TRA,TRAV6-7-DV9,None,TRAJ56,TRAC,True,True,CALRATGGNNKLTF,TGTGCTCTGAGGGCTACTGGAGGCAATAATAAGCTGACTTTT,2250,1,None,None
GCAGCCACATACTCTT-1,False,GCAGCCACATACTCTT-1_contig_1,False,557,TRB,TRBV12-2+TRBV13-2,None,TRBJ2-7,None,True,True,CASGVQGEQYF,TGTGCCAGCGGTGTTCAGGGAGAACAGTACTTC,1426,1,None,None
GCAGCCACATACTCTT-1,False,GCAGCCACATACTCTT-1_contig_2,False,406,TRB,None,None,TRBJ2-1,None,False,False,None,None,3342,1,None,None
GCAGCCACATGCCCGA-1,False,GCAGCCACATGCCCGA-1_contig_1,False,546,TRA,TRAV16N,None,TRAJ9,TRAC,True,True,CAMRESNMGYKLTF,TGTGCTATGAGAGAGAGCAACATGGGCTACAAACTTACCTTC,682,1,None,None
GCAGCCAGTAGGGACT-1,False,GCAGCCAGTAGGGACT-1_contig_1,False,551,TRB,TRBV12-2+TRBV13-2,None,TRBJ2-7,None,True,True,CASGGQGEQYF,TGTGCCAGCGGCGGACAGGGTGAACAGTACTTC,1342,1,None,None
GCAGCCAGTCTAAACC-1,False,GCAGCCAGTCTAAACC-1_contig_1,False,373,TRB,None,None,TRBJ1-6,TRBC1,False,False,None,None,2072,1,None,None
GCAGCCAGTGTCGCTG-1,False,GCAGCCAGTGTCGCTG-1_contig_1,False,563,TRB,TRBV12-2+TRBV13-2,None,TRBJ1-5,TRBC1,True,True,CASGTGDNQAPLF,TGTGCCAGCGGGACGGGGGACAACCAGGCTCCGCTTTTT,1202,1,None,None
GCAGCCAGTTCTGTTT-1,False,GCAGCCAGTTCTGTTT-1_contig_1,False,569,TRB,TRBV12-2+TRBV13-2,None,TRBJ1-2,TRBC1,True,True,CASGGGTGNSDYTF,TGTGCCAGCGGTGGGGGGACAGGGAACTCCGACTACACCTTC,1624,1,None,None
GCAGCCAGTTGTGGAG-1,False,GCAGCCAGTTGTGGAG-1_contig_1,False,374,TRB,None,None,TRBJ1-3,TRBC1,False,False,None,None,1546,1,None,None
GCAGTTAAGAAGCCCA-1,False,GCAGTTAAGAAGCCCA-1_contig_1,False,484,TRA,TRAV14D-3-DV8,None,TRAJ6,None,False,False,CAARTSGGNYKPTF,TGTGCAGCAAGAACCTCAGGAGGAAACTACAAACCTACGTTT,204,1,None,None
GCAGTTAAGAATAGGG-1,False,GCAGTTAAGAATAGGG-1_contig_1,False,515,TRB,TRBV13-1,None,TRBJ1-4,TRBC1,True,True,CASGTGANERLFF,TGTGCCAGCGGGACAGGGGCCAACGAAAGATTATTTTTC,894,1,None,None
GCAGTTAAGAGGGATA-1,False,GCAGTTAAGAGGGATA-1_contig_1,False,527,TRB,TRBV15,None,TRBJ1-3,TRBC1,True,True,CASSLNRGSSGNTLYF,TGTGCCAGCAGTTTAAACAGGGGGAGTTCTGGAAATACGCTCTATTTT,1134,1,None,None
GCAGTTAAGGAGTCTG-1,False,GCAGTTAAGGAGTCTG-1_contig_1,True,541,TRA,TRAV8D-1,None,TRAJ30,TRAC,True,True,CATDTNAYKVIF,TGTGCTACTGACACAAATGCTTACAAAGTCATCTTT,1694,1,None,None
GCAGTTAAGGAGTCTG-1,False,GCAGTTAAGGAGTCTG-1_contig_2,True,370,TRB,None,None,TRBJ1-3,TRBC1,False,False,None,None,4266,3,None,None
GCAGTTAAGGCACATG-1,False,GCAGTTAAGGCACATG-1_contig_1,False,537,TRA,TRAV3-3,None,TRAJ49,TRAC,True,True,CAVSGSTGYQNFYF,TGCGCAGTCAGTGGGAGCACGGGTTACCAGAACTTCTATTTT,2166,1,None,None
GCAGTTAAGTACGCGA-1,False,GCAGTTAAGTACGCGA-1_contig_1,False,478,TRB,TRBV13-1,None,TRBJ2-1,None,True,False,CASSDNYAEQFF,TGTGCCAGCAGTGACAACTATGCTGAGCAGTTCTTC,2018,1,None,None
GCAGTTACAAGTTCTG-1,False,GCAGTTACAAGTTCTG-1_contig_1,False,523,TRB,TRBV12-2+TRBV13-2,None,TRBJ1-2,TRBC1,True,True,CASGGGTGNSDYTF,TGTGCCAGCGGTGGGGGGACAGGGAACTCCGACTACACCTTC,1412,1,None,None
GCAGTTACACGAGGTA-1,False,GCAGTTACACGAGGTA-1_contig_1,False,548,TRB,TRBV13-2,None,TRBJ2-1,None,True,True,CASGDPFQFF,TGTGCCAGCGGTGATCCTTTCCAGTTCTTC,1512,1,None,None
GCAGTTACACGAGGTA-1,False,GCAGTTACACGAGGTA-1_contig_2,False,549,TRA,TRAV8N-2,None,TRAJ13,TRAC,True,True,CATEDSGTYQRF,TGTGCTACTGAGGATTCTGGGACTTACCAGAGGTTT,440,1,None,None
GCAGTTACACTGTTAG-1,False,GCAGTTACACTGTTAG-1_contig_1,False,568,TRB,TRBV12-2+TRBV13-2,None,TRBJ1-2,TRBC1,True,True,CASGGGTGNSDYTF,TGTGCCAGCGGTGGGGGGACAGGGAACTCCGACTACACCTTC,738,1,None,None
GCAGTTACAGCTCGCA-1,False,GCAGTTACAGCTCGCA-1_contig_1,False,409,TRB,TRBV13-1,None,TRBJ2-3,None,True,False,CASGDSAETLYF,TGTGCCAGCGGGGACAGTGCAGAAACGCTGTATTTT,174,2,None,None
GCAGTTACAGTAGAGC-1,False,GCAGTTACAGTAGAGC-1_contig_1,False,549,TRA,TRAV8N-2,None,TRAJ13,TRAC,True,True,CATEDSGTYQRF,TGTGCTACTGAGGATTCTGGGACTTACCAGAGGTTT,2254,1,None,None
GCAGTTAGTGACTCAT-1,False,GCAGTTAGTGACTCAT-1_contig_1,False,553,TRA,TRAV4D-3,None,TRAJ27,TRAC,True,True,CAADGPNTGKLTF,TGTGCTGCTGACGGGCCCAATACAGGCAAATTAACCTTT,1250,1,None,None
GCAGTTATCAAGATCC-1,False,GCAGTTATCAAGATCC-1_contig_1,False,639,TRB,None,None,TRBJ2-5,None,False,False,None,None,1310,1,None,None
GCAGTTATCATACGGT-1,False,GCAGTTATCATACGGT-1_contig_1,False,564,TRB,TRBV12-2,None,TRBJ2-7,None,True,True,CASSLRDIYEQYF,TGTGCCAGCTCCCTCCGGGACATCTATGAACAGTACTTC,1796,2,None,None
GCAGTTATCATACGGT-1,False,GCAGTTATCATACGGT-1_contig_2,False,558,TRA,TRAV5-4,None,TRAJ37,TRAC,True,False,None,None,2616,1,None,None
GCAGTTATCGCCATAA-1,False,GCAGTTATCGCCATAA-1_contig_1,False,467,TRB,TRBV12-2+TRBV13-2,None,TRBJ2-1,None,True,True,CASGTGGYAEQFF,TGTGCCAGCGGGACAGGGGGCTATGCTGAGCAGTTCTTC,68,1,None,None
GCAGTTATCGTACCGG-1,False,GCAGTTATCGTACCGG-1_contig_1,False,673,TRB,None,None,TRBJ2-4,None,False,False,None,None,908,1,None,None
GCAGTTATCTGATTCT-1,False,GCAGTTATCTGATTCT-1_contig_1,False,557,TRB,TRBV12-2+TRBV13-2,None,TRBJ2-7,None,True,True,CASGALWEQYF,TGTGCCAGCGGGGCTCTATGGGAACAGTACTTC,368,1,None,None
GCAGTTATCTTAGAGC-1,False,GCAGTTATCTTAGAGC-1_contig_1,False,509,TRA,TRAV3-3,None,TRAJ49,TRAC,True,True,CAVSGATGYQNFYF,TGCGCAGTCAGTGGGGCCACGGGTTACCAGAACTTCTATTTT,2020,1,None,None
GCATACAAGACGCACA-1,False,GCATACAAGACGCACA-1_contig_1,False,549,TRB,TRBV16,None,TRBJ2-5,None,True,True,CASSFGGGEDTQYF,TGTGCAAGCAGCTTTGGGGGGGGGGAAGACACCCAGTACTTT,506,1,None,None
GCATACAAGACGCACA-1,False,GCATACAAGACGCACA-1_contig_2,False,552,TRA,TRAV3-3,None,TRAJ49,TRAC,True,True,CAVSGATGYQNFYF,TGCGCAGTCAGTGGGGCCACGGGTTACCAGAACTTCTATTTT,1878,1,None,None
GCATACAAGCATGGCA-1,False,GCATACAAGCATGGCA-1_contig_1,False,559,TRA,TRAV4D-3,None,TRAJ27,TRAC,True,True,CAADGPNTGKLTF,TGTGCTGCGGACGGACCCAATACAGGCAAATTAACCTTT,1352,1,None,None
GCATACAAGGCGTACA-1,False,GCATACAAGGCGTACA-1_contig_1,False,549,TRB,TRBV16,None,TRBJ2-5,None,True,True,CASSFGGGLDTQYF,TGTGCAAGCAGCTTTGGGGGGGGCCTGGACACCCAGTACTTT,1982,1,None,None
GCATACAAGGTGATAT-1,False,GCATACAAGGTGATAT-1_contig_1,False,507,TRA,TRAV21-DV12,None,TRAJ42,TRAC,True,True,CILRVHGGSNAKLTF,TGTATCCTGAGAGTCCATGGAGGAAGCAATGCAAAGCTAACCTTC,2494,1,None,None
GCATACAAGTGGAGTC-1,False,GCATACAAGTGGAGTC-1_contig_1,False,569,TRA,TRAV3-3,None,TRAJ32,TRAC,True,True,CAVRPYGSSGNKLIF,TGCGCAGTCAGACCTTATGGGAGCAGTGGCAACAAGCTCATCTTT,152,1,None,None
GCATACACACACAGAG-1,False,GCATACACACACAGAG-1_contig_1,False,329,TRB,None,None,TRBJ2-5,None,False,False,None,None,34,1,None,None
GCATACACATAAAGGT-1,False,GCATACACATAAAGGT-1_contig_1,False,308,TRB,None,None,TRBJ2-1,None,False,False,None,None,3308,1,None,None
GCATACAGTACCGTAT-1,False,GCATACAGTACCGTAT-1_contig_1,False,558,TRA,TRAV19,None,TRAJ39,TRAC,True,True,CAAGGNNAGAKLTF,TGCGCAGCAGGTGGGAATAATGCAGGTGCCAAGCTCACATTC,2310,1,None,None
GCATACAGTCAGCTAT-1,False,GCATACAGTCAGCTAT-1_contig_1,False,443,TRA,None,None,TRAJ41,TRAC,False,False,None,None,1728,1,None,None
GCATACAGTCCGCTGA-1,False,GCATACAGTCCGCTGA-1_contig_1,False,558,TRA,TRAV19,None,TRAJ39,TRAC,True,True,CAAGGNNAGAKLTF,TGCGCAGCAGGTGGGAATAATGCAGGTGCCAAGCTCACATTC,2304,1,None,None
GCATACAGTCTTGCGG-1,False,GCATACAGTCTTGCGG-1_contig_1,False,516,TRB,TRBV12-2+TRBV13-2,None,TRBJ1-5,TRBC1,True,False,CASGTGDNQAPLF,TGTGCCAGCGGTACAGGAGACAACCAGGCTCCGCTTTTT,1470,1,None,None
GCATACAGTGAGGCTA-1,False,GCATACAGTGAGGCTA-1_contig_1,False,558,TRA,TRAV19,None,TRAJ39,TRAC,True,True,CAAGGNNAGAKLTF,TGCGCAGCAGGTGGGAATAATGCAGGTGCCAAGCTCACATTC,1890,1,None,None
GCATACAGTGCACCAC-1,False,GCATACAGTGCACCAC-1_contig_1,False,560,TRB,TRBV12-2+TRBV13-2,None,TRBJ2-7,None,True,True,CASGVQGGEQYF,TGTGCCAGCGGTGTGCAGGGGGGAGAACAGTACTTC,1340,1,None,None
GCATACAGTGCACGAA-1,False,GCATACAGTGCACGAA-1_contig_1,False,557,TRB,TRBV12-2+TRBV13-2,None,TRBJ1-2,TRBC1,True,True,CASGGQANSDYTF,TGTGCCAGCGGTGGACAGGCAAACTCCGACTACACCTTC,1220,1,None,None
GCATACATCCATGCTC-1,False,GCATACATCCATGCTC-1_contig_1,False,558,TRB,TRBV12-2+TRBV13-2,None,TRBJ2-7,None,True,True,CASGVQGEQYF,TGTGCCAGCGGTGTTCAGGGAGAACAGTACTTC,1966,1,None,None
GCATACATCTCTTATG-1,False,GCATACATCTCTTATG-1_contig_1,False,335,TRB,None,None,TRBJ2-1,None,False,False,None,None,2794,1,None,None
GCATGATAGCACCGTC-1,False,GCATGATAGCACCGTC-1_contig_1,False,530,TRA,TRAV19,None,TRAJ39,TRAC,True,True,CAAGGNNAGAKLTF,TGCGCAGCAGGTGGGAATAATGCAGGTGCCAAGCTCACATTC,6836,4,None,None
GCATGATAGCACCGTC-1,False,GCATGATAGCACCGTC-1_contig_2,False,481,TRB,TRBV12-2+TRBV13-2,None,TRBJ1-2,None,True,True,CASGGGTGNSDYTF,TGTGCCAGCGGTGGGGGGACAGGGAACTCCGACTACACCTTC,498,2,None,None
GCATGATAGCACCGTC-1,False,GCATGATAGCACCGTC-1_contig_3,True,562,TRB,TRBV16,None,TRBJ2-5,None,False,False,CKQLRGGPRHPVLW,TGCAAGCAGCTTAGGGGGGGGCCAAGACACCCAGTACTTTGG,2962,4,None,None
GCATGATAGGGTCGAT-1,False,GCATGATAGGGTCGAT-1_contig_1,False,549,TRB,TRBV16,None,TRBJ2-5,None,True,True,CASSLGGGQDTQYF,TGTGCAAGCAGCTTAGGGGGGGGCCAAGACACCCAGTACTTT,1368,1,None,None
GCATGATAGTGAAGAG-1,False,GCATGATAGTGAAGAG-1_contig_1,False,501,TRB,TRBV13-1,None,TRBJ2-3,None,True,True,CASGDSAETLYF,TGTGCCAGCGGGGACAGTGCAGAAACGCTGTATTTT,876,1,None,None
GCATGATAGTGTCCAT-1,False,GCATGATAGTGTCCAT-1_contig_1,False,558,TRA,TRAV19,None,TRAJ39,TRAC,True,True,CAAGGNNAGAKLTF,TGCGCAGCAGGTGGGAATAATGCAGGTGCCAAGCTCACATTC,2724,2,None,None
GCATGATAGTGTCCAT-1,False,GCATGATAGTGTCCAT-1_contig_2,False,566,TRB,TRBV12-2+TRBV13-2,None,TRBJ1-2,TRBC1,True,True,CASGGGTGNSDYTF,TGTGCCAGCGGTGGGGGGACAGGGAACTCCGACTACACCTTC,2434,2,None,None
GCATGATAGTGTCCAT-1,False,GCATGATAGTGTCCAT-1_contig_3,False,549,TRA,TRAV8N-2,None,TRAJ13,TRAC,True,True,CATEDSGTYQRF,TGTGCTACTGAGGATTCTGGGACTTACCAGAGGTTT,1394,1,None,None
GCATGATAGTTTCCTT-1,False,GCATGATAGTTTCCTT-1_contig_1,False,549,TRB,TRBV16,None,TRBJ2-5,None,True,True,CASSFGGGQDTQYF,TGTGCAAGCAGCTTTGGGGGGGGCCAAGACACCCAGTACTTT,1214,1,None,None
GCATGATCAATAGCGG-1,False,GCATGATCAATAGCGG-1_contig_1,False,598,TRB,TRBV12-2+TRBV13-2,None,TRBJ2-7,None,True,True,CASGTGGDYEQYF,TGTGCCAGCGGGACTGGGGGGGACTATGAACAGTACTTC,1176,1,None,None
GCATGATCACATAACC-1,False,GCATGATCACATAACC-1_contig_1,False,512,TRB,TRBV13-1,None,TRBJ2-1,None,True,True,CASGGAYAEQFF,TGTGCCAGCGGGGGGGCGTATGCTGAGCAGTTCTTC,1656,2,None,None
GCATGATCACGAAACG-1,False,GCATGATCACGAAACG-1_contig_1,False,577,TRA,TRAV19,None,TRAJ39,TRAC,True,True,CAAGGNNAGAKLTF,TGCGCAGCAGGTGGGAATAATGCAGGTGCCAAGCTCACATTC,1804,1,None,None
GCATGATCACTGTTAG-1,False,GCATGATCACTGTTAG-1_contig_1,False,599,TRB,TRBV13-1,None,TRBJ2-3,None,True,False,CASGDSAETLYF,TGTGCCAGCGGGGACAGTGCAGAAACGCTGTATTTT,828,1,None,None
GCATGATCAGATGGCA-1,False,GCATGATCAGATGGCA-1_contig_1,False,539,TRA,TRAV8-1,None,TRAJ30,TRAC,True,True,CATDTNAYKVIF,TGTGCTACTGACACAAATGCTTACAAAGTCATCTTT,2192,1,None,None
GCATGATCAGATGGCA-1,False,GCATGATCAGATGGCA-1_contig_2,False,561,TRB,TRBV12-2+TRBV13-2,None,TRBJ1-5,TRBC1,True,True,CASGTGDNQAPLF,TGTGCCAGCGGGACAGGGGACAACCAGGCTCCGCTTTTT,90,4,None,None
GCATGATCAGATGGCA-1,False,GCATGATCAGATGGCA-1_contig_3,True,523,TRA,TRAV13N-1,None,TRAJ45,TRAC,True,False,None,None,2388,1,None,None
GCATGATCAGCATGAG-1,False,GCATGATCAGCATGAG-1_contig_1,False,525,TRB,TRBV17,None,TRBJ2-5,None,True,True,CASSRKGSQDTQYF,TGTGCTAGCAGTAGAAAGGGTTCTCAAGACACCCAGTACTTT,2446,1,None,None
GCATGATCATTAACCG-1,False,GCATGATCATTAACCG-1_contig_1,False,380,TRB,None,None,TRBJ2-1,None,False,False,None,None,2928,1,None,None
GCATGATCATTAACCG-1,False,GCATGATCATTAACCG-1_contig_2,False,608,TRB,TRBV13-1,None,TRBJ2-5,None,True,False,CASSDGDDTQYF,TGTGCCAGCAGTGACGGGGACGACACCCAGTACTTT,1298,1,None,None
GCATGATGTAAAGGAG-1,False,GCATGATGTAAAGGAG-1_contig_1,False,566,TRB,TRBV12-2+TRBV13-2,None,TRBJ1-2,TRBC1,True,True,CASGGGTGNSDYTF,TGTGCCAGCGGTGGGGGGACAGGGAACTCCGACTACACCTTC,1342,1,None,None
GCATGATGTACCAGTT-1,False,GCATGATGTACCAGTT-1_contig_1,False,549,TRB,TRBV16,None,TRBJ2-5,None,True,True,CASSLGGGQDTQYF,TGTGCAAGCAGCTTAGGGGGGGGCCAAGACACCCAGTACTTT,4050,3,None,None
GCATGATGTACCAGTT-1,False,GCATGATGTACCAGTT-1_contig_2,False,535,TRA,TRAV19,None,TRAJ39,TRAC,True,True,CAAGGNNAGAKLTF,TGCGCAGCAGGTGGGAATAATGCAGGTGCCAAGCTCACATTC,2676,1,None,None
GCATGATGTACCAGTT-1,False,GCATGATGTACCAGTT-1_contig_3,False,569,TRA,TRAV4D-3,None,TRAJ27,TRAC,True,True,CAADGPNTGKLTF,TGTGCTGCGGACGGACCCAATACAGGCAAATTAACCTTT,1384,1,None,None
GCATGATGTACCAGTT-1,False,GCATGATGTACCAGTT-1_contig_4,False,499,TRA,TRAV7N-6,None,TRAJ30,TRAC,True,True,CAVVDTNAYKVIF,TGTGCAGTGGTTGACACAAATGCTTACAAAGTCATCTTT,1924,1,None,None
GCATGATGTCGACTGC-1,False,GCATGATGTCGACTGC-1_contig_1,False,597,TRA,TRAV14D-3-DV8,None,TRAJ6,TRAC,True,True,CAARTSGGNYKPTF,TGTGCAGCAAGAACCTCAGGAGGAAACTACAAACCTACGTTT,1794,1,None,None
GCATGATGTCTCCCTA-1,False,GCATGATGTCTCCCTA-1_contig_1,False,369,TRB,None,None,TRBJ1-2,TRBC1,False,False,None,None,2078,1,None,None
GCATGATGTGTTGAGG-1,False,GCATGATGTGTTGAGG-1_contig_1,False,575,TRB,TRBV12-2+TRBV13-2,None,TRBJ2-2,None,True,True,CASGGTGGANTGQLYF,TGTGCCAGCGGTGGGACTGGGGGGGCTAACACCGGGCAGCTCTACTTT,1446,1,None,None
GCATGATGTTCTCATT-1,False,GCATGATGTTCTCATT-1_contig_1,False,574,TRB,TRBV13-3,None,TRBJ2-1,None,True,False,CASKDTYYAEQFF,TGTGCCAGCAAGGACACCTACTATGCTGAGCAGTTCTTC,384,1,None,None
GCATGATTCAAAGTAG-1,False,GCATGATTCAAAGTAG-1_contig_1,False,564,TRA,TRAV12-1,None,TRAJ40,TRAC,True,False,CPVLLCSEWPNTGNYKYVF,TGCCCTGTACTACTGTGCTCTGAGTGGCCTAATACAGGAAACTACAAATACGTCTTT,1978,1,None,None
GCATGATTCCTAGGGC-1,False,GCATGATTCCTAGGGC-1_contig_1,False,445,TRB,None,None,TRBJ2-1,None,False,False,None,None,2758,1,None,None
GCATGATTCGTTGACA-1,False,GCATGATTCGTTGACA-1_contig_1,False,568,TRB,TRBV12-2+TRBV13-2,None,TRBJ1-2,TRBC1,True,True,CASGGGTGNSDYTF,TGTGCCAGCGGTGGGGGGACAGGGAACTCCGACTACACCTTC,1208,1,None,None
GCATGATTCTGTTTGT-1,False,GCATGATTCTGTTTGT-1_contig_1,False,580,TRB,TRBV12-2+TRBV13-2,None,TRBJ1-2,TRBC1,True,True,CASGGGTGNSDYTF,TGTGCCAGCGGTGGGGGGACAGGGAACTCCGACTACACCTTC,1344,1,None,None
GCATGATTCTGTTTGT-1,False,GCATGATTCTGTTTGT-1_contig_2,False,549,TRA,TRAV8N-2,None,TRAJ13,TRAC,True,True,CATEDSGTYQRF,TGTGCTACTGAGGATTCTGGGACTTACCAGAGGTTT,2538,1,None,None
GCATGATTCTTGTATC-1,False,GCATGATTCTTGTATC-1_contig_1,False,487,TRB,TRBV13-1,None,TRBJ2-3,None,True,False,CASGDSAETLYF,TGTGCCAGCGGGGACAGTGCAGAAACGCTGTATTTT,1296,1,None,None
GCATGCGAGACGACGT-1,False,GCATGCGAGACGACGT-1_contig_1,False,550,TRA,TRAV3-3,None,TRAJ32,TRAC,True,True,CAVRPYGSSGNKLIF,TGCGCAGTCAGACCTTATGGGAGCAGTGGCAACAAGCTCATCTTT,1430,2,None,None
GCATGCGAGATACACA-1,False,GCATGCGAGATACACA-1_contig_1,False,521,TRA,TRAV8-1,None,TRAJ30,TRAC,True,True,CATDTNAYKVIF,TGTGCTACTGACACAAATGCTTACAAAGTCATCTTT,2948,1,None,None
GCATGCGAGATACACA-1,False,GCATGCGAGATACACA-1_contig_2,False,531,TRB,TRBV13-2,None,TRBJ1-5,TRBC1,True,True,CASGTGDNQAPLF,TGTGCCAGCGGGACAGGGGACAACCAGGCTCCGCTTTTT,1440,1,None,None
GCATGCGAGATACACA-1,False,GCATGCGAGATACACA-1_contig_3,True,337,TRB,None,None,TRBJ2-1,None,False,False,None,None,1862,1,None,None
GCATGCGAGATATACG-1,False,GCATGCGAGATATACG-1_contig_1,False,519,TRA,TRAV8-1,None,TRAJ30,TRAC,True,True,CATDTNAYKVIF,TGTGCTACTGACACAAATGCTTACAAAGTCATCTTT,200,2,None,None
GCATGCGAGCCTTGAT-1,False,GCATGCGAGCCTTGAT-1_contig_1,False,567,TRB,TRBV12-2+TRBV13-2,None,TRBJ1-2,TRBC1,True,True,CASGGGTGNSDYTF,TGTGCCAGCGGTGGGGGGACAGGGAACTCCGACTACACCTTC,716,1,None,None
GCATGCGAGGCAATTA-1,False,GCATGCGAGGCAATTA-1_contig_1,False,549,TRA,TRAV6-6,None,TRAJ24,TRAC,True,True,CAPLTTASLGKLQF,TGTGCTCCGTTGACAACTGCCAGTTTGGGGAAACTGCAGTTT,2782,2,None,None
GCATGCGAGGCAATTA-1,False,GCATGCGAGGCAATTA-1_contig_2,False,566,TRA,TRAV3D-3,None,TRAJ30,TRAC,True,True,CAVRADTNAYKVIF,TGCGCAGTCAGGGCTGACACAAATGCTTACAAAGTCATCTTT,3580,5,None,None
GCATGCGAGGCAATTA-1,False,GCATGCGAGGCAATTA-1_contig_3,False,512,TRB,TRBV13-1,None,TRBJ2-4,None,True,True,CASSEGTNTLYF,TGTGCCAGCAGTGAAGGAACAAACACCTTGTACTTT,54682,39,None,None
GCATGCGAGGCAATTA-1,False,GCATGCGAGGCAATTA-1_contig_4,False,720,TRA,TRAV9D-2,None,TRAJ26,TRAC,True,True,CVLSRGNNYAQGLTF,TGTGTTCTGAGCAGGGGCAATAACTATGCCCAGGGATTAACCTTC,8808,7,None,None
GCATGCGAGGCGTACA-1,False,GCATGCGAGGCGTACA-1_contig_1,False,606,TRB,TRBV12-2+TRBV13-2,None,TRBJ1-5,TRBC1,True,True,CASGTGDNQAPLF,TGTGCCAGCGGTACAGGAGACAACCAGGCTCCGCTTTTT,1230,1,None,None
GCATGCGAGTGGAGTC-1,False,GCATGCGAGTGGAGTC-1_contig_1,False,501,TRB,TRBV13-1,None,TRBJ2-4,None,True,True,CASSEGTNTLYF,TGTGCCAGCAGTGAAGGAACAAACACCTTGTACTTT,2012,1,None,None
GCATGCGCAAGAAAGG-1,False,GCATGCGCAAGAAAGG-1_contig_1,False,565,TRA,TRAV3D-3,None,TRAJ28,TRAC,True,False,CTSAQSVRGTGSNRLTF,TGTACTTCTGCGCAGTCAGTGAGGGGCACTGGGAGTAACAGGCTCACTTTT,1864,1,None,None
GCATGCGCAATGGAGC-1,False,GCATGCGCAATGGAGC-1_contig_1,False,592,TRB,TRBV12-2+TRBV13-2,None,TRBJ1-5,TRBC1,True,True,CASGTGDNQAPLF,TGTGCCAGCGGTACAGGAGACAACCAGGCTCCGCTTTTT,1662,1,None,None
GCATGCGGTATAAACG-1,False,GCATGCGGTATAAACG-1_contig_1,False,527,TRB,TRBV13-1,None,TRBJ2-1,None,True,False,CASGGAYAEQFF,TGTGCCAGCGGGGGGGCGTATGCTGAGCAGTTCTTC,984,1,None,None
GCATGCGGTCGATTGT-1,False,GCATGCGGTCGATTGT-1_contig_1,False,568,TRB,TRBV12-2+TRBV13-2,None,TRBJ1-2,TRBC1,True,True,CASGGGTGNSDYTF,TGTGCCAGCGGTGGGGGGACAGGGAACTCCGACTACACCTTC,1438,1,None,None
GCATGCGGTCGCCATG-1,False,GCATGCGGTCGCCATG-1_contig_1,False,562,TRA,TRAV4D-3,None,TRAJ27,TRAC,True,True,CAADGPNTGKLTF,TGTGCTGCTGACGGGCCCAATACAGGCAAATTAACCTTT,1576,1,None,None
GCATGCGGTCTGCCAG-1,False,GCATGCGGTCTGCCAG-1_contig_1,False,520,TRB,TRBV16,None,TRBJ2-5,None,True,True,CASSFGGGLDTQYF,TGTGCAAGCAGCTTTGGGGGGGGCCTGGACACCCAGTACTTT,2452,1,None,None
GCATGCGGTGAACCTT-1,False,GCATGCGGTGAACCTT-1_contig_1,False,500,TRA,TRAV1,None,TRAJ12,TRAC,True,True,CAVRDRAGGYKVVF,TGTGCTGTGAGGGATCGGGCTGGAGGCTATAAAGTGGTCTTT,358,1,None,None
GCATGCGTCATGCAAC-1,False,GCATGCGTCATGCAAC-1_contig_1,False,393,TRB,TRBV13-2,None,TRBJ1-2,TRBC1,True,False,CASGGGTGNSDYTF,TGTGCCAGCGGTGGGGGGACAGGGAACTCCGACTACACCTTC,1946,2,None,None
GCATGCGTCCTAAGTG-1,False,GCATGCGTCCTAAGTG-1_contig_1,False,624,TRA,TRAV16D-DV11,None,TRAJ26,TRAC,True,True,CAMREENNYAQGLTF,TGTGCTATGAGAGAGGAAAATAACTATGCCCAGGGATTAACCTTC,1742,1,None,None
GCATGCGTCCTATGTT-1,False,GCATGCGTCCTATGTT-1_contig_1,False,591,TRB,TRBV12-2+TRBV13-2,None,TRBJ2-3,None,True,True,CASGDAPPGEGTLYF,TGTGCCAGCGGTGATGCACCTCCAGGGGAGGGAACGCTGTATTTT,1428,1,None,None
GCATGCGTCCTATGTT-1,False,GCATGCGTCCTATGTT-1_contig_2,False,566,TRA,TRAV12-2,None,TRAJ34,TRAC,True,True,CALSGNTNKVVF,TGTGCTTTGAGTGGCAATACCAACAAAGTCGTCTTT,2080,1,None,None
GCATGCGTCGTGGTCG-1,False,GCATGCGTCGTGGTCG-1_contig_1,False,504,TRB,None,None,TRBJ1-1,TRBC1,False,False,None,None,136,1,None,None
GCATGCGTCTAAGCCA-1,False,GCATGCGTCTAAGCCA-1_contig_1,False,541,TRA,TRAV8D-1,None,TRAJ30,TRAC,True,True,CALDTNAYKVIF,TGTGCCCTCGACACAAATGCTTACAAAGTCATCTTT,2476,1,None,None
GCATGTAAGAATGTGT-1,False,GCATGTAAGAATGTGT-1_contig_1,False,364,TRB,None,None,TRBJ1-1,TRBC1,False,False,None,None,2174,1,None,None
GCATGTAAGTCTCCTC-1,False,GCATGTAAGTCTCCTC-1_contig_1,True,534,TRA,TRAV13D-2,None,TRAJ26,TRAC,True,True,CAIDRYAQGLTF,TGTGCTATAGATCGCTATGCCCAGGGATTAACCTTC,1146,1,None,None
GCATGTAAGTCTCCTC-1,False,GCATGTAAGTCTCCTC-1_contig_2,True,756,TRB,TRBV16,None,TRBJ2-5,None,False,False,CKQLRGGPRHPVLW,TGCAAGCAGCTTAGGGGGGGGCCAAGACACCCAGTACTTTGG,1480,2,None,None
GCATGTAAGTCTCCTC-1,False,GCATGTAAGTCTCCTC-1_contig_3,True,332,TRB,None,None,TRBJ2-3,None,False,False,None,None,554,1,None,None
GCATGTAAGTGGTAAT-1,False,GCATGTAAGTGGTAAT-1_contig_1,False,750,TRA,TRAV9D-2,None,TRAJ26,TRAC,True,True,CVLSRGNNYAQGLTF,TGTGTTCTGAGCAGGGGCAATAACTATGCCCAGGGATTAACCTTC,2034,1,None,None
GCATGTAAGTTACGGG-1,False,GCATGTAAGTTACGGG-1_contig_1,False,512,TRB,TRBV13-1,None,TRBJ2-4,None,True,True,CASSEGTNTLYF,TGTGCCAGCAGTGAAGGAACAAACACCTTGTACTTT,2236,1,None,None
GCATGTACAAAGGTGC-1,False,GCATGTACAAAGGTGC-1_contig_1,False,512,TRB,TRBV13-1,None,TRBJ2-4,None,True,True,CASSEGTNTLYF,TGTGCCAGCAGTGAAGGAACAAACACCTTGTACTTT,1906,1,None,None
GCATGTACACGGTAAG-1,False,GCATGTACACGGTAAG-1_contig_1,False,505,TRB,TRBV13-1,None,TRBJ2-4,None,True,True,CASSEGTNTLYF,TGTGCCAGCAGTGAAGGAACAAACACCTTGTACTTT,1754,1,None,None
GCATGTACATCACCCT-1,False,GCATGTACATCACCCT-1_contig_1,False,549,TRB,TRBV16,None,TRBJ2-5,None,True,True,CASSLGGGQDTQYF,TGTGCAAGCAGCTTAGGGGGGGGGCAAGACACCCAGTACTTT,1722,1,None,None
GCATGTACATCCTAGA-1,False,GCATGTACATCCTAGA-1_contig_1,False,537,TRA,TRAV3-3,None,TRAJ49,TRAC,True,True,CAVSGSTGYQNFYF,TGCGCAGTCAGTGGGAGCACGGGTTACCAGAACTTCTATTTT,1126,1,None,None
GCATGTAGTAAAGTCA-1,False,GCATGTAGTAAAGTCA-1_contig_1,False,564,TRB,TRBV12-2+TRBV13-2,None,TRBJ2-1,None,True,True,CASGTGDYAEQFF,TGTGCCAGCGGGACTGGGGACTATGCTGAGCAGTTCTTC,372,2,None,None
GCATGTAGTCGCGTGT-1,False,GCATGTAGTCGCGTGT-1_contig_1,False,319,TRB,None,None,TRBJ2-7,None,False,False,None,None,52,1,None,None
GCATGTAGTTGCGTTA-1,False,GCATGTAGTTGCGTTA-1_contig_1,False,568,TRA,TRAV10N,None,TRAJ23,TRAC,True,True,CAASNRYNQGKLIF,TGTGCAGCAAGCAACCGGTATAACCAGGGGAAGCTTATCTTT,2218,1,None,None
GCATGTATCAACACAC-1,False,GCATGTATCAACACAC-1_contig_1,False,568,TRA,TRAV4D-3,None,TRAJ27,TRAC,True,True,CAADGPNTGKLTF,TGTGCTGCGGACGGACCCAATACAGGCAAATTAACCTTT,1452,1,None,None
GCATGTATCACTTCAT-1,False,GCATGTATCACTTCAT-1_contig_1,False,555,TRA,TRAV3-3,None,TRAJ49,TRAC,True,True,CAVSGSTGYQNFYF,TGCGCAGTCAGTGGGAGCACGGGTTACCAGAACTTCTATTTT,1710,2,None,None
GCATGTATCACTTCAT-1,False,GCATGTATCACTTCAT-1_contig_2,False,596,TRB,TRBV12-2+TRBV13-2,None,TRBJ2-7,None,True,True,CASGVQGWEQYF,TGTGCCAGCGGTGTACAGGGGTGGGAACAGTACTTC,1770,2,None,None
GCATGTATCACTTCAT-1,False,GCATGTATCACTTCAT-1_contig_3,True,464,TRA,TRAV6D-5,None,TRAJ38,None,True,False,CTTVFWDNVGDNSKLIW,TGTACTACTGTGTTCTGGGATAATGTTGGTGACAACAGTAAGCTGATTTGG,1594,1,None,None
GCATGTATCGTGGACC-1,False,GCATGTATCGTGGACC-1_contig_1,False,519,TRB,TRBV31,None,TRBJ2-5,None,True,True,CAWSSDRFIQDTQYF,TGTGCCTGGAGTTCAGACAGGTTTATCCAAGACACCCAGTACTTT,1666,1,None,None
GCATGTATCTAACTTC-1,False,GCATGTATCTAACTTC-1_contig_1,False,566,TRA,TRAV3-3,None,TRAJ49,TRAC,True,True,CAVSGSTGYQNFYF,TGCGCAGTCAGTGGGAGCACGGGTTACCAGAACTTCTATTTT,1846,1,None,None
GCATGTATCTAACTTC-1,False,GCATGTATCTAACTTC-1_contig_2,False,560,TRB,TRBV12-2+TRBV13-2,None,TRBJ1-2,TRBC1,True,True,CASGGGTGNSDYTF,TGTGCCAGCGGTGGGGGGACAGGGAACTCCGACTACACCTTC,1628,1,None,None
GCATGTATCTAACTTC-1,False,GCATGTATCTAACTTC-1_contig_3,False,525,TRB,TRBV12-2+TRBV13-2,None,TRBJ2-7,None,True,True,CASGTGGDYEQYF,TGTGCCAGCGGGACTGGGGGGGACTATGAACAGTACTTC,1304,1,None,None
GCATGTATCTTGTCAT-1,False,GCATGTATCTTGTCAT-1_contig_1,False,640,TRB,TRBV12-2+TRBV13-2,None,TRBJ1-5,TRBC1,True,True,CASGTGDNQAPLF,TGTGCCAGCGGTACAGGGGACAACCAGGCTCCGCTTTTT,990,1,None,None
GCCAAATAGACTAGGC-1,False,GCCAAATAGACTAGGC-1_contig_1,False,368,TRB,None,None,TRBJ2-1,None,False,False,None,None,2214,1,None,None
GCCAAATAGGACACCA-1,False,GCCAAATAGGACACCA-1_contig_1,False,424,TRB,TRBV13-2,None,TRBJ2-7,None,True,False,CASGVQGEQYF,TGTGCCAGCGGTGTTCAGGGAGAACAGTACTTC,2132,1,None,None
GCCAAATAGTGGTAGC-1,False,GCCAAATAGTGGTAGC-1_contig_1,False,426,TRA,TRAV3-4,None,TRAJ48,TRAC,True,False,CTSAQGSNYGNEKITF,TGTACTTCTGCGCAGGGCTCCAACTATGGAAATGAGAAAATAACTTTT,2720,1,None,None
GCCAAATCAGGATTGG-1,False,GCCAAATCAGGATTGG-1_contig_1,True,544,TRA,TRAV12-1,None,TRAJ40,TRAC,True,True,CALSGDYKYVF,TGTGCTCTGAGTGGGGACTACAAATACGTCTTT,3522,3,None,None
GCCAAATCAGGATTGG-1,False,GCCAAATCAGGATTGG-1_contig_2,True,371,TRB,TRBV13-2,None,TRBJ2-2,None,True,False,CASGTGDTGQLYF,TGTGCCAGCGGGACAGGGGACACCGGGCAGCTCTACTTT,3020,3,None,None
GCCAAATCAGTTCCCT-1,False,GCCAAATCAGTTCCCT-1_contig_1,False,539,TRB,TRBV13-2,None,TRBJ2-7,None,True,True,CASGVQGWEQYF,TGTGCCAGCGGTGTACAGGGGTGGGAACAGTACTTC,1374,1,None,None
GCCAAATCATGGATGG-1,False,GCCAAATCATGGATGG-1_contig_1,False,505,TRB,TRBV13-1,None,TRBJ2-1,None,True,True,CASSDNYAEQFF,TGTGCCAGCAGTGACAACTATGCTGAGCAGTTCTTC,1490,1,None,None
GCCAAATGTACAGTGG-1,False,GCCAAATGTACAGTGG-1_contig_1,False,499,TRB,TRBV5,None,TRBJ2-2,None,True,True,CASSQDRHTGQLYF,TGTGCCAGCAGCCAAGATAGACACACCGGGCAGCTCTACTTT,54,1,None,None
GCCAAATGTATATGAG-1,False,GCCAAATGTATATGAG-1_contig_1,False,531,TRB,TRBV17,None,TRBJ2-1,None,True,True,CASSLLGGPDYAEQFF,TGTGCTAGCAGTCTACTGGGGGGGCCGGACTATGCTGAGCAGTTCTTC,1098,1,None,None
GCCAAATGTCAATGTC-1,False,GCCAAATGTCAATGTC-1_contig_1,False,566,TRB,TRBV12-2+TRBV13-2,None,TRBJ1-2,TRBC1,True,True,CASGGGTGNSDYTF,TGTGCCAGCGGTGGGGGGACAGGGAACTCCGACTACACCTTC,848,1,None,None
GCCAAATGTTCGTTGA-1,False,GCCAAATGTTCGTTGA-1_contig_1,False,559,TRA,TRAV4D-3,None,TRAJ27,TRAC,True,True,CAADGPNTGKLTF,TGTGCTGCGGACGGACCCAATACAGGCAAATTAACCTTT,1920,1,None,None
GCCAAATTCCCGACTT-1,False,GCCAAATTCCCGACTT-1_contig_1,False,597,TRB,TRBV12-2+TRBV13-2,None,TRBJ1-2,TRBC1,True,True,CASGGGTGNSDYTF,TGTGCCAGCGGTGGGGGGACAGGGAACTCCGACTACACCTTC,1440,1,None,None
GCCAAATTCCGTAGGC-1,False,GCCAAATTCCGTAGGC-1_contig_1,False,545,TRB,TRBV16,None,TRBJ2-5,None,True,True,CASSLGGGQDTQYF,TGTGCAAGCAGCTTAGGGGGGGGCCAAGACACCCAGTACTTT,202,1,None,None
GCCAAATTCCTTAATC-1,False,GCCAAATTCCTTAATC-1_contig_1,False,544,TRB,TRBV12-2+TRBV13-2,None,TRBJ1-5,TRBC1,True,True,CASGTGDNQAPLF,TGTGCCAGCGGGACAGGGGACAACCAGGCTCCGCTTTTT,1798,1,None,None
GCCTCTAAGAGTTGGC-1,False,GCCTCTAAGAGTTGGC-1_contig_1,False,563,TRB,TRBV12-2+TRBV13-2,None,TRBJ2-7,None,True,True,CASGTGGDYEQYF,TGTGCCAGCGGGACTGGGGGGGACTATGAACAGTACTTC,530,1,None,None
GCCTCTAAGATACACA-1,False,GCCTCTAAGATACACA-1_contig_1,False,560,TRA,TRAV4D-3,None,TRAJ27,TRAC,True,True,CAADGPNTGKLTF,TGTGCTGCGGACGGACCCAATACAGGCAAATTAACCTTT,1368,1,None,None
GCCTCTAAGATTACCC-1,False,GCCTCTAAGATTACCC-1_contig_1,False,549,TRB,TRBV16,None,TRBJ2-5,None,True,True,CASSLGGGQDTQYF,TGTGCAAGCAGCTTAGGGGGGGGGCAAGACACCCAGTACTTT,996,1,None,None
GCCTCTAAGGCGTACA-1,False,GCCTCTAAGGCGTACA-1_contig_1,False,569,TRB,TRBV12-2+TRBV13-2,None,TRBJ1-5,TRBC1,True,True,CASGTGDNQAPLF,TGTGCCAGCGGTACAGGGGACAACCAGGCTCCGCTTTTT,1000,1,None,None
GCCTCTAAGTTTCCTT-1,False,GCCTCTAAGTTTCCTT-1_contig_1,False,562,TRB,TRBV12-2+TRBV13-2,None,TRBJ1-5,TRBC1,True,True,CASGTGDNQAPLF,TGTGCCAGCGGGACAGGGGACAACCAGGCTCCGCTTTTT,1210,1,None,None
GCCTCTACACACCGCA-1,False,GCCTCTACACACCGCA-1_contig_1,False,600,TRB,TRBV12-2+TRBV13-2,None,TRBJ2-5,None,True,True,CASGAGMEDTQYF,TGTGCCAGCGGTGCAGGGATGGAAGACACCCAGTACTTT,814,1,None,None
GCCTCTACACATGTGT-1,False,GCCTCTACACATGTGT-1_contig_1,False,549,TRB,TRBV16,None,TRBJ2-5,None,True,True,CASSLGGYQDTQYF,TGTGCAAGCAGCTTAGGGGGCTACCAAGACACCCAGTACTTT,1892,1,None,None
GCCTCTACATTGGGCC-1,False,GCCTCTACATTGGGCC-1_contig_1,False,549,TRB,TRBV16,None,TRBJ2-5,None,True,True,CASSLGGGQDTQYF,TGTGCAAGCAGCTTAGGGGGGGGCCAAGACACCCAGTACTTT,1402,1,None,None
GCCTCTAGTGACAAAT-1,False,GCCTCTAGTGACAAAT-1_contig_1,False,525,TRA,TRAV7N-6,None,TRAJ30,TRAC,True,True,CAVVDTNAYKVIF,TGTGCAGTGGTTGACACAAATGCTTACAAAGTCATCTTT,1792,1,None,None
GCCTCTAGTGCACCAC-1,False,GCCTCTAGTGCACCAC-1_contig_1,False,548,TRB,TRBV12-2+TRBV13-2,None,TRBJ1-5,TRBC1,True,True,CASGTGDNQAPLF,TGTGCCAGCGGGACAGGGGACAACCAGGCTCCGCTTTTT,1156,1,None,None
GCCTCTAGTTTAGGAA-1,False,GCCTCTAGTTTAGGAA-1_contig_1,False,569,TRB,TRBV12-2+TRBV13-2,None,TRBJ1-2,TRBC1,True,True,CASGGGTGNSDYTF,TGTGCCAGCGGTGGGGGGACAGGGAACTCCGACTACACCTTC,624,1,None,None
GCCTCTATCAACGAAA-1,False,GCCTCTATCAACGAAA-1_contig_1,False,559,TRA,TRAV4D-3,None,TRAJ27,TRAC,True,True,CAADGPNTGKLTF,TGTGCTGCGGACGGACCCAATACAGGCAAATTAACCTTT,2310,1,None,None
GCCTCTATCCTAGGGC-1,False,GCCTCTATCCTAGGGC-1_contig_1,False,463,TRB,TRBV12-2+TRBV13-2,None,TRBJ2-7,None,True,True,CASGVQGEQYF,TGTGCCAGCGGTGTTCAGGGAGAACAGTACTTC,140,1,None,None
GCCTCTATCGAACGGA-1,False,GCCTCTATCGAACGGA-1_contig_1,False,408,TRB,TRBV13-2,None,TRBJ2-7,None,True,False,CASGVQGEQYF,TGTGCCAGCGGTGTTCAGGGAGAACAGTACTTC,1638,1,None,None
GCGACCAAGCTAAGAT-1,False,GCGACCAAGCTAAGAT-1_contig_1,False,445,TRB,None,None,TRBJ1-6,TRBC1,False,False,None,None,2274,1,None,None
GCGACCAAGGAATCGC-1,False,GCGACCAAGGAATCGC-1_contig_1,False,564,TRB,TRBV12-2+TRBV13-2,None,TRBJ2-7,None,True,True,CASGVQGGEQYF,TGTGCCAGCGGTGTGCAGGGGGGAGAACAGTACTTC,940,1,None,None
GCGACCAAGGAGCGAG-1,False,GCGACCAAGGAGCGAG-1_contig_1,False,515,TRB,TRBV12-2+TRBV13-2,None,TRBJ2-7,None,True,False,CASGVQGEQYF,TGTGCCAGCGGTGTTCAGGGAGAACAGTACTTC,150,1,None,None
GCGACCAAGGATGGTC-1,False,GCGACCAAGGATGGTC-1_contig_1,False,558,TRB,TRBV12-2+TRBV13-2,None,TRBJ2-7,None,True,True,CASGVQGEQYF,TGTGCCAGCGGTGTTCAGGGAGAACAGTACTTC,1616,1,None,None
GCGACCAAGGGCTCTC-1,False,GCGACCAAGGGCTCTC-1_contig_1,False,442,TRB,None,None,TRBJ1-2,TRBC1,False,False,None,None,1868,1,None,None
GCGACCAAGGGCTTCC-1,False,GCGACCAAGGGCTTCC-1_contig_1,False,513,TRA,TRAV6-6,None,TRAJ24,TRAC,True,True,CAPLTTASLGKLQF,TGTGCTCCGTTGACAACTGCCAGTTTGGGGAAACTGCAGTTT,4116,3,None,None
GCGACCAAGGGCTTCC-1,False,GCGACCAAGGGCTTCC-1_contig_2,False,512,TRB,TRBV13-1,None,TRBJ2-4,None,True,True,CASSEGTNTLYF,TGTGCCAGCAGTGAAGGAACAAACACCTTGTACTTT,10246,8,None,None
GCGACCAAGGGCTTCC-1,False,GCGACCAAGGGCTTCC-1_contig_3,False,525,TRA,TRAV7N-6,None,TRAJ30,TRAC,True,True,CAVVDTNAYKVIF,TGTGCAGTGGTTGACACAAATGCTTACAAAGTCATCTTT,2706,2,None,None
GCGACCAAGGTGCAAC-1,False,GCGACCAAGGTGCAAC-1_contig_1,False,398,TRB,None,None,TRBJ2-5,None,False,False,None,None,110,1,None,None
GCGACCAAGTGTCCCG-1,False,GCGACCAAGTGTCCCG-1_contig_1,False,531,TRA,TRAV16D-DV11,None,TRAJ26,TRAC,True,True,CAMREENNYAQGLTF,TGTGCTATGAGAGAGGAAAATAACTATGCCCAGGGATTAACCTTC,1578,1,None,None
GCGACCAAGTGTCCCG-1,False,GCGACCAAGTGTCCCG-1_contig_2,True,531,TRB,TRBV13-1,None,TRBJ2-1,None,True,False,CASSHYAEQFF,TGTGCCAGCAGTCACTATGCTGAGCAGTTCTTC,2048,2,None,None
GCGACCACACAACGTT-1,False,GCGACCACACAACGTT-1_contig_1,False,566,TRA,TRAV3-3,None,TRAJ49,TRAC,True,True,CAVSGATGYQNFYF,TGCGCAGTCAGTGGGGCCACGGGTTACCAGAACTTCTATTTT,1018,1,None,None
GCGACCACATGGATGG-1,False,GCGACCACATGGATGG-1_contig_1,False,473,TRB,None,None,TRBJ1-2,TRBC1,False,False,None,None,1708,1,None,None
GCGACCAGTCGCATCG-1,False,GCGACCAGTCGCATCG-1_contig_1,False,549,TRB,TRBV16,None,TRBJ2-5,None,True,True,CASSFGGAPDTQYF,TGTGCAAGCAGCTTTGGGGGGGCGCCAGACACCCAGTACTTT,878,1,None,None
GCGACCAGTGGGTCAA-1,False,GCGACCAGTGGGTCAA-1_contig_1,False,600,TRB,TRBV20,None,TRBJ1-6,TRBC1,True,True,CADRSYNSPLYF,TGTGCCGACAGGTCCTATAATTCGCCCCTCTACTTT,1172,1,None,None
GCGACCATCAGAGGTG-1,False,GCGACCATCAGAGGTG-1_contig_1,False,552,TRB,TRBV12-2+TRBV13-2,None,TRBJ2-7,None,True,True,CASGGVDEQYF,TGTGCCAGCGGAGGGGTGGATGAACAGTACTTC,1558,1,None,None
GCGACCATCAGTACGT-1,False,GCGACCATCAGTACGT-1_contig_1,False,439,TRB,None,None,TRBJ1-2,TRBC1,False,False,None,None,2368,2,None,None
GCGACCATCCACGACG-1,False,GCGACCATCCACGACG-1_contig_1,False,549,TRB,TRBV16,None,TRBJ2-5,None,True,True,CASSLGGGQDTQYF,TGTGCAAGCAGCTTAGGGGGGGGCCAAGACACCCAGTACTTT,3192,2,None,None
GCGACCATCTCTAGGA-1,False,GCGACCATCTCTAGGA-1_contig_1,False,356,TRB,TRBV13-2,None,TRBJ1-2,TRBC1,True,False,CASGGGTGNSDYTF,TGTGCCAGCGGTGGGGGGACAGGGAACTCCGACTACACCTTC,1700,1,None,None
GCGAGAAAGAGATGAG-1,False,GCGAGAAAGAGATGAG-1_contig_1,False,522,TRB,TRBV31,None,TRBJ2-3,None,True,True,CAWSLLLGGSAETLYF,TGTGCCTGGAGTCTACTCCTGGGGGGAAGTGCAGAAACGCTGTATTTT,2398,1,None,None
GCGAGAAAGAGCTGGT-1,False,GCGAGAAAGAGCTGGT-1_contig_1,False,382,TRB,None,None,TRBJ1-6,TRBC1,False,False,None,None,2478,1,None,None
GCGAGAAAGCGTCAAG-1,False,GCGAGAAAGCGTCAAG-1_contig_1,False,516,TRA,TRAV19,None,TRAJ39,TRAC,True,True,CAAGGNNAGAKLTF,TGCGCAGCAGGTGGGAATAATGCAGGTGCCAAGCTCACATTC,808,1,None,None
GCGAGAAAGGGTCGAT-1,False,GCGAGAAAGGGTCGAT-1_contig_1,False,374,TRB,None,None,TRBJ1-6,TRBC1,False,False,None,None,2760,1,None,None
GCGAGAAAGTCTCCTC-1,False,GCGAGAAAGTCTCCTC-1_contig_1,False,371,TRB,None,None,TRBJ1-4,TRBC1,False,False,None,None,1428,1,None,None
GCGAGAAAGTTGAGTA-1,False,GCGAGAAAGTTGAGTA-1_contig_1,False,504,TRB,None,None,TRBJ2-5,None,False,False,None,None,92,1,None,None
GCGAGAACATGCCCGA-1,False,GCGAGAACATGCCCGA-1_contig_1,False,508,TRB,TRBV13-1,None,TRBJ1-4,TRBC1,True,True,CASGTGANERLFF,TGTGCCAGCGGGACAGGGGCCAACGAAAGATTATTTTTC,1486,1,None,None
GCGAGAAGTAGTGAAT-1,False,GCGAGAAGTAGTGAAT-1_contig_1,False,549,TRB,TRBV16,None,TRBJ2-5,None,True,True,CASSWGGGQDTQYF,TGTGCAAGCAGCTGGGGGGGCGGGCAAGACACCCAGTACTTT,1928,1,None,None
GCGAGAAGTCATATGC-1,False,GCGAGAAGTCATATGC-1_contig_1,False,502,TRB,TRBV13-1,None,TRBJ2-2,None,True,True,CASSDPGQLYF,TGTGCCAGCAGTGACCCCGGGCAGCTCTACTTT,1864,1,None,None
GCGAGAAGTCATATGC-1,False,GCGAGAAGTCATATGC-1_contig_2,False,561,TRB,TRBV12-2+TRBV13-2,None,TRBJ2-5,None,True,True,CASGVQGDTQYF,TGTGCCAGCGGTGTTCAGGGGGACACCCAGTACTTT,1332,1,None,None
GCGAGAAGTCTGCAAT-1,False,GCGAGAAGTCTGCAAT-1_contig_1,False,544,TRB,TRBV13-2,None,TRBJ2-7,None,True,True,CASGVQGEQYF,TGTGCCAGCGGTGTTCAGGGAGAACAGTACTTC,1616,1,None,None
GCGAGAAGTTTACTCT-1,False,GCGAGAAGTTTACTCT-1_contig_1,False,541,TRB,TRBV12-2+TRBV13-2,None,TRBJ2-7,None,True,True,CASGVQGGEQYF,TGTGCCAGCGGTGTGCAGGGGGGAGAACAGTACTTC,1418,1,None,None
GCGAGAATCATTATCC-1,False,GCGAGAATCATTATCC-1_contig_1,False,560,TRA,TRAV4D-3,None,TRAJ27,TRAC,True,True,CAADGPNTGKLTF,TGTGCTGCGGACGGACCCAATACAGGCAAATTAACCTTT,1628,1,None,None
GCGAGAATCCGCATCT-1,False,GCGAGAATCCGCATCT-1_contig_1,False,589,TRB,TRBV13-2,None,TRBJ1-2,TRBC1,True,True,CASGGGTGNSDYTF,TGTGCCAGCGGTGGGGGGACAGGGAACTCCGACTACACCTTC,1840,1,None,None
GCGAGAATCGACCAGC-1,False,GCGAGAATCGACCAGC-1_contig_1,False,557,TRA,TRAV8N-2,None,TRAJ52,TRAC,True,False,None,None,1860,1,None,None
GCGAGAATCTAACTGG-1,False,GCGAGAATCTAACTGG-1_contig_1,False,613,TRB,TRBV12-2+TRBV13-2,None,TRBJ2-7,None,True,True,CASGVQGEQYF,TGTGCCAGCGGTGTTCAGGGAGAACAGTACTTC,1270,1,None,None
GCGAGAATCTGGTGTA-1,False,GCGAGAATCTGGTGTA-1_contig_1,False,578,TRB,None,None,TRBJ2-7,None,False,False,None,None,1356,1,None,None
GCGCAACGTAGCCTCG-1,False,GCGCAACGTAGCCTCG-1_contig_1,False,473,TRB,TRBV17,None,TRBJ2-5,None,True,False,CASSRKGSQDTQYF,TGTGCTAGCAGTAGAAAGGGTTCTCAAGACACCCAGTACTTT,1818,1,None,None
GCGCAACGTAGGCTGA-1,False,GCGCAACGTAGGCTGA-1_contig_1,False,537,TRA,TRAV3-3,None,TRAJ49,TRAC,True,True,CAVSGATGYQNFYF,TGCGCAGTCAGTGGGGCCACGGGTTACCAGAACTTCTATTTT,294,1,None,None
GCGCAACGTAGGCTGA-1,False,GCGCAACGTAGGCTGA-1_contig_2,False,370,TRB,None,None,TRBJ1-4,TRBC1,False,False,None,None,1416,1,None,None
GCGCAACGTCATCGGC-1,False,GCGCAACGTCATCGGC-1_contig_1,False,634,TRB,TRBV12-2+TRBV13-2,None,TRBJ1-4,TRBC1,True,True,CASGDAPERLFF,TGTGCCAGCGGTGATGCTCCCGAAAGATTATTTTTC,1344,1,None,None
GCGCAACGTCCTGCTT-1,False,GCGCAACGTCCTGCTT-1_contig_1,False,566,TRA,TRAV3-3,None,TRAJ49,TRAC,True,True,CAVSGSTGYQNFYF,TGCGCAGTCAGTGGGAGCACGGGTTACCAGAACTTCTATTTT,1426,1,None,None
GCGCAACGTGCTTCTC-1,False,GCGCAACGTGCTTCTC-1_contig_1,False,579,TRB,TRBV12-2+TRBV13-2,None,TRBJ2-7,None,True,True,CASGVQGWEQYF,TGTGCCAGCGGTGTACAGGGGTGGGAACAGTACTTC,1620,2,None,None
GCGCAACTCAGCACAT-1,False,GCGCAACTCAGCACAT-1_contig_1,False,525,TRB,TRBV17,None,TRBJ2-5,None,True,True,CASSRKGSQDTQYF,TGTGCTAGCAGTAGAAAGGGTTCTCAAGACACCCAGTACTTT,1790,1,None,None
GCGCAACTCCTAAGTG-1,False,GCGCAACTCCTAAGTG-1_contig_1,False,514,TRA,TRAV7N-6,None,TRAJ30,TRAC,True,True,CAVVDTNAYKVIF,TGTGCAGTGGTTGACACAAATGCTTACAAAGTCATCTTT,1840,1,None,None
GCGCAACTCGGTGTTA-1,False,GCGCAACTCGGTGTTA-1_contig_1,False,505,TRB,TRBV13-1,None,TRBJ2-3,None,True,True,CASGDSAETLYF,TGTGCCAGCGGGGACAGTGCAGAAACGCTGTATTTT,1178,1,None,None
GCGCAACTCTGTTGAG-1,False,GCGCAACTCTGTTGAG-1_contig_1,False,551,TRB,TRBV12-2+TRBV13-2,None,TRBJ2-7,None,True,True,CASGVQGEQYF,TGTGCCAGCGGTGTTCAGGGAGAACAGTACTTC,1146,1,None,None
GCGCAACTCTTGCCGT-1,False,GCGCAACTCTTGCCGT-1_contig_1,False,392,TRB,None,None,TRBJ2-7,None,False,False,None,None,1096,1,None,None
GCGCAGTAGGGAACGG-1,False,GCGCAGTAGGGAACGG-1_contig_1,False,544,TRB,TRBV12-2+TRBV13-2,None,TRBJ2-7,None,True,True,CASGTGGDYEQYF,TGTGCCAGCGGGACTGGGGGGGATTATGAACAGTACTTC,1918,2,None,None
GCGCAGTAGGTGTTAA-1,False,GCGCAGTAGGTGTTAA-1_contig_1,False,534,TRB,TRBV13-1,None,TRBJ2-3,None,True,False,CASGDSAETLYF,TGTGCCAGCGGGGACAGTGCAGAAACGCTGTATTTT,1488,1,None,None
GCGCAGTAGTCGAGTG-1,False,GCGCAGTAGTCGAGTG-1_contig_1,False,532,TRA,TRAV19,None,TRAJ39,TRAC,True,True,CAAGGNNAGAKLTF,TGCGCAGCAGGTGGGAATAATGCAGGTGCCAAGCTCACATTC,1700,1,None,None
GCGCAGTAGTGTTGAA-1,False,GCGCAGTAGTGTTGAA-1_contig_1,False,548,TRB,TRBV12-2+TRBV13-2,None,TRBJ1-2,TRBC1,True,True,CASGGGTGNSDYTF,TGTGCCAGCGGTGGGGGGACAGGGAACTCCGACTACACCTTC,1506,1,None,None
GCGCAGTCACGGACAA-1,False,GCGCAGTCACGGACAA-1_contig_1,False,304,TRB,None,None,TRBJ2-7,None,False,False,None,None,3878,2,None,None
GCGCAGTCAGTTAACC-1,False,GCGCAGTCAGTTAACC-1_contig_1,False,563,TRB,TRBV12-2+TRBV13-2,None,TRBJ2-3,None,True,True,CASGDAPPGEGTLYF,TGTGCCAGCGGTGATGCACCTCCAGGGGAGGGAACGCTGTATTTT,1348,1,None,None
GCGCAGTGTACTCGCG-1,False,GCGCAGTGTACTCGCG-1_contig_1,False,607,TRB,TRBV12-2+TRBV13-2,None,TRBJ2-7,None,True,True,CASGAGGDYEQYF,TGTGCCAGCGGTGCTGGGGGGGACTATGAACAGTACTTC,806,1,None,None
GCGCAGTGTCAATACC-1,False,GCGCAGTGTCAATACC-1_contig_1,False,555,TRB,TRBV12-2+TRBV13-2,None,TRBJ2-7,None,True,True,CASGTGDEQYF,TGTGCCAGCGGGACAGGGGATGAACAGTACTTC,536,1,None,None
GCGCAGTGTCGAACAG-1,False,GCGCAGTGTCGAACAG-1_contig_1,False,594,TRB,TRBV12-2+TRBV13-2,None,TRBJ2-1,None,True,True,CASGTGDYAEQFF,TGTGCCAGCGGGACTGGGGACTATGCTGAGCAGTTCTTC,1186,1,None,None
GCGCAGTGTGTTTGTG-1,False,GCGCAGTGTGTTTGTG-1_contig_1,False,649,TRB,None,None,TRBJ2-7,None,False,False,None,None,3456,2,None,None
GCGCAGTGTTACCAGT-1,False,GCGCAGTGTTACCAGT-1_contig_1,False,568,TRB,TRBV12-2+TRBV13-2,None,TRBJ1-2,TRBC1,True,True,CASGGGTGNSDYTF,TGTGCCAGCGGTGGGGGGACAGGGAACTCCGACTACACCTTC,1050,1,None,None
GCGCAGTTCAACACAC-1,False,GCGCAGTTCAACACAC-1_contig_1,False,593,TRA,TRAV19,None,TRAJ39,TRAC,True,True,CAAGGNNAGAKLTF,TGCGCAGCAGGTGGGAATAATGCAGGTGCCAAGCTCACATTC,1816,1,None,None
GCGCAGTTCAATACCG-1,False,GCGCAGTTCAATACCG-1_contig_1,False,559,TRA,TRAV14D-1,None,TRAJ27,TRAC,True,True,CAASGANTGKLTF,TGTGCAGCAAGTGGCGCCAATACAGGCAAATTAACCTTT,1004,1,None,None
GCGCAGTTCATTGCCC-1,False,GCGCAGTTCATTGCCC-1_contig_1,False,529,TRA,TRAV4D-3,None,TRAJ27,TRAC,True,True,CAADGPNTGKLTF,TGTGCTGCGGACGGACCCAATACAGGCAAATTAACCTTT,1294,1,None,None
GCGCAGTTCCAAATGC-1,False,GCGCAGTTCCAAATGC-1_contig_1,False,535,TRA,TRAV4D-3,None,TRAJ27,TRAC,True,True,CAADGPNTGKLTF,TGTGCTGCGGACGGACCCAATACAGGCAAATTAACCTTT,954,1,None,None
GCGCAGTTCGGCGGTT-1,False,GCGCAGTTCGGCGGTT-1_contig_1,False,566,TRB,TRBV12-2+TRBV13-2,None,TRBJ1-2,TRBC1,True,True,CASGGGTGNSDYTF,TGTGCCAGCGGTGGGGGGACAGGGAACTCCGACTACACCTTC,1416,1,None,None
GCGCAGTTCGTAGGTT-1,False,GCGCAGTTCGTAGGTT-1_contig_1,False,558,TRA,TRAV19,None,TRAJ39,TRAC,True,True,CAAGGNNAGAKLTF,TGCGCAGCAGGTGGGAATAATGCAGGTGCCAAGCTCACATTC,1494,1,None,None
GCGCCAAAGACTAAGT-1,False,GCGCCAAAGACTAAGT-1_contig_1,False,505,TRB,TRBV13-1,None,TRBJ2-3,None,True,True,CASGDSAETLYF,TGTGCCAGCGGGGACAGTGCAGAAACGCTGTATTTT,264,1,None,None
GCGCCAAAGAGAGCTC-1,False,GCGCCAAAGAGAGCTC-1_contig_1,False,565,TRB,TRBV12-2+TRBV13-2,None,TRBJ2-7,None,True,True,CASGAGGDYEQYF,TGTGCCAGCGGTGCTGGGGGGGACTATGAACAGTACTTC,1212,1,None,None
GCGCCAAAGATATGGT-1,False,GCGCCAAAGATATGGT-1_contig_1,False,577,TRB,TRBV12-2+TRBV13-2,None,TRBJ2-7,None,True,True,CASGVQGEQYF,TGTGCCAGCGGTGTTCAGGGAGAACAGTACTTC,1254,1,None,None
GCGCCAAAGATGTTAG-1,False,GCGCCAAAGATGTTAG-1_contig_1,False,556,TRA,TRAV4D-3,None,TRAJ27,TRAC,True,True,CAADGPNTGKLTF,TGTGCTGCGGACGGACCCAATACAGGCAAATTAACCTTT,250,2,None,None
GCGCCAAAGCCAGGAT-1,False,GCGCCAAAGCCAGGAT-1_contig_1,False,558,TRA,TRAV19,None,TRAJ39,TRAC,True,True,CAAGGNNAGAKLTF,TGCGCAGCAGGTGGGAATAATGCAGGTGCCAAGCTCACATTC,2448,1,None,None
GCGCCAAAGCGACGTA-1,False,GCGCCAAAGCGACGTA-1_contig_1,False,566,TRB,TRBV12-2+TRBV13-2,None,TRBJ1-2,TRBC1,True,True,CASGGGTGNSDYTF,TGTGCCAGCGGTGGGGGGACAGGGAACTCCGACTACACCTTC,766,1,None,None
GCGCCAAAGCGACGTA-1,False,GCGCCAAAGCGACGTA-1_contig_2,False,549,TRA,TRAV8N-2,None,TRAJ13,TRAC,True,True,CATEDSGTYQRF,TGTGCTACTGAGGATTCTGGGACTTACCAGAGGTTT,2328,1,None,None
GCGCCAAAGCGGCTTC-1,False,GCGCCAAAGCGGCTTC-1_contig_1,False,549,TRA,TRAV8N-2,None,TRAJ13,TRAC,True,True,CATEDSGTYQRF,TGTGCTACTGAGGATTCTGGGACTTACCAGAGGTTT,2032,1,None,None
GCGCCAAAGTCCGTAT-1,False,GCGCCAAAGTCCGTAT-1_contig_1,False,643,TRB,TRBV12-2+TRBV13-2,None,TRBJ1-2,TRBC1,True,True,CASGGGTGNSDYTF,TGTGCCAGCGGTGGGGGGACAGGGAACTCCGACTACACCTTC,1040,1,None,None
GCGCCAACAACACGCC-1,False,GCGCCAACAACACGCC-1_contig_1,False,549,TRB,TRBV16,None,TRBJ2-7,None,True,True,CASSLGGGGDEQYF,TGTGCAAGCAGCTTAGGTGGGGGGGGCGATGAACAGTACTTC,802,1,None,None
GCGCCAACAACACGCC-1,False,GCGCCAACAACACGCC-1_contig_2,False,436,TRB,TRBV13-2,None,TRBJ1-3,TRBC1,True,False,CASAPGNTLYF,TGTGCCAGCGCCCCTGGAAATACGCTCTATTTT,1244,1,None,None
GCGCCAACACACTGCG-1,False,GCGCCAACACACTGCG-1_contig_1,False,568,TRB,TRBV12-2+TRBV13-2,None,TRBJ1-2,TRBC1,True,True,CASGGGTGNSDYTF,TGTGCCAGCGGTGGGGGGACAGGGAACTCCGACTACACCTTC,1466,1,None,None
GCGCCAACAGGCTCAC-1,False,GCGCCAACAGGCTCAC-1_contig_1,False,363,TRB,None,None,TRBJ1-2,TRBC1,False,False,None,None,1184,1,None,None
GCGCCAACATGCCTAA-1,False,GCGCCAACATGCCTAA-1_contig_1,False,522,TRB,TRBV5,None,TRBJ2-7,None,True,True,CASSQDWGGAVEQYF,TGTGCCAGCAGCCAAGACTGGGGGGGCGCAGTTGAACAGTACTTC,2276,1,None,None
GCGCCAAGTAGCGTCC-1,False,GCGCCAAGTAGCGTCC-1_contig_1,False,532,TRA,TRAV13-4-DV7,None,TRAJ58,TRAC,True,True,CAPMQQGTGSKLSF,TGTGCTCCTATGCAGCAAGGCACTGGGTCTAAGCTGTCATTT,1528,1,None,None
GCGCCAAGTGAACCTT-1,False,GCGCCAAGTGAACCTT-1_contig_1,False,567,TRB,TRBV12-2+TRBV13-2,None,TRBJ1-2,TRBC1,True,True,CASGGGTGNSDYTF,TGTGCCAGCGGTGGGGGGACAGGGAACTCCGACTACACCTTC,1374,2,None,None
GCGCCAAGTTCCAACA-1,False,GCGCCAAGTTCCAACA-1_contig_1,False,551,TRB,TRBV12-2+TRBV13-2,None,TRBJ1-4,TRBC1,True,True,CASGDAPERLFF,TGTGCCAGCGGTGATGCTCCCGAAAGATTATTTTTC,1250,1,None,None
GCGCCAAGTTTACTCT-1,False,GCGCCAAGTTTACTCT-1_contig_1,False,566,TRA,TRAV12-2,None,TRAJ34,TRAC,True,True,CALSGNTNKVVF,TGTGCTTTGAGTGGCAATACCAACAAAGTCGTCTTT,1286,1,None,None
GCGCCAAGTTTCCACC-1,False,GCGCCAAGTTTCCACC-1_contig_1,False,558,TRA,TRAV19,None,TRAJ39,TRAC,True,True,CAAGGNNAGAKLTF,TGCGCAGCAGGTGGGAATAATGCAGGTGCCAAGCTCACATTC,1858,1,None,None
GCGCCAATCTTTACGT-1,False,GCGCCAATCTTTACGT-1_contig_1,False,593,TRA,TRAV19,None,TRAJ39,TRAC,True,True,CAAGGNNAGAKLTF,TGCGCAGCAGGTGGGAATAATGCAGGTGCCAAGCTCACATTC,2300,1,None,None
GCGCGATAGAGTACCG-1,False,GCGCGATAGAGTACCG-1_contig_1,False,549,TRB,TRBV16,None,TRBJ2-5,None,True,True,CASSLGGGQDTQYF,TGTGCAAGCAGCTTAGGGGGGGGCCAAGACACCCAGTACTTT,2380,1,None,None
GCGCGATAGATATGGT-1,False,GCGCGATAGATATGGT-1_contig_1,False,549,TRB,TRBV16,None,TRBJ2-5,None,True,True,CASSLGGGQDTQYF,TGTGCAAGCAGCTTAGGGGGGGGCCAAGACACCCAGTACTTT,1190,1,None,None
GCGCGATAGCCTATGT-1,False,GCGCGATAGCCTATGT-1_contig_1,False,731,TRB,TRBV20,None,TRBJ1-1,None,True,False,CGARARDREQKSSLVK,TGTGGTGCTAGGGCCCGGGACAGGGAACAGAAGTCTTCTTTGGTAAAG,678,1,None,None
GCGCGATAGGCGATAC-1,False,GCGCGATAGGCGATAC-1_contig_1,False,459,TRB,TRBV16,None,TRBJ2-5,None,True,True,CASSLGGGQDTQYF,TGTGCAAGCAGCTTAGGGGGGGGCCAAGACACCCAGTACTTT,560,1,None,None
GCGCGATAGTAACCCT-1,False,GCGCGATAGTAACCCT-1_contig_1,False,392,TRB,None,None,TRBJ2-5,None,False,False,None,None,100,2,None,None
GCGCGATAGTATCTCG-1,False,GCGCGATAGTATCTCG-1_contig_1,False,561,TRB,TRBV12-2+TRBV13-2,None,TRBJ2-5,None,True,True,CASGVQGDTQYF,TGTGCCAGCGGTGTTCAGGGGGACACCCAGTACTTT,852,1,None,None
GCGCGATAGTCAAGCG-1,False,GCGCGATAGTCAAGCG-1_contig_1,False,365,TRB,None,None,TRBJ1-2,TRBC1,False,False,None,None,2640,1,None,None
GCGCGATCATGCAACT-1,False,GCGCGATCATGCAACT-1_contig_1,False,549,TRB,TRBV16,None,TRBJ2-5,None,True,True,CASSFGGAPDTQYF,TGTGCAAGCAGCTTTGGGGGGGCGCCAGACACCCAGTACTTT,1012,1,None,None
GCGCGATGTTCAGTAC-1,False,GCGCGATGTTCAGTAC-1_contig_1,False,517,TRA,TRAV19,None,TRAJ39,TRAC,True,True,CAAGGNNAGAKLTF,TGCGCAGCAGGTGGGAATAATGCAGGTGCCAAGCTCACATTC,878,1,None,None
GCGCGATGTTGTCTTT-1,False,GCGCGATGTTGTCTTT-1_contig_1,False,505,TRB,TRBV13-1,None,TRBJ2-4,None,True,True,CASSEGTNTLYF,TGTGCCAGCAGTGAAGGAACAAACACCTTGTACTTT,1300,1,None,None
GCGCGATTCACAGGCC-1,False,GCGCGATTCACAGGCC-1_contig_1,False,560,TRB,TRBV13-2,None,TRBJ1-2,TRBC1,True,True,CASGGGTGNSDYTF,TGTGCCAGCGGTGGGGGGACAGGGAACTCCGACTACACCTTC,1418,1,None,None
GCGCGATTCACAGGCC-1,False,GCGCGATTCACAGGCC-1_contig_2,False,341,TRA,TRAV3-4,None,TRAJ49,TRAC,True,False,CAVRGGYQNFYF,TGCGCAGTCAGGGGGGGTTACCAGAACTTCTATTTT,2608,1,None,None
GCGCGATTCAGCACAT-1,False,GCGCGATTCAGCACAT-1_contig_1,False,493,TRA,TRAV6D-5,None,TRAJ38,TRAC,True,False,CTTVFWDNVGDNSKLIW,TGTACTACTGTGTTCTGGGATAATGTTGGTGACAACAGTAAGCTGATTTGG,1764,1,None,None
GCGCGATTCCACGTGG-1,False,GCGCGATTCCACGTGG-1_contig_1,False,324,TRB,None,None,TRBJ2-1,None,False,False,None,None,3812,2,None,None
GCGCGATTCCGTACAA-1,False,GCGCGATTCCGTACAA-1_contig_1,False,370,TRB,None,None,TRBJ2-4,None,False,False,None,None,1828,1,None,None
GCGCGATTCGCCGTGA-1,False,GCGCGATTCGCCGTGA-1_contig_1,False,637,TRB,TRBV12-2+TRBV13-2,None,TRBJ1-5,TRBC1,True,True,CASGTGDNQAPLF,TGTGCCAGCGGGACAGGGGACAACCAGGCTCCGCTTTTT,2320,1,None,None
GCGCGATTCGGAGGTA-1,False,GCGCGATTCGGAGGTA-1_contig_1,False,589,TRB,TRBV12-2+TRBV13-2,None,TRBJ1-2,TRBC1,True,True,CASGGGTGNSDYTF,TGTGCCAGCGGTGGGGGGACAGGGAACTCCGACTACACCTTC,1718,1,None,None
GCGGGTTAGCCACCTG-1,False,GCGGGTTAGCCACCTG-1_contig_1,False,466,TRB,TRBV12-2,None,TRBJ2-5,None,True,True,CASSLQGVQDTQYF,TGTGCCAGCTCTCTCCAGGGAGTCCAAGACACCCAGTACTTT,990,2,None,None
GCGGGTTAGCCACTAT-1,False,GCGGGTTAGCCACTAT-1_contig_1,False,515,TRB,TRBV13-1,None,TRBJ1-4,TRBC1,True,True,CASGTGANERLFF,TGTGCCAGCGGGACAGGGGCCAACGAAAGATTATTTTTC,1872,1,None,None
GCGGGTTAGCCGATTT-1,False,GCGGGTTAGCCGATTT-1_contig_1,False,549,TRB,TRBV16,None,TRBJ2-5,None,True,True,CASSLGGGQDTQYF,TGTGCAAGCAGCTTAGGGGGGGGCCAAGACACCCAGTACTTT,1400,1,None,None
GCGGGTTAGCCGATTT-1,False,GCGGGTTAGCCGATTT-1_contig_2,False,569,TRB,TRBV12-2+TRBV13-2,None,TRBJ2-5,None,True,False,CASGDW,TGTGCCAGCGGTGACTGG,140,1,None,None
GCGGGTTAGCGATTCT-1,False,GCGGGTTAGCGATTCT-1_contig_1,False,507,TRB,TRBV5,None,TRBJ2-2,None,True,True,CASSTGQLYF,TGTGCCAGCAGCACCGGGCAGCTCTACTTT,1504,1,None,None
GCGGGTTAGGCAGTCA-1,False,GCGGGTTAGGCAGTCA-1_contig_1,False,566,TRB,TRBV12-2+TRBV13-2,None,TRBJ1-2,TRBC1,True,True,CASGGGTGNSDYTF,TGTGCCAGCGGTGGGGGGACAGGGAACTCCGACTACACCTTC,400,1,None,None
GCGGGTTCAGACGCTC-1,False,GCGGGTTCAGACGCTC-1_contig_1,False,512,TRB,TRBV13-1,None,TRBJ2-3,None,True,True,CASGDSAETLYF,TGTGCCAGCGGGGACAGTGCAGAAACGCTGTATTTT,1328,1,None,None
GCGGGTTCAGATGGGT-1,False,GCGGGTTCAGATGGGT-1_contig_1,False,508,TRA,TRAV6N-6,None,TRAJ5,TRAC,True,True,CALWTQVVGQLTF,TGCGCTCTGTGGACACAGGTTGTGGGGCAGCTCACTTTC,1768,1,None,None
GCGGGTTCATAAGACA-1,False,GCGGGTTCATAAGACA-1_contig_1,False,520,TRB,TRBV26,None,TRBJ2-7,None,True,True,CASSPSTGGGPRQYF,TGTGCCAGCAGTCCCTCGACAGGGGGCGGCCCGCGGCAGTACTTC,706,1,None,None
GCGGGTTCATCATCCC-1,False,GCGGGTTCATCATCCC-1_contig_1,False,606,TRB,TRBV12-2+TRBV13-2,None,TRBJ1-5,TRBC1,True,True,CASGTGDNQAPLF,TGTGCCAGCGGGACAGGGGACAACCAGGCTCCGCTTTTT,1582,1,None,None
GCGGGTTCATCCTAGA-1,False,GCGGGTTCATCCTAGA-1_contig_1,False,572,TRA,TRAV19,None,TRAJ39,TRAC,True,True,CAAGGNNAGAKLTF,TGCGCAGCAGGTGGGAATAATGCAGGTGCCAAGCTCACATTC,1286,1,None,None
GCGGGTTCATGTAAGA-1,False,GCGGGTTCATGTAAGA-1_contig_1,True,635,TRB,TRBV12-2+TRBV13-2,None,TRBJ1-5,TRBC1,True,True,CASGTGDNQAPLF,TGTGCCAGCGGGACAGGAGACAACCAGGCTCCGCTTTTT,1636,4,None,None
GCGGGTTCATTAACCG-1,False,GCGGGTTCATTAACCG-1_contig_1,False,566,TRB,TRBV12-2+TRBV13-2,None,TRBJ1-2,TRBC1,True,True,CASGGQANSDYTF,TGTGCCAGCGGTGGACAGGCAAACTCCGACTACACCTTC,198,1,None,None
GCGGGTTCATTAACCG-1,False,GCGGGTTCATTAACCG-1_contig_2,False,556,TRA,TRAV19,None,TRAJ39,TRAC,True,False,CAAGGNNAGAKLTF,TGCGCAGCAGGTGGGAATAATGCAGGTGCCAAGCTCACATTC,340,3,None,None
GCGGGTTGTCTACCTC-1,False,GCGGGTTGTCTACCTC-1_contig_1,False,510,TRA,TRAV3D-3,None,TRAJ28,TRAC,True,False,CTSAQSVRGTGSNRLTF,TGTACTTCTGCGCAGTCAGTGAGGGGCACTGGGAGTAACAGGCTCACTTTT,484,1,None,None
GCGGGTTTCGATGAGG-1,False,GCGGGTTTCGATGAGG-1_contig_1,False,549,TRB,TRBV16,None,TRBJ2-5,None,True,True,CASSLGGGQDTQYF,TGTGCAAGCAGCTTAGGGGGGGGCCAAGACACCCAGTACTTT,1252,1,None,None
GCGGGTTTCGGCCGAT-1,False,GCGGGTTTCGGCCGAT-1_contig_1,False,478,TRB,TRBV13-1,None,TRBJ2-3,None,True,False,CASGDSAETLYF,TGTGCCAGCGGGGACAGTGCAGAAACGCTGTATTTT,1100,1,None,None
GCGGGTTTCTCGATGA-1,False,GCGGGTTTCTCGATGA-1_contig_1,False,505,TRB,TRBV13-1,None,TRBJ2-4,None,True,True,CASSEGTNTLYF,TGTGCCAGCAGTGAAGGAACAAACACCTTGTACTTT,1082,1,None,None
GCGGGTTTCTCGATGA-1,False,GCGGGTTTCTCGATGA-1_contig_2,False,480,TRB,TRBV26,None,TRBJ1-1,TRBC1,True,False,CASSRGNTEVFF,TGTGCCAGCAGCCGCGGAAACACAGAAGTCTTCTTT,2212,1,None,None
GCGGGTTTCTTGTCAT-1,False,GCGGGTTTCTTGTCAT-1_contig_1,False,541,TRA,TRAV8-1,None,TRAJ34,TRAC,True,True,CATDVSNTNKVVF,TGTGCTACTGATGTATCCAATACCAACAAAGTCGTCTTT,4694,3,None,None
GCGGGTTTCTTGTCAT-1,False,GCGGGTTTCTTGTCAT-1_contig_2,False,607,TRB,TRBV12-2+TRBV13-2,None,TRBJ1-5,TRBC1,True,True,CASGTGDNQAPLF,TGTGCCAGCGGGACAGGGGACAACCAGGCTCCGCTTTTT,1340,1,None,None
GCTCCTAAGCAGCGTA-1,False,GCTCCTAAGCAGCGTA-1_contig_1,False,549,TRB,TRBV16,None,TRBJ2-7,None,True,True,CASSFGGGADEQYF,TGTGCAAGCAGCTTTGGTGGGGGGGCGGATGAACAGTACTTC,1656,1,None,None
GCTCCTAAGTGTGAAT-1,False,GCTCCTAAGTGTGAAT-1_contig_1,False,352,TRB,TRBV13-2,None,TRBJ2-7,None,True,False,CASGVQGWEQYF,TGTGCCAGCGGTGTACAGGGGTGGGAACAGTACTTC,1206,1,None,None
GCTCCTACACGCGAAA-1,False,GCTCCTACACGCGAAA-1_contig_1,False,549,TRB,TRBV16,None,TRBJ2-5,None,True,True,CASSLGGGQDTQYF,TGTGCAAGCAGCTTAGGGGGGGGGCAAGACACCCAGTACTTT,1598,1,None,None
GCTCCTACAGGTGGAT-1,False,GCTCCTACAGGTGGAT-1_contig_1,False,567,TRA,TRAV3D-3,None,TRAJ28,TRAC,True,False,CTSAQSVRGTGSNRLTF,TGTACTTCTGCGCAGTCAGTGAGGGGCACTGGGAGTAACAGGCTCACTTTT,1500,1,None,None
GCTCCTACAGTTCATG-1,False,GCTCCTACAGTTCATG-1_contig_1,False,567,TRB,TRBV12-2+TRBV13-2,None,TRBJ1-2,TRBC1,True,True,CASGGGTGNSDYTF,TGTGCCAGCGGTGGGGGGACAGGGAACTCCGACTACACCTTC,1912,1,None,None
GCTCCTAGTAGCTAAA-1,False,GCTCCTAGTAGCTAAA-1_contig_1,False,552,TRB,TRBV12-2+TRBV13-2,None,TRBJ1-2,TRBC1,True,True,CASGGGTGNSDYTF,TGTGCCAGCGGTGGGGGGACAGGGAACTCCGACTACACCTTC,1232,1,None,None
GCTCCTAGTCAATACC-1,False,GCTCCTAGTCAATACC-1_contig_1,False,568,TRA,TRAV12-1,None,TRAJ48,TRAC,True,True,CALSDAGDYGNEKITF,TGTGCTCTGAGTGATGCAGGAGACTATGGAAATGAGAAAATAACTTTT,90,2,None,None
GCTCCTAGTCATCCCT-1,False,GCTCCTAGTCATCCCT-1_contig_1,False,525,TRA,TRAV7N-6,None,TRAJ30,TRAC,True,True,CAVVDTNAYKVIF,TGTGCAGTGGTTGACACAAATGCTTACAAAGTCATCTTT,1866,1,None,None
GCTCCTAGTCCAACTA-1,False,GCTCCTAGTCCAACTA-1_contig_1,False,512,TRB,TRBV13-1,None,TRBJ2-3,None,True,True,CASGDSAETLYF,TGTGCCAGCGGGGACAGTGCAGAAACGCTGTATTTT,836,1,None,None
GCTCCTAGTCGCTTCT-1,False,GCTCCTAGTCGCTTCT-1_contig_1,False,501,TRB,TRBV13-1,None,TRBJ2-4,None,True,True,CASSEGTNTLYF,TGTGCCAGCAGTGAAGGAACAAACACCTTGTACTTT,1726,1,None,None
GCTCCTAGTTCTGAAC-1,False,GCTCCTAGTTCTGAAC-1_contig_1,False,552,TRA,TRAV8N-2,None,TRAJ43,TRAC,True,False,CATDANNNNAPRF,TGTGCTACTGATGCCAATAACAACAATGCCCCACGATTT,1350,1,None,None
GCTCCTATCCGAACGC-1,False,GCTCCTATCCGAACGC-1_contig_1,False,562,TRB,TRBV12-2+TRBV13-2,None,TRBJ2-7,None,True,True,CASGVQGGEQYF,TGTGCCAGCGGTGTGCAGGGGGGAGAACAGTACTTC,1228,1,None,None
GCTCCTATCGCAAACT-1,False,GCTCCTATCGCAAACT-1_contig_1,False,512,TRB,TRBV13-1,None,TRBJ2-5,None,True,True,CASSDGDDTQYF,TGTGCCAGCAGTGACGGGGACGACACCCAGTACTTT,910,1,None,None
GCTCCTATCTCAACTT-1,False,GCTCCTATCTCAACTT-1_contig_1,False,652,TRA,TRAV16D-DV11,None,TRAJ26,TRAC,True,True,CAMREENNYAQGLTF,TGTGCTATGAGAGAGGAAAATAACTATGCCCAGGGATTAACCTTC,908,1,None,None
GCTCTGTAGCACACAG-1,False,GCTCTGTAGCACACAG-1_contig_1,False,566,TRB,TRBV12-2+TRBV13-2,None,TRBJ1-2,TRBC1,True,True,CASGGGTGNSDYTF,TGTGCCAGCGGTGGGGGGACAGGGAACTCCGACTACACCTTC,922,1,None,None
GCTCTGTAGCGTTGCC-1,False,GCTCTGTAGCGTTGCC-1_contig_1,False,558,TRB,TRBV12-2+TRBV13-2,None,TRBJ2-1,None,True,True,CASGGYAEQFF,TGTGCCAGCGGGGGCTATGCTGAGCAGTTCTTC,896,1,None,None
GCTCTGTAGCTATGCT-1,False,GCTCTGTAGCTATGCT-1_contig_1,False,549,TRB,TRBV16,None,TRBJ2-7,None,True,True,CASSFGGGADEQYF,TGTGCAAGCAGCTTTGGTGGGGGGGCGGATGAACAGTACTTC,1804,1,None,None
GCTCTGTAGGACCACA-1,False,GCTCTGTAGGACCACA-1_contig_1,False,560,TRA,TRAV8-1,None,TRAJ34,TRAC,True,True,CATDVSNTNKVVF,TGTGCTACTGATGTTTCCAATACCAACAAAGTCGTCTTT,1804,1,None,None
GCTCTGTAGGACTGGT-1,False,GCTCTGTAGGACTGGT-1_contig_1,False,907,TRB,TRBV12-2+TRBV13-2,None,TRBJ1-2,None,True,True,CASGGGTGNSDYTF,TGTGCCAGCGGTGGGGGGACAGGGAACTCCGACTACACCTTC,1660,2,None,None
GCTCTGTAGGACTGGT-1,False,GCTCTGTAGGACTGGT-1_contig_2,True,383,TRB,None,None,TRBJ2-1,None,False,False,None,None,5466,3,None,None
GCTCTGTAGTCAAGCG-1,False,GCTCTGTAGTCAAGCG-1_contig_1,False,527,TRB,TRBV15,None,TRBJ1-3,TRBC1,True,True,CASSLNRGSSGNTLYF,TGTGCCAGCAGTTTAAACAGGGGGAGTTCTGGAAATACGCTCTATTTT,2546,1,None,None
GCTCTGTCAAAGAATC-1,False,GCTCTGTCAAAGAATC-1_contig_1,False,506,TRB,TRBV13-1,None,TRBJ2-3,None,True,True,CASGDSAETLYF,TGTGCCAGCGGGGACAGTGCAGAAACGCTGTATTTT,524,1,None,None
GCTCTGTCAGGGTACA-1,False,GCTCTGTCAGGGTACA-1_contig_1,False,542,Multi,TRDV2-2,None,TRAJ58,TRAC,True,False,CALMEPQGTGSKLSF,TGTGCTCTCATGGAGCCTCAAGGCACTGGGTCTAAGCTGTCATTT,1188,1,None,None
GCTCTGTCATCTCGCT-1,False,GCTCTGTCATCTCGCT-1_contig_1,False,517,TRA,TRAV6-6,None,TRAJ24,TRAC,True,True,CAPLTTASLGKLQF,TGTGCTCCGTTGACAACTGCCAGTTTGGGGAAACTGCAGTTT,11288,9,None,None
GCTCTGTCATCTCGCT-1,False,GCTCTGTCATCTCGCT-1_contig_2,False,538,TRA,TRAV14N-3,None,TRAJ6,TRAC,True,True,CAARTSGGNYKPTF,TGTGCAGCAAGAACCTCAGGAGGAAACTACAAACCTACGTTT,11608,11,None,None
GCTCTGTCATCTCGCT-1,False,GCTCTGTCATCTCGCT-1_contig_3,False,505,TRB,TRBV13-1,None,TRBJ2-4,None,True,True,CASSEGTNTLYF,TGTGCCAGCAGTGAAGGAACAAACACCTTGTACTTT,17844,14,None,None
GCTCTGTCATCTCGCT-1,False,GCTCTGTCATCTCGCT-1_contig_4,False,562,TRB,TRBV12-2+TRBV13-2,None,TRBJ1-2,TRBC1,True,True,CASGGGTGNSDYTF,TGTGCCAGCGGTGGGGGGACAGGGAACTCCGACTACACCTTC,1186,1,None,None
GCTCTGTCATCTCGCT-1,False,GCTCTGTCATCTCGCT-1_contig_5,False,549,TRA,TRAV8N-2,None,TRAJ13,TRAC,True,True,CATEDSGTYQRF,TGTGCTACTGAGGATTCTGGGACTTACCAGAGGTTT,13714,10,None,None
GCTCTGTCATCTCGCT-1,False,GCTCTGTCATCTCGCT-1_contig_6,False,739,TRA,TRAV9D-2,None,TRAJ26,TRAC,True,True,CVLSRGNNYAQGLTF,TGTGTTCTGAGCAGGGGCAATAACTATGCCCAGGGATTAACCTTC,10900,6,None,None
GCTCTGTCATCTCGCT-1,False,GCTCTGTCATCTCGCT-1_contig_7,False,586,TRB,TRBV12-2+TRBV13-2,None,TRBJ2-7,None,True,True,CASGTGGDYEQYF,TGTGCCAGCGGGACTGGGGGGGACTATGAACAGTACTTC,7752,9,None,None
GCTCTGTCATTAACCG-1,False,GCTCTGTCATTAACCG-1_contig_1,False,471,TRB,TRBV26,None,TRBJ2-1,None,True,False,CASSLHKFYAEQFF,TGTGCCAGCAGTCTGCACAAATTCTATGCTGAGCAGTTCTTC,2224,1,None,None
GCTCTGTGTACCGAGA-1,False,GCTCTGTGTACCGAGA-1_contig_1,False,502,TRB,TRBV13-1,None,TRBJ2-7,None,True,True,CASSAPYEQYF,TGTGCCAGCAGTGCACCGTATGAACAGTACTTC,824,2,None,None
GCTCTGTGTACCGAGA-1,False,GCTCTGTGTACCGAGA-1_contig_2,False,509,TRB,TRBV13-1,None,TRBJ1-4,TRBC1,True,True,CASSGGERLFF,TGTGCCAGCAGTGGGGGCGAAAGATTATTTTTC,1872,1,None,None
GCTCTGTGTACCGAGA-1,False,GCTCTGTGTACCGAGA-1_contig_3,False,518,TRA,TRAV8-1,None,TRAJ30,TRAC,True,True,CATDTNAYKVIF,TGTGCTACCGACACAAATGCTTACAAAGTCATCTTT,532,1,None,None
GCTCTGTGTACCGAGA-1,False,GCTCTGTGTACCGAGA-1_contig_4,True,397,TRA,TRAV9D-2,None,TRAJ26,TRAC,True,False,CVLSRGNNYAQGLTF,TGTGTTCTGAGCAGGGGCAATAACTATGCCCAGGGATTAACCTTC,2522,1,None,None
GCTCTGTGTGACAAAT-1,False,GCTCTGTGTGACAAAT-1_contig_1,False,525,TRA,TRAV7N-6,None,TRAJ30,TRAC,True,True,CAVVDTNAYKVIF,TGTGCAGTGGTTGACACAAATGCTTACAAAGTCATCTTT,1812,1,None,None
GCTCTGTGTTACGACT-1,False,GCTCTGTGTTACGACT-1_contig_1,False,577,TRB,TRBV12-1,None,TRBJ2-3,None,True,True,CASGDSAETLYF,TGTGCCAGCGGGGACAGTGCAGAAACGCTGTATTTT,986,1,None,None
GCTCTGTTCACCACCT-1,False,GCTCTGTTCACCACCT-1_contig_1,False,522,TRA,TRAV13D-2,None,TRAJ11,TRAC,True,True,CAIDLDSGYNKLTF,TGTGCTATAGATCTTGACTCGGGATACAACAAACTCACTTTT,2554,1,None,None
GCTCTGTTCAGGCAAG-1,False,GCTCTGTTCAGGCAAG-1_contig_1,False,523,TRA,TRAV14N-3,None,TRAJ34,TRAC,True,True,CAASAWANTNKVVF,TGTGCAGCAAGTGCATGGGCCAATACCAACAAAGTCGTCTTT,1680,1,None,None
GCTCTGTTCAGTACGT-1,False,GCTCTGTTCAGTACGT-1_contig_1,False,512,TRB,TRBV13-1,None,TRBJ2-4,None,True,True,CASSEGTNTLYF,TGTGCCAGCAGTGAAGGAACAAACACCTTGTACTTT,836,1,None,None
GCTCTGTTCTGGCGTG-1,False,GCTCTGTTCTGGCGTG-1_contig_1,False,507,TRB,TRBV13-1,None,TRBJ2-3,None,True,True,CASGDSAETLYF,TGTGCCAGCGGGGACAGTGCAGAAACGCTGTATTTT,1950,1,None,None
GCTGCAGAGAATTCCC-1,False,GCTGCAGAGAATTCCC-1_contig_1,False,507,TRB,TRBV5,None,TRBJ2-2,None,True,True,CASSTGQLYF,TGTGCCAGCAGCACCGGGCAGCTCTACTTT,1756,1,None,None
GCTGCAGAGCTGAAAT-1,False,GCTGCAGAGCTGAAAT-1_contig_1,False,534,TRA,TRAV4D-3,None,TRAJ27,TRAC,True,True,CAADGPNTGKLTF,TGTGCTGCGGACGGACCCAATACAGGCAAATTAACCTTT,2434,1,None,None
GCTGCAGAGGTGTGGT-1,False,GCTGCAGAGGTGTGGT-1_contig_1,False,566,TRA,TRAV3-3,None,TRAJ49,TRAC,True,True,CAVSGATGYQNFYF,TGCGCAGTCAGTGGGGCCACGGGTTACCAGAACTTCTATTTT,892,1,None,None
GCTGCAGAGTCAAGGC-1,False,GCTGCAGAGTCAAGGC-1_contig_1,False,562,TRB,TRBV12-2+TRBV13-2,None,TRBJ2-7,None,True,True,CASGVQGWEQYF,TGTGCCAGCGGTGTACAGGGGTGGGAACAGTACTTC,1638,1,None,None
GCTGCAGAGTGAAGAG-1,False,GCTGCAGAGTGAAGAG-1_contig_1,False,512,TRB,TRBV13-1,None,TRBJ2-3,None,True,True,CASGDSAETLYF,TGTGCCAGCGGGGACAGTGCAGAAACGCTGTATTTT,1416,1,None,None
GCTGCAGAGTGTACGG-1,False,GCTGCAGAGTGTACGG-1_contig_1,False,564,TRB,TRBV12-2+TRBV13-2,None,TRBJ1-2,TRBC1,True,True,CASGGGTGNSDYTF,TGTGCCAGCGGTGGGGGGACAGGGAACTCCGACTACACCTTC,1258,1,None,None
GCTGCAGCAAAGTGCG-1,False,GCTGCAGCAAAGTGCG-1_contig_1,False,502,TRB,TRBV13-1,None,TRBJ2-7,None,True,True,CASSAPYEQYF,TGTGCCAGCAGTGCACCGTATGAACAGTACTTC,1322,1,None,None
GCTGCAGCAAAGTGCG-1,False,GCTGCAGCAAAGTGCG-1_contig_2,False,511,TRA,TRAV12-3,None,TRAJ45,None,True,True,CALSPYTEGADRLTF,TGTGCTCTGAGTCCCTATACAGAAGGTGCAGATAGACTCACCTTT,2546,1,None,None
GCTGCAGCAAAGTGCG-1,False,GCTGCAGCAAAGTGCG-1_contig_3,False,549,TRA,TRAV8N-2,None,TRAJ13,TRAC,True,True,CATEDSGTYQRF,TGTGCTACTGAGGATTCTGGGACTTACCAGAGGTTT,668,1,None,None
GCTGCAGCAAAGTGCG-1,False,GCTGCAGCAAAGTGCG-1_contig_4,True,548,TRA,TRAV12-2,None,TRAJ38,TRAC,True,False,CALTP,TGTGCTTTGACCCCA,1484,1,None,None
GCTGCAGCACAAGTAA-1,False,GCTGCAGCACAAGTAA-1_contig_1,False,360,TRB,None,None,TRBJ2-1,None,False,False,None,None,2650,1,None,None
GCTGCAGCAGTCACTA-1,False,GCTGCAGCAGTCACTA-1_contig_1,False,640,TRB,TRBV12-2+TRBV13-2,None,TRBJ1-2,TRBC1,True,True,CASGGGTGNSDYTF,TGTGCCAGCGGTGGGGGGACAGGGAACTCCGACTACACCTTC,1202,1,None,None
GCTGCAGGTCGACTAT-1,False,GCTGCAGGTCGACTAT-1_contig_1,False,602,TRB,TRBV12-2+TRBV13-2,None,TRBJ1-2,TRBC1,True,True,CASGGGTGNSDYTF,TGTGCCAGCGGTGGGGGGACAGGGAACTCCGACTACACCTTC,1044,1,None,None
GCTGCAGGTCTCTTTA-1,False,GCTGCAGGTCTCTTTA-1_contig_1,False,567,TRB,TRBV12-2+TRBV13-2,None,TRBJ1-2,TRBC1,True,True,CASGGGTGNSDYTF,TGTGCCAGCGGTGGGGGGACAGGGAACTCCGACTACACCTTC,750,1,None,None
GCTGCAGGTTCTGAAC-1,False,GCTGCAGGTTCTGAAC-1_contig_1,False,416,TRB,TRBV13-1,None,TRBJ2-3,None,True,False,CASGDSAETLYF,TGTGCCAGCGGGGACAGTGCAGAAACGCTGTATTTT,518,1,None,None
GCTGCAGGTTGAACTC-1,False,GCTGCAGGTTGAACTC-1_contig_1,False,566,TRB,TRBV12-2+TRBV13-2,None,TRBJ1-2,TRBC1,True,True,CASGGGTGNSDYTF,TGTGCCAGCGGTGGGGGGACAGGGAACTCCGACTACACCTTC,712,1,None,None
GCTGCAGTCAGAAATG-1,False,GCTGCAGTCAGAAATG-1_contig_1,False,555,TRA,TRAV3-3,None,TRAJ45,TRAC,True,True,CAVRETEGADRLTF,TGCGCAGTCAGAGAGACAGAAGGTGCAGATAGACTCACCTTT,1322,1,None,None
GCTGCAGTCCATGAAC-1,False,GCTGCAGTCCATGAAC-1_contig_1,False,523,TRB,TRBV13-2,None,TRBJ1-2,TRBC1,True,True,CASGGGTGNSDYTF,TGTGCCAGCGGTGGGGGGACAGGGAACTCCGACTACACCTTC,1182,1,None,None
GCTGCAGTCCCTAACC-1,False,GCTGCAGTCCCTAACC-1_contig_1,False,603,TRB,TRBV12-2+TRBV13-2,None,TRBJ2-7,None,True,True,CASGALWEQYF,TGTGCCAGCGGGGCTCTATGGGAACAGTACTTC,1954,1,None,None
GCTGCAGTCCTGCTTG-1,False,GCTGCAGTCCTGCTTG-1_contig_1,False,582,TRA,TRAV12D-1,None,TRAJ5,TRAC,True,True,CALSDQGVVGQLTF,TGTGCTCTGAGTGATCAAGGGGTTGTGGGGCAGCTCACTTTC,1360,1,None,None
GCTGCAGTCGTTACGA-1,False,GCTGCAGTCGTTACGA-1_contig_1,False,569,TRB,TRBV12-2+TRBV13-2,None,TRBJ2-3,None,True,True,CASGDAPPGEGTLYF,TGTGCCAGCGGTGATGCACCTCCAGGGGAGGGAACGCTGTATTTT,1322,1,None,None
GCTGCGAAGCGAAGGG-1,False,GCTGCGAAGCGAAGGG-1_contig_1,False,567,TRB,TRBV12-2+TRBV13-2,None,TRBJ1-2,TRBC1,True,True,CASGGGTGNSDYTF,TGTGCCAGCGGTGGGGGGACAGGGAACTCCGACTACACCTTC,1106,1,None,None
GCTGCGAAGGTGCTAG-1,False,GCTGCGAAGGTGCTAG-1_contig_1,False,365,TRB,None,None,TRBJ1-2,TRBC1,False,False,None,None,2924,1,None,None
GCTGCGAAGTACGTAA-1,False,GCTGCGAAGTACGTAA-1_contig_1,False,567,TRA,TRAV3-3,None,TRAJ37,TRAC,True,False,None,None,1996,1,None,None
GCTGCGAAGTGACTCT-1,False,GCTGCGAAGTGACTCT-1_contig_1,False,531,TRB,TRBV17,None,TRBJ2-1,None,True,True,CASSLLGGPDYAEQFF,TGTGCTAGCAGTCTACTGGGGGGGCCGGACTATGCTGAGCAGTTCTTC,1138,1,None,None
GCTGCGAAGTTAGGTA-1,False,GCTGCGAAGTTAGGTA-1_contig_1,False,612,TRB,TRBV12-2+TRBV13-2,None,TRBJ1-2,TRBC1,True,True,CASGGGTGNSDYTF,TGTGCCAGCGGTGGGGGGACAGGGAACTCCGACTACACCTTC,1168,1,None,None
GCTGCGAAGTTGCAGG-1,False,GCTGCGAAGTTGCAGG-1_contig_1,False,549,TRB,TRBV16,None,TRBJ2-5,None,True,True,CASSLGGGQDTQYF,TGTGCAAGCAGCTTAGGGGGGGGCCAAGACACCCAGTACTTT,736,1,None,None
GCTGCGACAATGAATG-1,False,GCTGCGACAATGAATG-1_contig_1,False,535,TRA,TRAV3-3,None,TRAJ49,TRAC,True,True,CAVSGSTGYQNFYF,TGCGCAGTCAGTGGGAGCACGGGTTACCAGAACTTCTATTTT,1396,1,None,None
GCTGCGACAATGGATA-1,False,GCTGCGACAATGGATA-1_contig_1,False,558,TRA,TRAV6-6,None,TRAJ24,TRAC,True,True,CAPLTTASLGKLQF,TGTGCTCCGTTGACAACTGCCAGTTTGGGGAAACTGCAGTTT,5040,3,None,None
GCTGCGACAATGGATA-1,False,GCTGCGACAATGGATA-1_contig_2,False,512,TRB,TRBV26,None,TRBJ2-5,None,True,True,CASSRGTDTQYF,TGTGCCAGCAGCCGCGGGACCGACACCCAGTACTTT,28704,22,None,None
GCTGCGACAATGGATA-1,False,GCTGCGACAATGGATA-1_contig_3,False,575,TRA,TRAV12-2,None,TRAJ37,TRAC,True,True,CALSPQTGNTGKLIF,TGTGCTTTGAGCCCCCAAACAGGCAATACCGGAAAACTCATCTTT,8164,8,None,None
GCTGCGACAATGGATA-1,False,GCTGCGACAATGGATA-1_contig_4,False,505,TRB,TRBV13-1,None,TRBJ2-4,None,True,True,CASSEGTNTLYF,TGTGCCAGCAGTGAAGGAACAAACACCTTGTACTTT,16120,14,None,None
GCTGCGACAATGGATA-1,False,GCTGCGACAATGGATA-1_contig_5,False,722,TRA,TRAV9D-2,None,TRAJ26,TRAC,True,True,CVLSRGNNYAQGLTF,TGTGTTCTGAGCAGGGGCAATAACTATGCCCAGGGATTAACCTTC,5836,5,None,None
GCTGCGACAATGGATA-1,False,GCTGCGACAATGGATA-1_contig_6,False,359,TRB,None,None,TRBJ2-1,None,False,False,None,None,7036,9,None,None
GCTGCGACAATGGATA-1,False,GCTGCGACAATGGATA-1_contig_7,False,390,TRB,TRBV13-2,None,TRBJ2-5,None,False,False,CASGDW,TGTGCCAGCGGTGACTGG,1292,1,None,None
GCTGCGACACCTCGTT-1,False,GCTGCGACACCTCGTT-1_contig_1,False,570,TRB,TRBV13-1,None,TRBJ2-2,None,True,False,CASSDPGQLYF,TGTGCCAGCAGTGACCCCGGGCAGCTCTACTTT,792,1,None,None
GCTGCGACATCTGGTA-1,False,GCTGCGACATCTGGTA-1_contig_1,False,552,TRA,TRAV3D-3,None,TRAJ9,TRAC,True,True,CAVMGYKLTF,TGCGCAGTCATGGGCTACAAACTTACCTTC,532,1,None,None
GCTGCGAGTGGTGTAG-1,False,GCTGCGAGTGGTGTAG-1_contig_1,False,566,TRA,TRAV16,None,TRAJ57,TRAC,True,True,CAMREPQGGSAKLIF,TGTGCTATGAGAGAGCCTCAAGGAGGGTCTGCGAAGCTCATCTTT,5030,6,None,None
GCTGCGAGTGGTGTAG-1,False,GCTGCGAGTGGTGTAG-1_contig_10,False,500,TRA,TRAV21-DV12,None,TRAJ48,TRAC,True,False,None,None,208,1,None,None
GCTGCGAGTGGTGTAG-1,False,GCTGCGAGTGGTGTAG-1_contig_2,False,517,TRA,TRAV6-6,None,TRAJ24,TRAC,True,True,CAPLTTASLGKLQF,TGTGCTCCGTTGACAACTGCCAGTTTGGGGAAACTGCAGTTT,4492,6,None,None
GCTGCGAGTGGTGTAG-1,False,GCTGCGAGTGGTGTAG-1_contig_3,False,532,TRA,TRAV13-4-DV7,None,TRAJ58,TRAC,True,True,CAPMQQGTGSKLSF,TGTGCTCCTATGCAGCAAGGCACTGGGTCTAAGCTGTCATTT,5956,8,None,None
GCTGCGAGTGGTGTAG-1,False,GCTGCGAGTGGTGTAG-1_contig_4,False,505,TRB,TRBV13-1,None,TRBJ2-4,None,True,True,CASSEGTNTLYF,TGTGCCAGCAGTGAAGGAACAAACACCTTGTACTTT,7476,13,None,None
GCTGCGAGTGGTGTAG-1,False,GCTGCGAGTGGTGTAG-1_contig_5,False,525,TRB,TRBV17,None,TRBJ2-5,None,True,True,CASSRKGVQDTQYF,TGTGCTAGCAGTAGAAAGGGGGTCCAAGACACCCAGTACTTT,23112,38,None,None
GCTGCGAGTGGTGTAG-1,False,GCTGCGAGTGGTGTAG-1_contig_6,False,549,TRA,TRAV3-3,None,TRAJ31,TRAC,True,True,CAVSAGNNRIFF,TGCGCAGTCAGTGCAGGCAATAACAGAATCTTCTTT,3300,5,None,None
GCTGCGAGTGGTGTAG-1,False,GCTGCGAGTGGTGTAG-1_contig_7,False,728,TRA,TRAV9D-2,None,TRAJ26,TRAC,True,True,CVLSRGNNYAQGLTF,TGTGTTCTGAGCAGGGGCAATAACTATGCCCAGGGATTAACCTTC,4002,5,None,None
GCTGCGAGTGGTGTAG-1,False,GCTGCGAGTGGTGTAG-1_contig_8,False,515,TRB,TRBV13-1,None,TRBJ2-3,None,True,True,CASEGQGAETLYF,TGTGCCAGCGAGGGACAGGGTGCAGAAACGCTGTATTTT,20082,29,None,None
GCTGCGAGTGGTGTAG-1,False,GCTGCGAGTGGTGTAG-1_contig_9,False,389,TRB,TRBV13-1,None,TRBJ2-5,None,False,False,CASGDW,TGTGCCAGCGGTGACTGG,530,2,None,None
GCTGCGAGTGTGACCC-1,False,GCTGCGAGTGTGACCC-1_contig_1,False,537,TRA,TRAV3-3,None,TRAJ49,TRAC,True,True,CAVSGATGYQNFYF,TGCGCAGTCAGTGGGGCCACGGGTTACCAGAACTTCTATTTT,1996,1,None,None
GCTGCGAGTGTTGGGA-1,False,GCTGCGAGTGTTGGGA-1_contig_1,False,569,TRB,TRBV12-2+TRBV13-2,None,TRBJ1-2,TRBC1,True,True,CASGGGTGNSDYTF,TGTGCCAGCGGTGGGGGGACAGGGAACTCCGACTACACCTTC,1370,1,None,None
GCTGCGAGTGTTTGGT-1,False,GCTGCGAGTGTTTGGT-1_contig_1,False,556,TRA,TRAV19,None,TRAJ39,TRAC,True,True,CAAGGNNAGAKLTF,TGCGCAGCAGGTGGGAATAATGCAGGTGCCAAGCTCACATTC,1688,2,None,None
GCTGCGAGTGTTTGGT-1,False,GCTGCGAGTGTTTGGT-1_contig_2,False,600,TRB,TRBV12-2+TRBV13-2,None,TRBJ2-7,None,True,True,CASGVQGWEQYF,TGTGCCAGCGGTGTACAGGGGTGGGAACAGTACTTC,6240,6,None,None
GCTGCGAGTGTTTGGT-1,False,GCTGCGAGTGTTTGGT-1_contig_3,False,560,TRB,TRBV12-2+TRBV13-2,None,TRBJ1-2,TRBC1,True,True,CASGGGTGNSDYTF,TGTGCCAGCGGTGGGGGGACAGGGAACTCCGACTACACCTTC,4654,4,None,None
GCTGCGATCACATGCA-1,False,GCTGCGATCACATGCA-1_contig_1,False,568,TRB,TRBV12-2+TRBV13-2,None,TRBJ1-2,TRBC1,True,True,CASGGGTGNSDYTF,TGTGCCAGCGGTGGGGGGACAGGGAACTCCGACTACACCTTC,1184,1,None,None
GCTGCGATCACCATAG-1,False,GCTGCGATCACCATAG-1_contig_1,False,555,TRA,TRAV4-3,None,TRAJ27,TRAC,True,True,CAAANTNTGKLTF,TGTGCTGCTGCTAACACCAATACAGGCAAATTAACCTTT,1158,3,None,None
GCTGCGATCACCGGGT-1,False,GCTGCGATCACCGGGT-1_contig_1,False,502,TRB,TRBV13-1,None,TRBJ2-4,None,True,True,CASSEGTNTLYF,TGTGCCAGCAGTGAAGGAACAAACACCTTGTACTTT,1636,1,None,None
GCTGCGATCCACGTGG-1,False,GCTGCGATCCACGTGG-1_contig_1,False,559,TRB,TRBV12-2+TRBV13-2,None,TRBJ2-1,None,True,True,CASGGYAEQFF,TGTGCCAGCGGGGGCTATGCTGAGCAGTTCTTC,932,1,None,None
GCTGCGATCCACGTGG-1,False,GCTGCGATCCACGTGG-1_contig_2,False,565,TRB,TRBV12-2+TRBV13-2,None,TRBJ1-5,TRBC1,True,True,CASGTGDNQAPLF,TGTGCCAGCGGGACAGGGGACAACCAGGCTCCGCTTTTT,1116,1,None,None
GCTGCGATCTACTCAT-1,False,GCTGCGATCTACTCAT-1_contig_1,True,406,TRB,None,None,TRBJ1-6,TRBC1,False,False,None,None,2848,3,None,None
GCTGCGATCTCGAGTA-1,False,GCTGCGATCTCGAGTA-1_contig_1,False,566,TRB,TRBV12-2+TRBV13-2,None,TRBJ1-2,TRBC1,True,True,CASGGGTGNSDYTF,TGTGCCAGCGGTGGGGGGACAGGGAACTCCGACTACACCTTC,1080,1,None,None
GCTGCTTAGACTTTCG-1,False,GCTGCTTAGACTTTCG-1_contig_1,False,518,TRA,TRAV19,None,TRAJ39,TRAC,True,True,CAAGGNNAGAKLTF,TGCGCAGCAGGTGGGAATAATGCAGGTGCCAAGCTCACATTC,1712,1,None,None
GCTGCTTAGAGACTTA-1,False,GCTGCTTAGAGACTTA-1_contig_1,False,634,TRB,TRBV12-2+TRBV13-2,None,TRBJ1-5,TRBC1,True,True,CASGTGDNQAPLF,TGTGCCAGCGGGACAGGAGACAACCAGGCTCCGCTTTTT,756,1,None,None
GCTGCTTAGATCCGAG-1,False,GCTGCTTAGATCCGAG-1_contig_1,False,478,TRB,TRBV17,None,TRBJ2-1,None,True,False,CASSLLGGPDYAEQFF,TGTGCTAGCAGTCTACTGGGGGGGCCGGACTATGCTGAGCAGTTCTTC,628,1,None,None
GCTGCTTAGCAACGGT-1,False,GCTGCTTAGCAACGGT-1_contig_1,False,512,TRB,TRBV13-1,None,TRBJ2-3,None,True,True,CASGDSAETLYF,TGTGCCAGCGGGGACAGTGCAGAAACGCTGTATTTT,1224,1,None,None
GCTGCTTAGGCTCATT-1,False,GCTGCTTAGGCTCATT-1_contig_1,False,503,TRA,TRAV16D-DV11,None,TRAJ26,TRAC,True,True,CAMREENNYAQGLTF,TGTGCTATGAGAGAGGAAAATAACTATGCCCAGGGATTAACCTTC,224,2,None,None
GCTGCTTAGTACGATA-1,False,GCTGCTTAGTACGATA-1_contig_1,False,566,TRB,TRBV12-2+TRBV13-2,None,TRBJ1-2,TRBC1,True,True,CASGGGTGNSDYTF,TGTGCCAGCGGTGGGGGGACAGGGAACTCCGACTACACCTTC,686,1,None,None
GCTGCTTCACGGCCAT-1,False,GCTGCTTCACGGCCAT-1_contig_1,False,468,TRB,TRBV12-2+TRBV13-2,None,TRBJ1-2,None,True,True,CASGGGTGNSDYTF,TGTGCCAGCGGTGGGGGGACAGGGAACTCCGACTACACCTTC,240,1,None,None
GCTGCTTCACTTCGAA-1,False,GCTGCTTCACTTCGAA-1_contig_1,False,556,TRA,TRAV19,None,TRAJ39,TRAC,True,True,CAAGGNNAGAKLTF,TGCGCAGCAGGTGGGAATAATGCAGGTGCCAAGCTCACATTC,2178,1,None,None
GCTGCTTCAGACGTAG-1,False,GCTGCTTCAGACGTAG-1_contig_1,False,553,TRB,TRBV12-2+TRBV13-2,None,TRBJ2-7,None,True,True,CASGVQGGEQYF,TGTGCCAGCGGTGTGCAGGGGGGAGAACAGTACTTC,1166,1,None,None
GCTGCTTCAGACGTAG-1,False,GCTGCTTCAGACGTAG-1_contig_2,False,525,TRA,TRAV13-4-DV7,None,TRAJ58,TRAC,True,False,CAPMQQGTGSKLSF,TGTGCTCCTATGCAGCAAGGCACTGGGTCTAAGCTGTCATTT,1354,1,None,None
GCTGCTTCAGTTCCCT-1,False,GCTGCTTCAGTTCCCT-1_contig_1,False,595,TRB,TRBV12-2+TRBV13-2,None,TRBJ1-2,TRBC1,True,True,CASGGGTGNSDYTF,TGTGCCAGCGGTGGGGGGACAGGGAACTCCGACTACACCTTC,1120,1,None,None
GCTGCTTCATCATCCC-1,False,GCTGCTTCATCATCCC-1_contig_1,False,507,TRB,TRBV14,None,TRBJ2-7,None,True,True,CASSAGQNYEQYF,TGTGCCAGCAGTGCGGGACAAAACTATGAACAGTACTTC,2632,2,None,None
GCTGCTTGTAAGCACG-1,False,GCTGCTTGTAAGCACG-1_contig_1,False,532,TRB,TRBV12-2+TRBV13-2,None,TRBJ2-7,None,True,True,CASGVQGWEQYF,TGTGCCAGCGGTGTACAGGGGTGGGAACAGTACTTC,692,1,None,None
GCTGCTTGTAAGGGAA-1,False,GCTGCTTGTAAGGGAA-1_contig_1,False,562,TRB,TRBV12-2+TRBV13-2,None,TRBJ2-7,None,True,True,CASGVQGGEQYF,TGTGCCAGCGGTGTGCAGGGGGGAGAACAGTACTTC,1714,1,None,None
GCTGCTTGTAGCTAAA-1,False,GCTGCTTGTAGCTAAA-1_contig_1,False,527,TRA,TRAV6-7-DV9,None,TRAJ47,TRAC,True,True,CALSDLDYANKMIF,TGTGCTCTGAGTGATCTGGACTATGCAAACAAGATGATCTTT,2870,1,None,None
GCTGCTTGTATAGTAG-1,False,GCTGCTTGTATAGTAG-1_contig_1,False,594,TRB,TRBV12-2+TRBV13-2,None,TRBJ2-7,None,True,True,CASGVQGGEQYF,TGTGCCAGCGGTGTGCAGGGGGGAGAACAGTACTTC,1018,1,None,None
GCTGCTTGTCGAATCT-1,False,GCTGCTTGTCGAATCT-1_contig_1,False,535,TRB,TRBV16,None,TRBJ2-5,None,True,True,CASSLGGGADTQYF,TGTGCAAGCAGCTTAGGGGGGGGCGCGGACACCCAGTACTTT,350,1,None,None
GCTGCTTGTGACGCCT-1,False,GCTGCTTGTGACGCCT-1_contig_1,False,563,TRB,TRBV12-2+TRBV13-2,None,TRBJ2-7,None,True,True,CASGTGGDYEQYF,TGTGCCAGCGGGACTGGGGGGGACTATGAACAGTACTTC,994,1,None,None
GCTGCTTGTGGGTCAA-1,False,GCTGCTTGTGGGTCAA-1_contig_1,False,549,TRB,TRBV16,None,TRBJ2-7,None,True,True,CASSFGGGADEQYF,TGTGCAAGCAGCTTTGGTGGGGGGGCGGATGAACAGTACTTC,146,1,None,None
GCTGCTTGTTTGTTGG-1,False,GCTGCTTGTTTGTTGG-1_contig_1,False,564,TRB,TRBV12-2+TRBV13-2,None,TRBJ1-5,TRBC1,True,True,CASGTGDNQAPLF,TGTGCCAGCGGGACGGGGGACAACCAGGCTCCGCTTTTT,1272,1,None,None
GCTGCTTTCATATCGG-1,False,GCTGCTTTCATATCGG-1_contig_1,False,555,TRA,TRAV3-3,None,TRAJ49,TRAC,True,True,CAVSGATGYQNFYF,TGCGCAGTCAGTGGGGCCACGGGTTACCAGAACTTCTATTTT,1470,1,None,None
GCTGCTTTCATATCGG-1,False,GCTGCTTTCATATCGG-1_contig_2,False,378,TRB,None,None,TRBJ1-6,TRBC1,False,False,None,None,960,1,None,None
GCTGCTTTCGCAAGCC-1,False,GCTGCTTTCGCAAGCC-1_contig_1,False,532,TRA,TRAV13-4-DV7,None,TRAJ58,TRAC,True,True,CAPMQQGTGSKLSF,TGTGCTCCTATGCAGCAAGGCACTGGGTCTAAGCTGTCATTT,1286,1,None,None
GCTGCTTTCTGTCAAG-1,False,GCTGCTTTCTGTCAAG-1_contig_1,True,559,TRB,TRBV12-2+TRBV13-2,None,TRBJ1-3,TRBC1,True,True,CASAPGNTLYF,TGTGCCAGCGCCCCTGGAAATACGCTCTATTTT,3998,3,None,None
GCTGCTTTCTGTCAAG-1,False,GCTGCTTTCTGTCAAG-1_contig_2,False,528,TRA,TRAV4-3,None,TRAJ27,TRAC,True,True,CAAANTNTGKLTF,TGTGCTGCTGCTAACACCAATACAGGCAAATTAACCTTT,652,2,None,None
GCTGCTTTCTGTCAAG-1,False,GCTGCTTTCTGTCAAG-1_contig_3,True,332,TRB,None,None,TRBJ2-1,None,False,False,None,None,2954,1,None,None
GCTGGGTAGCGTAATA-1,False,GCTGGGTAGCGTAATA-1_contig_1,False,549,TRB,TRBV16,None,TRBJ2-5,None,True,True,CASSLGGGQDTQYF,TGTGCAAGCAGCTTAGGGGGGGGCCAAGACACCCAGTACTTT,1692,1,None,None
GCTGGGTAGCTGTCTA-1,False,GCTGGGTAGCTGTCTA-1_contig_1,False,575,TRB,TRBV12-2+TRBV13-2,None,TRBJ1-5,TRBC1,True,False,CASGTGDNQAPLF,TGTGCCAGCGGGACAGGGGATAACCAGGCTCCGCTTTTT,1634,1,None,None
GCTGGGTAGTACGACG-1,False,GCTGGGTAGTACGACG-1_contig_1,False,638,TRB,TRBV12-2+TRBV13-2,None,TRBJ1-2,TRBC1,True,True,CASGGGTGNSDYTF,TGTGCCAGCGGTGGGGGGACAGGGAACTCCGACTACACCTTC,1224,1,None,None
GCTGGGTCAAAGGCGT-1,False,GCTGGGTCAAAGGCGT-1_contig_1,False,563,TRA,TRAV16D-DV11,None,TRAJ26,TRAC,True,True,CAMREENNYAQGLTF,TGTGCTATGAGAGAGGAAAATAACTATGCCCAGGGATTAACCTTC,2104,1,None,None
GCTGGGTCAAGCCTAT-1,False,GCTGGGTCAAGCCTAT-1_contig_1,False,573,TRA,TRAV14N-3,None,TRAJ40,TRAC,True,True,CAATGVNTGNYKYVF,TGTGCAGCAACTGGTGTTAATACAGGAAACTACAAATACGTCTTT,832,1,None,None
GCTGGGTCACATTCGA-1,False,GCTGGGTCACATTCGA-1_contig_1,False,535,TRB,TRBV16,None,TRBJ2-5,None,True,True,CASSLGGGQDTQYF,TGTGCAAGCAGCTTAGGGGGGGGCCAAGACACCCAGTACTTT,1130,1,None,None
GCTGGGTCACTGCCAG-1,False,GCTGGGTCACTGCCAG-1_contig_1,False,557,TRB,TRBV12-2+TRBV13-2,None,TRBJ2-7,None,True,True,CASGVQGEQYF,TGTGCCAGCGGTGTTCAGGGAGAACAGTACTTC,828,1,None,None
GCTGGGTGTCAATGTC-1,False,GCTGGGTGTCAATGTC-1_contig_1,False,504,TRB,TRBV5,None,TRBJ2-2,None,True,True,CASSQDRHTGQLYF,TGTGCCAGCAGCCAAGATAGACACACCGGGCAGCTCTACTTT,2624,1,None,None
GCTGGGTGTCCGAAGA-1,False,GCTGGGTGTCCGAAGA-1_contig_1,False,512,TRB,TRBV13-1,None,TRBJ2-3,None,True,True,CASGDSAETLYF,TGTGCCAGCGGGGACAGTGCAGAAACGCTGTATTTT,1462,1,None,None
GCTGGGTGTGATAAGT-1,False,GCTGGGTGTGATAAGT-1_contig_1,False,505,TRB,TRBV13-1,None,TRBJ2-3,None,True,True,CASGDSAETLYF,TGTGCCAGCGGGGACAGTGCAGAAACGCTGTATTTT,882,1,None,None
GCTGGGTGTTGACGTT-1,False,GCTGGGTGTTGACGTT-1_contig_1,False,502,TRA,TRAV7N-6,None,TRAJ30,TRAC,True,True,CAVVDTNAYKVIF,TGTGCAGTGGTTGACACAAATGCTTACAAAGTCATCTTT,2324,1,None,None
GCTGGGTGTTGTCGCG-1,False,GCTGGGTGTTGTCGCG-1_contig_1,False,561,TRB,TRBV12-2+TRBV13-2,None,TRBJ2-7,None,True,True,CASGTGGDYEQYF,TGTGCCAGCGGGACTGGGGGGGACTATGAACAGTACTTC,1286,1,None,None
GCTGGGTTCAACACGT-1,False,GCTGGGTTCAACACGT-1_contig_1,False,604,TRB,TRBV12-2+TRBV13-2,None,TRBJ2-3,None,True,True,CASGDAPPGEGTLYF,TGTGCCAGCGGTGATGCACCTCCAGGGGAGGGAACGCTGTATTTT,2346,4,None,None
GCTGGGTTCAACACGT-1,False,GCTGGGTTCAACACGT-1_contig_2,False,548,TRA,TRAV14N-3,None,TRAJ6,TRAC,True,True,CAARTSGGNYKPTF,TGTGCAGCAAGAACCTCAGGAGGAAACTACAAACCTACGTTT,1236,1,None,None
GCTGGGTTCAACACGT-1,False,GCTGGGTTCAACACGT-1_contig_3,False,601,TRB,TRBV12-2+TRBV13-2,None,TRBJ1-2,TRBC1,True,True,CASGGGTGNSDYTF,TGTGCCAGCGGTGGGGGGACAGGGAACTCCGACTACACCTTC,366,1,None,None
GCTGGGTTCAACACGT-1,False,GCTGGGTTCAACACGT-1_contig_4,False,566,TRA,TRAV12-2,None,TRAJ34,TRAC,True,True,CALSGNTNKVVF,TGTGCTTTGAGTGGCAATACCAACAAAGTCGTCTTT,2854,1,None,None
GCTGGGTTCAACACGT-1,False,GCTGGGTTCAACACGT-1_contig_5,False,531,TRA,TRAV13-2,None,TRAJ43,TRAC,True,True,CATLNNNNAPRF,TGTGCTACTCTCAATAACAACAATGCCCCACGATTT,2056,1,None,None
GCTGGGTTCAACACGT-1,False,GCTGGGTTCAACACGT-1_contig_6,False,598,TRB,TRBV12-2+TRBV13-2,None,TRBJ2-7,None,True,True,CASGTGGDYEQYF,TGTGCCAGCGGGACTGGGGGGGACTATGAACAGTACTTC,3346,4,None,None
GCTGGGTTCACCCTCA-1,False,GCTGGGTTCACCCTCA-1_contig_1,False,568,TRB,TRBV12-2+TRBV13-2,None,TRBJ2-7,None,True,True,CASGVQGEQYF,TGTGCCAGCGGTGTTCAGGGAGAACAGTACTTC,1498,1,None,None
GCTGGGTTCACGGTTA-1,False,GCTGGGTTCACGGTTA-1_contig_1,False,556,TRA,TRAV19,None,TRAJ39,TRAC,True,True,CAAGGNNAGAKLTF,TGCGCAGCAGGTGGGAATAATGCAGGTGCCAAGCTCACATTC,8472,8,None,None
GCTGGGTTCACGGTTA-1,False,GCTGGGTTCACGGTTA-1_contig_2,False,608,TRB,TRBV12-2+TRBV13-2,None,TRBJ1-2,TRBC1,True,True,CASGGGTGNSDYTF,TGTGCCAGCGGTGGGGGGACAGGGAACTCCGACTACACCTTC,10916,11,None,None
GCTGGGTTCACGGTTA-1,False,GCTGGGTTCACGGTTA-1_contig_3,False,559,TRB,TRBV12-2+TRBV13-2,None,TRBJ1-5,TRBC1,True,True,CASGTGDNQAPLF,TGTGCCAGCGGGACAGGGGACAACCAGGCTCCGCTTTTT,2854,5,None,None
GCTGGGTTCACGGTTA-1,False,GCTGGGTTCACGGTTA-1_contig_4,True,651,TRB,None,None,TRBJ2-7,None,False,False,None,None,8454,6,None,None
GCTGGGTTCACGGTTA-1,False,GCTGGGTTCACGGTTA-1_contig_5,True,478,TRB,None,None,TRBJ1-3,TRBC1,False,False,None,None,3396,2,None,None
GCTGGGTTCACGGTTA-1,False,GCTGGGTTCACGGTTA-1_contig_6,True,392,TRA,None,None,TRAJ32,TRAC,False,False,None,None,4486,4,None,None
GCTGGGTTCACGGTTA-1,False,GCTGGGTTCACGGTTA-1_contig_7,True,399,TRA,TRAV10,None,None,None,False,False,None,None,1318,1,None,None
GCTGGGTTCATCGGAT-1,False,GCTGGGTTCATCGGAT-1_contig_1,False,549,TRB,TRBV16,None,TRBJ2-5,None,True,True,CASSLGGGQDTQYF,TGTGCAAGCAGCTTAGGGGGGGGGCAAGACACCCAGTACTTT,532,1,None,None
GCTGGGTTCCAAGTAC-1,False,GCTGGGTTCCAAGTAC-1_contig_1,False,566,TRB,TRBV12-2+TRBV13-2,None,TRBJ1-2,TRBC1,True,True,CASGGGTGNSDYTF,TGTGCCAGCGGTGGGGGGACAGGGAACTCCGACTACACCTTC,1662,1,None,None
GCTGGGTTCCAGTAGT-1,False,GCTGGGTTCCAGTAGT-1_contig_1,False,567,TRA,TRAV8-1,None,TRAJ30,TRAC,True,True,CATDTNAYKVIF,TGTGCTACTGACACAAATGCTTACAAAGTCATCTTT,2588,1,None,None
GCTGGGTTCCGAAGAG-1,False,GCTGGGTTCCGAAGAG-1_contig_1,False,555,TRA,TRAV3-3,None,TRAJ49,TRAC,True,True,CAVSGNTGYQNFYF,TGCGCAGTCAGTGGAAACACGGGTTACCAGAACTTCTATTTT,1756,1,None,None
GCTGGGTTCCGCGGTA-1,False,GCTGGGTTCCGCGGTA-1_contig_1,False,549,TRB,TRBV16,None,TRBJ2-5,None,True,True,CASSLGGGQDTQYF,TGTGCAAGCAGCTTAGGGGGGGGCCAAGACACCCAGTACTTT,1986,1,None,None
GCTGGGTTCCTAGAAC-1,False,GCTGGGTTCCTAGAAC-1_contig_1,False,373,TRB,None,None,TRBJ2-7,None,False,False,None,None,330,1,None,None
GCTGGGTTCTAACTTC-1,False,GCTGGGTTCTAACTTC-1_contig_1,False,527,TRA,TRAV13D-2,None,TRAJ11,TRAC,True,True,CAIDLDSGYNKLTF,TGTGCTATAGATCTTGACTCGGGATACAACAAACTCACTTTT,2190,1,None,None
GCTGGGTTCTCTGTCG-1,False,GCTGGGTTCTCTGTCG-1_contig_1,False,525,TRA,TRAV7N-6,None,TRAJ30,TRAC,True,True,CAVVDTNAYKVIF,TGTGCAGTGGTTGACACAAATGCTTACAAAGTCATCTTT,2000,1,None,None
GCTGGGTTCTGACCTC-1,False,GCTGGGTTCTGACCTC-1_contig_1,False,525,TRB,TRBV17,None,TRBJ2-5,None,True,True,CASSRKGVQDTQYF,TGTGCTAGCAGTAGAAAGGGGGTCCAAGACACCCAGTACTTT,2738,1,None,None
GCTGGGTTCTTAGCCC-1,False,GCTGGGTTCTTAGCCC-1_contig_1,False,512,TRB,TRBV13-1,None,TRBJ2-3,None,True,True,CASGDSAETLYF,TGTGCCAGCGGGGACAGTGCAGAAACGCTGTATTTT,1146,1,None,None
GCTTCCAAGCAGGCTA-1,False,GCTTCCAAGCAGGCTA-1_contig_1,False,533,TRA,TRAV6-6,None,TRAJ12,TRAC,True,False,CSGLTGGYKVVF,TGCTCTGGGTTAACTGGAGGCTATAAAGTGGTCTTT,3018,1,None,None
GCTTCCAAGCGGATCA-1,False,GCTTCCAAGCGGATCA-1_contig_1,False,549,TRB,TRBV16,None,TRBJ2-5,None,True,True,CASSLGGGQDTQYF,TGTGCAAGCAGCTTAGGGGGGGGCCAAGACACCCAGTACTTT,1340,1,None,None
GCTTCCAAGCGTTTAC-1,False,GCTTCCAAGCGTTTAC-1_contig_1,False,546,TRB,TRBV12-2+TRBV13-2,None,TRBJ2-7,None,True,True,CASGALWEQYF,TGTGCCAGCGGGGCTCTATGGGAACAGTACTTC,1464,1,None,None
GCTTCCAAGCTCAACT-1,False,GCTTCCAAGCTCAACT-1_contig_1,False,500,TRA,TRAV7-5,None,TRAJ33,TRAC,True,True,CAVDSNYQLIW,TGTGCAGTGGACAGCAACTATCAGTTGATCTGG,908,1,None,None
GCTTCCAAGGGCTTCC-1,False,GCTTCCAAGGGCTTCC-1_contig_1,False,566,TRB,TRBV12-2+TRBV13-2,None,TRBJ1-2,TRBC1,True,True,CASGGGTGNSDYTF,TGTGCCAGCGGTGGGGGGACAGGGAACTCCGACTACACCTTC,1026,1,None,None
GCTTCCAAGGGTGTTG-1,False,GCTTCCAAGGGTGTTG-1_contig_1,False,636,TRB,TRBV12-2+TRBV13-2,None,TRBJ1-2,TRBC1,True,True,CASGGGTGNSDYTF,TGTGCCAGCGGTGGGGGGACAGGGAACTCCGACTACACCTTC,1288,1,None,None
GCTTCCAAGGTGATAT-1,False,GCTTCCAAGGTGATAT-1_contig_1,False,561,TRB,TRBV12-2+TRBV13-2,None,TRBJ2-7,None,True,True,CASGVQGWEQYF,TGTGCCAGCGGTGTACAGGGGTGGGAACAGTACTTC,1522,1,None,None
GCTTCCAAGTGTACGG-1,False,GCTTCCAAGTGTACGG-1_contig_1,False,377,TRB,None,None,TRBJ1-2,TRBC1,False,False,None,None,2426,1,None,None
GCTTCCAAGTTCGATC-1,False,GCTTCCAAGTTCGATC-1_contig_1,False,594,TRA,TRAV7-4,None,TRAJ27,TRAC,True,True,CAASEDANTGKLTF,TGTGCAGCTAGTGAGGACGCCAATACAGGCAAATTAACCTTT,536,1,None,None
GCTTCCAAGTTCGATC-1,False,GCTTCCAAGTTCGATC-1_contig_2,False,489,TRA,TRAV19,None,TRAJ39,None,True,True,CAAGGNNAGAKLTF,TGCGCAGCAGGTGGGAATAATGCAGGTGCCAAGCTCACATTC,1908,1,None,None
GCTTCCAAGTTCGATC-1,False,GCTTCCAAGTTCGATC-1_contig_3,False,520,TRA,TRAV4-3,None,TRAJ42,TRAC,True,True,CAADNSGGSNAKLTF,TGTGCTGCTGATAATTCTGGAGGAAGCAATGCAAAGCTAACCTTC,1666,1,None,None
GCTTCCATCAGCTGGC-1,False,GCTTCCATCAGCTGGC-1_contig_1,False,578,TRA,TRAV13-1,None,TRAJ58,TRAC,True,True,CASSMQQGTGSKLSF,TGTGCTTCTTCCATGCAGCAAGGCACTGGGTCTAAGCTGTCATTT,1786,1,None,None
GCTTCCATCTTACCGC-1,False,GCTTCCATCTTACCGC-1_contig_1,False,525,TRA,TRAV7N-6,None,TRAJ30,TRAC,True,True,CAVVDTNAYKVIF,TGTGCAGTGGTTGACACAAATGCTTACAAAGTCATCTTT,2522,1,None,None
GCTTCCATCTTGTTTG-1,False,GCTTCCATCTTGTTTG-1_contig_1,False,565,TRB,TRBV12-2+TRBV13-2,None,TRBJ2-7,None,True,True,CASGTGGDYEQYF,TGTGCCAGCGGGACTGGGGGGGACTATGAACAGTACTTC,1160,1,None,None
GCTTGAAAGACTTGAA-1,False,GCTTGAAAGACTTGAA-1_contig_1,False,638,TRB,TRBV12-2+TRBV13-2,None,TRBJ1-2,TRBC1,True,True,CASGGGTGNSDYTF,TGTGCCAGCGGTGGGGGGACAGGGAACTCCGACTACACCTTC,974,1,None,None
GCTTGAAAGGGCTTCC-1,False,GCTTGAAAGGGCTTCC-1_contig_1,False,567,TRB,TRBV12-2+TRBV13-2,None,TRBJ1-2,TRBC1,True,True,CASGGGTGNSDYTF,TGTGCCAGCGGTGGGGGGACAGGGAACTCCGACTACACCTTC,1764,1,None,None
GCTTGAAAGTTAACGA-1,False,GCTTGAAAGTTAACGA-1_contig_1,True,505,TRB,TRBV13-2,None,TRBJ1-5,TRBC1,True,False,CASGTGDNQAPLF,TGTGCCAGCGGAACAGGGGACAACCAGGCTCCGCTTTTT,2636,2,None,None
GCTTGAACAAGTCTAC-1,False,GCTTGAACAAGTCTAC-1_contig_1,False,549,TRB,TRBV16,None,TRBJ2-5,None,True,True,CASSLGGGQDTQYF,TGTGCAAGCAGCTTAGGGGGGGGCCAAGACACCCAGTACTTT,1428,1,None,None
GCTTGAACATTTGCCC-1,False,GCTTGAACATTTGCCC-1_contig_1,False,556,TRA,TRAV19,None,TRAJ39,TRAC,True,True,CAAGGNNAGAKLTF,TGCGCAGCAGGTGGGAATAATGCAGGTGCCAAGCTCACATTC,1532,1,None,None
GCTTGAAGTATGAATG-1,False,GCTTGAAGTATGAATG-1_contig_1,False,549,TRB,TRBV16,None,TRBJ2-5,None,True,True,CASSLGGGQDTQYF,TGTGCAAGCAGCTTAGGGGGGGGCCAAGACACCCAGTACTTT,1760,1,None,None
GCTTGAAGTTCATGGT-1,False,GCTTGAAGTTCATGGT-1_contig_1,False,595,TRB,TRBV12-2+TRBV13-2,None,TRBJ2-7,None,True,True,CASGVQGWEQYF,TGTGCCAGCGGTGTACAGGGGTGGGAACAGTACTTC,554,1,None,None
GCTTGAATCAACTCTT-1,False,GCTTGAATCAACTCTT-1_contig_1,False,498,TRA,TRAV1,None,TRAJ12,TRAC,True,True,CAVRDRAGGYKVVF,TGTGCTGTGAGGGATCGGGCTGGAGGCTATAAAGTGGTCTTT,158,1,None,None
GCTTGAATCACAAACC-1,False,GCTTGAATCACAAACC-1_contig_1,False,539,TRA,TRAV6-6,None,TRAJ24,TRAC,True,True,CAPLTTASLGKLQF,TGTGCTCCGTTGACAACTGCCAGTTTGGGGAAACTGCAGTTT,502,1,None,None
GCTTGAATCACAAACC-1,False,GCTTGAATCACAAACC-1_contig_2,False,563,TRB,TRBV12-2+TRBV13-2,None,TRBJ2-5,None,True,False,CASGDW,TGTGCCAGCGGTGACTGG,1418,1,None,None
GCTTGAATCAGCATGT-1,False,GCTTGAATCAGCATGT-1_contig_1,False,566,TRB,TRBV12-2+TRBV13-2,None,TRBJ1-5,TRBC1,True,True,CASGTGDNQAPLF,TGTGCCAGCGGGACGGGGGACAACCAGGCTCCGCTTTTT,1090,1,None,None
GCTTGAATCATGTGGT-1,False,GCTTGAATCATGTGGT-1_contig_1,False,508,TRB,TRBV13-1,None,TRBJ1-4,TRBC1,True,True,CASGTGANERLFF,TGTGCCAGCGGGACAGGGGCCAACGAAAGATTATTTTTC,1598,1,None,None
GCTTGAATCCATGCTC-1,False,GCTTGAATCCATGCTC-1_contig_1,False,519,TRB,TRBV13-2,None,TRBJ1-2,TRBC1,True,True,CASGGQGPDYTF,TGTGCCAGCGGGGGACAGGGACCCGACTACACCTTC,2270,2,None,None
GCTTGAATCGCTTGTC-1,False,GCTTGAATCGCTTGTC-1_contig_1,False,567,TRB,TRBV12-2+TRBV13-2,None,TRBJ1-2,TRBC1,True,True,CASGGGTGNSDYTF,TGTGCCAGCGGTGGGGGGACAGGGAACTCCGACTACACCTTC,846,1,None,None
GCTTGAATCTAACGGT-1,False,GCTTGAATCTAACGGT-1_contig_1,False,560,TRB,TRBV12-2+TRBV13-2,None,TRBJ1-2,TRBC1,True,True,CASGGGTGNSDYTF,TGTGCCAGCGGTGGGGGGACAGGGAACTCCGACTACACCTTC,1542,1,None,None
GCTTGAATCTCCCTGA-1,False,GCTTGAATCTCCCTGA-1_contig_1,False,561,TRA,TRAV4D-3,None,TRAJ27,TRAC,True,True,CAADGPNTGKLTF,TGTGCTGCGGACGGACCCAATACAGGCAAATTAACCTTT,1520,1,None,None
GGAAAGCAGAGACGAA-1,False,GGAAAGCAGAGACGAA-1_contig_1,False,527,TRA,TRAV19,None,TRAJ39,TRAC,True,True,CAAGGNNAGAKLTF,TGCGCAGCAGGTGGGAATAATGCAGGTGCCAAGCTCACATTC,2266,1,None,None
GGAAAGCAGAGACGAA-1,False,GGAAAGCAGAGACGAA-1_contig_2,False,568,TRB,TRBV12-2+TRBV13-2,None,TRBJ1-2,TRBC1,True,True,CASGGGTGNSDYTF,TGTGCCAGCGGTGGGGGGACAGGGAACTCCGACTACACCTTC,1060,1,None,None
GGAAAGCAGATGCCAG-1,False,GGAAAGCAGATGCCAG-1_contig_1,False,535,TRB,TRBV16,None,TRBJ2-5,None,True,True,CASSLGGGQDTQYF,TGTGCAAGCAGCTTAGGGGGGGGCCAAGACACCCAGTACTTT,2360,1,None,None
GGAAAGCAGCACACAG-1,False,GGAAAGCAGCACACAG-1_contig_1,False,361,TRA,TRAV9-2,None,TRAJ16,TRAC,True,False,None,None,1230,1,None,None
GGAAAGCAGCGGCTTC-1,False,GGAAAGCAGCGGCTTC-1_contig_1,False,549,TRB,TRBV16,None,TRBJ2-5,None,True,True,CASSLGGGQDTQYF,TGTGCAAGCAGCTTAGGGGGGGGCCAAGACACCCAGTACTTT,2456,1,None,None
GGAAAGCAGGCAGTCA-1,False,GGAAAGCAGGCAGTCA-1_contig_1,False,566,TRB,TRBV12-2+TRBV13-2,None,TRBJ1-2,TRBC1,True,True,CASGGGTGNSDYTF,TGTGCCAGCGGTGGGGGGACAGGGAACTCCGACTACACCTTC,464,1,None,None
GGAAAGCAGGCTATCT-1,False,GGAAAGCAGGCTATCT-1_contig_1,False,541,TRA,TRAV8D-1,None,TRAJ30,TRAC,True,True,CATDTNAYKVIF,TGTGCTACTGACACAAATGCTTACAAAGTCATCTTT,2264,1,None,None
GGAAAGCAGGCTATCT-1,False,GGAAAGCAGGCTATCT-1_contig_2,False,531,TRA,TRAV4-3,None,TRAJ37,TRAC,True,False,CAAGQAIPENSSLDW,TGTGCTGCCGGACAGGCAATACCGGAAAACTCATCTTTGGACTGG,1392,1,None,None
GGAAAGCAGTCACGCC-1,False,GGAAAGCAGTCACGCC-1_contig_1,False,431,TRB,TRBV13-2,None,TRBJ1-5,TRBC1,True,False,CASGTGDNQAPLF,TGTGCCAGCGGGACAGGGGACAACCAGGCTCCGCTTTTT,2248,1,None,None
GGAAAGCCAAACTGCT-1,False,GGAAAGCCAAACTGCT-1_contig_1,False,564,TRB,TRBV12-2+TRBV13-2,None,TRBJ2-3,None,True,True,CASGDAPPGEGTLYF,TGTGCCAGCGGTGATGCACCTCCAGGGGAGGGAACGCTGTATTTT,1208,1,None,None
GGAAAGCCAATGGAAT-1,False,GGAAAGCCAATGGAAT-1_contig_1,False,505,TRB,TRBV13-1,None,TRBJ2-3,None,True,True,CASGDSAETLYF,TGTGCCAGCGGGGACAGTGCAGAAACGCTGTATTTT,1192,1,None,None
GGAAAGCCAGGGTATG-1,False,GGAAAGCCAGGGTATG-1_contig_1,False,549,TRB,TRBV16,None,TRBJ2-5,None,True,True,CASSWGGGQDTQYF,TGTGCAAGCAGCTGGGGGGGCGGGCAAGACACCCAGTACTTT,1898,1,None,None
GGAAAGCCAGGGTATG-1,False,GGAAAGCCAGGGTATG-1_contig_2,True,490,TRB,TRBV26,None,TRBJ2-5,None,True,False,CASSRGTDTQYF,TGTGCCAGCAGCCGCGGGACCGACACCCAGTACTTT,138,1,None,None
GGAAAGCCATGCAACT-1,False,GGAAAGCCATGCAACT-1_contig_1,False,515,TRB,TRBV13-1,None,TRBJ2-1,None,True,True,CASGGGDYAEQFF,TGTGCCAGCGGGGGGGGAGACTATGCTGAGCAGTTCTTC,1866,1,None,None
GGAAAGCCATTGGTAC-1,False,GGAAAGCCATTGGTAC-1_contig_1,False,599,TRA,TRAV4D-3,None,TRAJ27,TRAC,True,True,CAADGPNTGKLTF,TGTGCTGCGGACGGACCCAATACAGGCAAATTAACCTTT,1832,1,None,None
GGAAAGCGTACATCCA-1,False,GGAAAGCGTACATCCA-1_contig_1,False,519,TRB,TRBV5,None,TRBJ2-2,None,True,True,CASSQDRHTGQLYF,TGTGCCAGCAGCCAAGATAGACACACCGGGCAGCTCTACTTT,760,1,None,None
GGAAAGCGTATGGTTC-1,False,GGAAAGCGTATGGTTC-1_contig_1,False,551,TRA,TRAV6D-5,None,TRAJ38,TRAC,True,False,CTTVFWDNVGDNSKLIW,TGTACTACTGTGTTCTGGGATAATGTTGGTGACAACAGTAAGCTGATTTGG,1068,1,None,None
GGAAAGCGTCTCCATC-1,False,GGAAAGCGTCTCCATC-1_contig_1,False,559,TRA,TRAV4D-3,None,TRAJ27,TRAC,True,True,CAADGPNTGKLTF,TGTGCTGCTGACGGGCCCAATACAGGCAAATTAACCTTT,506,1,None,None
GGAAAGCGTGAGTATA-1,False,GGAAAGCGTGAGTATA-1_contig_1,False,575,TRB,TRBV31,None,TRBJ2-5,None,True,False,None,None,1226,1,None,None
GGAAAGCGTTTGTTGG-1,False,GGAAAGCGTTTGTTGG-1_contig_1,False,653,TRB,None,None,TRBJ2-5,None,False,False,None,None,686,1,None,None
GGAAAGCTCAGCACAT-1,False,GGAAAGCTCAGCACAT-1_contig_1,False,523,TRA,TRAV14N-3,None,TRAJ6,TRAC,True,True,CAARTSGGNYKPTF,TGTGCAGCAAGAACCTCAGGAGGAAACTACAAACCTACGTTT,2282,1,None,None
GGAAAGCTCAGCACAT-1,False,GGAAAGCTCAGCACAT-1_contig_2,False,480,TRA,TRAV8N-2,None,TRAJ13,None,True,True,CATEDSGTYQRF,TGTGCTACTGAGGATTCTGGGACTTACCAGAGGTTT,2250,1,None,None
GGAAAGCTCAGCACAT-1,False,GGAAAGCTCAGCACAT-1_contig_3,True,317,TRA,TRAV7-5,None,TRAJ45,TRAC,True,False,CSDTEGADRLTF,TGCAGTGATACAGAAGGTGCAGATAGACTCACCTTT,206,1,None,None
GGAAAGCTCGGATGTT-1,False,GGAAAGCTCGGATGTT-1_contig_1,False,569,TRB,TRBV12-2+TRBV13-2,None,TRBJ1-2,TRBC1,True,True,CASGGGTGNSDYTF,TGTGCCAGCGGTGGGGGGACAGGGAACTCCGACTACACCTTC,2138,1,None,None
GGAACTTAGACACGAC-1,False,GGAACTTAGACACGAC-1_contig_1,False,313,TRB,None,None,TRBJ1-6,TRBC1,False,False,None,None,2288,1,None,None
GGAACTTAGTACATGA-1,False,GGAACTTAGTACATGA-1_contig_1,False,549,TRB,TRBV16,None,TRBJ2-5,None,True,True,CASSFGGAPDTQYF,TGTGCAAGCAGCTTTGGGGGGGCGCCAGACACCCAGTACTTT,756,1,None,None
GGAACTTAGTAGGTGC-1,False,GGAACTTAGTAGGTGC-1_contig_1,False,517,TRA,TRAV19,None,TRAJ39,TRAC,True,True,CAAGGNNAGAKLTF,TGCGCAGCAGGTGGGAATAATGCAGGTGCCAAGCTCACATTC,7592,4,None,None
GGAACTTAGTAGGTGC-1,False,GGAACTTAGTAGGTGC-1_contig_2,False,565,TRB,TRBV12-2+TRBV13-2,None,TRBJ1-2,TRBC1,True,True,CASGGGTGNSDYTF,TGTGCCAGCGGTGGGGGGACAGGGAACTCCGACTACACCTTC,1022,3,None,None
GGAACTTAGTAGGTGC-1,False,GGAACTTAGTAGGTGC-1_contig_3,False,603,TRA,TRAV14D-1,None,TRAJ27,TRAC,True,True,CAASGANTGKLTF,TGTGCAGCAAGTGGCGCCAATACAGGCAAATTAACCTTT,4028,3,None,None
GGAACTTAGTTCGCGC-1,False,GGAACTTAGTTCGCGC-1_contig_1,False,323,TRB,None,None,TRBJ2-1,None,False,False,None,None,1904,1,None,None
GGAACTTCACAGCCCA-1,False,GGAACTTCACAGCCCA-1_contig_1,False,514,TRB,TRBV13-1,None,TRBJ1-2,TRBC1,True,False,None,None,1718,1,None,None
GGAACTTCACTTACGA-1,False,GGAACTTCACTTACGA-1_contig_1,False,430,TRB,None,None,TRBJ2-1,None,False,False,None,None,1900,1,None,None
GGAACTTCAGGTCTCG-1,False,GGAACTTCAGGTCTCG-1_contig_1,False,518,TRB,TRBV13-2,None,TRBJ1-2,TRBC1,True,True,CASGGGTGNSDYTF,TGTGCCAGCGGTGGGGGGACAGGGAACTCCGACTACACCTTC,1594,1,None,None
GGAACTTCATCTCGCT-1,False,GGAACTTCATCTCGCT-1_contig_1,False,358,TRB,None,None,TRBJ2-7,None,False,False,None,None,2014,1,None,None
GGAACTTGTACCCAAT-1,False,GGAACTTGTACCCAAT-1_contig_1,False,549,TRB,TRBV16,None,TRBJ2-5,None,True,True,CASSLGGGQDTQYF,TGTGCAAGCAGCTTAGGGGGGGGCCAAGACACCCAGTACTTT,882,1,None,None
GGAACTTGTTTGCATG-1,False,GGAACTTGTTTGCATG-1_contig_1,False,562,TRB,TRBV12-2+TRBV13-2,None,TRBJ2-7,None,True,True,CASGVQGWEQYF,TGTGCCAGCGGTGTACAGGGGTGGGAACAGTACTTC,1492,1,None,None
GGAACTTTCCGCAAGC-1,False,GGAACTTTCCGCAAGC-1_contig_1,False,519,TRA,TRAV8-1,None,TRAJ30,TRAC,True,True,CATDTNAYKVIF,TGTGCTACTGACACAAATGCTTACAAAGTCATCTTT,1794,1,None,None
GGAACTTTCGGCGCTA-1,False,GGAACTTTCGGCGCTA-1_contig_1,False,549,TRB,TRBV16,None,TRBJ2-5,None,True,True,CASSLGGAGDTQYF,TGTGCAAGCAGCTTAGGGGGGGCGGGAGACACCCAGTACTTT,582,2,None,None
GGAACTTTCTATCCCG-1,False,GGAACTTTCTATCCCG-1_contig_1,False,630,TRB,TRBV12-2+TRBV13-2,None,TRBJ1-2,TRBC1,True,True,CASGGGTGNSDYTF,TGTGCCAGCGGTGGGGGGACAGGGAACTCCGACTACACCTTC,1612,1,None,None
GGAACTTTCTTAACCT-1,False,GGAACTTTCTTAACCT-1_contig_1,False,505,TRB,TRBV13-1,None,TRBJ2-4,None,True,True,CASSEGTNTLYF,TGTGCCAGCAGTGAAGGAACAAACACCTTGTACTTT,1522,1,None,None
GGAACTTTCTTAACCT-1,False,GGAACTTTCTTAACCT-1_contig_2,False,509,TRB,TRBV13-1,None,TRBJ2-3,None,True,True,CASGDSAETLYF,TGTGCCAGCGGGGACAGTGCAGAAACGCTGTATTTT,256,1,None,None
GGAACTTTCTTGCCGT-1,False,GGAACTTTCTTGCCGT-1_contig_1,False,488,TRB,TRBV16,None,TRBJ2-5,None,True,False,CASSLGGGQDTQYF,TGTGCAAGCAGCTTAGGGGGGGGCCAAGACACCCAGTACTTT,1280,1,None,None
GGAATAAAGAAGGACA-1,False,GGAATAAAGAAGGACA-1_contig_1,False,347,TRB,None,None,TRBJ2-7,None,False,False,None,None,2888,1,None,None
GGAATAAAGCGCCTTG-1,False,GGAATAAAGCGCCTTG-1_contig_1,False,550,TRB,TRBV12-2+TRBV13-2,None,TRBJ1-4,TRBC1,True,True,CASGDAPERLFF,TGTGCCAGCGGTGATGCTCCCGAAAGATTATTTTTC,196,2,None,None
GGAATAAAGGGATGGG-1,False,GGAATAAAGGGATGGG-1_contig_1,False,568,TRB,TRBV12-2+TRBV13-2,None,TRBJ1-2,TRBC1,True,True,CASGGGTGNSDYTF,TGTGCCAGCGGTGGGGGGACAGGGAACTCCGACTACACCTTC,3098,2,None,None
GGAATAAAGGGATGGG-1,False,GGAATAAAGGGATGGG-1_contig_2,True,506,TRA,TRAV7-5,None,TRAJ45,TRAC,True,False,CSDTEGADRLTF,TGCAGTGATACAGAAGGTGCAGATAGACTCACCTTT,1836,1,None,None
GGAATAACAATCCGAT-1,False,GGAATAACAATCCGAT-1_contig_1,False,567,TRA,TRAV3D-3,None,TRAJ28,TRAC,True,False,CTSAQSVRGTGSNRLTF,TGTACTTCTGCGCAGTCAGTGAGGGGCACTGGGAGTAACAGGCTCACTTTT,2072,1,None,None
GGAATAACACAAGCCC-1,False,GGAATAACACAAGCCC-1_contig_1,False,568,TRB,TRBV12-2+TRBV13-2,None,TRBJ1-2,TRBC1,True,True,CASGGGTGNSDYTF,TGTGCCAGCGGTGGGGGGACAGGGAACTCCGACTACACCTTC,392,1,None,None
GGAATAACACCTATCC-1,False,GGAATAACACCTATCC-1_contig_1,False,582,TRA,TRAV12D-1,None,TRAJ5,TRAC,True,True,CALSDQGVVGQLTF,TGTGCTCTGAGTGATCAAGGGGTTGTGGGGCAGCTCACTTTC,962,1,None,None
GGAATAACACCTATCC-1,False,GGAATAACACCTATCC-1_contig_2,False,497,TRB,TRBV13-1,None,TRBJ2-5,None,True,True,CASSDGDDTQYF,TGTGCCAGCAGTGACGGGGACGACACCCAGTACTTT,594,2,None,None
GGAATAACAGACTCGC-1,False,GGAATAACAGACTCGC-1_contig_1,False,612,TRB,TRBV13-2,None,TRBJ1-2,TRBC1,True,True,CASGGGTGNSDYTF,TGTGCCAGCGGTGGGGGGACAGGGAACTCCGACTACACCTTC,1318,1,None,None
GGAATAACAGCTGCTG-1,False,GGAATAACAGCTGCTG-1_contig_1,False,505,TRB,TRBV13-1,None,TRBJ2-3,None,True,True,CASGDSAETLYF,TGTGCCAGCGGGGACAGTGCAGAAACGCTGTATTTT,1676,1,None,None
GGAATAACAGGACCCT-1,False,GGAATAACAGGACCCT-1_contig_1,False,567,TRB,TRBV12-2+TRBV13-2,None,TRBJ1-2,TRBC1,True,True,CASGGGTGNSDYTF,TGTGCCAGCGGTGGGGGGACAGGGAACTCCGACTACACCTTC,1676,2,None,None
GGAATAACATCCCATC-1,False,GGAATAACATCCCATC-1_contig_1,False,549,TRB,TRBV16,None,TRBJ2-5,None,True,True,CASSLGGGQDTQYF,TGTGCAAGCAGCTTAGGGGGGGGGCAAGACACCCAGTACTTT,1406,1,None,None
GGAATAACATTCCTCG-1,False,GGAATAACATTCCTCG-1_contig_1,False,560,TRB,TRBV12-2+TRBV13-2,None,TRBJ2-1,None,True,True,CASEAAYAEQFF,TGTGCCAGCGAAGCAGCCTATGCTGAGCAGTTCTTC,2144,1,None,None
GGAATAAGTAAACACA-1,False,GGAATAAGTAAACACA-1_contig_1,False,354,TRB,None,None,TRBJ1-4,TRBC1,False,False,None,None,2346,1,None,None
GGAATAAGTACAGCAG-1,False,GGAATAAGTACAGCAG-1_contig_1,True,470,TRA,TRAV19,None,TRAJ39,None,True,True,CAAGGNNAGAKLTF,TGCGCAGCAGGTGGGAATAATGCAGGTGCCAAGCTCACATTC,870,1,None,None
GGAATAAGTACAGCAG-1,False,GGAATAAGTACAGCAG-1_contig_2,True,499,TRA,TRAV7-5,None,TRAJ45,TRAC,True,False,CSDTEGADRLTF,TGCAGTGATACAGAAGGTGCAGATAGACTCACCTTT,3160,1,None,None
GGAATAAGTACAGCAG-1,False,GGAATAAGTACAGCAG-1_contig_3,True,305,TRB,None,None,TRBJ2-3,None,False,False,None,None,2886,1,None,None
GGAATAAGTACAGCAG-1,False,GGAATAAGTACAGCAG-1_contig_4,True,384,TRA,None,None,TRAJ26,TRAC,False,False,None,None,3006,1,None,None
GGAATAAGTAGCTCCG-1,False,GGAATAAGTAGCTCCG-1_contig_1,False,582,TRB,TRBV12-2+TRBV13-2,None,TRBJ1-2,TRBC1,True,True,CASGGGTGNSDYTF,TGTGCCAGCGGTGGGGGGACAGGGAACTCCGACTACACCTTC,932,1,None,None
GGAATAAGTATAGGTA-1,False,GGAATAAGTATAGGTA-1_contig_1,False,556,TRA,TRAV19,None,TRAJ39,TRAC,True,True,CAAGGNNAGAKLTF,TGCGCAGCAGGTGGGAATAATGCAGGTGCCAAGCTCACATTC,2040,1,None,None
GGAATAAGTATAGGTA-1,False,GGAATAAGTATAGGTA-1_contig_2,False,566,TRB,TRBV12-2+TRBV13-2,None,TRBJ1-2,TRBC1,True,True,CASGGGTGNSDYTF,TGTGCCAGCGGTGGGGGGACAGGGAACTCCGACTACACCTTC,620,2,None,None
GGAATAAGTATGAAAC-1,False,GGAATAAGTATGAAAC-1_contig_1,False,525,TRB,TRBV17,None,TRBJ2-5,None,True,True,CASSRKGSQDTQYF,TGTGCTAGCAGTAGAAAGGGTTCTCAAGACACCCAGTACTTT,2028,1,None,None
GGAATAAGTCAATACC-1,False,GGAATAAGTCAATACC-1_contig_1,False,502,TRA,TRAV8D-1,None,TRAJ30,TRAC,True,True,CATDTNAYKVIF,TGTGCTACTGACACAAATGCTTACAAAGTCATCTTT,3070,2,None,None
GGAATAAGTCCGTGAC-1,False,GGAATAAGTCCGTGAC-1_contig_1,False,331,TRB,None,None,TRBJ2-1,None,False,False,None,None,1894,1,None,None
GGAATAAGTTGACGTT-1,False,GGAATAAGTTGACGTT-1_contig_1,False,531,TRA,TRAV19,None,TRAJ39,TRAC,True,True,CAAGGNNAGAKLTF,TGCGCAGCAGGTGGGAATAATGCAGGTGCCAAGCTCACATTC,3590,3,None,None
GGAATAAGTTGACGTT-1,False,GGAATAAGTTGACGTT-1_contig_2,False,555,TRA,TRAV3-3,None,TRAJ49,TRAC,True,True,CAVSGSTGYQNFYF,TGCGCAGTCAGTGGGAGCACGGGTTACCAGAACTTCTATTTT,3442,2,None,None
GGAATAAGTTGACGTT-1,False,GGAATAAGTTGACGTT-1_contig_3,False,580,TRB,TRBV12-2+TRBV13-2,None,TRBJ1-2,TRBC1,True,True,CASGGGTGNSDYTF,TGTGCCAGCGGTGGGGGGACAGGGAACTCCGACTACACCTTC,5234,8,None,None
GGAATAAGTTGACGTT-1,False,GGAATAAGTTGACGTT-1_contig_4,True,542,TRB,None,None,TRBJ2-7,None,False,False,None,None,1616,2,None,None
GGAATAAGTTGTGGAG-1,False,GGAATAAGTTGTGGAG-1_contig_1,False,543,TRB,TRBV13-2,None,TRBJ1-2,TRBC1,True,True,CASGGGTGNSDYTF,TGTGCCAGCGGTGGGGGGACAGGGAACTCCGACTACACCTTC,426,1,None,None
GGAATAAGTTTAGGAA-1,False,GGAATAAGTTTAGGAA-1_contig_1,False,549,TRB,TRBV16,None,TRBJ2-7,None,True,True,CASSLGGGLDEQYF,TGTGCAAGCAGCTTAGGGGGGGGGCTCGATGAACAGTACTTC,830,1,None,None
GGAATAAGTTTAGGAA-1,False,GGAATAAGTTTAGGAA-1_contig_2,False,547,TRA,TRAV13D-2,None,TRAJ11,TRAC,True,True,CAIDLDSGYNKLTF,TGTGCTATAGATCTTGACTCGGGATACAACAAACTCACTTTT,1112,1,None,None
GGAATAATCACGAAGG-1,False,GGAATAATCACGAAGG-1_contig_1,False,568,TRB,TRBV12-2+TRBV13-2,None,TRBJ1-2,TRBC1,True,True,CASGGGTGNSDYTF,TGTGCCAGCGGTGGGGGGACAGGGAACTCCGACTACACCTTC,314,3,None,None
GGAATAATCATGTCTT-1,False,GGAATAATCATGTCTT-1_contig_1,False,557,TRA,TRAV8N-2,None,TRAJ52,TRAC,True,False,None,None,2454,1,None,None
GGAATAATCGAATGGG-1,False,GGAATAATCGAATGGG-1_contig_1,False,506,TRB,TRBV13-1,None,TRBJ2-2,None,True,True,CASSDPGQLYF,TGTGCCAGCAGTGACCCCGGGCAGCTCTACTTT,1350,1,None,None
GGAATAATCTCTGTCG-1,False,GGAATAATCTCTGTCG-1_contig_1,False,575,TRA,TRAV3D-3,None,TRAJ28,TRAC,True,False,CTSAQSVRGTGSNRLTF,TGTACTTCTGCGCAGTCAGTGAGGGGCACTGGGAGTAACAGGCTCACTTTT,2312,1,None,None
GGAATAATCTTGGGTA-1,False,GGAATAATCTTGGGTA-1_contig_1,False,602,TRB,TRBV3,None,TRBJ2-2,None,True,True,CASSPQGDTGQLYF,TGTGCCAGCAGCCCTCAGGGGGACACCGGGCAGCTCTACTTT,2268,1,None,None
GGACAAGAGAGTACAT-1,False,GGACAAGAGAGTACAT-1_contig_1,False,582,TRB,TRBV12-2+TRBV13-2,None,TRBJ2-3,None,True,True,CASGDAPPGEGTLYF,TGTGCCAGCGGTGATGCACCTCCAGGGGAGGGAACGCTGTATTTT,1712,1,None,None
GGACAAGAGATAGTCA-1,False,GGACAAGAGATAGTCA-1_contig_1,False,558,TRA,TRAV19,None,TRAJ39,TRAC,True,True,CAAGGNNAGAKLTF,TGCGCAGCAGGTGGGAATAATGCAGGTGCCAAGCTCACATTC,1098,1,None,None
GGACAAGAGCCCAACC-1,False,GGACAAGAGCCCAACC-1_contig_1,False,432,TRA,TRAV16D-DV11,None,TRAJ26,TRAC,True,False,None,None,1854,1,None,None
GGACAAGAGCGTAATA-1,False,GGACAAGAGCGTAATA-1_contig_1,False,568,TRB,TRBV12-2+TRBV13-2,None,TRBJ1-2,TRBC1,True,True,CASGGGTGNSDYTF,TGTGCCAGCGGTGGGGGGACAGGGAACTCCGACTACACCTTC,902,1,None,None
GGACAAGAGCTCCTTC-1,False,GGACAAGAGCTCCTTC-1_contig_1,False,559,TRB,TRBV12-2+TRBV13-2,None,TRBJ1-3,TRBC1,True,True,CASGDGGTLYF,TGTGCCAGCGGTGATGGGGGGACGCTCTATTTT,1364,1,None,None
GGACAAGAGGGCTTGA-1,False,GGACAAGAGGGCTTGA-1_contig_1,False,512,TRB,TRBV13-1,None,TRBJ2-4,None,True,True,CASSEGTNTLYF,TGTGCCAGCAGTGAAGGAACAAACACCTTGTACTTT,5490,5,None,None
GGACAAGAGGGCTTGA-1,False,GGACAAGAGGGCTTGA-1_contig_2,False,569,TRA,TRAV12-2,None,TRAJ30,TRAC,True,True,CALSDPNAYKVIF,TGTGCTTTGAGTGATCCAAATGCTTACAAAGTCATCTTT,1990,1,None,None
GGACAAGAGTGCAAGC-1,False,GGACAAGAGTGCAAGC-1_contig_1,False,434,TRB,None,None,TRBJ1-4,TRBC1,False,False,None,None,1826,1,None,None
GGACAAGAGTGGCACA-1,False,GGACAAGAGTGGCACA-1_contig_1,False,592,TRB,TRBV12-2+TRBV13-2,None,TRBJ2-7,None,True,True,CASGVQGEQYF,TGTGCCAGCGGTGTTCAGGGAGAACAGTACTTC,1166,1,None,None
GGACAAGAGTGGCACA-1,False,GGACAAGAGTGGCACA-1_contig_2,False,376,TRB,None,None,TRBJ1-6,TRBC1,False,False,None,None,2018,1,None,None
GGACAAGCAAGCGATG-1,False,GGACAAGCAAGCGATG-1_contig_1,False,543,TRA,TRAV4D-3,None,TRAJ27,TRAC,True,True,CAADGPNTGKLTF,TGTGCTGCGGACGGACCCAATACAGGCAAATTAACCTTT,1526,1,None,None
GGACAAGCAAGCGATG-1,False,GGACAAGCAAGCGATG-1_contig_2,False,571,TRB,TRBV12-2+TRBV13-2,None,TRBJ1-2,TRBC1,True,True,CASGGGTGNSDYTF,TGTGCCAGCGGTGGGGGGACAGGGAACTCCGACTACACCTTC,1312,1,None,None
GGACAAGCACATTCGA-1,False,GGACAAGCACATTCGA-1_contig_1,False,434,TRB,None,None,TRBJ2-3,None,False,False,None,None,802,1,None,None
GGACAAGCATAACCTG-1,False,GGACAAGCATAACCTG-1_contig_1,False,669,TRB,TRBV12-2+TRBV13-2,None,TRBJ1-2,TRBC1,True,True,CASGGGTGNSDYTF,TGTGCCAGCGGTGGGGGGACAGGGAACTCCGACTACACCTTC,1338,1,None,None
GGACAAGGTAAACCTC-1,False,GGACAAGGTAAACCTC-1_contig_1,False,558,TRA,TRAV19,None,TRAJ39,TRAC,True,True,CAAGGNNAGAKLTF,TGCGCAGCAGGTGGGAATAATGCAGGTGCCAAGCTCACATTC,12580,6,None,None
GGACAAGGTAAACCTC-1,False,GGACAAGGTAAACCTC-1_contig_2,False,542,TRB,TRBV20,None,TRBJ1-4,TRBC1,True,True,CGARDQRQGSNERLFF,TGTGGTGCTAGGGATCAGAGACAGGGGTCCAACGAAAGATTATTTTTC,9722,7,None,None
GGACAAGGTAAACCTC-1,False,GGACAAGGTAAACCTC-1_contig_3,False,555,TRA,TRAV4-3,None,TRAJ22,TRAC,True,True,CAADDSGSWQLIF,TGTGCTGCTGATGATTCTGGCAGCTGGCAACTCATCTTT,12434,10,None,None
GGACAAGGTAAACCTC-1,False,GGACAAGGTAAACCTC-1_contig_4,False,582,TRB,TRBV12-2+TRBV13-2,None,TRBJ1-2,TRBC1,True,True,CASGGGTGNSDYTF,TGTGCCAGCGGTGGGGGGACAGGGAACTCCGACTACACCTTC,15816,15,None,None
GGACAAGGTAAACCTC-1,False,GGACAAGGTAAACCTC-1_contig_5,True,316,TRB,None,None,TRBJ2-7,None,False,False,None,None,8034,7,None,None
GGACAAGGTAAACCTC-1,False,GGACAAGGTAAACCTC-1_contig_6,True,556,TRA,TRAV6N-7,None,TRAJ32,TRAC,True,False,CSGWKNYGSSGNKLIF,TGCTCTGGGTGGAAGAATTATGGGAGCAGTGGCAACAAGCTCATCTTT,5084,3,None,None
GGACAAGGTCCCTTGT-1,False,GGACAAGGTCCCTTGT-1_contig_1,False,575,TRA,TRAV3D-3,None,TRAJ28,TRAC,True,False,CTSAQSVRGTGSNRLTF,TGTACTTCTGCGCAGTCAGTGAGGGGCACTGGGAGTAACAGGCTCACTTTT,2000,1,None,None
GGACAAGGTCGAGATG-1,False,GGACAAGGTCGAGATG-1_contig_1,False,563,TRB,TRBV12-2+TRBV13-2,None,TRBJ1-5,TRBC1,True,True,CASGTGDNQAPLF,TGTGCCAGCGGGACAGGGGACAACCAGGCTCCGCTTTTT,422,1,None,None
GGACAAGGTCTCACCT-1,False,GGACAAGGTCTCACCT-1_contig_1,False,507,TRB,TRBV13-2,None,TRBJ2-1,None,True,True,CASGDPFQFF,TGTGCCAGCGGTGATCCTTTCCAGTTCTTC,1230,1,None,None
GGACAAGGTCTTGATG-1,False,GGACAAGGTCTTGATG-1_contig_1,False,629,TRA,TRAV9N-4,None,TRAJ22,TRAC,True,True,CALPSSGSWQLIF,TGTGCTCTCCCATCTTCTGGCAGCTGGCAACTCATCTTT,504,1,None,None
GGACAAGGTGCCTTGG-1,False,GGACAAGGTGCCTTGG-1_contig_1,False,554,TRB,TRBV12-2+TRBV13-2,None,TRBJ2-7,None,True,True,CASGVQGEQYF,TGTGCCAGCGGTGTTCAGGGAGAACAGTACTTC,476,1,None,None
GGACAAGGTGCCTTGG-1,False,GGACAAGGTGCCTTGG-1_contig_2,False,509,TRA,TRAV7-5,None,TRAJ45,TRAC,True,False,CSDTEGADRLTF,TGCAGTGATACAGAAGGTGCAGATAGACTCACCTTT,1014,1,None,None
GGACAAGGTGTGGCTC-1,False,GGACAAGGTGTGGCTC-1_contig_1,False,537,TRA,TRAV3-3,None,TRAJ45,TRAC,True,True,CAVRNTEGADRLTF,TGCGCAGTCAGGAATACAGAAGGTGCAGATAGACTCACCTTT,1282,1,None,None
GGACAAGGTGTGTGCC-1,False,GGACAAGGTGTGTGCC-1_contig_1,False,609,TRB,TRBV12-2+TRBV13-2,None,TRBJ1-2,TRBC1,True,True,CASGGGTGNSDYTF,TGTGCCAGCGGTGGGGGGACAGGGAACTCCGACTACACCTTC,1496,1,None,None
GGACAAGTCAATACCG-1,False,GGACAAGTCAATACCG-1_contig_1,False,541,TRA,TRAV8D-1,None,TRAJ30,TRAC,True,True,CATDTNAYKVIF,TGTGCTACTGACACAAATGCTTACAAAGTCATCTTT,2294,1,None,None
GGACAAGTCATGGTCA-1,False,GGACAAGTCATGGTCA-1_contig_1,False,518,TRA,TRAV6-6,None,TRAJ24,TRAC,True,True,CAPLTTASLGKLQF,TGTGCTCCGTTGACAACTGCCAGTTTGGGGAAACTGCAGTTT,5590,3,None,None
GGACAAGTCATGGTCA-1,False,GGACAAGTCATGGTCA-1_contig_2,False,567,TRA,TRAV3D-3,None,TRAJ32,TRAC,True,True,CAVRNYGSSGNKLIF,TGCGCAGTCAGGAATTATGGGAGCAGTGGCAACAAGCTCATCTTT,4890,4,None,None
GGACAAGTCATGGTCA-1,False,GGACAAGTCATGGTCA-1_contig_3,False,512,TRB,TRBV13-1,None,TRBJ2-4,None,True,True,CASSEGTNTLYF,TGTGCCAGCAGTGAAGGAACAAACACCTTGTACTTT,19262,16,None,None
GGACAAGTCATGGTCA-1,False,GGACAAGTCATGGTCA-1_contig_4,True,343,TRB,None,None,TRBJ2-1,None,False,False,None,None,8858,6,None,None
GGACAAGTCATGGTCA-1,False,GGACAAGTCATGGTCA-1_contig_5,True,525,TRA,TRAV13N-4,None,TRAJ23,TRAC,True,False,None,None,1104,2,None,None
GGACAAGTCATGGTCA-1,False,GGACAAGTCATGGTCA-1_contig_6,True,384,TRB,TRBV1,None,TRBJ1-1,TRBC1,True,False,None,None,2402,1,None,None
GGACAAGTCATGGTCA-1,False,GGACAAGTCATGGTCA-1_contig_7,True,362,TRB,None,None,TRBJ2-7,None,False,False,None,None,2480,2,None,None
GGACAAGTCTACCTGC-1,False,GGACAAGTCTACCTGC-1_contig_1,False,576,TRB,TRBV12-2+TRBV13-2,None,TRBJ1-2,TRBC1,True,True,CASGGGTGNSDYTF,TGTGCCAGCGGTGGGGGGACAGGGAACTCCGACTACACCTTC,1924,1,None,None
GGACAGAAGACAAGCC-1,False,GGACAGAAGACAAGCC-1_contig_1,False,538,TRB,TRBV12-2+TRBV13-2,None,TRBJ2-5,None,True,True,CASGVQGDTQYF,TGTGCCAGCGGTGTTCAGGGGGACACCCAGTACTTT,594,1,None,None
GGACAGAAGATATACG-1,False,GGACAGAAGATATACG-1_contig_1,False,558,TRB,TRBV12-2+TRBV13-2,None,TRBJ2-7,None,True,True,CASGVQGEQYF,TGTGCCAGCGGTGTTCAGGGAGAACAGTACTTC,1468,1,None,None
GGACAGAAGATCTGCT-1,False,GGACAGAAGATCTGCT-1_contig_1,False,525,TRA,TRAV7N-6,None,TRAJ30,TRAC,True,True,CAVVDTNAYKVIF,TGTGCAGTGGTTGACACAAATGCTTACAAAGTCATCTTT,964,1,None,None
GGACAGAAGATGCGAC-1,False,GGACAGAAGATGCGAC-1_contig_1,False,433,TRB,None,None,TRBJ1-4,TRBC1,False,False,None,None,42,1,None,None
GGACAGAAGCGACGTA-1,False,GGACAGAAGCGACGTA-1_contig_1,False,481,TRB,TRBV12-2+TRBV13-2,None,TRBJ1-2,None,True,True,CASGGGTGNSDYTF,TGTGCCAGCGGTGGGGGGACAGGGAACTCCGACTACACCTTC,688,1,None,None
GGACAGAAGCTCCTTC-1,False,GGACAGAAGCTCCTTC-1_contig_1,False,565,TRB,TRBV12-2+TRBV13-2,None,TRBJ1-2,TRBC1,False,False,CASGGGTGNSDYTF,TGTGCCAGCGGTGGGGGGACAGGGAACTCCGACTACACCTTC,556,1,None,None
GGACAGAAGTGTGGCA-1,False,GGACAGAAGTGTGGCA-1_contig_1,False,505,TRB,TRBV13-1,None,TRBJ2-3,None,True,True,CASGDSAETLYF,TGTGCCAGCGGGGACAGTGCAGAAACGCTGTATTTT,1860,1,None,None
GGACAGACAAGACACG-1,False,GGACAGACAAGACACG-1_contig_1,False,429,TRA,TRAV3-1,None,TRAJ6,TRAC,True,False,None,None,1210,1,None,None
GGACAGACAATAGAGT-1,False,GGACAGACAATAGAGT-1_contig_1,False,508,TRB,TRBV13-1,None,TRBJ1-4,TRBC1,True,True,CASGTGANERLFF,TGTGCCAGCGGGACAGGGGCCAACGAAAGATTATTTTTC,236,1,None,None
GGACAGACACCGAAAG-1,False,GGACAGACACCGAAAG-1_contig_1,False,568,TRA,TRAV14N-3,None,TRAJ6,TRAC,True,True,CAARTSGGNYKPTF,TGTGCAGCAAGAACCTCAGGAGGAAACTACAAACCTACGTTT,2540,1,None,None
GGACAGAGTCTAAAGA-1,False,GGACAGAGTCTAAAGA-1_contig_1,False,505,TRB,TRBV13-1,None,TRBJ2-3,None,True,True,CASGDSAETLYF,TGTGCCAGCGGGGACAGTGCAGAAACGCTGTATTTT,722,1,None,None
GGACAGAGTCTGGAGA-1,False,GGACAGAGTCTGGAGA-1_contig_1,False,549,TRB,TRBV16,None,TRBJ2-5,None,True,True,CASSLGGGQDTQYF,TGTGCAAGCAGCTTAGGGGGGGGCCAAGACACCCAGTACTTT,1500,1,None,None
GGACAGAGTCTGGAGA-1,False,GGACAGAGTCTGGAGA-1_contig_2,False,539,TRA,TRAV19,None,TRAJ39,TRAC,True,True,CAAGGNNAGAKLTF,TGCGCAGCAGGTGGGAATAATGCAGGTGCCAAGCTCACATTC,2610,1,None,None
GGACAGAGTCTGGAGA-1,False,GGACAGAGTCTGGAGA-1_contig_3,False,545,TRA,TRAV8-1,None,TRAJ30,TRAC,True,True,CATDTNAYKVIF,TGTGCTACTGACACAAATGCTTACAAAGTCATCTTT,1910,1,None,None
GGACAGAGTGATGTCT-1,False,GGACAGAGTGATGTCT-1_contig_1,False,507,TRA,TRAV21-DV12,None,TRAJ42,TRAC,True,True,CILRVHGGSNAKLTF,TGTATCCTGAGAGTCCATGGAGGAAGCAATGCAAAGCTAACCTTC,2654,1,None,None
GGACAGAGTGGCCCTA-1,False,GGACAGAGTGGCCCTA-1_contig_1,False,342,TRB,None,None,TRBJ2-1,None,False,False,None,None,2792,1,None,None
GGACAGAGTGTTAAGA-1,False,GGACAGAGTGTTAAGA-1_contig_1,False,549,TRB,TRBV16,None,TRBJ2-5,None,True,True,CASSLGGGQDTQYF,TGTGCAAGCAGCTTAGGGGGGGGCCAAGACACCCAGTACTTT,720,1,None,None
GGACAGATCTTCAACT-1,False,GGACAGATCTTCAACT-1_contig_1,False,363,TRA,None,None,TRAJ32,TRAC,False,False,None,None,346,1,None,None
GGACATTAGAGGACGG-1,False,GGACATTAGAGGACGG-1_contig_1,False,563,TRB,TRBV12-2+TRBV13-2,None,TRBJ2-7,None,True,True,CASGTGGDYEQYF,TGTGCCAGCGGGACTGGGGGGGACTATGAACAGTACTTC,1428,1,None,None
GGACATTAGAGTAATC-1,False,GGACATTAGAGTAATC-1_contig_1,False,550,TRA,TRAV6-6,None,TRAJ39,TRAC,True,True,CALGDWNNAGAKLTF,TGTGCTCTGGGTGATTGGAATAATGCAGGTGCCAAGCTCACATTC,1700,1,None,None
GGACATTAGGATGCGT-1,False,GGACATTAGGATGCGT-1_contig_1,False,504,TRB,TRBV13-1,None,TRBJ1-4,TRBC1,True,True,CASGTGANERLFF,TGTGCCAGCGGGACAGGGGCCAACGAAAGATTATTTTTC,1596,1,None,None
GGACATTAGGCTACGA-1,False,GGACATTAGGCTACGA-1_contig_1,False,634,TRA,TRAV14N-3,None,TRAJ6,TRAC,True,True,CAARTSGGNYKPTF,TGTGCAGCAAGAACCTCAGGAGGAAACTACAAACCTACGTTT,2082,1,None,None
GGACATTAGGTGTTAA-1,False,GGACATTAGGTGTTAA-1_contig_1,False,564,TRB,TRBV12-2+TRBV13-2,None,TRBJ1-5,TRBC1,True,True,CASGTGDNQAPLF,TGTGCCAGCGGGACAGGGGACAACCAGGCTCCGCTTTTT,1166,1,None,None
GGACATTAGTAGCCGA-1,False,GGACATTAGTAGCCGA-1_contig_1,False,549,TRB,TRBV16,None,TRBJ2-5,None,True,True,CASSLGGGQDTQYF,TGTGCAAGCAGCTTAGGGGGGGGCCAAGACACCCAGTACTTT,722,1,None,None
GGACATTCAAGGACAC-1,False,GGACATTCAAGGACAC-1_contig_1,False,364,TRB,None,None,TRBJ1-6,TRBC1,False,False,None,None,138,2,None,None
GGACATTCAGACGCTC-1,False,GGACATTCAGACGCTC-1_contig_1,False,564,TRB,TRBV12-2+TRBV13-2,None,TRBJ1-2,TRBC1,True,True,CASGGGTGNSDYTF,TGTGCCAGCGGTGGGGGGACAGGGAACTCCGACTACACCTTC,576,1,None,None
GGACATTCATGCAATC-1,False,GGACATTCATGCAATC-1_contig_1,False,556,TRA,TRAV19,None,TRAJ39,TRAC,True,True,CAAGGNNAGAKLTF,TGCGCAGCAGGTGGGAATAATGCAGGTGCCAAGCTCACATTC,2546,1,None,None
GGACATTCATGGTTGT-1,False,GGACATTCATGGTTGT-1_contig_1,False,585,TRA,TRAV12D-1,None,TRAJ22,TRAC,True,True,CALSDLSSGSWQLIF,TGTGCTCTGAGTGATCTTTCTTCTGGCAGCTGGCAACTCATCTTT,930,1,None,None
GGACATTCATTGGTAC-1,False,GGACATTCATTGGTAC-1_contig_1,False,549,TRB,TRBV16,None,TRBJ2-7,None,True,True,CASSFGGGADEQYF,TGTGCAAGCAGCTTTGGTGGGGGGGCGGATGAACAGTACTTC,25646,26,None,None
GGACATTCATTGGTAC-1,False,GGACATTCATTGGTAC-1_contig_2,False,517,TRA,TRAV13D-2,None,TRAJ11,TRAC,True,True,CAIDLDSGYNKLTF,TGTGCTATAGATCTTGACTCGGGATACAACAAACTCACTTTT,2144,1,None,None
GGACATTCATTGGTAC-1,False,GGACATTCATTGGTAC-1_contig_3,False,566,TRA,TRAV3-3,None,TRAJ49,TRAC,True,True,CAVSGSTGYQNFYF,TGCGCAGTCAGTGGGAGCACGGGTTACCAGAACTTCTATTTT,882,1,None,None
GGACATTCATTGGTAC-1,False,GGACATTCATTGGTAC-1_contig_4,True,596,TRB,TRBV13-1,None,TRBJ1-2,TRBC1,True,False,None,None,2440,3,None,None
GGACATTGTCAAAGAT-1,False,GGACATTGTCAAAGAT-1_contig_1,False,558,TRA,TRAV12-2,None,TRAJ34,TRAC,True,True,CALSGNTNKVVF,TGTGCTTTGAGTGGCAATACCAACAAAGTCGTCTTT,1802,1,None,None
GGACATTGTCGTTGTA-1,False,GGACATTGTCGTTGTA-1_contig_1,False,517,TRB,TRBV13-2,None,TRBJ1-2,TRBC1,True,True,CASGGGTGNSDYTF,TGTGCCAGCGGTGGGGGGACAGGGAACTCCGACTACACCTTC,1592,1,None,None
GGACATTGTGGTCTCG-1,False,GGACATTGTGGTCTCG-1_contig_1,False,466,TRA,TRAV19,None,TRAJ39,None,False,False,CAAGGNNAGAKLTS,TGCGCAGCAGGTGGGAATAATGCGGGTGCCAAGCTCACATCC,128,1,None,None
GGACATTGTTGAGTTC-1,False,GGACATTGTTGAGTTC-1_contig_1,False,512,TRB,TRBV13-1,None,TRBJ2-5,None,True,True,CASSDGDDTQYF,TGTGCCAGCAGTGACGGGGACGACACCCAGTACTTT,1284,1,None,None
GGACATTGTTTGTTGG-1,False,GGACATTGTTTGTTGG-1_contig_1,False,513,TRA,TRAV12D-3,None,TRAJ5,TRAC,True,True,CALGTQVVGQLTF,TGTGCTCTGGGGACACAGGTTGTGGGGCAGCTCACTTTC,1508,1,None,None
GGACATTTCCCTTGCA-1,False,GGACATTTCCCTTGCA-1_contig_1,False,515,TRB,TRBV13-1,None,TRBJ1-4,TRBC1,True,True,CASGTGANERLFF,TGTGCCAGCGGGACAGGGGCCAACGAAAGATTATTTTTC,1490,1,None,None
GGACATTTCGTGTAGT-1,False,GGACATTTCGTGTAGT-1_contig_1,False,443,TRB,TRBV12-2+TRBV13-2,None,TRBJ1-5,None,True,True,CASGTGDNQAPLF,TGTGCCAGCGGGACAGGGGACAACCAGGCTCCGCTTTTT,166,1,None,None
GGACGTCAGAGCCCAA-1,False,GGACGTCAGAGCCCAA-1_contig_1,False,505,TRB,TRBV13-1,None,TRBJ2-3,None,True,True,CASGDSAETLYF,TGTGCCAGCGGGGACAGTGCAGAAACGCTGTATTTT,1678,1,None,None
GGACGTCAGCCGGTAA-1,False,GGACGTCAGCCGGTAA-1_contig_1,False,558,TRA,TRAV19,None,TRAJ39,TRAC,True,True,CAAGGNNAGAKLTF,TGCGCAGCAGGTGGGAATAATGCAGGTGCCAAGCTCACATTC,1476,1,None,None
GGACGTCCAACGCACC-1,False,GGACGTCCAACGCACC-1_contig_1,False,564,TRB,TRBV12-2+TRBV13-2,None,TRBJ1-5,TRBC1,True,True,CASGTGDNQAPLF,TGTGCCAGCGGTACAGGGGACAACCAGGCTCCGCTTTTT,1152,1,None,None
GGACGTCCACAGTCGC-1,False,GGACGTCCACAGTCGC-1_contig_1,False,594,TRB,TRBV12-2+TRBV13-2,None,TRBJ2-7,None,True,True,CASGVQGGEQYF,TGTGCCAGCGGTGTGCAGGGGGGAGAACAGTACTTC,1042,1,None,None
GGACGTCCACGAGGTA-1,False,GGACGTCCACGAGGTA-1_contig_1,False,529,TRB,TRBV12-2+TRBV13-2,None,TRBJ1-5,TRBC1,True,True,CASGTGDNQAPLF,TGTGCCAGCGGGACAGGGGACAACCAGGCTCCGCTTTTT,1746,1,None,None
GGACGTCCAGCATACT-1,False,GGACGTCCAGCATACT-1_contig_1,False,334,TRB,None,None,TRBJ2-1,None,False,False,None,None,3060,1,None,None
GGACGTCCAGCCACCA-1,False,GGACGTCCAGCCACCA-1_contig_1,False,562,TRB,TRBV12-2+TRBV13-2,None,TRBJ1-2,TRBC1,True,False,None,None,1560,1,None,None
GGACGTCCAGGAACGT-1,False,GGACGTCCAGGAACGT-1_contig_1,False,505,TRB,TRBV13-1,None,TRBJ2-5,None,True,True,CASSDGDDTQYF,TGTGCCAGCAGTGACGGGGACGACACCCAGTACTTT,582,1,None,None
GGACGTCGTAGCGTAG-1,False,GGACGTCGTAGCGTAG-1_contig_1,False,557,TRB,TRBV12-2+TRBV13-2,None,TRBJ2-1,None,True,True,CASGDPFQFF,TGTGCCAGCGGTGATCCTTTCCAGTTCTTC,1844,2,None,None
GGACGTCGTAGCGTAG-1,False,GGACGTCGTAGCGTAG-1_contig_2,False,513,TRA,TRAV12D-1,None,TRAJ5,None,True,True,CALSDQGVVGQLTF,TGTGCTCTGAGTGATCAAGGGGTTGTGGGGCAGCTCACTTTC,2100,1,None,None
GGACGTCGTAGCGTAG-1,False,GGACGTCGTAGCGTAG-1_contig_3,False,419,TRB,TRBV5,None,TRBJ2-2,None,True,True,CASSTGQLYF,TGTGCCAGCAGCACCGGGCAGCTCTACTTT,1920,1,None,None
GGACGTCGTAGCGTAG-1,False,GGACGTCGTAGCGTAG-1_contig_4,False,566,TRB,TRBV12-2+TRBV13-2,None,TRBJ1-5,TRBC1,True,True,CASGTGDNQAPLF,TGTGCCAGCGGTACAGGAGACAACCAGGCTCCGCTTTTT,978,2,None,None
GGACGTCGTAGCGTAG-1,False,GGACGTCGTAGCGTAG-1_contig_5,False,525,TRA,TRAV13-4-DV7,None,TRAJ58,TRAC,True,False,CAPMQQGTGSKLSF,TGTGCTCCTATGCAGCAAGGCACTGGGTCTAAGCTGTCATTT,1590,1,None,None
GGACGTCGTAGCGTAG-1,False,GGACGTCGTAGCGTAG-1_contig_6,False,536,TRA,TRAV9D-4,None,TRAJ22,TRAC,True,False,None,None,2812,1,None,None
GGACGTCGTATATCCG-1,False,GGACGTCGTATATCCG-1_contig_1,False,507,TRB,TRBV13-1,None,TRBJ2-4,None,True,True,CASSEGTNTLYF,TGTGCCAGCAGTGAAGGAACAAACACCTTGTACTTT,1600,1,None,None
GGACGTCGTCTAGCCG-1,False,GGACGTCGTCTAGCCG-1_contig_1,False,549,TRB,TRBV16,None,TRBJ2-5,None,True,True,CASSLGGGQDTQYF,TGTGCAAGCAGCTTAGGGGGGGGCCAAGACACCCAGTACTTT,5146,26,None,None
GGACGTCGTCTAGCCG-1,False,GGACGTCGTCTAGCCG-1_contig_2,False,558,TRA,TRAV19,None,TRAJ39,TRAC,True,True,CAAGGNNAGAKLTF,TGCGCAGCAGGTGGGAATAATGCAGGTGCCAAGCTCACATTC,3002,10,None,None
GGACGTCGTCTAGCCG-1,False,GGACGTCGTCTAGCCG-1_contig_3,False,578,TRA,TRAV4D-3,None,TRAJ27,TRAC,True,True,CAADGPNTGKLTF,TGTGCTGCGGACGGACCCAATACAGGCAAATTAACCTTT,6038,20,None,None
GGACGTCGTCTAGCCG-1,False,GGACGTCGTCTAGCCG-1_contig_4,False,640,TRB,TRBV12-2+TRBV13-2,None,TRBJ1-2,TRBC1,True,True,CASGGGTGNSDYTF,TGTGCCAGCGGTGGGGGGACAGGGAACTCCGACTACACCTTC,4500,29,None,None
GGACGTCGTCTAGCCG-1,False,GGACGTCGTCTAGCCG-1_contig_5,False,525,TRA,TRAV7N-6,None,TRAJ30,TRAC,True,True,CAVVDTNAYKVIF,TGTGCAGTGGTTGACACAAATGCTTACAAAGTCATCTTT,964,3,None,None
GGACGTCGTCTAGCCG-1,False,GGACGTCGTCTAGCCG-1_contig_6,False,354,TRB,None,None,TRBJ2-7,None,False,False,None,None,276,2,None,None
GGACGTCGTCTAGCCG-1,False,GGACGTCGTCTAGCCG-1_contig_7,False,357,TRB,None,None,TRBJ2-1,None,False,False,None,None,1370,5,None,None
GGACGTCGTCTCTCGT-1,False,GGACGTCGTCTCTCGT-1_contig_1,False,631,TRB,TRBV13-2,None,TRBJ1-2,TRBC1,True,True,CASGGGTGNSDYTF,TGTGCCAGCGGTGGGGGGACAGGGAACTCCGACTACACCTTC,834,1,None,None
GGACGTCGTTCTGTTT-1,False,GGACGTCGTTCTGTTT-1_contig_1,False,549,TRB,TRBV16,None,TRBJ2-5,None,True,True,CASSLGGGQDTQYF,TGTGCAAGCAGCTTAGGGGGGGGCCAAGACACCCAGTACTTT,1380,1,None,None
GGACGTCTCAGTCCCT-1,False,GGACGTCTCAGTCCCT-1_contig_1,False,512,TRB,TRBV13-1,None,TRBJ2-3,None,True,True,CASGDSAETLYF,TGTGCCAGCGGGGACAGTGCAGAAACGCTGTATTTT,478,1,None,None
GGACGTCTCCACGACG-1,False,GGACGTCTCCACGACG-1_contig_1,False,564,TRB,TRBV12-2+TRBV13-2,None,TRBJ1-2,TRBC1,True,True,CASGGGTGNSDYTF,TGTGCCAGCGGTGGGGGGACAGGGAACTCCGACTACACCTTC,1838,1,None,None
GGACGTCTCCTGCCAT-1,False,GGACGTCTCCTGCCAT-1_contig_1,False,558,TRA,TRAV19,None,TRAJ39,TRAC,True,True,CAAGGNNAGAKLTF,TGCGCAGCAGGTGGGAATAATGCAGGTGCCAAGCTCACATTC,2752,2,None,None
GGACGTCTCCTGCCAT-1,False,GGACGTCTCCTGCCAT-1_contig_2,False,601,TRB,TRBV12-2+TRBV13-2,None,TRBJ2-7,None,True,True,CASSAPYEQYF,TGTGCCAGCAGTGCACCGTATGAACAGTACTTC,2478,2,None,None
GGACGTCTCCTGCCAT-1,False,GGACGTCTCCTGCCAT-1_contig_3,False,479,TRB,TRBV13-1,None,TRBJ1-4,None,True,True,CASSGGERLFF,TGTGCCAGCAGTGGGGGCGAAAGATTATTTTTC,1572,1,None,None
GGACGTCTCCTGCCAT-1,False,GGACGTCTCCTGCCAT-1_contig_4,False,480,TRA,TRAV8N-2,None,TRAJ13,None,True,True,CATEDSGTYQRF,TGTGCTACTGAGGATTCTGGGACTTACCAGAGGTTT,2488,1,None,None
GGACGTCTCGGTCTAA-1,False,GGACGTCTCGGTCTAA-1_contig_1,False,337,TRB,None,None,TRBJ2-1,None,False,False,None,None,4578,2,None,None
GGAGCAAAGAGAACAG-1,False,GGAGCAAAGAGAACAG-1_contig_1,False,568,TRB,TRBV12-2+TRBV13-2,None,TRBJ1-2,TRBC1,True,True,CASGGGTGNSDYTF,TGTGCCAGCGGTGGGGGGACAGGGAACTCCGACTACACCTTC,1100,1,None,None
GGAGCAAAGGCGCTCT-1,False,GGAGCAAAGGCGCTCT-1_contig_1,False,679,TRB,TRBV12-2+TRBV13-2,None,TRBJ1-2,TRBC1,True,True,CASGGGTGNSDYTF,TGTGCCAGCGGTGGGGGGACAGGGAACTCCGACTACACCTTC,1154,1,None,None
GGAGCAAAGTGTCTCA-1,False,GGAGCAAAGTGTCTCA-1_contig_1,False,548,TRB,TRBV12-2+TRBV13-2,None,TRBJ1-2,TRBC1,True,True,CASGGGTGNSDYTF,TGTGCCAGCGGTGGGGGGACAGGGAACTCCGACTACACCTTC,2014,1,None,None
GGAGCAACACCAGGCT-1,False,GGAGCAACACCAGGCT-1_contig_1,False,581,TRB,TRBV12-2+TRBV13-2,None,TRBJ2-7,None,True,True,CASGVQGEQYF,TGTGCCAGCGGTGTTCAGGGAGAACAGTACTTC,530,1,None,None
GGAGCAACACTATCTT-1,False,GGAGCAACACTATCTT-1_contig_1,False,541,TRB,TRBV10,None,TRBJ2-7,None,True,True,CASRLDWGAEQYF,TGTGCCAGCAGGCTCGACTGGGGGGCTGAACAGTACTTC,1272,1,None,None
GGAGCAACAGTTCATG-1,False,GGAGCAACAGTTCATG-1_contig_1,False,587,TRA,TRAV3-4,None,TRAJ49,TRAC,True,True,CAVRGGYQNFYF,TGCGCAGTCAGGGGGGGTTACCAGAACTTCTATTTT,1144,1,None,None
GGAGCAACATAGTAAG-1,False,GGAGCAACATAGTAAG-1_contig_1,False,470,TRB,TRBV12-2+TRBV13-2,None,TRBJ1-2,None,True,True,CASGGGTGNSDYTF,TGTGCCAGCGGTGGGGGGACAGGGAACTCCGACTACACCTTC,252,2,None,None
GGAGCAAGTAGCCTAT-1,False,GGAGCAAGTAGCCTAT-1_contig_1,False,549,TRB,TRBV16,None,TRBJ2-5,None,True,True,CASSLGGGQDTQYF,TGTGCAAGCAGCTTAGGGGGGGGCCAAGACACCCAGTACTTT,19524,15,None,None
GGAGCAAGTAGCCTAT-1,False,GGAGCAAGTAGCCTAT-1_contig_2,False,567,TRA,TRAV4D-3,None,TRAJ27,TRAC,True,True,CAADGPNTGKLTF,TGTGCTGCGGACGGACCCAATACAGGCAAATTAACCTTT,2874,2,None,None
GGAGCAAGTAGCCTAT-1,False,GGAGCAAGTAGCCTAT-1_contig_3,False,561,TRB,TRBV12-2+TRBV13-2,None,TRBJ1-2,TRBC1,True,True,CASGGGTGNSDYTF,TGTGCCAGCGGTGGGGGGACAGGGAACTCCGACTACACCTTC,3012,2,None,None
GGAGCAAGTAGCCTAT-1,False,GGAGCAAGTAGCCTAT-1_contig_4,True,427,TRB,None,None,TRBJ1-6,TRBC1,False,False,None,None,3352,3,None,None
GGAGCAAGTGACGCCT-1,False,GGAGCAAGTGACGCCT-1_contig_1,False,512,TRB,TRBV13-1,None,TRBJ2-4,None,True,True,CASSEGTNTLYF,TGTGCCAGCAGTGAAGGAACAAACACCTTGTACTTT,1196,1,None,None
GGAGCAAGTGCGCTTG-1,False,GGAGCAAGTGCGCTTG-1_contig_1,False,547,TRA,TRAV8N-2,None,TRAJ13,TRAC,True,True,CATEDSGTYQRF,TGTGCTACTGAGGATTCTGGGACTTACCAGAGGTTT,1266,1,None,None
GGAGCAAGTTATCGGT-1,False,GGAGCAAGTTATCGGT-1_contig_1,False,565,TRB,TRBV12-2+TRBV13-2,None,TRBJ2-4,None,True,True,CASGTGDTLYF,TGTGCCAGCGGTACGGGCGACACCTTGTACTTT,878,1,None,None
GGAGCAAGTTATTCTC-1,False,GGAGCAAGTTATTCTC-1_contig_1,False,571,TRB,TRBV12-2+TRBV13-2,None,TRBJ1-2,TRBC1,True,True,CASGGGTGNSDYTF,TGTGCCAGCGGTGGGGGGACAGGGAACTCCGACTACACCTTC,1942,1,None,None
GGAGCAAGTTCCTCCA-1,False,GGAGCAAGTTCCTCCA-1_contig_1,False,523,TRA,TRAV8D-1,None,TRAJ30,TRAC,True,True,CATDTNAYKVIF,TGTGCTACTGACACAAATGCTTACAAAGTCATCTTT,1706,1,None,None
GGAGCAATCGCGATCG-1,False,GGAGCAATCGCGATCG-1_contig_1,False,512,TRB,TRBV13-1,None,TRBJ1-4,TRBC1,True,True,CASGTGANERLFF,TGTGCCAGCGGGACAGGGGCCAACGAAAGATTATTTTTC,248,2,None,None
GGAGCAATCGGCTACG-1,False,GGAGCAATCGGCTACG-1_contig_1,False,564,TRB,TRBV12-2+TRBV13-2,None,TRBJ1-5,TRBC1,True,True,CASGTGDNQAPLF,TGTGCCAGCGGTACCGGGGACAACCAGGCTCCGCTTTTT,1460,1,None,None
GGAGCAATCTCCGGTT-1,False,GGAGCAATCTCCGGTT-1_contig_1,False,566,TRA,TRAV3-3,None,TRAJ49,TRAC,True,True,CAVSGSTGYQNFYF,TGCGCAGTCAGTGGGAGCACGGGTTACCAGAACTTCTATTTT,1822,1,None,None
GGAGCAATCTCCGGTT-1,False,GGAGCAATCTCCGGTT-1_contig_2,False,560,TRB,TRBV12-2+TRBV13-2,None,TRBJ2-7,None,True,True,CASGVQGWEQYF,TGTGCCAGCGGTGTACAGGGGTGGGAACAGTACTTC,1060,1,None,None
GGATGTTAGAAACCGC-1,False,GGATGTTAGAAACCGC-1_contig_1,False,549,TRB,TRBV16,None,TRBJ2-5,None,True,True,CASSLGGGQDTQYF,TGTGCAAGCAGCTTAGGGGGGGGCCAAGACACCCAGTACTTT,2028,1,None,None
GGATGTTAGAAACCGC-1,False,GGATGTTAGAAACCGC-1_contig_2,False,557,TRB,TRBV12-2+TRBV13-2,None,TRBJ2-7,None,True,True,CASGTGGDYEQYF,TGTGCCAGCGGGACTGGGGGGGACTATGAACAGTACTTC,1218,1,None,None
GGATGTTAGCACCGCT-1,False,GGATGTTAGCACCGCT-1_contig_1,False,514,TRA,TRAV8-1,None,TRAJ30,TRAC,True,True,CAKDTNAYKVIF,TGTGCTAAAGACACAAATGCTTACAAAGTCATCTTT,110,1,None,None
GGATGTTAGCGCTTAT-1,False,GGATGTTAGCGCTTAT-1_contig_1,False,556,TRB,TRBV12-2+TRBV13-2,None,TRBJ2-1,None,True,True,CASGDPFQFF,TGTGCCAGCGGTGATCCTTTCCAGTTCTTC,1772,1,None,None
GGATGTTAGGCCGAAT-1,False,GGATGTTAGGCCGAAT-1_contig_1,False,541,TRB,TRBV13-2,None,TRBJ2-7,None,True,True,CASGVQGWEQYF,TGTGCCAGCGGTGTACAGGGGTGGGAACAGTACTTC,1684,1,None,None
GGATGTTAGTACGCGA-1,False,GGATGTTAGTACGCGA-1_contig_1,False,594,TRB,TRBV5,None,TRBJ1-5,TRBC1,True,True,CASSHPGQNNQAPLF,TGTGCCAGCAGCCACCCGGGACAGAACAACCAGGCTCCGCTTTTT,1740,1,None,None
GGATGTTAGTATCTCG-1,False,GGATGTTAGTATCTCG-1_contig_1,False,369,TRB,None,None,TRBJ2-7,None,False,False,None,None,1116,1,None,None
GGATGTTAGTGAAGTT-1,False,GGATGTTAGTGAAGTT-1_contig_1,False,559,TRB,TRBV12-2+TRBV13-2,None,TRBJ1-2,TRBC1,True,True,CASGGGTGNSDYTF,TGTGCCAGCGGTGGGGGGACAGGGAACTCCGACTACACCTTC,1338,1,None,None
GGATGTTCAAGGTTTC-1,False,GGATGTTCAAGGTTTC-1_contig_1,False,475,TRB,TRBV12-2+TRBV13-2,None,TRBJ1-2,TRBC1,True,False,CASGGGTGNSDYTF,TGTGCCAGCGGTGGGGGGACAGGGAACTCCGACTACACCTTC,1102,1,None,None
GGATGTTCATAGACTC-1,False,GGATGTTCATAGACTC-1_contig_1,False,586,TRB,TRBV12-2+TRBV13-2,None,TRBJ1-2,TRBC1,True,True,CASGGGTGNSDYTF,TGTGCCAGCGGTGGGGGGACAGGGAACTCCGACTACACCTTC,1494,1,None,None
GGATGTTCATCGGTTA-1,False,GGATGTTCATCGGTTA-1_contig_1,False,512,TRB,TRBV13-1,None,TRBJ2-3,None,True,True,CASGDSAETLYF,TGTGCCAGCGGGGACAGTGCAGAAACGCTGTATTTT,1586,1,None,None
GGATGTTGTAACGCGA-1,False,GGATGTTGTAACGCGA-1_contig_1,False,525,TRB,TRBV17,None,TRBJ2-5,None,True,True,CASSRKGAQDTQYF,TGTGCTAGCAGTAGGAAGGGGGCGCAAGACACCCAGTACTTT,1576,1,None,None
GGATGTTGTCAGATAA-1,False,GGATGTTGTCAGATAA-1_contig_1,False,572,TRB,TRBV12-2+TRBV13-2,None,TRBJ2-3,None,True,True,CASGDAPPGEGTLYF,TGTGCCAGCGGTGATGCACCTCCAGGGGAGGGAACGCTGTATTTT,4508,5,None,None
GGATGTTGTCAGATAA-1,False,GGATGTTGTCAGATAA-1_contig_2,False,506,TRA,TRAV13N-3,None,TRAJ49,TRAC,True,True,CAMGGYQNFYF,TGTGCTATGGGGGGTTACCAGAACTTCTATTTT,370,4,None,None
GGATGTTGTCTTGATG-1,False,GGATGTTGTCTTGATG-1_contig_1,False,507,TRB,TRBV13-1,None,TRBJ2-3,None,True,True,CASGDSAETLYF,TGTGCCAGCGGGGACAGTGCAGAAACGCTGTATTTT,1928,1,None,None
GGATGTTGTGCACTTA-1,False,GGATGTTGTGCACTTA-1_contig_1,False,506,TRB,TRBV13-1,None,TRBJ1-4,TRBC1,True,True,CASGTGANERLFF,TGTGCCAGCGGGACAGGGGCCAACGAAAGATTATTTTTC,932,1,None,None
GGATGTTTCAGTGCAT-1,False,GGATGTTTCAGTGCAT-1_contig_1,False,603,TRB,TRBV12-2+TRBV13-2,None,TRBJ1-2,TRBC1,True,True,CASGGGTGNSDYTF,TGTGCCAGCGGTGGGGGGACAGGGAACTCCGACTACACCTTC,1454,2,None,None
GGATGTTTCAGTGCAT-1,False,GGATGTTTCAGTGCAT-1_contig_2,True,304,TRB,None,None,TRBJ2-3,None,False,False,None,None,458,1,None,None
GGATGTTTCGCAGGCT-1,False,GGATGTTTCGCAGGCT-1_contig_1,False,594,TRB,TRBV12-2+TRBV13-2,None,TRBJ2-1,None,True,True,CASGGYAEQFF,TGTGCCAGCGGGGGCTATGCTGAGCAGTTCTTC,568,1,None,None
GGATGTTTCGTAGGTT-1,False,GGATGTTTCGTAGGTT-1_contig_1,False,558,TRA,TRAV19,None,TRAJ39,TRAC,True,True,CAAGGNNAGAKLTF,TGCGCAGCAGGTGGGAATAATGCAGGTGCCAAGCTCACATTC,2508,1,None,None
GGATTACAGACAATAC-1,False,GGATTACAGACAATAC-1_contig_1,False,557,TRA,TRAV8N-2,None,TRAJ52,TRAC,True,False,None,None,958,1,None,None
GGATTACAGGCTACGA-1,False,GGATTACAGGCTACGA-1_contig_1,False,558,TRB,TRBV12-2+TRBV13-2,None,TRBJ2-7,None,True,True,CASGVQGEQYF,TGTGCCAGCGGTGTTCAGGGAGAACAGTACTTC,1612,1,None,None
GGATTACAGGTAAACT-1,False,GGATTACAGGTAAACT-1_contig_1,False,629,TRB,None,None,TRBJ2-7,None,False,False,None,None,1158,1,None,None
GGATTACAGTGGCACA-1,False,GGATTACAGTGGCACA-1_contig_1,False,477,TRA,TRAV14-1,None,TRAJ45,TRAC,True,False,CAASLYTEGADRLTF,TGTGCAGCAAGTCTTTATACAGAAGGTGCAGATAGACTCACCTTT,2478,1,None,None
GGATTACCAATAGAGT-1,False,GGATTACCAATAGAGT-1_contig_1,False,640,TRB,TRBV12-2+TRBV13-2,None,TRBJ1-2,TRBC1,True,True,CASGGGTGNSDYTF,TGTGCCAGCGGTGGGGGGACAGGGAACTCCGACTACACCTTC,1028,1,None,None
GGATTACCAGCTATTG-1,False,GGATTACCAGCTATTG-1_contig_1,False,541,TRA,TRAV8D-1,None,TRAJ30,TRAC,True,True,CALDTNAYKVIF,TGTGCCCTCGACACAAATGCTTACAAAGTCATCTTT,1556,1,None,None
GGATTACGTCCAGTTA-1,False,GGATTACGTCCAGTTA-1_contig_1,False,502,TRB,TRBV13-1,None,TRBJ2-2,None,True,True,CASSDPGQLYF,TGTGCCAGCAGTGACCCCGGGCAGCTCTACTTT,1102,1,None,None
GGATTACGTGATAAAC-1,False,GGATTACGTGATAAAC-1_contig_1,False,549,TRB,TRBV16,None,TRBJ2-5,None,True,True,CASSWGGGQDTQYF,TGTGCAAGCAGCTGGGGGGGCGGGCAAGACACCCAGTACTTT,2030,1,None,None
GGATTACGTTACCGAT-1,False,GGATTACGTTACCGAT-1_contig_1,False,549,TRA,TRAV14-1,None,TRAJ45,TRAC,True,True,CAASLYTEGADRLTF,TGTGCAGCAAGTCTTTATACAGAAGGTGCAGATAGACTCACCTTT,2882,1,None,None
GGATTACGTTACCGAT-1,False,GGATTACGTTACCGAT-1_contig_2,False,356,TRB,None,None,TRBJ1-3,TRBC1,False,False,None,None,1882,1,None,None
GGATTACTCAGGTAAA-1,False,GGATTACTCAGGTAAA-1_contig_1,False,336,TRB,None,None,TRBJ2-1,None,False,False,None,None,1654,1,None,None
GGATTACTCAGTGTTG-1,False,GGATTACTCAGTGTTG-1_contig_1,True,497,TRA,TRAV7-5,None,TRAJ45,TRAC,True,False,CSDTEGADRLTF,TGCAGTGATACAGAAGGTGCAGATAGACTCACCTTT,910,1,None,None
GGATTACTCCAAGTAC-1,False,GGATTACTCCAAGTAC-1_contig_1,False,535,TRA,TRAV16D-DV11,None,TRAJ26,TRAC,True,True,CAMREENNYAQGLTF,TGTGCTATGAGAGAGGAAAATAACTATGCCCAGGGATTAACCTTC,2536,1,None,None
GGATTACTCGGAGCAA-1,False,GGATTACTCGGAGCAA-1_contig_1,False,549,TRB,TRBV16,None,TRBJ2-5,None,True,True,CASSLGGGQDTQYF,TGTGCAAGCAGCTTAGGGGGGGGCCAAGACACCCAGTACTTT,1914,1,None,None
GGATTACTCTGCTGTC-1,False,GGATTACTCTGCTGTC-1_contig_1,False,509,TRB,TRBV13-1,None,TRBJ2-7,None,True,True,CASSDPGQGYF,TGTGCCAGCAGTGATCCGGGACAGGGTTACTTC,934,1,None,None
GGCAATTAGAACAACT-1,False,GGCAATTAGAACAACT-1_contig_1,False,649,TRB,TRBV12-2+TRBV13-2,None,TRBJ1-5,TRBC1,True,True,CASGTGDNQAPLF,TGTGCCAGCGGTACAGGGGACAACCAGGCTCCGCTTTTT,1472,1,None,None
GGCAATTAGACCCACC-1,False,GGCAATTAGACCCACC-1_contig_1,False,575,TRA,TRAV3D-3,None,TRAJ28,TRAC,True,False,CTSAQSVRGTGSNRLTF,TGTACTTCTGCGCAGTCAGTGAGGGGCACTGGGAGTAACAGGCTCACTTTT,2086,1,None,None
GGCAATTAGATAGGAG-1,False,GGCAATTAGATAGGAG-1_contig_1,False,528,TRA,TRAV8-1,None,TRAJ30,TRAC,True,True,CATDTNAYKVIF,TGTGCTACTGACACAAATGCTTACAAAGTCATCTTT,2952,1,None,None
GGCAATTAGATGGGTC-1,False,GGCAATTAGATGGGTC-1_contig_1,False,549,TRB,TRBV16,None,TRBJ2-7,None,True,True,CASSLGGGGDEQYF,TGTGCAAGCAGCTTAGGTGGGGGGGGCGATGAACAGTACTTC,352,1,None,None
GGCAATTAGGGTATCG-1,False,GGCAATTAGGGTATCG-1_contig_1,False,558,TRA,TRAV19,None,TRAJ39,TRAC,True,True,CAAGGNNAGAKLTF,TGCGCAGCAGGTGGGAATAATGCAGGTGCCAAGCTCACATTC,1574,1,None,None
GGCAATTAGTTGAGAT-1,False,GGCAATTAGTTGAGAT-1_contig_1,False,535,TRA,TRAV6-6,None,TRAJ24,TRAC,True,True,CAPLTTASLGKLQF,TGTGCTCCGTTGACAACTGCCAGTTTGGGGAAACTGCAGTTT,7348,6,None,None
GGCAATTAGTTGAGAT-1,False,GGCAATTAGTTGAGAT-1_contig_2,False,555,TRA,TRAV3-3,None,TRAJ49,TRAC,True,True,CAVSGATGYQNFYF,TGCGCAGTCAGTGGGGCCACGGGTTACCAGAACTTCTATTTT,4604,4,None,None
GGCAATTAGTTGAGAT-1,False,GGCAATTAGTTGAGAT-1_contig_3,False,505,TRB,TRBV13-1,None,TRBJ2-4,None,True,True,CASSEGTNTLYF,TGTGCCAGCAGTGAAGGAACAAACACCTTGTACTTT,45368,45,None,None
GGCAATTAGTTGAGAT-1,False,GGCAATTAGTTGAGAT-1_contig_4,False,703,TRA,TRAV9D-2,None,TRAJ26,TRAC,True,True,CVLSRGNNYAQGLTF,TGTGTTCTGAGCAGGGGCAATAACTATGCCCAGGGATTAACCTTC,6716,6,None,None
GGCAATTAGTTGAGAT-1,False,GGCAATTAGTTGAGAT-1_contig_5,False,610,TRB,TRBV12-2+TRBV13-2,None,None,TRBC1,False,False,None,None,4048,4,None,None
GGCAATTAGTTGAGAT-1,False,GGCAATTAGTTGAGAT-1_contig_6,False,552,TRA,TRAV8N-2,None,TRAJ43,TRAC,True,False,CATDANNNNAPRF,TGTGCTACTGATGCCAATAACAACAATGCCCCACGATTT,5132,5,None,None
GGCAATTAGTTGAGAT-1,False,GGCAATTAGTTGAGAT-1_contig_7,False,577,TRA,TRAV10D,None,TRAJ30,None,True,False,None,None,614,1,None,None
GGCAATTCAAAGGTGC-1,False,GGCAATTCAAAGGTGC-1_contig_1,True,450,TRB,TRBV12-2,None,TRBJ1-2,None,False,False,CASSLSTG,TGTGCCAGCTCTCTATCGACAGGG,182,3,None,None
GGCAATTCAACACCCG-1,False,GGCAATTCAACACCCG-1_contig_1,False,541,TRB,TRBV12-2+TRBV13-2,None,TRBJ1-2,TRBC1,True,False,CASGGGTGNSDYTF,TGTGCCAGCGGTGGGGGGACAGGGAACTCCGACTACACCTTC,678,1,None,None
GGCAATTCATACGCTA-1,False,GGCAATTCATACGCTA-1_contig_1,False,505,TRB,TRBV13-1,None,TRBJ2-3,None,True,True,CASGDSAETLYF,TGTGCCAGCGGGGACAGTGCAGAAACGCTGTATTTT,1156,1,None,None
GGCAATTCATGACATC-1,False,GGCAATTCATGACATC-1_contig_1,False,613,TRA,TRAV13D-2,None,TRAJ11,TRAC,True,True,CAIDLDSGYNKLTF,TGTGCTATAGATCTTGACTCGGGATACAACAAACTCACTTTT,946,1,None,None
GGCAATTGTAAAGGAG-1,False,GGCAATTGTAAAGGAG-1_contig_1,False,525,TRB,TRBV17,None,TRBJ2-5,None,True,True,CASSRKGSQDTQYF,TGTGCTAGCAGTAGAAAGGGTTCTCAAGACACCCAGTACTTT,1542,1,None,None
GGCAATTGTACTCGCG-1,False,GGCAATTGTACTCGCG-1_contig_1,False,549,TRB,TRBV16,None,TRBJ2-5,None,True,True,CASSLGGGQDTQYF,TGTGCAAGCAGCTTAGGGGGGGGCCAAGACACCCAGTACTTT,2680,1,None,None
GGCAATTGTGACTCAT-1,False,GGCAATTGTGACTCAT-1_contig_1,False,541,TRA,TRAV8D-1,None,TRAJ30,TRAC,True,True,CATDTNAYKVIF,TGTGCTACTGACACAAATGCTTACAAAGTCATCTTT,6496,4,None,None
GGCAATTGTGACTCAT-1,False,GGCAATTGTGACTCAT-1_contig_2,False,537,TRB,TRBV13-2,None,TRBJ1-5,TRBC1,True,True,CASGTGDNQAPLF,TGTGCCAGCGGGACAGGGGACAACCAGGCTCCGCTTTTT,10506,7,None,None
GGCAATTGTGACTCAT-1,False,GGCAATTGTGACTCAT-1_contig_3,True,376,TRB,None,None,TRBJ1-3,TRBC1,False,False,None,None,2524,4,None,None
GGCAATTGTTTAGCTG-1,False,GGCAATTGTTTAGCTG-1_contig_1,False,509,TRB,TRBV13-1,None,TRBJ2-7,None,True,True,CASSAPYEQYF,TGTGCCAGCAGTGCACCGTATGAACAGTACTTC,1468,1,None,None
GGCAATTTCAGTTAGC-1,False,GGCAATTTCAGTTAGC-1_contig_1,False,541,TRA,TRAV8D-1,None,TRAJ30,TRAC,True,True,CATDTNAYKVIF,TGTGCTACTGACACAAATGCTTACAAAGTCATCTTT,3338,1,None,None
GGCAATTTCCGTAGTA-1,False,GGCAATTTCCGTAGTA-1_contig_1,False,583,TRA,TRAV14N-3,None,TRAJ6,TRAC,True,True,CAARTSGGNYKPTF,TGTGCAGCAAGAACCTCAGGAGGAAACTACAAACCTACGTTT,1386,1,None,None
GGCAATTTCCGTAGTA-1,False,GGCAATTTCCGTAGTA-1_contig_2,False,549,TRA,TRAV8N-2,None,TRAJ13,TRAC,True,True,CATEDSGTYQRF,TGTGCTACTGAGGATTCTGGGACTTACCAGAGGTTT,1008,1,None,None
GGCAATTTCCGTAGTA-1,False,GGCAATTTCCGTAGTA-1_contig_3,False,566,TRB,TRBV12-2+TRBV13-2,None,TRBJ2-7,None,True,True,CASGTGGDYEQYF,TGTGCCAGCGGGACTGGGGGGGACTATGAACAGTACTTC,1366,1,None,None
GGCAATTTCCGTAGTA-1,False,GGCAATTTCCGTAGTA-1_contig_4,True,426,TRB,None,None,TRBJ2-1,None,False,False,None,None,1248,1,None,None
GGCAATTTCGTCCAGG-1,False,GGCAATTTCGTCCAGG-1_contig_1,False,565,TRB,TRBV12-2+TRBV13-2,None,TRBJ2-5,None,True,True,CASGAGMEDTQYF,TGTGCCAGCGGTGCAGGGATGGAAGACACCCAGTACTTT,1328,1,None,None
GGCAATTTCTTAACCT-1,False,GGCAATTTCTTAACCT-1_contig_1,False,509,TRB,TRBV13-1,None,TRBJ2-2,None,True,True,CASSDPGQLYF,TGTGCCAGCAGTGACCCCGGGCAGCTCTACTTT,1518,1,None,None
GGCCGATAGACAGAGA-1,False,GGCCGATAGACAGAGA-1_contig_1,False,505,TRB,TRBV13-1,None,TRBJ2-3,None,True,True,CASGDSAETLYF,TGTGCCAGCGGGGACAGTGCAGAAACGCTGTATTTT,1072,1,None,None
GGCCGATAGAGTGAGA-1,False,GGCCGATAGAGTGAGA-1_contig_1,False,641,TRB,TRBV12-2+TRBV13-2,None,TRBJ1-2,TRBC1,True,True,CASGGGTGNSDYTF,TGTGCCAGCGGTGGGGGGACAGGGAACTCCGACTACACCTTC,984,1,None,None
GGCCGATAGATATGGT-1,False,GGCCGATAGATATGGT-1_contig_1,False,555,TRA,TRAV3-3,None,TRAJ49,TRAC,True,True,CAVSGATGYQNFYF,TGCGCAGTCAGTGGGGCCACGGGTTACCAGAACTTCTATTTT,2884,2,None,None
GGCCGATAGATATGGT-1,False,GGCCGATAGATATGGT-1_contig_2,False,707,TRB,TRBV12-2+TRBV13-2,None,TRBJ2-7,None,True,True,CASGVQGEQYF,TGTGCCAGCGGTGTTCAGGGAGAACAGTACTTC,1032,1,None,None
GGCCGATAGATATGGT-1,False,GGCCGATAGATATGGT-1_contig_3,True,361,TRB,None,None,TRBJ1-2,TRBC1,False,False,None,None,1984,1,None,None
GGCCGATAGATATGGT-1,False,GGCCGATAGATATGGT-1_contig_4,True,441,TRA,TRAV21-DV12,None,TRAJ42,None,True,False,CILRVHGGSNAKLTF,TGTATCCTGAGAGTCCATGGAGGAAGCAATGCAAAGCTAACCTTC,1442,1,None,None
GGCCGATAGCGCTTAT-1,False,GGCCGATAGCGCTTAT-1_contig_1,False,589,TRB,TRBV12-2+TRBV13-2,None,TRBJ1-2,TRBC1,True,True,CASGGGTGNSDYTF,TGTGCCAGCGGTGGGGGGACAGGGAACTCCGACTACACCTTC,1740,1,None,None
GGCCGATAGCTAAACA-1,False,GGCCGATAGCTAAACA-1_contig_1,False,549,TRB,TRBV16,None,TRBJ1-2,TRBC1,True,True,CASSSGTGNSDYTF,TGTGCAAGCAGCTCCGGGACAGGGAACTCCGACTACACCTTC,666,1,None,None
GGCCGATAGTACCGGA-1,False,GGCCGATAGTACCGGA-1_contig_1,False,576,TRB,TRBV12-2+TRBV13-2,None,TRBJ2-2,None,True,True,CANGGTGGANTGQLYF,TGTGCCAACGGTGGGACTGGGGGGGCTAACACCGGGCAGCTCTACTTT,1108,1,None,None
GGCCGATCAGTCCTTC-1,False,GGCCGATCAGTCCTTC-1_contig_1,False,518,TRA,TRAV19,None,TRAJ39,TRAC,True,True,CAAGGNNAGAKLTF,TGCGCAGCAGGTGGGAATAATGCAGGTGCCAAGCTCACATTC,1626,1,None,None
GGCCGATCAGTCCTTC-1,False,GGCCGATCAGTCCTTC-1_contig_2,False,599,TRB,TRBV12-2+TRBV13-2,None,TRBJ1-2,TRBC1,True,True,CASGGGTGNSDYTF,TGTGCCAGCGGTGGGGGGACAGGGAACTCCGACTACACCTTC,986,1,None,None
GGCCGATCAGTCCTTC-1,False,GGCCGATCAGTCCTTC-1_contig_3,True,452,TRB,None,None,TRBJ2-7,None,False,False,None,None,644,2,None,None
GGCCGATCAGTCCTTC-1,False,GGCCGATCAGTCCTTC-1_contig_4,True,401,TRA,TRAV7-5,None,TRAJ45,TRAC,True,False,CSDTEGADRLTF,TGCAGTGATACAGAAGGTGCAGATAGACTCACCTTT,2882,1,None,None
GGCCGATGTGATGTGG-1,False,GGCCGATGTGATGTGG-1_contig_1,False,586,TRB,TRBV12-2+TRBV13-2,None,TRBJ2-7,None,True,True,CASGTGGDYEQYF,TGTGCCAGCGGGACTGGGGGGGACTATGAACAGTACTTC,1536,1,None,None
GGCCGATGTGCCTGTG-1,False,GGCCGATGTGCCTGTG-1_contig_1,False,634,TRB,TRBV12-2+TRBV13-2,None,TRBJ1-5,TRBC1,True,True,CASGTGDNQAPLF,TGTGCCAGCGGTACAGGGGACAACCAGGCTCCGCTTTTT,1466,1,None,None
GGCCGATGTTAAAGTG-1,False,GGCCGATGTTAAAGTG-1_contig_1,False,641,TRB,TRBV12-2+TRBV13-2,None,TRBJ1-2,TRBC1,True,True,CASGGGTGNSDYTF,TGTGCCAGCGGTGGGGGGACAGGGAACTCCGACTACACCTTC,1542,1,None,None
GGCCGATTCAGTGCAT-1,False,GGCCGATTCAGTGCAT-1_contig_1,False,361,TRB,None,None,TRBJ2-7,None,False,False,None,None,2316,1,None,None
GGCCGATTCCATGAAC-1,False,GGCCGATTCCATGAAC-1_contig_1,False,536,TRA,TRAV3D-3,None,TRAJ28,TRAC,True,False,CTSAQSVRGTGSNRLTF,TGTACTTCTGCGCAGTCAGTGAGGGGCACTGGGAGTAACAGGCTCACTTTT,2024,1,None,None
GGCCGATTCCTCAATT-1,False,GGCCGATTCCTCAATT-1_contig_1,False,584,TRB,TRBV12-2+TRBV13-2,None,TRBJ2-7,None,True,True,CASGVQGEQYF,TGTGCCAGCGGTGTTCAGGGAGAACAGTACTTC,1738,1,None,None
GGCCGATTCGGTTAAC-1,False,GGCCGATTCGGTTAAC-1_contig_1,False,555,TRA,TRAV6-6,None,TRAJ24,TRAC,True,True,CAPLTTASLGKLQF,TGTGCTCCGTTGACAACTGCCAGTTTGGGGAAACTGCAGTTT,2136,1,None,None
GGCCGATTCTGGGCCA-1,False,GGCCGATTCTGGGCCA-1_contig_1,False,584,TRB,TRBV12-2+TRBV13-2,None,TRBJ2-7,None,True,True,CASGVQGEQYF,TGTGCCAGCGGTGTTCAGGGAGAACAGTACTTC,1532,1,None,None
GGCGACTAGCTATGCT-1,False,GGCGACTAGCTATGCT-1_contig_1,False,541,TRA,TRAV3-3,None,TRAJ49,TRAC,True,True,CAVSGSTGYQNFYF,TGCGCAGTCAGTGGGAGCACGGGTTACCAGAACTTCTATTTT,1976,1,None,None
GGCGACTAGGCTATCT-1,False,GGCGACTAGGCTATCT-1_contig_1,False,559,TRB,TRBV12-2+TRBV13-2,None,TRBJ2-7,None,True,True,CASGVQGWEQYF,TGTGCCAGCGGTGTACAGGGGTGGGAACAGTACTTC,1234,1,None,None
GGCGACTAGTTCGCGC-1,False,GGCGACTAGTTCGCGC-1_contig_1,False,558,TRA,TRAV19,None,TRAJ39,TRAC,True,True,CAAGGNNAGAKLTF,TGCGCAGCAGGTGGGAATAATGCAGGTGCCAAGCTCACATTC,1610,1,None,None
GGCGACTAGTTCGCGC-1,False,GGCGACTAGTTCGCGC-1_contig_2,False,568,TRB,TRBV12-2+TRBV13-2,None,TRBJ1-2,TRBC1,True,True,CASGGGTGNSDYTF,TGTGCCAGCGGTGGGGGGACAGGGAACTCCGACTACACCTTC,1370,1,None,None
GGCGACTCACAGCCCA-1,False,GGCGACTCACAGCCCA-1_contig_1,False,507,TRA,TRAV21-DV12,None,TRAJ42,TRAC,True,True,CILRVHGGSNAKLTF,TGTATCCTGAGAGTCCATGGAGGAAGCAATGCAAAGCTAACCTTC,1748,1,None,None
GGCGACTCACGTTGGC-1,False,GGCGACTCACGTTGGC-1_contig_1,False,432,TRA,TRAV6-6,None,TRAJ24,TRAC,True,False,CAPLTTASLGKLQF,TGTGCTCCGTTGACAACTGCCAGTTTGGGGAAACTGCAGTTT,3226,1,None,None
GGCGACTCAGGTCGTC-1,False,GGCGACTCAGGTCGTC-1_contig_1,False,566,TRB,TRBV12-2+TRBV13-2,None,TRBJ1-2,TRBC1,True,True,CASGGGTGNSDYTF,TGTGCCAGCGGTGGGGGGACAGGGAACTCCGACTACACCTTC,428,1,None,None
GGCGACTCATACAGCT-1,False,GGCGACTCATACAGCT-1_contig_1,False,668,TRB,TRBV12-2+TRBV13-2,None,TRBJ1-5,TRBC1,True,True,CASGTGDNQAPLF,TGTGCCAGCGGTACAGGGGATAACCAGGCTCCGCTTTTT,634,1,None,None
GGCGACTCATGCATGT-1,False,GGCGACTCATGCATGT-1_contig_1,False,505,TRB,TRBV13-1,None,TRBJ2-3,None,True,True,CASGDSAETLYF,TGTGCCAGCGGGGACAGTGCAGAAACGCTGTATTTT,340,1,None,None
GGCGACTCATTCCTGC-1,False,GGCGACTCATTCCTGC-1_contig_1,False,533,TRA,TRAV19,None,TRAJ39,TRAC,True,True,CAAGGNNAGAKLTF,TGCGCAGCAGGTGGGAATAATGCAGGTGCCAAGCTCACATTC,2670,1,None,None
GGCGACTGTACCCAAT-1,False,GGCGACTGTACCCAAT-1_contig_1,False,566,TRB,TRBV12-2+TRBV13-2,None,TRBJ1-2,TRBC1,True,True,CASGGGTGNSDYTF,TGTGCCAGCGGTGGGGGGACAGGGAACTCCGACTACACCTTC,1214,1,None,None
GGCGACTGTCCAACTA-1,False,GGCGACTGTCCAACTA-1_contig_1,False,556,TRA,TRAV19,None,TRAJ39,TRAC,True,True,CAAGGNNAGAKLTF,TGCGCAGCAGGTGGGAATAATGCAGGTGCCAAGCTCACATTC,2542,1,None,None
GGCGACTGTCCGTTAA-1,False,GGCGACTGTCCGTTAA-1_contig_1,False,556,TRA,TRAV4D-3,None,TRAJ27,TRAC,True,True,CAADGPNTGKLTF,TGTGCTGCGGACGGACCCAATACAGGCAAATTAACCTTT,304,1,None,None
GGCGACTGTCGTGGCT-1,False,GGCGACTGTCGTGGCT-1_contig_1,False,549,TRA,TRAV8-1,None,TRAJ34,TRAC,True,True,CATDVSNTNKVVF,TGTGCTACTGATGTTTCCAATACCAACAAAGTCGTCTTT,2346,1,None,None
GGCGACTGTCGTGGCT-1,False,GGCGACTGTCGTGGCT-1_contig_2,False,515,TRB,TRBV13-1,None,TRBJ2-1,None,True,True,CASSGGDYAEQFF,TGTGCCAGCAGTGGGGGGGACTATGCTGAGCAGTTCTTC,1650,1,None,None
GGCGACTGTTTAAGCC-1,False,GGCGACTGTTTAAGCC-1_contig_1,False,521,TRA,TRAV14N-3,None,TRAJ6,TRAC,True,True,CAARTSGGNYKPTF,TGTGCAGCAAGAACCTCAGGAGGAAACTACAAACCTACGTTT,1168,1,None,None
GGCGACTGTTTAGGAA-1,False,GGCGACTGTTTAGGAA-1_contig_1,False,567,TRB,TRBV12-2+TRBV13-2,None,TRBJ1-2,TRBC1,True,True,CASGGGTGNSDYTF,TGTGCCAGCGGTGGGGGGACAGGGAACTCCGACTACACCTTC,2016,1,None,None
GGCGACTTCACAATGC-1,False,GGCGACTTCACAATGC-1_contig_1,False,531,TRB,TRBV13-1,None,TRBJ2-7,None,True,False,CASSDPGQGYF,TGTGCCAGCAGTGATCCGGGACAGGGTTACTTC,1566,1,None,None
GGCGACTTCCAGATCA-1,False,GGCGACTTCCAGATCA-1_contig_1,False,422,TRB,None,None,TRBJ1-2,TRBC1,False,False,None,None,1644,1,None,None
GGCGTGTAGAATTGTG-1,False,GGCGTGTAGAATTGTG-1_contig_1,False,535,TRA,TRAV8-1,None,TRAJ30,TRAC,True,True,CATDTNAYKVIF,TGTGCTACTGACACAAATGCTTACAAAGTCATCTTT,180,1,None,None
GGCGTGTAGGACGAAA-1,False,GGCGTGTAGGACGAAA-1_contig_1,False,564,TRA,TRAV4D-3,None,TRAJ27,TRAC,True,True,CAADGPNTGKLTF,TGTGCTGCGGACGGACCCAATACAGGCAAATTAACCTTT,116,1,None,None
GGCGTGTAGGACGAAA-1,False,GGCGTGTAGGACGAAA-1_contig_2,False,464,TRB,TRBV12-2+TRBV13-2,None,TRBJ1-2,None,True,False,CASGGGTGNSDYTF,TGTGCCAGCGGTGGGGGGACAGGGAACTCCGACTACACCTTC,70,2,None,None
GGCGTGTAGGATGGTC-1,False,GGCGTGTAGGATGGTC-1_contig_1,False,537,TRA,TRAV3-3,None,TRAJ49,TRAC,True,True,CAVSGATGYQNFYF,TGCGCAGTCAGTGGGGCCACGGGTTACCAGAACTTCTATTTT,350,1,None,None
GGCGTGTAGTGTCTCA-1,False,GGCGTGTAGTGTCTCA-1_contig_1,False,549,TRB,TRBV16,None,TRBJ2-5,None,True,True,CASSLGGGQDTQYF,TGTGCAAGCAGCTTAGGGGGGGGCCAAGACACCCAGTACTTT,356,1,None,None
GGCGTGTCACAACGCC-1,False,GGCGTGTCACAACGCC-1_contig_1,False,540,TRA,TRAV8-1,None,TRAJ30,TRAC,True,True,CATDTNAYKVIF,TGTGCTACTGACACAAATGCTTACAAAGTCATCTTT,1144,1,None,None
GGCGTGTCACAGCCCA-1,False,GGCGTGTCACAGCCCA-1_contig_1,False,469,TRB,None,None,TRBJ2-7,None,False,False,None,None,990,1,None,None
GGCGTGTCACCAGGCT-1,False,GGCGTGTCACCAGGCT-1_contig_1,False,640,TRB,TRBV12-2+TRBV13-2,None,TRBJ1-2,TRBC1,True,True,CASGGGTGNSDYTF,TGTGCCAGCGGTGGGGGGACAGGGAACTCCGACTACACCTTC,1218,1,None,None
GGCGTGTCATATGCTG-1,False,GGCGTGTCATATGCTG-1_contig_1,False,518,TRA,TRAV8-1,None,TRAJ30,TRAC,True,True,CATDTNAYKVIF,TGTGCTACTGACACAAATGCTTACAAAGTCATCTTT,3002,1,None,None
GGCGTGTGTCCAAGTT-1,False,GGCGTGTGTCCAAGTT-1_contig_1,False,365,TRB,None,None,TRBJ1-3,TRBC1,False,False,None,None,612,1,None,None
GGCGTGTGTGAGGGAG-1,False,GGCGTGTGTGAGGGAG-1_contig_1,False,429,TRB,None,None,TRBJ2-7,None,False,False,None,None,1658,1,None,None
GGCGTGTGTGGTCTCG-1,False,GGCGTGTGTGGTCTCG-1_contig_1,False,563,TRB,TRBV12-2+TRBV13-2,None,TRBJ1-5,TRBC1,True,True,CASGTGDNQAPLF,TGTGCCAGCGGGACGGGGGACAACCAGGCTCCGCTTTTT,1628,1,None,None
GGCGTGTGTGTAAGTA-1,False,GGCGTGTGTGTAAGTA-1_contig_1,False,504,TRB,TRBV13-2,None,TRBJ2-1,None,True,False,CASGDPFQFF,TGTGCCAGCGGTGATCCTTTCCAGTTCTTC,2132,1,None,None
GGCGTGTGTGTAAGTA-1,False,GGCGTGTGTGTAAGTA-1_contig_2,False,522,Multi,TRDV1,None,TRAJ45,TRAC,True,False,CGGTEGADRLTF,TGTGGAGGGACAGAAGGTGCAGATAGACTCACCTTT,1768,1,None,None
GGCGTGTGTGTTCTTT-1,False,GGCGTGTGTGTTCTTT-1_contig_1,False,549,TRB,TRBV16,None,TRBJ2-5,None,True,True,CASSFGGGEDTQYF,TGTGCAAGCAGCTTTGGGGGGGGGGAAGACACCCAGTACTTT,2204,1,None,None
GGCGTGTTCAGTTCGA-1,False,GGCGTGTTCAGTTCGA-1_contig_1,True,333,TRB,TRBV13-2,None,TRBJ1-5,TRBC1,True,False,CASGTGDNQAPLF,TGTGCCAGCGGGACAGGGGACAACCAGGCTCCGCTTTTT,1772,1,None,None
GGCGTGTTCAGTTCGA-1,False,GGCGTGTTCAGTTCGA-1_contig_2,True,354,TRB,None,None,TRBJ2-7,None,False,False,None,None,2318,1,None,None
GGCGTGTTCCAAGCCG-1,False,GGCGTGTTCCAAGCCG-1_contig_1,False,568,TRB,TRBV12-2+TRBV13-2,None,TRBJ1-2,TRBC1,True,True,CASGGGTGNSDYTF,TGTGCCAGCGGTGGGGGGACAGGGAACTCCGACTACACCTTC,1722,1,None,None
GGCGTGTTCGGCGGTT-1,False,GGCGTGTTCGGCGGTT-1_contig_1,False,374,TRB,None,None,TRBJ2-7,None,False,False,None,None,2356,1,None,None
GGCGTGTTCTAACTTC-1,False,GGCGTGTTCTAACTTC-1_contig_1,False,560,TRB,TRBV12-2+TRBV13-2,None,TRBJ1-2,TRBC1,True,True,CASGGGTGNSDYTF,TGTGCCAGCGGTGGGGGGACAGGGAACTCCGACTACACCTTC,1688,1,None,None
GGCGTGTTCTCATTCA-1,False,GGCGTGTTCTCATTCA-1_contig_1,False,551,TRA,TRAV19,None,TRAJ39,TRAC,True,True,CAAGGNNAGAKLTF,TGCGCAGCAGGTGGGAATAATGCAGGTGCCAAGCTCACATTC,2956,2,None,None
GGCGTGTTCTCATTCA-1,False,GGCGTGTTCTCATTCA-1_contig_2,False,606,TRB,TRBV12-2+TRBV13-2,None,TRBJ1-2,TRBC1,True,True,CASGGGTGNSDYTF,TGTGCCAGCGGTGGGGGGACAGGGAACTCCGACTACACCTTC,958,1,None,None
GGCGTGTTCTCATTCA-1,False,GGCGTGTTCTCATTCA-1_contig_3,True,427,TRA,TRAV7-5,None,TRAJ45,None,True,False,CSDTEGADRLTF,TGCAGTGATACAGAAGGTGCAGATAGACTCACCTTT,2064,1,None,None
GGCTCGAAGAAACCGC-1,False,GGCTCGAAGAAACCGC-1_contig_1,False,523,TRB,TRBV13-2,None,TRBJ1-2,TRBC1,True,True,CASGGGTGNSDYTF,TGTGCCAGCGGTGGGGGGACAGGGAACTCCGACTACACCTTC,1596,1,None,None
GGCTCGAAGCAGACTG-1,False,GGCTCGAAGCAGACTG-1_contig_1,False,557,TRA,TRAV8-1,None,TRAJ30,TRAC,True,True,CATDTNAYKVIF,TGTGCTACTGACACAAATGCTTACAAAGTCATCTTT,1904,1,None,None
GGCTCGAAGCCGGTAA-1,False,GGCTCGAAGCCGGTAA-1_contig_1,False,603,TRB,TRBV12-2+TRBV13-2,None,TRBJ1-2,TRBC1,True,True,CASGGGTGNSDYTF,TGTGCCAGCGGTGGGGGGACAGGGAACTCCGACTACACCTTC,1484,1,None,None
GGCTCGAAGCGAGAAA-1,False,GGCTCGAAGCGAGAAA-1_contig_1,False,560,TRB,TRBV12-2+TRBV13-2,None,TRBJ2-7,None,True,True,CASGVQGWEQYF,TGTGCCAGCGGTGTACAGGGGTGGGAACAGTACTTC,1072,1,None,None
GGCTCGAAGGAATTAC-1,False,GGCTCGAAGGAATTAC-1_contig_1,False,555,TRA,TRAV3-3,None,TRAJ49,TRAC,True,True,CAVSGATGYQNFYF,TGCGCAGTCAGTGGGGCCACGGGTTACCAGAACTTCTATTTT,2084,1,None,None
GGCTCGAAGGCCCTTG-1,False,GGCTCGAAGGCCCTTG-1_contig_1,False,484,TRB,TRBV13-1,None,TRBJ1-4,None,True,True,CASSGGERLFF,TGTGCCAGCAGTGGGGGCGAAAGATTATTTTTC,1052,1,None,None
GGCTCGAAGGCCCTTG-1,False,GGCTCGAAGGCCCTTG-1_contig_2,False,477,TRA,TRAV8N-2,None,TRAJ13,None,True,True,CATEDSGTYQRF,TGTGCTACTGAGGATTCTGGGACTTACCAGAGGTTT,598,1,None,None
GGCTCGAAGGCCCTTG-1,False,GGCTCGAAGGCCCTTG-1_contig_3,True,530,TRA,TRAV7D-5,None,TRAJ15,TRAC,True,False,None,None,1352,3,None,None
GGCTCGACAACACGCC-1,False,GGCTCGACAACACGCC-1_contig_1,False,549,TRB,TRBV16,None,TRBJ2-5,None,True,True,CASSLGGGQDTQYF,TGTGCAAGCAGCTTAGGGGGGGGCCAAGACACCCAGTACTTT,1038,1,None,None
GGCTCGACAAGCGCTC-1,False,GGCTCGACAAGCGCTC-1_contig_1,False,383,TRA,None,None,TRAJ19,TRAC,False,False,None,None,2558,1,None,None
GGCTCGACAATTGCTG-1,False,GGCTCGACAATTGCTG-1_contig_1,False,564,TRB,TRBV12-2+TRBV13-2,None,TRBJ2-7,None,True,True,CASGTGGDYEQYF,TGTGCCAGCGGGACTGGGGGGGACTATGAACAGTACTTC,1358,1,None,None
GGCTCGACACCCATGG-1,False,GGCTCGACACCCATGG-1_contig_1,False,532,TRA,TRAV8-1,None,TRAJ30,TRAC,True,True,CASDTNAYKVIF,TGTGCTTCTGACACAAATGCTTACAAAGTCATCTTT,1536,1,None,None
GGCTCGACAGGAATGC-1,False,GGCTCGACAGGAATGC-1_contig_1,False,542,TRB,TRBV13-2,None,TRBJ1-2,TRBC1,True,True,CASGGGTGNSDYTF,TGTGCCAGCGGTGGGGGGACAGGGAACTCCGACTACACCTTC,900,1,None,None
GGCTCGACAGTCCTTC-1,False,GGCTCGACAGTCCTTC-1_contig_1,False,554,TRA,TRAV3-3,None,TRAJ23,TRAC,True,True,CAVSDNYNQGKLIF,TGCGCAGTCAGTGATAATTATAACCAGGGGAAGCTTATCTTT,1536,1,None,None
GGCTCGACAGTCCTTC-1,False,GGCTCGACAGTCCTTC-1_contig_2,False,549,TRA,TRAV8N-2,None,TRAJ13,TRAC,True,True,CATEDSGTYQRF,TGTGCTACTGAGGATTCTGGGACTTACCAGAGGTTT,1618,1,None,None
GGCTCGACAGTCCTTC-1,False,GGCTCGACAGTCCTTC-1_contig_3,True,420,Multi,TRDV2-2,None,TRAJ58,None,True,False,CALMEPQGTGSKLSF,TGTGCTCTCATGGAGCCTCAAGGCACTGGGTCTAAGCTGTCATTT,108,1,None,None
GGCTCGACAGTGGAGT-1,False,GGCTCGACAGTGGAGT-1_contig_1,False,526,TRB,TRBV12-2+TRBV13-2,None,TRBJ1-2,TRBC1,True,False,CASGGGTGNSDYTF,TGTGCCAGCGGTGGGGGGACAGGGAACTCCGACTACACCTTC,3862,2,None,None
GGCTCGACATCGTCGG-1,False,GGCTCGACATCGTCGG-1_contig_1,False,560,TRA,TRAV3-3,None,TRAJ31,TRAC,True,True,CAVSAGNNRIFF,TGCGCAGTCAGTGCAGGCAATAACAGAATCTTCTTT,640,1,None,None
GGCTCGACATTTGCCC-1,False,GGCTCGACATTTGCCC-1_contig_1,False,573,TRB,TRBV31,None,TRBJ2-5,None,True,True,CAWSSDRFIQDTQYF,TGTGCCTGGAGTTCAGACAGGTTTATCCAAGACACCCAGTACTTT,1568,1,None,None
GGCTCGAGTCTCAACA-1,False,GGCTCGAGTCTCAACA-1_contig_1,False,437,TRB,None,None,TRBJ1-2,TRBC1,False,False,None,None,1902,1,None,None
GGCTCGAGTGAGGGAG-1,False,GGCTCGAGTGAGGGAG-1_contig_1,False,568,TRA,TRAV4D-3,None,TRAJ27,TRAC,True,True,CAADGPNTGKLTF,TGTGCTGCTGACGGGCCCAATACAGGCAAATTAACCTTT,550,1,None,None
GGCTCGAGTGCGATAG-1,False,GGCTCGAGTGCGATAG-1_contig_1,False,512,TRB,TRBV13-1,None,TRBJ2-3,None,True,True,CASGDSAETLYF,TGTGCCAGCGGGGACAGTGCAGAAACGCTGTATTTT,1860,1,None,None
GGCTCGAGTGGCTCCA-1,False,GGCTCGAGTGGCTCCA-1_contig_1,False,576,TRA,TRAV14-1,None,TRAJ32,TRAC,True,True,CAASPLGSSGNKLIF,TGTGCAGCAAGTCCTCTTGGGAGCAGTGGCAACAAGCTCATCTTT,1500,1,None,None
GGCTCGAGTTGATTGC-1,False,GGCTCGAGTTGATTGC-1_contig_1,False,563,TRB,TRBV12-2+TRBV13-2,None,TRBJ2-7,None,True,True,CASGTGGDYEQYF,TGTGCCAGCGGGACTGGGGGGGACTATGAACAGTACTTC,1814,1,None,None
GGCTCGATCCAGTAGT-1,False,GGCTCGATCCAGTAGT-1_contig_1,False,559,TRA,TRAV4D-3,None,TRAJ27,TRAC,True,True,CAADGPNTGKLTF,TGTGCTGCGGACGGACCCAATACAGGCAAATTAACCTTT,1416,1,None,None
GGCTCGATCCAGTAGT-1,False,GGCTCGATCCAGTAGT-1_contig_2,False,567,TRB,TRBV12-2+TRBV13-2,None,TRBJ1-2,TRBC1,True,True,CASGGGTGNSDYTF,TGTGCCAGCGGTGGGGGGACAGGGAACTCCGACTACACCTTC,1802,1,None,None
GGCTGGTAGACTTGAA-1,False,GGCTGGTAGACTTGAA-1_contig_1,False,403,TRB,None,None,TRBJ2-7,None,False,False,None,None,2694,1,None,None
GGCTGGTAGCACGCCT-1,False,GGCTGGTAGCACGCCT-1_contig_1,False,558,TRA,TRAV19,None,TRAJ39,TRAC,True,True,CAAGGNNAGAKLTF,TGCGCAGCAGGTGGGAATAATGCAGGTGCCAAGCTCACATTC,388,1,None,None
GGCTGGTAGGATCGCA-1,False,GGCTGGTAGGATCGCA-1_contig_1,False,518,TRB,TRBV13-1,None,TRBJ2-3,None,True,False,CASGDSAETLYF,TGTGCCAGCGGGGACAGTGCAGAAACGCTGTATTTT,1782,1,None,None
GGCTGGTAGGTGTGGT-1,False,GGCTGGTAGGTGTGGT-1_contig_1,False,566,TRA,TRAV14D-3-DV8,None,TRAJ6,TRAC,True,True,CAARTSGGNYKPTF,TGTGCAGCAAGAACCTCAGGAGGAAACTACAAACCTACGTTT,1470,1,None,None
GGCTGGTAGTGTACTC-1,False,GGCTGGTAGTGTACTC-1_contig_1,False,549,TRB,TRBV16,None,TRBJ2-5,None,True,True,CASSLGGGQDTQYF,TGTGCAAGCAGCTTAGGGGGGGGCCAAGACACCCAGTACTTT,1264,1,None,None
GGCTGGTCACAAGTAA-1,False,GGCTGGTCACAAGTAA-1_contig_1,False,561,TRA,TRAV4-3,None,TRAJ42,TRAC,True,True,CAADNSGGSNAKLTF,TGTGCTGCTGATAATTCTGGAGGAAGCAATGCAAAGCTAACCTTC,3246,2,None,None
GGCTGGTCACAAGTAA-1,False,GGCTGGTCACAAGTAA-1_contig_2,False,512,TRB,TRBV13-1,None,TRBJ2-4,None,True,True,CASSEGTNTLYF,TGTGCCAGCAGTGAAGGAACAAACACCTTGTACTTT,31824,23,None,None
GGCTGGTCACAAGTAA-1,False,GGCTGGTCACAAGTAA-1_contig_3,False,505,TRB,TRBV13-1,None,TRBJ2-1,None,True,True,CASGGAYAEQFF,TGTGCCAGCGGGGGGGCGTATGCTGAGCAGTTCTTC,16976,17,None,None
GGCTGGTCACAAGTAA-1,False,GGCTGGTCACAAGTAA-1_contig_4,False,566,TRA,TRAV12-2,None,TRAJ34,TRAC,True,True,CALSGNTNKVVF,TGTGCTTTGAGTGGCAATACCAACAAAGTCGTCTTT,17710,12,None,None
GGCTGGTCACAAGTAA-1,False,GGCTGGTCACAAGTAA-1_contig_5,True,516,TRB,TRBV13-1,None,TRBJ2-5,None,True,False,CASGDW,TGTGCCAGCGGTGACTGG,2364,3,None,None
GGCTGGTCATGTTGAC-1,False,GGCTGGTCATGTTGAC-1_contig_1,False,607,TRB,TRBV12-2+TRBV13-2,None,TRBJ2-7,None,True,True,CASGTGGDYEQYF,TGTGCCAGCGGGACTGGGGGGGACTATGAACAGTACTTC,1182,1,None,None
GGCTGGTGTAAGTGTA-1,False,GGCTGGTGTAAGTGTA-1_contig_1,False,549,TRB,TRBV16,None,TRBJ2-5,None,True,True,CASSLGGGQDTQYF,TGTGCAAGCAGCTTAGGGGGGGGGCAAGACACCCAGTACTTT,612,1,None,None
GGCTGGTGTAAGTGTA-1,False,GGCTGGTGTAAGTGTA-1_contig_2,False,525,TRA,TRAV7N-6,None,TRAJ30,TRAC,True,True,CAVVDTNAYKVIF,TGTGCAGTGGTTGACACAAATGCTTACAAAGTCATCTTT,1910,1,None,None
GGCTGGTGTAGCGTAG-1,False,GGCTGGTGTAGCGTAG-1_contig_1,False,565,TRB,TRBV12-2+TRBV13-2,None,TRBJ2-7,None,True,True,CASGVQGEQYF,TGTGCCAGCGGTGTTCAGGGAGAACAGTACTTC,456,1,None,None
GGCTGGTGTCAACTGT-1,False,GGCTGGTGTCAACTGT-1_contig_1,False,527,TRB,TRBV13-1,None,TRBJ2-4,None,True,False,CASSEGTNTLYF,TGTGCCAGCAGTGAAGGAACAAACACCTTGTACTTT,826,1,None,None
GGCTGGTGTGTAACGG-1,False,GGCTGGTGTGTAACGG-1_contig_1,False,549,TRB,TRBV16,None,TRBJ2-7,None,True,True,CASSFGGGADEQYF,TGTGCAAGCAGCTTTGGTGGGGGGGCGGATGAACAGTACTTC,1022,1,None,None
GGCTGGTGTGTAACGG-1,False,GGCTGGTGTGTAACGG-1_contig_2,False,599,TRA,TRAV4D-3,None,TRAJ27,TRAC,True,True,CAADGPNTGKLTF,TGTGCTGCGGACGGACCCAATACAGGCAAATTAACCTTT,840,1,None,None
GGCTGGTTCCGGCACA-1,False,GGCTGGTTCCGGCACA-1_contig_1,False,550,TRB,TRBV16,None,TRBJ2-5,None,True,False,CKQLRG,TGCAAGCAGCTTAGGGGG,312,1,None,None
GGCTGGTTCGATGAGG-1,False,GGCTGGTTCGATGAGG-1_contig_1,False,522,TRB,TRBV5,None,TRBJ2-7,None,True,True,CASSQDWGGAVEQYF,TGTGCCAGCAGCCAAGACTGGGGGGGCGCAGTTGAACAGTACTTC,2074,1,None,None
GGCTGGTTCGTCGTTC-1,False,GGCTGGTTCGTCGTTC-1_contig_1,False,549,TRB,TRBV16,None,TRBJ2-5,None,True,True,CASSLGGYQDTQYF,TGTGCAAGCAGCTTAGGGGGCTACCAAGACACCCAGTACTTT,1196,1,None,None
GGCTGGTTCTGGCGTG-1,False,GGCTGGTTCTGGCGTG-1_contig_1,False,372,TRB,None,None,TRBJ1-4,TRBC1,False,False,None,None,2436,1,None,None
GGGAATGAGACAGACC-1,False,GGGAATGAGACAGACC-1_contig_1,False,535,TRB,TRBV12-2+TRBV13-2,None,TRBJ1-2,None,True,True,CASGGGTGNSDYTF,TGTGCCAGCGGTGGGGGGACAGGGAACTCCGACTACACCTTC,1146,1,None,None
GGGAATGAGAGCCTAG-1,False,GGGAATGAGAGCCTAG-1_contig_1,False,555,TRA,TRAV3-3,None,TRAJ49,TRAC,True,True,CAVSGATGYQNFYF,TGCGCAGTCAGTGGGGCCACGGGTTACCAGAACTTCTATTTT,2054,1,None,None
GGGAATGAGAGCCTAG-1,False,GGGAATGAGAGCCTAG-1_contig_2,False,586,TRB,TRBV12-2+TRBV13-2,None,TRBJ2-7,None,True,True,CASGTGGDYEQYF,TGTGCCAGCGGGACTGGGGGGGACTATGAACAGTACTTC,1452,1,None,None
GGGAATGAGAGGACGG-1,False,GGGAATGAGAGGACGG-1_contig_1,False,309,TRB,TRBV13-2,None,TRBJ2-1,None,True,False,CASGTGDYAEQFF,TGTGCCAGCGGGACTGGGGACTATGCTGAGCAGTTCTTC,3074,1,None,None
GGGAATGAGATGCCTT-1,False,GGGAATGAGATGCCTT-1_contig_1,False,512,TRB,TRBV13-1,None,TRBJ2-1,None,True,True,CASSDNYAEQFF,TGTGCCAGCAGTGACAACTATGCTGAGCAGTTCTTC,1096,1,None,None
GGGAATGAGCCAGTTT-1,False,GGGAATGAGCCAGTTT-1_contig_1,False,561,TRB,TRBV12-2+TRBV13-2,None,TRBJ2-7,None,True,True,CASGTGGDYEQYF,TGTGCCAGCGGGACTGGGGGGGACTATGAACAGTACTTC,964,1,None,None
GGGAATGAGCGTCTAT-1,False,GGGAATGAGCGTCTAT-1_contig_1,False,565,TRB,TRBV12-2+TRBV13-2,None,TRBJ1-4,TRBC1,True,True,CASGTGGDERLFF,TGTGCCAGCGGGACAGGGGGCGACGAAAGATTATTTTTC,554,1,None,None
GGGAATGAGGATCGCA-1,False,GGGAATGAGGATCGCA-1_contig_1,False,549,TRB,TRBV16,None,TRBJ2-5,None,True,True,CASSLGGGQDTQYF,TGTGCAAGCAGCTTAGGGGGGGGCCAAGACACCCAGTACTTT,2868,2,None,None
GGGAATGAGGCATGTG-1,False,GGGAATGAGGCATGTG-1_contig_1,False,549,TRB,TRBV16,None,TRBJ2-7,None,True,True,CASSFGGGADEQYF,TGTGCAAGCAGCTTTGGTGGGGGGGCGGATGAACAGTACTTC,1404,1,None,None
GGGAATGAGTTAACGA-1,False,GGGAATGAGTTAACGA-1_contig_1,False,548,TRB,TRBV12-2+TRBV13-2,None,TRBJ1-2,TRBC1,True,True,CASGGGTGNSDYTF,TGTGCCAGCGGTGGGGGGACAGGGAACTCCGACTACACCTTC,1404,1,None,None
GGGAATGCACAGGCCT-1,False,GGGAATGCACAGGCCT-1_contig_1,False,592,TRB,TRBV12-2+TRBV13-2,None,TRBJ1-2,TRBC1,True,True,CASGGGTGNSDYTF,TGTGCCAGCGGTGGGGGGACAGGGAACTCCGACTACACCTTC,972,1,None,None
GGGAATGCACGAAACG-1,False,GGGAATGCACGAAACG-1_contig_1,False,589,TRB,TRBV12-2+TRBV13-2,None,TRBJ1-2,TRBC1,True,True,CASGGGTGNSDYTF,TGTGCCAGCGGTGGGGGGACAGGGAACTCCGACTACACCTTC,1470,1,None,None
GGGAATGCAGCTGTTA-1,False,GGGAATGCAGCTGTTA-1_contig_1,False,516,TRA,TRAV6-6,None,TRAJ39,TRAC,True,True,CALGDWNNAGAKLTF,TGTGCTCTGGGTGATTGGAATAATGCAGGTGCCAAGCTCACATTC,1026,1,None,None
GGGAATGGTAAGTGTA-1,False,GGGAATGGTAAGTGTA-1_contig_1,False,549,TRB,TRBV16,None,TRBJ2-5,None,True,True,CASSWGGGQDTQYF,TGTGCAAGCAGCTGGGGGGGCGGGCAAGACACCCAGTACTTT,2148,1,None,None
GGGAATGGTACCGCTG-1,False,GGGAATGGTACCGCTG-1_contig_1,False,564,TRB,TRBV12-2+TRBV13-2,None,TRBJ2-7,None,True,True,CASGAGGDYEQYF,TGTGCCAGCGGTGCTGGGGGGGACTATGAACAGTACTTC,286,2,None,None
GGGAATGGTCACACGC-1,False,GGGAATGGTCACACGC-1_contig_1,False,549,TRB,TRBV16,None,TRBJ2-5,None,True,True,CASSLGGGQDTQYF,TGTGCAAGCAGCTTAGGGGGGGGCCAAGACACCCAGTACTTT,1334,1,None,None
GGGAATGGTCGAAAGC-1,False,GGGAATGGTCGAAAGC-1_contig_1,False,644,TRB,TRBV12-2+TRBV13-2,None,TRBJ1-2,TRBC1,True,True,CASGGGTGNSDYTF,TGTGCCAGCGGTGGGGGGACAGGGAACTCCGACTACACCTTC,840,1,None,None
GGGAATGGTCGCGGTT-1,False,GGGAATGGTCGCGGTT-1_contig_1,False,640,TRB,TRBV12-2+TRBV13-2,None,TRBJ1-2,TRBC1,True,True,CASGGGTGNSDYTF,TGTGCCAGCGGTGGGGGGACAGGGAACTCCGACTACACCTTC,1738,1,None,None
GGGAATGGTCTAAACC-1,False,GGGAATGGTCTAAACC-1_contig_1,False,590,TRB,TRBV12-2+TRBV13-2,None,TRBJ2-7,None,True,True,CASGVQGWEQYF,TGTGCCAGCGGTGTACAGGGGTGGGAACAGTACTTC,1004,1,None,None
GGGAATGGTTCACCTC-1,False,GGGAATGGTTCACCTC-1_contig_1,False,527,TRB,TRBV13-1,None,TRBJ2-7,None,True,True,CASSDPGQGYF,TGTGCCAGCAGTGATCCGGGACAGGGTTACTTC,1804,1,None,None
GGGAATGGTTCGAATC-1,False,GGGAATGGTTCGAATC-1_contig_1,False,572,TRB,TRBV12-2+TRBV13-2,None,TRBJ2-7,None,True,True,CASGVQGWEQYF,TGTGCCAGCGGTGTACAGGGGTGGGAACAGTACTTC,1740,1,None,None
GGGAATGTCAACCAAC-1,False,GGGAATGTCAACCAAC-1_contig_1,False,443,TRA,TRAV16D-DV11,None,TRAJ9,TRAC,True,False,None,None,1204,1,None,None
GGGAATGTCCATGAGT-1,False,GGGAATGTCCATGAGT-1_contig_1,False,587,TRB,None,None,TRBJ2-7,None,False,False,None,None,1428,1,None,None
GGGACCTAGAAACCTA-1,False,GGGACCTAGAAACCTA-1_contig_1,False,509,TRA,TRAV3-3,None,TRAJ49,TRAC,True,True,CAVSGATGYQNFYF,TGCGCAGTCAGTGGGGCCACGGGTTACCAGAACTTCTATTTT,236,1,None,None
GGGACCTAGAACAACT-1,False,GGGACCTAGAACAACT-1_contig_1,False,568,TRB,TRBV12-2+TRBV13-2,None,TRBJ1-2,TRBC1,True,True,CASGGGTGNSDYTF,TGTGCCAGCGGTGGGGGGACAGGGAACTCCGACTACACCTTC,1614,1,None,None
GGGACCTAGACTAAGT-1,False,GGGACCTAGACTAAGT-1_contig_1,False,566,TRA,TRAV3-3,None,TRAJ49,TRAC,True,True,CAVSGATGYQNFYF,TGCGCAGTCAGTGGGGCCACGGGTTACCAGAACTTCTATTTT,1838,1,None,None
GGGACCTAGGCGATAC-1,False,GGGACCTAGGCGATAC-1_contig_1,False,505,TRB,TRBV13-1,None,TRBJ2-3,None,True,True,CASGDSAETLYF,TGTGCCAGCGGGGACAGTGCAGAAACGCTGTATTTT,1354,1,None,None
GGGACCTAGGGTGTTG-1,False,GGGACCTAGGGTGTTG-1_contig_1,False,521,TRA,TRAV19,None,TRAJ39,TRAC,True,True,CAAGGNNAGAKLTF,TGCGCAGCAGGTGGGAATAATGCAGGTGCCAAGCTCACATTC,2074,1,None,None
GGGACCTAGTGGGATC-1,False,GGGACCTAGTGGGATC-1_contig_1,False,549,TRB,TRBV16,None,TRBJ2-5,None,True,True,CASSLGGGQDTQYF,TGTGCAAGCAGCTTAGGGGGGGGCCAAGACACCCAGTACTTT,530,2,None,None
GGGACCTCACTAAGTC-1,False,GGGACCTCACTAAGTC-1_contig_1,False,548,TRB,TRBV12-2+TRBV13-2,None,TRBJ2-7,None,True,True,CASGDPRPYF,TGTGCCAGCGGTGATCCCAGACCGTACTTC,332,1,None,None
GGGACCTCACTGTGTA-1,False,GGGACCTCACTGTGTA-1_contig_1,False,549,TRB,TRBV16,None,TRBJ2-5,None,True,True,CASSLGGGQDTQYF,TGTGCAAGCAGCTTAGGGGGGGGCCAAGACACCCAGTACTTT,1102,1,None,None
GGGACCTCAGACGCAA-1,False,GGGACCTCAGACGCAA-1_contig_1,False,560,TRB,TRBV12-2+TRBV13-2,None,TRBJ1-2,TRBC1,True,True,CASGGGTGNSDYTF,TGTGCCAGCGGTGGGGGGACAGGGAACTCCGACTACACCTTC,1704,1,None,None
GGGACCTCAGGTGGAT-1,False,GGGACCTCAGGTGGAT-1_contig_1,False,505,TRB,TRBV13-1,None,TRBJ2-3,None,True,True,CASGDSAETLYF,TGTGCCAGCGGGGACAGTGCAGAAACGCTGTATTTT,1146,1,None,None
GGGACCTCAGGTGGAT-1,False,GGGACCTCAGGTGGAT-1_contig_2,False,482,TRA,TRAV14N-3,None,TRAJ6,TRAC,True,False,CAARTSGGNYKPTF,TGTGCAGCAAGAACCTCAGGAGGAAACTACAAACCTACGTTT,1416,1,None,None
GGGACCTGTAGGCTGA-1,False,GGGACCTGTAGGCTGA-1_contig_1,False,559,TRA,TRAV4D-3,None,TRAJ27,TRAC,True,True,CAADGPNTGKLTF,TGTGCTGCGGACGGACCCAATACAGGCAAATTAACCTTT,2408,1,None,None
GGGACCTGTCTCTCGT-1,False,GGGACCTGTCTCTCGT-1_contig_1,False,567,TRB,TRBV12-2+TRBV13-2,None,TRBJ1-2,TRBC1,True,True,CASGGGTGNSDYTF,TGTGCCAGCGGTGGGGGGACAGGGAACTCCGACTACACTTTC,1140,1,None,None
GGGACCTGTTCTGTTT-1,False,GGGACCTGTTCTGTTT-1_contig_1,False,358,TRB,None,None,TRBJ2-1,None,False,False,None,None,2314,1,None,None
GGGACCTTCATCGCTC-1,False,GGGACCTTCATCGCTC-1_contig_1,False,588,TRB,TRBV12-2+TRBV13-2,None,TRBJ1-2,TRBC1,True,True,CASGGGTGNSDYTF,TGTGCCAGCGGTGGGGGGACAGGGAACTCCGACTACACCTTC,454,1,None,None
GGGACCTTCCGCGTTT-1,False,GGGACCTTCCGCGTTT-1_contig_1,False,532,TRA,TRAV4-3,None,TRAJ27,TRAC,True,True,CAAANTNTGKLTF,TGTGCTGCTGCTAACACCAATACAGGCAAATTAACCTTT,528,1,None,None
GGGACCTTCCGCGTTT-1,False,GGGACCTTCCGCGTTT-1_contig_2,False,568,TRA,TRAV12-1,None,TRAJ48,TRAC,True,True,CALSDAGDYGNEKITF,TGTGCTCTGAGTGATGCAGGAGACTATGGAAATGAGAAAATAACTTTT,1386,1,None,None
GGGACCTTCGCAAGCC-1,False,GGGACCTTCGCAAGCC-1_contig_1,False,512,TRB,TRBV26,None,TRBJ1-1,TRBC1,True,True,CASSRGNTEVFF,TGTGCCAGCAGCCGCGGAAACACAGAAGTCTTCTTT,2934,2,None,None
GGGACCTTCGTTTGCC-1,False,GGGACCTTCGTTTGCC-1_contig_1,False,505,TRB,TRBV13-1,None,TRBJ2-4,None,True,True,CASSEGTNTLYF,TGTGCCAGCAGTGAAGGAACAAACACCTTGTACTTT,1680,1,None,None
GGGACCTTCTTCGAGA-1,False,GGGACCTTCTTCGAGA-1_contig_1,False,337,TRB,TRBV10,None,TRBJ2-7,None,True,False,None,None,1708,1,None,None
GGGAGATAGAGACTAT-1,False,GGGAGATAGAGACTAT-1_contig_1,False,558,TRA,TRAV4D-3,None,TRAJ27,TRAC,True,True,CAADGPNTGKLTF,TGTGCTGCGGACGGACCCAATACAGGCAAATTAACCTTT,1296,1,None,None
GGGAGATAGGCATGGT-1,False,GGGAGATAGGCATGGT-1_contig_1,False,383,TRB,None,None,TRBJ1-4,TRBC1,False,False,None,None,672,1,None,None
GGGAGATAGTGCCAGA-1,False,GGGAGATAGTGCCAGA-1_contig_1,False,512,TRA,TRAV13D-2,None,TRAJ11,TRAC,True,True,CAIDLDSGYNKLTF,TGTGCTATAGATCTTGACTCGGGATACAACAAACTCACTTTT,806,1,None,None
GGGAGATAGTGTCCCG-1,False,GGGAGATAGTGTCCCG-1_contig_1,False,577,TRB,TRBV12-2+TRBV13-2,None,TRBJ2-7,None,True,True,CASGTGDEQYF,TGTGCCAGCGGGACAGGGGATGAACAGTACTTC,1414,1,None,None
GGGAGATCAACTGGCC-1,False,GGGAGATCAACTGGCC-1_contig_1,False,509,TRB,TRBV13-1,None,TRBJ2-7,None,True,True,CASSGPLEQYF,TGTGCCAGCAGTGGGCCCCTGGAACAGTACTTC,1360,1,None,None
GGGAGATCACACCGCA-1,False,GGGAGATCACACCGCA-1_contig_1,False,563,TRB,TRBV12-2+TRBV13-2,None,TRBJ2-7,None,True,True,CASGTGGDYEQYF,TGTGCCAGCGGGACTGGGGGGGACTATGAACAGTACTTC,1120,1,None,None
GGGAGATCATTGCGGC-1,False,GGGAGATCATTGCGGC-1_contig_1,False,504,TRB,TRBV13-1,None,TRBJ2-3,None,True,True,CASGDSAETLYF,TGTGCCAGCGGGGACAGTGCAGAAACGCTGTATTTT,1936,1,None,None
GGGAGATGTCCGACGT-1,False,GGGAGATGTCCGACGT-1_contig_1,False,539,TRB,TRBV16,None,TRBJ2-5,None,True,True,CASSLGGGQDTQYF,TGTGCAAGCAGCTTAGGGGGGGGCCAAGACACCCAGTACTTT,980,1,None,None
GGGAGATGTCCTGCTT-1,False,GGGAGATGTCCTGCTT-1_contig_1,False,512,TRA,TRAV1,None,TRAJ12,TRAC,True,True,CAVRDRAGGYKVVF,TGTGCTGTGAGGGATCGGGCTGGAGGCTATAAAGTGGTCTTT,890,1,None,None
GGGAGATGTGAAAGAG-1,False,GGGAGATGTGAAAGAG-1_contig_1,False,553,TRB,TRBV12-1,None,TRBJ2-5,None,True,True,CASSDGDDTQYF,TGTGCCAGCAGTGACGGGGACGACACCCAGTACTTT,1308,1,None,None
GGGAGATGTGAGTATA-1,False,GGGAGATGTGAGTATA-1_contig_1,False,547,TRA,TRAV16D-DV11,None,TRAJ26,TRAC,True,True,CAMREENNYAQGLTF,TGTGCTATGAGAGAGGAAAATAACTATGCCCAGGGATTAACCTTC,1546,1,None,None
GGGAGATGTGAGTATA-1,False,GGGAGATGTGAGTATA-1_contig_2,False,649,TRB,TRBV13-2,None,TRBJ1-2,TRBC1,True,True,CASGGGTGNSDYTF,TGTGCCAGCGGTGGGGGGACAGGGAACTCCGACTACACCTTC,1208,1,None,None
GGGAGATGTTGTGGAG-1,False,GGGAGATGTTGTGGAG-1_contig_1,False,549,TRB,TRBV16,None,TRBJ2-5,None,True,True,CASSFGGGQDTQYF,TGTGCAAGCAGCTTTGGGGGGGGCCAAGACACCCAGTACTTT,3364,2,None,None
GGGAGATTCAGTTCGA-1,False,GGGAGATTCAGTTCGA-1_contig_1,False,557,TRB,TRBV12-2+TRBV13-2,None,TRBJ2-1,None,True,True,CASERGALAEQFF,TGTGCCAGCGAAAGGGGGGCGCTGGCTGAGCAGTTCTTC,1388,1,None,None
GGGAGATTCGTCGTTC-1,False,GGGAGATTCGTCGTTC-1_contig_1,False,577,TRB,TRBV12-2+TRBV13-2,None,TRBJ2-1,None,True,True,CASGDPFQFF,TGTGCCAGCGGTGATCCTTTCCAGTTCTTC,1520,1,None,None
GGGATGAAGACGCAAC-1,False,GGGATGAAGACGCAAC-1_contig_1,False,522,TRB,TRBV5,None,TRBJ2-7,None,True,True,CASSQDWGGAVEQYF,TGTGCCAGCAGCCAAGACTGGGGGGGCGCAGTTGAACAGTACTTC,1812,1,None,None
GGGATGAAGACTAGAT-1,False,GGGATGAAGACTAGAT-1_contig_1,False,513,TRB,TRBV13-1,None,TRBJ1-1,TRBC1,True,True,CASSDSSGGFTEVFF,TGTGCCAGCAGTGATTCCTCAGGGGGCTTCACAGAAGTCTTCTTT,2000,1,None,None
GGGATGAAGCAGCGTA-1,False,GGGATGAAGCAGCGTA-1_contig_1,False,557,TRB,TRBV12-2+TRBV13-2,None,TRBJ2-7,None,True,True,CASGVQGEQYF,TGTGCCAGCGGTGTTCAGGGAGAACAGTACTTC,1050,1,None,None
GGGATGAAGCTGATAA-1,False,GGGATGAAGCTGATAA-1_contig_1,False,559,TRA,TRAV4D-3,None,TRAJ27,TRAC,True,True,CAADGPNTGKLTF,TGTGCTGCTGACGGGCCCAATACAGGCAAATTAACCTTT,898,1,None,None
GGGATGAAGTAATCCC-1,False,GGGATGAAGTAATCCC-1_contig_1,False,548,TRB,TRBV12-2+TRBV13-2,None,TRBJ1-2,TRBC1,True,True,CASGGGTGNSDYTF,TGTGCCAGCGGTGGGGGGACAGGGAACTCCGACTACACCTTC,1444,1,None,None
GGGATGACAACTGGCC-1,False,GGGATGACAACTGGCC-1_contig_1,False,635,TRB,TRBV12-2+TRBV13-2,None,TRBJ1-2,TRBC1,True,True,CASGGGTGNSDYTF,TGTGCCAGCGGTGGGGGGACAGGGAACTCCGACTACACCTTC,658,1,None,None
GGGATGACATACTACG-1,False,GGGATGACATACTACG-1_contig_1,False,525,TRB,TRBV12-2+TRBV13-2,None,TRBJ2-7,None,True,True,CASGTGGDYEQYF,TGTGCCAGCGGGACTGGGGGGGACTATGAACAGTACTTC,1576,1,None,None
GGGATGAGTCTGGAGA-1,False,GGGATGAGTCTGGAGA-1_contig_1,False,557,TRA,TRAV10N,None,TRAJ7,TRAC,True,True,CAPEPDYSNNRLTL,TGTGCACCGGAACCGGACTACAGCAACAACAGACTTACTTTG,2876,1,None,None
GGGATGAGTGATGCCC-1,False,GGGATGAGTGATGCCC-1_contig_1,False,555,TRB,TRBV12-2+TRBV13-2,None,TRBJ2-7,None,True,True,CASGDPRPYF,TGTGCCAGCGGTGATCCCAGACCGTACTTC,1458,1,None,None
GGGATGAGTGCGAAAC-1,False,GGGATGAGTGCGAAAC-1_contig_1,False,566,TRB,TRBV13-2,None,TRBJ2-7,None,True,True,CASGVQGGEQYF,TGTGCCAGCGGTGTGCAGGGGGGAGAACAGTACTTC,716,1,None,None
GGGATGAGTTCAGACT-1,False,GGGATGAGTTCAGACT-1_contig_1,False,604,TRB,TRBV13-2,None,TRBJ1-5,TRBC1,True,True,CASGDGDIQAPLF,TGTGCCAGCGGTGATGGGGACATCCAGGCTCCGCTTTTT,500,1,None,None
GGGATGATCAACTCTT-1,False,GGGATGATCAACTCTT-1_contig_1,False,356,TRB,None,None,TRBJ2-1,None,False,False,None,None,1026,1,None,None
GGGATGATCAGAGCTT-1,False,GGGATGATCAGAGCTT-1_contig_1,False,489,TRB,TRBV12-2+TRBV13-2,None,TRBJ2-7,None,True,True,CASGTGDEQYF,TGTGCCAGCGGGACAGGGGATGAACAGTACTTC,796,1,None,None
GGGATGATCCTTTACA-1,False,GGGATGATCCTTTACA-1_contig_1,False,568,TRB,TRBV12-2+TRBV13-2,None,TRBJ1-2,TRBC1,True,True,CASGGGTGNSDYTF,TGTGCCAGCGGTGGGGGGACAGGGAACTCCGACTACACCTTC,1830,1,None,None
GGGATGATCCTTTACA-1,False,GGGATGATCCTTTACA-1_contig_2,False,444,TRB,None,None,TRBJ1-6,TRBC1,False,False,None,None,1512,1,None,None
GGGATGATCTCTGAGA-1,False,GGGATGATCTCTGAGA-1_contig_1,False,557,TRB,TRBV12-2+TRBV13-2,None,TRBJ2-7,None,True,True,CASGAGGEQYF,TGTGCCAGCGGTGCTGGGGGGGAACAGTACTTC,1170,1,None,None
GGGCACTAGACAAAGG-1,False,GGGCACTAGACAAAGG-1_contig_1,False,664,TRB,TRBV12-2+TRBV13-2,None,TRBJ1-5,TRBC1,True,True,CASGDPAPLF,TGTGCCAGCGGTGATCCGGCTCCGCTTTTT,1248,1,None,None
GGGCACTAGCTAAACA-1,False,GGGCACTAGCTAAACA-1_contig_1,False,512,TRB,TRBV13-1,None,TRBJ2-4,None,True,True,CASSEGTNTLYF,TGTGCCAGCAGTGAAGGAACAAACACCTTGTACTTT,2048,1,None,None
GGGCACTAGCTAAACA-1,False,GGGCACTAGCTAAACA-1_contig_2,False,559,TRA,TRAV4D-3,None,TRAJ27,TRAC,True,True,CAADGPNTGKLTF,TGTGCTGCGGACGGACCCAATACAGGCAAATTAACCTTT,1316,1,None,None
GGGCACTAGTGTACCT-1,False,GGGCACTAGTGTACCT-1_contig_1,False,629,TRB,TRBV12-2+TRBV13-2,None,TRBJ1-5,TRBC1,True,True,CASGTGDNQAPLF,TGTGCCAGCGGTACAGGGGATAACCAGGCTCCGCTTTTT,1322,1,None,None
GGGCACTAGTGTTTGC-1,False,GGGCACTAGTGTTTGC-1_contig_1,False,517,TRA,TRAV7D-2,None,TRAJ31,TRAC,True,True,CAASIEDSNNRIFF,TGTGCAGCAAGCATAGAGGATAGCAATAACAGAATCTTCTTT,1936,1,None,None
GGGCACTCACATGGGA-1,False,GGGCACTCACATGGGA-1_contig_1,False,331,TRB,None,None,TRBJ2-1,None,False,False,None,None,178,1,None,None
GGGCACTCACGAAACG-1,False,GGGCACTCACGAAACG-1_contig_1,False,566,TRA,TRAV3-3,None,TRAJ49,TRAC,True,True,CAVSGATGYQNFYF,TGCGCAGTCAGTGGGGCCACGGGTTACCAGAACTTCTATTTT,1936,1,None,None
GGGCACTCAGCATGAG-1,False,GGGCACTCAGCATGAG-1_contig_1,False,667,TRB,TRBV12-2+TRBV13-2,None,TRBJ1-2,TRBC1,True,True,CASGGGTGNSDYTF,TGTGCCAGCGGTGGGGGGACAGGGAACTCCGACTACACCTTC,1606,1,None,None
GGGCACTCATAGGATA-1,False,GGGCACTCATAGGATA-1_contig_1,False,679,TRA,TRAV8N-2,None,TRAJ43,TRAC,True,False,CATDANNNNAPRF,TGTGCTACTGATGCCAATAACAACAATGCCCCACGATTT,454,1,None,None
GGGCACTCATATGCTG-1,False,GGGCACTCATATGCTG-1_contig_1,False,607,TRB,TRBV12-2+TRBV13-2,None,TRBJ1-2,TRBC1,True,True,CASGGGTGNSDYTF,TGTGCCAGCGGTGGGGGGACAGGGAACTCCGACTACACCTTC,2078,1,None,None
GGGCACTGTAATTGGA-1,False,GGGCACTGTAATTGGA-1_contig_1,False,549,TRA,TRAV8N-2,None,TRAJ13,TRAC,True,True,CATEDSGTYQRF,TGTGCTACTGAGGATTCTGGGACTTACCAGAGGTTT,2056,1,None,None
GGGCACTGTCAATGTC-1,False,GGGCACTGTCAATGTC-1_contig_1,False,549,TRB,TRBV16,None,TRBJ2-5,None,True,True,CASSLGGGQDTQYF,TGTGCAAGCAGCTTAGGGGGGGGGCAAGACACCCAGTACTTT,1580,1,None,None
GGGCACTGTCTAGGTT-1,False,GGGCACTGTCTAGGTT-1_contig_1,False,510,TRB,TRBV13-1,None,TRBJ2-1,None,True,True,CASGGGDYAEQFF,TGTGCCAGCGGGGGGGGAGACTATGCTGAGCAGTTCTTC,290,1,None,None
GGGCACTGTGGACGAT-1,False,GGGCACTGTGGACGAT-1_contig_1,False,535,TRA,TRAV19,None,TRAJ39,TRAC,True,True,CAAGGNNAGAKLTF,TGCGCAGCAGGTGGGAATAATGCAGGTGCCAAGCTCACATTC,964,1,None,None
GGGCACTGTGGCGAAT-1,False,GGGCACTGTGGCGAAT-1_contig_1,False,549,TRB,TRBV16,None,TRBJ2-7,None,True,True,CASSFGGGADEQYF,TGTGCAAGCAGCTTTGGTGGGGGGGCGGATGAACAGTACTTC,2448,1,None,None
GGGCACTGTGTCCTCT-1,False,GGGCACTGTGTCCTCT-1_contig_1,False,635,TRB,TRBV12-2+TRBV13-2,None,TRBJ1-5,TRBC1,True,True,CASGTGDNQAPLF,TGTGCCAGCGGTACAGGAGACAACCAGGCTCCGCTTTTT,1584,1,None,None
GGGCACTGTTCCGGCA-1,False,GGGCACTGTTCCGGCA-1_contig_1,False,563,TRB,TRBV12-2+TRBV13-2,None,TRBJ2-7,None,True,True,CASGVQGWEQYF,TGTGCCAGCGGTGTACAGGGGTGGGAACAGTACTTC,1318,1,None,None
GGGCACTGTTGAGTTC-1,False,GGGCACTGTTGAGTTC-1_contig_1,False,561,TRB,TRBV12-2+TRBV13-2,None,TRBJ1-5,TRBC1,True,True,CASGTGDNQAPLF,TGTGCCAGCGGGACGGGGGACAACCAGGCTCCGCTTTTT,472,1,None,None
GGGCACTTCAAGGTAA-1,False,GGGCACTTCAAGGTAA-1_contig_1,False,326,TRB,None,None,TRBJ2-7,None,False,False,None,None,1352,1,None,None
GGGCACTTCGTTACGA-1,False,GGGCACTTCGTTACGA-1_contig_1,False,518,TRB,TRBV26,None,TRBJ2-1,None,True,True,CASSLHKFYAEQFF,TGTGCCAGCAGTCTGCACAAATTCTATGCTGAGCAGTTCTTC,2220,1,None,None
GGGCACTTCTAAGCCA-1,False,GGGCACTTCTAAGCCA-1_contig_1,False,587,TRA,TRAV3-4,None,TRAJ49,TRAC,True,True,CAVRGGYQNFYF,TGCGCAGTCAGGGGGGGTTACCAGAACTTCTATTTT,964,1,None,None
GGGCACTTCTTTCCTC-1,False,GGGCACTTCTTTCCTC-1_contig_1,False,505,TRA,TRAV4D-3,None,TRAJ27,TRAC,True,True,CAADGPNTGKLTF,TGTGCTGCGGACGGACCCAATACAGGCAAATTAACCTTT,1934,1,None,None
GGGCATCAGAGTCGGT-1,False,GGGCATCAGAGTCGGT-1_contig_1,False,640,TRB,TRBV12-2+TRBV13-2,None,TRBJ1-2,TRBC1,True,True,CASGGGTGNSDYTF,TGTGCCAGCGGTGGGGGGACAGGGAACTCCGACTACACCTTC,902,1,None,None
GGGCATCAGATGCGAC-1,False,GGGCATCAGATGCGAC-1_contig_1,False,541,TRA,TRAV8D-1,None,TRAJ30,TRAC,True,True,CATDTNAYKVIF,TGTGCTACTGACACAAATGCTTACAAAGTCATCTTT,2056,1,None,None
GGGCATCAGCACCGTC-1,False,GGGCATCAGCACCGTC-1_contig_1,False,625,TRB,TRBV12-2+TRBV13-2,None,TRBJ1-2,TRBC1,True,True,CASGGGTGNSDYTF,TGTGCCAGCGGTGGGGGGACAGGGAACTCCGACTACACCTTC,1854,1,None,None
GGGCATCAGGCTAGCA-1,False,GGGCATCAGGCTAGCA-1_contig_1,False,549,TRB,TRBV16,None,TRBJ2-5,None,True,True,CASSLGGGQDTQYF,TGTGCAAGCAGCTTAGGGGGGGGCCAAGACACCCAGTACTTT,760,1,None,None
GGGCATCAGTGTTAGA-1,False,GGGCATCAGTGTTAGA-1_contig_1,False,424,TRB,TRBV13-1,None,TRBJ2-3,None,True,True,CASGDSAETLYF,TGTGCCAGCGGGGACAGTGCAGAAACGCTGTATTTT,1812,1,None,None
GGGCATCCACTCAGGC-1,False,GGGCATCCACTCAGGC-1_contig_1,False,558,TRB,TRBV3,None,TRBJ2-2,None,True,True,CASSPQGDTGQLYF,TGTGCCAGCAGCCCTCAGGGGGACACCGGGCAGCTCTACTTT,1950,1,None,None
GGGCATCCACTCAGGC-1,False,GGGCATCCACTCAGGC-1_contig_2,False,529,TRA,TRAV14D-1,None,TRAJ27,TRAC,True,True,CAASGANTGKLTF,TGTGCAGCAAGTGGCGCCAATACAGGCAAATTAACCTTT,2616,1,None,None
GGGCATCCAGCCTGTG-1,False,GGGCATCCAGCCTGTG-1_contig_1,False,563,TRB,TRBV12-2+TRBV13-2,None,TRBJ2-7,None,True,True,CASGTGGDYEQYF,TGTGCCAGCGGGACTGGGGGGGACTATGAACAGTACTTC,1372,1,None,None
GGGCATCGTACAAGTA-1,False,GGGCATCGTACAAGTA-1_contig_1,False,572,TRB,TRBV12-2+TRBV13-2,None,TRBJ1-2,TRBC1,True,True,CASGGGTGNSDYTF,TGTGCCAGCGGTGGGGGGACAGGGAACTCCGACTACACCTTC,1258,1,None,None
GGGCATCGTCGCGGTT-1,False,GGGCATCGTCGCGGTT-1_contig_1,False,549,TRB,TRBV16,None,TRBJ2-5,None,True,True,CASSLGGYQDTQYF,TGTGCAAGCAGCTTAGGGGGCTACCAAGACACCCAGTACTTT,1932,1,None,None
GGGCATCGTCGCGGTT-1,False,GGGCATCGTCGCGGTT-1_contig_2,False,525,TRB,TRBV17,None,TRBJ2-5,None,True,True,CASSRKGVQDTQYF,TGTGCTAGCAGTAGGAAAGGGGTCCAAGACACCCAGTACTTT,1620,1,None,None
GGGCATCGTGTGAAAT-1,False,GGGCATCGTGTGAAAT-1_contig_1,False,627,TRB,TRBV12-2+TRBV13-2,None,TRBJ1-2,TRBC1,True,True,CASGGGTGNSDYTF,TGTGCCAGCGGTGGGGGGACAGGGAACTCCGACTACACCTTC,860,1,None,None
GGGCATCTCTCCAGGG-1,False,GGGCATCTCTCCAGGG-1_contig_1,False,368,TRB,None,None,TRBJ2-1,None,False,False,None,None,2494,1,None,None
GGGCATCTCTGCAGTA-1,False,GGGCATCTCTGCAGTA-1_contig_1,False,518,TRA,TRAV6-6,None,TRAJ24,TRAC,True,True,CAPLTTASLGKLQF,TGTGCTCCGTTGACAACTGCCAGTTTGGGGAAACTGCAGTTT,2966,4,None,None
GGGCATCTCTGCAGTA-1,False,GGGCATCTCTGCAGTA-1_contig_2,False,505,TRB,TRBV13-1,None,TRBJ2-4,None,True,True,CASSEGTNTLYF,TGTGCCAGCAGTGAAGGAACAAACACCTTGTACTTT,17030,14,None,None
GGGCATCTCTGCAGTA-1,False,GGGCATCTCTGCAGTA-1_contig_3,False,554,TRB,TRBV12-2+TRBV13-2,None,TRBJ1-5,TRBC1,True,True,CASGGGNQAPLF,TGTGCCAGCGGTGGGGGGAACCAGGCTCCGCTTTTT,6200,6,None,None
GGGCATCTCTGCAGTA-1,False,GGGCATCTCTGCAGTA-1_contig_4,False,608,TRA,TRAV14-1,None,TRAJ23,TRAC,True,True,CAASDYNQGKLIF,TGTGCAGCAAGTGATTATAACCAGGGGAAGCTTATCTTT,8398,6,None,None
GGGCATCTCTGCAGTA-1,False,GGGCATCTCTGCAGTA-1_contig_5,True,444,TRB,TRBV13-1,None,TRBJ2-4,None,True,False,CASSEGTNTLYF,TGTGCCAGCAGTGAAGGAACAAACACCTTGTACTTT,7430,4,None,None
GGGCATCTCTGCAGTA-1,False,GGGCATCTCTGCAGTA-1_contig_6,True,542,TRB,TRBV10,None,TRBJ1-4,TRBC1,True,False,None,None,1878,2,None,None
GGGTCTGAGGCTACGA-1,False,GGGTCTGAGGCTACGA-1_contig_1,False,558,TRA,TRAV19,None,TRAJ39,TRAC,True,True,CAAGGNNAGAKLTF,TGCGCAGCAGGTGGGAATAATGCAGGTGCCAAGCTCACATTC,1810,1,None,None
GGGTCTGAGGGATGGG-1,False,GGGTCTGAGGGATGGG-1_contig_1,False,540,Multi,TRDV1,None,TRAJ43,TRAC,True,False,CGGLNNAPRF,TGTGGAGGCCTCAACAATGCCCCACGATTT,1296,1,None,None
GGGTCTGAGTAACCCT-1,False,GGGTCTGAGTAACCCT-1_contig_1,False,558,TRB,TRBV12-2+TRBV13-2,None,TRBJ2-7,None,True,True,CASGVQGEQYF,TGTGCCAGCGGTGTTCAGGGAGAACAGTACTTC,1582,2,None,None
GGGTCTGAGTAACCCT-1,False,GGGTCTGAGTAACCCT-1_contig_2,True,453,TRA,TRAV21-DV12,None,TRAJ42,TRAC,True,False,CILRVHGGSNAKLTF,TGTATCCTGAGAGTCCATGGAGGAAGCAATGCAAAGCTAACCTTC,1624,2,None,None
GGGTCTGCAATGACCT-1,False,GGGTCTGCAATGACCT-1_contig_1,False,586,TRB,TRBV13-1,None,TRBJ2-3,None,True,False,CASGDSAETLYF,TGTGCCAGCGGGGACAGTGCAGAAACGCTGTATTTT,984,1,None,None
GGGTCTGCAATGGATA-1,False,GGGTCTGCAATGGATA-1_contig_1,False,617,TRB,TRBV12-2+TRBV13-2,None,TRBJ2-7,None,True,True,CASGVQGWEQYF,TGTGCCAGCGGTGTACAGGGGTGGGAACAGTACTTC,1062,1,None,None
GGGTCTGCACTGCCAG-1,False,GGGTCTGCACTGCCAG-1_contig_1,False,507,TRA,TRAV21-DV12,None,TRAJ42,TRAC,True,True,CILRVHGGSNAKLTF,TGTATCCTGAGAGTCCATGGAGGAAGCAATGCAAAGCTAACCTTC,3906,3,None,None
GGGTCTGCACTGCCAG-1,False,GGGTCTGCACTGCCAG-1_contig_2,False,512,TRB,TRBV13-1,None,TRBJ2-4,None,True,True,CASSEGTNTLYF,TGTGCCAGCAGTGAAGGAACAAACACCTTGTACTTT,4642,5,None,None
GGGTCTGCAGTCTTCC-1,False,GGGTCTGCAGTCTTCC-1_contig_1,True,517,TRA,TRAV8-1,None,TRAJ30,TRAC,True,True,CATDTNAYKVIF,TGTGCTACTGACACAAATGCTTACAAAGTCATCTTT,2372,1,None,None
GGGTCTGCAGTCTTCC-1,False,GGGTCTGCAGTCTTCC-1_contig_2,True,348,TRB,None,None,TRBJ2-1,None,False,False,None,None,6326,2,None,None
GGGTCTGCATGGGACA-1,False,GGGTCTGCATGGGACA-1_contig_1,False,573,TRB,TRBV12-2+TRBV13-2,None,TRBJ1-2,TRBC1,True,True,CASGGGTGNSDYTF,TGTGCCAGCGGTGGGGGGACAGGGAACTCCGACTACACCTTC,1288,1,None,None
GGGTCTGGTAGCAAAT-1,False,GGGTCTGGTAGCAAAT-1_contig_1,False,525,TRB,TRBV17,None,TRBJ2-5,None,True,True,CASSRKGVQDTQYF,TGTGCTAGCAGTAGAAAGGGGGTCCAAGACACCCAGTACTTT,448,1,None,None
GGGTCTGGTCAGAATA-1,False,GGGTCTGGTCAGAATA-1_contig_1,False,505,TRB,TRBV13-1,None,TRBJ2-3,None,True,True,CASGDSAETLYF,TGTGCCAGCGGGGACAGTGCAGAAACGCTGTATTTT,1016,1,None,None
GGGTCTGGTCAGAGGT-1,False,GGGTCTGGTCAGAGGT-1_contig_1,False,548,TRB,TRBV12-2+TRBV13-2,None,TRBJ1-2,TRBC1,True,True,CASGGGTGNSDYTF,TGTGCCAGCGGTGGGGGGACAGGGAACTCCGACTACACCTTC,1172,1,None,None
GGGTCTGGTTTAGGAA-1,False,GGGTCTGGTTTAGGAA-1_contig_1,False,549,TRB,TRBV16,None,TRBJ2-5,None,True,True,CASSFGGGQDTQYF,TGTGCAAGCAGCTTCGGGGGCGGCCAAGACACCCAGTACTTT,904,1,None,None
GGGTCTGGTTTAGGAA-1,False,GGGTCTGGTTTAGGAA-1_contig_2,False,585,TRB,TRBV12-2+TRBV13-2,None,TRBJ2-7,None,True,True,CASGTGGDYEQYF,TGTGCCAGCGGGACTGGGGGGGACTATGAACAGTACTTC,1364,1,None,None
GGGTCTGTCGGGAGTA-1,False,GGGTCTGTCGGGAGTA-1_contig_1,True,562,TRB,TRBV12-2+TRBV13-2,None,TRBJ2-1,None,True,True,CATEAAYAEQFF,TGTGCCACTGAGGCAGCCTATGCTGAGCAGTTCTTC,760,2,None,None
GGGTCTGTCGGGAGTA-1,False,GGGTCTGTCGGGAGTA-1_contig_2,True,522,TRB,TRBV15,None,TRBJ2-7,None,True,False,CVPAVARDRGLEQYF,TGTGTGCCAGCAGTCGCCCGGGACAGGGGGCTTGAACAGTACTTC,1160,2,None,None
GGGTCTGTCTCTGCTG-1,False,GGGTCTGTCTCTGCTG-1_contig_1,False,605,TRB,TRBV12-2,None,TRBJ1-4,TRBC1,True,False,CQLSPRVISNERLFF,TGCCAGCTCTCTCCCCGGGTAATTTCCAACGAAAGATTATTTTTC,762,1,None,None
GGGTCTGTCTTCTGGC-1,False,GGGTCTGTCTTCTGGC-1_contig_1,False,562,TRA,TRAV4D-3,None,TRAJ27,TRAC,True,True,CAADGPNTGKLTF,TGTGCTGCGGACGGACCCAATACAGGCAAATTAACCTTT,1426,1,None,None
GGGTCTGTCTTGAGAC-1,False,GGGTCTGTCTTGAGAC-1_contig_1,False,505,TRB,TRBV13-1,None,TRBJ2-3,None,True,True,CASGDSAETLYF,TGTGCCAGCGGGGACAGTGCAGAAACGCTGTATTTT,2316,2,None,None
GGGTCTGTCTTGAGGT-1,False,GGGTCTGTCTTGAGGT-1_contig_1,False,505,TRB,TRBV13-1,None,TRBJ2-1,None,True,True,CASGGAYAEQFF,TGTGCCAGCGGGGGGGCGTATGCTGAGCAGTTCTTC,1666,1,None,None
GGGTTGCAGACATAAC-1,False,GGGTTGCAGACATAAC-1_contig_1,False,545,TRB,TRBV12-2+TRBV13-2,None,TRBJ1-2,TRBC1,True,True,CASGGGTGNSDYTF,TGTGCCAGCGGTGGGGGGACAGGGAACTCCGACTACACCTTC,1252,1,None,None
GGGTTGCAGCCAGGAT-1,False,GGGTTGCAGCCAGGAT-1_contig_1,False,518,TRB,TRBV13-2,None,TRBJ1-2,TRBC1,True,True,CASGGGTGNSDYTF,TGTGCCAGCGGTGGGGGGACAGGGAACTCCGACTACACCTTC,1048,1,None,None
GGGTTGCAGCCGCCTA-1,False,GGGTTGCAGCCGCCTA-1_contig_1,False,590,TRA,TRAV4D-3,None,TRAJ27,TRAC,True,True,CAADGPNTGKLTF,TGTGCTGCTGACGGGCCCAATACAGGCAAATTAACCTTT,1470,1,None,None
GGGTTGCAGCCTCGTG-1,False,GGGTTGCAGCCTCGTG-1_contig_1,False,667,TRB,None,None,TRBJ2-7,None,False,False,None,None,972,1,None,None
GGGTTGCAGCGCCTCA-1,False,GGGTTGCAGCGCCTCA-1_contig_1,False,529,TRA,TRAV8D-1,None,TRAJ48,TRAC,True,True,CATDPNYGNEKITF,TGTGCTACTGATCCCAACTATGGAAATGAGAAAATAACTTTT,2062,1,None,None
GGGTTGCAGCTAGGCA-1,False,GGGTTGCAGCTAGGCA-1_contig_1,False,533,TRA,TRAV4D-3,None,TRAJ27,TRAC,True,True,CAADGPNTGKLTF,TGTGCTGCGGACGGACCCAATACAGGCAAATTAACCTTT,1948,1,None,None
GGGTTGCAGTGGTAAT-1,False,GGGTTGCAGTGGTAAT-1_contig_1,False,526,TRB,TRBV13-1,None,TRBJ2-4,None,True,False,CASSEGTNTLYF,TGTGCCAGCAGTGAAGGAACAAACACCTTGTACTTT,318,1,None,None
GGGTTGCAGTTGCAGG-1,False,GGGTTGCAGTTGCAGG-1_contig_1,False,511,TRA,TRAV6N-6,None,TRAJ2,TRAC,True,True,CALYTGGLSGKLTF,TGCGCTCTGTATACTGGAGGACTAAGTGGTAAATTAACATTC,1304,1,None,None
GGGTTGCCAAAGCGGT-1,False,GGGTTGCCAAAGCGGT-1_contig_1,False,549,TRB,TRBV16,None,TRBJ2-5,None,True,True,CASSLGGGQDTQYF,TGTGCAAGCAGCTTAGGGGGGGGCCAAGACACCCAGTACTTT,1634,1,None,None
GGGTTGCCAGTAAGAT-1,False,GGGTTGCCAGTAAGAT-1_contig_1,False,562,TRB,TRBV12-2+TRBV13-2,None,TRBJ2-7,None,True,True,CASGTGGDYEQYF,TGTGCCAGCGGGACTGGGGGGGACTATGAACAGTACTTC,1250,1,None,None
GGGTTGCCATTCTTAC-1,False,GGGTTGCCATTCTTAC-1_contig_1,False,606,TRB,TRBV12-2+TRBV13-2,None,TRBJ1-4,TRBC1,True,True,CASGTGGDERLFF,TGTGCCAGCGGGACAGGGGGCGACGAAAGATTATTTTTC,556,1,None,None
GGGTTGCGTCGCATAT-1,False,GGGTTGCGTCGCATAT-1_contig_1,False,505,TRB,TRBV13-1,None,TRBJ2-3,None,True,True,CASGDSAETLYF,TGTGCCAGCGGGGACAGTGCAGAAACGCTGTATTTT,1168,1,None,None
GGGTTGCGTTTGTTGG-1,False,GGGTTGCGTTTGTTGG-1_contig_1,False,536,TRA,TRAV19,None,TRAJ39,TRAC,True,True,CAAGGNNAGAKLTF,TGCGCAGCAGGTGGGAATAATGCAGGTGCCAAGCTCACATTC,5668,3,None,None
GGGTTGCGTTTGTTGG-1,False,GGGTTGCGTTTGTTGG-1_contig_2,False,563,TRB,TRBV12-2+TRBV13-2,None,TRBJ1-2,TRBC1,True,True,CASGGGTGNSDYTF,TGTGCCAGCGGTGGGGGGACAGGGAACTCCGACTACACCTTC,1264,1,None,None
GGGTTGCGTTTGTTGG-1,False,GGGTTGCGTTTGTTGG-1_contig_3,True,333,TRB,None,None,TRBJ2-1,None,False,False,None,None,1848,1,None,None
GGGTTGCGTTTGTTGG-1,False,GGGTTGCGTTTGTTGG-1_contig_4,True,402,TRA,TRAV7-5,None,TRAJ45,None,True,False,CSDTEGADRLTF,TGCAGTGATACAGAAGGTGCAGATAGACTCACCTTT,1876,1,None,None
GGGTTGCTCAGGCGAA-1,False,GGGTTGCTCAGGCGAA-1_contig_1,False,535,TRA,TRAV19,None,TRAJ39,TRAC,True,True,CAAGGNNAGAKLTF,TGCGCAGCAGGTGGGAATAATGCAGGTGCCAAGCTCACATTC,1208,1,None,None
GGGTTGCTCAGGCGAA-1,False,GGGTTGCTCAGGCGAA-1_contig_2,False,505,TRB,TRBV13-1,None,TRBJ2-5,None,True,True,CASSDGDDTQYF,TGTGCCAGCAGTGACGGGGACGACACCCAGTACTTT,1552,1,None,None
GGGTTGCTCAGGCGAA-1,False,GGGTTGCTCAGGCGAA-1_contig_3,True,349,TRB,None,None,TRBJ2-1,None,False,False,None,None,2882,2,None,None
GGGTTGCTCAGGCGAA-1,False,GGGTTGCTCAGGCGAA-1_contig_4,True,313,TRA,TRAV7-5,None,TRAJ45,TRAC,True,False,CSDTEGADRLTF,TGCAGTGATACAGAAGGTGCAGATAGACTCACCTTT,756,1,None,None
GGGTTGCTCCGTACAA-1,False,GGGTTGCTCCGTACAA-1_contig_1,False,556,TRA,TRAV19,None,TRAJ39,TRAC,True,True,CAAGGNNAGAKLTF,TGCGCAGCAGGTGGGAATAATGCAGGTGCCAAGCTCACATTC,1164,1,None,None
GGGTTGCTCTTAGCCC-1,False,GGGTTGCTCTTAGCCC-1_contig_1,False,538,TRA,TRAV14N-3,None,TRAJ6,TRAC,True,True,CAARSSGGNYKPTF,TGTGCAGCAAGGTCCTCAGGAGGAAACTACAAACCTACGTTT,3054,1,None,None
GGTATTGAGAAAGTGG-1,False,GGTATTGAGAAAGTGG-1_contig_1,False,507,TRB,TRBV31,None,TRBJ2-4,None,True,True,CAWDNQNTLYF,TGTGCCTGGGACAATCAAAACACCTTGTACTTT,1462,1,None,None
GGTATTGAGCTAGTTC-1,False,GGTATTGAGCTAGTTC-1_contig_1,False,556,TRA,TRAV19,None,TRAJ39,TRAC,True,True,CAAGGNNAGAKLTF,TGCGCAGCAGGTGGGAATAATGCAGGTGCCAAGCTCACATTC,4672,3,None,None
GGTATTGAGCTAGTTC-1,False,GGTATTGAGCTAGTTC-1_contig_2,False,575,TRB,TRBV12-2+TRBV13-2,None,TRBJ1-2,TRBC1,True,True,CASGGGTGNSDYTF,TGTGCCAGCGGTGGGGGGACAGGGAACTCCGACTACACCTTC,1396,1,None,None
GGTATTGAGCTAGTTC-1,False,GGTATTGAGCTAGTTC-1_contig_3,True,305,TRB,None,None,TRBJ2-7,None,False,False,None,None,1610,1,None,None
GGTATTGAGCTCTCGG-1,False,GGTATTGAGCTCTCGG-1_contig_1,False,555,TRB,TRBV12-2+TRBV13-2,None,TRBJ1-3,TRBC1,True,True,CASGDGGTLYF,TGTGCCAGCGGTGATGGGGGGACGCTCTATTTT,1014,1,None,None
GGTATTGAGCTCTCGG-1,False,GGTATTGAGCTCTCGG-1_contig_2,False,375,TRB,None,None,TRBJ1-6,TRBC1,False,False,None,None,1588,1,None,None
GGTATTGAGGAATTAC-1,False,GGTATTGAGGAATTAC-1_contig_1,False,495,TRA,TRAV19,None,TRAJ39,TRAC,True,False,CAAGGNNAGAKLTF,TGCGCAGCAGGTGGGAATAATGCAGGTGCCAAGCTCACATTC,2604,1,None,None
GGTATTGAGTACCGGA-1,False,GGTATTGAGTACCGGA-1_contig_1,False,522,TRB,TRBV5,None,TRBJ2-5,None,True,True,CASSQDGVNQDTQYF,TGTGCCAGCAGCCAAGATGGGGTTAACCAAGACACCCAGTACTTT,2642,1,None,None
GGTATTGAGTCATCCA-1,False,GGTATTGAGTCATCCA-1_contig_1,False,564,TRB,TRBV12-2+TRBV13-2,None,TRBJ2-7,None,True,True,CASGTGGDYEQYF,TGTGCCAGCGGGACTGGGGGGGACTATGAACAGTACTTC,974,1,None,None
GGTATTGAGTCTCAAC-1,False,GGTATTGAGTCTCAAC-1_contig_1,False,582,TRB,TRBV12-2+TRBV13-2,None,TRBJ1-2,TRBC1,True,True,CASGGGTGNSDYTF,TGTGCCAGCGGTGGGGGGACAGGGAACTCCGACTACACCTTC,1624,1,None,None
GGTATTGAGTCTCAAC-1,False,GGTATTGAGTCTCAAC-1_contig_2,False,592,TRB,TRBV12-2+TRBV13-2,None,TRBJ1-5,TRBC1,True,True,CASGTGDNQAPLF,TGTGCCAGCGGTACAGGGGACAACCAGGCTCCGCTTTTT,1136,1,None,None
GGTATTGCACAACGTT-1,False,GGTATTGCACAACGTT-1_contig_1,False,354,TRB,TRBV13-2,None,TRBJ1-5,TRBC1,True,False,CASGTGDNQAPLF,TGTGCCAGCGGAACAGGGGACAACCAGGCTCCGCTTTTT,598,1,None,None
GGTATTGCACCGCTAG-1,False,GGTATTGCACCGCTAG-1_contig_1,False,354,TRB,None,None,TRBJ2-7,None,False,False,None,None,1420,1,None,None
GGTATTGGTACGAAAT-1,False,GGTATTGGTACGAAAT-1_contig_1,False,557,TRB,TRBV12-2+TRBV13-2,None,TRBJ2-5,None,True,True,CASGAPDTQYF,TGTGCCAGCGGTGCCCCGGACACCCAGTACTTT,1272,1,None,None
GGTATTGGTACGCTGC-1,False,GGTATTGGTACGCTGC-1_contig_1,False,505,TRB,TRBV13-1,None,TRBJ2-3,None,True,True,CASGDSAETLYF,TGTGCCAGCGGGGACAGTGCAGAAACGCTGTATTTT,1422,1,None,None
GGTATTGGTGAGTGAC-1,False,GGTATTGGTGAGTGAC-1_contig_1,False,548,TRB,TRBV12-2+TRBV13-2,None,TRBJ1-2,TRBC1,True,True,CASGGGTGNSDYTF,TGTGCCAGCGGTGGGGGGACAGGGAACTCCGACTACACCTTC,1126,1,None,None
GGTATTGGTTAAGGGC-1,False,GGTATTGGTTAAGGGC-1_contig_1,False,456,TRA,TRAV19,None,TRAJ39,TRAC,True,False,CAAGGNNAGAKLTF,TGCGCAGCAGGTGGGAATAATGCAGGTGCCAAGCTCACATTC,78,1,None,None
GGTATTGTCACATAGC-1,False,GGTATTGTCACATAGC-1_contig_1,False,505,TRB,TRBV13-1,None,TRBJ2-3,None,True,True,CASGDSAETLYF,TGTGCCAGCGGGGACAGTGCAGAAACGCTGTATTTT,804,1,None,None
GGTATTGTCCACGACG-1,False,GGTATTGTCCACGACG-1_contig_1,False,599,TRA,TRAV3-4,None,TRAJ49,TRAC,True,True,CAVRGGYQNFYF,TGCGCAGTCAGGGGGGGTTACCAGAACTTCTATTTT,3524,2,None,None
GGTATTGTCCACGCAG-1,False,GGTATTGTCCACGCAG-1_contig_1,False,495,TRA,TRAV13N-3,None,TRAJ23,TRAC,True,False,None,None,788,1,None,None
GGTGAAGAGCCGATTT-1,False,GGTGAAGAGCCGATTT-1_contig_1,False,534,TRB,TRBV13-2,None,TRBJ2-1,None,True,True,CASEAAYAEQFF,TGTGCCAGCGAAGCAGCCTATGCTGAGCAGTTCTTC,554,1,None,None
GGTGAAGAGCCGATTT-1,False,GGTGAAGAGCCGATTT-1_contig_2,False,625,TRB,None,None,TRBJ2-7,None,False,False,None,None,1186,1,None,None
GGTGAAGAGCTGATAA-1,False,GGTGAAGAGCTGATAA-1_contig_1,False,522,TRB,TRBV13-2,None,TRBJ2-1,None,True,True,CASGTGDYAEQFF,TGTGCCAGCGGTACAGGGGACTATGCTGAGCAGTTCTTC,1838,1,None,None
GGTGAAGAGGATGGAA-1,False,GGTGAAGAGGATGGAA-1_contig_1,False,344,TRB,None,None,TRBJ2-7,None,False,False,None,None,2878,1,None,None
GGTGAAGAGGTGCTAG-1,False,GGTGAAGAGGTGCTAG-1_contig_1,False,578,TRB,TRBV12-2+TRBV13-2,None,TRBJ1-4,None,True,True,CASGTGGDERLFF,TGTGCCAGCGGGACAGGGGGCGACGAAAGATTATTTTTC,692,1,None,None
GGTGAAGAGTTGTCGT-1,False,GGTGAAGAGTTGTCGT-1_contig_1,False,549,TRB,TRBV16,None,TRBJ2-5,None,True,True,CASSLGGGPDTQYF,TGTGCAAGCAGCTTAGGAGGGGGGCCAGACACCCAGTACTTT,5736,4,None,None
GGTGAAGAGTTGTCGT-1,False,GGTGAAGAGTTGTCGT-1_contig_2,False,518,TRA,TRAV6-6,None,TRAJ24,TRAC,True,True,CAPLTTASLGKLQF,TGTGCTCCGTTGACAACTGCCAGTTTGGGGAAACTGCAGTTT,10438,5,None,None
GGTGAAGAGTTGTCGT-1,False,GGTGAAGAGTTGTCGT-1_contig_3,False,505,TRB,TRBV13-1,None,TRBJ2-4,None,True,True,CASSEGTNTLYF,TGTGCCAGCAGTGAAGGAACAAACACCTTGTACTTT,22084,15,None,None
GGTGAAGAGTTGTCGT-1,False,GGTGAAGAGTTGTCGT-1_contig_4,False,532,TRA,TRAV4-3,None,TRAJ27,TRAC,True,True,CAAYNTNTGKLTF,TGTGCTGCCTATAACACCAATACAGGCAAATTAACCTTT,5018,3,None,None
GGTGAAGAGTTGTCGT-1,False,GGTGAAGAGTTGTCGT-1_contig_5,True,323,TRA,TRAV9D-2,None,TRAJ26,None,True,False,CVLSRGNNYAQGLTF,TGTGTTCTGAGCAGGGGCAATAACTATGCCCAGGGATTAACCTTC,1502,1,None,None
GGTGAAGCACGAGGTA-1,False,GGTGAAGCACGAGGTA-1_contig_1,False,600,TRB,TRBV12-2+TRBV13-2,None,TRBJ1-2,TRBC1,True,True,CASGGGTGNSDYTF,TGTGCCAGCGGTGGGGGGACAGGGAACTCCGACTACACCTTC,1808,1,None,None
GGTGAAGCATCGACGC-1,False,GGTGAAGCATCGACGC-1_contig_1,False,566,TRB,TRBV12-2+TRBV13-2,None,TRBJ1-2,TRBC1,True,True,CASGGGTGNSDYTF,TGTGCCAGCGGTGGGGGGACAGGGAACTCCGACTACACCTTC,1234,1,None,None
GGTGAAGCATGGGACA-1,False,GGTGAAGCATGGGACA-1_contig_1,False,512,TRB,TRBV13-1,None,TRBJ2-3,None,True,True,CASGDSAETLYF,TGTGCCAGCGGGGACAGTGCAGAAACGCTGTATTTT,1076,1,None,None
GGTGAAGCATTGGGCC-1,False,GGTGAAGCATTGGGCC-1_contig_1,False,505,TRB,TRBV13-1,None,TRBJ2-1,None,True,True,CASSDNYAEQFF,TGTGCCAGCAGTGACAACTATGCTGAGCAGTTCTTC,2580,2,None,None
GGTGAAGGTAACGCGA-1,False,GGTGAAGGTAACGCGA-1_contig_1,False,564,TRB,TRBV12-2+TRBV13-2,None,TRBJ1-2,TRBC1,True,True,CASGGGTGNSDYTF,TGTGCCAGCGGTGGGGGGACAGGGAACTCCGACTACACCTTC,762,1,None,None
GGTGAAGGTACCGTAT-1,False,GGTGAAGGTACCGTAT-1_contig_1,False,555,TRA,TRAV3-3,None,TRAJ49,TRAC,True,True,CAVSGSTGYQNFYF,TGCGCAGTCAGTGGGAGCACGGGTTACCAGAACTTCTATTTT,1588,1,None,None
GGTGAAGGTACGAAAT-1,False,GGTGAAGGTACGAAAT-1_contig_1,False,688,TRB,TRBV12-2,None,TRBJ1-2,TRBC1,True,False,CASGGQANSDYTF,TGTGCCAGCGGTGGACAGGCAAACTCCGACTACACCTTC,1224,1,None,None
GGTGAAGGTCCCTTGT-1,False,GGTGAAGGTCCCTTGT-1_contig_1,False,601,TRB,TRBV13-1,None,TRBJ2-3,None,True,False,CASGDSAETLYF,TGTGCCAGCGGGGACAGTGCAGAAACGCTGTATTTT,1802,1,None,None
GGTGAAGGTCGACTGC-1,False,GGTGAAGGTCGACTGC-1_contig_1,False,516,TRA,TRAV19,None,TRAJ39,TRAC,True,True,CAAGGNNAGAKLTF,TGCGCAGCAGGTGGGAATAATGCAGGTGCCAAGCTCACATTC,726,1,None,None
GGTGAAGGTCGCATAT-1,False,GGTGAAGGTCGCATAT-1_contig_1,False,583,TRB,TRBV12-2+TRBV13-2,None,TRBJ1-5,TRBC1,True,True,CASGTGDNQAPLF,TGTGCCAGCGGTACAGGGGATAACCAGGCTCCGCTTTTT,558,1,None,None
GGTGAAGGTCTAAAGA-1,False,GGTGAAGGTCTAAAGA-1_contig_1,False,668,TRA,TRAV9-4,None,TRAJ58,TRAC,True,True,CAVSAQGTGSKLSF,TGTGCTGTGAGCGCGCAAGGCACTGGGTCTAAGCTGTCATTT,3372,2,None,None
GGTGAAGGTCTAGCCG-1,False,GGTGAAGGTCTAGCCG-1_contig_1,False,522,TRB,TRBV5,None,TRBJ2-7,None,True,True,CASSQDWGGAVEQYF,TGTGCCAGCAGCCAAGACTGGGGGGGCGCAGTTGAACAGTACTTC,1310,1,None,None
GGTGAAGGTCTAGCCG-1,False,GGTGAAGGTCTAGCCG-1_contig_2,False,584,TRB,TRBV12-2+TRBV13-2,None,TRBJ1-2,TRBC1,True,True,CASGGGTGNSDYTF,TGTGCCAGCGGTGGGGGGACAGGGAACTCCGACTACACCTTC,1644,1,None,None
GGTGAAGGTTATCGGT-1,False,GGTGAAGGTTATCGGT-1_contig_1,False,381,TRA,TRAV7-5,None,TRAJ45,TRAC,True,False,CSDTEGADRLTF,TGCAGTGATACAGAAGGTGCAGATAGACTCACCTTT,294,1,None,None
GGTGAAGGTTATGCGT-1,False,GGTGAAGGTTATGCGT-1_contig_1,False,567,TRB,TRBV12-2+TRBV13-2,None,TRBJ1-2,TRBC1,True,True,CASGGGTGNSDYTF,TGTGCCAGCGGTGGGGGGACAGGGAACTCCGACTACACCTTC,754,1,None,None
GGTGAAGGTTCCCTTG-1,False,GGTGAAGGTTCCCTTG-1_contig_1,False,549,TRB,TRBV16,None,TRBJ2-5,None,True,True,CASSLGGGQDTQYF,TGTGCAAGCAGCTTAGGGGGGGGGCAAGACACCCAGTACTTT,1702,2,None,None
GGTGAAGGTTCGTCTC-1,False,GGTGAAGGTTCGTCTC-1_contig_1,False,565,TRB,TRBV12-2+TRBV13-2,None,TRBJ2-7,None,True,True,CASGAGGAVEQYF,TGTGCCAGCGGTGCTGGGGGGGCGGTTGAACAGTACTTC,358,1,None,None
GGTGAAGGTTGGGACA-1,False,GGTGAAGGTTGGGACA-1_contig_1,False,515,TRB,TRBV13-1,None,TRBJ2-1,None,True,True,CASSGGDYAEQFF,TGTGCCAGCAGTGGGGGGGACTATGCTGAGCAGTTCTTC,1670,1,None,None
GGTGAAGTCAAACCGT-1,False,GGTGAAGTCAAACCGT-1_contig_1,False,651,TRA,TRAV14N-3,None,TRAJ6,TRAC,True,True,CAARSSGGNYKPTF,TGTGCAGCAAGGTCCTCAGGAGGAAACTACAAACCTACGTTT,2036,1,None,None
GGTGAAGTCAGGCGAA-1,False,GGTGAAGTCAGGCGAA-1_contig_1,False,562,TRB,TRBV12-2+TRBV13-2,None,TRBJ2-7,None,True,True,CASGTGGDYEQYF,TGTGCCAGCGGGACTGGGGGGGACTATGAACAGTACTTC,1380,1,None,None
GGTGAAGTCCTAGGGC-1,False,GGTGAAGTCCTAGGGC-1_contig_1,False,541,TRB,TRBV12-2+TRBV13-2,None,TRBJ1-5,TRBC1,True,True,CASGTGDNQAPLF,TGTGCCAGCGGGACAGGGGACAACCAGGCTCCGCTTTTT,1818,1,None,None
GGTGAAGTCCTGCTTG-1,False,GGTGAAGTCCTGCTTG-1_contig_1,False,572,TRB,TRBV12-2+TRBV13-2,None,TRBJ1-5,TRBC1,True,True,CASGTGDNQAPLF,TGTGCCAGCGGAACAGGGGACAACCAGGCTCCGCTTTTT,1668,1,None,None
GGTGAAGTCGAACTGT-1,False,GGTGAAGTCGAACTGT-1_contig_1,False,608,TRB,TRBV13-1,None,TRBJ2-3,None,True,False,CASGDSAETLYF,TGTGCCAGCGGGGACAGTGCAGAAACGCTGTATTTT,1588,1,None,None
GGTGAAGTCTCTAGGA-1,False,GGTGAAGTCTCTAGGA-1_contig_1,False,510,TRA,TRAV16D-DV11,None,TRAJ26,TRAC,True,True,CAMREENNYAQGLTF,TGTGCTATGAGAGAGGAAAATAACTATGCCCAGGGATTAACCTTC,2056,1,None,None
GGTGCGTAGCTACCTA-1,False,GGTGCGTAGCTACCTA-1_contig_1,False,601,TRB,TRBV12-2+TRBV13-2,None,TRBJ1-3,TRBC1,True,False,CASGDGGTLYF,TGTGCCAGCGGTGATGGGGGGACGCTCTATTTT,1858,1,None,None
GGTGCGTAGTCTCGGC-1,False,GGTGCGTAGTCTCGGC-1_contig_1,False,640,TRB,TRBV12-2+TRBV13-2,None,TRBJ1-5,TRBC1,True,True,CASGTGDNQAPLF,TGTGCCAGCGGGACAGGAGACAACCAGGCTCCGCTTTTT,1834,1,None,None
GGTGCGTAGTCTCGGC-1,False,GGTGCGTAGTCTCGGC-1_contig_2,False,333,TRB,None,None,TRBJ2-1,None,False,False,None,None,164,1,None,None
GGTGCGTCACGGCGTT-1,False,GGTGCGTCACGGCGTT-1_contig_1,False,659,TRB,None,None,TRBJ2-7,None,False,False,None,None,1372,1,None,None
GGTGCGTCATGCAATC-1,False,GGTGCGTCATGCAATC-1_contig_1,False,679,TRA,TRAV8N-2,None,TRAJ43,TRAC,True,False,CATDANNNNAPRF,TGTGCTACTGATGCCAATAACAACAATGCCCCACGATTT,966,1,None,None
GGTGCGTGTCCGTGAC-1,False,GGTGCGTGTCCGTGAC-1_contig_1,False,565,TRB,TRBV12-2+TRBV13-2,None,TRBJ2-1,None,True,True,CASERGALAEQFF,TGTGCCAGCGAAAGGGGGGCGCTGGCTGAGCAGTTCTTC,484,1,None,None
GGTGCGTGTGCAACTT-1,False,GGTGCGTGTGCAACTT-1_contig_1,False,513,TRA,TRAV19,None,TRAJ39,TRAC,True,True,CAAGGNNAGAKLTF,TGCGCAGCAGGTGGGAATAATGCAGGTGCCAAGCTCACATTC,1874,1,None,None
GGTGCGTGTGCAGGTA-1,False,GGTGCGTGTGCAGGTA-1_contig_1,False,561,TRB,TRBV12-2+TRBV13-2,None,TRBJ1-2,TRBC1,True,True,CASGGGTGNSDYTF,TGTGCCAGCGGTGGGGGGACAGGGAACTCCGACTACACCTTC,574,1,None,None
GGTGCGTGTGCTTCTC-1,False,GGTGCGTGTGCTTCTC-1_contig_1,False,564,TRB,TRBV12-2+TRBV13-2,None,TRBJ1-2,TRBC1,True,True,CASGGGTGNSDYTF,TGTGCCAGCGGTGGGGGGACAGGGAACTCCGACTACACCTTC,1406,1,None,None
GGTGCGTGTTATGCGT-1,False,GGTGCGTGTTATGCGT-1_contig_1,False,540,TRA,TRAV16N,None,TRAJ45,TRAC,True,True,CAMRELTEGADRLTF,TGTGCTATGAGAGAGCTGACAGAAGGTGCAGATAGACTCACCTTT,3052,1,None,None
GGTGCGTGTTTAAGCC-1,False,GGTGCGTGTTTAAGCC-1_contig_1,False,505,TRB,TRBV13-1,None,TRBJ2-4,None,True,True,CASSEGTNTLYF,TGTGCCAGCAGTGAAGGAACAAACACCTTGTACTTT,374,1,None,None
GGTGCGTGTTTGTTTC-1,False,GGTGCGTGTTTGTTTC-1_contig_1,False,561,TRB,TRBV12-2+TRBV13-2,None,TRBJ2-7,None,True,True,CASGVQGGEQYF,TGTGCCAGCGGTGTGCAGGGGGGAGAACAGTACTTC,1476,1,None,None
GGTGCGTTCGCACTCT-1,False,GGTGCGTTCGCACTCT-1_contig_1,False,549,TRB,TRBV16,None,TRBJ2-5,None,True,True,CASSLGGGSDTQYF,TGTGCAAGCAGCTTAGGTGGGGGGAGTGACACCCAGTACTTT,2018,2,None,None
GGTGCGTTCGGCGGTT-1,False,GGTGCGTTCGGCGGTT-1_contig_1,False,560,TRB,TRBV12-2+TRBV13-2,None,TRBJ1-5,TRBC1,True,True,CASGGGNQAPLF,TGTGCCAGCGGTGGGGGGAACCAGGCTCCGCTTTTT,2182,2,None,None
GGTGCGTTCGGCTTGG-1,False,GGTGCGTTCGGCTTGG-1_contig_1,False,554,TRB,TRBV12-2+TRBV13-2,None,TRBJ2-7,None,True,True,CASGVQGEQYF,TGTGCCAGCGGTGTTCAGGGAGAACAGTACTTC,1250,1,None,None
GGTGCGTTCTAGCACA-1,False,GGTGCGTTCTAGCACA-1_contig_1,False,616,TRB,TRBV12-2+TRBV13-2,None,TRBJ1-2,TRBC1,True,True,CASGGGTGNSDYTF,TGTGCCAGCGGTGGGGGGACAGGGAACTCCGACTACACCTTC,390,1,None,None
GGTGCGTTCTAGCACA-1,False,GGTGCGTTCTAGCACA-1_contig_2,False,541,TRB,TRBV26,None,TRBJ2-1,None,True,True,CASSLHKFYAEQFF,TGTGCCAGCAGTCTGCACAAATTCTATGCTGAGCAGTTCTTC,484,1,None,None
GGTGTTAAGACGCAAC-1,False,GGTGTTAAGACGCAAC-1_contig_1,False,537,TRA,TRAV16D-DV11,None,TRAJ22,TRAC,True,True,CAMRASSGSWQLIF,TGTGCTATGAGGGCATCTTCTGGCAGCTGGCAACTCATCTTT,750,1,None,None
GGTGTTAAGACGCAAC-1,False,GGTGTTAAGACGCAAC-1_contig_2,False,591,TRA,TRAV12-3,None,TRAJ45,TRAC,True,True,CALSPYTEGADRLTF,TGTGCTCTGAGTCCCTATACAGAAGGTGCAGATAGACTCACCTTT,1244,1,None,None
GGTGTTAAGACGCAAC-1,False,GGTGTTAAGACGCAAC-1_contig_3,False,561,TRB,TRBV12-2+TRBV13-2,None,TRBJ2-7,None,True,True,CASGTGGDYEQYF,TGTGCCAGCGGGACTGGGGGGGACTATGAACAGTACTTC,1592,2,None,None
GGTGTTAAGACTCGGA-1,False,GGTGTTAAGACTCGGA-1_contig_1,False,549,TRB,TRBV16,None,TRBJ2-5,None,True,True,CASSLGGGQDTQYF,TGTGCAAGCAGCTTAGGGGGGGGCCAAGACACCCAGTACTTT,642,1,None,None
GGTGTTAAGAGCTGGT-1,False,GGTGTTAAGAGCTGGT-1_contig_1,False,561,TRB,TRBV12-2+TRBV13-2,None,TRBJ2-7,None,True,True,CASGVQGGEQYF,TGTGCCAGCGGTGTGCAGGGGGGAGAACAGTACTTC,1088,1,None,None
GGTGTTAAGGCGTACA-1,False,GGTGTTAAGGCGTACA-1_contig_1,False,352,TRB,None,None,TRBJ1-2,TRBC1,False,False,None,None,1476,1,None,None
GGTGTTAAGTTGAGAT-1,False,GGTGTTAAGTTGAGAT-1_contig_1,False,629,TRB,TRBV12-2+TRBV13-2,None,TRBJ1-3,TRBC1,True,True,CASAPGNTLYF,TGTGCCAGCGCCCCTGGAAATACGCTCTATTTT,1250,1,None,None
GGTGTTACAAGCCCAC-1,False,GGTGTTACAAGCCCAC-1_contig_1,False,505,TRB,TRBV13-1,None,TRBJ2-3,None,True,True,CASGDSAETLYF,TGTGCCAGCGGGGACAGTGCAGAAACGCTGTATTTT,2130,1,None,None
GGTGTTACACTTAAGC-1,False,GGTGTTACACTTAAGC-1_contig_1,False,558,TRA,TRAV19,None,TRAJ39,TRAC,True,True,CAAGGNNAGAKLTF,TGCGCAGCAGGTGGGAATAATGCAGGTGCCAAGCTCACATTC,556,1,None,None
GGTGTTACAGATGAGC-1,False,GGTGTTACAGATGAGC-1_contig_1,False,583,TRB,TRBV13-1,None,TRBJ2-3,None,True,False,CASEGQGAETLYF,TGTGCCAGCGAGGGACAGGGTGCAGAAACGCTGTATTTT,222,1,None,None
GGTGTTAGTACAGCAG-1,False,GGTGTTAGTACAGCAG-1_contig_1,False,551,TRB,TRBV12-2+TRBV13-2,None,TRBJ2-1,None,True,True,CASGGYAEQFF,TGTGCCAGCGGGGGCTATGCTGAGCAGTTCTTC,1078,1,None,None
GGTGTTAGTCAATACC-1,False,GGTGTTAGTCAATACC-1_contig_1,False,512,TRB,TRBV13-1,None,TRBJ2-4,None,True,True,CASSEGTNTLYF,TGTGCCAGCAGTGAAGGAACAAACACCTTGTACTTT,1988,1,None,None
GGTGTTAGTGCGAAAC-1,False,GGTGTTAGTGCGAAAC-1_contig_1,False,505,TRB,TRBV13-1,None,TRBJ2-4,None,True,True,CASSTGWNTLYF,TGTGCCAGCAGTACAGGGTGGAACACCTTGTACTTT,882,1,None,None
GGTGTTATCCAGTAGT-1,False,GGTGTTATCCAGTAGT-1_contig_1,False,514,TRA,TRAV12-3,None,TRAJ45,TRAC,True,True,CALSPYTEGADRLTF,TGTGCTCTGAGTCCCTATACAGAAGGTGCAGATAGACTCACCTTT,2616,1,None,None
GGTGTTATCCAGTAGT-1,False,GGTGTTATCCAGTAGT-1_contig_2,False,579,TRB,TRBV12-2+TRBV13-2,None,TRBJ1-2,TRBC1,True,True,CASGGGTGNSDYTF,TGTGCCAGCGGTGGGGGGACAGGGAACTCCGACTACACCTTC,1294,1,None,None
GGTGTTATCCAGTAGT-1,False,GGTGTTATCCAGTAGT-1_contig_3,False,549,TRA,TRAV8N-2,None,TRAJ13,TRAC,True,True,CATEDSGTYQRF,TGTGCTACTGAGGATTCTGGGACTTACCAGAGGTTT,408,1,None,None
GGTGTTATCTGAGGGA-1,False,GGTGTTATCTGAGGGA-1_contig_1,False,577,TRB,TRBV12-2+TRBV13-2,None,TRBJ1-2,TRBC1,True,False,None,None,1462,1,None,None
GGTGTTATCTGTACGA-1,False,GGTGTTATCTGTACGA-1_contig_1,False,564,TRB,TRBV12-2+TRBV13-2,None,TRBJ1-5,TRBC1,True,True,CASGTGDNQAPLF,TGTGCCAGCGGGACAGGGGACAACCAGGCTCCGCTTTTT,764,1,None,None
GTAACGTAGAATTGTG-1,False,GTAACGTAGAATTGTG-1_contig_1,False,512,TRB,TRBV13-1,None,TRBJ2-3,None,True,True,CASGDSAETLYF,TGTGCCAGCGGGGACAGTGCAGAAACGCTGTATTTT,1288,1,None,None
GTAACGTAGCCAGTTT-1,False,GTAACGTAGCCAGTTT-1_contig_1,False,582,TRB,TRBV12-2+TRBV13-2,None,TRBJ1-2,TRBC1,True,True,CASGGGTGNSDYTF,TGTGCCAGCGGTGGGGGGACAGGGAACTCCGACTACACCTTC,1130,1,None,None
GTAACGTAGCTTCGCG-1,False,GTAACGTAGCTTCGCG-1_contig_1,False,602,TRB,TRBV13-1,None,TRBJ2-1,None,True,False,CASGGGDYAEQFF,TGTGCCAGCGGGGGGGGAGACTATGCTGAGCAGTTCTTC,646,1,None,None
GTAACGTAGGCCATAG-1,False,GTAACGTAGGCCATAG-1_contig_1,False,569,TRB,TRBV12-2+TRBV13-2,None,TRBJ1-2,TRBC1,True,True,CASGGGTGNSDYTF,TGTGCCAGCGGTGGGGGGACAGGGAACTCCGACTACACCTTC,440,1,None,None
GTAACGTAGTACCGGA-1,False,GTAACGTAGTACCGGA-1_contig_1,False,535,TRB,TRBV16,None,TRBJ2-5,None,True,True,CASSWGGGQDTQYF,TGTGCAAGCAGCTGGGGGGGCGGGCAAGACACCCAGTACTTT,3692,2,None,None
GTAACGTAGTATCTCG-1,False,GTAACGTAGTATCTCG-1_contig_1,False,566,TRB,TRBV12-2+TRBV13-2,None,TRBJ1-2,TRBC1,True,True,CASGGGTGNSDYTF,TGTGCCAGCGGTGGGGGGACAGGGAACTCCGACTACACCTTC,1202,1,None,None
GTAACGTAGTTATCGC-1,False,GTAACGTAGTTATCGC-1_contig_1,False,559,TRB,TRBV12-2+TRBV13-2,None,TRBJ2-1,None,True,True,CASGGYAEQFF,TGTGCCAGCGGGGGCTATGCTGAGCAGTTCTTC,920,1,None,None
GTAACGTCAACTGCGC-1,False,GTAACGTCAACTGCGC-1_contig_1,False,549,TRB,TRBV16,None,TRBJ2-5,None,True,True,CASSLGGGQDTQYF,TGTGCAAGCAGCTTAGGGGGGGGCCAAGACACCCAGTACTTT,1082,1,None,None
GTAACGTCATCCGTGG-1,False,GTAACGTCATCCGTGG-1_contig_1,False,560,TRA,TRAV4D-3,None,TRAJ27,TRAC,True,True,CAADGPNTGKLTF,TGTGCTGCGGACGGACCCAATACAGGCAAATTAACCTTT,1620,1,None,None
GTAACGTGTAAACACA-1,False,GTAACGTGTAAACACA-1_contig_1,False,560,TRB,TRBV13-2,None,TRBJ2-7,None,True,True,CASGVQGGEQYF,TGTGCCAGCGGTGTGCAGGGGGGAGAACAGTACTTC,630,1,None,None
GTAACGTGTACCGCTG-1,False,GTAACGTGTACCGCTG-1_contig_1,False,481,TRB,TRBV13-1,None,TRBJ1-4,TRBC1,True,False,CASGTGANERLFF,TGTGCCAGCGGGACAGGGGCCAACGAAAGATTATTTTTC,2062,1,None,None
GTAACGTGTAGGCTGA-1,False,GTAACGTGTAGGCTGA-1_contig_1,False,666,TRA,TRAV9-4,None,TRAJ58,TRAC,True,True,CAVSAQGTGSKLSF,TGTGCTGTGAGCGCGCAAGGCACTGGGTCTAAGCTGTCATTT,408,1,None,None
GTAACGTGTCACCCAG-1,False,GTAACGTGTCACCCAG-1_contig_1,False,558,TRA,TRAV19,None,TRAJ39,TRAC,True,True,CAAGGNNAGAKLTF,TGCGCAGCAGGTGGGAATAATGCAGGTGCCAAGCTCACATTC,3866,4,None,None
GTAACGTGTCACCCAG-1,False,GTAACGTGTCACCCAG-1_contig_2,False,564,TRB,TRBV12-2+TRBV13-2,None,TRBJ1-2,TRBC1,True,True,CASGGGTGNSDYTF,TGTGCCAGCGGTGGGGGGACAGGGAACTCCGACTACACCTTC,3644,2,None,None
GTAACGTGTCCAGTTA-1,False,GTAACGTGTCCAGTTA-1_contig_1,False,536,TRA,TRAV19,None,TRAJ39,TRAC,True,True,CAAGGNNAGAKLTF,TGCGCAGCAGGTGGGAATAATGCAGGTGCCAAGCTCACATTC,1674,1,None,None
GTAACGTGTCGCGAAA-1,False,GTAACGTGTCGCGAAA-1_contig_1,False,549,TRB,TRBV16,None,TRBJ2-5,None,True,True,CASSLGGGQDTQYF,TGTGCAAGCAGCTTAGGGGGGGGCCAAGACACCCAGTACTTT,1280,2,None,None
GTAACGTGTCGCGAAA-1,False,GTAACGTGTCGCGAAA-1_contig_2,False,512,TRB,TRBV13-1,None,TRBJ2-3,None,True,True,CASGDSAETLYF,TGTGCCAGCGGGGACAGTGCAGAAACGCTGTATTTT,2018,1,None,None
GTAACGTGTGTTCTTT-1,False,GTAACGTGTGTTCTTT-1_contig_1,False,537,TRA,TRAV8-1,None,TRAJ6,TRAC,True,True,CATDSTSGGNYKPTF,TGTGCTACTGATTCAACCTCAGGAGGAAACTACAAACCTACGTTT,1456,1,None,None
GTAACGTTCATGTAGC-1,False,GTAACGTTCATGTAGC-1_contig_1,False,786,TRB,None,None,TRBJ2-7,None,False,False,None,None,1038,1,None,None
GTAACGTTCCGAACGC-1,False,GTAACGTTCCGAACGC-1_contig_1,False,515,TRB,TRBV13-1,None,TRBJ2-1,None,True,True,CASGGGDYAEQFF,TGTGCCAGCGGGGGGGGAGACTATGCTGAGCAGTTCTTC,2062,1,None,None
GTAACGTTCGCGTAGC-1,False,GTAACGTTCGCGTAGC-1_contig_1,False,596,TRB,TRBV12-2+TRBV13-2,None,TRBJ2-7,None,True,True,CASGVQGEQYF,TGTGCCAGCGGTGTTCAGGGAGAACAGTACTTC,434,1,None,None
GTAACGTTCGTAGGTT-1,False,GTAACGTTCGTAGGTT-1_contig_1,False,602,TRA,TRAV14N-3,None,TRAJ6,TRAC,True,True,CAAITSGGNYNPTF,TGTGCAGCAATAACCTCAGGAGGAAACTACAACCCTACGTTT,348,2,None,None
GTAACGTTCGTAGGTT-1,False,GTAACGTTCGTAGGTT-1_contig_2,False,558,TRB,TRBV12-2+TRBV13-2,None,TRBJ2-7,None,True,True,CASGALWEQYF,TGTGCCAGCGGGGCTCTATGGGAACAGTACTTC,1720,1,None,None
GTAACGTTCTCCAGGG-1,False,GTAACGTTCTCCAGGG-1_contig_1,False,556,TRA,TRAV4D-3,None,TRAJ27,TRAC,True,True,CAADGPNTGKLTF,TGTGCTGCGGACGGACCCAATACAGGCAAATTAACCTTT,1640,2,None,None
GTAACGTTCTCCGGTT-1,False,GTAACGTTCTCCGGTT-1_contig_1,False,512,TRB,TRBV13-1,None,TRBJ2-3,None,True,True,CASGDSAETLYF,TGTGCCAGCGGGGACAGTGCAGAAACGCTGTATTTT,1622,1,None,None
GTAACTGAGAAGAAGC-1,False,GTAACTGAGAAGAAGC-1_contig_1,False,538,TRB,TRBV17,None,TRBJ2-5,None,True,False,CASSRKGSQDTQYF,TGTGCTAGCAGTAGAAAGGGTTCTCAAGACACCCAGTACTTT,414,1,None,None
GTAACTGAGCGTAATA-1,False,GTAACTGAGCGTAATA-1_contig_1,False,505,TRB,TRBV13-1,None,TRBJ2-3,None,True,True,CASGDSAETLYF,TGTGCCAGCGGGGACAGTGCAGAAACGCTGTATTTT,892,1,None,None
GTAACTGAGCTCCTTC-1,False,GTAACTGAGCTCCTTC-1_contig_1,False,515,Multi,TRDV1,None,TRAJ43,TRAC,True,False,CGGLNNAPRF,TGTGGAGGCCTCAACAATGCCCCACGATTT,2082,1,None,None
GTAACTGAGGGTATCG-1,False,GTAACTGAGGGTATCG-1_contig_1,False,543,TRA,TRAV19,None,TRAJ39,TRAC,True,True,CAAGGNNAGAKLTF,TGCGCAGCAGGTGGGAATAATGCAGGTGCCAAGCTCACATTC,2014,1,None,None
GTAACTGAGTACGTAA-1,False,GTAACTGAGTACGTAA-1_contig_1,False,526,TRA,TRAV6-6,None,TRAJ39,TRAC,True,True,CALGDWNNAGAKLTF,TGTGCTCTGGGTGATTGGAATAATGCAGGTGCCAAGCTCACATTC,1808,1,None,None
GTAACTGAGTCAAGGC-1,False,GTAACTGAGTCAAGGC-1_contig_1,False,665,TRB,TRBV12-2+TRBV13-2,None,TRBJ1-2,TRBC1,True,True,CASGGGTGNSDYTF,TGTGCCAGCGGTGGGGGGACAGGGAACTCCGACTACACCTTC,1770,1,None,None
GTAACTGCAAGTCATC-1,False,GTAACTGCAAGTCATC-1_contig_1,False,518,TRB,TRBV13-2,None,TRBJ1-2,TRBC1,True,True,CASGGGTGNSDYTF,TGTGCCAGCGGTGGGGGGACAGGGAACTCCGACTACACCTTC,1212,1,None,None
GTAACTGCAGCAGTTT-1,False,GTAACTGCAGCAGTTT-1_contig_1,False,600,TRA,TRAV14D-2,None,TRAJ13,TRAC,True,True,CAATSANSGTYQSF,TGTGCAGCAACCTCTGCAAATTCTGGGACTTACCAGAGTTTT,2096,1,None,None
GTAACTGGTAGCTTGT-1,False,GTAACTGGTAGCTTGT-1_contig_1,False,501,TRB,TRBV13-1,None,TRBJ2-1,None,True,True,CASGGGDYAEQFF,TGTGCCAGCGGGGGGGGAGACTATGCTGAGCAGTTCTTC,1608,2,None,None
GTAACTGGTAGGGACT-1,False,GTAACTGGTAGGGACT-1_contig_1,False,563,TRB,TRBV12-2+TRBV13-2,None,TRBJ2-7,None,True,True,CASGTGGDYEQYF,TGTGCCAGCGGGACTGGGGGGGACTATGAACAGTACTTC,1434,1,None,None
GTAACTGGTCATATCG-1,False,GTAACTGGTCATATCG-1_contig_1,False,578,TRB,TRBV12-2+TRBV13-2,None,TRBJ2-7,None,True,True,CASGVQGEQYF,TGTGCCAGCGGTGTTCAGGGAGAACAGTACTTC,1648,1,None,None
GTAACTGGTCTTGTCC-1,False,GTAACTGGTCTTGTCC-1_contig_1,False,475,TRA,TRAV7N-6,None,TRAJ30,TRAC,True,False,CAVVDTNAYKVIF,TGTGCAGTGGTTGACACAAATGCTTACAAAGTCATCTTT,2360,1,None,None
GTAACTGGTTACGACT-1,False,GTAACTGGTTACGACT-1_contig_1,False,572,TRB,TRBV12-2+TRBV13-2,None,TRBJ1-2,TRBC1,True,True,CASGGGTGNSDYTF,TGTGCCAGCGGTGGGGGGACAGGGAACTCCGACTACACCTTC,812,2,None,None
GTAACTGGTTTGTTGG-1,False,GTAACTGGTTTGTTGG-1_contig_1,False,573,TRB,TRBV12-2+TRBV13-2,None,TRBJ2-7,None,True,True,CASGTGGDYEQYF,TGTGCCAGCGGGACTGGGGGGGACTATGAACAGTACTTC,854,1,None,None
GTAACTGTCCCTTGTG-1,False,GTAACTGTCCCTTGTG-1_contig_1,False,561,TRB,TRBV12-2+TRBV13-2,None,TRBJ2-7,None,True,True,CASGTGGDYEQYF,TGTGCCAGCGGGACTGGGGGGGACTATGAACAGTACTTC,208,2,None,None
GTAACTGTCCGAGCCA-1,False,GTAACTGTCCGAGCCA-1_contig_1,False,574,TRA,TRAV3D-3,None,TRAJ23,TRAC,True,True,CAVSDNYNQGKLIF,TGCGCAGTCAGTGACAATTATAACCAGGGGAAGCTTATCTTT,2108,1,None,None
GTAACTGTCCGAGCCA-1,False,GTAACTGTCCGAGCCA-1_contig_2,True,540,TRB,TRBV20,None,TRBJ1-6,TRBC1,True,True,CADRSYNSPLYF,TGTGCCGACAGGTCCTATAATTCGCCCCTCTACTTT,5868,3,None,None
GTACGTAAGCGATAGC-1,False,GTACGTAAGCGATAGC-1_contig_1,False,493,TRA,TRAV6D-3,None,TRAJ30,TRAC,True,True,CAMSDDTNAYKVIF,TGTGCTATGAGTGATGACACAAATGCTTACAAAGTCATCTTT,2296,1,None,None
GTACGTAAGTCCAGGA-1,False,GTACGTAAGTCCAGGA-1_contig_1,False,560,TRA,TRAV4D-3,None,TRAJ27,TRAC,True,True,CAADGPNTGKLTF,TGTGCTGCGGACGGACCCAATACAGGCAAATTAACCTTT,2286,1,None,None
GTACGTAAGTGTGAAT-1,False,GTACGTAAGTGTGAAT-1_contig_1,False,361,TRB,None,None,TRBJ1-2,TRBC1,False,False,None,None,480,1,None,None
GTACGTACAATGTTGC-1,False,GTACGTACAATGTTGC-1_contig_1,False,503,TRB,TRBV13-1,None,TRBJ2-3,None,True,True,CASGDSAETLYF,TGTGCCAGCGGGGACAGTGCAGAAACGCTGTATTTT,796,1,None,None
GTACGTACACAGGTTT-1,False,GTACGTACACAGGTTT-1_contig_1,False,555,TRB,TRBV12-2+TRBV13-2,None,TRBJ1-3,TRBC1,True,True,CASGDGGTLYF,TGTGCCAGCGGTGATGGGGGGACGCTCTATTTT,1430,1,None,None
GTACGTACAGCTGCAC-1,False,GTACGTACAGCTGCAC-1_contig_1,False,561,TRA,TRAV4D-3,None,TRAJ27,TRAC,True,True,CAADGPNTGKLTF,TGTGCTGCGGACGGACCCAATACAGGCAAATTAACCTTT,1350,1,None,None
GTACGTAGTCGGCACT-1,False,GTACGTAGTCGGCACT-1_contig_1,False,494,TRB,TRBV5,None,TRBJ2-2,None,True,True,CASSTGQLYF,TGTGCCAGCAGCACCGGGCAGCTCTACTTT,2874,1,None,None
GTACGTAGTCTAAACC-1,False,GTACGTAGTCTAAACC-1_contig_1,False,554,TRB,TRBV12-2+TRBV13-2,None,TRBJ2-7,None,True,True,CASGVQGEQYF,TGTGCCAGCGGTGTTCAGGGAGAACAGTACTTC,1132,1,None,None
GTACGTAGTCTCTCGT-1,False,GTACGTAGTCTCTCGT-1_contig_1,False,549,TRB,TRBV16,None,TRBJ2-5,None,True,True,CASSFGGGQDTQYF,TGTGCAAGCAGCTTTGGGGGGGGCCAAGACACCCAGTACTTT,592,1,None,None
GTACGTAGTGATGTGG-1,False,GTACGTAGTGATGTGG-1_contig_1,False,563,TRB,TRBV12-2+TRBV13-2,None,TRBJ1-5,TRBC1,True,True,CASGTGDNQAPLF,TGTGCCAGCGGTACAGGAGACAACCAGGCTCCGCTTTTT,1294,1,None,None
GTACGTAGTGGCCCTA-1,False,GTACGTAGTGGCCCTA-1_contig_1,False,528,TRB,TRBV13-2,None,TRBJ1-2,TRBC1,True,True,CASGGGTGNSDYTF,TGTGCCAGCGGTGGGGGGACAGGGAACTCCGACTACACCTTC,1536,1,None,None
GTACGTAGTGTGAAAT-1,False,GTACGTAGTGTGAAAT-1_contig_1,False,465,TRB,None,None,TRBJ1-2,TRBC1,False,False,None,None,2108,1,None,None
GTACGTAGTTAAGACA-1,False,GTACGTAGTTAAGACA-1_contig_1,False,515,TRA,TRAV6-6,None,TRAJ24,TRAC,True,True,CAPLTTASLGKLQF,TGTGCTCCGTTGACAACTGCCAGTTTGGGGAAACTGCAGTTT,1928,1,None,None
GTACGTAGTTGGACCC-1,False,GTACGTAGTTGGACCC-1_contig_1,True,394,TRA,TRAV14-1,None,TRAJ32,TRAC,True,False,CAASPLGSSGNKLIF,TGTGCAGCAAGTCCTCTTGGGAGCAGTGGCAACAAGCTCATCTTT,2632,4,None,None
GTACGTATCCCAGGTG-1,False,GTACGTATCCCAGGTG-1_contig_1,False,569,TRB,TRBV12-2+TRBV13-2,None,TRBJ1-2,TRBC1,True,True,CASGGGTGNSDYTF,TGTGCCAGCGGTGGGGGGACAGGGAACTCCGACTACACCTTC,1056,1,None,None
GTACGTATCCTCAACC-1,False,GTACGTATCCTCAACC-1_contig_1,False,537,TRA,TRAV3-3,None,TRAJ49,TRAC,True,True,CAVSGATGYQNFYF,TGCGCAGTCAGTGGGGCCACGGGTTACCAGAACTTCTATTTT,1480,1,None,None
GTACGTATCTCGTATT-1,False,GTACGTATCTCGTATT-1_contig_1,False,507,TRA,TRAV21-DV12,None,TRAJ42,TRAC,True,True,CILRVHGGSNAKLTF,TGTATCCTGAGAGTCCATGGAGGAAGCAATGCAAAGCTAACCTTC,2258,1,None,None
GTACTCCAGCCCAACC-1,False,GTACTCCAGCCCAACC-1_contig_1,False,556,TRB,TRBV12-2+TRBV13-2,None,TRBJ2-7,None,True,True,CASGVQGEQYF,TGTGCCAGCGGTGTTCAGGGAGAACAGTACTTC,530,1,None,None
GTACTCCCATGGGACA-1,False,GTACTCCCATGGGACA-1_contig_1,False,505,TRB,TRBV13-1,None,TRBJ2-3,None,True,True,CASGDSAETLYF,TGTGCCAGCGGGGACAGTGCAGAAACGCTGTATTTT,1566,1,None,None
GTACTCCGTCACTTCC-1,False,GTACTCCGTCACTTCC-1_contig_1,False,567,TRB,TRBV12-2+TRBV13-2,None,TRBJ1-2,TRBC1,True,True,CASGGGTGNSDYTF,TGTGCCAGCGGTGGGGGGACAGGGAACTCCGACTACACCTTC,1436,1,None,None
GTACTCCGTGAGGGAG-1,False,GTACTCCGTGAGGGAG-1_contig_1,False,549,TRB,TRBV16,None,TRBJ2-5,None,True,True,CASSLGGGQDTQYF,TGTGCAAGCAGCTTAGGGGGGGGGCAAGACACCCAGTACTTT,752,1,None,None
GTACTCCGTGAGGGAG-1,False,GTACTCCGTGAGGGAG-1_contig_2,False,595,TRA,TRAV4D-3,None,TRAJ27,TRAC,True,True,CAADGPNTGKLTF,TGTGCTGCTGACGGGCCCAATACAGGCAAATTAACCTTT,6108,7,None,None
GTACTCCGTGAGGGAG-1,False,GTACTCCGTGAGGGAG-1_contig_3,False,555,TRB,TRBV12-2+TRBV13-2,None,TRBJ1-5,TRBC1,True,True,CASGTGDNQAPLF,TGTGCCAGCGGTACAGGGGACAACCAGGCTCCGCTTTTT,302,1,None,None
GTACTCCGTTGATTCG-1,False,GTACTCCGTTGATTCG-1_contig_1,False,600,TRA,TRAV3D-3,None,TRAJ26,TRAC,True,False,CAVSANNYAQGLTF,TGCGCAGTCAGTGCAAATAACTATGCCCAGGGATTAACCTTC,2006,1,None,None
GTACTCCGTTGATTCG-1,False,GTACTCCGTTGATTCG-1_contig_2,False,326,TRB,TRBV31,None,TRBJ2-5,None,True,False,None,None,1794,1,None,None
GTACTCCTCAGTCCCT-1,False,GTACTCCTCAGTCCCT-1_contig_1,False,549,TRB,TRBV16,None,TRBJ2-5,None,True,True,CASSLGGGQDTQYF,TGTGCAAGCAGCTTAGGGGGGGGGCAAGACACCCAGTACTTT,1032,1,None,None
GTACTCCTCGCGTAGC-1,False,GTACTCCTCGCGTAGC-1_contig_1,False,525,TRB,TRBV17,None,TRBJ2-5,None,True,True,CASSRKGAQDTQYF,TGTGCTAGCAGTAGGAAGGGGGCGCAAGACACCCAGTACTTT,1078,1,None,None
GTACTTTAGTCGCCGT-1,False,GTACTTTAGTCGCCGT-1_contig_1,False,651,TRB,TRBV12-2+TRBV13-2,None,TRBJ1-2,TRBC1,True,True,CASGGGTGNSDYTF,TGTGCCAGCGGTGGGGGGACAGGGAACTCCGACTACACCTTC,1058,1,None,None
GTACTTTCAAAGGCGT-1,False,GTACTTTCAAAGGCGT-1_contig_1,False,564,TRB,TRBV12-2+TRBV13-2,None,TRBJ1-5,TRBC1,True,True,CASGTGDNQAPLF,TGTGCCAGCGGGACAGGGGACAACCAGGCTCCGCTTTTT,1716,1,None,None
GTACTTTCATAAAGGT-1,False,GTACTTTCATAAAGGT-1_contig_1,False,574,TRB,TRBV12-2+TRBV13-2,None,TRBJ1-2,TRBC1,True,True,CASGGGTGNSDYTF,TGTGCCAGCGGTGGGGGGACAGGGAACTCCGACTACACCTTC,390,1,None,None
GTACTTTGTAAATGAC-1,False,GTACTTTGTAAATGAC-1_contig_1,False,517,TRA,TRAV7D-2,None,TRAJ31,TRAC,True,True,CAASIEDSNNRIFF,TGTGCAGCAAGCATAGAGGATAGCAATAACAGAATCTTCTTT,2368,1,None,None
GTACTTTTCAACACAC-1,False,GTACTTTTCAACACAC-1_contig_1,False,552,TRB,TRBV16,None,TRBJ2-4,None,True,True,CASSSPWGGQNTLYF,TGTGCAAGCAGCTCCCCCTGGGGGGGTCAAAACACCTTGTACTTT,29194,32,None,None
GTACTTTTCAACACAC-1,False,GTACTTTTCAACACAC-1_contig_2,False,563,TRB,TRBV12-2+TRBV13-2,None,TRBJ2-7,None,True,True,CASGDGWGVKYF,TGTGCCAGCGGTGATGGCTGGGGGGTGAAGTACTTC,18220,25,None,None
GTACTTTTCAACACAC-1,False,GTACTTTTCAACACAC-1_contig_3,False,583,TRB,TRBV12-2+TRBV13-2,None,TRBJ1-2,TRBC1,True,True,CASGGGTGNSDYTF,TGTGCCAGCGGTGGGGGGACAGGGAACTCCGACTACACCTTC,3698,6,None,None
GTACTTTTCAACACAC-1,False,GTACTTTTCAACACAC-1_contig_4,False,573,TRA,TRAV12D-2,None,TRAJ24,TRAC,True,True,CAFPASLGKLQF,TGTGCTTTTCCTGCCAGTTTGGGGAAACTGCAGTTT,14624,16,None,None
GTACTTTTCAACACAC-1,False,GTACTTTTCAACACAC-1_contig_5,False,353,TRB,None,None,TRBJ2-3,None,False,False,None,None,360,1,None,None
GTACTTTTCAACTCTT-1,False,GTACTTTTCAACTCTT-1_contig_1,False,514,TRB,TRBV13-2,None,TRBJ1-2,None,True,True,CASGGGTGNSDYTF,TGTGCCAGCGGTGGGGGGACAGGGAACTCCGACTACACCTTC,274,1,None,None
GTACTTTTCACCTTAT-1,False,GTACTTTTCACCTTAT-1_contig_1,False,594,TRB,TRBV12-2+TRBV13-2,None,TRBJ1-3,TRBC1,True,True,CASGDGGTLYF,TGTGCCAGCGGTGATGGGGGGACGCTCTATTTT,1412,1,None,None
GTACTTTTCACTCTTA-1,False,GTACTTTTCACTCTTA-1_contig_1,False,505,TRB,TRBV13-1,None,TRBJ2-4,None,True,True,CASSEGTNTLYF,TGTGCCAGCAGTGAAGGAACAAACACCTTGTACTTT,1626,1,None,None
GTACTTTTCAGTTGAC-1,False,GTACTTTTCAGTTGAC-1_contig_1,False,537,TRA,TRAV3-3,None,TRAJ49,TRAC,True,True,CAVSGSTGYQNFYF,TGCGCAGTCAGTGGGAGCACGGGTTACCAGAACTTCTATTTT,1532,1,None,None
GTACTTTTCATAGCAC-1,False,GTACTTTTCATAGCAC-1_contig_1,False,587,TRA,TRAV3-4,None,TRAJ49,TRAC,True,True,CAVRGGYQNFYF,TGCGCAGTCAGGGGGGGTTACCAGAACTTCTATTTT,2082,1,None,None
GTACTTTTCCGCGGTA-1,False,GTACTTTTCCGCGGTA-1_contig_1,False,528,TRA,TRAV4D-3,None,TRAJ27,TRAC,True,True,CAADGPNTGKLTF,TGTGCTGCGGACGGACCCAATACAGGCAAATTAACCTTT,966,1,None,None
GTACTTTTCGCCTGAG-1,False,GTACTTTTCGCCTGAG-1_contig_1,False,569,TRB,TRBV12-2+TRBV13-2,None,TRBJ1-2,TRBC1,True,True,CASGGGTGNSDYTF,TGTGCCAGCGGTGGGGGGACAGGGAACTCCGACTACACCTTC,1278,1,None,None
GTACTTTTCGGATGTT-1,False,GTACTTTTCGGATGTT-1_contig_1,False,528,TRB,TRBV17,None,TRBJ2-5,None,True,False,CASSRKGAQDTQYF,TGTGCTAGCAGTAGGAAGGGGGCGCAAGACACCCAGTACTTT,1130,1,None,None
GTACTTTTCTCCAGGG-1,False,GTACTTTTCTCCAGGG-1_contig_1,False,567,TRB,TRBV12-2+TRBV13-2,None,TRBJ1-2,TRBC1,True,True,CASGGGTGNSDYTF,TGTGCCAGCGGTGGGGGGACAGGGAACTCCGACTACACCTTC,1316,1,None,None
GTAGGCCAGATGCCTT-1,False,GTAGGCCAGATGCCTT-1_contig_1,False,301,TRB,None,None,TRBJ2-3,None,False,False,None,None,3344,1,None,None
GTAGGCCAGATGGGTC-1,False,GTAGGCCAGATGGGTC-1_contig_1,False,567,TRB,TRBV12-2+TRBV13-2,None,TRBJ1-2,TRBC1,True,True,CASGGGTGNSDYTF,TGTGCCAGCGGTGGGGGGACAGGGAACTCCGACTACACCTTC,1324,1,None,None
GTAGGCCAGATGTCGG-1,False,GTAGGCCAGATGTCGG-1_contig_1,True,360,TRB,None,None,TRBJ2-1,None,False,False,None,None,6024,2,None,None
GTAGGCCAGATGTCGG-1,False,GTAGGCCAGATGTCGG-1_contig_2,True,357,TRB,None,None,TRBJ1-4,TRBC1,False,False,None,None,2330,1,None,None
GTAGGCCAGGATTCGG-1,False,GTAGGCCAGGATTCGG-1_contig_1,False,477,TRB,TRBV13-1,None,TRBJ2-3,None,True,False,CASGDSAETLYF,TGTGCCAGCGGGGACAGTGCAGAAACGCTGTATTTT,1278,1,None,None
GTAGGCCAGGGTTTCT-1,False,GTAGGCCAGGGTTTCT-1_contig_1,False,388,TRB,None,None,TRBJ1-1,TRBC1,False,False,None,None,2062,1,None,None
GTAGGCCAGGTAGCCA-1,False,GTAGGCCAGGTAGCCA-1_contig_1,False,522,TRB,TRBV31,None,TRBJ2-3,None,True,True,CAWSLLLGGSAETLYF,TGTGCCTGGAGTCTACTCCTGGGGGGAAGTGCAGAAACGCTGTATTTT,628,1,None,None
GTAGGCCCAAGCCATT-1,False,GTAGGCCCAAGCCATT-1_contig_1,False,566,TRA,TRAV3-3,None,TRAJ49,TRAC,True,True,CAVSGATGYQNFYF,TGCGCAGTCAGTGGGGCCACGGGTTACCAGAACTTCTATTTT,918,1,None,None
GTAGGCCCACCAGGCT-1,False,GTAGGCCCACCAGGCT-1_contig_1,False,565,TRB,TRBV12-2+TRBV13-2,None,TRBJ1-5,TRBC1,True,True,CASGTGDNQAPLF,TGTGCCAGCGGGACAGGGGACAACCAGGCTCCGCTTTTT,1608,1,None,None
GTAGGCCCACGAAAGC-1,False,GTAGGCCCACGAAAGC-1_contig_1,False,568,TRB,TRBV12-2+TRBV13-2,None,TRBJ1-2,TRBC1,True,True,CASGGGTGNSDYTF,TGTGCCAGCGGTGGGGGGACAGGGAACTCCGACTACACCTTC,848,1,None,None
GTAGGCCCACGGTGTC-1,False,GTAGGCCCACGGTGTC-1_contig_1,False,547,TRA,TRAV8D-1,None,TRAJ6,TRAC,True,True,CATDAPTGNYKPTF,TGTGCTACTGATGCACCCACCGGAAACTACAAACCTACGTTT,538,1,None,None
GTAGGCCCACTTGGAT-1,False,GTAGGCCCACTTGGAT-1_contig_1,False,505,TRB,TRBV13-1,None,TRBJ2-3,None,True,True,CASGDSAETLYF,TGTGCCAGCGGGGACAGTGCAGAAACGCTGTATTTT,1784,1,None,None
GTAGGCCCAGCTGGCT-1,False,GTAGGCCCAGCTGGCT-1_contig_1,False,570,TRB,TRBV12-2+TRBV13-2,None,TRBJ1-2,TRBC1,True,True,CASGGGTGNSDYTF,TGTGCCAGCGGTGGGGGGACAGGGAACTCCGACTACACCTTC,1374,1,None,None
GTAGGCCGTACCGTTA-1,False,GTAGGCCGTACCGTTA-1_contig_1,False,558,TRA,TRAV19,None,TRAJ39,TRAC,True,True,CAAGGNNAGAKLTF,TGCGCAGCAGGTGGGAATAATGCAGGTGCCAAGCTCACATTC,2000,1,None,None
GTAGGCCGTAGCGATG-1,False,GTAGGCCGTAGCGATG-1_contig_1,False,562,TRB,TRBV12-2+TRBV13-2,None,TRBJ1-5,TRBC1,True,True,CASGTGDNQAPLF,TGTGCCAGCGGTACAGGAGACAACCAGGCTCCGCTTTTT,824,1,None,None
GTAGGCCGTAGCGATG-1,False,GTAGGCCGTAGCGATG-1_contig_2,False,381,TRB,TRBV13-1,None,TRBJ2-2,None,True,False,CASSDPGQLYF,TGTGCCAGCAGTGACCCCGGGCAGCTCTACTTT,1740,1,None,None
GTAGGCCGTTGGAGGT-1,False,GTAGGCCGTTGGAGGT-1_contig_1,False,355,TRB,None,None,TRBJ2-7,None,False,False,None,None,2134,1,None,None
GTAGGCCGTTGTGGCC-1,False,GTAGGCCGTTGTGGCC-1_contig_1,False,577,TRB,TRBV12-2+TRBV13-2,None,TRBJ1-5,TRBC1,True,True,CASGTGDNQAPLF,TGTGCCAGCGGTACAGGAGACAACCAGGCTCCGCTTTTT,1730,1,None,None
GTAGGCCTCCTTAATC-1,False,GTAGGCCTCCTTAATC-1_contig_1,False,566,TRB,TRBV12-2+TRBV13-2,None,TRBJ1-2,TRBC1,True,True,CASGGGTGNSDYTF,TGTGCCAGCGGTGGGGGGACAGGGAACTCCGACTACACCTTC,1044,1,None,None
GTAGGCCTCTGAAAGA-1,False,GTAGGCCTCTGAAAGA-1_contig_1,False,497,TRB,TRBV12-2+TRBV13-2,None,TRBJ2-5,None,True,False,CASGVQGDTQYF,TGTGCCAGCGGTGTTCAGGGGGACACCCAGTACTTT,352,1,None,None
GTAGGCCTCTGCTTGC-1,False,GTAGGCCTCTGCTTGC-1_contig_1,False,483,TRB,TRBV13-1,None,TRBJ2-3,None,True,False,CASGDSAETLYF,TGTGCCAGCGGGGACAGTGCAGAAACGCTGTATTTT,1814,1,None,None
GTAGGCCTCTGTCAAG-1,False,GTAGGCCTCTGTCAAG-1_contig_1,False,558,TRA,TRAV19,None,TRAJ39,TRAC,True,True,CAAGGNNAGAKLTF,TGCGCAGCAGGTGGGAATAATGCAGGTGCCAAGCTCACATTC,9560,10,None,None
GTAGGCCTCTGTCAAG-1,False,GTAGGCCTCTGTCAAG-1_contig_2,False,647,TRB,TRBV12-2+TRBV13-2,None,TRBJ1-2,TRBC1,True,True,CASGGGTGNSDYTF,TGTGCCAGCGGTGGGGGGACAGGGAACTCCGACTACACCTTC,3670,5,None,None
GTAGGCCTCTGTTTGT-1,False,GTAGGCCTCTGTTTGT-1_contig_1,False,599,TRB,TRBV12-2+TRBV13-2,None,TRBJ1-5,TRBC1,True,True,CASGTGDNQAPLF,TGTGCCAGCGGTACAGGGGACAACCAGGCTCCGCTTTTT,316,1,None,None
GTAGGCCTCTTGGGTA-1,False,GTAGGCCTCTTGGGTA-1_contig_1,False,569,TRB,TRBV12-2+TRBV13-2,None,TRBJ1-2,TRBC1,True,True,CASGGGTGNSDYAF,TGTGCCAGCGGTGGGGGGACAGGGAACTCCGACTACGCCTTC,362,1,None,None
GTAGTCAAGAGGTACC-1,False,GTAGTCAAGAGGTACC-1_contig_1,False,549,TRB,TRBV16,None,TRBJ2-5,None,True,True,CASSLGGGQDTQYF,TGTGCAAGCAGCTTAGGGGGGGGCCAAGACACCCAGTACTTT,1058,1,None,None
GTAGTCAAGAGTGAGA-1,False,GTAGTCAAGAGTGAGA-1_contig_1,False,518,TRA,TRAV19,None,TRAJ39,TRAC,True,True,CAAGGNNAGAKLTF,TGCGCAGCAGGTGGGAATAATGCAGGTGCCAAGCTCACATTC,1176,1,None,None
GTAGTCAAGGATTCGG-1,False,GTAGTCAAGGATTCGG-1_contig_1,False,549,TRB,TRBV16,None,TRBJ2-7,None,True,True,CASSFGGGADEQYF,TGTGCAAGCAGCTTTGGTGGGGGGGCGGATGAACAGTACTTC,1334,1,None,None
GTAGTCAAGGTGTTAA-1,False,GTAGTCAAGGTGTTAA-1_contig_1,False,527,TRB,TRBV13-1,None,TRBJ2-3,None,True,False,CASGDSAETLYF,TGTGCCAGCGGGGACAGTGCAGAAACGCTGTATTTT,1400,1,None,None
GTAGTCAAGTACGTAA-1,False,GTAGTCAAGTACGTAA-1_contig_1,False,556,TRB,TRBV12-2+TRBV13-2,None,TRBJ1-4,TRBC1,True,True,CASGTGGDERLFF,TGTGCCAGCGGGACAGGGGGCGACGAAAGATTATTTTTC,1248,1,None,None
GTAGTCAAGTCGTTTG-1,False,GTAGTCAAGTCGTTTG-1_contig_1,False,567,TRA,TRAV4D-3,None,TRAJ27,TRAC,True,True,CAADGPNTGKLTF,TGTGCTGCGGACGGACCCAATACAGGCAAATTAACCTTT,1784,1,None,None
GTAGTCACAAACCCAT-1,False,GTAGTCACAAACCCAT-1_contig_1,False,514,TRA,TRAV19,None,TRAJ39,TRAC,True,True,CAAGGNNAGAKLTF,TGCGCAGCAGGTGGGAATAATGCAGGTGCCAAGCTCACATTC,122,1,None,None
GTAGTCACACGTCAGC-1,False,GTAGTCACACGTCAGC-1_contig_1,False,549,TRB,TRBV16,None,TRBJ2-5,None,True,True,CASSLGGYQDTQYF,TGTGCAAGCAGCTTAGGGGGCTACCAAGACACCCAGTACTTT,2050,1,None,None
GTAGTCACATCACAAC-1,False,GTAGTCACATCACAAC-1_contig_1,False,644,TRB,TRBV12-2+TRBV13-2,None,TRBJ1-2,TRBC1,True,True,CASGGGTGNSDYTF,TGTGCCAGCGGTGGGGGGACAGGGAACTCCGACTACACCTTC,1004,1,None,None
GTAGTCAGTAAGTGGC-1,False,GTAGTCAGTAAGTGGC-1_contig_1,False,517,TRA,TRAV13N-1,None,TRAJ45,TRAC,True,False,None,None,1940,1,None,None
GTAGTCAGTACCTACA-1,False,GTAGTCAGTACCTACA-1_contig_1,False,549,TRB,TRBV16,None,TRBJ2-5,None,True,True,CASSLGGGQDTQYF,TGTGCAAGCAGCTTAGGGGGGGGCCAAGACACCCAGTACTTT,1388,1,None,None
GTAGTCAGTACCTACA-1,False,GTAGTCAGTACCTACA-1_contig_2,True,539,TRA,TRAV6D-5,None,TRAJ38,TRAC,True,False,CTTVFWDNVGDNSKLIW,TGTACTACTGTGTTCTGGGATAATGTTGGTGACAACAGTAAGCTGATTTGG,1932,1,None,None
GTAGTCAGTCTTGATG-1,False,GTAGTCAGTCTTGATG-1_contig_1,False,565,TRB,TRBV12-2+TRBV13-2,None,TRBJ1-5,TRBC1,True,True,CASGTGDNQAPLF,TGTGCCAGCGGGACAGGGGACAACCAGGCTCCGCTTTTT,1270,1,None,None
GTAGTCAGTTAAGGGC-1,False,GTAGTCAGTTAAGGGC-1_contig_1,False,512,TRB,TRBV13-1,None,TRBJ2-3,None,True,True,CASGDSAETLYF,TGTGCCAGCGGGGACAGTGCAGAAACGCTGTATTTT,1056,1,None,None
GTAGTCATCCACGACG-1,False,GTAGTCATCCACGACG-1_contig_1,False,549,TRB,TRBV16,None,TRBJ2-5,None,True,True,CASSLGGGQDTQYF,TGTGCAAGCAGCTTAGGGGGGGGCCAAGACACCCAGTACTTT,1950,1,None,None
GTAGTCATCCGTTGCT-1,False,GTAGTCATCCGTTGCT-1_contig_1,False,495,Multi,TRDV1,None,TRAJ43,TRAC,True,False,CGGLNNAPRF,TGTGGAGGCCTCAACAATGCCCCACGATTT,2804,1,None,None
GTAGTCATCGGTTCGG-1,False,GTAGTCATCGGTTCGG-1_contig_1,False,505,TRB,TRBV13-1,None,TRBJ2-3,None,True,True,CASGDSAETLYF,TGTGCCAGCGGGGACAGTGCAGAAACGCTGTATTTT,98,1,None,None
GTAGTCATCTCGTATT-1,False,GTAGTCATCTCGTATT-1_contig_1,False,561,TRB,TRBV12-2+TRBV13-2,None,TRBJ2-1,None,True,True,CASEAAYAEQFF,TGTGCCAGCGAAGCAGCCTATGCTGAGCAGTTCTTC,1746,1,None,None
GTAGTCATCTCGTATT-1,False,GTAGTCATCTCGTATT-1_contig_2,False,681,TRB,TRBV12-2+TRBV13-2,None,TRBJ1-2,TRBC1,True,True,CASGGGTGNSDYTF,TGTGCCAGCGGTGGGGGGACAGGGAACTCCGACTACACCTTC,1124,1,None,None
GTAGTCATCTGGTTCC-1,False,GTAGTCATCTGGTTCC-1_contig_1,False,512,TRB,TRBV13-1,None,TRBJ2-5,None,True,True,CASSDGDDTQYF,TGTGCCAGCAGTGACGGGGACGACACCCAGTACTTT,1632,1,None,None
GTAGTCATCTTATCTG-1,False,GTAGTCATCTTATCTG-1_contig_1,False,549,TRB,TRBV16,None,TRBJ2-5,None,True,True,CASSLGGGQDTQYF,TGTGCAAGCAGCTTAGGGGGGGGCCAAGACACCCAGTACTTT,1076,1,None,None
GTATCTTAGCAATATG-1,False,GTATCTTAGCAATATG-1_contig_1,False,566,TRA,TRAV3-3,None,TRAJ49,TRAC,True,True,CAVSGSTGYQNFYF,TGCGCAGTCAGTGGGAGCACGGGTTACCAGAACTTCTATTTT,2312,2,None,None
GTATCTTAGCCACCTG-1,False,GTATCTTAGCCACCTG-1_contig_1,False,534,TRA,TRAV4D-3,None,TRAJ27,TRAC,True,True,CAADGPNTGKLTF,TGTGCTGCGGACGGACCCAATACAGGCAAATTAACCTTT,2762,1,None,None
GTATCTTAGCGTTTAC-1,False,GTATCTTAGCGTTTAC-1_contig_1,False,432,TRA,TRAV12D-2,None,TRAJ28,TRAC,True,False,CALSDRPGTGSNRLTF,TGTGCTTTGAGTGATCGACCAGGCACTGGGAGTAACAGGCTCACTTTT,64,2,None,None
GTATCTTAGGACTGGT-1,False,GTATCTTAGGACTGGT-1_contig_1,False,375,TRB,None,None,TRBJ2-7,None,False,False,None,None,1678,1,None,None
GTATCTTAGGAGCGAG-1,False,GTATCTTAGGAGCGAG-1_contig_1,False,552,TRB,TRBV16,None,TRBJ2-5,None,True,False,CASSLGGGQDTQYF,TGTGCAAGCAGCTTAGGGGGGGGCCAAGACACCCAGTACTTT,1466,1,None,None
GTATCTTAGGCCCGTT-1,False,GTATCTTAGGCCCGTT-1_contig_1,False,638,TRB,TRBV12-2+TRBV13-2,None,TRBJ1-2,TRBC1,True,True,CASGGGTGNSDYTF,TGTGCCAGCGGTGGGGGGACAGGGAACTCCGACTACACCTTC,678,1,None,None
GTATCTTAGTATCGAA-1,False,GTATCTTAGTATCGAA-1_contig_1,False,549,TRB,TRBV16,None,TRBJ2-5,None,True,True,CASSLGGNQDTQYF,TGTGCAAGCAGCTTAGGGGGGAACCAAGACACCCAGTACTTT,1484,1,None,None
GTATCTTAGTTCGCGC-1,False,GTATCTTAGTTCGCGC-1_contig_1,False,490,TRB,TRBV17,None,TRBJ2-5,None,True,False,CASSRKGVQDTQYF,TGTGCTAGCAGTAGAAAGGGGGTCCAAGACACCCAGTACTTT,1506,1,None,None
GTATCTTCAAGTACCT-1,False,GTATCTTCAAGTACCT-1_contig_1,False,559,TRB,TRBV12-2+TRBV13-2,None,TRBJ1-2,TRBC1,True,True,CASGGGTGNSDYTF,TGTGCCAGCGGTGGGGGGACAGGGAACTCCGACTACACCTTC,1016,1,None,None
GTATCTTCAGCTATTG-1,False,GTATCTTCAGCTATTG-1_contig_1,False,478,TRB,TRBV13-1,None,TRBJ2-4,None,True,False,CASSEGTNTLYF,TGTGCCAGCAGTGAAGGAACAAACACCTTGTACTTT,852,1,None,None
GTATCTTCAGCTCGCA-1,False,GTATCTTCAGCTCGCA-1_contig_1,False,551,TRB,TRBV12-2+TRBV13-2,None,TRBJ2-7,None,True,True,CASGTGDEQYF,TGTGCCAGCGGGACAGGGGATGAACAGTACTTC,1266,1,None,None
GTATCTTCATAACCTG-1,False,GTATCTTCATAACCTG-1_contig_1,False,478,TRA,TRAV14N-3,None,TRAJ6,TRAC,True,True,CAARTSGGNYKPTF,TGTGCAGCAAGAACCTCAGGAGGAAACTACAAACCTACGTTT,2218,1,None,None
GTATCTTGTAGAGTGC-1,False,GTATCTTGTAGAGTGC-1_contig_1,False,520,TRA,TRAV6-6,None,TRAJ24,TRAC,True,True,CAPLTTASLGKLQF,TGTGCTCCGTTGACAACTGCCAGTTTGGGGAAACTGCAGTTT,2858,2,None,None
GTATCTTGTCAAACTC-1,False,GTATCTTGTCAAACTC-1_contig_1,False,599,TRB,TRBV13-1,None,TRBJ2-3,None,True,False,CASGDSAETLYF,TGTGCCAGCGGGGACAGTGCAGAAACGCTGTATTTT,614,1,None,None
GTATCTTGTCTCCACT-1,False,GTATCTTGTCTCCACT-1_contig_1,False,600,TRB,TRBV13-1,None,TRBJ2-4,None,True,False,CASSEGTNTLYF,TGTGCCAGCAGTGAAGGAACAAACACCTTGTACTTT,1140,1,None,None
GTATCTTGTGACTCAT-1,False,GTATCTTGTGACTCAT-1_contig_1,False,525,TRB,TRBV17,None,TRBJ2-5,None,True,True,CASSRKGVQDTQYF,TGTGCTAGCAGTAGAAAGGGGGTCCAAGACACCCAGTACTTT,1052,1,None,None
GTATCTTGTGTGAATA-1,False,GTATCTTGTGTGAATA-1_contig_1,False,623,TRB,None,None,TRBJ2-7,None,False,False,None,None,1410,1,None,None
GTATCTTGTTAAGAAC-1,False,GTATCTTGTTAAGAAC-1_contig_1,False,547,TRA,TRAV10N,None,TRAJ23,TRAC,True,True,CAASNRYNQGKLIF,TGTGCAGCAAGCAACCGGTATAACCAGGGGAAGCTTATCTTT,2844,2,None,None
GTATCTTGTTCGAATC-1,False,GTATCTTGTTCGAATC-1_contig_1,False,505,TRB,TRBV13-1,None,TRBJ2-3,None,True,True,CASGDSAETLYF,TGTGCCAGCGGGGACAGTGCAGAAACGCTGTATTTT,352,1,None,None
GTATCTTTCAAACCAC-1,False,GTATCTTTCAAACCAC-1_contig_1,False,374,TRB,None,None,TRBJ1-6,TRBC1,False,False,None,None,972,1,None,None
GTATCTTTCAGTCAGT-1,False,GTATCTTTCAGTCAGT-1_contig_1,False,568,TRB,TRBV12-2+TRBV13-2,None,TRBJ1-2,TRBC1,True,True,CASGGGTGNSDYTF,TGTGCCAGCGGTGGGGGGACAGGGAACTCCGACTACACCTTC,1140,1,None,None
GTATCTTTCCCTTGCA-1,False,GTATCTTTCCCTTGCA-1_contig_1,False,566,TRB,TRBV12-2+TRBV13-2,None,TRBJ1-5,TRBC1,True,True,CASGTGDNQAPLF,TGTGCCAGCGGTACAGGAGACAACCAGGCTCCGCTTTTT,1904,1,None,None
GTATCTTTCCTGCCAT-1,False,GTATCTTTCCTGCCAT-1_contig_1,False,640,TRB,TRBV12-2+TRBV13-2,None,TRBJ1-2,TRBC1,True,True,CASGGGTGNSDYTF,TGTGCCAGCGGTGGGGGGACAGGGAACTCCGACTACACCTTC,1096,1,None,None
GTATCTTTCGAGAGCA-1,False,GTATCTTTCGAGAGCA-1_contig_1,False,445,TRB,TRBV12-2+TRBV13-2,None,TRBJ1-5,TRBC1,True,False,CASGTGDNQAPLF,TGTGCCAGCGGGACCGGGGACAACCAGGCTCCGCTTTTT,1088,1,None,None
GTATCTTTCTGCCAGG-1,False,GTATCTTTCTGCCAGG-1_contig_1,False,341,TRB,None,None,TRBJ1-6,TRBC1,False,False,None,None,1798,1,None,None
GTATTCTAGATCCCGC-1,False,GTATTCTAGATCCCGC-1_contig_1,False,549,TRB,TRBV16,None,TRBJ2-7,None,True,True,CASSFGGGADEQYF,TGTGCAAGCAGCTTTGGTGGGGGGGCGGATGAACAGTACTTC,506,1,None,None
GTATTCTAGATGGGTC-1,False,GTATTCTAGATGGGTC-1_contig_1,False,598,TRB,TRBV12-2+TRBV13-2,None,TRBJ1-2,TRBC1,True,True,CASGGGTGNSDYTF,TGTGCCAGCGGTGGGGGGACAGGGAACTCCGACTACACCTTC,1132,1,None,None
GTATTCTAGATGTGGC-1,False,GTATTCTAGATGTGGC-1_contig_1,False,562,TRA,TRAV4D-3,None,TRAJ27,TRAC,True,True,CAADGPNTGKLTF,TGTGCTGCGGACGGACCCAATACAGGCAAATTAACCTTT,1670,1,None,None
GTATTCTAGATGTGGC-1,False,GTATTCTAGATGTGGC-1_contig_2,True,559,TRA,TRAV6D-5,None,TRAJ38,TRAC,True,False,CTTVFWDNVGDNSKLIW,TGTACTACTGTGTTCTGGGATAATGTTGGTGACAACAGTAAGCTGATTTGG,2768,1,None,None
GTATTCTAGCCGCCTA-1,False,GTATTCTAGCCGCCTA-1_contig_1,False,565,TRB,TRBV12-2+TRBV13-2,None,TRBJ2-7,None,True,True,CASGVQGEQYF,TGTGCCAGCGGTGTTCAGGGAGAACAGTACTTC,1526,1,None,None
GTATTCTAGCCGTCGT-1,False,GTATTCTAGCCGTCGT-1_contig_1,False,449,TRB,None,None,TRBJ2-5,None,False,False,None,None,1794,1,None,None
GTATTCTAGCTCAACT-1,False,GTATTCTAGCTCAACT-1_contig_1,False,549,TRB,TRBV16,None,TRBJ2-5,None,True,True,CASSLGGGQDTQYF,TGTGCAAGCAGCTTAGGGGGGGGCCAAGACACCCAGTACTTT,1842,1,None,None
GTATTCTAGTACTTGC-1,False,GTATTCTAGTACTTGC-1_contig_1,False,369,TRA,TRAV9D-2,None,TRAJ26,TRAC,True,False,CVLSRGNNYAQGLTF,TGTGTTCTGAGCAGGGGCAATAACTATGCCCAGGGATTAACCTTC,1924,1,None,None
GTATTCTCACTGCCAG-1,False,GTATTCTCACTGCCAG-1_contig_1,False,561,TRA,TRAV4D-3,None,TRAJ27,TRAC,True,True,CAADGPNTGKLTF,TGTGCTGCGGACGGACCCAATACAGGCAAATTAACCTTT,1776,1,None,None
GTATTCTCAGACACTT-1,False,GTATTCTCAGACACTT-1_contig_1,False,367,TRB,None,None,TRBJ2-7,None,False,False,None,None,352,1,None,None
GTATTCTCAGCTCCGA-1,False,GTATTCTCAGCTCCGA-1_contig_1,False,476,TRB,TRBV26,None,TRBJ1-1,TRBC1,True,False,CASSRGNTEVFF,TGTGCCAGCAGCCGCGGAAACACAGAAGTCTTCTTT,2658,1,None,None
GTATTCTCAGGCTGAA-1,False,GTATTCTCAGGCTGAA-1_contig_1,False,512,TRB,TRBV13-1,None,TRBJ2-4,None,True,True,CASSEGTNTLYF,TGTGCCAGCAGTGAAGGAACAAACACCTTGTACTTT,4796,3,None,None
GTATTCTCAGGCTGAA-1,False,GTATTCTCAGGCTGAA-1_contig_2,False,566,TRA,TRAV12-2,None,TRAJ34,TRAC,True,True,CALSGNTNKVVF,TGTGCTTTGAGTGGCAATACCAACAAAGTCGTCTTT,1652,2,None,None
GTATTCTCAGTTAACC-1,False,GTATTCTCAGTTAACC-1_contig_1,False,368,TRB,None,None,TRBJ2-7,None,False,False,None,None,254,1,None,None
GTATTCTCATGCAATC-1,False,GTATTCTCATGCAATC-1_contig_1,False,381,TRB,None,None,TRBJ2-1,None,False,False,None,None,1818,1,None,None
GTATTCTGTAGAGTGC-1,False,GTATTCTGTAGAGTGC-1_contig_1,False,629,TRB,None,None,TRBJ2-7,None,False,False,None,None,1196,1,None,None
GTATTCTGTCAACTGT-1,False,GTATTCTGTCAACTGT-1_contig_1,False,513,TRB,TRBV31,None,TRBJ2-5,None,True,True,CAWSSDRFIQDTQYF,TGTGCCTGGAGTTCAGACAGGTTTATCCAAGACACCCAGTACTTT,2242,1,None,None
GTATTCTGTCCGACGT-1,False,GTATTCTGTCCGACGT-1_contig_1,False,555,TRA,TRAV3-3,None,TRAJ49,TRAC,True,True,CAVSGSTGYQNFYF,TGCGCAGTCAGTGGGAGCACGGGTTACCAGAACTTCTATTTT,1462,1,None,None
GTATTCTGTCGCGAAA-1,False,GTATTCTGTCGCGAAA-1_contig_1,False,552,TRB,TRBV12-2+TRBV13-2,None,TRBJ2-7,None,True,True,CASGTGDEQYF,TGTGCCAGCGGGACAGGGGATGAACAGTACTTC,1586,1,None,None
GTATTCTGTGCGATAG-1,False,GTATTCTGTGCGATAG-1_contig_1,False,624,TRB,None,None,TRBJ2-7,None,False,False,None,None,1646,1,None,None
GTATTCTGTTCCAACA-1,False,GTATTCTGTTCCAACA-1_contig_1,False,549,TRB,TRBV16,None,TRBJ2-7,None,True,True,CASSFGGGADEQYF,TGTGCAAGCAGCTTTGGTGGGGGGGCGGATGAACAGTACTTC,1050,1,None,None
GTATTCTTCGGCATCG-1,False,GTATTCTTCGGCATCG-1_contig_1,False,558,TRB,TRBV12-2+TRBV13-2,None,TRBJ2-5,None,True,True,CASGAPDTQYF,TGTGCCAGCGGTGCCCCGGACACCCAGTACTTT,718,1,None,None
GTATTCTTCGTGACAT-1,False,GTATTCTTCGTGACAT-1_contig_1,False,587,TRA,TRAV3-4,None,TRAJ49,TRAC,True,True,CAVGGGYQNFYF,TGCGCAGTCGGGGGGGGTTACCAGAACTTCTATTTT,740,1,None,None
GTATTCTTCTACGAGT-1,False,GTATTCTTCTACGAGT-1_contig_1,False,560,TRA,TRAV4D-3,None,TRAJ27,TRAC,True,True,CAADGPNTGKLTF,TGTGCTGCGGACGGACCCAATACAGGCAAATTAACCTTT,512,1,None,None
GTCAAGTAGACAAGCC-1,False,GTCAAGTAGACAAGCC-1_contig_1,False,550,TRA,TRAV6N-7,None,TRAJ48,TRAC,True,False,CTTVLWVINYGNEKITF,TGTACTACTGTGCTCTGGGTGATCAACTATGGAAATGAGAAAATAACTTTT,1340,1,None,None
GTCAAGTAGACAGACC-1,False,GTCAAGTAGACAGACC-1_contig_1,False,509,TRB,TRBV13-2,None,TRBJ2-7,None,True,True,CASGVQGEQYF,TGTGCCAGCGGTGTTCAGGGAGAACAGTACTTC,2008,1,None,None
GTCAAGTAGACCGGAT-1,False,GTCAAGTAGACCGGAT-1_contig_1,False,394,TRA,TRAV9D-2,None,TRAJ26,TRAC,True,False,CVLSRGNNYAQGLTF,TGTGTTCTGAGCAGGGGCAATAACTATGCCCAGGGATTAACCTTC,1920,1,None,None
GTCAAGTAGCGCCTCA-1,False,GTCAAGTAGCGCCTCA-1_contig_1,False,559,TRB,TRBV12-2+TRBV13-2,None,TRBJ2-7,None,True,True,CASGVQGEQYF,TGTGCCAGCGGTGTTCAGGGAGAACAGTACTTC,1630,1,None,None
GTCAAGTAGCTAGTTC-1,False,GTCAAGTAGCTAGTTC-1_contig_1,False,565,TRB,TRBV12-2+TRBV13-2,None,TRBJ2-3,None,True,True,CASGDAPPGEGTLYF,TGTGCCAGCGGTGATGCACCTCCAGGGGAGGGAACGCTGTATTTT,884,1,None,None
GTCAAGTAGCTTATCG-1,False,GTCAAGTAGCTTATCG-1_contig_1,False,567,TRA,TRAV2,None,TRAJ22,TRAC,True,True,CIVTASSGSWQLIF,TGCATTGTGACTGCATCTTCTGGCAGCTGGCAACTCATCTTT,1742,1,None,None
GTCAAGTAGTTGCAGG-1,False,GTCAAGTAGTTGCAGG-1_contig_1,False,549,TRA,TRAV8N-2,None,TRAJ13,TRAC,True,True,CATEDSGTYQRF,TGTGCTACTGAGGATTCTGGGACTTACCAGAGGTTT,1418,1,None,None
GTCAAGTCAAGGTTTC-1,False,GTCAAGTCAAGGTTTC-1_contig_1,False,622,TRA,TRAV14N-3,None,TRAJ6,TRAC,True,True,CAARTSGGNYKPTF,TGTGCAGCAAGAACCTCAGGAGGAAACTACAAACCTACGTTT,1720,1,None,None
GTCAAGTCACAGGAGT-1,False,GTCAAGTCACAGGAGT-1_contig_1,False,311,TRB,None,None,TRBJ2-3,None,False,False,None,None,4080,2,None,None
GTCAAGTCACCGAATT-1,False,GTCAAGTCACCGAATT-1_contig_1,False,554,TRA,TRAV3D-3,None,TRAJ23,TRAC,True,True,CAVSDNYNQGKLIF,TGCGCAGTCAGTGATAATTATAACCAGGGGAAGCTTATCTTT,1486,2,None,None
GTCAAGTCACCGAATT-1,False,GTCAAGTCACCGAATT-1_contig_2,False,546,TRB,TRBV3,None,TRBJ2-5,None,True,True,CASSPDWGGQDTQYF,TGTGCCAGCAGCCCCGACTGGGGGGGACAAGACACCCAGTACTTT,3644,2,None,None
GTCAAGTCAGCCTGTG-1,False,GTCAAGTCAGCCTGTG-1_contig_1,False,505,TRB,TRBV13-1,None,TRBJ2-3,None,True,True,CASGDSAETLYF,TGTGCCAGCGGGGACAGTGCAGAAACGCTGTATTTT,1252,1,None,None
GTCAAGTCATATACCG-1,False,GTCAAGTCATATACCG-1_contig_1,False,549,TRB,TRBV16,None,TRBJ2-5,None,True,True,CASSLGGGQDTQYF,TGTGCAAGCAGCTTAGGGGGGGGCCAAGACACCCAGTACTTT,1478,1,None,None
GTCAAGTCATGTCCTC-1,False,GTCAAGTCATGTCCTC-1_contig_1,False,462,TRA,TRAV4D-3,None,TRAJ27,None,True,True,CAADGPNTGKLTF,TGTGCTGCGGACGGACCCAATACAGGCAAATTAACCTTT,1916,1,None,None
GTCAAGTCATGTCCTC-1,False,GTCAAGTCATGTCCTC-1_contig_2,True,525,TRA,TRAV7N-6,None,TRAJ30,TRAC,True,True,CAVVDTNAYKVIF,TGTGCAGTGGTTGACACAAATGCTTACAAAGTCATCTTT,3854,2,None,None
GTCAAGTGTAAATGAC-1,False,GTCAAGTGTAAATGAC-1_contig_1,False,520,TRB,TRBV14,None,TRBJ2-1,None,True,True,CASSFRGYEAEQFF,TGTGCCAGCAGCTTCAGGGGGTATGAGGCTGAGCAGTTCTTC,154,1,None,None
GTCAAGTGTAAATGAC-1,False,GTCAAGTGTAAATGAC-1_contig_2,False,513,TRB,TRBV13-1,None,TRBJ2-3,None,True,False,CASGDSAETLYF,TGTGCCAGCGGGGACAGTGCAGAAACGCTGTATTTT,1594,1,None,None
GTCAAGTGTACCCAAT-1,False,GTCAAGTGTACCCAAT-1_contig_1,False,505,TRB,TRBV13-1,None,TRBJ2-7,None,True,True,CASSGGHLEQYF,TGTGCCAGCAGTGGGGGACACCTTGAACAGTACTTC,1958,1,None,None
GTCAAGTGTCAAGCGA-1,False,GTCAAGTGTCAAGCGA-1_contig_1,False,560,TRB,TRBV12-2+TRBV13-2,None,TRBJ1-4,TRBC1,True,True,CASGDAPERLFF,TGTGCCAGCGGTGATGCTCCCGAAAGATTATTTTTC,1406,1,None,None
GTCAAGTGTCCAACTA-1,False,GTCAAGTGTCCAACTA-1_contig_1,False,567,TRB,TRBV12-2+TRBV13-2,None,TRBJ1-2,TRBC1,True,True,CASGGGTGNSDYTF,TGTGCCAGCGGTGGGGGGACAGGGAACTCCGACTACACCTTC,1500,1,None,None
GTCAAGTGTCTCTCGT-1,False,GTCAAGTGTCTCTCGT-1_contig_1,False,511,TRA,TRAV4D-4,None,TRAJ45,TRAC,True,False,CAAYTEGADRLTF,TGTGCTGCCTATACAGAAGGTGCAGATAGACTCACCTTT,2100,1,None,None
GTCAAGTGTCTGGAGA-1,False,GTCAAGTGTCTGGAGA-1_contig_1,False,549,TRB,TRBV16,None,TRBJ2-5,None,True,True,CASSLGGGQDTQYF,TGTGCAAGCAGCTTAGGGGGGGGGCAAGACACCCAGTACTTT,1592,1,None,None
GTCAAGTGTTAGGGTG-1,False,GTCAAGTGTTAGGGTG-1_contig_1,False,549,TRB,TRBV16,None,TRBJ2-5,None,True,True,CASSLGGGQDTQYF,TGTGCAAGCAGCTTAGGGGGGGGGCAAGACACCCAGTACTTT,540,1,None,None
GTCAAGTGTTCCACTC-1,False,GTCAAGTGTTCCACTC-1_contig_1,False,338,TRB,None,None,TRBJ1-4,TRBC1,False,False,None,None,1540,1,None,None
GTCAAGTTCACAATGC-1,False,GTCAAGTTCACAATGC-1_contig_1,False,558,TRA,TRAV19,None,TRAJ39,TRAC,True,True,CAAGGNNAGAKLTF,TGCGCAGCAGGTGGGAATAATGCAGGTGCCAAGCTCACATTC,274,2,None,None
GTCAAGTTCACAATGC-1,False,GTCAAGTTCACAATGC-1_contig_2,False,444,TRB,TRBV15,None,TRBJ1-3,None,True,True,CASSLNRGSSGNTLYF,TGTGCCAGCAGTTTAAACAGGGGGAGTTCTGGAAATACGCTCTATTTT,1264,1,None,None
GTCAAGTTCACAATGC-1,False,GTCAAGTTCACAATGC-1_contig_3,False,486,TRB,TRBV12-2+TRBV13-2,None,TRBJ1-2,None,True,True,CASGGGTGNSDYTF,TGTGCCAGCGGTGGGGGGACAGGGAACTCCGACTACACCTTC,1252,3,None,None
GTCAAGTTCAGTTCGA-1,False,GTCAAGTTCAGTTCGA-1_contig_1,False,549,TRB,TRBV16,None,TRBJ2-5,None,True,True,CASSLGGGQDTQYF,TGTGCAAGCAGCTTAGGGGGGGGCCAAGACACCCAGTACTTT,1052,1,None,None
GTCAAGTTCCAAACTG-1,False,GTCAAGTTCCAAACTG-1_contig_1,False,522,TRB,TRBV13-2,None,TRBJ1-2,TRBC1,True,True,CASGGGTGNSDYTF,TGTGCCAGCGGTGGGGGGACAGGGAACTCCGACTACACCTTC,1640,1,None,None
GTCAAGTTCCAAACTG-1,False,GTCAAGTTCCAAACTG-1_contig_2,False,370,TRB,None,None,TRBJ2-7,None,False,False,None,None,1484,1,None,None
GTCAAGTTCTGCTGTC-1,False,GTCAAGTTCTGCTGTC-1_contig_1,False,549,TRB,TRBV16,None,TRBJ2-5,None,True,True,CASSLGGYQDTQYF,TGTGCAAGCAGCTTAGGGGGCTACCAAGACACCCAGTACTTT,1978,1,None,None
GTCAAGTTCTGCTGTC-1,False,GTCAAGTTCTGCTGTC-1_contig_2,False,568,TRB,TRBV12-2+TRBV13-2,None,TRBJ1-2,TRBC1,True,True,CASGGGTGNSDYTF,TGTGCCAGCGGTGGGGGGACAGGGAACTCCGACTACACCTTC,604,1,None,None
GTCACAAAGACTTGAA-1,False,GTCACAAAGACTTGAA-1_contig_1,False,556,TRA,TRAV19,None,TRAJ39,TRAC,True,True,CAAGGNNAGAKLTF,TGCGCAGCAGGTGGGAATAATGCAGGTGCCAAGCTCACATTC,1014,1,None,None
GTCACAAAGAGGTTGC-1,False,GTCACAAAGAGGTTGC-1_contig_1,False,325,TRB,None,None,TRBJ2-7,None,False,False,None,None,2712,1,None,None
GTCACAAAGCGTGAAC-1,False,GTCACAAAGCGTGAAC-1_contig_1,False,573,TRB,TRBV12-2+TRBV13-2,None,TRBJ2-7,None,True,True,CASGVQGEQYF,TGTGCCAGCGGTGTTCAGGGAGAACAGTACTTC,1382,1,None,None
GTCACAAAGCTGGAAC-1,False,GTCACAAAGCTGGAAC-1_contig_1,False,578,TRA,TRAV14-1,None,TRAJ32,TRAC,True,True,CAASPLGSSGNKLIF,TGTGCAGCAAGTCCTCTTGGGAGCAGTGGCAACAAGCTCATCTTT,1166,1,None,None
GTCACAAAGGCAGGTT-1,False,GTCACAAAGGCAGGTT-1_contig_1,False,555,TRA,TRAV3-3,None,TRAJ49,TRAC,True,True,CAVSGNTGYQNFYF,TGCGCAGTCAGTGGAAACACGGGTTACCAGAACTTCTATTTT,2456,1,None,None
GTCACAAAGGTACTCT-1,False,GTCACAAAGGTACTCT-1_contig_1,False,514,TRB,TRBV16,None,TRBJ2-5,None,True,True,CASSLGGGQDTQYF,TGTGCAAGCAGCTTAGGGGGGGGCCAAGACACCCAGTACTTT,1850,1,None,None
GTCACAAAGTAAGTAC-1,False,GTCACAAAGTAAGTAC-1_contig_1,False,549,TRB,TRBV16,None,TRBJ2-7,None,True,True,CASSFGGGADEQYF,TGTGCAAGCAGCTTTGGTGGGGGGGCGGATGAACAGTACTTC,904,1,None,None
GTCACAAAGTAGATGT-1,False,GTCACAAAGTAGATGT-1_contig_1,False,559,TRB,TRBV12-2+TRBV13-2,None,TRBJ2-7,None,True,True,CASGVQGEQYF,TGTGCCAGCGGTGTTCAGGGAGAACAGTACTTC,1662,1,None,None
GTCACAACAAATACAG-1,False,GTCACAACAAATACAG-1_contig_1,False,559,TRA,TRAV14D-1,None,TRAJ27,TRAC,True,True,CAASGANTGKLTF,TGTGCAGCAAGTGGCGCCAATACAGGCAAATTAACCTTT,692,1,None,None
GTCACAACAAGCTGGA-1,False,GTCACAACAAGCTGGA-1_contig_1,False,557,TRB,TRBV12-2+TRBV13-2,None,TRBJ2-7,None,True,True,CASGTGDEQYF,TGTGCCAGCGGGACAGGGGATGAACAGTACTTC,1852,1,None,None
GTCACAACACTTCTGC-1,False,GTCACAACACTTCTGC-1_contig_1,False,522,TRB,TRBV5,None,TRBJ1-5,TRBC1,True,True,CASSHPGQNNQAPLF,TGTGCCAGCAGCCACCCGGGACAGAACAACCAGGCTCCGCTTTTT,2922,2,None,None
GTCACAACACTTCTGC-1,False,GTCACAACACTTCTGC-1_contig_2,False,486,TRB,TRBV12-2+TRBV13-2,None,TRBJ2-7,None,True,True,CASGTGGDYEQYF,TGTGCCAGCGGGACTGGGGGGGACTATGAACAGTACTTC,1500,1,None,None
GTCACAACACTTGGAT-1,False,GTCACAACACTTGGAT-1_contig_1,False,517,TRA,TRAV19,None,TRAJ39,TRAC,True,True,CAAGGNNAGAKLTF,TGCGCAGCAGGTGGGAATAATGCAGGTGCCAAGCTCACATTC,1230,1,None,None
GTCACAACAGTGACAG-1,False,GTCACAACAGTGACAG-1_contig_1,False,505,TRB,TRBV13-1,None,TRBJ2-3,None,True,True,CASGDSAETLYF,TGTGCCAGCGGGGACAGTGCAGAAACGCTGTATTTT,4598,2,None,None
GTCACAACATAACCTG-1,False,GTCACAACATAACCTG-1_contig_1,False,562,TRB,TRBV12-2+TRBV13-2,None,TRBJ1-5,TRBC1,True,True,CASGTGDNQAPLF,TGTGCCAGCGGGACCGGGGACAACCAGGCTCCGCTTTTT,1348,1,None,None
GTCACAACATGTAGTC-1,False,GTCACAACATGTAGTC-1_contig_1,False,331,Multi,TRDV1,None,None,TRAC,False,False,None,None,2110,1,None,None
GTCACAACATTCCTGC-1,False,GTCACAACATTCCTGC-1_contig_1,False,573,TRB,TRBV13-2,None,TRBJ2-2,None,True,True,CASGGTGGANTGQLYF,TGTGCCAGCGGTGGGACTGGGGGGGCTAACACCGGGCAGCTCTACTTT,394,1,None,None
GTCACAAGTAAAGTCA-1,False,GTCACAAGTAAAGTCA-1_contig_1,False,367,TRB,None,None,TRBJ1-4,TRBC1,False,False,None,None,1754,1,None,None
GTCACAAGTAGCAAAT-1,False,GTCACAAGTAGCAAAT-1_contig_1,False,355,TRB,None,None,TRBJ2-7,None,False,False,None,None,2748,1,None,None
GTCACAATCCGATATG-1,False,GTCACAATCCGATATG-1_contig_1,False,535,TRA,TRAV6D-5,None,TRAJ33,TRAC,True,True,CVLGLDSNYQLIW,TGTGTTCTGGGGCTGGATAGCAACTATCAGTTGATCTGG,1998,1,None,None
GTCACAATCCGCGTTT-1,False,GTCACAATCCGCGTTT-1_contig_1,False,561,TRB,TRBV12-2+TRBV13-2,None,TRBJ2-5,None,True,True,CASGVQGDTQYF,TGTGCCAGCGGTGTTCAGGGGGACACCCAGTACTTT,1252,1,None,None
GTCACAATCCGTCATC-1,False,GTCACAATCCGTCATC-1_contig_1,False,389,TRA,TRAV7D-5,None,TRAJ31,TRAC,True,False,CSERSNNRIFF,TGCAGTGAGCGAAGCAATAACAGAATCTTCTTT,3408,1,None,None
GTCACAATCCTATGTT-1,False,GTCACAATCCTATGTT-1_contig_1,False,629,TRB,TRBV12-2+TRBV13-2,None,TRBJ1-5,TRBC1,True,True,CASGTGDNQAPLF,TGTGCCAGCGGGACAGGGGACAACCAGGCTCCGCTTTTT,586,1,None,None
GTCACAATCCTATGTT-1,False,GTCACAATCCTATGTT-1_contig_2,True,640,TRB,None,None,TRBJ1-2,TRBC1,False,False,None,None,4758,4,None,None
GTCACAATCCTTCAAT-1,False,GTCACAATCCTTCAAT-1_contig_1,False,569,TRB,TRBV12-2+TRBV13-2,None,TRBJ1-2,TRBC1,True,True,CASGGGTGNSDYTF,TGTGCCAGCGGTGGGGGGACAGGGAACTCCGACTACACCTTC,1040,1,None,None
GTCACGGAGAGCAATT-1,False,GTCACGGAGAGCAATT-1_contig_1,False,546,TRA,TRAV8-1,None,TRAJ30,TRAC,True,True,CATDTNAYKVIF,TGTGCTACTGACACAAATGCTTACAAAGTCATCTTT,1908,1,None,None
GTCACGGAGCCCAATT-1,False,GTCACGGAGCCCAATT-1_contig_1,False,558,TRB,TRBV12-2+TRBV13-2,None,TRBJ2-7,None,True,True,CASGVQGEQYF,TGTGCCAGCGGTGTTCAGGGAGAACAGTACTTC,408,2,None,None
GTCACGGAGTACGTTC-1,False,GTCACGGAGTACGTTC-1_contig_1,False,593,TRB,TRBV12-2+TRBV13-2,None,TRBJ1-5,TRBC1,True,True,CASGTGDNQAPLF,TGTGCCAGCGGGACAGGGGACAACCAGGCTCCGCTTTTT,1258,1,None,None
GTCACGGAGTAGTGCG-1,False,GTCACGGAGTAGTGCG-1_contig_1,False,552,TRA,TRAV8N-2,None,TRAJ43,TRAC,True,False,CATDANNNNAPRF,TGTGCTACTGATGCCAATAACAACAATGCCCCACGATTT,1918,1,None,None
GTCACGGCAGTACACT-1,False,GTCACGGCAGTACACT-1_contig_1,False,567,TRB,TRBV12-2+TRBV13-2,None,TRBJ1-2,TRBC1,True,True,CASGGGTGNSDYTF,TGTGCCAGCGGTGGGGGGACAGGGAACTCCGACTACACCTTC,586,1,None,None
GTCACGGCAGTTAACC-1,False,GTCACGGCAGTTAACC-1_contig_1,False,568,TRB,TRBV12-2+TRBV13-2,None,TRBJ1-2,TRBC1,True,True,CASGGGTGNSDYTF,TGTGCCAGCGGTGGGGGGACAGGGAACTCCGACTACACCTTC,446,1,None,None
GTCACGGCATATGCTG-1,False,GTCACGGCATATGCTG-1_contig_1,False,564,TRB,TRBV12-2+TRBV13-2,None,TRBJ2-1,None,True,True,CASERGALAEQFF,TGTGCCAGCGAAAGGGGGGCGCTGGCTGAGCAGTTCTTC,1420,2,None,None
GTCACGGGTCCGACGT-1,False,GTCACGGGTCCGACGT-1_contig_1,False,517,TRA,TRAV19,None,TRAJ39,TRAC,True,True,CAAGGNNAGAKLTF,TGCGCAGCAGGTGGGAATAATGCAGGTGCCAAGCTCACATTC,2676,1,None,None
GTCACGGGTCTCATCC-1,False,GTCACGGGTCTCATCC-1_contig_1,False,537,TRA,TRAV3-3,None,TRAJ49,TRAC,True,True,CAVSGATGYQNFYF,TGCGCAGTCAGTGGGGCCACGGGTTACCAGAACTTCTATTTT,1402,1,None,None
GTCACGGGTTACGTCA-1,False,GTCACGGGTTACGTCA-1_contig_1,False,507,TRA,TRAV21-DV12,None,TRAJ42,TRAC,True,True,CILRVHGGSNAKLTF,TGTATCCTGAGAGTCCATGGAGGAAGCAATGCAAAGCTAACCTTC,1422,1,None,None
GTCACGGGTTCAGGCC-1,False,GTCACGGGTTCAGGCC-1_contig_1,False,566,TRB,TRBV12-2+TRBV13-2,None,TRBJ2-7,None,True,True,CASGVQGWEQYF,TGTGCCAGCGGTGTACAGGGGTGGGAACAGTACTTC,1540,1,None,None
GTCACGGTCAAGCCTA-1,False,GTCACGGTCAAGCCTA-1_contig_1,True,537,TRA,TRAV8-1,None,TRAJ30,TRAC,True,True,CATDTNAYKVIF,TGTGCTACCGACACAAATGCTTACAAAGTCATCTTT,2294,1,None,None
GTCACGGTCAAGCCTA-1,False,GTCACGGTCAAGCCTA-1_contig_2,True,563,TRA,TRAV15D-1-DV6D-1,None,TRAJ16,TRAC,True,False,None,None,954,2,None,None
GTCACGGTCAGCAACT-1,False,GTCACGGTCAGCAACT-1_contig_1,False,518,TRB,TRBV13-2,None,TRBJ1-2,TRBC1,True,True,CASGGGTGNSDYTF,TGTGCCAGCGGTGGGGGGACAGGGAACTCCGACTACACCTTC,546,1,None,None
GTCACGGTCAGCACAT-1,False,GTCACGGTCAGCACAT-1_contig_1,False,536,TRA,TRAV19,None,TRAJ39,TRAC,True,True,CAAGGNNAGAKLTF,TGCGCAGCAGGTGGGAATAATGCAGGTGCCAAGCTCACATTC,2186,1,None,None
GTCACGGTCAGCACAT-1,False,GTCACGGTCAGCACAT-1_contig_2,False,564,TRB,TRBV12-2+TRBV13-2,None,TRBJ1-5,TRBC1,True,True,CASGTGDNQAPLF,TGTGCCAGCGGTACCGGGGACAACCAGGCTCCGCTTTTT,1680,1,None,None
GTCACGGTCCTCCTAG-1,False,GTCACGGTCCTCCTAG-1_contig_1,False,505,TRB,TRBV13-1,None,TRBJ2-1,None,True,True,CASSDNYAEQFF,TGTGCCAGCAGTGACAACTATGCTGAGCAGTTCTTC,1940,1,None,None
GTCACGGTCCTCCTAG-1,False,GTCACGGTCCTCCTAG-1_contig_2,False,697,TRA,TRAV9D-2,None,TRAJ26,TRAC,True,True,CVLSRGNNYAQGLTF,TGTGTTCTGAGCAGGGGCAATAACTATGCCCAGGGATTAACCTTC,1892,1,None,None
GTCACGGTCGCTAGCG-1,False,GTCACGGTCGCTAGCG-1_contig_1,False,311,TRB,None,None,TRBJ2-5,None,False,False,None,None,2060,1,None,None
GTCACGGTCGCTAGCG-1,False,GTCACGGTCGCTAGCG-1_contig_2,False,730,TRB,None,None,TRBJ2-7,None,False,False,None,None,1434,1,None,None
GTCACGGTCGGCATCG-1,False,GTCACGGTCGGCATCG-1_contig_1,False,599,TRB,TRBV12-2+TRBV13-2,None,TRBJ1-2,TRBC1,True,True,CASGGGTGNSDYTF,TGTGCCAGCGGTGGGGGGACAGGGAACTCCGACTACACCTTC,1678,1,None,None
GTCACGGTCGGCGCTA-1,False,GTCACGGTCGGCGCTA-1_contig_1,False,502,TRB,TRBV13-1,None,TRBJ2-2,None,True,True,CASSDPGQLYF,TGTGCCAGCAGTGACCCCGGGCAGCTCTACTTT,1892,1,None,None
GTCATTTAGACAAGCC-1,False,GTCATTTAGACAAGCC-1_contig_1,False,571,TRA,TRAV8-1,None,TRAJ15,TRAC,True,True,CATDAQGGRALIF,TGTGCTACTGATGCCCAGGGAGGCAGAGCTCTGATATTT,1382,1,None,None
GTCATTTAGACAAGCC-1,False,GTCATTTAGACAAGCC-1_contig_2,False,596,TRB,TRBV3,None,TRBJ2-5,None,True,True,CASSFDQDTQYF,TGTGCCAGCAGCTTTGACCAAGACACCCAGTACTTT,3886,2,None,None
GTCATTTAGAGGGCTT-1,False,GTCATTTAGAGGGCTT-1_contig_1,False,547,TRB,TRBV12-2+TRBV13-2,None,TRBJ1-2,TRBC1,True,True,CASGGGTGNSDYTF,TGTGCCAGCGGTGGGGGGACAGGGAACTCCGACTACACCTTC,1628,1,None,None
GTCATTTAGATCTGCT-1,False,GTCATTTAGATCTGCT-1_contig_1,False,589,TRB,TRBV12-2+TRBV13-2,None,TRBJ1-2,TRBC1,True,True,CASGGGTGNSDYTF,TGTGCCAGCGGTGGGGGGACAGGGAACTCCGACTACACCTTC,976,1,None,None
GTCATTTAGATCTGCT-1,False,GTCATTTAGATCTGCT-1_contig_2,False,333,TRB,None,None,TRBJ2-1,None,False,False,None,None,3526,1,None,None
GTCATTTAGATGGGTC-1,False,GTCATTTAGATGGGTC-1_contig_1,False,566,TRB,TRBV12-2+TRBV13-2,None,TRBJ1-2,TRBC1,True,True,CASGGGTGNSDYTF,TGTGCCAGCGGTGGGGGGACAGGGAACTCCGACTACACCTTC,1102,1,None,None
GTCATTTAGCGCCTCA-1,False,GTCATTTAGCGCCTCA-1_contig_1,False,505,TRB,TRBV13-1,None,TRBJ2-3,None,True,True,CASGDSAETLYF,TGTGCCAGCGGGGACAGTGCAGAAACGCTGTATTTT,900,1,None,None
GTCATTTAGCTTTGGT-1,False,GTCATTTAGCTTTGGT-1_contig_1,False,334,TRB,TRBV31,None,TRBJ2-4,None,True,False,CAWDNQNTLYF,TGTGCCTGGGACAATCAAAACACCTTGTACTTT,2632,1,None,None
GTCATTTCAAAGGTGC-1,False,GTCATTTCAAAGGTGC-1_contig_1,False,583,TRB,TRBV12-2+TRBV13-2,None,TRBJ1-5,TRBC1,True,True,CASGTGDNQAPLF,TGTGCCAGCGGTACAGGAGACAACCAGGCTCCGCTTTTT,1144,1,None,None
GTCATTTCAAGGTGTG-1,False,GTCATTTCAAGGTGTG-1_contig_1,False,564,TRB,TRBV12-2+TRBV13-2,None,TRBJ1-5,TRBC1,True,True,CASGTGDNQAPLF,TGTGCCAGCGGTACAGGGGATAACCAGGCTCCGCTTTTT,1308,1,None,None
GTCATTTCACGGTAGA-1,False,GTCATTTCACGGTAGA-1_contig_1,False,561,TRB,TRBV12-2+TRBV13-2,None,TRBJ2-7,None,True,True,CASGVQGEQYF,TGTGCCAGCGGTGTTCAGGGAGAACAGTACTTC,1136,1,None,None
GTCATTTCACGTTGGC-1,False,GTCATTTCACGTTGGC-1_contig_1,False,320,TRB,None,None,TRBJ2-3,None,False,False,None,None,1708,1,None,None
GTCATTTCAGATCTGT-1,False,GTCATTTCAGATCTGT-1_contig_1,False,525,TRB,TRBV17,None,TRBJ2-5,None,True,True,CASSRKGVQDTQYF,TGTGCTAGCAGTAGAAAGGGGGTCCAAGACACCCAGTACTTT,478,1,None,None
GTCATTTCAGTAAGAT-1,False,GTCATTTCAGTAAGAT-1_contig_1,False,638,TRB,TRBV12-2+TRBV13-2,None,TRBJ1-2,TRBC1,True,True,CASGGGTGNSDYTF,TGTGCCAGCGGTGGGGGGACAGGGAACTCCGACTACACCTTC,1184,1,None,None
GTCATTTGTGAGGGAG-1,False,GTCATTTGTGAGGGAG-1_contig_1,False,395,TRB,None,None,TRBJ1-3,TRBC1,False,False,None,None,1668,1,None,None
GTCATTTGTGGCGAAT-1,False,GTCATTTGTGGCGAAT-1_contig_1,False,563,TRB,TRBV12-2+TRBV13-2,None,TRBJ1-4,TRBC1,True,True,CASGDAPERLFF,TGTGCCAGCGGTGATGCTCCCGAAAGATTATTTTTC,1294,1,None,None
GTCATTTGTGTAAGTA-1,False,GTCATTTGTGTAAGTA-1_contig_1,False,551,TRB,TRBV12-2+TRBV13-2,None,TRBJ2-1,None,True,True,CASGDPFQFF,TGTGCCAGCGGTGATCCTTTCCAGTTCTTC,124,1,None,None
GTCATTTGTTCCAACA-1,False,GTCATTTGTTCCAACA-1_contig_1,False,566,TRA,TRAV3-3,None,TRAJ49,TRAC,True,True,CAVSGATGYQNFYF,TGCGCAGTCAGTGGGGCCACGGGTTACCAGAACTTCTATTTT,1928,1,None,None
GTCATTTTCAGCTGGC-1,False,GTCATTTTCAGCTGGC-1_contig_1,False,510,TRA,TRAV3D-3,None,TRAJ28,TRAC,True,False,CTSAQSVRGTGSNRLTF,TGTACTTCTGCGCAGTCAGTGAGGGGCACTGGGAGTAACAGGCTCACTTTT,1588,1,None,None
GTCATTTTCAGTGTTG-1,False,GTCATTTTCAGTGTTG-1_contig_1,False,516,TRA,TRAV19,None,TRAJ39,TRAC,True,True,CAAGGNNAGAKLTF,TGCGCAGCAGGTGGGAATAATGCAGGTGCCAAGCTCACATTC,2190,1,None,None
GTCATTTTCCGCGGTA-1,False,GTCATTTTCCGCGGTA-1_contig_1,False,553,TRB,TRBV12-2+TRBV13-2,None,TRBJ2-7,None,True,True,CASGVQGEQYF,TGTGCCAGCGGTGTTCAGGGAGAACAGTACTTC,868,1,None,None
GTCATTTTCCTAAGTG-1,False,GTCATTTTCCTAAGTG-1_contig_1,False,532,TRA,TRAV13-4-DV7,None,TRAJ58,TRAC,True,True,CAPMQQGTGSKLSF,TGTGCTCCTATGCAGCAAGGCACTGGGTCTAAGCTGTCATTT,1134,1,None,None
GTCATTTTCGGGAGTA-1,False,GTCATTTTCGGGAGTA-1_contig_1,False,557,TRB,TRBV12-2+TRBV13-2,None,TRBJ2-1,None,True,True,CASGGYAEQFF,TGTGCCAGCGGGGGCTATGCTGAGCAGTTCTTC,1312,1,None,None
GTCATTTTCTGGCGAC-1,False,GTCATTTTCTGGCGAC-1_contig_1,False,539,TRA,TRAV6D-5,None,TRAJ38,TRAC,True,False,CTTVFWDNVGDNSKLIW,TGTACTACTGTGTTCTGGGATAATGTTGGTGACAACAGTAAGCTGATTTGG,2100,1,None,None
GTCCTCAAGAAAGTGG-1,False,GTCCTCAAGAAAGTGG-1_contig_1,False,565,TRB,TRBV12-2+TRBV13-2,None,TRBJ1-2,TRBC1,True,True,CASGGGFNSDYTF,TGTGCCAGCGGTGGGGGGTTCAACTCCGACTACACCTTC,1288,1,None,None
GTCCTCAAGAATGTTG-1,False,GTCCTCAAGAATGTTG-1_contig_1,False,592,TRB,TRBV13-1,None,TRBJ1-4,TRBC1,True,False,CASGTGANERLFF,TGTGCCAGCGGGACAGGGGCCAACGAAAGATTATTTTTC,1810,1,None,None
GTCCTCAAGCGATAGC-1,False,GTCCTCAAGCGATAGC-1_contig_1,False,561,TRA,TRAV4D-3,None,TRAJ27,TRAC,True,True,CAADGPNTGKLTF,TGTGCTGCGGACGGACCCAATACAGGCAAATTAACCTTT,1212,1,None,None
GTCCTCAAGCGTGAGT-1,False,GTCCTCAAGCGTGAGT-1_contig_1,False,561,TRA,TRAV4D-3,None,TRAJ27,TRAC,True,True,CAADGPNTGKLTF,TGTGCTGCGGACGGACCCAATACAGGCAAATTAACCTTT,2100,1,None,None
GTCCTCAAGGAGTCTG-1,False,GTCCTCAAGGAGTCTG-1_contig_1,False,529,TRB,TRBV12-2+TRBV13-2,None,TRBJ1-2,TRBC1,True,True,CASGGGTGNSDYTF,TGTGCCAGCGGTGGGGGGACAGGGAACTCCGACTACACCTTC,1276,1,None,None
GTCCTCAGTAGCGCTC-1,False,GTCCTCAGTAGCGCTC-1_contig_1,False,549,TRB,TRBV16,None,TRBJ2-5,None,True,True,CASSLGGGQDTQYF,TGTGCAAGCAGCTTAGGGGGGGGCCAAGACACCCAGTACTTT,758,1,None,None
GTCCTCAGTCACCCAG-1,False,GTCCTCAGTCACCCAG-1_contig_1,False,335,TRB,None,None,TRBJ2-1,None,False,False,None,None,3690,1,None,None
GTCCTCAGTCGCTTCT-1,False,GTCCTCAGTCGCTTCT-1_contig_1,False,619,TRB,TRBV12-2+TRBV13-2,None,TRBJ1-2,TRBC1,True,True,CASGGGTGNSDYTF,TGTGCCAGCGGTGGGGGGACAGGGAACTCCGACTACACCTTC,1620,1,None,None
GTCCTCAGTGACGGTA-1,False,GTCCTCAGTGACGGTA-1_contig_1,False,537,TRA,TRAV3-3,None,TRAJ49,TRAC,True,True,CAVSGSTGYQNFYF,TGCGCAGTCAGTGGGAGCACGGGTTACCAGAACTTCTATTTT,8294,4,None,None
GTCCTCAGTGACGGTA-1,False,GTCCTCAGTGACGGTA-1_contig_2,False,596,TRB,TRBV12-2+TRBV13-2,None,TRBJ2-7,None,True,True,CASGVQGWEQYF,TGTGCCAGCGGTGTACAGGGGTGGGAACAGTACTTC,298,2,None,None
GTCCTCAGTGACGGTA-1,False,GTCCTCAGTGACGGTA-1_contig_3,True,451,TRA,TRAV6D-5,None,TRAJ38,None,True,False,CTTVFWDNVGDNSKLIW,TGTACTACTGTGTTCTGGGATAATGTTGGTGACAACAGTAAGCTGATTTGG,1438,1,None,None
GTCCTCAGTGAGGGTT-1,False,GTCCTCAGTGAGGGTT-1_contig_1,False,443,TRB,None,None,TRBJ1-4,TRBC1,False,False,None,None,1886,1,None,None
GTCCTCAGTGGCGAAT-1,False,GTCCTCAGTGGCGAAT-1_contig_1,False,558,TRA,TRAV10N,None,TRAJ7,TRAC,True,True,CAPEPDYSNNRLTL,TGTGCACCGGAACCGGACTACAGCAACAACAGACTTACTTTG,1082,1,None,None
GTCCTCAGTTCAGTAC-1,False,GTCCTCAGTTCAGTAC-1_contig_1,False,572,TRA,TRAV4D-3,None,TRAJ27,TRAC,True,True,CAADGPNTGKLTF,TGTGCTGCGGACGGACCCAATACAGGCAAATTAACCTTT,1364,1,None,None
GTCCTCATCCTGCAGG-1,False,GTCCTCATCCTGCAGG-1_contig_1,False,525,TRB,TRBV17,None,TRBJ2-5,None,True,True,CASSRKGSQDTQYF,TGTGCTAGCAGTAGAAAGGGTTCTCAAGACACCCAGTACTTT,1624,1,None,None
GTCCTCATCCTGCAGG-1,False,GTCCTCATCCTGCAGG-1_contig_2,False,529,Multi,TRDV1,None,TRAJ43,TRAC,True,False,CGGLNNAPRF,TGTGGAGGCCTCAACAATGCCCCACGATTT,1636,1,None,None
GTCCTCATCTAGAGTC-1,False,GTCCTCATCTAGAGTC-1_contig_1,False,505,TRB,TRBV13-1,None,TRBJ2-1,None,True,True,CASSDNYAEQFF,TGTGCCAGCAGTGACAACTATGCTGAGCAGTTCTTC,1166,1,None,None
GTCCTCATCTTGCCGT-1,False,GTCCTCATCTTGCCGT-1_contig_1,False,335,TRB,None,None,TRBJ2-1,None,False,False,None,None,836,1,None,None
GTCGGGTAGTGACATA-1,False,GTCGGGTAGTGACATA-1_contig_1,False,509,TRB,TRBV13-1,None,TRBJ2-5,None,True,True,CASSDGDDTQYF,TGTGCCAGCAGTGACGGGGACGACACCCAGTACTTT,56,1,None,None
GTCGGGTCACATCTTT-1,False,GTCGGGTCACATCTTT-1_contig_1,False,568,TRB,TRBV12-2+TRBV13-2,None,TRBJ1-2,TRBC1,True,True,CASGGGTGNSDYTF,TGTGCCAGCGGTGGGGGGACAGGGAACTCCGACTACACCTTC,1046,1,None,None
GTCGGGTCACTTGGAT-1,False,GTCGGGTCACTTGGAT-1_contig_1,False,549,TRB,TRBV16,None,TRBJ2-5,None,True,True,CASSWGGGQDTQYF,TGTGCAAGCAGCTGGGGGGGCGGGCAAGACACCCAGTACTTT,1966,1,None,None
GTCGGGTCAGACTCGC-1,False,GTCGGGTCAGACTCGC-1_contig_1,False,484,TRB,None,None,TRBJ1-1,TRBC1,False,False,None,None,112,1,None,None
GTCGGGTGTCTGATCA-1,False,GTCGGGTGTCTGATCA-1_contig_1,False,417,TRB,TRBV13-1,None,TRBJ2-3,None,True,True,CASGDSAETLYF,TGTGCCAGCGGGGACAGTGCAGAAACGCTGTATTTT,168,1,None,None
GTCGGGTGTGCCTGCA-1,False,GTCGGGTGTGCCTGCA-1_contig_1,False,542,TRA,TRAV7D-3,None,TRAJ31,TRAC,True,False,None,None,1574,1,None,None
GTCGGGTTCATCACCC-1,False,GTCGGGTTCATCACCC-1_contig_1,False,574,TRB,TRBV12-2+TRBV13-2,None,TRBJ2-7,None,True,True,CASGGLGEQYF,TGTGCCAGCGGTGGCCTGGGGGAACAGTACTTC,860,1,None,None
GTCGGGTTCCAAACTG-1,False,GTCGGGTTCCAAACTG-1_contig_1,False,431,TRB,TRBV16,None,TRBJ2-5,None,False,False,CKQLRG,TGCAAGCAGCTTAGGGGG,190,3,None,None
GTCGGGTTCGTTGACA-1,False,GTCGGGTTCGTTGACA-1_contig_1,False,369,TRB,None,None,TRBJ1-2,TRBC1,False,False,None,None,2510,1,None,None
GTCGGGTTCTCCAACC-1,False,GTCGGGTTCTCCAACC-1_contig_1,False,543,TRB,TRBV13-2,None,TRBJ1-2,TRBC1,True,True,CASGGGTGNSDYTF,TGTGCCAGCGGTGGGGGGACAGGGAACTCCGACTACACCTTC,1384,1,None,None
GTCGTAAAGAGAGCTC-1,False,GTCGTAAAGAGAGCTC-1_contig_1,True,536,TRA,TRAV19,None,TRAJ39,TRAC,True,True,CAAGGNNAGAKLTF,TGCGCAGCAGGTGGGAATAATGCAGGTGCCAAGCTCACATTC,1888,2,None,None
GTCGTAAAGAGAGCTC-1,False,GTCGTAAAGAGAGCTC-1_contig_2,True,727,TRB,None,None,TRBJ2-5,None,False,False,None,None,2334,2,None,None
GTCGTAAAGCTCAACT-1,False,GTCGTAAAGCTCAACT-1_contig_1,False,343,TRB,None,None,TRBJ2-7,None,False,False,None,None,1342,1,None,None
GTCGTAAAGGGCTTCC-1,False,GTCGTAAAGGGCTTCC-1_contig_1,False,591,TRB,TRBV12-2+TRBV13-2,None,TRBJ2-7,None,True,True,CASGVQGEQYF,TGTGCCAGCGGTGTTCAGGGAGAACAGTACTTC,1394,1,None,None
GTCGTAAAGTGTGAAT-1,False,GTCGTAAAGTGTGAAT-1_contig_1,False,388,TRB,None,None,TRBJ2-1,None,False,False,None,None,2326,1,None,None
GTCGTAACAAGGTTTC-1,False,GTCGTAACAAGGTTTC-1_contig_1,False,504,TRB,TRBV13-1,None,TRBJ2-7,None,True,True,CASSGGHLEQYF,TGTGCCAGCAGTGGGGGACACCTTGAACAGTACTTC,1856,1,None,None
GTCGTAACACCACCAG-1,False,GTCGTAACACCACCAG-1_contig_1,False,549,TRB,TRBV16,None,TRBJ2-7,None,True,True,CASSFGGGADEQYF,TGTGCAAGCAGCTTTGGTGGGGGGGCGGATGAACAGTACTTC,2170,1,None,None
GTCGTAACACCCATGG-1,False,GTCGTAACACCCATGG-1_contig_1,False,499,TRB,TRBV13-1,None,TRBJ2-4,None,True,True,CASSEGTNTLYF,TGTGCCAGCAGTGAAGGAACAAACACCTTGTACTTT,1248,1,None,None
GTCGTAACACCTTGTC-1,False,GTCGTAACACCTTGTC-1_contig_1,False,522,TRB,TRBV5,None,TRBJ2-7,None,True,True,CASSQDWGGAVEQYF,TGTGCCAGCAGCCAAGACTGGGGGGGCGCAGTTGAACAGTACTTC,1976,1,None,None
GTCGTAACACCTTGTC-1,False,GTCGTAACACCTTGTC-1_contig_2,False,504,TRA,TRAV7-5,None,TRAJ45,TRAC,True,False,CSDTEGADRLTF,TGCAGTGATACAGAAGGTGCAGATAGACTCACCTTT,380,2,None,None
GTCGTAACAGACAGGT-1,False,GTCGTAACAGACAGGT-1_contig_1,False,556,TRA,TRAV19,None,TRAJ39,TRAC,True,True,CAAGGNNAGAKLTF,TGCGCAGCAGGTGGGAATAATGCAGGTGCCAAGCTCACATTC,2140,2,None,None
GTCGTAACAGACAGGT-1,False,GTCGTAACAGACAGGT-1_contig_2,False,547,TRB,TRBV12-2+TRBV13-2,None,TRBJ1-2,TRBC1,True,True,CASGGGTGNSDYTF,TGTGCCAGCGGTGGGGGGACAGGGAACTCCGACTACACCTTC,1266,1,None,None
GTCGTAACAGACAGGT-1,False,GTCGTAACAGACAGGT-1_contig_3,False,557,TRB,TRBV12-2+TRBV13-2,None,TRBJ2-7,None,True,True,CASGTGGDYEQYF,TGTGCCAGCGGGACTGGGGGGGACTATGAACAGTACTTC,2296,2,None,None
GTCGTAACAGGCTCAC-1,False,GTCGTAACAGGCTCAC-1_contig_1,False,383,TRA,None,None,TRAJ26,TRAC,False,False,None,None,1820,1,None,None
GTCGTAACAGTGAGTG-1,False,GTCGTAACAGTGAGTG-1_contig_1,False,508,TRB,TRBV13-1,None,TRBJ2-1,None,True,True,CASSGGDYAEQFF,TGTGCCAGCAGTGGAGGGGACTATGCTGAGCAGTTCTTC,3098,1,None,None
GTCGTAAGTCCATGAT-1,False,GTCGTAAGTCCATGAT-1_contig_1,False,573,TRA,TRAV4D-3,None,TRAJ27,TRAC,True,True,CAADGPNTGKLTF,TGTGCTGCGGACGGACCCAATACAGGCAAATTAACCTTT,2204,1,None,None
GTCGTAATCAGTACGT-1,False,GTCGTAATCAGTACGT-1_contig_1,False,660,TRA,TRAV9N-4,None,TRAJ22,TRAC,True,True,CALPSSGSWQLIF,TGTGCTCTCCCATCTTCTGGCAGCTGGCAACTCATCTTT,1730,1,None,None
GTCGTAATCCTTTCTC-1,False,GTCGTAATCCTTTCTC-1_contig_1,False,495,TRA,None,None,TRAJ58,TRAC,False,False,None,None,2334,1,None,None
GTCGTAATCGGTTAAC-1,False,GTCGTAATCGGTTAAC-1_contig_1,False,531,TRA,TRAV14N-3,None,TRAJ35,TRAC,True,False,None,None,2198,1,None,None
GTCGTAATCTATCCCG-1,False,GTCGTAATCTATCCCG-1_contig_1,False,401,TRB,None,None,TRBJ1-6,TRBC1,False,False,None,None,3090,1,None,None
GTCTCGTAGATGTGTA-1,False,GTCTCGTAGATGTGTA-1_contig_1,False,583,Multi,TRDV1,None,TRAJ43,TRAC,True,False,CGGLNNAPRF,TGTGGAGGCCTCAACAATGCCCCACGATTT,918,1,None,None
GTCTCGTAGCGGCTTC-1,False,GTCTCGTAGCGGCTTC-1_contig_1,False,590,TRA,TRAV19,None,TRAJ39,TRAC,True,True,CAAGGNNAGAKLTF,TGCGCAGCAGGTGGGAATAATGCAGGTGCCAAGCTCACATTC,2280,1,None,None
GTCTCGTAGTGGCACA-1,False,GTCTCGTAGTGGCACA-1_contig_1,False,557,TRB,TRBV12-2+TRBV13-2,None,TRBJ1-5,TRBC1,True,True,CASGTGDNQAPLF,TGTGCCAGCGGTACAGGAGACAACCAGGCTCCGCTTTTT,344,2,None,None
GTCTCGTCAAGAAAGG-1,False,GTCTCGTCAAGAAAGG-1_contig_1,False,426,TRB,None,None,TRBJ2-1,None,False,False,None,None,564,1,None,None
GTCTCGTCACAGACTT-1,False,GTCTCGTCACAGACTT-1_contig_1,False,562,TRB,TRBV12-2+TRBV13-2,None,TRBJ2-7,None,True,True,CASGVQGWEQYF,TGTGCCAGCGGTGTACAGGGGTGGGAACAGTACTTC,1062,1,None,None
GTCTCGTCACATTCGA-1,False,GTCTCGTCACATTCGA-1_contig_1,False,529,TRB,TRBV20,None,TRBJ1-6,TRBC1,True,True,CADRSYNSPLYF,TGTGCCGACAGGTCCTATAATTCGCCCCTCTACTTT,1146,1,None,None
GTCTCGTCAGGGCATA-1,False,GTCTCGTCAGGGCATA-1_contig_1,False,579,TRB,TRBV12-2+TRBV13-2,None,TRBJ1-5,TRBC1,True,True,CASGTGDNQAPLF,TGTGCCAGCGGGACAGGGGACAACCAGGCTCCGCTTTTT,1226,1,None,None
GTCTCGTCATACTACG-1,False,GTCTCGTCATACTACG-1_contig_1,False,525,TRB,TRBV17,None,TRBJ2-5,None,True,True,CASSRKGVQDTQYF,TGTGCTAGCAGTAGAAAGGGGGTCCAAGACACCCAGTACTTT,4262,2,None,None
GTCTCGTCATCGACGC-1,False,GTCTCGTCATCGACGC-1_contig_1,False,513,TRA,TRAV6-6,None,TRAJ24,TRAC,True,True,CAPLTTASLGKLQF,TGTGCTCCGTTGACAACTGCCAGTTTGGGGAAACTGCAGTTT,2160,2,None,None
GTCTCGTCATCGACGC-1,False,GTCTCGTCATCGACGC-1_contig_2,False,505,TRB,TRBV13-1,None,TRBJ2-4,None,True,True,CASSEGTNTLYF,TGTGCCAGCAGTGAAGGAACAAACACCTTGTACTTT,7802,6,None,None
GTCTCGTCATCGACGC-1,False,GTCTCGTCATCGACGC-1_contig_3,False,525,TRB,TRBV17,None,TRBJ2-5,None,True,True,CASSRKGSQDTQYF,TGTGCTAGCAGTAGAAAGGGTTCTCAAGACACCCAGTACTTT,2720,2,None,None
GTCTCGTCATCGACGC-1,False,GTCTCGTCATCGACGC-1_contig_4,True,358,TRA,TRAV9D-2,None,TRAJ26,TRAC,True,False,CVLSRGNNYAQGLTF,TGTGTTCTGAGCAGGGGCAATAACTATGCCCAGGGATTAACCTTC,1738,1,None,None
GTCTCGTCATCGACGC-1,False,GTCTCGTCATCGACGC-1_contig_5,True,717,TRA,TRAV13D-4,None,TRAJ9,TRAC,True,False,None,None,1502,1,None,None
GTCTCGTGTACAGTGG-1,False,GTCTCGTGTACAGTGG-1_contig_1,False,349,TRB,None,None,TRBJ2-1,None,False,False,None,None,2744,1,None,None
GTCTCGTGTATAGGGC-1,False,GTCTCGTGTATAGGGC-1_contig_1,False,525,TRB,TRBV17,None,TRBJ2-5,None,True,True,CASSRKGVQDTQYF,TGTGCTAGCAGTAGAAAGGGGGTCCAAGACACCCAGTACTTT,2176,1,None,None
GTCTCGTGTCGCTTTC-1,False,GTCTCGTGTCGCTTTC-1_contig_1,True,354,TRB,None,None,TRBJ2-7,None,False,False,None,None,2940,2,None,None
GTCTCGTGTTCACGGC-1,False,GTCTCGTGTTCACGGC-1_contig_1,False,561,TRB,TRBV12-2+TRBV13-2,None,TRBJ1-2,TRBC1,True,True,CASGGQANSDYTF,TGTGCCAGCGGTGGACAGGCAAACTCCGACTACACCTTC,1218,1,None,None
GTCTCGTTCCTGCCAT-1,False,GTCTCGTTCCTGCCAT-1_contig_1,False,674,TRB,TRBV12-2+TRBV13-2,None,TRBJ1-5,TRBC1,True,True,CASGTGDNQAPLF,TGTGCCAGCGGTACAGGAGACAACCAGGCTCCGCTTTTT,1372,1,None,None
GTCTCGTTCGTCCAGG-1,False,GTCTCGTTCGTCCAGG-1_contig_1,False,563,TRB,TRBV12-2+TRBV13-2,None,TRBJ1-2,TRBC1,True,True,CASGGGTGNSDYTF,TGTGCCAGCGGTGGGGGGACAGGGAACTCCGACTACACCTTC,1494,1,None,None
GTCTTCGAGCAGGTCA-1,False,GTCTTCGAGCAGGTCA-1_contig_1,False,558,TRA,TRAV19,None,TRAJ39,TRAC,True,True,CAAGGNNAGAKLTF,TGCGCAGCAGGTGGGAATAATGCAGGTGCCAAGCTCACATTC,1702,1,None,None
GTCTTCGAGCTTTGGT-1,False,GTCTTCGAGCTTTGGT-1_contig_1,False,629,TRB,None,None,TRBJ2-7,None,False,False,None,None,3070,2,None,None
GTCTTCGAGTTATCGC-1,False,GTCTTCGAGTTATCGC-1_contig_1,False,563,TRB,TRBV12-2+TRBV13-2,None,TRBJ1-5,TRBC1,True,True,CASGTGDNQAPLF,TGTGCCAGCGGGACAGGGGACAACCAGGCTCCGCTTTTT,1498,1,None,None
GTCTTCGGTACTTGAC-1,False,GTCTTCGGTACTTGAC-1_contig_1,False,557,TRA,TRAV8D-2,None,TRAJ27,TRAC,True,True,CATDEDTNTGKLTF,TGTGCTACAGATGAGGACACCAATACAGGCAAATTAACCTTT,1020,1,None,None
GTCTTCGGTATAGGTA-1,False,GTCTTCGGTATAGGTA-1_contig_1,True,310,TRB,None,None,TRBJ2-7,None,False,False,None,None,1996,2,None,None
GTCTTCGGTCAGATAA-1,False,GTCTTCGGTCAGATAA-1_contig_1,False,639,TRB,TRBV12-2+TRBV13-2,None,TRBJ1-2,TRBC1,True,True,CASGGGTGNSDYTF,TGTGCCAGCGGTGGGGGGACAGGGAACTCCGACTACACCTTC,1308,1,None,None
GTCTTCGGTCGAATCT-1,False,GTCTTCGGTCGAATCT-1_contig_1,False,576,TRA,TRAV16D-DV11,None,TRAJ44,TRAC,True,True,CAMRELTGSGGKLTL,TGTGCTATGAGAGAGCTTACTGGCAGTGGTGGAAAACTCACTTTG,898,1,None,None
GTCTTCGGTGTTGGGA-1,False,GTCTTCGGTGTTGGGA-1_contig_1,False,539,TRA,TRAV8-1,None,TRAJ48,TRAC,True,True,CATDGNEKITF,TGTGCTACTGATGGAAATGAGAAAATAACTTTT,2544,1,None,None
GTCTTCGTCCAAACAC-1,False,GTCTTCGTCCAAACAC-1_contig_1,False,563,TRB,TRBV12-2+TRBV13-2,None,TRBJ1-5,TRBC1,True,True,CASGTGDNQAPLF,TGTGCCAGCGGGACAGGGGACAACCAGGCTCCGCTTTTT,234,1,None,None
GTCTTCGTCCACGAAT-1,False,GTCTTCGTCCACGAAT-1_contig_1,False,484,TRB,TRBV5,None,TRBJ2-2,None,True,True,CASSTGQLYF,TGTGCCAGCAGCACCGGGCAGCTCTACTTT,1134,1,None,None
GTCTTCGTCGCCAAAT-1,False,GTCTTCGTCGCCAAAT-1_contig_1,False,563,TRB,TRBV12-2+TRBV13-2,None,TRBJ2-7,None,True,True,CASGVQGGEQYF,TGTGCCAGCGGTGTGCAGGGGGGAGAACAGTACTTC,1428,1,None,None
GTCTTCGTCGCCTGAG-1,False,GTCTTCGTCGCCTGAG-1_contig_1,False,509,TRB,TRBV13-1,None,TRBJ2-1,None,True,True,CASSDNYAEQFF,TGTGCCAGCAGTGACAACTATGCTGAGCAGTTCTTC,610,1,None,None
GTCTTCGTCTCAAGTG-1,False,GTCTTCGTCTCAAGTG-1_contig_1,False,481,TRB,TRBV26,None,TRBJ2-1,None,True,False,CASSLHKFYAEQFF,TGTGCCAGCAGTCTGCACAAATTCTATGCTGAGCAGTTCTTC,268,2,None,None
GTGAAGGAGACGACGT-1,False,GTGAAGGAGACGACGT-1_contig_1,False,567,TRB,TRBV12-2+TRBV13-2,None,TRBJ1-2,TRBC1,True,True,CASGGGTGNSDYTF,TGTGCCAGCGGTGGGGGGACAGGGAACTCCGACTACACCTTC,1372,1,None,None
GTGAAGGAGCAAATCA-1,False,GTGAAGGAGCAAATCA-1_contig_1,False,549,TRB,TRBV16,None,TRBJ2-5,None,True,True,CASSLGGGQDTQYF,TGTGCAAGCAGCTTAGGGGGGGGCCAAGACACCCAGTACTTT,1590,1,None,None
GTGAAGGAGCAGACTG-1,False,GTGAAGGAGCAGACTG-1_contig_1,False,565,TRB,TRBV12-2+TRBV13-2,None,TRBJ2-7,None,True,True,CASGDPGHRDF,TGTGCCAGCGGTGATCCGGGACACAGAGACTTC,2630,2,None,None
GTGAAGGAGGATCGCA-1,False,GTGAAGGAGGATCGCA-1_contig_1,False,533,TRB,TRBV13-2,None,TRBJ1-2,TRBC1,True,True,CASGGGTGNSDYTF,TGTGCCAGCGGTGGGGGGACAGGGAACTCCGACTACACCTTC,1898,1,None,None
GTGAAGGAGGTGCAAC-1,False,GTGAAGGAGGTGCAAC-1_contig_1,False,505,TRB,TRBV13-1,None,TRBJ2-3,None,True,True,CASGDSAETLYF,TGTGCCAGCGGGGACAGTGCAGAAACGCTGTATTTT,580,1,None,None
GTGAAGGCAATAAGCA-1,False,GTGAAGGCAATAAGCA-1_contig_1,False,575,TRA,TRAV14-2,None,TRAJ49,TRAC,True,True,CAAQGYQNFYF,TGTGCAGCACAGGGTTACCAGAACTTCTATTTT,1518,1,None,None
GTGAAGGCACATTCGA-1,False,GTGAAGGCACATTCGA-1_contig_1,False,432,TRB,None,None,TRBJ1-6,TRBC1,False,False,None,None,2310,1,None,None
GTGAAGGGTAAATGTG-1,False,GTGAAGGGTAAATGTG-1_contig_1,False,566,TRA,TRAV3-3,None,TRAJ49,TRAC,True,True,CAVSGSTGYQNFYF,TGCGCAGTCAGTGGGAGCACGGGTTACCAGAACTTCTATTTT,5556,4,None,None
GTGAAGGGTAAATGTG-1,False,GTGAAGGGTAAATGTG-1_contig_2,False,885,TRB,TRBV12-2+TRBV13-2,None,TRBJ2-7,None,True,True,CASGVQGWEQYF,TGTGCCAGCGGTGTACAGGGGTGGGAACAGTACTTC,1068,1,None,None
GTGAAGGGTCGACTAT-1,False,GTGAAGGGTCGACTAT-1_contig_1,False,565,TRB,TRBV12-2+TRBV13-2,None,TRBJ2-7,None,True,True,CASGTGGDYEQYF,TGTGCCAGCGGGACTGGGGGGGACTATGAACAGTACTTC,910,1,None,None
GTGAAGGGTGATGTGG-1,False,GTGAAGGGTGATGTGG-1_contig_1,False,590,TRB,TRBV12-2+TRBV13-2,None,TRBJ1-5,TRBC1,True,False,CASGTGDNQAPLF,TGTGCCAGCGGGACCGGGGACAACCAGGCTCCGCTTTTT,1732,1,None,None
GTGAAGGTCAGCATGT-1,False,GTGAAGGTCAGCATGT-1_contig_1,False,566,TRB,TRBV12-2+TRBV13-2,None,TRBJ1-2,TRBC1,True,True,CASGGGTGNSDYTF,TGTGCCAGCGGTGGGGGGACAGGGAACTCCGACTACACCTTC,1512,1,None,None
GTGAAGGTCATGCAAC-1,False,GTGAAGGTCATGCAAC-1_contig_1,False,551,TRA,TRAV19,None,TRAJ39,TRAC,True,True,CAAGGNNAGAKLTF,TGCGCAGCAGGTGGGAATAATGCAGGTGCCAAGCTCACATTC,1826,1,None,None
GTGAAGGTCCATGCTC-1,False,GTGAAGGTCCATGCTC-1_contig_1,False,558,TRB,TRBV12-2+TRBV13-2,None,TRBJ2-7,None,True,True,CASGVQGEQYF,TGTGCCAGCGGTGTTCAGGGAGAACAGTACTTC,554,1,None,None
GTGAAGGTCCCGACTT-1,False,GTGAAGGTCCCGACTT-1_contig_1,False,538,TRA,TRAV3D-3,None,TRAJ28,TRAC,True,False,CTSAQSVRGTGSNRLTF,TGTACTTCTGCGCAGTCAGTGAGGGGCACTGGGAGTAACAGGCTCACTTTT,862,1,None,None
GTGAAGGTCTGTCTAT-1,False,GTGAAGGTCTGTCTAT-1_contig_1,False,525,TRB,TRBV12-2+TRBV13-2,None,TRBJ1-2,None,True,True,CASGGGTGNSDYTF,TGTGCCAGCGGTGGGGGGACAGGGAACTCCGACTACACCTTC,436,1,None,None
GTGAAGGTCTTGCATT-1,False,GTGAAGGTCTTGCATT-1_contig_1,False,396,TRA,TRAV8D-1,None,TRAJ30,TRAC,True,False,CATDTNAYKVIF,TGTGCTACTGACACAAATGCTTACAAAGTCATCTTT,1916,1,None,None
GTGCAGCAGCTGTCTA-1,False,GTGCAGCAGCTGTCTA-1_contig_1,False,558,TRA,TRAV19,None,TRAJ39,TRAC,True,True,CAAGGNNAGAKLTF,TGCGCAGCAGGTGGGAATAATGCAGGTGCCAAGCTCACATTC,2720,1,None,None
GTGCAGCAGGATGTAT-1,False,GTGCAGCAGGATGTAT-1_contig_1,False,602,TRA,TRAV14N-3,None,TRAJ6,TRAC,True,True,CAARTSGGNYKPTF,TGTGCAGCAAGAACCTCAGGAGGAAACTACAAACCTACGTTT,836,1,None,None
GTGCAGCAGGCCCTTG-1,False,GTGCAGCAGGCCCTTG-1_contig_1,False,558,TRB,TRBV12-2+TRBV13-2,None,TRBJ2-7,None,True,True,CASGAGGEQYF,TGTGCCAGCGGTGCTGGGGGGGAACAGTACTTC,2654,2,None,None
GTGCAGCAGTGATCGG-1,False,GTGCAGCAGTGATCGG-1_contig_1,False,525,TRB,TRBV17,None,TRBJ2-5,None,True,True,CASSRKGSQDTQYF,TGTGCTAGCAGTAGAAAGGGTTCTCAAGACACCCAGTACTTT,1078,1,None,None
GTGCAGCAGTTAACGA-1,False,GTGCAGCAGTTAACGA-1_contig_1,False,469,TRB,TRBV12-2+TRBV13-2,None,TRBJ1-5,TRBC1,True,False,CASGTGDNQAPLF,TGTGCCAGCGGGACAGGGGACAACCAGGCTCCGCTTTTT,1384,1,None,None
GTGCAGCAGTTAACGA-1,False,GTGCAGCAGTTAACGA-1_contig_2,False,509,TRA,TRAV4-3,None,TRAJ23,TRAC,True,False,None,None,2218,1,None,None
GTGCAGCCAAGCCCAC-1,False,GTGCAGCCAAGCCCAC-1_contig_1,False,543,TRA,TRAV19,None,TRAJ39,TRAC,True,True,CAAGGNNAGAKLTF,TGCGCAGCAGGTGGGAATAATGCAGGTGCCAAGCTCACATTC,642,1,None,None
GTGCAGCCAAGCGAGT-1,False,GTGCAGCCAAGCGAGT-1_contig_1,False,549,TRB,TRBV16,None,TRBJ2-5,None,True,True,CASSLGGGADTQYF,TGTGCAAGCAGCTTAGGGGGGGGCGCGGACACCCAGTACTTT,2138,2,None,None
GTGCAGCCAATGAAAC-1,False,GTGCAGCCAATGAAAC-1_contig_1,False,549,TRB,TRBV16,None,TRBJ2-5,None,True,True,CASSLGGGQDTQYF,TGTGCAAGCAGCTTAGGGGGGGGCCAAGACACCCAGTACTTT,1152,1,None,None
GTGCAGCCACCCAGTG-1,False,GTGCAGCCACCCAGTG-1_contig_1,False,502,TRB,TRBV13-1,None,TRBJ2-2,None,True,True,CASSDPGQLYF,TGTGCCAGCAGTGACCCCGGGCAGCTCTACTTT,1330,1,None,None
GTGCAGCCATTGAGCT-1,False,GTGCAGCCATTGAGCT-1_contig_1,False,550,TRA,TRAV8D-2,None,TRAJ9,TRAC,True,False,CAPNMGYKLTF,TGTGCTCCAAACATGGGCTACAAACTTACCTTC,1916,1,None,None
GTGCAGCGTAGCACGA-1,False,GTGCAGCGTAGCACGA-1_contig_1,False,522,TRB,TRBV5,None,TRBJ1-5,TRBC1,True,True,CASSHPGQNNQAPLF,TGTGCCAGCAGCCACCCGGGACAGAACAACCAGGCTCCGCTTTTT,1312,1,None,None
GTGCAGCGTCCTCTTG-1,False,GTGCAGCGTCCTCTTG-1_contig_1,False,560,TRA,TRAV3-3,None,TRAJ49,TRAC,True,True,CAVSGATGYQNFYF,TGCGCAGTCAGTGGGGCCACGGGTTACCAGAACTTCTATTTT,1986,1,None,None
GTGCAGCGTTAAGGGC-1,False,GTGCAGCGTTAAGGGC-1_contig_1,False,569,TRA,TRAV3-3,None,TRAJ32,TRAC,True,True,CAVRPYGSSGNKLIF,TGCGCAGTCAGACCTTATGGGAGCAGTGGCAACAAGCTCATCTTT,1744,1,None,None
GTGCAGCGTTAGATGA-1,False,GTGCAGCGTTAGATGA-1_contig_1,False,519,TRA,TRAV6-6,None,TRAJ24,TRAC,True,True,CAPLTTASLGKLQF,TGTGCTCCGTTGACAACTGCCAGTTTGGGGAAACTGCAGTTT,602,1,None,None
GTGCAGCGTTCGCTAA-1,False,GTGCAGCGTTCGCTAA-1_contig_1,False,566,TRB,TRBV12-2+TRBV13-2,None,TRBJ1-5,TRBC1,True,True,CASGTGDNQAPLF,TGTGCCAGCGGGACCGGGGACAACCAGGCTCCGCTTTTT,1680,1,None,None
GTGCAGCTCGAGAACG-1,False,GTGCAGCTCGAGAACG-1_contig_1,False,448,TRB,None,None,TRBJ1-2,TRBC1,False,False,None,None,1724,1,None,None
GTGCATAAGAAACCGC-1,False,GTGCATAAGAAACCGC-1_contig_1,False,566,TRA,TRAV3-3,None,TRAJ49,TRAC,True,True,CAVSGATGYQNFYF,TGCGCAGTCAGTGGGGCCACGGGTTACCAGAACTTCTATTTT,252,1,None,None
GTGCATAAGAAAGTGG-1,False,GTGCATAAGAAAGTGG-1_contig_1,False,604,TRB,TRBV13-2,None,TRBJ1-2,TRBC1,True,True,CASGGGTGNSDYTF,TGTGCCAGCGGTGGGGGGACAGGGAACTCCGACTACACCTTC,600,1,None,None
GTGCATAAGGGATCTG-1,False,GTGCATAAGGGATCTG-1_contig_1,False,582,TRB,TRBV12-2+TRBV13-2,None,TRBJ1-2,TRBC1,True,True,CASGGGTGNSDYTF,TGTGCCAGCGGTGGGGGGACAGGGAACTCCGACTACACCTTC,894,1,None,None
GTGCATAAGGTGCTAG-1,False,GTGCATAAGGTGCTAG-1_contig_1,False,557,TRB,TRBV12-2+TRBV13-2,None,TRBJ1-4,TRBC1,True,True,CASGTGGDERLFF,TGTGCCAGCGGGACAGGGGGCGACGAAAGATTATTTTTC,1264,1,None,None
GTGCATACAAGCGATG-1,False,GTGCATACAAGCGATG-1_contig_1,False,574,TRA,TRAV14-2,None,TRAJ50,TRAC,True,True,CAATSSSSFSKLVF,TGTGCAGCAACTTCATCCTCCTCCTTCAGCAAGCTGGTGTTT,3780,2,None,None
GTGCATACAAGCGATG-1,False,GTGCATACAAGCGATG-1_contig_2,False,503,TRB,TRBV26,None,TRBJ2-5,None,True,True,CASSRGTDTQYF,TGTGCCAGCAGCCGCGGGACCGACACCCAGTACTTT,1752,1,None,None
GTGCATACACCGAATT-1,False,GTGCATACACCGAATT-1_contig_1,False,527,TRA,TRAV4D-3,None,TRAJ27,TRAC,True,True,CAADGPNTGKLTF,TGTGCTGCGGACGGACCCAATACAGGCAAATTAACCTTT,1456,1,None,None
GTGCATACACGACGAA-1,False,GTGCATACACGACGAA-1_contig_1,False,549,TRB,TRBV16,None,TRBJ2-5,None,True,True,CASSLGGGQDTQYF,TGTGCAAGCAGCTTAGGGGGGGGCCAAGACACCCAGTACTTT,788,1,None,None
GTGCATACAGTGGAGT-1,False,GTGCATACAGTGGAGT-1_contig_1,False,507,TRB,TRBV5,None,TRBJ2-2,None,True,True,CASSTGQLYF,TGTGCCAGCAGCACCGGGCAGCTCTACTTT,1898,1,None,None
GTGCATACAGTGGAGT-1,False,GTGCATACAGTGGAGT-1_contig_2,False,600,TRB,TRBV12-2+TRBV13-2,None,TRBJ1-2,TRBC1,True,True,CASGGGTGNSDYTF,TGTGCCAGCGGTGGGGGGACAGGGAACTCCGACTACACCTTC,1040,1,None,None
GTGCATACATAGTAAG-1,False,GTGCATACATAGTAAG-1_contig_1,False,561,TRB,TRBV12-2+TRBV13-2,None,TRBJ1-2,TRBC1,True,True,CASGGGTGNSDYTF,TGTGCCAGCGGTGGGGGGACAGGGAACTCCGACTACACCTTC,1170,1,None,None
GTGCATACATCGACGC-1,False,GTGCATACATCGACGC-1_contig_1,False,601,TRB,TRBV13-1,None,TRBJ2-3,None,True,False,CASGDSAETLYF,TGTGCCAGCGGGGACAGTGCAGAAACGCTGTATTTT,1376,1,None,None
GTGCATAGTGAAGGCT-1,False,GTGCATAGTGAAGGCT-1_contig_1,False,534,TRA,TRAV13D-4,None,TRAJ9,TRAC,True,False,None,None,674,1,None,None
GTGCATAGTGCGATAG-1,False,GTGCATAGTGCGATAG-1_contig_1,False,591,TRB,TRBV12-2+TRBV13-2,None,TRBJ1-5,TRBC1,True,True,CASGTGDNQAPLF,TGTGCCAGCGGGACAGGGGACAACCAGGCTCCGCTTTTT,2074,1,None,None
GTGCATAGTTATCGGT-1,False,GTGCATAGTTATCGGT-1_contig_1,False,560,TRA,TRAV4D-3,None,TRAJ27,TRAC,True,True,CAADGPNTGKLTF,TGTGCTGCGGACGGACCCAATACAGGCAAATTAACCTTT,2274,1,None,None
GTGCATAGTTCCACAA-1,False,GTGCATAGTTCCACAA-1_contig_1,False,502,TRA,TRAV13D-2,None,TRAJ11,TRAC,True,True,CAIDLDSGYNKLTF,TGTGCTATAGATCTTGACTCGGGATACAACAAACTCACTTTT,1792,2,None,None
GTGCATATCAACGGCC-1,False,GTGCATATCAACGGCC-1_contig_1,False,505,TRB,TRBV13-1,None,TRBJ2-3,None,True,True,CASGDSAETLYF,TGTGCCAGCGGGGACAGTGCAGAAACGCTGTATTTT,1098,1,None,None
GTGCATATCATATCGG-1,False,GTGCATATCATATCGG-1_contig_1,False,519,TRA,TRAV7-5,None,TRAJ45,TRAC,True,False,CSDTEGADRLTF,TGCAGTGATACAGAAGGTGCAGATAGACTCACCTTT,1774,1,None,None
GTGCATATCATGGTCA-1,False,GTGCATATCATGGTCA-1_contig_1,False,581,TRB,TRBV12-2+TRBV13-2,None,TRBJ1-2,TRBC1,True,True,CASGGGTGNSDYTF,TGTGCCAGCGGTGGGGGGACAGGGAACTCCGACTACACCTTC,2994,2,None,None
GTGCATATCATGGTCA-1,False,GTGCATATCATGGTCA-1_contig_2,True,486,TRB,TRBV13-1,None,TRBJ2-3,None,True,False,CASGDSAETLYF,TGTGCCAGCGGGGACAGTGCAGAAACGCTGTATTTT,702,1,None,None
GTGCATATCGCCTGAG-1,False,GTGCATATCGCCTGAG-1_contig_1,False,558,TRB,TRBV12-2+TRBV13-2,None,TRBJ2-7,None,True,True,CASGVQGWEQYF,TGTGCCAGCGGTGTACAGGGGTGGGAACAGTACTTC,1046,1,None,None
GTGCATATCGTGGTCG-1,False,GTGCATATCGTGGTCG-1_contig_1,False,505,TRB,TRBV13-1,None,TRBJ2-3,None,True,True,CASGDSAETLYF,TGTGCCAGCGGGGACAGTGCAGAAACGCTGTATTTT,1598,1,None,None
GTGCATATCTTGTACT-1,False,GTGCATATCTTGTACT-1_contig_1,False,551,TRA,TRAV19,None,TRAJ39,TRAC,True,True,CAAGGNNAGAKLTF,TGCGCAGCAGGTGGGAATAATGCAGGTGCCAAGCTCACATTC,2348,1,None,None
GTGCGGTAGCACAGGT-1,False,GTGCGGTAGCACAGGT-1_contig_1,False,574,TRB,TRBV12-2+TRBV13-2,None,TRBJ1-2,TRBC1,True,True,CASGGGTGNSDYTF,TGTGCCAGCGGTGGGGGGACAGGGAACTCCGACTACACCTTC,1156,1,None,None
GTGCGGTAGCACCGCT-1,False,GTGCGGTAGCACCGCT-1_contig_1,False,528,TRB,TRBV12-2+TRBV13-2,None,TRBJ1-2,TRBC1,True,True,CASGGGTGNSDYTF,TGTGCCAGCGGTGGGGGGACAGGGAACTCCGACTACACCTTC,1556,1,None,None
GTGCGGTAGCAGACTG-1,False,GTGCGGTAGCAGACTG-1_contig_1,False,566,TRA,TRAV16,None,TRAJ48,TRAC,True,True,CAMRESNYGNEKITF,TGTGCTATGAGAGAGAGCAACTATGGAAATGAGAAAATAACTTTT,1916,2,None,None
GTGCGGTAGCAGACTG-1,False,GTGCGGTAGCAGACTG-1_contig_2,False,563,TRB,TRBV12-2+TRBV13-2,None,TRBJ2-7,None,True,True,CASGDPGHRDF,TGTGCCAGCGGTGATCCGGGACACAGAGACTTC,1264,1,None,None
GTGCGGTAGCAGGCTA-1,False,GTGCGGTAGCAGGCTA-1_contig_1,False,541,TRA,TRAV8D-1,None,TRAJ30,TRAC,True,True,CATDTNAYKVIF,TGTGCTACTGACACAAATGCTTACAAAGTCATCTTT,1152,1,None,None
GTGCGGTAGGTCATCT-1,False,GTGCGGTAGGTCATCT-1_contig_1,False,519,TRA,TRAV8-1,None,TRAJ30,TRAC,True,True,CATDTNAYKVIF,TGTGCTACTGACACAAATGCTTACAAAGTCATCTTT,1602,2,None,None
GTGCGGTCAAGCCTAT-1,False,GTGCGGTCAAGCCTAT-1_contig_1,False,639,TRB,TRBV13-2,None,TRBJ1-2,TRBC1,True,True,CASGGGTGNSDYTF,TGTGCCAGCGGTGGGGGGACAGGGAACTCCGACTACACCTTC,818,1,None,None
GTGCGGTCAGGACCCT-1,False,GTGCGGTCAGGACCCT-1_contig_1,False,575,TRB,TRBV10,None,None,TRBC1,False,False,None,None,1796,1,None,None
GTGCGGTGTCTGGAGA-1,False,GTGCGGTGTCTGGAGA-1_contig_1,False,516,TRA,TRAV19,None,TRAJ39,TRAC,True,True,CAAGGNNAGAKLTF,TGCGCAGCAGGTGGGAATAATGCAGGTGCCAAGCTCACATTC,1588,2,None,None
GTGCGGTGTTCAGACT-1,False,GTGCGGTGTTCAGACT-1_contig_1,False,579,TRB,TRBV12-2+TRBV13-2,None,TRBJ1-2,TRBC1,True,True,CASGGGTGNSDYTF,TGTGCCAGCGGTGGGGGGACAGGGAACTCCGACTACACCTTC,1734,2,None,None
GTGCGGTTCATGTCTT-1,False,GTGCGGTTCATGTCTT-1_contig_1,False,558,TRA,TRAV19,None,TRAJ39,TRAC,True,True,CAAGGNNAGAKLTF,TGCGCAGCAGGTGGGAATAATGCAGGTGCCAAGCTCACATTC,7826,6,None,None
GTGCGGTTCATGTCTT-1,False,GTGCGGTTCATGTCTT-1_contig_2,False,606,TRB,TRBV12-2+TRBV13-2,None,TRBJ1-2,TRBC1,True,True,CASGGGTGNSDYTF,TGTGCCAGCGGTGGGGGGACAGGGAACTCCGACTACACCTTC,10806,12,None,None
GTGCGGTTCATGTCTT-1,False,GTGCGGTTCATGTCTT-1_contig_3,False,557,TRB,TRBV12-2+TRBV13-2,None,TRBJ2-7,None,True,True,CASGAGGDYEQYF,TGTGCCAGCGGTGCTGGGGGGGACTATGAACAGTACTTC,1750,3,None,None
GTGCGGTTCATTGCCC-1,False,GTGCGGTTCATTGCCC-1_contig_1,True,337,TRA,TRAV9D-2,None,TRAJ26,TRAC,True,False,CVLSRGNNYAQGLTF,TGTGTTCTGAGCAGGGGCAATAACTATGCCCAGGGATTAACCTTC,3288,3,None,None
GTGCGGTTCGAACGGA-1,False,GTGCGGTTCGAACGGA-1_contig_1,False,498,TRA,TRAV21-DV12,None,TRAJ42,TRAC,True,True,CILRVHGGSNAKLTF,TGTATCCTGAGAGTCCATGGAGGAAGCAATGCAAAGCTAACCTTC,2622,1,None,None
GTGCTTCAGAGGTTGC-1,False,GTGCTTCAGAGGTTGC-1_contig_1,False,549,TRB,TRBV16,None,TRBJ2-5,None,True,True,CASSLGGYQDTQYF,TGTGCAAGCAGCTTAGGGGGCTACCAAGACACCCAGTACTTT,12694,13,None,None
GTGCTTCAGAGGTTGC-1,False,GTGCTTCAGAGGTTGC-1_contig_2,False,502,TRB,TRBV13-1,None,TRBJ1-1,TRBC1,True,True,CASSDPAEVFF,TGTGCCAGCAGTGATCCAGCGGAAGTCTTCTTT,9842,7,None,None
GTGCTTCAGAGGTTGC-1,False,GTGCTTCAGAGGTTGC-1_contig_3,False,550,TRA,TRAV16D-DV11,None,TRAJ22,TRAC,True,True,CAMREALSSGSWQLIF,TGTGCTATGAGAGAGGCCCTATCTTCTGGCAGCTGGCAACTCATCTTT,1150,2,None,None
GTGCTTCAGAGGTTGC-1,False,GTGCTTCAGAGGTTGC-1_contig_4,False,555,TRA,TRAV4-3,None,TRAJ27,TRAC,True,True,CAAANTNTGKLTF,TGTGCTGCTGCTAACACCAATACAGGCAAATTAACCTTT,3286,2,None,None
GTGCTTCAGAGGTTGC-1,False,GTGCTTCAGAGGTTGC-1_contig_5,False,568,TRA,TRAV12-1,None,TRAJ48,TRAC,True,True,CALSDAGDYGNEKITF,TGTGCTCTGAGTGATGCAGGAGACTATGGAAATGAGAAAATAACTTTT,9292,5,None,None
GTGCTTCAGAGTACAT-1,False,GTGCTTCAGAGTACAT-1_contig_1,False,536,TRA,TRAV8-1,None,TRAJ48,TRAC,True,True,CATDGNEKITF,TGTGCTACTGATGGAAATGAGAAAATAACTTTT,1882,1,None,None
GTGCTTCAGAGTACAT-1,False,GTGCTTCAGAGTACAT-1_contig_2,False,525,TRB,TRBV17,None,TRBJ2-5,None,True,True,CASSRKGVQDTQYF,TGTGCTAGCAGTAGAAAGGGGGTCCAAGACACCCAGTACTTT,1716,1,None,None
GTGCTTCAGATATGCA-1,False,GTGCTTCAGATATGCA-1_contig_1,False,549,TRB,TRBV16,None,TRBJ2-5,None,True,True,CASSLGGYQDTQYF,TGTGCAAGCAGCTTAGGGGGCTACCAAGACACCCAGTACTTT,4490,4,None,None
GTGCTTCAGATATGCA-1,False,GTGCTTCAGATATGCA-1_contig_2,True,563,TRA,TRAV4D-3,None,TRAJ27,TRAC,True,True,CAADGPNTGKLTF,TGTGCTGCTGACGGGCCCAATACAGGCAAATTAACCTTT,3734,2,None,None
GTGCTTCAGGTGTTAA-1,False,GTGCTTCAGGTGTTAA-1_contig_1,False,453,TRB,TRBV16,None,TRBJ2-5,None,True,True,CASSLGGGQDTQYF,TGTGCAAGCAGCTTAGGGGGGGGCCAAGACACCCAGTACTTT,124,2,None,None
GTGCTTCCAAACGCGA-1,False,GTGCTTCCAAACGCGA-1_contig_1,False,549,TRA,TRAV14N-3,None,TRAJ6,TRAC,True,True,CAARTSGGNYKPTF,TGTGCAGCAAGAACCTCAGGAGGAAACTACAAACCTACGTTT,754,1,None,None
GTGCTTCCAAACGCGA-1,False,GTGCTTCCAAACGCGA-1_contig_2,False,565,TRB,TRBV12-2+TRBV13-2,None,TRBJ2-7,None,True,True,CASGTGGDYEQYF,TGTGCCAGCGGGACTGGGGGGGACTATGAACAGTACTTC,596,1,None,None
GTGCTTCCAAGCCCAC-1,False,GTGCTTCCAAGCCCAC-1_contig_1,False,514,TRA,TRAV13D-4,None,TRAJ6,TRAC,True,False,None,None,1746,1,None,None
GTGCTTCCACCTGGTG-1,False,GTGCTTCCACCTGGTG-1_contig_1,False,539,TRB,TRBV12-2+TRBV13-2,None,TRBJ2-5,None,True,True,CASGTGDTQYF,TGTGCCAGCGGCACCGGGGACACCCAGTACTTT,906,1,None,None
GTGCTTCCACCTGGTG-1,False,GTGCTTCCACCTGGTG-1_contig_2,False,522,TRA,TRAV7N-6,None,TRAJ6,TRAC,True,True,CASSGGNYKPTF,TGTGCATCCTCAGGAGGAAACTACAAACCTACGTTT,558,2,None,None
GTGCTTCCACGGTAGA-1,False,GTGCTTCCACGGTAGA-1_contig_1,False,562,TRB,TRBV12-2+TRBV13-2,None,TRBJ1-5,TRBC1,True,True,CASGTGDNQAPLF,TGTGCCAGCGGGACAGGGGACAACCAGGCTCCGCTTTTT,122,1,None,None
GTGCTTCCAGTTCATG-1,False,GTGCTTCCAGTTCATG-1_contig_1,False,566,TRA,TRAV3-3,None,TRAJ49,TRAC,True,True,CAVSGSTGYQNFYF,TGCGCAGTCAGTGGGAGCACGGGTTACCAGAACTTCTATTTT,1810,1,None,None
GTGCTTCCATTTGCTT-1,False,GTGCTTCCATTTGCTT-1_contig_1,False,432,TRB,None,None,TRBJ2-1,None,False,False,None,None,1078,1,None,None
GTGCTTCGTAAACCTC-1,False,GTGCTTCGTAAACCTC-1_contig_1,False,549,TRB,TRBV16,None,TRBJ2-7,None,True,True,CASSFGGGADEQYF,TGTGCAAGCAGCTTTGGTGGGGGGGCGGATGAACAGTACTTC,646,2,None,None
GTGCTTCGTAAAGGAG-1,False,GTGCTTCGTAAAGGAG-1_contig_1,False,449,TRB,None,None,TRBJ1-6,TRBC1,False,False,None,None,1476,1,None,None
GTGCTTCGTCCAGTTA-1,False,GTGCTTCGTCCAGTTA-1_contig_1,False,525,TRB,TRBV17,None,TRBJ2-5,None,True,True,CASSRKGSQDTQYF,TGTGCTAGCAGTAGAAAGGGTTCTCAAGACACCCAGTACTTT,2898,1,None,None
GTGCTTCGTCTCCATC-1,False,GTGCTTCGTCTCCATC-1_contig_1,False,531,TRB,TRBV12-2+TRBV13-2,None,TRBJ2-3,None,True,True,CASGDAPPGEGTLYF,TGTGCCAGCGGTGATGCACCTCCAGGGGAGGGAACGCTGTATTTT,1558,1,None,None
GTGCTTCGTGCAGTAG-1,False,GTGCTTCGTGCAGTAG-1_contig_1,False,611,TRB,TRBV16,None,TRBJ1-2,TRBC1,True,True,CASSSGTGNSDYTF,TGTGCAAGCAGCTCCGGGACAGGGAACTCCGACTACACCTTC,1510,1,None,None
GTGCTTCGTTTGTGTG-1,False,GTGCTTCGTTTGTGTG-1_contig_1,False,642,TRB,TRBV12-2+TRBV13-2,None,TRBJ1-5,TRBC1,True,True,CASGTGDNQAPLF,TGTGCCAGCGGTACAGGGGACAACCAGGCTCCGCTTTTT,1270,1,None,None
GTGCTTCTCACGCGGT-1,False,GTGCTTCTCACGCGGT-1_contig_1,False,552,TRA,TRAV8N-2,None,TRAJ43,TRAC,True,False,CATDANNNNAPRF,TGTGCTACTGATGCCAATAACAACAATGCCCCACGATTT,2376,1,None,None
GTGCTTCTCCATGAAC-1,False,GTGCTTCTCCATGAAC-1_contig_1,False,557,TRB,TRBV12-2+TRBV13-2,None,TRBJ2-4,None,True,True,CASGTGDTLYF,TGTGCCAGCGGTACGGGCGACACCTTGTACTTT,1680,1,None,None
GTGCTTCTCGCACTCT-1,False,GTGCTTCTCGCACTCT-1_contig_1,False,566,TRA,TRAV3-3,None,TRAJ49,TRAC,True,True,CAVSGNTGYQNFYF,TGCGCAGTCAGTGGAAACACGGGTTACCAGAACTTCTATTTT,1210,1,None,None
GTGCTTCTCTGACCTC-1,False,GTGCTTCTCTGACCTC-1_contig_1,False,512,TRB,TRBV13-1,None,TRBJ2-4,None,True,True,CASSEGTNTLYF,TGTGCCAGCAGTGAAGGAACAAACACCTTGTACTTT,1302,1,None,None
GTGGGTCAGACAGACC-1,False,GTGGGTCAGACAGACC-1_contig_1,False,560,TRB,TRBV12-2+TRBV13-2,None,TRBJ1-2,TRBC1,True,True,CASGGGTGNSDYTF,TGTGCCAGCGGTGGGGGGACAGGGAACTCCGACTACACCTTC,976,1,None,None
GTGGGTCCACGTCAGC-1,False,GTGGGTCCACGTCAGC-1_contig_1,False,696,TRB,TRBV13-2,None,TRBJ1-2,TRBC1,True,True,CASGGGTGNSDYTF,TGTGCCAGCGGTGGGGGGACAGGGAACTCCGACTACACCTTC,1130,1,None,None
GTGGGTCCACTCTGTC-1,False,GTGGGTCCACTCTGTC-1_contig_1,False,549,TRB,TRBV16,None,TRBJ2-5,None,True,True,CASSLGGGQDTQYF,TGTGCAAGCAGCTTAGGGGGGGGCCAAGACACCCAGTACTTT,2394,2,None,None
GTGGGTCGTAAAGGAG-1,False,GTGGGTCGTAAAGGAG-1_contig_1,False,502,TRB,TRBV13-1,None,TRBJ2-2,None,True,True,CASSDPGQLYF,TGTGCCAGCAGTGACCCCGGGCAGCTCTACTTT,1844,1,None,None
GTGGGTCGTATCACCA-1,False,GTGGGTCGTATCACCA-1_contig_1,False,508,TRA,TRAV6N-6,None,TRAJ26,TRAC,True,True,CALSHNYAQGLTF,TGCGCTCTGAGTCATAACTATGCCCAGGGATTAACCTTC,2496,1,None,None
GTGGGTCGTCATATGC-1,False,GTGGGTCGTCATATGC-1_contig_1,False,549,TRB,TRBV16,None,TRBJ2-5,None,True,True,CASSLGGGQDTQYF,TGTGCAAGCAGCTTAGGGGGGGGGCAAGACACCCAGTACTTT,1136,1,None,None
GTGGGTCGTCGAAAGC-1,False,GTGGGTCGTCGAAAGC-1_contig_1,False,357,TRB,None,None,TRBJ2-1,None,False,False,None,None,2726,1,None,None
GTGGGTCGTCGAAAGC-1,False,GTGGGTCGTCGAAAGC-1_contig_2,False,557,TRA,TRAV8N-2,None,TRAJ52,TRAC,True,False,None,None,1630,1,None,None
GTGGGTCGTGAGTGAC-1,False,GTGGGTCGTGAGTGAC-1_contig_1,False,563,TRA,TRAV8-1,None,TRAJ34,TRAC,True,True,CATDVSNTNKVVF,TGTGCTACTGATGTATCCAATACCAACAAAGTCGTCTTT,1562,1,None,None
GTGGGTCGTGCGCTTG-1,False,GTGGGTCGTGCGCTTG-1_contig_1,False,551,TRB,TRBV13-2,None,TRBJ2-3,None,True,True,CASGDAPPGEGTLYF,TGTGCCAGCGGTGATGCACCTCCAGGGGAGGGAACGCTGTATTTT,1604,1,None,None
GTGGGTCGTGCGGTAA-1,False,GTGGGTCGTGCGGTAA-1_contig_1,False,566,TRA,TRAV3-3,None,TRAJ49,TRAC,True,True,CAVSGSTGYQNFYF,TGCGCAGTCAGTGGGAGCACGGGTTACCAGAACTTCTATTTT,1328,1,None,None
GTGGGTCGTGCGGTAA-1,False,GTGGGTCGTGCGGTAA-1_contig_2,False,560,TRB,TRBV12-2+TRBV13-2,None,TRBJ1-2,TRBC1,True,True,CASGGGTGNSDYTF,TGTGCCAGCGGTGGGGGGACAGGGAACTCCGACTACACCTTC,1394,1,None,None
GTGGGTCGTTAAGATG-1,False,GTGGGTCGTTAAGATG-1_contig_1,False,605,TRB,TRBV3,None,TRBJ2-5,None,True,True,CASSPDWGGQDTQYF,TGTGCCAGCAGCCCCGACTGGGGGGGCCAAGACACCCAGTACTTT,410,1,None,None
GTGGGTCGTTAAGATG-1,False,GTGGGTCGTTAAGATG-1_contig_2,False,394,TRB,None,None,TRBJ2-7,None,False,False,None,None,682,1,None,None
GTGGGTCGTTGAGTTC-1,False,GTGGGTCGTTGAGTTC-1_contig_1,False,512,TRB,TRBV13-1,None,TRBJ2-3,None,True,True,CASGDSAETLYF,TGTGCCAGCGGGGACAGTGCAGAAACGCTGTATTTT,1722,1,None,None
GTGGGTCTCGGTTAAC-1,False,GTGGGTCTCGGTTAAC-1_contig_1,False,672,TRB,TRBV12-2+TRBV13-2,None,TRBJ1-2,TRBC1,True,True,CASGGGTGNSDYTF,TGTGCCAGCGGTGGGGGGACAGGGAACTCCGACTACACCTTC,912,1,None,None
GTGGGTCTCTAACTCT-1,False,GTGGGTCTCTAACTCT-1_contig_1,False,556,TRB,TRBV12-2+TRBV13-2,None,TRBJ2-1,None,True,True,CASGDPFQFF,TGTGCCAGCGGTGATCCTTTCCAGTTCTTC,484,1,None,None
GTGGGTCTCTCAACTT-1,False,GTGGGTCTCTCAACTT-1_contig_1,False,523,TRA,TRAV14N-3,None,TRAJ6,TRAC,True,True,CAARTSGGNYKPTF,TGTGCAGCAAGAACCTCAGGAGGAAACTACAAACCTACGTTT,2124,1,None,None
GTGTGCGAGACTAGGC-1,False,GTGTGCGAGACTAGGC-1_contig_1,False,359,TRB,TRBV13-2,None,TRBJ1-4,TRBC1,True,False,CASGTGGDERLFF,TGTGCCAGCGGGACAGGGGGCGACGAAAGATTATTTTTC,1334,1,None,None
GTGTGCGAGAGGTTGC-1,False,GTGTGCGAGAGGTTGC-1_contig_1,False,555,TRA,TRAV3-3,None,TRAJ49,TRAC,True,True,CAVSGATGYQNFYF,TGCGCAGTCAGTGGGGCCACGGGTTACCAGAACTTCTATTTT,1828,1,None,None
GTGTGCGAGAGGTTGC-1,False,GTGTGCGAGAGGTTGC-1_contig_2,False,373,TRB,None,None,TRBJ1-2,TRBC1,False,False,None,None,2648,1,None,None
GTGTGCGAGGCAAAGA-1,False,GTGTGCGAGGCAAAGA-1_contig_1,False,571,TRA,TRAV14N-3,None,TRAJ34,TRAC,True,True,CAASAWANTNKVVF,TGTGCAGCAAGTGCATGGGCCAATACCAACAAAGTCGTCTTT,964,1,None,None
GTGTGCGAGTATGACA-1,False,GTGTGCGAGTATGACA-1_contig_1,False,507,TRB,TRBV13-1,None,TRBJ2-1,None,True,True,CASGGGDYAEQFF,TGTGCCAGCGGGGGGGGAGACTATGCTGAGCAGTTCTTC,1194,1,None,None
GTGTGCGAGTATGACA-1,False,GTGTGCGAGTATGACA-1_contig_2,False,801,TRA,TRAV6D-5,None,TRAJ38,TRAC,True,False,CTTVFWDNVGDNSKLIW,TGTACTACTGTGTTCTGGGATAATGTTGGTGACAACAGTAAGCTGATTTGG,1142,1,None,None
GTGTGCGAGTCGTTTG-1,False,GTGTGCGAGTCGTTTG-1_contig_1,False,512,TRB,TRBV13-1,None,TRBJ2-3,None,True,True,CASGDSAETLYF,TGTGCCAGCGGGGACAGTGCAGAAACGCTGTATTTT,734,1,None,None
GTGTGCGAGTCTCGGC-1,False,GTGTGCGAGTCTCGGC-1_contig_1,False,478,TRB,TRBV12-2+TRBV13-2,None,TRBJ1-5,TRBC1,True,False,CASGTGDNQAPLF,TGTGCCAGCGGGACCGGGGACAACCAGGCTCCGCTTTTT,1324,1,None,None
GTGTGCGCATGAAGTA-1,False,GTGTGCGCATGAAGTA-1_contig_1,False,528,TRA,TRAV3D-3,None,TRAJ28,TRAC,True,False,CTSAQSVRGTGSNRLTF,TGTACTTCTGCGCAGTCAGTGAGGGGCACTGGGAGTAACAGGCTCACTTTT,2386,1,None,None
GTGTGCGTCAAGAAGT-1,False,GTGTGCGTCAAGAAGT-1_contig_1,False,575,TRA,TRAV19,None,TRAJ39,TRAC,True,False,CAAGGNNAGAKLTF,TGCGCAGCAGGTGGGAATAATGCAGGTGCCAAGCTCACATTC,1684,1,None,None
GTGTGCGTCACCGTAA-1,False,GTGTGCGTCACCGTAA-1_contig_1,False,512,TRB,TRBV13-1,None,TRBJ2-4,None,True,True,CASSEGTNTLYF,TGTGCCAGCAGTGAAGGAACAAACACCTTGTACTTT,3320,3,None,None
GTGTGCGTCACCGTAA-1,False,GTGTGCGTCACCGTAA-1_contig_2,False,572,TRB,TRBV12-2+TRBV13-2,None,TRBJ1-2,TRBC1,True,True,CASGGGTGNSDYTF,TGTGCCAGCGGTGGGGGGACAGGGAACTCCGACTACACCTTC,2040,2,None,None
GTGTGCGTCACCGTAA-1,False,GTGTGCGTCACCGTAA-1_contig_3,True,322,TRB,None,None,TRBJ2-7,None,False,False,None,None,1230,1,None,None
GTGTGCGTCGTTACGA-1,False,GTGTGCGTCGTTACGA-1_contig_1,False,525,TRB,TRBV17,None,TRBJ2-5,None,True,True,CASSRKGVQDTQYF,TGTGCTAGCAGTAGAAAGGGGGTCCAAGACACCCAGTACTTT,1718,1,None,None
GTGTGCGTCGTTACGA-1,False,GTGTGCGTCGTTACGA-1_contig_2,False,638,TRB,TRBV12-2+TRBV13-2,None,TRBJ1-2,TRBC1,True,True,CASGGGTGNSDYTF,TGTGCCAGCGGTGGGGGGACAGGGAACTCCGACTACACCTTC,710,1,None,None
GTGTTAGAGACCTAGG-1,False,GTGTTAGAGACCTAGG-1_contig_1,False,549,TRB,TRBV16,None,TRBJ2-5,None,True,True,CASSLGGGQDTQYF,TGTGCAAGCAGCTTAGGGGGGGGCCAAGACACCCAGTACTTT,1674,1,None,None
GTGTTAGAGGGCACTA-1,False,GTGTTAGAGGGCACTA-1_contig_1,False,503,TRB,TRBV13-1,None,TRBJ2-1,None,True,True,CASGGGDYAEQFF,TGTGCCAGCGGGGGGGGAGACTATGCTGAGCAGTTCTTC,580,1,None,None
GTGTTAGAGGGCTTCC-1,False,GTGTTAGAGGGCTTCC-1_contig_1,False,549,TRB,TRBV16,None,TRBJ2-5,None,True,True,CASSLGGGQDTQYF,TGTGCAAGCAGCTTAGGGGGGGGGCAAGACACCCAGTACTTT,1628,1,None,None
GTGTTAGAGTACGCCC-1,False,GTGTTAGAGTACGCCC-1_contig_1,False,579,TRB,TRBV12-2+TRBV13-2,None,TRBJ1-2,TRBC1,True,True,CASGGGTGNSDYTF,TGTGCCAGCGGTGGGGGGACAGGGAACTCCGACTACACCTTC,1390,1,None,None
GTGTTAGCACACAGAG-1,False,GTGTTAGCACACAGAG-1_contig_1,False,525,TRB,TRBV17,None,TRBJ2-5,None,True,True,CASSRKVSQDTQYF,TGTGCTAGCAGTAGAAAGGTTTCTCAAGACACCCAGTACTTT,1914,1,None,None
GTGTTAGCACATTAGC-1,False,GTGTTAGCACATTAGC-1_contig_1,False,560,TRB,TRBV12-2+TRBV13-2,None,TRBJ1-2,TRBC1,True,True,CASGGGTGNSDYTF,TGTGCCAGCGGTGGGGGGACAGGGAACTCCGACTACACCTTC,924,1,None,None
GTGTTAGCACGAAAGC-1,False,GTGTTAGCACGAAAGC-1_contig_1,False,514,TRA,TRAV19,None,TRAJ39,TRAC,True,True,CAAGGNNAGAKLTF,TGCGCAGCAGGTGGGAATAATGCAGGTGCCAAGCTCACATTC,1662,1,None,None
GTGTTAGCAGATCTGT-1,False,GTGTTAGCAGATCTGT-1_contig_1,False,520,TRB,TRBV26,None,TRBJ2-5,None,True,True,CASSRGTDTQYF,TGTGCCAGCAGCCGCGGGACCGACACCCAGTACTTT,186,2,None,None
GTGTTAGCAGGTGCCT-1,False,GTGTTAGCAGGTGCCT-1_contig_1,False,557,TRA,TRAV8N-2,None,TRAJ52,TRAC,True,False,None,None,1130,1,None,None
GTGTTAGCATCGATGT-1,False,GTGTTAGCATCGATGT-1_contig_1,False,514,TRA,TRAV13N-3,None,TRAJ49,TRAC,True,True,CAMGGYQNFYF,TGTGCTATGGGGGGTTACCAGAACTTCTATTTT,2216,1,None,None
GTGTTAGCATCTATGG-1,False,GTGTTAGCATCTATGG-1_contig_1,False,609,TRB,TRBV13-1,None,TRBJ2-3,None,True,False,CASGDSAETLYF,TGTGCCAGCGGGGACAGTGCAGAAACGCTGTATTTT,1592,1,None,None
GTGTTAGCATCTCGCT-1,False,GTGTTAGCATCTCGCT-1_contig_1,False,536,TRB,TRBV20,None,TRBJ1-6,TRBC1,True,True,CADRSYNSPLYF,TGTGCCGACAGGTCCTATAATTCGCCCCTCTACTTT,1702,1,None,None
GTGTTAGCATCTCGCT-1,False,GTGTTAGCATCTCGCT-1_contig_2,False,429,TRB,None,None,TRBJ2-7,None,False,False,None,None,2106,1,None,None
GTGTTAGCATCTGGTA-1,False,GTGTTAGCATCTGGTA-1_contig_1,False,575,TRA,TRAV12-2,None,TRAJ37,TRAC,True,True,CALSPQTGNTGKLIF,TGTGCTTTGAGCCCCCAAACAGGCAATACCGGAAAACTCATCTTT,888,1,None,None
GTGTTAGGTAAGAGGA-1,False,GTGTTAGGTAAGAGGA-1_contig_1,False,557,TRA,TRAV3-3,None,TRAJ49,TRAC,True,True,CAVSGSTGYQNFYF,TGCGCAGTCAGTGGGAGCACGGGTTACCAGAACTTCTATTTT,2382,1,None,None
GTGTTAGGTCCGAGTC-1,False,GTGTTAGGTCCGAGTC-1_contig_1,False,560,TRB,TRBV12-2+TRBV13-2,None,TRBJ1-2,TRBC1,True,True,CASGGGTGNSDYTF,TGTGCCAGCGGTGGGGGGACAGGGAACTCCGACTACACCTTC,304,2,None,None
GTGTTAGGTGAGGGTT-1,False,GTGTTAGGTGAGGGTT-1_contig_1,False,549,TRB,TRBV16,None,TRBJ2-5,None,True,True,CASSLGGGEDTQYF,TGTGCAAGCAGCTTAGGAGGGGGCGAGGACACCCAGTACTTT,1196,1,None,None
GTGTTAGGTGCGCTTG-1,False,GTGTTAGGTGCGCTTG-1_contig_1,False,560,TRB,TRBV12-2+TRBV13-2,None,TRBJ2-4,None,True,True,CASGTGDTLYF,TGTGCCAGCGGTACGGGCGACACCTTGTACTTT,2744,2,None,None
GTGTTAGTCCACTCCA-1,False,GTGTTAGTCCACTCCA-1_contig_1,False,549,TRB,TRBV16,None,TRBJ2-5,None,True,True,CASSWGGGQDTQYF,TGTGCAAGCAGCTGGGGGGGCGGGCAAGACACCCAGTACTTT,624,1,None,None
GTGTTAGTCCACTCCA-1,False,GTGTTAGTCCACTCCA-1_contig_2,False,645,TRB,TRBV12-2+TRBV13-2,None,TRBJ1-2,TRBC1,True,True,CASGGGTGNSDYTF,TGTGCCAGCGGTGGGGGGACAGGGAACTCCGACTACACCTTC,632,1,None,None
GTGTTAGTCGAGGTAG-1,False,GTGTTAGTCGAGGTAG-1_contig_1,False,566,TRB,TRBV12-2+TRBV13-2,None,TRBJ1-2,TRBC1,True,True,CASGGGTGNSDYTF,TGTGCCAGCGGTGGGGGGACAGGGAACTCCGACTACACCTTC,1054,1,None,None
GTGTTAGTCGGAATCT-1,False,GTGTTAGTCGGAATCT-1_contig_1,False,555,TRB,TRBV12-2+TRBV13-2,None,TRBJ1-3,TRBC1,True,True,CASAPGNTLYF,TGTGCCAGCGCCCCTGGAAATACGCTCTATTTT,966,1,None,None
GTGTTAGTCGGAATCT-1,False,GTGTTAGTCGGAATCT-1_contig_2,False,549,TRB,TRBV13-2,None,TRBJ2-7,None,True,True,CASGVQGWEQYF,TGTGCCAGCGGTGTACAGGGGTGGGAACAGTACTTC,732,1,None,None
GTGTTAGTCGGAATCT-1,False,GTGTTAGTCGGAATCT-1_contig_3,False,555,TRA,TRAV4-3,None,TRAJ27,TRAC,True,True,CAAANTNTGKLTF,TGTGCTGCTGCTAACACCAATACAGGCAAATTAACCTTT,1336,1,None,None
GTGTTAGTCTGCTGCT-1,False,GTGTTAGTCTGCTGCT-1_contig_1,False,502,TRB,TRBV13-1,None,TRBJ2-3,None,True,True,CASGDSAETLYF,TGTGCCAGCGGGGACAGTGCAGAAACGCTGTATTTT,1828,1,None,None
GTTAAGCAGACAGACC-1,False,GTTAAGCAGACAGACC-1_contig_1,False,556,TRA,TRAV19,None,TRAJ39,TRAC,True,True,CAAGGNNAGAKLTF,TGCGCAGCAGGTGGGAATAATGCAGGTGCCAAGCTCACATTC,10080,6,None,None
GTTAAGCAGACAGACC-1,False,GTTAAGCAGACAGACC-1_contig_2,False,475,TRB,TRBV12-2+TRBV13-2,None,TRBJ1-2,None,True,True,CASGGGTGNSDYTF,TGTGCCAGCGGTGGGGGGACAGGGAACTCCGACTACACCTTC,1120,3,None,None
GTTAAGCAGACAGACC-1,False,GTTAAGCAGACAGACC-1_contig_3,True,414,TRB,None,None,TRBJ2-1,None,False,False,None,None,4634,4,None,None
GTTAAGCAGCAATATG-1,False,GTTAAGCAGCAATATG-1_contig_1,False,575,TRA,TRAV3D-3,None,TRAJ28,TRAC,True,False,CTSAQSVRGTGSNRLTF,TGTACTTCTGCGCAGTCAGTGAGGGGCACTGGGAGTAACAGGCTCACTTTT,1032,1,None,None
GTTAAGCAGCGTAGTG-1,False,GTTAAGCAGCGTAGTG-1_contig_1,False,549,TRB,TRBV16,None,TRBJ2-7,None,True,True,CASSFGGGADEQYF,TGTGCAAGCAGCTTTGGTGGGGGGGCGGATGAACAGTACTTC,768,1,None,None
GTTAAGCAGTACGATA-1,False,GTTAAGCAGTACGATA-1_contig_1,False,524,TRA,TRAV19,None,TRAJ39,TRAC,True,True,CAAGGNNAGAKLTF,TGCGCAGCAGGTGGGAATAATGCAGGTGCCAAGCTCACATTC,2136,1,None,None
GTTAAGCAGTGACATA-1,False,GTTAAGCAGTGACATA-1_contig_1,False,566,TRB,TRBV12-2+TRBV13-2,None,TRBJ1-2,TRBC1,True,True,CASGGGTGNSDYTF,TGTGCCAGCGGTGGGGGGACAGGGAACTCCGACTACACCTTC,2436,2,None,None
GTTAAGCCAAGCTGTT-1,False,GTTAAGCCAAGCTGTT-1_contig_1,False,582,TRB,TRBV12-2+TRBV13-2,None,TRBJ1-2,TRBC1,True,True,CASGGGTGNSDYTF,TGTGCCAGCGGTGGGGGGACAGGGAACTCCGACTACACCTTC,1074,1,None,None
GTTAAGCCAAGCTGTT-1,False,GTTAAGCCAAGCTGTT-1_contig_2,False,515,TRB,TRBV13-1,None,TRBJ2-1,None,True,True,CASSAGDYAEQFF,TGTGCCAGCAGTGCTGGGGACTATGCTGAGCAGTTCTTC,1234,1,None,None
GTTAAGCCACTTGGAT-1,False,GTTAAGCCACTTGGAT-1_contig_1,False,568,TRB,TRBV12-2+TRBV13-2,None,TRBJ1-2,TRBC1,True,True,CASGGGTGNSDYTF,TGTGCCAGCGGTGGGGGGACAGGGAACTCCGACTACACCTTC,1786,1,None,None
GTTAAGCCATCCCATC-1,False,GTTAAGCCATCCCATC-1_contig_1,False,509,TRA,TRAV3D-3,None,TRAJ26,TRAC,True,True,CAVSANNYAQGLTF,TGCGCAGTCAGTGCAAATAACTATGCCCAGGGATTAACCTTC,2148,1,None,None
GTTAAGCGTAAACACA-1,False,GTTAAGCGTAAACACA-1_contig_1,False,549,TRB,TRBV16,None,TRBJ2-5,None,True,True,CASSLGGGQDTQYF,TGTGCAAGCAGCTTAGGGGGGGGCCAAGACACCCAGTACTTT,1766,1,None,None
GTTAAGCGTCTAGTGT-1,False,GTTAAGCGTCTAGTGT-1_contig_1,False,793,TRA,TRAV3-1,None,TRAJ34,TRAC,True,False,CAALLFQ,TGCGCAGCCCTTCTCTTCCAA,3108,2,None,None
GTTAAGCGTCTCCACT-1,False,GTTAAGCGTCTCCACT-1_contig_1,False,512,TRB,TRBV13-1,None,TRBJ2-5,None,True,True,CASSDGDDTQYF,TGTGCCAGCAGTGACGGGGACGACACCCAGTACTTT,1816,1,None,None
GTTAAGCGTGACCAAG-1,False,GTTAAGCGTGACCAAG-1_contig_1,False,517,TRB,TRBV26,None,TRBJ2-1,None,True,True,CASSLHKFYAEQFF,TGTGCCAGCAGTCTGCACAAATTCTATGCTGAGCAGTTCTTC,706,1,None,None
GTTAAGCGTGGTACAG-1,False,GTTAAGCGTGGTACAG-1_contig_1,False,515,TRB,TRBV13-1,None,TRBJ2-1,None,True,True,CASGGGDYAEQFF,TGTGCCAGCGGGGGGGGAGACTATGCTGAGCAGTTCTTC,1454,1,None,None
GTTAAGCGTTTGTTTC-1,False,GTTAAGCGTTTGTTTC-1_contig_1,False,556,TRA,TRAV19,None,TRAJ39,TRAC,True,True,CAASGNNAGAKLTF,TGCGCAGCAAGTGGGAATAATGCAGGTGCCAAGCTCACATTC,3314,1,None,None
GTTAAGCTCCAGTATG-1,False,GTTAAGCTCCAGTATG-1_contig_1,False,595,TRA,TRAV7-4,None,TRAJ31,TRAC,True,False,None,None,2870,1,None,None
GTTACAGAGACACTAA-1,False,GTTACAGAGACACTAA-1_contig_1,False,608,TRB,TRBV13-2,None,TRBJ1-5,TRBC1,True,True,CASGTGDNQAPLF,TGTGCCAGCGGTACAGGAGACAACCAGGCTCCGCTTTTT,1448,1,None,None
GTTACAGAGACAGAGA-1,False,GTTACAGAGACAGAGA-1_contig_1,False,565,TRB,TRBV12-2+TRBV13-2,None,TRBJ2-7,None,True,True,CASGTGGDYEQYF,TGTGCCAGCGGGACTGGGGGGGATTATGAACAGTACTTC,590,1,None,None
GTTACAGAGAGTACCG-1,False,GTTACAGAGAGTACCG-1_contig_1,False,567,TRB,TRBV12-2+TRBV13-2,None,TRBJ1-2,TRBC1,True,True,CASGGGTGNSDYTF,TGTGCCAGCGGTGGGGGGACAGGGAACTCCGACTACACCTTC,616,1,None,None
GTTACAGAGGTGATAT-1,False,GTTACAGAGGTGATAT-1_contig_1,False,562,TRB,TRBV12-2+TRBV13-2,None,TRBJ2-7,None,True,True,CASGVQGWEQYF,TGTGCCAGCGGTGTACAGGGGTGGGAACAGTACTTC,1120,1,None,None
GTTACAGCACATCCGG-1,False,GTTACAGCACATCCGG-1_contig_1,False,562,TRB,TRBV12-2+TRBV13-2,None,TRBJ2-7,None,True,True,CASGTGGDYEQYF,TGTGCCAGCGGGACTGGGGGGGACTATGAACAGTACTTC,792,1,None,None
GTTACAGCATCCGTGG-1,False,GTTACAGCATCCGTGG-1_contig_1,False,689,TRA,TRAV9-4,None,TRAJ45,TRAC,True,False,CAVRYTEGADRLTF,TGTGCTGTGAGGTATACAGAAGGTGCAGATAGACTCACCTTT,1874,1,None,None
GTTACAGGTCGGCATC-1,False,GTTACAGGTCGGCATC-1_contig_1,False,369,TRB,None,None,TRBJ1-5,TRBC1,False,False,None,None,2424,1,None,None
GTTACAGGTGATGTCT-1,False,GTTACAGGTGATGTCT-1_contig_1,False,556,TRA,TRAV19,None,TRAJ39,TRAC,True,True,CAAGGNNAGAKLTF,TGCGCAGCAGGTGGGAATAATGCAGGTGCCAAGCTCACATTC,526,1,None,None
GTTACAGGTTCCACAA-1,False,GTTACAGGTTCCACAA-1_contig_1,False,539,TRA,TRAV6-6,None,TRAJ24,TRAC,True,True,CAPLTTASLGKLQF,TGTGCTCCGTTGACAACTGCCAGTTTGGGGAAACTGCAGTTT,2272,1,None,None
GTTACAGGTTGTCTTT-1,False,GTTACAGGTTGTCTTT-1_contig_1,False,317,TRA,None,None,TRAJ49,TRAC,False,False,None,None,2524,1,None,None
GTTACAGTCATTCACT-1,False,GTTACAGTCATTCACT-1_contig_1,False,667,TRB,TRBV1,None,TRBJ1-1,TRBC1,True,False,None,None,2148,1,None,None
GTTACAGTCTTAACCT-1,False,GTTACAGTCTTAACCT-1_contig_1,False,549,TRB,TRBV16,None,TRBJ2-5,None,True,True,CASSLGGGQDTQYF,TGTGCAAGCAGCTTAGGGGGGGGCCAAGACACCCAGTACTTT,642,1,None,None
GTTACAGTCTTAACCT-1,False,GTTACAGTCTTAACCT-1_contig_2,False,561,TRA,TRAV4D-3,None,TRAJ27,TRAC,True,True,CAADGPNTGKLTF,TGTGCTGCGGACGGACCCAATACAGGCAAATTAACCTTT,1814,2,None,None
GTTACAGTCTTGCAAG-1,False,GTTACAGTCTTGCAAG-1_contig_1,False,549,TRB,TRBV16,None,TRBJ2-5,None,True,True,CASSLGGGADTQYF,TGTGCAAGCAGCTTAGGGGGGGGCGCGGACACCCAGTACTTT,860,1,None,None
GTTCATTAGAGTGACC-1,False,GTTCATTAGAGTGACC-1_contig_1,False,344,TRB,None,None,TRBJ2-1,None,False,False,None,None,3072,1,None,None
GTTCATTAGCAGGCTA-1,False,GTTCATTAGCAGGCTA-1_contig_1,False,566,TRA,TRAV3-3,None,TRAJ49,TRAC,True,True,CAVSGSTGYQNFYF,TGCGCAGTCAGTGGGAGCACGGGTTACCAGAACTTCTATTTT,890,1,None,None
GTTCATTAGGCACATG-1,False,GTTCATTAGGCACATG-1_contig_1,False,302,TRB,None,None,TRBJ2-3,None,False,False,None,None,2440,1,None,None
GTTCATTCACACCGAC-1,False,GTTCATTCACACCGAC-1_contig_1,False,549,TRA,TRAV8N-2,None,TRAJ13,TRAC,True,True,CATEDSGTYQRF,TGTGCTACTGAGGATTCTGGGACTTACCAGAGGTTT,1236,1,None,None
GTTCATTCACGAAAGC-1,False,GTTCATTCACGAAAGC-1_contig_1,False,566,TRB,TRBV12-2+TRBV13-2,None,TRBJ1-2,TRBC1,True,True,CASGGGTGNSDYTF,TGTGCCAGCGGTGGGGGGACAGGGAACTCCGACTACACCTTC,648,1,None,None
GTTCATTCAGTAACGG-1,False,GTTCATTCAGTAACGG-1_contig_1,False,538,TRA,TRAV3D-3,None,TRAJ28,TRAC,True,False,CTSAQSVRGTGSNRLTF,TGTACTTCTGCGCAGTCAGTGAGGGGCACTGGGAGTAACAGGCTCACTTTT,1682,1,None,None
GTTCATTCAGTTAACC-1,False,GTTCATTCAGTTAACC-1_contig_1,False,772,TRB,TRBV12-2+TRBV13-2,None,TRBJ2-7,None,True,True,CASGVQGWEQYF,TGTGCCAGCGGTGTACAGGGGTGGGAACAGTACTTC,1510,1,None,None
GTTCATTCAGTTAACC-1,False,GTTCATTCAGTTAACC-1_contig_2,False,550,TRA,TRAV6D-5,None,TRAJ38,TRAC,True,False,CTTVFWDNVGDNSKLIW,TGTACTACTGTGTTCTGGGATAATGTTGGTGACAACAGTAAGCTGATTTGG,1240,3,None,None
GTTCATTCATGCCTTC-1,False,GTTCATTCATGCCTTC-1_contig_1,False,519,TRB,TRBV5,None,TRBJ2-2,None,True,True,CASSQDRHTGQLYF,TGTGCCAGCAGCCAAGATAGACACACCGGGCAGCTCTACTTT,304,1,None,None
GTTCATTCATTGCGGC-1,False,GTTCATTCATTGCGGC-1_contig_1,False,549,TRB,TRBV16,None,TRBJ2-5,None,True,True,CASSLGGGPDTQYF,TGTGCAAGCAGCTTAGGAGGGGGGCCAGACACCCAGTACTTT,28814,36,None,None
GTTCATTCATTGCGGC-1,False,GTTCATTCATTGCGGC-1_contig_2,False,505,TRB,TRBV13-1,None,TRBJ2-4,None,True,True,CASSEGTNTLYF,TGTGCCAGCAGTGAAGGAACAAACACCTTGTACTTT,9724,12,None,None
GTTCATTCATTGCGGC-1,False,GTTCATTCATTGCGGC-1_contig_3,False,565,TRA,TRAV14-2,None,TRAJ49,TRAC,True,True,CAAQGYQNFYF,TGTGCAGCACAGGGTTACCAGAACTTCTATTTT,7160,8,None,None
GTTCATTCATTGCGGC-1,False,GTTCATTCATTGCGGC-1_contig_4,False,555,TRA,TRAV4-3,None,TRAJ27,TRAC,True,True,CAAYNTNTGKLTF,TGTGCTGCCTATAACACCAATACAGGCAAATTAACCTTT,9136,7,None,None
GTTCATTCATTGCGGC-1,False,GTTCATTCATTGCGGC-1_contig_5,False,574,TRA,TRAV4D-4,None,TRAJ45,TRAC,True,True,CAAYTEGADRLTF,TGTGCTGCCTATACAGAAGGTGCAGATAGACTCACCTTT,10916,10,None,None
GTTCATTCATTGCGGC-1,False,GTTCATTCATTGCGGC-1_contig_6,False,388,TRA,TRAV6-6,None,TRAJ24,TRAC,True,False,None,None,1578,4,None,None
GTTCATTCATTGCGGC-1,False,GTTCATTCATTGCGGC-1_contig_7,False,355,TRB,None,None,TRBJ2-1,None,False,False,None,None,4662,7,None,None
GTTCATTGTAGCGTCC-1,False,GTTCATTGTAGCGTCC-1_contig_1,False,360,TRB,TRBV13-2,None,TRBJ1-2,TRBC1,True,False,CASGGGTGNSDYTF,TGTGCCAGCGGTGGGGGGACAGGGAACTCCGACTACACCTTC,2232,1,None,None
GTTCATTGTCCAGTTA-1,False,GTTCATTGTCCAGTTA-1_contig_1,False,363,TRB,None,None,TRBJ2-1,None,False,False,None,None,2472,1,None,None
GTTCATTGTTCTGAAC-1,False,GTTCATTGTTCTGAAC-1_contig_1,False,567,TRB,TRBV12-2+TRBV13-2,None,TRBJ1-2,TRBC1,True,True,CASGGGTGNSDYTF,TGTGCCAGCGGTGGGGGGACAGGGAACTCCGACTACACCTTC,1256,1,None,None
GTTCATTGTTGAGGTG-1,False,GTTCATTGTTGAGGTG-1_contig_1,False,558,TRA,TRAV19,None,TRAJ39,TRAC,True,True,CAAGGNNAGAKLTF,TGCGCAGCAGGTGGGAATAATGCAGGTGCCAAGCTCACATTC,10170,6,None,None
GTTCATTGTTGAGGTG-1,False,GTTCATTGTTGAGGTG-1_contig_2,False,545,TRA,TRAV16D-DV11,None,TRAJ22,TRAC,True,True,CAMREALSSGSWQLIF,TGTGCTATGAGAGAGGCCCTATCTTCTGGCAGCTGGCAACTCATCTTT,4078,3,None,None
GTTCATTGTTGAGGTG-1,False,GTTCATTGTTGAGGTG-1_contig_3,False,569,TRB,TRBV12-2+TRBV13-2,None,TRBJ1-2,TRBC1,True,True,CASGGGTGNSDYTF,TGTGCCAGCGGTGGGGGGACAGGGAACTCCGACTACACCTTC,28936,27,None,None
GTTCATTGTTGAGGTG-1,False,GTTCATTGTTGAGGTG-1_contig_4,False,563,TRB,TRBV12-2+TRBV13-2,None,TRBJ1-5,TRBC1,True,True,CASGTGDNQAPLF,TGTGCCAGCGGTACAGGGGACAACCAGGCTCCGCTTTTT,2678,5,None,None
GTTCATTGTTGAGGTG-1,False,GTTCATTGTTGAGGTG-1_contig_5,True,780,TRB,None,None,TRBJ2-7,None,False,False,None,None,11712,7,None,None
GTTCATTGTTGAGGTG-1,False,GTTCATTGTTGAGGTG-1_contig_6,True,452,TRB,None,None,TRBJ2-1,None,False,False,None,None,7522,6,None,None
GTTCATTGTTGAGGTG-1,False,GTTCATTGTTGAGGTG-1_contig_7,True,556,TRA,TRAV3-3,None,TRAJ37,TRAC,True,False,None,None,1122,2,None,None
GTTCATTTCACCAGGC-1,False,GTTCATTTCACCAGGC-1_contig_1,False,558,TRA,TRAV19,None,TRAJ39,TRAC,True,True,CAAGGNNAGAKLTF,TGCGCAGCAGGTGGGAATAATGCAGGTGCCAAGCTCACATTC,2300,1,None,None
GTTCATTTCACCATAG-1,False,GTTCATTTCACCATAG-1_contig_1,False,527,TRA,TRAV14-2,None,TRAJ6,TRAC,True,True,CAARTSGGNYKPTF,TGTGCAGCAAGAACCTCAGGAGGAAACTACAAACCTACGTTT,1504,1,None,None
GTTCATTTCCACGAAT-1,False,GTTCATTTCCACGAAT-1_contig_1,False,593,TRB,TRBV12-2+TRBV13-2,None,TRBJ2-7,None,True,True,CASGVQGGEQYF,TGTGCCAGCGGTGTGCAGGGGGGAGAACAGTACTTC,1318,1,None,None
GTTCATTTCCTTGACC-1,False,GTTCATTTCCTTGACC-1_contig_1,False,726,TRA,TRAV3-1,None,TRAJ6,TRAC,True,False,None,None,1652,1,None,None
GTTCATTTCTAAGCCA-1,False,GTTCATTTCTAAGCCA-1_contig_1,False,359,TRB,None,None,TRBJ1-4,TRBC1,False,False,None,None,2264,1,None,None
GTTCATTTCTTCCTTC-1,False,GTTCATTTCTTCCTTC-1_contig_1,False,423,TRB,TRBV13-2,None,TRBJ2-7,None,True,False,CASGVQGWEQYF,TGTGCCAGCGGTGTACAGGGGTGGGAACAGTACTTC,658,1,None,None
GTTCGGGAGAAGGCCT-1,False,GTTCGGGAGAAGGCCT-1_contig_1,False,513,TRA,TRAV19,None,TRAJ39,TRAC,True,True,CAAGGNNAGAKLTF,TGCGCAGCAGGTGGGAATAATGCAGGTGCCAAGCTCACATTC,1570,1,None,None
GTTCGGGAGAAGGCCT-1,False,GTTCGGGAGAAGGCCT-1_contig_2,False,519,TRB,TRBV13-1,None,TRBJ2-7,None,True,True,CASSAPYEQYF,TGTGCCAGCAGTGCACCGTATGAACAGTACTTC,1132,1,None,None
GTTCGGGAGAAGGCCT-1,False,GTTCGGGAGAAGGCCT-1_contig_3,False,471,TRB,TRBV13-1,None,TRBJ1-4,TRBC1,True,True,CASSGGERLFF,TGTGCCAGCAGTGGGGGCGAAAGATTATTTTTC,1102,1,None,None
GTTCGGGAGAAGGCCT-1,False,GTTCGGGAGAAGGCCT-1_contig_4,True,320,TRB,TRBV2,None,TRBJ2-5,None,True,False,None,None,1512,1,None,None
GTTCGGGAGAGAGCTC-1,False,GTTCGGGAGAGAGCTC-1_contig_1,False,408,TRA,TRAV9D-2,None,TRAJ26,TRAC,True,False,CVLSRGNNYAQGLTF,TGTGTTCTGAGCAGGGGCAATAACTATGCCCAGGGATTAACCTTC,708,1,None,None
GTTCGGGAGTAAGTAC-1,False,GTTCGGGAGTAAGTAC-1_contig_1,False,507,TRA,TRAV21-DV12,None,TRAJ42,TRAC,True,True,CILRVHGGSNAKLTF,TGTATCCTGAGAGTCCATGGAGGAAGCAATGCAAAGCTAACCTTC,2140,1,None,None
GTTCGGGCAAAGGAAG-1,False,GTTCGGGCAAAGGAAG-1_contig_1,False,563,TRA,TRAV8-1,None,TRAJ30,TRAC,True,True,CATDTNAYKVIF,TGTGCTACTGACACAAATGCTTACAAAGTCATCTTT,1836,1,None,None
GTTCGGGCAAGCGTAG-1,False,GTTCGGGCAAGCGTAG-1_contig_1,False,507,TRB,TRBV5,None,TRBJ2-2,None,True,True,CASSTGQLYF,TGTGCCAGCAGCACCGGGCAGCTCTACTTT,938,1,None,None
GTTCGGGCACACCGAC-1,False,GTTCGGGCACACCGAC-1_contig_1,False,512,TRB,TRBV13-1,None,TRBJ2-3,None,True,True,CASGDSAETLYF,TGTGCCAGCGGGGACAGTGCAGAAACGCTGTATTTT,1210,1,None,None
GTTCGGGCACCACGTG-1,False,GTTCGGGCACCACGTG-1_contig_1,False,505,TRB,TRBV13-1,None,TRBJ2-4,None,True,True,CASSEGTNTLYF,TGTGCCAGCAGTGAAGGAACAAACACCTTGTACTTT,1762,1,None,None
GTTCGGGCACTTACGA-1,False,GTTCGGGCACTTACGA-1_contig_1,False,566,TRA,TRAV3-3,None,TRAJ49,TRAC,True,True,CAVSGSTGYQNFYF,TGCGCAGTCAGTGGGAGCACGGGTTACCAGAACTTCTATTTT,1786,1,None,None
GTTCGGGCATGGGAAC-1,False,GTTCGGGCATGGGAAC-1_contig_1,False,515,TRB,TRBV13-1,None,TRBJ2-1,None,True,True,CASGGGDYAEQFF,TGTGCCAGCGGGGGGGGAGACTATGCTGAGCAGTTCTTC,1706,1,None,None
GTTCGGGGTAGTACCT-1,False,GTTCGGGGTAGTACCT-1_contig_1,False,566,TRB,TRBV12-2+TRBV13-2,None,TRBJ1-2,TRBC1,True,True,CASGGGTGNSDYTF,TGTGCCAGCGGTGGGGGGACAGGGAACTCCGACTACACCTTC,1076,1,None,None
GTTCGGGGTCTCAACA-1,False,GTTCGGGGTCTCAACA-1_contig_1,False,564,TRB,TRBV12-2+TRBV13-2,None,TRBJ2-3,None,True,True,CASGDAPPGEGTLYF,TGTGCCAGCGGTGATGCACCTCCAGGGGAGGGAACGCTGTATTTT,428,1,None,None
GTTCGGGGTCTGCCAG-1,False,GTTCGGGGTCTGCCAG-1_contig_1,False,329,TRB,None,None,TRBJ1-6,TRBC1,False,False,None,None,1946,1,None,None
GTTCGGGGTGCACTTA-1,False,GTTCGGGGTGCACTTA-1_contig_1,False,543,TRA,TRAV16D-DV11,None,TRAJ26,TRAC,True,True,CAMREENNYAQGLTF,TGTGCTATGAGAGAGGAAAATAACTATGCCCAGGGATTAACCTTC,1178,1,None,None
GTTCGGGGTGCACTTA-1,False,GTTCGGGGTGCACTTA-1_contig_2,False,525,TRB,TRBV17,None,TRBJ2-5,None,True,True,CASSRKGVQDTQYF,TGTGCTAGCAGTAGAAAGGGGGTCCAAGACACCCAGTACTTT,824,1,None,None
GTTCGGGGTGTGACGA-1,False,GTTCGGGGTGTGACGA-1_contig_1,False,549,TRB,TRBV16,None,TRBJ2-5,None,True,True,CASSLGGGQDTQYF,TGTGCAAGCAGCTTAGGGGGGGGCCAAGACACCCAGTACTTT,392,2,None,None
GTTCGGGTCATACGGT-1,False,GTTCGGGTCATACGGT-1_contig_1,False,549,TRB,TRBV16,None,TRBJ2-7,None,True,True,CASSFGGGADEQYF,TGTGCAAGCAGCTTTGGTGGGGGGGCGGATGAACAGTACTTC,762,1,None,None
GTTCGGGTCATCATTC-1,False,GTTCGGGTCATCATTC-1_contig_1,False,543,TRA,TRAV19,None,TRAJ39,TRAC,True,True,CAAGGNNAGAKLTF,TGCGCAGCAGGTGGGAATAATGCAGGTGCCAAGCTCACATTC,2554,1,None,None
GTTCGGGTCATCATTC-1,False,GTTCGGGTCATCATTC-1_contig_2,False,567,TRB,TRBV12-2+TRBV13-2,None,TRBJ1-2,TRBC1,True,True,CASGGGTGNSDYTF,TGTGCCAGCGGTGGGGGGACAGGGAACTCCGACTACACCTTC,4684,3,None,None
GTTCGGGTCATCATTC-1,False,GTTCGGGTCATCATTC-1_contig_3,False,546,TRA,TRAV8-1,None,TRAJ30,TRAC,True,True,CATDTNAYKVIF,TGTGCTACTGACACAAATGCTTACAAAGTCATCTTT,4042,2,None,None
GTTCGGGTCATCATTC-1,False,GTTCGGGTCATCATTC-1_contig_4,True,312,TRA,TRAV7-5,None,TRAJ45,TRAC,True,False,CSDTEGADRLTF,TGCAGTGATACAGAAGGTGCAGATAGACTCACCTTT,2698,3,None,None
GTTCGGGTCCGAAGAG-1,False,GTTCGGGTCCGAAGAG-1_contig_1,False,521,TRA,TRAV6-5,None,TRAJ45,TRAC,True,True,CALIHTEGADRLTF,TGTGCTCTGATCCATACAGAAGGTGCAGATAGACTCACCTTT,3332,2,None,None
GTTCGGGTCCTTGCCA-1,False,GTTCGGGTCCTTGCCA-1_contig_1,False,528,TRB,TRBV13-2,None,TRBJ1-2,TRBC1,True,True,CASGGGTGNSDYTF,TGTGCCAGCGGTGGGGGGACAGGGAACTCCGACTACACCTTC,614,1,None,None
GTTCGGGTCGTCGTTC-1,False,GTTCGGGTCGTCGTTC-1_contig_1,False,541,TRA,TRAV8-1,None,TRAJ34,TRAC,True,True,CATDVSNTNKVVF,TGTGCTACTGATGTATCCAATACCAACAAAGTCGTCTTT,1046,1,None,None
GTTCGGGTCGTCGTTC-1,False,GTTCGGGTCGTCGTTC-1_contig_2,False,354,TRB,TRBV13-2,None,TRBJ1-5,TRBC1,True,False,CASGTGDNQAPLF,TGTGCCAGCGGGACAGGGGACAACCAGGCTCCGCTTTTT,2234,1,None,None
GTTCTCGAGCTTCGCG-1,False,GTTCTCGAGCTTCGCG-1_contig_1,False,541,TRA,TRAV8D-1,None,TRAJ30,TRAC,True,True,CATDTNAYKVIF,TGTGCTACTGACACAAATGCTTACAAAGTCATCTTT,1024,1,None,None
GTTCTCGCACCTGGTG-1,False,GTTCTCGCACCTGGTG-1_contig_1,False,531,TRA,TRAV16D-DV11,None,TRAJ22,TRAC,True,True,CAMRASSGSWQLIF,TGTGCTATGAGGGCATCTTCTGGCAGCTGGCAACTCATCTTT,266,1,None,None
GTTCTCGCACCTGGTG-1,False,GTTCTCGCACCTGGTG-1_contig_2,False,585,TRB,TRBV12-2+TRBV13-2,None,TRBJ2-1,None,True,True,CASGGYAEQFF,TGTGCCAGCGGGGGCTATGCTGAGCAGTTCTTC,598,1,None,None
GTTCTCGCACCTGGTG-1,False,GTTCTCGCACCTGGTG-1_contig_3,False,549,TRA,TRAV8N-2,None,TRAJ13,TRAC,True,True,CATEDSGTYQRF,TGTGCTACTGAGGATTCTGGGACTTACCAGAGGTTT,1590,1,None,None
GTTCTCGCACCTGGTG-1,False,GTTCTCGCACCTGGTG-1_contig_4,True,482,TRB,None,None,TRBJ2-5,None,False,False,None,None,578,1,None,None
GTTCTCGGTACATCCA-1,False,GTTCTCGGTACATCCA-1_contig_1,False,564,TRB,TRBV12-2+TRBV13-2,None,TRBJ2-5,None,True,True,CASGVQGDTQYF,TGTGCCAGCGGTGTTCAGGGGGACACCCAGTACTTT,1210,1,None,None
GTTCTCGGTTAAGGGC-1,False,GTTCTCGGTTAAGGGC-1_contig_1,False,554,TRB,TRBV12-2+TRBV13-2,None,TRBJ2-7,None,True,True,CASGVQGWEQYF,TGTGCCAGCGGTGTACAGGGGTGGGAACAGTACTTC,1314,1,None,None
GTTCTCGGTTAAGGGC-1,False,GTTCTCGGTTAAGGGC-1_contig_2,False,570,TRB,None,None,TRBJ1-1,TRBC1,False,False,None,None,1692,1,None,None
GTTCTCGTCGACAGCC-1,False,GTTCTCGTCGACAGCC-1_contig_1,False,561,TRA,TRAV16N,None,TRAJ22,TRAC,True,True,CAMREAASSGSWQLIF,TGTGCTATGAGAGAGGCAGCATCTTCTGGCAGCTGGCAACTCATCTTT,1698,1,None,None
GTTCTCGTCGGCCGAT-1,False,GTTCTCGTCGGCCGAT-1_contig_1,False,361,TRB,TRBV13-2,None,TRBJ1-2,TRBC1,True,False,CASGGGTGNSDYTF,TGTGCCAGCGGTGGGGGGACAGGGAACTCCGACTACACCTTC,2020,1,None,None
GTTCTCGTCTCTTATG-1,False,GTTCTCGTCTCTTATG-1_contig_1,False,524,Multi,TRDV1,None,TRAJ43,TRAC,True,False,CGGLNNAPRF,TGTGGAGGCCTCAACAATGCCCCACGATTT,1194,1,None,None
GTTCTCGTCTTAGAGC-1,False,GTTCTCGTCTTAGAGC-1_contig_1,False,505,TRB,TRBV13-1,None,TRBJ2-4,None,True,True,CASSEGTNTLYF,TGTGCCAGCAGTGAAGGAACAAACACCTTGTACTTT,1076,1,None,None
GTTCTCGTCTTAGAGC-1,False,GTTCTCGTCTTAGAGC-1_contig_2,False,357,TRA,TRAV9D-2,None,TRAJ26,TRAC,True,False,CVLSRGNNYAQGLTF,TGTGTTCTGAGCAGGGGCAATAACTATGCCCAGGGATTAACCTTC,2212,1,None,None
GTTCTCGTCTTGTATC-1,False,GTTCTCGTCTTGTATC-1_contig_1,False,365,TRB,None,None,TRBJ2-3,None,False,False,None,None,1490,1,None,None
GTTCTCGTCTTGTCAT-1,False,GTTCTCGTCTTGTCAT-1_contig_1,False,513,TRA,TRAV19,None,TRAJ39,TRAC,True,True,CAAGGNNAGAKLTF,TGCGCAGCAGGTGGGAATAATGCAGGTGCCAAGCTCACATTC,1430,1,None,None
GTTTCTAAGAAGGTTT-1,False,GTTTCTAAGAAGGTTT-1_contig_1,False,583,TRB,TRBV12-2+TRBV13-2,None,TRBJ2-7,None,True,True,CASGVQGGEQYF,TGTGCCAGCGGTGTGCAGGGGGGAGAACAGTACTTC,1026,1,None,None
GTTTCTAAGACAAGCC-1,False,GTTTCTAAGACAAGCC-1_contig_1,False,562,TRB,TRBV13-1,None,TRBJ1-4,TRBC1,True,False,CASGTGANERLFF,TGTGCCAGCGGGACAGGGGCCAACGAAAGATTATTTTTC,224,2,None,None
GTTTCTAAGCAAATCA-1,False,GTTTCTAAGCAAATCA-1_contig_1,False,448,TRB,None,None,TRBJ1-6,TRBC1,False,False,None,None,1466,1,None,None
GTTTCTAAGTGGGCTA-1,False,GTTTCTAAGTGGGCTA-1_contig_1,False,550,TRA,TRAV8-1,None,TRAJ30,TRAC,True,True,CATDTNAYKVIF,TGTGCTACTGACACAAATGCTTACAAAGTCATCTTT,2322,1,None,None
GTTTCTACAGGCTCAC-1,False,GTTTCTACAGGCTCAC-1_contig_1,False,578,TRB,TRBV12-2+TRBV13-2,None,TRBJ2-7,None,True,True,CASGVQGGEQYF,TGTGCCAGCGGTGTGCAGGGGGGAGAACAGTACTTC,1654,1,None,None
GTTTCTACATGCAATC-1,False,GTTTCTACATGCAATC-1_contig_1,False,543,TRA,TRAV8-1,None,TRAJ30,TRAC,True,True,CATDTNAYKVIF,TGTGCTACTGACACAAATGCTTACAAAGTCATCTTT,2392,1,None,None
GTTTCTAGTAAAGTCA-1,False,GTTTCTAGTAAAGTCA-1_contig_1,False,525,TRA,TRAV7N-6,None,TRAJ30,TRAC,True,True,CAVVDTNAYKVIF,TGTGCAGTGGTTGACACAAATGCTTACAAAGTCATCTTT,922,1,None,None
GTTTCTAGTCACTGGC-1,False,GTTTCTAGTCACTGGC-1_contig_1,False,570,TRA,TRAV3D-3,None,TRAJ33,TRAC,True,False,None,None,512,3,None,None
GTTTCTAGTCACTTCC-1,False,GTTTCTAGTCACTTCC-1_contig_1,False,332,TRB,TRBV16,None,TRBJ2-5,None,True,False,CASSFGGGEDTQYF,TGTGCAAGCAGCTTTGGGGGGGGGGAAGACACCCAGTACTTT,4142,2,None,None
GTTTCTAGTCATTAGC-1,False,GTTTCTAGTCATTAGC-1_contig_1,False,565,TRA,TRAV19,None,TRAJ39,TRAC,True,True,CAAGGNNAGAKLTF,TGCGCAGCAGGTGGGAATAATGCAGGTGCCAAGCTCACATTC,6236,4,None,None
GTTTCTAGTCATTAGC-1,False,GTTTCTAGTCATTAGC-1_contig_2,False,560,TRB,TRBV12-2+TRBV13-2,None,TRBJ2-4,None,True,True,CASSEGTNTLYF,TGTGCCAGCAGTGAAGGAACAAACACCTTGTACTTT,2600,3,None,None
GTTTCTAGTCGAGATG-1,False,GTTTCTAGTCGAGATG-1_contig_1,False,555,TRB,TRBV12-2+TRBV13-2,None,TRBJ2-7,None,True,True,CASGVQGEQYF,TGTGCCAGCGGTGTTCAGGGAGAACAGTACTTC,1490,3,None,None
GTTTCTAGTCTCCCTA-1,False,GTTTCTAGTCTCCCTA-1_contig_1,False,549,TRB,TRBV16,None,TRBJ2-5,None,True,True,CASSLGGYQDTQYF,TGTGCAAGCAGCTTAGGGGGCTACCAAGACACCCAGTACTTT,11802,8,None,None
GTTTCTAGTCTCCCTA-1,False,GTTTCTAGTCTCCCTA-1_contig_2,False,569,TRA,TRAV4D-3,None,TRAJ27,TRAC,True,True,CAADGPNTGKLTF,TGTGCTGCGGACGGACCCAATACAGGCAAATTAACCTTT,3362,4,None,None
GTTTCTAGTCTCCCTA-1,False,GTTTCTAGTCTCCCTA-1_contig_3,False,555,TRA,TRAV4-3,None,TRAJ27,TRAC,True,True,CAAANTNTGKLTF,TGTGCTGCTGCTAACACCAATACAGGCAAATTAACCTTT,2976,2,None,None
GTTTCTAGTCTCCCTA-1,False,GTTTCTAGTCTCCCTA-1_contig_4,False,525,TRA,TRAV7N-6,None,TRAJ30,TRAC,True,True,CAVVDTNAYKVIF,TGTGCAGTGGTTGACACAAATGCTTACAAAGTCATCTTT,7406,5,None,None
GTTTCTAGTGACCAAG-1,False,GTTTCTAGTGACCAAG-1_contig_1,False,553,TRB,TRBV12-2+TRBV13-2,None,TRBJ2-1,None,True,True,CASGDPFQFF,TGTGCCAGCGGTGATCCTTTCCAGTTCTTC,1106,1,None,None
GTTTCTAGTGAGGCTA-1,False,GTTTCTAGTGAGGCTA-1_contig_1,False,367,TRB,None,None,TRBJ1-2,TRBC1,False,False,None,None,1102,1,None,None
GTTTCTAGTGTTTGTG-1,False,GTTTCTAGTGTTTGTG-1_contig_1,False,505,TRB,TRBV13-1,None,TRBJ2-4,None,True,True,CASSEGTNTLYF,TGTGCCAGCAGTGAAGGAACAAACACCTTGTACTTT,496,1,None,None
GTTTCTAGTTCCTCCA-1,False,GTTTCTAGTTCCTCCA-1_contig_1,False,565,TRB,TRBV12-2+TRBV13-2,None,TRBJ2-7,None,True,True,CASGTGGDYEQYF,TGTGCCAGCGGGACTGGGGGGGACTATGAACAGTACTTC,672,1,None,None
GTTTCTATCATTATCC-1,False,GTTTCTATCATTATCC-1_contig_1,False,528,TRA,TRAV7-5,None,TRAJ45,TRAC,True,False,CSDTEGADRLTF,TGCAGTGATACAGAAGGTGCAGATAGACTCACCTTT,474,1,None,None
GTTTCTATCATTTGGG-1,False,GTTTCTATCATTTGGG-1_contig_1,False,558,TRB,TRBV12-2+TRBV13-2,None,TRBJ2-7,None,True,True,CASGALWEQYF,TGTGCCAGCGGGGCTCTATGGGAACAGTACTTC,1950,1,None,None
GTTTCTATCGCGATCG-1,False,GTTTCTATCGCGATCG-1_contig_1,False,547,TRB,TRBV13-2,None,TRBJ1-2,TRBC1,True,True,CASGGGTGNSDYTF,TGTGCCAGCGGTGGGGGGACAGGGAACTCCGACTACACCTTC,1266,1,None,None
GTTTCTATCGTACGGC-1,False,GTTTCTATCGTACGGC-1_contig_1,False,627,TRB,TRBV12-2+TRBV13-2,None,TRBJ1-3,TRBC1,True,True,CASGDGGTLYF,TGTGCCAGCGGTGATGGGGGGACGCTCTATTTT,1168,1,None,None
GTTTCTATCTCGTATT-1,False,GTTTCTATCTCGTATT-1_contig_1,False,549,TRB,TRBV16,None,TRBJ2-5,None,True,True,CASSLGGGQDTQYF,TGTGCAAGCAGCTTAGGGGGGGGCCAAGACACCCAGTACTTT,1352,1,None,None
GTTTCTATCTGTTGAG-1,False,GTTTCTATCTGTTGAG-1_contig_1,False,549,TRB,TRBV16,None,TRBJ2-5,None,True,True,CASSLGGGQDTQYF,TGTGCAAGCAGCTTAGGGGGGGGCCAAGACACCCAGTACTTT,2272,1,None,None
TAAACCGAGAGACGAA-1,False,TAAACCGAGAGACGAA-1_contig_1,False,558,TRB,TRBV12-2+TRBV13-2,None,TRBJ2-7,None,True,True,CASGVQGEQYF,TGTGCCAGCGGTGTTCAGGGAGAACAGTACTTC,2506,2,None,None
TAAACCGAGGTCGGAT-1,False,TAAACCGAGGTCGGAT-1_contig_1,False,505,TRB,TRBV13-1,None,TRBJ2-3,None,True,True,CASGDSAETLYF,TGTGCCAGCGGGGACAGTGCAGAAACGCTGTATTTT,648,1,None,None
TAAACCGAGGTGTTAA-1,False,TAAACCGAGGTGTTAA-1_contig_1,False,592,TRA,TRAV7-4,None,TRAJ43,TRAC,True,False,None,None,306,1,None,None
TAAACCGAGTCAAGCG-1,False,TAAACCGAGTCAAGCG-1_contig_1,False,521,TRB,TRBV13-2,None,TRBJ2-3,None,True,True,CASGDAPPGEGTLYF,TGTGCCAGCGGTGATGCACCTCCAGGGGAGGGAACGCTGTATTTT,1736,1,None,None
TAAACCGCAAGCCATT-1,False,TAAACCGCAAGCCATT-1_contig_1,False,561,TRB,TRBV12-2+TRBV13-2,None,TRBJ2-7,None,True,True,CASGVQGEQYF,TGTGCCAGCGGTGTTCAGGGAGAACAGTACTTC,1850,1,None,None
TAAACCGCACGGTTTA-1,False,TAAACCGCACGGTTTA-1_contig_1,False,458,TRB,TRBV13-1,None,TRBJ2-2,None,True,False,CASSDPGQLYF,TGTGCCAGCAGTGACCCCGGGCAGCTCTACTTT,1978,1,None,None
TAAACCGCAGCAGTTT-1,False,TAAACCGCAGCAGTTT-1_contig_1,False,500,TRB,TRBV13-1,None,TRBJ2-3,None,True,True,CASGDSAETLYF,TGTGCCAGCGGGGACAGTGCAGAAACGCTGTATTTT,1766,1,None,None
TAAACCGGTACAGTGG-1,False,TAAACCGGTACAGTGG-1_contig_1,False,503,TRB,TRBV13-1,None,TRBJ2-4,None,True,True,CASSEGTNTLYF,TGTGCCAGCAGTGAAGGAACAAACACCTTGTACTTT,1684,1,None,None
TAAACCGGTCAAGCGA-1,False,TAAACCGGTCAAGCGA-1_contig_1,False,558,TRA,TRAV19,None,TRAJ39,TRAC,True,True,CAAGGNNAGAKLTF,TGCGCAGCAGGTGGGAATAATGCAGGTGCCAAGCTCACATTC,1534,1,None,None
TAAACCGGTCAGAGGT-1,False,TAAACCGGTCAGAGGT-1_contig_1,False,540,TRA,TRAV7D-2,None,TRAJ31,TRAC,True,True,CAASIEDSNNRIFF,TGTGCAGCAAGCATAGAGGATAGCAATAACAGAATCTTCTTT,2718,2,None,None
TAAACCGGTCAGAGGT-1,False,TAAACCGGTCAGAGGT-1_contig_2,False,509,TRB,TRBV13-1,None,TRBJ2-2,None,True,True,CASSDPGQLYF,TGTGCCAGCAGTGACCCCGGGCAGCTCTACTTT,3250,3,None,None
TAAACCGGTCAGAGGT-1,False,TAAACCGGTCAGAGGT-1_contig_3,False,588,TRA,TRAV16N,None,TRAJ22,TRAC,True,True,CAMREGDSSGSWQLIF,TGTGCTATGAGAGAGGGCGACTCTTCTGGCAGCTGGCAACTCATCTTT,2628,2,None,None
TAAACCGGTCAGAGGT-1,False,TAAACCGGTCAGAGGT-1_contig_4,False,567,TRB,TRBV12-2+TRBV13-2,None,TRBJ1-2,TRBC1,True,True,CASGGGTGNSDYTF,TGTGCCAGCGGTGGGGGGACAGGGAACTCCGACTACACCTTC,2152,3,None,None
TAAACCGGTCAGAGGT-1,False,TAAACCGGTCAGAGGT-1_contig_5,True,412,TRA,None,None,TRAJ26,TRAC,False,False,None,None,2210,1,None,None
TAAACCGGTCATGCAT-1,False,TAAACCGGTCATGCAT-1_contig_1,False,315,TRB,None,None,TRBJ2-2,None,False,False,None,None,3744,1,None,None
TAAACCGGTCTCCACT-1,False,TAAACCGGTCTCCACT-1_contig_1,False,361,TRB,None,None,TRBJ2-7,None,False,False,None,None,748,1,None,None
TAAACCGGTCTGATCA-1,False,TAAACCGGTCTGATCA-1_contig_1,False,554,TRB,TRBV12-2+TRBV13-2,None,TRBJ2-7,None,True,True,CASGVQGEQYF,TGTGCCAGCGGTGTTCAGGGAGAACAGTACTTC,390,2,None,None
TAAACCGGTGCCTGTG-1,False,TAAACCGGTGCCTGTG-1_contig_1,False,505,TRB,TRBV13-1,None,TRBJ2-4,None,True,True,CASSEGTNTLYF,TGTGCCAGCAGTGAAGGAACAAACACCTTGTACTTT,1396,1,None,None
TAAACCGGTGTGCCTG-1,False,TAAACCGGTGTGCCTG-1_contig_1,False,743,TRB,TRBV13-2,None,TRBJ1-2,TRBC1,True,False,CASGGGTGNSDYTF,TGTGCCAGCGGTGGGGGGACAGGGAACTCCGACTACACCTTC,2154,1,None,None
TAAACCGTCAACGGCC-1,False,TAAACCGTCAACGGCC-1_contig_1,False,395,TRB,None,None,TRBJ1-3,TRBC1,False,False,None,None,2542,1,None,None
TAAACCGTCCGAATGT-1,False,TAAACCGTCCGAATGT-1_contig_1,True,478,TRA,TRAV12-2,None,TRAJ26,None,False,False,CALSHNYAQGLTF,TGTGCTTTGAGTCATAACTATGCCCAGGGATTAACCTTC,86,1,None,None
TAAACCGTCCGAATGT-1,False,TAAACCGTCCGAATGT-1_contig_2,True,350,TRB,None,None,TRBJ2-7,None,False,False,None,None,2328,3,None,None
TAAACCGTCGAATCCA-1,False,TAAACCGTCGAATCCA-1_contig_1,False,537,TRA,TRAV3-3,None,TRAJ49,TRAC,True,True,CAVSGSTGYQNFYF,TGCGCAGTCAGTGGGAGCACGGGTTACCAGAACTTCTATTTT,5160,6,None,None
TAAACCGTCGAATCCA-1,False,TAAACCGTCGAATCCA-1_contig_2,False,512,TRB,TRBV13-1,None,TRBJ2-4,None,True,True,CASSEGTNTLYF,TGTGCCAGCAGTGAAGGAACAAACACCTTGTACTTT,3672,5,None,None
TAAACCGTCGAATCCA-1,False,TAAACCGTCGAATCCA-1_contig_3,False,770,TRA,TRAV9D-2,None,TRAJ26,TRAC,True,True,CVLSRGNNYAQGLTF,TGTGTTCTGAGCAGGGGCAATAACTATGCCCAGGGATTAACCTTC,7666,4,None,None
TAAACCGTCGAATCCA-1,False,TAAACCGTCGAATCCA-1_contig_4,True,957,TRB,TRBV12-2+TRBV13-2,None,TRBJ2-5,None,True,False,CASGDW,TGTGCCAGCGGTGACTGG,2734,3,None,None
TAAACCGTCTAACCGA-1,False,TAAACCGTCTAACCGA-1_contig_1,False,525,TRA,TRAV7N-6,None,TRAJ30,TRAC,True,True,CAVVDTNAYKVIF,TGTGCAGTGGTTGACACAAATGCTTACAAAGTCATCTTT,572,1,None,None
TAAACCGTCTGGTATG-1,False,TAAACCGTCTGGTATG-1_contig_1,False,518,TRB,TRBV13-2,None,TRBJ1-2,TRBC1,True,True,CASGGGTGNSDYTF,TGTGCCAGCGGTGGGGGGACAGGGAACTCCGACTACACCTTC,1788,1,None,None
TAAGAGAAGGAATCGC-1,False,TAAGAGAAGGAATCGC-1_contig_1,False,459,TRB,TRBV12-2+TRBV13-2,None,TRBJ2-5,None,False,False,CASGDW,TGTGCCAGCGGTGACTGG,212,3,None,None
TAAGAGAAGGAGTTTA-1,False,TAAGAGAAGGAGTTTA-1_contig_1,False,537,TRA,TRAV3-3,None,TRAJ49,TRAC,True,True,CAVSGSTGYQNFYF,TGCGCAGTCAGTGGGAGCACGGGTTACCAGAACTTCTATTTT,1638,1,None,None
TAAGAGAAGGTTCCTA-1,False,TAAGAGAAGGTTCCTA-1_contig_1,False,562,TRB,TRBV12-2+TRBV13-2,None,TRBJ2-7,None,True,True,CASGVQGGEQYF,TGTGCCAGCGGTGTGCAGGGGGGAGAACAGTACTTC,1908,1,None,None
TAAGAGACAAAGCAAT-1,False,TAAGAGACAAAGCAAT-1_contig_1,False,566,TRB,TRBV12-2+TRBV13-2,None,TRBJ1-2,TRBC1,True,True,CASGGGTGNSDYTF,TGTGCCAGCGGTGGGGGGACAGGGAACTCCGACTACACCTTC,904,1,None,None
TAAGAGACAAGAAAGG-1,False,TAAGAGACAAGAAAGG-1_contig_1,False,537,TRA,TRAV8-1,None,TRAJ30,TRAC,True,True,CATDTNAYKVIF,TGTGCTACTGACACAAATGCTTACAAAGTCATCTTT,2720,2,None,None
TAAGAGACACAAGTAA-1,False,TAAGAGACACAAGTAA-1_contig_1,False,557,TRA,TRAV19,None,TRAJ39,TRAC,True,False,CAAGGNNAGAKLTF,TGCGCAGCAGGTGGGAATAATGCAGGTGCCAAGCTCACATTC,2198,1,None,None
TAAGAGACAGGATTGG-1,False,TAAGAGACAGGATTGG-1_contig_1,False,539,TRB,TRBV16,None,TRBJ2-5,None,True,True,CASSLGGGQDTQYF,TGTGCAAGCAGCTTAGGGGGGGGCCAAGACACCCAGTACTTT,2654,1,None,None
TAAGAGACAGTGACAG-1,False,TAAGAGACAGTGACAG-1_contig_1,False,704,TRB,TRBV12-2+TRBV13-2,None,TRBJ1-2,TRBC1,True,True,CASGGGTGNSDYTF,TGTGCCAGCGGTGGGGGGACAGGGAACTCCGACTACACCTTC,2208,2,None,None
TAAGAGACATGGAATA-1,False,TAAGAGACATGGAATA-1_contig_1,False,525,TRB,TRBV17,None,TRBJ2-5,None,True,True,CASSRKGVQDTQYF,TGTGCTAGCAGTAGAAAGGGGGTCCAAGACACCCAGTACTTT,3234,2,None,None
TAAGAGACATTTGCCC-1,False,TAAGAGACATTTGCCC-1_contig_1,False,555,TRB,TRBV12-2+TRBV13-2,None,TRBJ2-4,None,True,True,CASGAGDPTLYF,TGTGCCAGCGGTGCGGGTGATCCCACCTTGTACTTT,1316,1,None,None
TAAGAGAGTAGCGTGA-1,False,TAAGAGAGTAGCGTGA-1_contig_1,False,327,TRB,None,None,TRBJ1-2,TRBC1,False,False,None,None,3174,1,None,None
TAAGAGAGTCAAGCGA-1,False,TAAGAGAGTCAAGCGA-1_contig_1,False,549,TRB,TRBV16,None,TRBJ2-5,None,True,True,CASSLGGGQDTQYF,TGTGCAAGCAGCTTAGGGGGGGGCCAAGACACCCAGTACTTT,484,1,None,None
TAAGAGAGTGAAAGAG-1,False,TAAGAGAGTGAAAGAG-1_contig_1,False,593,TRA,TRAV19,None,TRAJ39,TRAC,True,True,CAAGGNNAGAKLTF,TGCGCAGCAGGTGGGAATAATGCAGGTGCCAAGCTCACATTC,2062,1,None,None
TAAGAGAGTTCGTCTC-1,False,TAAGAGAGTTCGTCTC-1_contig_1,False,533,TRB,TRBV31,None,TRBJ2-3,None,True,True,CAWSLLLGGSAETLYF,TGTGCCTGGAGTCTACTCCTGGGGGGAAGTGCAGAAACGCTGTATTTT,3196,2,None,None
TAAGAGATCAGCTTAG-1,False,TAAGAGATCAGCTTAG-1_contig_1,False,477,TRB,TRBV12-2+TRBV13-2,None,TRBJ1-2,None,True,True,CASGGGTGNSDYTF,TGTGCCAGCGGTGGGGGGACAGGGAACTCCGACTACACCTTC,298,2,None,None
TAAGAGATCATGGTCA-1,False,TAAGAGATCATGGTCA-1_contig_1,False,566,TRB,TRBV12-2+TRBV13-2,None,TRBJ1-2,TRBC1,True,True,CASGGGTGNSDYTF,TGTGCCAGCGGTGGGGGGACAGGGAACTCCGACTACACCTTC,2424,2,None,None
TAAGAGATCGCACTCT-1,False,TAAGAGATCGCACTCT-1_contig_1,False,549,TRA,TRAV8N-2,None,TRAJ13,TRAC,True,True,CATEDSGTYQRF,TGTGCTACTGAGGATTCTGGGACTTACCAGAGGTTT,1628,2,None,None
TAAGAGATCTAACCGA-1,False,TAAGAGATCTAACCGA-1_contig_1,False,549,TRB,TRBV16,None,TRBJ2-5,None,True,True,CASSFGGGQDTQYF,TGTGCAAGCAGCTTTGGGGGGGGCCAAGACACCCAGTACTTT,752,1,None,None
TAAGAGATCTCTTATG-1,False,TAAGAGATCTCTTATG-1_contig_1,False,512,TRB,TRBV13-1,None,TRBJ2-3,None,True,True,CASGDSAETLYF,TGTGCCAGCGGGGACAGTGCAGAAACGCTGTATTTT,3470,2,None,None
TAAGAGATCTGTCCGT-1,False,TAAGAGATCTGTCCGT-1_contig_1,False,492,TRA,TRAV7-5,None,TRAJ33,TRAC,True,True,CAVDSNYQLIW,TGTGCAGTGGACAGCAACTATCAGTTGATCTGG,2810,4,None,None
TAAGAGATCTGTCCGT-1,False,TAAGAGATCTGTCCGT-1_contig_2,False,561,TRB,TRBV12-2+TRBV13-2,None,TRBJ1-5,TRBC1,True,True,CASGTGDNQAPLF,TGTGCCAGCGGTACCGGGGACAACCAGGCTCCGCTTTTT,1530,1,None,None
TAAGCGTAGAACTGTA-1,False,TAAGCGTAGAACTGTA-1_contig_1,False,505,TRB,TRBV13-1,None,TRBJ2-4,None,True,True,CASSEGTNTLYF,TGTGCCAGCAGTGAAGGAACAAACACCTTGTACTTT,1490,1,None,None
TAAGCGTAGATAGCAT-1,False,TAAGCGTAGATAGCAT-1_contig_1,False,567,TRB,TRBV12-2+TRBV13-2,None,TRBJ1-2,TRBC1,True,True,CASGGGTGNSDYTF,TGTGCCAGCGGTGGGGGGACAGGGAACTCCGACTACACCTTC,1150,1,None,None
TAAGCGTAGCTAAGAT-1,False,TAAGCGTAGCTAAGAT-1_contig_1,False,528,TRB,TRBV13-2,None,TRBJ1-2,TRBC1,True,True,CASGGGTGNSDYTF,TGTGCCAGCGGTGGGGGGACAGGGAACTCCGACTACACCTTC,1384,1,None,None
TAAGCGTAGGTTACCT-1,False,TAAGCGTAGGTTACCT-1_contig_1,False,635,TRB,TRBV12-2+TRBV13-2,None,TRBJ1-2,TRBC1,True,True,CASGGGTGNSDYTF,TGTGCCAGCGGTGGGGGGACAGGGAACTCCGACTACACCTTC,686,1,None,None
TAAGCGTCACTGCCAG-1,False,TAAGCGTCACTGCCAG-1_contig_1,False,564,TRB,TRBV12-2+TRBV13-2,None,TRBJ1-5,TRBC1,True,True,CASGTGDNQAPLF,TGTGCCAGCGGTACAGGGGACAACCAGGCTCCGCTTTTT,754,1,None,None
TAAGCGTCAGTTAACC-1,False,TAAGCGTCAGTTAACC-1_contig_1,False,539,TRA,TRAV4D-4,None,TRAJ45,TRAC,True,True,CAAYTEGADRLTF,TGTGCTGCCTATACAGAAGGTGCAGATAGACTCACCTTT,1098,1,None,None
TAAGCGTCATGCGCAC-1,False,TAAGCGTCATGCGCAC-1_contig_1,False,534,TRA,TRAV16N,None,TRAJ5,TRAC,True,True,CASGTQVVGQLTF,TGTGCTTCGGGGACACAGGTTGTGGGGCAGCTCACTTTC,1634,1,None,None
TAAGCGTCATGCGCAC-1,False,TAAGCGTCATGCGCAC-1_contig_2,False,531,TRB,TRBV17,None,TRBJ2-1,None,True,True,CASSLLGGPDYAEQFF,TGTGCTAGCAGTCTACTGGGGGGGCCGGACTATGCTGAGCAGTTCTTC,1686,1,None,None
TAAGCGTGTAAGGATT-1,False,TAAGCGTGTAAGGATT-1_contig_1,False,481,TRA,TRAV3-3,None,TRAJ49,None,True,True,CAVSGSTGYQNFYF,TGCGCAGTCAGTGGGAGCACGGGTTACCAGAACTTCTATTTT,1300,1,None,None
TAAGCGTGTAAGGATT-1,False,TAAGCGTGTAAGGATT-1_contig_2,False,581,TRB,TRBV12-2+TRBV13-2,None,TRBJ2-7,None,True,True,CASGVQGWEQYF,TGTGCCAGCGGTGTACAGGGGTGGGAACAGTACTTC,5234,3,None,None
TAAGCGTGTAAGGATT-1,False,TAAGCGTGTAAGGATT-1_contig_3,True,552,TRA,TRAV6D-5,None,TRAJ38,TRAC,True,False,CTTVFWDNVGDNSKLIW,TGTACTACTGTGTTCTGGGATAATGTTGGTGACAACAGTAAGCTGATTTGG,5092,3,None,None
TAAGCGTGTCACCCAG-1,False,TAAGCGTGTCACCCAG-1_contig_1,False,606,TRB,TRBV12-2+TRBV13-2,None,TRBJ2-3,None,True,True,CASGDAPPGEGTLYF,TGTGCCAGCGGTGATGCACCTCCAGGGGAGGGAACGCTGTATTTT,32966,43,None,None
TAAGCGTGTCACCCAG-1,False,TAAGCGTGTCACCCAG-1_contig_2,False,545,TRA,TRAV6-6,None,TRAJ24,TRAC,True,True,CAPLTTASLGKLQF,TGTGCTCCGTTGACAACTGCCAGTTTGGGGAAACTGCAGTTT,9000,9,None,None
TAAGCGTGTCACCCAG-1,False,TAAGCGTGTCACCCAG-1_contig_3,False,505,TRB,TRBV13-1,None,TRBJ2-4,None,True,True,CASSEGTNTLYF,TGTGCCAGCAGTGAAGGAACAAACACCTTGTACTTT,8786,10,None,None
TAAGCGTGTCACCCAG-1,False,TAAGCGTGTCACCCAG-1_contig_4,False,514,TRA,TRAV13N-3,None,TRAJ49,TRAC,True,True,CAMGGYQNFYF,TGTGCTATGGGGGGTTACCAGAACTTCTATTTT,13662,15,None,None
TAAGCGTGTCACCCAG-1,False,TAAGCGTGTCACCCAG-1_contig_5,False,722,TRA,TRAV9D-2,None,TRAJ26,TRAC,True,True,CVLSRGNNYAQGLTF,TGTGTTCTGAGCAGGGGCAATAACTATGCCCAGGGATTAACCTTC,9326,7,None,None
TAAGCGTGTCACCCAG-1,False,TAAGCGTGTCACCCAG-1_contig_6,False,522,TRB,TRBV23,None,TRBJ2-5,None,True,False,None,None,3238,4,None,None
TAAGCGTGTCTCACCT-1,False,TAAGCGTGTCTCACCT-1_contig_1,False,477,TRA,TRAV19,None,TRAJ39,TRAC,True,False,CAAGGNNAGAKLTF,TGCGCAGCAGGTGGGAATAATGCAGGTGCCAAGCTCACATTC,1324,1,None,None
TAAGCGTGTCTTCTCG-1,False,TAAGCGTGTCTTCTCG-1_contig_1,False,544,TRA,TRAV14N-3,None,TRAJ6,TRAC,True,True,CAARTSGGNYKPTF,TGTGCAGCAAGAACCTCAGGAGGAAACTACAAACCTACGTTT,2670,1,None,None
TAAGCGTGTTCGTGAT-1,False,TAAGCGTGTTCGTGAT-1_contig_1,False,561,TRB,TRBV12-2+TRBV13-2,None,TRBJ1-2,TRBC1,True,True,CASGGGTGNSDYTF,TGTGCCAGCGGTGGGGGGACAGGGAACTCCGACTACACCTTC,1374,1,None,None
TAAGCGTGTTCGTGAT-1,False,TAAGCGTGTTCGTGAT-1_contig_2,False,792,TRA,TRAV9N-4,None,TRAJ25,TRAC,True,False,CALSYAQGLTF,TGTGCTCTGAGCTATGCCCAGGGATTAACCTTC,1532,1,None,None
TAAGCGTGTTTAAGCC-1,False,TAAGCGTGTTTAAGCC-1_contig_1,False,597,TRA,TRAV14D-3-DV8,None,TRAJ6,TRAC,True,True,CAARTSGGNYKPTF,TGTGCAGCAAGAACCTCAGGAGGAAACTACAAACCTACGTTT,1488,2,None,None
TAAGCGTGTTTAAGCC-1,False,TAAGCGTGTTTAAGCC-1_contig_2,False,505,TRB,TRBV13-1,None,TRBJ2-3,None,True,True,CASGDSAETLYF,TGTGCCAGCGGGGACAGTGCAGAAACGCTGTATTTT,986,1,None,None
TAAGCGTGTTTAAGCC-1,False,TAAGCGTGTTTAAGCC-1_contig_3,True,512,TRA,TRAV3D-3,None,TRAJ28,TRAC,True,False,CTSAQSVRGTGSNRLTF,TGTACTTCTGCGCAGTCAGTGAGGGGCACTGGGAGTAACAGGCTCACTTTT,2532,1,None,None
TAAGCGTTCACATACG-1,False,TAAGCGTTCACATACG-1_contig_1,False,568,TRB,TRBV12-2+TRBV13-2,None,TRBJ1-2,TRBC1,True,True,CASGGGTGNSDYTF,TGTGCCAGCGGTGGGGGGACAGGGAACTCCGACTACACCTTC,946,1,None,None
TAAGCGTTCAGCGACC-1,False,TAAGCGTTCAGCGACC-1_contig_1,False,512,TRB,TRBV13-1,None,TRBJ2-3,None,True,True,CASGDSAETLYF,TGTGCCAGCGGGGACAGTGCAGAAACGCTGTATTTT,1484,1,None,None
TAAGCGTTCCTGCTTG-1,False,TAAGCGTTCCTGCTTG-1_contig_1,False,507,TRA,TRAV21-DV12,None,TRAJ42,TRAC,True,True,CILRVHGGSNAKLTF,TGTATCCTGAGAGTCCATGGAGGAAGCAATGCAAAGCTAACCTTC,4326,5,None,None
TAAGCGTTCCTGCTTG-1,False,TAAGCGTTCCTGCTTG-1_contig_2,False,513,TRB,TRBV13-2,None,TRBJ2-7,None,True,True,CASGVQGEQYF,TGTGCCAGCGGTGTTCAGGGAGAACAGTACTTC,2610,2,None,None
TAAGCGTTCCTGCTTG-1,False,TAAGCGTTCCTGCTTG-1_contig_3,False,571,TRB,TRBV12-2+TRBV13-2,None,TRBJ1-2,TRBC1,True,True,CASGGGTGNSDYTF,TGTGCCAGCGGTGGGGGGACAGGGAACTCCGACTACACCTTC,2186,1,None,None
TAAGCGTTCGAATGGG-1,False,TAAGCGTTCGAATGGG-1_contig_1,False,566,TRA,TRAV3-3,None,TRAJ49,TRAC,True,True,CAVSGATGYQNFYF,TGCGCAGTCAGTGGGGCCACGGGTTACCAGAACTTCTATTTT,2056,1,None,None
TAAGCGTTCGGCGGTT-1,False,TAAGCGTTCGGCGGTT-1_contig_1,False,561,TRB,TRBV12-2+TRBV13-2,None,TRBJ2-5,None,True,True,CASGVQGDTQYF,TGTGCCAGCGGTGTTCAGGGGGACACCCAGTACTTT,1564,1,None,None
TAAGCGTTCGGCGGTT-1,False,TAAGCGTTCGGCGGTT-1_contig_2,False,322,TRB,None,None,TRBJ2-7,None,False,False,None,None,3066,1,None,None
TAAGTGCAGAGCCCAA-1,False,TAAGTGCAGAGCCCAA-1_contig_1,False,512,TRB,TRBV26,None,TRBJ1-1,TRBC1,True,True,CASSRGNTEVFF,TGTGCCAGCAGCCGCGGAAACACAGAAGTCTTCTTT,918,1,None,None
TAAGTGCAGAGCCCAA-1,False,TAAGTGCAGAGCCCAA-1_contig_2,False,572,TRA,TRAV8-1,None,TRAJ49,TRAC,True,True,CATDAGGYQNFYF,TGTGCTACTGATGCGGGGGGTTACCAGAACTTCTATTTT,1934,1,None,None
TAAGTGCAGAGCCCAA-1,False,TAAGTGCAGAGCCCAA-1_contig_3,False,530,TRB,TRBV13-2,None,TRBJ1-2,TRBC1,True,True,CASGGGTGNSDYTF,TGTGCCAGCGGTGGGGGGACAGGGAACTCCGACTACACCTTC,1054,1,None,None
TAAGTGCAGCATGGCA-1,False,TAAGTGCAGCATGGCA-1_contig_1,False,503,TRB,TRBV13-1,None,TRBJ2-4,None,True,True,CASSEGTNTLYF,TGTGCCAGCAGTGAAGGAACAAACACCTTGTACTTT,1278,1,None,None
TAAGTGCAGCTCCTCT-1,False,TAAGTGCAGCTCCTCT-1_contig_1,False,512,TRB,TRBV13-1,None,TRBJ2-3,None,True,True,CASGDSAETLYF,TGTGCCAGCGGGGACAGTGCAGAAACGCTGTATTTT,1950,1,None,None
TAAGTGCAGCTCCTCT-1,False,TAAGTGCAGCTCCTCT-1_contig_2,False,467,TRA,TRAV3-3,None,TRAJ49,TRAC,True,False,CAVSGATGYQNFYF,TGCGCAGTCAGTGGGGCCACGGGTTACCAGAACTTCTATTTT,1792,1,None,None
TAAGTGCAGTACGTAA-1,False,TAAGTGCAGTACGTAA-1_contig_1,False,549,TRB,TRBV16,None,TRBJ2-7,None,True,True,CASSFGGGADEQYF,TGTGCAAGCAGCTTTGGTGGGGGGGCGGATGAACAGTACTTC,2092,1,None,None
TAAGTGCAGTAGGTGC-1,False,TAAGTGCAGTAGGTGC-1_contig_1,False,558,TRB,TRBV12-2+TRBV13-2,None,TRBJ2-4,None,True,True,CASGTGDTLYF,TGTGCCAGCGGTACGGGCGACACCTTGTACTTT,1116,1,None,None
TAAGTGCCAAGACACG-1,False,TAAGTGCCAAGACACG-1_contig_1,False,552,TRA,TRAV8N-2,None,TRAJ43,TRAC,True,False,CATDANNNNAPRF,TGTGCTACTGATGCCAATAACAACAATGCCCCACGATTT,2602,1,None,None
TAAGTGCCACAGCGTC-1,False,TAAGTGCCACAGCGTC-1_contig_1,False,555,TRA,TRAV3-3,None,TRAJ49,TRAC,True,True,CAVSGSTGYQNFYF,TGCGCAGTCAGTGGGAGCACGGGTTACCAGAACTTCTATTTT,1732,1,None,None
TAAGTGCCACGACGAA-1,False,TAAGTGCCACGACGAA-1_contig_1,False,571,TRA,TRAV4D-3,None,TRAJ27,TRAC,True,True,CAADGPNTGKLTF,TGTGCTGCGGACGGACCCAATACAGGCAAATTAACCTTT,1518,1,None,None
TAAGTGCCAGCCTGTG-1,False,TAAGTGCCAGCCTGTG-1_contig_1,False,552,TRA,TRAV8N-2,None,TRAJ43,TRAC,True,False,CATDANNNNAPRF,TGTGCTACTGATGCCAATAACAACAATGCCCCACGATTT,2050,1,None,None
TAAGTGCCAGTCAGCC-1,False,TAAGTGCCAGTCAGCC-1_contig_1,False,352,TRB,TRBV13-2,None,TRBJ2-7,None,True,False,CASGVQGWEQYF,TGTGCCAGCGGTGTACAGGGGTGGGAACAGTACTTC,912,1,None,None
TAAGTGCCATAGTAAG-1,False,TAAGTGCCATAGTAAG-1_contig_1,False,549,TRB,TRBV16,None,TRBJ1-2,TRBC1,True,True,CASSSGTGNSDYTF,TGTGCAAGCAGCTCCGGGACAGGGAACTCCGACTACACCTTC,954,1,None,None
TAAGTGCCATGCTAGT-1,False,TAAGTGCCATGCTAGT-1_contig_1,False,549,TRB,TRBV16,None,TRBJ2-5,None,True,True,CASSLGGGQDTQYF,TGTGCAAGCAGCTTAGGGGGGGGGCAAGACACCCAGTACTTT,1180,1,None,None
TAAGTGCGTGAGCGAT-1,False,TAAGTGCGTGAGCGAT-1_contig_1,False,457,TRA,TRAV7-5,None,TRAJ45,TRAC,True,False,CSDTEGADRLTF,TGCAGTGATACAGAAGGTGCAGATAGACTCACCTTT,1214,1,None,None
TAAGTGCGTGGCTCCA-1,False,TAAGTGCGTGGCTCCA-1_contig_1,False,558,TRA,TRAV19,None,TRAJ39,TRAC,True,True,CAAGGNNAGAKLTF,TGCGCAGCAGGTGGGAATAATGCAGGTGCCAAGCTCACATTC,1392,1,None,None
TAAGTGCGTTGGTTTG-1,False,TAAGTGCGTTGGTTTG-1_contig_1,False,559,TRA,TRAV4D-3,None,TRAJ27,TRAC,True,True,CAADGPNTGKLTF,TGTGCTGCGGACGGACCCAATACAGGCAAATTAACCTTT,708,1,None,None
TAAGTGCTCTGTTTGT-1,False,TAAGTGCTCTGTTTGT-1_contig_1,False,586,TRA,TRAV12-3,None,TRAJ31,TRAC,True,False,None,None,1052,1,None,None
TACACGAAGAACTCGG-1,False,TACACGAAGAACTCGG-1_contig_1,False,369,TRB,None,None,TRBJ2-1,None,False,False,None,None,2526,1,None,None
TACACGAAGATCACGG-1,False,TACACGAAGATCACGG-1_contig_1,False,555,TRA,TRAV3-3,None,TRAJ49,TRAC,True,True,CAVSGSTGYQNFYF,TGCGCAGTCAGTGGGAGCACGGGTTACCAGAACTTCTATTTT,2314,1,None,None
TACACGAAGCTAAACA-1,False,TACACGAAGCTAAACA-1_contig_1,False,521,TRA,TRAV19,None,TRAJ39,TRAC,True,True,CAAGGNNAGAKLTF,TGCGCAGCAGGTGGGAATAATGCAGGTGCCAAGCTCACATTC,2788,1,None,None
TACACGAAGGCATGTG-1,False,TACACGAAGGCATGTG-1_contig_1,False,558,TRA,TRAV19,None,TRAJ39,TRAC,True,True,CAAGGNNAGAKLTF,TGCGCAGCAGGTGGGAATAATGCAGGTGCCAAGCTCACATTC,2180,1,None,None
TACACGAAGTAGATGT-1,False,TACACGAAGTAGATGT-1_contig_1,False,505,TRB,TRBV13-1,None,TRBJ2-3,None,True,True,CASGDSAETLYF,TGTGCCAGCGGGGACAGTGCAGAAACGCTGTATTTT,922,1,None,None
TACACGACAAAGAATC-1,False,TACACGACAAAGAATC-1_contig_1,False,612,TRA,TRAV16D-DV11,None,TRAJ26,TRAC,True,True,CAMREENNYAQGLTF,TGTGCTATGAGAGAGGAAAATAACTATGCCCAGGGATTAACCTTC,2570,2,None,None
TACACGACAAAGAATC-1,False,TACACGACAAAGAATC-1_contig_2,False,509,TRB,TRBV13-1,None,TRBJ2-3,None,True,True,CASGDSAETLYF,TGTGCCAGCGGGGACAGTGCAGAAACGCTGTATTTT,1546,2,None,None
TACACGACAAAGAATC-1,False,TACACGACAAAGAATC-1_contig_3,True,382,TRB,None,None,TRBJ1-6,TRBC1,False,False,None,None,2872,1,None,None
TACACGACAATCCAAC-1,False,TACACGACAATCCAAC-1_contig_1,False,372,TRB,None,None,TRBJ1-6,TRBC1,False,False,None,None,1822,1,None,None
TACACGACAGCGTTCG-1,False,TACACGACAGCGTTCG-1_contig_1,False,558,TRA,TRAV4D-3,None,TRAJ27,TRAC,True,True,CAADGPNTGKLTF,TGTGCTGCTGACGGGCCCAATACAGGCAAATTAACCTTT,2248,2,None,None
TACACGACATAACCTG-1,False,TACACGACATAACCTG-1_contig_1,False,560,TRB,TRBV12-2+TRBV13-2,None,TRBJ2-7,None,True,True,CASGVQGWEQYF,TGTGCCAGCGGTGTACAGGGGTGGGAACAGTACTTC,1440,1,None,None
TACACGACATACGCCG-1,False,TACACGACATACGCCG-1_contig_1,False,394,TRB,None,None,TRBJ1-2,TRBC1,False,False,None,None,676,1,None,None
TACACGACATCGGTTA-1,False,TACACGACATCGGTTA-1_contig_1,False,537,TRA,TRAV3-3,None,TRAJ49,TRAC,True,True,CAVSGSTGYQNFYF,TGCGCAGTCAGTGGGAGCACGGGTTACCAGAACTTCTATTTT,2228,1,None,None
TACACGACATGTTCCC-1,False,TACACGACATGTTCCC-1_contig_1,False,563,TRB,TRBV12-2+TRBV13-2,None,TRBJ1-5,TRBC1,True,True,CASGTGDNQAPLF,TGTGCCAGCGGGACAGGAGACAACCAGGCTCCGCTTTTT,970,1,None,None
TACACGAGTAATCACC-1,False,TACACGAGTAATCACC-1_contig_1,False,557,TRB,TRBV12-2+TRBV13-2,None,TRBJ2-1,None,True,True,CASGGYAEQFF,TGTGCCAGCGGGGGCTATGCTGAGCAGTTCTTC,1392,1,None,None
TACACGAGTGGACGAT-1,False,TACACGAGTGGACGAT-1_contig_1,False,465,TRA,TRAV6-6,None,None,TRAC,False,False,None,None,1112,1,None,None
TACACGAGTTACTGAC-1,False,TACACGAGTTACTGAC-1_contig_1,False,576,TRB,TRBV12-2+TRBV13-2,None,TRBJ1-4,TRBC1,True,True,CASGDAPERLFF,TGTGCCAGCGGTGATGCTCCCGAAAGATTATTTTTC,1730,1,None,None
TACACGAGTTCGGGCT-1,False,TACACGAGTTCGGGCT-1_contig_1,False,322,TRB,None,None,TRBJ2-7,None,False,False,None,None,2206,1,None,None
TACACGATCACCGGGT-1,False,TACACGATCACCGGGT-1_contig_1,False,558,TRA,TRAV19,None,TRAJ39,TRAC,True,True,CAAGGNNAGAKLTF,TGCGCAGCAGGTGGGAATAATGCAGGTGCCAAGCTCACATTC,1820,1,None,None
TACACGATCACCGGGT-1,False,TACACGATCACCGGGT-1_contig_2,False,560,TRB,TRBV12-2+TRBV13-2,None,TRBJ2-7,None,True,True,CASGVQGGEQYF,TGTGCCAGCGGTGTGCAGGGGGGAGAACAGTACTTC,1184,1,None,None
TACACGATCAGGATCT-1,False,TACACGATCAGGATCT-1_contig_1,False,585,TRA,TRAV4D-3,None,TRAJ27,TRAC,True,True,CAADGPNTGKLTF,TGTGCTGCGGACGGACCCAATACAGGCAAATTAACCTTT,860,1,None,None
TACACGATCCTGCCAT-1,False,TACACGATCCTGCCAT-1_contig_1,False,505,TRA,TRAV7-5,None,TRAJ45,TRAC,True,False,CSDTEGADRLTF,TGCAGTGATACAGAAGGTGCAGATAGACTCACCTTT,2402,1,None,None
TACACGATCGTTGCCT-1,False,TACACGATCGTTGCCT-1_contig_1,False,584,TRB,TRBV12-2+TRBV13-2,None,TRBJ2-1,None,True,True,CASGDPFQFF,TGTGCCAGCGGTGATCCTTTCCAGTTCTTC,6722,12,None,None
TACACGATCGTTGCCT-1,False,TACACGATCGTTGCCT-1_contig_10,False,535,TRA,TRAV6D-5,None,TRAJ38,TRAC,True,False,CTTVFWDNVGDNSKLIW,TGTACTACTGTGTTCTGGGATAATGTTGGTGACAACAGTAAGCTGATTTGG,1714,4,None,None
TACACGATCGTTGCCT-1,False,TACACGATCGTTGCCT-1_contig_2,False,507,TRB,TRBV5,None,TRBJ2-2,None,True,True,CASSTGQLYF,TGTGCCAGCAGCACCGGGCAGCTCTACTTT,8754,11,None,None
TACACGATCGTTGCCT-1,False,TACACGATCGTTGCCT-1_contig_3,False,555,TRA,TRAV3-3,None,TRAJ49,TRAC,True,True,CAVSGSTGYQNFYF,TGCGCAGTCAGTGGGAGCACGGGTTACCAGAACTTCTATTTT,4294,5,None,None
TACACGATCGTTGCCT-1,False,TACACGATCGTTGCCT-1_contig_4,False,555,TRA,TRAV3-3,None,TRAJ49,TRAC,True,True,CAVSGATGYQNFYF,TGCGCAGTCAGTGGGGCCACGGGTTACCAGAACTTCTATTTT,5262,6,None,None
TACACGATCGTTGCCT-1,False,TACACGATCGTTGCCT-1_contig_5,False,507,TRA,TRAV21-DV12,None,TRAJ42,TRAC,True,True,CILRVHGGSNAKLTF,TGTATCCTGAGAGTCCATGGAGGAAGCAATGCAAAGCTAACCTTC,7814,7,None,None
TACACGATCGTTGCCT-1,False,TACACGATCGTTGCCT-1_contig_6,False,591,TRB,TRBV12-2+TRBV13-2,None,TRBJ2-7,None,True,True,CASGVQGEQYF,TGTGCCAGCGGTGTTCAGGGAGAACAGTACTTC,15732,26,None,None
TACACGATCGTTGCCT-1,False,TACACGATCGTTGCCT-1_contig_7,False,594,TRB,TRBV12-2+TRBV13-2,None,TRBJ2-7,None,True,True,CASGVQGWEQYF,TGTGCCAGCGGTGTACAGGGGTGGGAACAGTACTTC,9984,18,None,None
TACACGATCGTTGCCT-1,False,TACACGATCGTTGCCT-1_contig_8,False,739,TRA,TRAV9N-4,None,TRAJ22,TRAC,True,True,CALPSSGSWQLIF,TGTGCTCTCCCATCTTCTGGCAGCTGGCAACTCATCTTT,4964,7,None,None
TACACGATCGTTGCCT-1,False,TACACGATCGTTGCCT-1_contig_9,False,620,TRB,None,None,TRBJ1-1,TRBC1,False,False,None,None,10840,16,None,None
TACAGTGAGACAAGCC-1,False,TACAGTGAGACAAGCC-1_contig_1,False,536,TRA,TRAV19,None,TRAJ39,TRAC,True,True,CAAGGNNAGAKLTF,TGCGCAGCAGGTGGGAATAATGCAGGTGCCAAGCTCACATTC,1510,1,None,None
TACAGTGAGACAAGCC-1,False,TACAGTGAGACAAGCC-1_contig_2,False,474,TRB,TRBV12-2+TRBV13-2,None,TRBJ1-2,None,True,True,CASGGGTGNSDYTF,TGTGCCAGCGGTGGGGGGACAGGGAACTCCGACTACACCTTC,332,2,None,None
TACAGTGAGACTAGAT-1,False,TACAGTGAGACTAGAT-1_contig_1,False,549,TRB,TRBV16,None,TRBJ2-7,None,True,True,CASSFGGGADEQYF,TGTGCAAGCAGCTTTGGTGGGGGGGCGGATGAACAGTACTTC,1286,1,None,None
TACAGTGAGCGACGTA-1,False,TACAGTGAGCGACGTA-1_contig_1,False,549,TRB,TRBV16,None,TRBJ2-5,None,True,True,CASSFGGAPDTQYF,TGTGCAAGCAGCTTTGGGGGGGCGCCAGACACCCAGTACTTT,1804,1,None,None
TACAGTGAGCGACGTA-1,False,TACAGTGAGCGACGTA-1_contig_2,False,549,TRA,TRAV8N-2,None,TRAJ13,TRAC,True,True,CATEDSGTYQRF,TGTGCTACTGAGGATTCTGGGACTTACCAGAGGTTT,1470,1,None,None
TACAGTGAGGTGATTA-1,False,TACAGTGAGGTGATTA-1_contig_1,False,549,TRB,TRBV16,None,TRBJ2-5,None,True,True,CASSLGGGQDTQYF,TGTGCAAGCAGCTTAGGGGGGGGCCAAGACACCCAGTACTTT,2016,1,None,None
TACAGTGCAAAGGTGC-1,False,TACAGTGCAAAGGTGC-1_contig_1,False,398,Multi,TRDV1,None,TRAJ45,TRAC,True,False,CGGTEGADRLTF,TGTGGAGGGACAGAAGGTGCAGATAGACTCACCTTT,3308,1,None,None
TACAGTGCAAGCTGGA-1,False,TACAGTGCAAGCTGGA-1_contig_1,False,573,TRB,TRBV12-2+TRBV13-2,None,TRBJ2-7,None,True,True,CASGDPRPYF,TGTGCCAGCGGTGATCCCAGACCGTACTTC,1106,1,None,None
TACAGTGCAATGCCAT-1,False,TACAGTGCAATGCCAT-1_contig_1,False,566,TRB,TRBV12-2+TRBV13-2,None,TRBJ1-2,TRBC1,True,True,CASGGGTGNSDYTF,TGTGCCAGCGGTGGGGGGACAGGGAACTCCGACTACACCTTC,502,1,None,None
TACAGTGCACCACCAG-1,False,TACAGTGCACCACCAG-1_contig_1,True,549,TRB,TRBV16,None,TRBJ2-5,None,True,True,CASSLGGGQDTQYF,TGTGCAAGCAGCTTAGGGGGGGGCCAAGACACCCAGTACTTT,3552,3,None,None
TACAGTGCACCACCAG-1,False,TACAGTGCACCACCAG-1_contig_2,True,508,TRB,TRBV13-2,None,TRBJ2-3,None,False,False,CASGDAPPGEGTLYF,TGTGCCAGCGGTGATGCACCTCCAGGGGAGGGAACGCTGTATTTT,102,1,None,None
TACAGTGCATGCAACT-1,False,TACAGTGCATGCAACT-1_contig_1,False,567,TRB,TRBV12-2+TRBV13-2,None,TRBJ1-5,TRBC1,True,True,CASGTGDNQAPLF,TGTGCCAGCGGGACGGGGGACAACCAGGCTCCGCTTTTT,438,1,None,None
TACAGTGCATTACCTT-1,False,TACAGTGCATTACCTT-1_contig_1,False,502,TRB,TRBV13-1,None,TRBJ1-1,TRBC1,True,True,CASSDPAEVFF,TGTGCCAGCAGTGATCCAGCGGAAGTCTTCTTT,1416,1,None,None
TACAGTGGTAAATGAC-1,False,TACAGTGGTAAATGAC-1_contig_1,False,626,TRB,None,None,TRBJ2-5,None,False,False,None,None,668,1,None,None
TACAGTGGTAATTGGA-1,False,TACAGTGGTAATTGGA-1_contig_1,False,563,TRB,TRBV12-2+TRBV13-2,None,TRBJ1-2,TRBC1,True,True,CASGGGTGNSDYTF,TGTGCCAGCGGTGGGGGGACAGGGAACTCCGACTACACCTTC,270,2,None,None
TACAGTGGTGATAAGT-1,False,TACAGTGGTGATAAGT-1_contig_1,False,565,TRA,TRAV19,None,TRAJ39,TRAC,True,True,CAAGGNNAGAKLTF,TGCGCAGCAGGTGGGAATAATGCAGGTGCCAAGCTCACATTC,2052,1,None,None
TACAGTGGTGATAAGT-1,False,TACAGTGGTGATAAGT-1_contig_2,False,554,TRB,TRBV12-2+TRBV13-2,None,TRBJ2-7,None,True,True,CASGTGGDYEQYF,TGTGCCAGCGGGACTGGGGGGGACTATGAACAGTACTTC,1120,1,None,None
TACAGTGGTGTGTGCC-1,False,TACAGTGGTGTGTGCC-1_contig_1,False,518,TRB,TRBV10,None,TRBJ1-4,TRBC1,True,False,None,None,2554,1,None,None
TACAGTGTCAGTTCGA-1,False,TACAGTGTCAGTTCGA-1_contig_1,False,505,TRB,TRBV13-1,None,TRBJ2-4,None,True,True,CASSTGWNTLYF,TGTGCCAGCAGTACAGGGTGGAACACCTTGTACTTT,1774,1,None,None
TACCTATAGAAGATTC-1,False,TACCTATAGAAGATTC-1_contig_1,False,563,TRB,TRBV12-2+TRBV13-2,None,TRBJ1-5,TRBC1,True,True,CASGTGDNQAPLF,TGTGCCAGCGGGACAGGGGACAACCAGGCTCCGCTTTTT,998,1,None,None
TACCTATAGAGCCTAG-1,False,TACCTATAGAGCCTAG-1_contig_1,False,499,TRA,TRAV6-5,None,TRAJ30,TRAC,True,False,None,None,3168,1,None,None
TACCTATAGCTTTGGT-1,False,TACCTATAGCTTTGGT-1_contig_1,False,596,TRB,TRBV13-2,None,TRBJ1-5,TRBC1,True,True,CASGTGDNQAPLF,TGTGCCAGCGGGACAGGGGACAACCAGGCTCCGCTTTTT,1228,1,None,None
TACCTATAGGTCATCT-1,False,TACCTATAGGTCATCT-1_contig_1,False,549,TRA,TRAV8N-2,None,TRAJ13,TRAC,True,True,CATEDSGTYQRF,TGTGCTACTGAGGATTCTGGGACTTACCAGAGGTTT,1996,1,None,None
TACCTATAGTGAAGTT-1,False,TACCTATAGTGAAGTT-1_contig_1,False,556,TRA,TRAV19,None,TRAJ39,TRAC,True,True,CAAGGNNAGAKLTF,TGCGCAGCAGGTGGGAATAATGCAGGTGCCAAGCTCACATTC,1682,1,None,None
TACCTATAGTGCGTGA-1,False,TACCTATAGTGCGTGA-1_contig_1,False,525,TRA,TRAV7N-6,None,TRAJ30,TRAC,True,True,CAVVDTNAYKVIF,TGTGCAGTGGTTGACACAAATGCTTACAAAGTCATCTTT,992,1,None,None
TACCTATGTAAGAGGA-1,False,TACCTATGTAAGAGGA-1_contig_1,False,567,TRA,TRAV12D-1,None,TRAJ5,TRAC,True,True,CALSDQGVVGQLTF,TGTGCTCTGAGTGATCAAGGGGTTGTGGGGCAGCTCACTTTC,918,1,None,None
TACCTATGTAAGAGGA-1,False,TACCTATGTAAGAGGA-1_contig_2,False,512,TRB,TRBV13-1,None,TRBJ2-5,None,True,True,CASSDGDDTQYF,TGTGCCAGCAGTGACGGGGACGACACCCAGTACTTT,698,1,None,None
TACCTATGTAAGAGGA-1,False,TACCTATGTAAGAGGA-1_contig_3,False,519,TRB,TRBV13-2,None,TRBJ2-7,None,True,True,CASGAGGDYEQYF,TGTGCCAGCGGTGCTGGGGGGGACTATGAACAGTACTTC,1738,1,None,None
TACCTATGTCGCGAAA-1,False,TACCTATGTCGCGAAA-1_contig_1,False,571,TRB,TRBV12-2+TRBV13-2,None,TRBJ1-2,TRBC1,True,True,CASGGGTGNSDYTF,TGTGCCAGCGGTGGGGGGACAGGGAACTCCGACTACACCTTC,1508,1,None,None
TACCTATGTCGCGGTT-1,False,TACCTATGTCGCGGTT-1_contig_1,False,522,TRB,TRBV5,None,TRBJ1-5,TRBC1,True,True,CASSHPGQNNQAPLF,TGTGCCAGCAGCCACCCGGGACAGAACAACCAGGCTCCGCTTTTT,2252,1,None,None
TACCTATGTCTCCACT-1,False,TACCTATGTCTCCACT-1_contig_1,False,512,TRB,TRBV13-1,None,TRBJ2-4,None,True,True,CASSEGTNTLYF,TGTGCCAGCAGTGAAGGAACAAACACCTTGTACTTT,1600,1,None,None
TACCTATGTCTCTTTA-1,False,TACCTATGTCTCTTTA-1_contig_1,False,547,TRB,TRBV13-2,None,TRBJ1-2,TRBC1,True,True,CASGGGTGNSDYTF,TGTGCCAGCGGTGGGGGGACAGGGAACTCCGACTACACCTTC,388,1,None,None
TACCTATGTCTGCGGT-1,False,TACCTATGTCTGCGGT-1_contig_1,False,548,Multi,TRDV1,None,TRAJ43,TRAC,True,False,CGGLNNAPRF,TGTGGAGGCCTCAACAATGCCCCACGATTT,2242,1,None,None
TACCTATGTGCCTGTG-1,False,TACCTATGTGCCTGTG-1_contig_1,False,499,TRA,TRAV1,None,TRAJ27,TRAC,True,False,None,None,3084,2,None,None
TACCTATGTGTGGCTC-1,False,TACCTATGTGTGGCTC-1_contig_1,False,534,TRA,TRAV16D-DV11,None,TRAJ26,TRAC,True,True,CAMREENNYAQGLTF,TGTGCTATGAGAGAGGAAAATAACTATGCCCAGGGATTAACCTTC,1280,1,None,None
TACCTATGTGTTAAGA-1,False,TACCTATGTGTTAAGA-1_contig_1,False,512,TRB,TRBV13-1,None,TRBJ2-3,None,True,True,CASGDSAETMYF,TGTGCCAGCGGGGACAGTGCAGAAACGATGTATTTT,1788,1,None,None
TACCTATGTTATCACG-1,False,TACCTATGTTATCACG-1_contig_1,False,539,TRB,TRBV20,None,TRBJ1-6,TRBC1,True,True,CADRSYNSPLYF,TGTGCCGACAGGTCCTATAATTCGCCCCTCTACTTT,2298,1,None,None
TACCTATTCGGACAAG-1,False,TACCTATTCGGACAAG-1_contig_1,False,556,TRA,TRAV19,None,TRAJ39,TRAC,True,True,CAAGGNNAGAKLTF,TGCGCAGCAGGTGGGAATAATGCAGGTGCCAAGCTCACATTC,1546,1,None,None
TACCTATTCGTCCGTT-1,False,TACCTATTCGTCCGTT-1_contig_1,False,512,TRB,TRBV13-1,None,TRBJ2-4,None,True,True,CASSEGTNTLYF,TGTGCCAGCAGTGAAGGAACAAACACCTTGTACTTT,1732,1,None,None
TACCTTAAGACCCACC-1,False,TACCTTAAGACCCACC-1_contig_1,False,525,TRA,TRAV7N-6,None,TRAJ30,TRAC,True,True,CAVVDTNAYKVIF,TGTGCAGTGGTTGACACAAATGCTTACAAAGTCATCTTT,1434,1,None,None
TACCTTAAGACTGGGT-1,False,TACCTTAAGACTGGGT-1_contig_1,False,605,TRB,TRBV12-2+TRBV13-2,None,TRBJ1-2,TRBC1,True,True,CASGGGTGNSDYTF,TGTGCCAGCGGTGGGGGGACAGGGAACTCCGACTACACCTTC,1716,1,None,None
TACCTTAAGCGTTTAC-1,False,TACCTTAAGCGTTTAC-1_contig_1,False,535,TRA,TRAV8-1,None,TRAJ34,TRAC,True,True,CATDVSNTNKVVF,TGTGCTACTGATGTATCCAATACCAACAAAGTCGTCTTT,5926,3,None,None
TACCTTAAGGACGAAA-1,False,TACCTTAAGGACGAAA-1_contig_1,False,549,TRB,TRBV16,None,TRBJ2-5,None,True,True,CASSLGGGQDTQYF,TGTGCAAGCAGCTTAGGGGGGGGCCAAGACACCCAGTACTTT,412,1,None,None
TACCTTAAGTACGCCC-1,False,TACCTTAAGTACGCCC-1_contig_1,False,594,TRB,TRBV12-2+TRBV13-2,None,TRBJ1-5,TRBC1,True,True,CASGTGDNQAPLF,TGTGCCAGCGGGACGGGGGACAACCAGGCTCCGCTTTTT,1048,1,None,None
TACCTTAAGTCTCAAC-1,False,TACCTTAAGTCTCAAC-1_contig_1,False,367,TRB,None,None,TRBJ1-4,TRBC1,False,False,None,None,2010,1,None,None
TACCTTAAGTGGAGAA-1,False,TACCTTAAGTGGAGAA-1_contig_1,False,549,TRB,TRBV16,None,TRBJ2-5,None,True,True,CASSLGGNQDTQYF,TGTGCAAGCAGCTTAGGGGGGAACCAAGACACCCAGTACTTT,35616,49,None,None
TACCTTAAGTGGAGAA-1,False,TACCTTAAGTGGAGAA-1_contig_2,False,511,TRA,TRAV6N-6,None,TRAJ18,TRAC,True,True,CALYRGSALGRLHF,TGCGCTCTGTATAGAGGTTCAGCCTTAGGGAGGCTGCATTTT,5922,6,None,None
TACCTTAAGTGGAGAA-1,False,TACCTTAAGTGGAGAA-1_contig_3,False,604,TRA,TRAV4D-3,None,TRAJ27,TRAC,True,True,CAADGPNTGKLTF,TGTGCTGCGGACGGACCCAATACAGGCAAATTAACCTTT,7744,10,None,None
TACCTTAAGTGGAGAA-1,False,TACCTTAAGTGGAGAA-1_contig_4,False,525,TRA,TRAV7N-6,None,TRAJ30,TRAC,True,True,CAVVDTNAYKVIF,TGTGCAGTGGTTGACACAAATGCTTACAAAGTCATCTTT,3702,6,None,None
TACCTTAAGTGGAGAA-1,False,TACCTTAAGTGGAGAA-1_contig_5,False,675,TRB,TRBV3,None,TRBJ1-2,TRBC1,True,False,None,None,1634,5,None,None
TACCTTAAGTGGAGAA-1,False,TACCTTAAGTGGAGAA-1_contig_6,False,355,TRB,None,None,TRBJ2-1,None,False,False,None,None,1558,4,None,None
TACCTTAAGTGGAGAA-1,False,TACCTTAAGTGGAGAA-1_contig_7,False,889,TRB,None,None,TRBJ1-5,TRBC1,False,False,None,None,1172,2,None,None
TACCTTAAGTGGAGAA-1,False,TACCTTAAGTGGAGAA-1_contig_8,False,301,TRB,None,None,TRBJ2-4,None,False,False,None,None,4582,8,None,None
TACCTTAAGTGGAGAA-1,False,TACCTTAAGTGGAGAA-1_contig_9,False,543,TRA,TRAV13N-4,None,TRAJ31,TRAC,True,False,None,None,8152,11,None,None
TACCTTAAGTTTGCGT-1,False,TACCTTAAGTTTGCGT-1_contig_1,True,530,TRA,TRAV19,None,TRAJ39,TRAC,True,True,CAAGGNNAGAKLTF,TGCGCAGCAGGTGGGAATAATGCAGGTGCCAAGCTCACATTC,1334,1,None,None
TACCTTAAGTTTGCGT-1,False,TACCTTAAGTTTGCGT-1_contig_2,True,355,TRB,None,None,TRBJ2-1,None,False,False,None,None,2322,2,None,None
TACCTTAAGTTTGCGT-1,False,TACCTTAAGTTTGCGT-1_contig_3,True,507,TRA,TRAV7-5,None,TRAJ45,TRAC,True,False,CSDTEGADRLTF,TGCAGTGATACAGAAGGTGCAGATAGACTCACCTTT,1428,1,None,None
TACCTTACACGGCCAT-1,False,TACCTTACACGGCCAT-1_contig_1,False,566,TRB,TRBV12-2+TRBV13-2,None,TRBJ1-2,TRBC1,True,True,CASGGGTGNSDYTF,TGTGCCAGCGGTGGGGGGACAGGGAACTCCGACTACACCTTC,1590,1,None,None
TACCTTACAGATCCAT-1,False,TACCTTACAGATCCAT-1_contig_1,False,323,TRB,None,None,TRBJ2-7,None,False,False,None,None,2906,1,None,None
TACCTTACAGGACGTA-1,False,TACCTTACAGGACGTA-1_contig_1,False,541,TRA,TRAV16N,None,TRAJ22,TRAC,True,True,CAMREGDSSGSWQLIF,TGTGCTATGAGAGAGGGCGACTCTTCTGGCAGCTGGCAACTCATCTTT,1108,1,None,None
TACCTTACATGTCCTC-1,False,TACCTTACATGTCCTC-1_contig_1,False,564,TRB,TRBV12-2+TRBV13-2,None,TRBJ1-2,TRBC1,True,True,CASGGGTGNSDYTF,TGTGCCAGCGGTGGGGGGACAGGGAACTCCGACTACACCTTC,3402,2,None,None
TACCTTACATGTCGAT-1,False,TACCTTACATGTCGAT-1_contig_1,False,525,TRB,TRBV17,None,TRBJ2-5,None,True,True,CASSRKGSQDTQYF,TGTGCTAGCAGTAGAAAGGGTTCTCAAGACACCCAGTACTTT,862,1,None,None
TACCTTAGTGTGGCTC-1,False,TACCTTAGTGTGGCTC-1_contig_1,False,637,TRB,TRBV12-2+TRBV13-2,None,TRBJ1-5,TRBC1,True,True,CASGTGDNQAPLF,TGTGCCAGCGGGACAGGGGACAACCAGGCTCCGCTTTTT,1190,1,None,None
TACCTTATCACATACG-1,False,TACCTTATCACATACG-1_contig_1,False,558,TRB,TRBV12-2+TRBV13-2,None,TRBJ2-7,None,True,True,CASGVQGEQYF,TGTGCCAGCGGTGTTCAGGGAGAACAGTACTTC,1260,1,None,None
TACCTTATCGGCATCG-1,False,TACCTTATCGGCATCG-1_contig_1,False,576,TRA,TRAV14-1,None,TRAJ32,TRAC,True,True,CAASPLGSSGNKLIF,TGTGCAGCAAGTCCTCTTGGGAGCAGTGGCAACAAGCTCATCTTT,5230,5,None,None
TACCTTATCGGCATCG-1,False,TACCTTATCGGCATCG-1_contig_2,False,539,TRA,TRAV8-1,None,TRAJ30,TRAC,True,True,CATDTNAYKVIF,TGTGCTACTGACACAAATGCTTACAAAGTCATCTTT,5706,5,None,None
TACCTTATCGGCATCG-1,False,TACCTTATCGGCATCG-1_contig_3,False,541,TRB,TRBV12-2+TRBV13-2,None,TRBJ1-5,TRBC1,True,True,CASGTGDNQAPLF,TGTGCCAGCGGGACAGGGGACAACCAGGCTCCGCTTTTT,1868,3,None,None
TACCTTATCTCCCTGA-1,False,TACCTTATCTCCCTGA-1_contig_1,False,511,TRB,TRBV26,None,TRBJ1-1,TRBC1,True,True,CASSRGNTEVFF,TGTGCCAGCAGCCGCGGAAACACAGAAGTCTTCTTT,2646,1,None,None
TACCTTATCTTGCATT-1,False,TACCTTATCTTGCATT-1_contig_1,False,572,TRB,TRBV13-1,None,TRBJ2-1,None,True,False,None,None,1154,1,None,None
TACGGATAGAGCTGCA-1,False,TACGGATAGAGCTGCA-1_contig_1,False,549,TRB,TRBV16,None,TRBJ2-5,None,True,True,CASSLGGGQDTQYF,TGTGCAAGCAGCTTAGGGGGGGGCCAAGACACCCAGTACTTT,7496,5,None,None
TACGGATAGAGCTGCA-1,False,TACGGATAGAGCTGCA-1_contig_2,False,555,TRA,TRAV7-3,None,TRAJ38,TRAC,True,True,CAVSAANVGDNSKLIW,TGTGCAGTGAGCGCGGCGAATGTTGGTGACAACAGTAAGCTGATTTGG,3812,2,None,None
TACGGATAGAGCTGCA-1,False,TACGGATAGAGCTGCA-1_contig_3,False,603,TRA,TRAV14D-3-DV8,None,TRAJ6,TRAC,True,True,CAARTSGGNYKPTF,TGTGCAGCAAGAACCTCAGGAGGAAACTACAAACCTACGTTT,7230,7,None,None
TACGGATAGAGCTGCA-1,False,TACGGATAGAGCTGCA-1_contig_4,False,505,TRB,TRBV13-1,None,TRBJ2-7,None,True,True,CASSGGHLEQYF,TGTGCCAGCAGTGGGGGACACCTTGAACAGTACTTC,9804,9,None,None
TACGGATAGAGCTGCA-1,False,TACGGATAGAGCTGCA-1_contig_5,False,578,TRA,TRAV4D-3,None,TRAJ27,TRAC,True,True,CAADGPNTGKLTF,TGTGCTGCGGACGGACCCAATACAGGCAAATTAACCTTT,8968,8,None,None
TACGGATAGAGCTGCA-1,False,TACGGATAGAGCTGCA-1_contig_6,False,525,TRA,TRAV7N-6,None,TRAJ30,TRAC,True,True,CAVVDTNAYKVIF,TGTGCAGTGGTTGACACAAATGCTTACAAAGTCATCTTT,2292,3,None,None
TACGGATAGAGCTGCA-1,False,TACGGATAGAGCTGCA-1_contig_7,False,566,TRB,TRBV12-2+TRBV13-2,None,TRBJ2-7,None,True,True,CASGAGGDYEQYF,TGTGCCAGCGGTGCTGGGGGGGACTATGAACAGTACTTC,32964,36,None,None
TACGGATAGAGCTGCA-1,False,TACGGATAGAGCTGCA-1_contig_8,False,493,TRB,None,None,TRBJ1-6,TRBC1,False,False,None,None,1422,1,None,None
TACGGATAGAGCTGCA-1,False,TACGGATAGAGCTGCA-1_contig_9,False,656,TRA,TRAV7-1,None,TRAJ4,TRAC,True,False,CSTLSGSFNKLTF,TGCAGTACCTTATCTGGTAGCTTCAATAAGTTGACCTTT,1476,2,None,None
TACGGATAGCTAGTGG-1,False,TACGGATAGCTAGTGG-1_contig_1,False,549,TRB,TRBV16,None,TRBJ2-5,None,True,True,CASSFGGGQDTQYF,TGTGCAAGCAGCTTTGGGGGGGGCCAAGACACCCAGTACTTT,822,1,None,None
TACGGATAGTGACATA-1,False,TACGGATAGTGACATA-1_contig_1,False,507,TRA,TRAV21-DV12,None,TRAJ42,TRAC,True,True,CILRVHGGSNAKLTF,TGTATCCTGAGAGTCCATGGAGGAAGCAATGCAAAGCTAACCTTC,3006,1,None,None
TACGGATCAACCGCCA-1,False,TACGGATCAACCGCCA-1_contig_1,False,563,TRB,TRBV12-2+TRBV13-2,None,TRBJ2-7,None,True,True,CASGVQGGEQYF,TGTGCCAGCGGTGTGCAGGGGGGAGAACAGTACTTC,1716,1,None,None
TACGGATCACTTGGAT-1,False,TACGGATCACTTGGAT-1_contig_1,False,602,TRB,TRBV12-2+TRBV13-2,None,TRBJ1-2,TRBC1,True,True,CASGGGTGNSDYTF,TGTGCCAGCGGTGGGGGGACAGGGAACTCCGACTACACCTTC,1344,1,None,None
TACGGATCATTCCTGC-1,False,TACGGATCATTCCTGC-1_contig_1,False,553,TRA,TRAV6-6,None,TRAJ24,TRAC,True,True,CAPLTTASLGKLQF,TGTGCTCCGTTGACAACTGCCAGTTTGGGGAAACTGCAGTTT,9316,7,None,None
TACGGATCATTCCTGC-1,False,TACGGATCATTCCTGC-1_contig_2,False,512,TRB,TRBV13-1,None,TRBJ2-4,None,True,True,CASSEGTNTLYF,TGTGCCAGCAGTGAAGGAACAAACACCTTGTACTTT,27332,26,None,None
TACGGATCATTCCTGC-1,False,TACGGATCATTCCTGC-1_contig_3,False,525,TRB,TRBV17,None,TRBJ2-5,None,True,True,CASSRKGAQDTQYF,TGTGCTAGCAGTAGGAAGGGGGCGCAAGACACCCAGTACTTT,20124,13,None,None
TACGGATCATTCCTGC-1,False,TACGGATCATTCCTGC-1_contig_4,False,706,TRA,TRAV9D-2,None,TRAJ26,TRAC,True,True,CVLSRGNNYAQGLTF,TGTGTTCTGAGCAGGGGCAATAACTATGCCCAGGGATTAACCTTC,4838,5,None,None
TACGGATCATTCCTGC-1,False,TACGGATCATTCCTGC-1_contig_5,False,561,TRB,TRBV20,None,TRBJ1-6,TRBC1,True,True,CADRSYNSPLYF,TGTGCCGACAGGTCCTATAATTCGCCCCTCTACTTT,13700,8,None,None
TACGGATCATTCCTGC-1,False,TACGGATCATTCCTGC-1_contig_6,False,593,TRA,TRAV10D,None,TRAJ30,None,True,False,None,None,338,1,None,None
TACGGATGTCATGCAT-1,False,TACGGATGTCATGCAT-1_contig_1,False,443,TRB,None,None,TRBJ1-3,TRBC1,False,False,None,None,1814,1,None,None
TACGGATGTCCATCCT-1,False,TACGGATGTCCATCCT-1_contig_1,False,614,TRB,TRBV5,None,TRBJ2-7,None,True,False,CASSQDWGGAVEQYF,TGTGCCAGCAGCCAAGACTGGGGGGGCGCAGTTGAACAGTACTTC,334,1,None,None
TACGGATGTCGATTGT-1,False,TACGGATGTCGATTGT-1_contig_1,False,549,TRA,TRAV8N-2,None,TRAJ13,TRAC,True,True,CATEDSGTYQRF,TGTGCTACTGAGGATTCTGGGACTTACCAGAGGTTT,2328,1,None,None
TACGGATGTCTGATTG-1,False,TACGGATGTCTGATTG-1_contig_1,False,597,TRB,TRBV12-2+TRBV13-2,None,TRBJ2-7,None,True,True,CASGVQGEQYF,TGTGCCAGCGGTGTTCAGGGAGAACAGTACTTC,1250,1,None,None
TACGGATGTCTGCGGT-1,False,TACGGATGTCTGCGGT-1_contig_1,False,549,TRB,TRBV16,None,TRBJ2-7,None,True,True,CASSLGGGGDEQYF,TGTGCAAGCAGCTTAGGTGGGGGGGGCGATGAACAGTACTTC,3350,2,None,None
TACGGATGTCTGCGGT-1,False,TACGGATGTCTGCGGT-1_contig_2,False,482,TRB,TRBV12-2+TRBV13-2,None,TRBJ1-2,TRBC1,True,True,CASGGGTGNSDYTF,TGTGCCAGCGGTGGGGGGACAGGGAACTCCGACTACACCTTC,802,1,None,None
TACGGATGTCTTGCGG-1,False,TACGGATGTCTTGCGG-1_contig_1,False,554,TRB,TRBV12-2+TRBV13-2,None,TRBJ2-7,None,True,True,CASGVQGWEQYF,TGTGCCAGCGGTGTACAGGGGTGGGAACAGTACTTC,632,1,None,None
TACGGATGTGAAAGAG-1,False,TACGGATGTGAAAGAG-1_contig_1,False,558,TRA,TRAV19,None,TRAJ39,TRAC,True,True,CAAGGNNAGAKLTF,TGCGCAGCAGGTGGGAATAATGCAGGTGCCAAGCTCACATTC,862,1,None,None
TACGGATGTGCAACTT-1,False,TACGGATGTGCAACTT-1_contig_1,False,567,TRB,TRBV12-2+TRBV13-2,None,TRBJ1-2,TRBC1,True,True,CASGGGTGNSDYTF,TGTGCCAGCGGTGGGGGGACAGGGAACTCCGACTACACCTTC,1372,1,None,None
TACGGATGTGTTAAGA-1,False,TACGGATGTGTTAAGA-1_contig_1,False,431,TRB,None,None,TRBJ2-1,None,False,False,None,None,1542,1,None,None
TACGGATTCACAGTAC-1,False,TACGGATTCACAGTAC-1_contig_1,False,549,TRB,TRBV12-2+TRBV13-2,None,TRBJ2-1,None,True,True,CASGGYAEQFF,TGTGCCAGCGGGGGCTATGCTGAGCAGTTCTTC,1506,1,None,None
TACGGATTCACATGCA-1,False,TACGGATTCACATGCA-1_contig_1,False,572,TRB,TRBV12-2+TRBV13-2,None,TRBJ1-2,TRBC1,True,True,CASGGGTGNSDYTF,TGTGCCAGCGGTGGGGGGACAGGGAACTCCGACTACACCTTC,1892,1,None,None
TACGGATTCGAGAGCA-1,False,TACGGATTCGAGAGCA-1_contig_1,False,573,TRB,TRBV12-2+TRBV13-2,None,TRBJ2-2,None,True,True,CASGGTGGANTGQLYF,TGTGCCAGCGGTGGGACTGGGGGGGCTAACACCGGGCAGCTCTACTTT,1080,2,None,None
TACGGATTCGCCAAAT-1,False,TACGGATTCGCCAAAT-1_contig_1,False,557,TRB,TRBV12-2+TRBV13-2,None,TRBJ2-7,None,True,True,CASGVQGWEQYF,TGTGCCAGCGGTGTACAGGGGTGGGAACAGTACTTC,932,1,None,None
TACGGATTCGCCTGTT-1,False,TACGGATTCGCCTGTT-1_contig_1,False,549,TRB,TRBV16,None,TRBJ2-5,None,True,True,CASSLGGGQDTQYF,TGTGCAAGCAGCTTAGGGGGGGGCCAAGACACCCAGTACTTT,412,1,None,None
TACGGGCAGAGAACAG-1,False,TACGGGCAGAGAACAG-1_contig_1,False,549,TRB,TRBV16,None,TRBJ2-5,None,True,True,CASSPGGRGDTQYF,TGTGCAAGCAGCCCGGGGGGGCGCGGGGACACCCAGTACTTT,19472,43,None,None
TACGGGCAGAGAACAG-1,False,TACGGGCAGAGAACAG-1_contig_2,False,602,TRA,TRAV14N-3,None,TRAJ6,TRAC,True,True,CAARTSGGNYKPTF,TGTGCAGCAAGAACCTCAGGAGGAAACTACAAACCTACGTTT,5958,6,None,None
TACGGGCAGAGAACAG-1,False,TACGGGCAGAGAACAG-1_contig_3,False,505,TRB,TRBV13-1,None,TRBJ2-4,None,True,True,CASSEGTNTLYF,TGTGCCAGCAGTGAAGGAACAAACACCTTGTACTTT,5860,6,None,None
TACGGGCAGAGAACAG-1,False,TACGGGCAGAGAACAG-1_contig_4,False,549,TRA,TRAV8N-2,None,TRAJ13,TRAC,True,True,CATEDSGTYQRF,TGTGCTACTGAGGATTCTGGGACTTACCAGAGGTTT,16470,14,None,None
TACGGGCAGAGAACAG-1,False,TACGGGCAGAGAACAG-1_contig_5,False,719,TRA,TRAV9D-2,None,TRAJ26,TRAC,True,True,CVLSRGNNYAQGLTF,TGTGTTCTGAGCAGGGGCAATAACTATGCCCAGGGATTAACCTTC,4432,4,None,None
TACGGGCAGAGAACAG-1,False,TACGGGCAGAGAACAG-1_contig_6,False,591,TRB,TRBV12-2+TRBV13-2,None,TRBJ2-7,None,True,True,CASGTGGDYEQYF,TGTGCCAGCGGGACTGGGGGGGACTATGAACAGTACTTC,18630,20,None,None
TACGGGCAGAGAACAG-1,False,TACGGGCAGAGAACAG-1_contig_7,False,437,TRA,None,None,TRAJ41,TRAC,False,False,None,None,256,2,None,None
TACGGGCAGCGACGTA-1,False,TACGGGCAGCGACGTA-1_contig_1,False,525,TRA,TRAV7N-6,None,TRAJ30,TRAC,True,True,CAVVDTNAYKVIF,TGTGCAGTGGTTGACACAAATGCTTACAAAGTCATCTTT,816,1,None,None
TACGGGCAGGCAGGTT-1,False,TACGGGCAGGCAGGTT-1_contig_1,False,509,TRB,TRBV13-1,None,TRBJ2-2,None,True,True,CASSDPGQLYF,TGTGCCAGCAGTGACCCCGGGCAGCTCTACTTT,336,1,None,None
TACGGGCAGTACCGGA-1,False,TACGGGCAGTACCGGA-1_contig_1,False,593,TRB,TRBV12-2+TRBV13-2,None,TRBJ1-2,TRBC1,True,True,CASGGGTGNSDYTF,TGTGCCAGCGGTGGGGGGACAGGGAACTCCGACTACACCTTC,1178,1,None,None
TACGGGCAGTTACCCA-1,False,TACGGGCAGTTACCCA-1_contig_1,False,639,TRB,TRBV12-2+TRBV13-2,None,TRBJ1-2,TRBC1,True,True,CASGGGTGNSDYTF,TGTGCCAGCGGTGGGGGGACAGGGAACTCCGACTACACCTTC,780,1,None,None
TACGGGCCAATGGATA-1,False,TACGGGCCAATGGATA-1_contig_1,False,638,TRB,None,None,TRBJ2-7,None,False,False,None,None,1176,1,None,None
TACGGGCCACACATGT-1,False,TACGGGCCACACATGT-1_contig_1,False,591,TRB,TRBV12-2+TRBV13-2,None,TRBJ1-2,TRBC1,True,True,CASGGGTGNSDYTF,TGTGCCAGCGGTGGGGGGACAGGGAACTCCGACTACACCTTC,574,1,None,None
TACGGGCCACGAGGTA-1,False,TACGGGCCACGAGGTA-1_contig_1,False,565,TRB,TRBV12-2+TRBV13-2,None,TRBJ1-2,TRBC1,True,True,CASGGGTGNSDYTF,TGTGCCAGCGGTGGGGGGACAGGGAACTCCGACTACACCTTC,1756,1,None,None
TACGGGCCACTGTCGG-1,False,TACGGGCCACTGTCGG-1_contig_1,False,558,TRA,TRAV19,None,TRAJ39,TRAC,True,True,CAAGGNNAGAKLTF,TGCGCAGCAGGTGGGAATAATGCAGGTGCCAAGCTCACATTC,1162,1,None,None
TACGGGCCAGCCTTGG-1,False,TACGGGCCAGCCTTGG-1_contig_1,False,505,TRB,TRBV13-1,None,TRBJ2-4,None,True,True,CASSEGTNTLYF,TGTGCCAGCAGTGAAGGAACAAACACCTTGTACTTT,1356,1,None,None
TACGGGCCAGTCCTTC-1,False,TACGGGCCAGTCCTTC-1_contig_1,False,571,TRB,TRBV12-2+TRBV13-2,None,TRBJ1-2,TRBC1,True,True,CASGGGTGNSDYTF,TGTGCCAGCGGTGGGGGGACAGGGAACTCCGACTACACCTTC,1086,1,None,None
TACGGGCGTATAGTAG-1,False,TACGGGCGTATAGTAG-1_contig_1,False,468,TRB,TRBV12-2+TRBV13-2,None,TRBJ1-2,None,True,True,CASGGGTGNSDYTF,TGTGCCAGCGGTGGGGGGACAGGGAACTCCGACTACACCTTC,118,1,None,None
TACGGGCGTCATATGC-1,False,TACGGGCGTCATATGC-1_contig_1,False,564,TRB,TRBV12-2+TRBV13-2,None,TRBJ1-2,TRBC1,True,True,CASGGGTGNSDYTF,TGTGCCAGCGGTGGGGGGACAGGGAACTCCGACTACACCTTC,118,1,None,None
TACGGGCGTGCCTGCA-1,False,TACGGGCGTGCCTGCA-1_contig_1,False,638,TRB,TRBV12-2+TRBV13-2,None,TRBJ1-2,TRBC1,True,True,CASGGGTGNSDYTF,TGTGCCAGCGGTGGGGGGACAGGGAACTCCGACTACACCTTC,848,1,None,None
TACGGGCGTGGGTCAA-1,False,TACGGGCGTGGGTCAA-1_contig_1,False,549,TRB,TRBV16,None,TRBJ2-5,None,True,True,CASSLGGGQDTQYF,TGTGCAAGCAGCTTAGGGGGCGGCCAAGACACCCAGTACTTT,684,1,None,None
TACGGGCGTGGGTCAA-1,False,TACGGGCGTGGGTCAA-1_contig_2,False,509,TRB,TRBV13-1,None,TRBJ2-3,None,True,True,CASGDSAETLYF,TGTGCCAGCGGGGACAGTGCAGAAACGCTGTATTTT,550,1,None,None
TACGGGCGTTTACTCT-1,False,TACGGGCGTTTACTCT-1_contig_1,False,582,TRB,TRBV12-2+TRBV13-2,None,TRBJ1-2,TRBC1,True,True,CASGGGTGNSDYTF,TGTGCCAGCGGTGGGGGGACAGGGAACTCCGACTACACCTTC,1330,1,None,None
TACGGGCTCAACACGT-1,False,TACGGGCTCAACACGT-1_contig_1,False,572,TRB,TRBV12-2+TRBV13-2,None,TRBJ1-2,TRBC1,True,True,CASGGGTGNSDYTF,TGTGCCAGCGGTGGGGGGACAGGGAACTCCGACTACACCTTC,1610,1,None,None
TACGGGCTCCGCGGTA-1,False,TACGGGCTCCGCGGTA-1_contig_1,False,507,TRB,TRBV5,None,TRBJ2-7,None,True,True,CASSQDWGGAVEQYF,TGTGCCAGCAGCCAAGACTGGGGGGGCGCAGTTGAACAGTACTTC,140,1,None,None
TACGGGCTCGTCGTTC-1,False,TACGGGCTCGTCGTTC-1_contig_1,False,482,TRB,TRBV13-1,None,TRBJ2-2,None,True,False,CASSDPGQLYF,TGTGCCAGCAGTGACCCCGGGCAGCTCTACTTT,1746,1,None,None
TACGGTAAGACAGAGA-1,False,TACGGTAAGACAGAGA-1_contig_1,False,575,TRB,None,None,TRBJ1-1,TRBC1,False,False,None,None,1624,1,None,None
TACGGTAAGATAGGAG-1,False,TACGGTAAGATAGGAG-1_contig_1,False,593,TRA,TRAV19,None,TRAJ39,TRAC,True,True,CAAGGNNAGAKLTF,TGCGCAGCAGGTGGGAATAATGCAGGTGCCAAGCTCACATTC,3068,1,None,None
TACGGTAAGCGATATA-1,False,TACGGTAAGCGATATA-1_contig_1,False,541,TRA,TRAV13D-2,None,TRAJ11,TRAC,True,True,CAIDLDSGYNKLTF,TGTGCTATAGATCTTGACTCGGGATACAACAAACTCACTTTT,1498,1,None,None
TACGGTAAGGAATCGC-1,False,TACGGTAAGGAATCGC-1_contig_1,False,565,TRB,TRBV12-2+TRBV13-2,None,TRBJ2-7,None,True,True,CASGTGGDYEQYF,TGTGCCAGCGGGACTGGGGGGGACTATGAACAGTACTTC,1434,1,None,None
TACGGTAAGGGCACTA-1,False,TACGGTAAGGGCACTA-1_contig_1,False,588,TRA,TRAV7-4,None,TRAJ33,TRAC,True,True,CAARDSNYQLIW,TGTGCAGCTAGGGATAGCAACTATCAGTTGATCTGG,1644,1,None,None
TACGGTAAGGGTGTGT-1,False,TACGGTAAGGGTGTGT-1_contig_1,False,473,TRB,TRBV17,None,TRBJ2-5,None,True,False,CASSRKGVQDTQYF,TGTGCTAGCAGTAGAAAGGGGGTCCAAGACACCCAGTACTTT,1976,1,None,None
TACGGTAAGGTTACCT-1,False,TACGGTAAGGTTACCT-1_contig_1,False,507,TRA,TRAV21-DV12,None,TRAJ42,TRAC,True,True,CILRVHGGSNAKLTF,TGTATCCTGAGAGTCCATGGAGGAAGCAATGCAAAGCTAACCTTC,1088,1,None,None
TACGGTAAGGTTACCT-1,False,TACGGTAAGGTTACCT-1_contig_2,False,525,TRB,TRBV17,None,TRBJ2-5,None,True,True,CASSRKGVQDTQYF,TGTGCTAGCAGTAGAAAGGGGGTCCAAGACACCCAGTACTTT,4056,4,None,None
TACGGTACACACGCTG-1,False,TACGGTACACACGCTG-1_contig_1,False,555,TRA,TRAV3-3,None,TRAJ49,TRAC,True,True,CAVSGATGYQNFYF,TGCGCAGTCAGTGGGGCCACGGGTTACCAGAACTTCTATTTT,1624,1,None,None
TACGGTACAGTCGTGC-1,False,TACGGTACAGTCGTGC-1_contig_1,False,426,TRB,None,None,TRBJ2-3,None,False,False,None,None,1932,1,None,None
TACGGTACATCTCCCA-1,False,TACGGTACATCTCCCA-1_contig_1,False,563,TRB,TRBV12-2+TRBV13-2,None,TRBJ1-5,TRBC1,True,True,CASGTGDNQAPLF,TGTGCCAGCGGTACAGGGGATAACCAGGCTCCGCTTTTT,1218,1,None,None
TACGGTACATGGTCAT-1,False,TACGGTACATGGTCAT-1_contig_1,False,368,TRB,None,None,TRBJ2-1,None,False,False,None,None,2608,1,None,None
TACGGTAGTACTCAAC-1,False,TACGGTAGTACTCAAC-1_contig_1,False,642,TRB,TRBV12-2+TRBV13-2,None,TRBJ1-2,TRBC1,True,True,CASGGGTGNSDYTF,TGTGCCAGCGGTGGGGGGACAGGGAACTCCGACTACACCTTC,978,1,None,None
TACGGTAGTCGAAAGC-1,False,TACGGTAGTCGAAAGC-1_contig_1,False,648,TRB,TRBV12-2+TRBV13-2,None,TRBJ1-2,TRBC1,True,True,CASGGGTGNSDYTF,TGTGCCAGCGGTGGGGGGACAGGGAACTCCGACTACACCTTC,1290,1,None,None
TACGGTAGTTACGTCA-1,False,TACGGTAGTTACGTCA-1_contig_1,False,528,TRB,TRBV13-2,None,TRBJ1-2,TRBC1,True,True,CASGGGTGNSDYTF,TGTGCCAGCGGTGGGGGGACAGGGAACTCCGACTACACCTTC,990,1,None,None
TACGGTAGTTCAGGCC-1,False,TACGGTAGTTCAGGCC-1_contig_1,False,559,TRB,TRBV12-2+TRBV13-2,None,TRBJ2-7,None,True,True,CASGVQGEQYF,TGTGCCAGCGGTGTTCAGGGAGAACAGTACTTC,852,1,None,None
TACGGTATCCCAAGAT-1,False,TACGGTATCCCAAGAT-1_contig_1,False,539,TRB,TRBV13-2,None,TRBJ1-5,TRBC1,True,True,CASGTGDNQAPLF,TGTGCCAGCGGGACAGGCGACAACCAGGCTCCGCTTTTT,1664,1,None,None
TACGGTATCGTAGATC-1,False,TACGGTATCGTAGATC-1_contig_1,False,335,TRB,None,None,TRBJ2-1,None,False,False,None,None,3664,1,None,None
TACGGTATCTCTAGGA-1,False,TACGGTATCTCTAGGA-1_contig_1,False,326,TRB,None,None,TRBJ1-2,TRBC1,False,False,None,None,2476,1,None,None
TACTCATAGAGCTTCT-1,False,TACTCATAGAGCTTCT-1_contig_1,False,523,TRA,TRAV7D-5,None,TRAJ6,TRAC,True,True,CAVSPTSGGNYKPTF,TGTGCAGTGAGCCCTACCTCAGGAGGAAACTACAAACCTACGTTT,438,1,None,None
TACTCATAGAGCTTCT-1,False,TACTCATAGAGCTTCT-1_contig_2,True,652,TRA,TRAV9D-3,None,TRAJ31,TRAC,True,False,None,None,1816,1,None,None
TACTCATAGATGTCGG-1,False,TACTCATAGATGTCGG-1_contig_1,False,327,TRB,None,None,TRBJ2-7,None,False,False,None,None,2482,1,None,None
TACTCATAGCACGCCT-1,False,TACTCATAGCACGCCT-1_contig_1,False,505,TRB,TRBV13-1,None,TRBJ2-4,None,True,True,CASSEGTNTLYF,TGTGCCAGCAGTGAAGGAACAAACACCTTGTACTTT,1868,1,None,None
TACTCATCACAAGTAA-1,False,TACTCATCACAAGTAA-1_contig_1,False,561,TRB,TRBV12-2+TRBV13-2,None,TRBJ2-7,None,True,True,CASGTGGDYEQYF,TGTGCCAGCGGGACTGGGGGGGACTATGAACAGTACTTC,530,1,None,None
TACTCATCACAGGAGT-1,False,TACTCATCACAGGAGT-1_contig_1,False,313,TRB,None,None,TRBJ2-3,None,False,False,None,None,2660,1,None,None
TACTCATCAGGGATTG-1,False,TACTCATCAGGGATTG-1_contig_1,False,558,TRA,TRAV19,None,TRAJ39,TRAC,True,True,CAAGGNNAGAKLTF,TGCGCAGCAGGTGGGAATAATGCAGGTGCCAAGCTCACATTC,2592,2,None,None
TACTCATCATACAGCT-1,False,TACTCATCATACAGCT-1_contig_1,False,555,TRB,TRBV12-2+TRBV13-2,None,TRBJ2-7,None,True,True,CASGVQGWEQYF,TGTGCCAGCGGTGTACAGGGGTGGGAACAGTACTTC,1998,1,None,None
TACTCATGTCACCTAA-1,False,TACTCATGTCACCTAA-1_contig_1,False,575,TRA,TRAV3D-3,None,TRAJ28,TRAC,True,False,CTSAQSVRGTGSNRLTF,TGTACTTCTGCGCAGTCAGTGAGGGGCACTGGGAGTAACAGGCTCACTTTT,302,1,None,None
TACTCATGTCGCTTTC-1,False,TACTCATGTCGCTTTC-1_contig_1,False,360,TRB,TRBV13-2,None,TRBJ1-5,TRBC1,True,False,CASGTGDNQAPLF,TGTGCCAGCGGGACAGGGGACAACCAGGCTCCGCTTTTT,1994,1,None,None
TACTCATTCATCTGCC-1,False,TACTCATTCATCTGCC-1_contig_1,False,518,TRB,TRBV12-2+TRBV13-2,None,TRBJ1-2,TRBC1,True,False,CASGGGTGNSDYTF,TGTGCCAGCGGTGGGGGGACAGGGAACTCCGACTACACCTTC,1394,1,None,None
TACTCATTCTTTAGTC-1,False,TACTCATTCTTTAGTC-1_contig_1,False,505,TRB,TRBV13-1,None,TRBJ2-3,None,True,True,CASGDSAETLYF,TGTGCCAGCGGGGACAGTGCAGAAACGCTGTATTTT,492,1,None,None
TACTCGCAGAAGGTTT-1,False,TACTCGCAGAAGGTTT-1_contig_1,False,526,TRA,TRAV19,None,TRAJ39,TRAC,True,True,CAAGGNNAGAKLTF,TGCGCAGCAGGTGGGAATAATGCAGGTGCCAAGCTCACATTC,1756,1,None,None
TACTCGCAGAGTCTGG-1,False,TACTCGCAGAGTCTGG-1_contig_1,False,509,TRB,TRBV13-1,None,None,TRBC1,False,False,CASSDPGQVYF,TGTGCCAGCAGTGACCCCGGACAGGTTTACTTC,354,1,None,None
TACTCGCAGTAGATGT-1,False,TACTCGCAGTAGATGT-1_contig_1,False,515,TRB,TRBV13-1,None,TRBJ1-4,TRBC1,True,True,CASGTGANERLFF,TGTGCCAGCGGGACAGGGGCCAACGAAAGATTATTTTTC,1670,1,None,None
TACTCGCAGTAGCCGA-1,False,TACTCGCAGTAGCCGA-1_contig_1,False,429,TRB,None,None,TRBJ1-2,TRBC1,False,False,None,None,74,1,None,None
TACTCGCCAATGTAAG-1,False,TACTCGCCAATGTAAG-1_contig_1,False,556,TRB,TRBV12-2+TRBV13-2,None,TRBJ2-1,None,True,True,CASGDPFQFF,TGTGCCAGCGGTGATCCTTTCCAGTTCTTC,1288,1,None,None
TACTCGCCATGCATGT-1,False,TACTCGCCATGCATGT-1_contig_1,False,593,TRA,TRAV19,None,TRAJ39,TRAC,True,True,CAAGGNNAGAKLTF,TGCGCAGCAGGTGGGAATAATGCAGGTGCCAAGCTCACATTC,1380,1,None,None
TACTCGCGTACGACCC-1,False,TACTCGCGTACGACCC-1_contig_1,False,614,TRB,TRBV13-2,None,TRBJ1-5,TRBC1,True,True,CASGTEDNQAPLF,TGTGCCAGCGGTACAGAGGACAACCAGGCTCCGCTTTTT,304,1,None,None
TACTCGCGTCCATCCT-1,False,TACTCGCGTCCATCCT-1_contig_1,False,503,TRB,TRBV13-1,None,TRBJ2-3,None,True,True,CASGDSAETLYF,TGTGCCAGCGGGGACAGTGCAGAAACGCTGTATTTT,900,1,None,None
TACTCGCGTCCGTTAA-1,False,TACTCGCGTCCGTTAA-1_contig_1,False,524,TRA,TRAV13D-2,None,TRAJ11,TRAC,True,True,CAIDLDSGYNKLTF,TGTGCTATAGATCTTGACTCGGGATACAACAAACTCACTTTT,630,1,None,None
TACTCGCGTCGCCATG-1,False,TACTCGCGTCGCCATG-1_contig_1,False,355,TRB,None,None,TRBJ1-4,TRBC1,False,False,None,None,1182,1,None,None
TACTCGCGTGCGAAAC-1,False,TACTCGCGTGCGAAAC-1_contig_1,False,359,TRB,None,None,TRBJ1-2,TRBC1,False,False,None,None,498,1,None,None
TACTCGCGTGCGCTTG-1,False,TACTCGCGTGCGCTTG-1_contig_1,False,630,TRA,None,None,TRAJ18,TRAC,False,False,None,None,1086,1,None,None
TACTCGCGTTCTGGTA-1,False,TACTCGCGTTCTGGTA-1_contig_1,False,566,TRB,TRBV12-2+TRBV13-2,None,TRBJ1-2,TRBC1,True,True,CASGGGTGNSDYTF,TGTGCCAGCGGTGGGGGGACAGGGAACTCCGACTACACCTTC,1224,1,None,None
TACTCGCTCAACGAAA-1,False,TACTCGCTCAACGAAA-1_contig_1,False,364,TRB,None,None,TRBJ1-3,TRBC1,False,False,None,None,2006,1,None,None
TACTCGCTCGAGAGCA-1,False,TACTCGCTCGAGAGCA-1_contig_1,False,337,TRB,None,None,TRBJ2-1,None,False,False,None,None,3432,1,None,None
TACTCGCTCTCTGAGA-1,False,TACTCGCTCTCTGAGA-1_contig_1,False,559,TRB,TRBV12-2+TRBV13-2,None,TRBJ2-7,None,True,True,CASGVQGEQYF,TGTGCCAGCGGTGTTCAGGGAGAACAGTACTTC,2190,1,None,None
TACTTACAGATGCCAG-1,False,TACTTACAGATGCCAG-1_contig_1,False,602,TRB,TRBV12-2+TRBV13-2,None,TRBJ1-5,TRBC1,True,True,CASGTGDNQAPLF,TGTGCCAGCGGAACAGGGGACAACCAGGCTCCGCTTTTT,1112,1,None,None
TACTTACAGTGGGATC-1,False,TACTTACAGTGGGATC-1_contig_1,False,603,TRA,TRAV14D-3-DV8,None,TRAJ6,TRAC,True,True,CAARTSGGNYKPTF,TGTGCAGCAAGAACCTCAGGAGGAAACTACAAACCTACGTTT,1960,1,None,None
TACTTACCAACACCTA-1,False,TACTTACCAACACCTA-1_contig_1,False,426,TRB,TRBV13-1,None,TRBJ1-4,None,True,True,CASGTGANERLFF,TGTGCCAGCGGGACAGGGGCCAACGAAAGATTATTTTTC,1224,2,None,None
TACTTACCAGCGAACA-1,False,TACTTACCAGCGAACA-1_contig_1,False,523,TRA,TRAV8D-1,None,TRAJ30,TRAC,True,True,CATDTNAYKVIF,TGTGCTACTGACACAAATGCTTACAAAGTCATCTTT,2064,1,None,None
TACTTACGTGAAAGAG-1,False,TACTTACGTGAAAGAG-1_contig_1,False,380,TRB,TRBV13-2,None,TRBJ2-7,None,True,False,CASGGGLGSEQYF,TGTGCCAGCGGTGGGGGACTGGGGAGTGAACAGTACTTC,1956,1,None,None
TACTTACGTGACAAAT-1,False,TACTTACGTGACAAAT-1_contig_1,False,570,TRA,TRAV14N-3,None,TRAJ6,TRAC,True,True,CAARTSGGNYKPTF,TGTGCAGCAAGAACCTCAGGAGGAAACTACAAACCTACGTTT,1986,1,None,None
TACTTACGTGACTACT-1,False,TACTTACGTGACTACT-1_contig_1,False,568,TRB,TRBV12-2+TRBV13-2,None,TRBJ1-2,TRBC1,True,True,CASGGGTGNSDYTF,TGTGCCAGCGGTGGGGGGACAGGGAACTCCGACTACACCTTC,1098,1,None,None
TACTTACGTGGGTCAA-1,False,TACTTACGTGGGTCAA-1_contig_1,False,557,TRB,TRBV12-2+TRBV13-2,None,TRBJ1-2,TRBC1,True,True,CASGGGTGNSDYTF,TGTGCCAGCGGTGGGGGGACAGGGAACTCCGACTACACCTTC,424,1,None,None
TACTTACGTTTACTCT-1,False,TACTTACGTTTACTCT-1_contig_1,False,535,TRB,TRBV13-2,None,TRBJ2-7,None,True,True,CASGVQGEQYF,TGTGCCAGCGGTGTTCAGGGAGAACAGTACTTC,1228,1,None,None
TACTTACTCACCATAG-1,False,TACTTACTCACCATAG-1_contig_1,False,541,TRA,TRAV8D-1,None,TRAJ30,TRAC,True,True,CATDTNAYKVIF,TGTGCTACTGACACAAATGCTTACAAAGTCATCTTT,2128,1,None,None
TACTTACTCACCTCGT-1,False,TACTTACTCACCTCGT-1_contig_1,False,305,TRB,None,None,TRBJ2-7,None,False,False,None,None,1822,1,None,None
TACTTACTCACTGGGC-1,False,TACTTACTCACTGGGC-1_contig_1,False,549,TRB,TRBV16,None,TRBJ2-5,None,True,True,CASSLGGYQDTQYF,TGTGCAAGCAGCTTAGGGGGCTACCAAGACACCCAGTACTTT,1926,1,None,None
TACTTACTCACTGGGC-1,False,TACTTACTCACTGGGC-1_contig_2,False,568,TRA,TRAV12-1,None,TRAJ48,TRAC,True,True,CALSDAGDYGNEKITF,TGTGCTCTGAGTGATGCAGGAGACTATGGAAATGAGAAAATAACTTTT,1178,2,None,None
TACTTGTAGAAACCTA-1,False,TACTTGTAGAAACCTA-1_contig_1,False,549,TRB,TRBV16,None,TRBJ2-5,None,True,True,CASSFGGGLDTQYF,TGTGCAAGCAGCTTTGGGGGGGGCCTGGACACCCAGTACTTT,526,1,None,None
TACTTGTAGAGCTGCA-1,False,TACTTGTAGAGCTGCA-1_contig_1,False,430,TRB,None,None,TRBJ2-1,None,False,False,None,None,2868,1,None,None
TACTTGTAGCCAGTAG-1,False,TACTTGTAGCCAGTAG-1_contig_1,False,549,TRB,TRBV16,None,TRBJ2-7,None,True,True,CASSFGGGADEQYF,TGTGCAAGCAGCTTTGGTGGGGGGGCGGATGAACAGTACTTC,34224,20,None,None
TACTTGTAGCCAGTAG-1,False,TACTTGTAGCCAGTAG-1_contig_2,False,559,TRA,TRAV6-6,None,TRAJ24,TRAC,True,True,CAPLTTASLGKLQF,TGTGCTCCGTTGACAACTGCCAGTTTGGGGAAACTGCAGTTT,5032,5,None,None
TACTTGTAGCCAGTAG-1,False,TACTTGTAGCCAGTAG-1_contig_3,False,505,TRB,TRBV13-1,None,TRBJ2-4,None,True,True,CASSEGTNTLYF,TGTGCCAGCAGTGAAGGAACAAACACCTTGTACTTT,5966,4,None,None
TACTTGTAGCCAGTAG-1,False,TACTTGTAGCCAGTAG-1_contig_4,False,715,TRA,TRAV9D-2,None,TRAJ26,TRAC,True,True,CVLSRGNNYAQGLTF,TGTGTTCTGAGCAGGGGCAATAACTATGCCCAGGGATTAACCTTC,6952,4,None,None
TACTTGTAGGATTCGG-1,False,TACTTGTAGGATTCGG-1_contig_1,False,525,TRB,TRBV17,None,TRBJ2-5,None,True,True,CASSRKGIQDTQYF,TGTGCTAGCAGTAGAAAGGGGATCCAAGACACCCAGTACTTT,1208,1,None,None
TACTTGTAGGCCCTCA-1,False,TACTTGTAGGCCCTCA-1_contig_1,False,569,TRB,TRBV12-2+TRBV13-2,None,TRBJ1-2,TRBC1,True,True,CASGGGTGNSDYTF,TGTGCCAGCGGTGGGGGGACAGGGAACTCCGACTACACCTTC,818,1,None,None
TACTTGTCAGCTGTAT-1,False,TACTTGTCAGCTGTAT-1_contig_1,False,642,TRB,TRBV12-2+TRBV13-2,None,TRBJ1-2,TRBC1,True,True,CASGGGTGNSDYTF,TGTGCCAGCGGTGGGGGGACAGGGAACTCCGACTACACCTTC,906,1,None,None
TACTTGTCATATGAGA-1,False,TACTTGTCATATGAGA-1_contig_1,False,584,TRA,TRAV8-1,None,TRAJ30,TRAC,True,True,CATDTNAYKVIF,TGTGCTACTGACACAAATGCTTACAAAGTCATCTTT,1692,1,None,None
TACTTGTCATCACCCT-1,False,TACTTGTCATCACCCT-1_contig_1,False,531,TRA,TRAV19,None,TRAJ39,TRAC,True,True,CAAGGNNAGAKLTF,TGCGCAGCAGGTGGGAATAATGCAGGTGCCAAGCTCACATTC,1948,1,None,None
TACTTGTCATCACCCT-1,False,TACTTGTCATCACCCT-1_contig_2,False,585,TRA,TRAV12D-1,None,TRAJ22,TRAC,True,True,CALSDLSSGSWQLIF,TGTGCTCTGAGTGATCTTTCTTCTGGCAGCTGGCAACTCATCTTT,2154,1,None,None
TACTTGTCATTCCTCG-1,False,TACTTGTCATTCCTCG-1_contig_1,False,570,TRB,TRBV12-2+TRBV13-2,None,TRBJ1-2,TRBC1,True,True,CASGGGTGNSDYTF,TGTGCCAGCGGTGGGGGGACAGGGAACTCCGACTACACCTTC,1460,1,None,None
TACTTGTGTAAGTGGC-1,False,TACTTGTGTAAGTGGC-1_contig_1,False,558,TRA,TRAV19,None,TRAJ39,TRAC,True,True,CAAGGNNAGAKLTF,TGCGCAGCAGGTGGGAATAATGCAGGTGCCAAGCTCACATTC,3686,6,None,None
TACTTGTGTAAGTGGC-1,False,TACTTGTGTAAGTGGC-1_contig_10,False,451,TRA,TRAV9D-2,None,TRAJ26,TRAC,True,False,CVLSRGNNYAQGLTF,TGTGTTCTGAGCAGGGGCAATAACTATGCCCAGGGATTAACCTTC,3212,3,None,None
TACTTGTGTAAGTGGC-1,False,TACTTGTGTAAGTGGC-1_contig_2,False,571,TRA,TRAV14N-3,None,TRAJ6,TRAC,True,True,CAARTSGGNYKPTF,TGTGCAGCAAGAACCTCAGGAGGAAACTACAAACCTACGTTT,6756,13,None,None
TACTTGTGTAAGTGGC-1,False,TACTTGTGTAAGTGGC-1_contig_3,False,549,TRB,TRBV12-2+TRBV13-2,None,TRBJ2-4,None,True,True,CASSEGTNTLYF,TGTGCCAGCAGTGAAGGAACAAACACCTTGTACTTT,1750,4,None,None
TACTTGTGTAAGTGGC-1,False,TACTTGTGTAAGTGGC-1_contig_4,False,566,TRB,TRBV12-2+TRBV13-2,None,TRBJ1-2,TRBC1,True,True,CASGGGTGNSDYTF,TGTGCCAGCGGTGGGGGGACAGGGAACTCCGACTACACCTTC,12508,28,None,None
TACTTGTGTAAGTGGC-1,False,TACTTGTGTAAGTGGC-1_contig_5,False,549,TRA,TRAV8N-2,None,TRAJ13,TRAC,True,True,CATEDSGTYQRF,TGTGCTACTGAGGATTCTGGGACTTACCAGAGGTTT,12652,18,None,None
TACTTGTGTAAGTGGC-1,False,TACTTGTGTAAGTGGC-1_contig_6,False,565,TRB,TRBV12-2+TRBV13-2,None,TRBJ1-5,TRBC1,True,True,CASGTGDNQAPLF,TGTGCCAGCGGGACAGGGGACAACCAGGCTCCGCTTTTT,8052,19,None,None
TACTTGTGTAAGTGGC-1,False,TACTTGTGTAAGTGGC-1_contig_7,False,591,TRB,TRBV12-2+TRBV13-2,None,TRBJ2-7,None,True,True,CASGTGGDYEQYF,TGTGCCAGCGGGACTGGGGGGGACTATGAACAGTACTTC,22070,66,None,None
TACTTGTGTAAGTGGC-1,False,TACTTGTGTAAGTGGC-1_contig_8,False,310,TRB,None,None,TRBJ2-3,None,False,False,None,None,1184,1,None,None
TACTTGTGTAAGTGGC-1,False,TACTTGTGTAAGTGGC-1_contig_9,False,341,TRB,None,None,TRBJ2-1,None,False,False,None,None,2482,5,None,None
TACTTGTGTCCAGTTA-1,False,TACTTGTGTCCAGTTA-1_contig_1,False,539,TRB,TRBV12-2+TRBV13-2,None,TRBJ2-5,None,True,True,CASGAPDTQYF,TGTGCCAGCGGTGCCCCGGACACCCAGTACTTT,1858,1,None,None
TACTTGTGTGCGATAG-1,False,TACTTGTGTGCGATAG-1_contig_1,False,410,TRA,TRAV14N-3,None,TRAJ6,TRAC,True,False,CAARTSGGNYKPTF,TGTGCAGCAAGAACCTCAGGAGGAAACTACAAACCTACGTTT,2442,1,None,None
TACTTGTTCAAGCCTA-1,False,TACTTGTTCAAGCCTA-1_contig_1,False,569,TRB,TRBV12-2+TRBV13-2,None,TRBJ1-2,TRBC1,True,True,CASGGGTGNSDYTF,TGTGCCAGCGGTGGGGGGACAGGGAACTCCGACTACACCTTC,1778,1,None,None
TACTTGTTCACATGCA-1,False,TACTTGTTCACATGCA-1_contig_1,False,557,TRB,TRBV12-2+TRBV13-2,None,TRBJ2-5,None,True,True,CASGAPDTQYF,TGTGCCAGCGGTGCCCCGGACACCCAGTACTTT,1054,1,None,None
TACTTGTTCCTTGCCA-1,False,TACTTGTTCCTTGCCA-1_contig_1,False,559,TRB,TRBV12-2+TRBV13-2,None,TRBJ2-5,None,True,True,CASGAGMEDTQYF,TGTGCCAGCGGTGCAGGGATGGAAGACACCCAGTACTTT,1652,2,None,None
TACTTGTTCCTTTACA-1,False,TACTTGTTCCTTTACA-1_contig_1,False,542,TRB,TRBV12-2+TRBV13-2,None,TRBJ2-7,None,True,True,CASGTGGDYEQYF,TGTGCCAGCGGGACTGGGGGGGATTATGAACAGTACTTC,1906,1,None,None
TACTTGTTCTCGTTTA-1,False,TACTTGTTCTCGTTTA-1_contig_1,False,509,TRB,TRBV13-1,None,TRBJ2-7,None,True,True,CASSGPLEQYF,TGTGCCAGCAGTGGGCCCCTGGAACAGTACTTC,1274,1,None,None
TACTTGTTCTTGGGTA-1,False,TACTTGTTCTTGGGTA-1_contig_1,False,537,TRA,TRAV3-3,None,TRAJ49,TRAC,True,True,CAVSGSTGYQNFYF,TGCGCAGTCAGTGGGAGCACGGGTTACCAGAACTTCTATTTT,1460,1,None,None
TAGACCAAGATACACA-1,False,TAGACCAAGATACACA-1_contig_1,False,509,TRB,TRBV13-1,None,TRBJ2-2,None,True,True,CASSDPGQLYF,TGTGCCAGCAGTGACCCCGGGCAGCTCTACTTT,1466,1,None,None
TAGACCAAGCCACCTG-1,False,TAGACCAAGCCACCTG-1_contig_1,False,549,TRB,TRBV16,None,TRBJ1-2,TRBC1,True,True,CASSSGTGNSDYTF,TGTGCAAGCAGCTCCGGGACAGGGAACTCCGACTACACCTTC,2506,2,None,None
TAGACCAAGCGTGTCC-1,False,TAGACCAAGCGTGTCC-1_contig_1,False,549,TRB,TRBV16,None,TRBJ2-5,None,True,True,CASSLGGGQDTQYF,TGTGCAAGCAGCTTAGGGGGGGGGCAAGACACCCAGTACTTT,13878,17,None,None
TAGACCAAGCGTGTCC-1,False,TAGACCAAGCGTGTCC-1_contig_2,False,558,TRA,TRAV19,None,TRAJ39,TRAC,True,True,CAAGGNNAGAKLTF,TGCGCAGCAGGTGGGAATAATGCAGGTGCCAAGCTCACATTC,13480,8,None,None
TAGACCAAGCGTGTCC-1,False,TAGACCAAGCGTGTCC-1_contig_3,False,596,TRA,TRAV4D-3,None,TRAJ27,TRAC,True,True,CAADGPNTGKLTF,TGTGCTGCTGACGGGCCCAATACAGGCAAATTAACCTTT,13100,9,None,None
TAGACCAAGCGTGTCC-1,False,TAGACCAAGCGTGTCC-1_contig_4,False,537,TRB,TRBV13-2,None,TRBJ1-2,None,True,True,CASGGGTGNSDYTF,TGTGCCAGCGGTGGGGGGACAGGGAACTCCGACTACACCTTC,3900,3,None,None
TAGACCAAGCGTGTCC-1,False,TAGACCAAGCGTGTCC-1_contig_5,True,595,TRA,TRAV7-4,None,TRAJ31,TRAC,True,False,None,None,3300,2,None,None
TAGACCAAGGGCATGT-1,False,TAGACCAAGGGCATGT-1_contig_1,False,571,TRB,TRBV12-2+TRBV13-2,None,TRBJ1-2,TRBC1,True,True,CASGGGTGNSDYTF,TGTGCCAGCGGTGGGGGGACAGGGAACTCCGACTACACCTTC,1274,1,None,None
TAGACCAAGTACACCT-1,False,TAGACCAAGTACACCT-1_contig_1,False,515,TRA,TRAV19,None,TRAJ39,TRAC,True,True,CAAGGNNAGAKLTF,TGCGCAGCAGGTGGGAATAATGCAGGTGCCAAGCTCACATTC,362,1,None,None
TAGACCAAGTACATGA-1,False,TAGACCAAGTACATGA-1_contig_1,False,549,TRB,TRBV16,None,TRBJ2-7,None,True,True,CASSLGGGLDEQYF,TGTGCAAGCAGCTTAGGGGGGGGGCTCGATGAACAGTACTTC,14688,16,None,None
TAGACCAAGTACATGA-1,False,TAGACCAAGTACATGA-1_contig_2,False,555,TRA,TRAV3-3,None,TRAJ49,TRAC,True,True,CAVSGSTGYQNFYF,TGCGCAGTCAGTGGGAGCACGGGTTACCAGAACTTCTATTTT,300,1,None,None
TAGACCAAGTACATGA-1,False,TAGACCAAGTACATGA-1_contig_3,True,589,Multi,TRDV1,None,TRAJ45,TRAC,True,False,CGGTEGADRLTF,TGTGGAGGGACAGAAGGTGCAGATAGACTCACCTTT,10454,7,None,None
TAGACCACAACGCACC-1,False,TAGACCACAACGCACC-1_contig_1,False,539,TRA,TRAV6D-5,None,TRAJ38,TRAC,True,False,CTTVFWDNVGDNSKLIW,TGTACTACTGTGTTCTGGGATAATGTTGGTGACAACAGTAAGCTGATTTGG,1576,1,None,None
TAGACCACAATTCCTT-1,False,TAGACCACAATTCCTT-1_contig_1,False,569,TRB,TRBV12-2+TRBV13-2,None,TRBJ1-2,TRBC1,True,True,CASGGGTGNSDYTF,TGTGCCAGCGGTGGGGGGACAGGGAACTCCGACTACACCTTC,1388,1,None,None
TAGACCAGTAGAGTGC-1,False,TAGACCAGTAGAGTGC-1_contig_1,False,549,TRB,TRBV16,None,TRBJ2-5,None,True,True,CASSLGGGQDTQYF,TGTGCAAGCAGCTTAGGGGGGGGGCAAGACACCCAGTACTTT,1972,1,None,None
TAGACCAGTAGCTCCG-1,False,TAGACCAGTAGCTCCG-1_contig_1,False,503,TRB,TRBV13-1,None,TRBJ2-4,None,True,True,CASSEGTNTLYF,TGTGCCAGCAGTGAAGGAACAAACACCTTGTACTTT,1322,1,None,None
TAGACCAGTGGACGAT-1,False,TAGACCAGTGGACGAT-1_contig_1,False,305,TRB,TRBV13-2,None,TRBJ2-7,None,True,False,CASGVQGEQYF,TGTGCCAGCGGTGTTCAGGGAGAACAGTACTTC,2096,1,None,None
TAGACCATCAAGATCC-1,False,TAGACCATCAAGATCC-1_contig_1,False,595,TRA,TRAV12D-2,None,TRAJ22,TRAC,True,True,CALSDLSSGSWQLIF,TGTGCTTTGAGTGATCTCTCTTCTGGCAGCTGGCAACTCATCTTT,1818,1,None,None
TAGACCATCATAACCG-1,False,TAGACCATCATAACCG-1_contig_1,False,566,TRB,TRBV12-2+TRBV13-2,None,TRBJ1-2,TRBC1,True,True,CASGGGTGNSDYTF,TGTGCCAGCGGTGGGGGGACAGGGAACTCCGACTACACCTTC,1604,1,None,None
TAGACCATCTGACCTC-1,False,TAGACCATCTGACCTC-1_contig_1,False,355,TRB,None,None,TRBJ2-1,None,False,False,None,None,2616,1,None,None
TAGAGCTAGAAGGTTT-1,False,TAGAGCTAGAAGGTTT-1_contig_1,False,567,TRB,TRBV12-2+TRBV13-2,None,TRBJ1-2,TRBC1,True,True,CASGGGTGNSDYTF,TGTGCCAGCGGTGGGGGGACAGGGAACTCCGACTACACCTTC,1016,1,None,None
TAGAGCTAGAGTGACC-1,False,TAGAGCTAGAGTGACC-1_contig_1,False,426,TRB,None,None,TRBJ1-3,TRBC1,False,False,None,None,2368,1,None,None
TAGAGCTAGCTGAAAT-1,False,TAGAGCTAGCTGAAAT-1_contig_1,False,575,TRA,TRAV14N-3,None,TRAJ6,TRAC,True,True,CAARTSGGNYKPTF,TGTGCAGCAAGAACCTCAGGAGGAAACTACAAACCTACGTTT,2120,1,None,None
TAGAGCTCACAAGCCC-1,False,TAGAGCTCACAAGCCC-1_contig_1,False,525,TRB,TRBV17,None,TRBJ2-5,None,True,True,CASSRKGIQDTQYF,TGTGCTAGCAGTAGAAAGGGGATCCAAGACACCCAGTACTTT,1750,1,None,None
TAGAGCTCACATCCGG-1,False,TAGAGCTCACATCCGG-1_contig_1,False,558,TRA,TRAV19,None,TRAJ39,TRAC,True,True,CAAGGNNAGAKLTF,TGCGCAGCAGGTGGGAATAATGCAGGTGCCAAGCTCACATTC,1966,1,None,None
TAGAGCTCACATCCGG-1,False,TAGAGCTCACATCCGG-1_contig_2,False,575,TRB,TRBV12-2+TRBV13-2,None,TRBJ1-2,TRBC1,True,True,CASGGGTGNSDYTF,TGTGCCAGCGGTGGGGGGACAGGGAACTCCGACTACACCTTC,1362,2,None,None
TAGAGCTCACATCCGG-1,False,TAGAGCTCACATCCGG-1_contig_3,True,545,TRA,TRAV9D-2,None,TRAJ25,TRAC,True,False,CVLSRGNNYAQGLTF,TGTGTTCTGAGCAGGGGCAATAACTATGCCCAGGGATTAACCTTC,1532,1,None,None
TAGAGCTCACCGCTAG-1,False,TAGAGCTCACCGCTAG-1_contig_1,False,542,TRA,TRAV7D-3,None,TRAJ31,TRAC,True,False,None,None,1442,2,None,None
TAGAGCTCAGGCAGTA-1,False,TAGAGCTCAGGCAGTA-1_contig_1,False,555,TRA,TRAV3-3,None,TRAJ49,TRAC,True,True,CAVSGSTGYQNFYF,TGCGCAGTCAGTGGGAGCACGGGTTACCAGAACTTCTATTTT,788,1,None,None
TAGAGCTCATGAGCGA-1,False,TAGAGCTCATGAGCGA-1_contig_1,False,332,TRB,None,None,TRBJ2-1,None,False,False,None,None,3922,2,None,None
TAGAGCTGTATAGTAG-1,False,TAGAGCTGTATAGTAG-1_contig_1,False,570,TRA,TRAV14N-3,None,TRAJ6,TRAC,True,True,CAARTSGGNYKPTF,TGTGCAGCAAGAACCTCAGGAGGAAACTACAAACCTACGTTT,2714,1,None,None
TAGAGCTGTCGACTGC-1,False,TAGAGCTGTCGACTGC-1_contig_1,False,547,TRA,TRAV14N-3,None,TRAJ6,TRAC,True,True,CAARTSGGNYKPTF,TGTGCAGCAAGAACCTCAGGAGGAAACTACAAACCTACGTTT,1980,1,None,None
TAGAGCTGTCTCACCT-1,False,TAGAGCTGTCTCACCT-1_contig_1,True,549,TRA,TRAV6D-5,None,TRAJ38,TRAC,True,False,CTTVFWDNVGDNSKLIW,TGTACTACTGTGTTCTGGGATAATGTTGGTGACAACAGTAAGCTGATTTGG,5686,3,None,None
TAGAGCTGTGCACGAA-1,False,TAGAGCTGTGCACGAA-1_contig_1,False,505,TRB,TRBV13-1,None,TRBJ2-1,None,True,True,CASGGAYAEQFF,TGTGCCAGCGGGGGGGCCTATGCTGAGCAGTTCTTC,1140,1,None,None
TAGAGCTGTGCAGACA-1,False,TAGAGCTGTGCAGACA-1_contig_1,False,505,TRB,TRBV13-1,None,TRBJ2-7,None,True,True,CASSGGHLEQYF,TGTGCCAGCAGTGGGGGACACCTTGAACAGTACTTC,1534,1,None,None
TAGAGCTGTGCAGACA-1,False,TAGAGCTGTGCAGACA-1_contig_2,False,510,TRA,TRAV7-3,None,None,TRAC,False,False,None,None,2386,1,None,None
TAGAGCTTCCAAGCCG-1,False,TAGAGCTTCCAAGCCG-1_contig_1,False,525,TRA,TRAV7N-6,None,TRAJ30,TRAC,True,True,CAVVDTNAYKVIF,TGTGCAGTGGTTGACACAAATGCTTACAAAGTCATCTTT,2682,1,None,None
TAGAGCTTCCACTGGG-1,False,TAGAGCTTCCACTGGG-1_contig_1,False,599,TRB,TRBV12-2+TRBV13-2,None,TRBJ2-5,None,True,True,CASGVQGDTQYF,TGTGCCAGCGGTGTTCAGGGGGACACCCAGTACTTT,1706,1,None,None
TAGAGCTTCCCAACGG-1,False,TAGAGCTTCCCAACGG-1_contig_1,False,534,TRA,TRAV16D-DV11,None,TRAJ26,TRAC,True,True,CAMREENNYAQGLTF,TGTGCTATGAGAGAGGAAAATAACTATGCCCAGGGATTAACCTTC,1700,1,None,None
TAGAGCTTCCCAACGG-1,False,TAGAGCTTCCCAACGG-1_contig_2,False,605,TRB,TRBV12-2+TRBV13-2,None,TRBJ1-2,TRBC1,True,True,CASGGGTGNSDYTF,TGTGCCAGCGGTGGGGGGACAGGGAACTCCGACTACACCTTC,1564,1,None,None
TAGAGCTTCGGTGTCG-1,False,TAGAGCTTCGGTGTCG-1_contig_1,False,535,TRB,TRBV16,None,TRBJ1-2,TRBC1,True,True,CASSSGTGNSDYTF,TGTGCAAGCAGCTCCGGGACAGGGAACTCCGACTACACCTTC,1882,1,None,None
TAGCCGGAGAGGTTAT-1,False,TAGCCGGAGAGGTTAT-1_contig_1,False,549,TRB,TRBV16,None,TRBJ2-7,None,True,True,CASSFGGGADEQYF,TGTGCAAGCAGCTTTGGTGGGGGGGCGGATGAACAGTACTTC,880,1,None,None
TAGCCGGAGCTAACTC-1,False,TAGCCGGAGCTAACTC-1_contig_1,False,525,TRB,TRBV17,None,TRBJ2-5,None,True,True,CASSRKGVQDTQYF,TGTGCTAGCAGTAGAAAGGGGGTCCAAGACACCCAGTACTTT,1648,1,None,None
TAGCCGGAGGACACCA-1,False,TAGCCGGAGGACACCA-1_contig_1,False,512,TRB,TRBV13-1,None,TRBJ2-4,None,True,True,CASSEGTNTLYF,TGTGCCAGCAGTGAAGGAACAAACACCTTGTACTTT,2272,1,None,None
TAGCCGGAGGACACCA-1,False,TAGCCGGAGGACACCA-1_contig_2,False,511,TRB,TRBV13-1,None,TRBJ1-2,TRBC1,True,True,CASSDWEGNSDYTF,TGTGCCAGCAGTGATTGGGAGGGGAACTCCGACTACACCTTC,2098,1,None,None
TAGCCGGCAACAACCT-1,False,TAGCCGGCAACAACCT-1_contig_1,False,520,TRB,TRBV12-2+TRBV13-2,None,TRBJ2-7,None,True,False,CASGVQGGEQYF,TGTGCCAGCGGTGTGCAGGGGGGAGAACAGTACTTC,1676,1,None,None
TAGCCGGCATGCTAGT-1,False,TAGCCGGCATGCTAGT-1_contig_1,False,560,TRB,TRBV12-2+TRBV13-2,None,TRBJ2-5,None,True,True,CASGVQGDTQYF,TGTGCCAGCGGTGTTCAGGGGGACACCCAGTACTTT,1594,2,None,None
TAGCCGGCATGGTTGT-1,False,TAGCCGGCATGGTTGT-1_contig_1,False,525,TRA,TRAV7N-6,None,TRAJ30,TRAC,True,True,CAVVDTNAYKVIF,TGTGCAGTGGTTGACACAAATGCTTACAAAGTCATCTTT,1808,1,None,None
TAGCCGGGTCATCGGC-1,False,TAGCCGGGTCATCGGC-1_contig_1,False,525,TRB,TRBV17,None,TRBJ2-5,None,True,True,CASSRKGAQDTQYF,TGTGCTAGCAGTAGGAAGGGGGCGCAAGACACCCAGTACTTT,1292,1,None,None
TAGCCGGTCCGCATCT-1,False,TAGCCGGTCCGCATCT-1_contig_1,False,438,TRB,None,None,TRBJ1-2,TRBC1,False,False,None,None,1646,1,None,None
TAGCCGGTCGAATGCT-1,False,TAGCCGGTCGAATGCT-1_contig_1,False,568,TRB,TRBV12-2+TRBV13-2,None,TRBJ1-2,TRBC1,True,True,CASGGGTGNSDYTF,TGTGCCAGCGGTGGGGGGACAGGGAACTCCGACTACACCTTC,384,1,None,None
TAGCCGGTCTGGTTCC-1,False,TAGCCGGTCTGGTTCC-1_contig_1,False,549,TRA,TRAV8N-2,None,TRAJ13,TRAC,True,True,CATEDSGTYQRF,TGTGCTACTGAGGATTCTGGGACTTACCAGAGGTTT,1036,1,None,None
TAGCCGGTCTTCAACT-1,False,TAGCCGGTCTTCAACT-1_contig_1,False,447,TRB,TRBV12-2+TRBV13-2,None,TRBJ1-2,TRBC1,True,False,CASGGGTGNSDYTF,TGTGCCAGCGGTGGGGGGACAGGGAACTCCGACTACACCTTC,1646,1,None,None
TAGGCATAGAAAGTGG-1,False,TAGGCATAGAAAGTGG-1_contig_1,False,515,TRB,TRBV13-2,None,TRBJ2-7,None,True,True,CASGEGQNYEQYF,TGTGCCAGCGGTGAGGGACAGAATTATGAACAGTACTTC,668,1,None,None
TAGGCATAGAAAGTGG-1,False,TAGGCATAGAAAGTGG-1_contig_2,False,456,TRA,TRAV7D-2,None,TRAJ6,TRAC,True,False,CAAPTSGGNYKPTF,TGTGCAGCCCCAACCTCAGGAGGAAACTACAAACCTACGTTT,2828,1,None,None
TAGGCATAGACGCTTT-1,False,TAGGCATAGACGCTTT-1_contig_1,False,555,TRA,TRAV3-3,None,TRAJ49,TRAC,True,True,CAVSGSTGYQNFYF,TGCGCAGTCAGTGGGAGCACGGGTTACCAGAACTTCTATTTT,3450,2,None,None
TAGGCATAGCCATCGC-1,False,TAGGCATAGCCATCGC-1_contig_1,False,380,TRB,None,None,TRBJ1-6,TRBC1,False,False,None,None,3372,2,None,None
TAGGCATAGCTGAAAT-1,False,TAGGCATAGCTGAAAT-1_contig_1,False,571,TRB,TRBV12-2+TRBV13-2,None,TRBJ2-7,None,True,True,CASGTGDEQYF,TGTGCCAGCGGGACAGGGGATGAACAGTACTTC,1518,1,None,None
TAGGCATAGTAAGTAC-1,False,TAGGCATAGTAAGTAC-1_contig_1,False,521,TRA,TRAV6-5,None,TRAJ45,TRAC,True,True,CALIHTEGADRLTF,TGTGCTCTGATCCATACAGAAGGTGCAGATAGACTCACCTTT,2440,1,None,None
TAGGCATAGTATCTCG-1,False,TAGGCATAGTATCTCG-1_contig_1,False,505,TRB,TRBV13-1,None,TRBJ2-5,None,True,True,CASSDGDDTQYF,TGTGCCAGCAGTGACGGGGACGACACCCAGTACTTT,1412,1,None,None
TAGGCATCACAACGCC-1,False,TAGGCATCACAACGCC-1_contig_1,False,512,TRB,TRBV13-1,None,TRBJ2-3,None,True,True,CASGDSAETLYF,TGTGCCAGCGGGGACAGTGCAGAAACGCTGTATTTT,970,1,None,None
TAGGCATCATTACGAC-1,False,TAGGCATCATTACGAC-1_contig_1,False,464,TRB,None,None,TRBJ2-7,None,False,False,None,None,1134,1,None,None
TAGGCATCATTCACTT-1,False,TAGGCATCATTCACTT-1_contig_1,False,345,TRA,None,None,TRAJ25,TRAC,False,False,None,None,896,1,None,None
TAGGCATGTACCATCA-1,False,TAGGCATGTACCATCA-1_contig_1,False,561,TRB,TRBV12-2+TRBV13-2,None,TRBJ1-2,TRBC1,True,True,CASGGGTGNSDYTF,TGTGCCAGCGGTGGGGGGACAGGGAACTCCGACTACACCTTC,1160,1,None,None
TAGGCATGTCAATGTC-1,False,TAGGCATGTCAATGTC-1_contig_1,False,568,TRB,TRBV12-2+TRBV13-2,None,TRBJ1-2,TRBC1,True,True,CASGGGTGNSDYTF,TGTGCCAGCGGTGGGGGGACAGGGAACTCCGACTACACCTTC,1330,1,None,None
TAGGCATGTCCTCCAT-1,False,TAGGCATGTCCTCCAT-1_contig_1,False,639,TRB,TRBV12-2+TRBV13-2,None,TRBJ1-2,TRBC1,True,True,CASGGGTGNSDYTF,TGTGCCAGCGGTGGGGGGACAGGGAACTCCGACTACACCTTC,1286,1,None,None
TAGGCATGTCTTGATG-1,False,TAGGCATGTCTTGATG-1_contig_1,False,570,TRB,TRBV12-2+TRBV13-2,None,TRBJ1-2,TRBC1,True,True,CASGGGTGNSDYTF,TGTGCCAGCGGTGGGGGGACAGGGAACTCCGACTACACCTTC,1498,1,None,None
TAGGCATTCATCGCTC-1,False,TAGGCATTCATCGCTC-1_contig_1,False,512,TRB,TRBV13-1,None,TRBJ2-3,None,True,True,CASGDSAETLYF,TGTGCCAGCGGGGACAGTGCAGAAACGCTGTATTTT,658,1,None,None
TAGGCATTCCTGCAGG-1,False,TAGGCATTCCTGCAGG-1_contig_1,False,588,TRA,TRAV14-1,None,TRAJ45,TRAC,True,True,CAASLYTEGADRLTF,TGTGCAGCAAGTCTTTATACAGAAGGTGCAGATAGACTCACCTTT,560,1,None,None
TAGGCATTCTTGCAAG-1,False,TAGGCATTCTTGCAAG-1_contig_1,False,512,TRB,TRBV13-1,None,TRBJ2-4,None,True,True,CASSEGTNTLYF,TGTGCCAGCAGTGAAGGAACAAACACCTTGTACTTT,1652,1,None,None
TAGTGGTAGCGAGAAA-1,False,TAGTGGTAGCGAGAAA-1_contig_1,True,541,TRA,TRAV4-3,None,TRAJ37,TRAC,True,False,CAAGQAIPENSSLDW,TGTGCTGCCGGACAGGCAATACCGGAAAACTCATCTTTGGACTGG,1508,1,None,None
TAGTGGTAGGCATTGG-1,False,TAGTGGTAGGCATTGG-1_contig_1,False,538,TRA,TRAV3D-3,None,TRAJ28,TRAC,True,False,CTSAQSVRGTGSNRLTF,TGTACTTCTGCGCAGTCAGTGAGGGGCACTGGGAGTAACAGGCTCACTTTT,2002,1,None,None
TAGTGGTAGTACGCGA-1,False,TAGTGGTAGTACGCGA-1_contig_1,False,549,TRB,TRBV16,None,TRBJ2-5,None,True,True,CASSLGGGQDTQYF,TGTGCAAGCAGCTTAGGGGGGGGCCAAGACACCCAGTACTTT,1170,1,None,None
TAGTGGTCACGTAAGG-1,False,TAGTGGTCACGTAAGG-1_contig_1,False,566,TRB,TRBV12-2+TRBV13-2,None,TRBJ1-5,TRBC1,True,True,CASGTGDNQAPLF,TGTGCCAGCGGGACCGGGGACAACCAGGCTCCGCTTTTT,1020,1,None,None
TAGTGGTCAGACGCAA-1,False,TAGTGGTCAGACGCAA-1_contig_1,False,558,TRA,TRAV19,None,TRAJ39,TRAC,True,True,CAAGGNNAGAKLTF,TGCGCAGCAGGTGGGAATAATGCAGGTGCCAAGCTCACATTC,2702,1,None,None
TAGTGGTCAGACGCAA-1,False,TAGTGGTCAGACGCAA-1_contig_2,False,330,TRB,None,None,TRBJ2-7,None,False,False,None,None,1800,1,None,None
TAGTGGTCAGCGAACA-1,False,TAGTGGTCAGCGAACA-1_contig_1,False,515,TRA,TRAV6-6,None,TRAJ24,TRAC,True,True,CAPLTTASLGKLQF,TGTGCTCCGTTGACAACTGCCAGTTTGGGGAAACTGCAGTTT,4040,6,None,None
TAGTGGTCAGCGAACA-1,False,TAGTGGTCAGCGAACA-1_contig_2,False,601,TRA,TRAV14N-3,None,TRAJ6,TRAC,True,True,CAARTSGGNYKPTF,TGTGCAGCAAGAACCTCAGGAGGAAACTACAAACCTACGTTT,10378,13,None,None
TAGTGGTCAGCGAACA-1,False,TAGTGGTCAGCGAACA-1_contig_3,False,505,TRB,TRBV13-1,None,TRBJ2-4,None,True,True,CASSEGTNTLYF,TGTGCCAGCAGTGAAGGAACAAACACCTTGTACTTT,13346,18,None,None
TAGTGGTCAGCGAACA-1,False,TAGTGGTCAGCGAACA-1_contig_4,False,549,TRA,TRAV8N-2,None,TRAJ13,TRAC,True,True,CATEDSGTYQRF,TGTGCTACTGAGGATTCTGGGACTTACCAGAGGTTT,14532,17,None,None
TAGTGGTCAGCGAACA-1,False,TAGTGGTCAGCGAACA-1_contig_5,False,594,TRB,TRBV12-2+TRBV13-2,None,TRBJ2-7,None,True,True,CASGTGGDYEQYF,TGTGCCAGCGGGACTGGGGGGGACTATGAACAGTACTTC,24962,53,None,None
TAGTGGTCAGCGAACA-1,False,TAGTGGTCAGCGAACA-1_contig_6,False,364,TRB,None,None,TRBJ2-5,None,False,False,None,None,1312,9,None,None
TAGTGGTCAGCGAACA-1,False,TAGTGGTCAGCGAACA-1_contig_7,False,790,TRA,TRAV9D-2,None,TRAJ26,TRAC,True,False,CVLSRGNNYAQGLTF,TGTGTTCTGAGCAGGGGCAATAACTATGCCCAGGGATTAACCTTC,8224,7,None,None
TAGTGGTGTAACGACG-1,False,TAGTGGTGTAACGACG-1_contig_1,False,556,TRB,TRBV12-2+TRBV13-2,None,TRBJ2-1,None,True,True,CASGDPFQFF,TGTGCCAGCGGTGATCCTTTCCAGTTCTTC,1614,1,None,None
TAGTGGTGTAACGACG-1,False,TAGTGGTGTAACGACG-1_contig_2,False,568,TRB,TRBV12-2+TRBV13-2,None,TRBJ1-2,TRBC1,True,True,CASGGGTGNSDYTF,TGTGCCAGCGGTGGGGGGACAGGGAACTCCGACTACACCTTC,1116,1,None,None
TAGTGGTGTACCCAAT-1,False,TAGTGGTGTACCCAAT-1_contig_1,False,512,TRB,TRBV26,None,TRBJ2-5,None,True,True,CASSRGTDTQYF,TGTGCCAGCAGCCGCGGGACCGACACCCAGTACTTT,816,1,None,None
TAGTGGTGTCTTCAAG-1,False,TAGTGGTGTCTTCAAG-1_contig_1,False,417,TRB,TRBV16,None,TRBJ2-5,None,True,False,CASSLGGGQDTQYF,TGTGCAAGCAGCTTAGGGGGGGGCCAAGACACCCAGTACTTT,2552,1,None,None
TAGTGGTGTGACGGTA-1,False,TAGTGGTGTGACGGTA-1_contig_1,False,555,TRB,TRBV12-2+TRBV13-2,None,TRBJ1-5,TRBC1,True,True,CASGTGDNQAPLF,TGTGCCAGCGGGACAGGGGACAACCAGGCTCCGCTTTTT,494,1,None,None
TAGTGGTGTGCTCTTC-1,False,TAGTGGTGTGCTCTTC-1_contig_1,False,566,TRB,TRBV12-2+TRBV13-2,None,TRBJ1-2,TRBC1,True,True,CASGGGTGNSDYTF,TGTGCCAGCGGTGGGGGGACAGGGAACTCCGACTACACCTTC,1332,1,None,None
TAGTGGTGTTAAGAAC-1,False,TAGTGGTGTTAAGAAC-1_contig_1,False,568,TRB,TRBV12-2+TRBV13-2,None,TRBJ1-2,TRBC1,True,True,CASGGGTGNSDYTF,TGTGCCAGCGGTGGGGGGACAGGGAACTCCGACTACACCTTC,1164,1,None,None
TAGTGGTGTTCCACAA-1,False,TAGTGGTGTTCCACAA-1_contig_1,False,549,TRB,TRBV16,None,TRBJ2-5,None,True,True,CASSLGGGQDTQYF,TGTGCAAGCAGCTTAGGGGGGGGGCAAGACACCCAGTACTTT,944,1,None,None
TAGTGGTGTTTCCACC-1,False,TAGTGGTGTTTCCACC-1_contig_1,False,499,TRB,TRBV13-1,None,TRBJ2-3,None,True,False,CASGDSAETLYF,TGTGCCAGCGGGGACAGTGCAGAAACGCTGTATTTT,1274,1,None,None
TAGTGGTTCACGATGT-1,False,TAGTGGTTCACGATGT-1_contig_1,False,512,TRB,TRBV13-1,None,TRBJ2-3,None,True,True,CASGDSAETLYF,TGTGCCAGCGGGGACAGTGCAGAAACGCTGTATTTT,1296,1,None,None
TAGTGGTTCACTTCAT-1,False,TAGTGGTTCACTTCAT-1_contig_1,False,567,TRB,TRBV12-2+TRBV13-2,None,TRBJ1-2,TRBC1,True,True,CASGGGTGNSDYTF,TGTGCCAGCGGTGGGGGGACAGGGAACTCCGACTACACCTTC,492,1,None,None
TAGTGGTTCAGTCCCT-1,False,TAGTGGTTCAGTCCCT-1_contig_1,False,594,TRB,TRBV12-2+TRBV13-2,None,TRBJ2-7,None,True,True,CASGVQGEQYF,TGTGCCAGCGGTGTTCAGGGAGAACAGTACTTC,1982,1,None,None
TAGTGGTTCATGTGGT-1,False,TAGTGGTTCATGTGGT-1_contig_1,False,345,TRB,None,None,TRBJ2-7,None,False,False,None,None,4056,2,None,None
TAGTGGTTCCACGTTC-1,False,TAGTGGTTCCACGTTC-1_contig_1,False,567,TRB,TRBV12-2+TRBV13-2,None,TRBJ1-2,TRBC1,True,True,CASGGGTGNSDYTF,TGTGCCAGCGGTGGGGGGACAGGGAACTCCGACTACACCTTC,1686,1,None,None
TAGTGGTTCTTACCGC-1,False,TAGTGGTTCTTACCGC-1_contig_1,False,635,TRB,None,None,TRBJ2-1,None,False,False,None,None,2230,2,None,None
TAGTTGGAGAACAATC-1,False,TAGTTGGAGAACAATC-1_contig_1,False,549,TRB,TRBV16,None,TRBJ2-5,None,True,True,CASSLGGGQDTQYF,TGTGCAAGCAGCTTAGGGGGGGGCCAAGACACCCAGTACTTT,9514,18,None,None
TAGTTGGAGAACAATC-1,False,TAGTTGGAGAACAATC-1_contig_10,False,525,TRA,TRAV7N-6,None,TRAJ30,TRAC,True,True,CAVVDTNAYKVIF,TGTGCAGTGGTTGACACAAATGCTTACAAAGTCATCTTT,5808,13,None,None
TAGTTGGAGAACAATC-1,False,TAGTTGGAGAACAATC-1_contig_11,False,338,TRB,None,None,TRBJ2-3,None,False,False,None,None,1214,1,None,None
TAGTTGGAGAACAATC-1,False,TAGTTGGAGAACAATC-1_contig_12,False,364,TRA,TRAV10,None,TRAJ33,None,False,False,None,None,54,2,None,None
TAGTTGGAGAACAATC-1,False,TAGTTGGAGAACAATC-1_contig_13,False,389,TRB,None,None,TRBJ2-1,None,False,False,None,None,3838,7,None,None
TAGTTGGAGAACAATC-1,False,TAGTTGGAGAACAATC-1_contig_2,False,566,TRA,TRAV3-3,None,TRAJ49,TRAC,True,True,CAVSGATGYQNFYF,TGCGCAGTCAGTGGGGCCACGGGTTACCAGAACTTCTATTTT,1798,3,None,None
TAGTTGGAGAACAATC-1,False,TAGTTGGAGAACAATC-1_contig_3,False,507,TRA,TRAV21-DV12,None,TRAJ42,TRAC,True,True,CILRVHGGSNAKLTF,TGTATCCTGAGAGTCCATGGAGGAAGCAATGCAAAGCTAACCTTC,5786,10,None,None
TAGTTGGAGAACAATC-1,False,TAGTTGGAGAACAATC-1_contig_4,False,561,TRA,TRAV4-3,None,TRAJ32,TRAC,True,True,CAAEPGGSSGNKLIF,TGTGCTGCTGAACCGGGGGGGAGCAGTGGCAACAAGCTCATCTTT,4180,6,None,None
TAGTTGGAGAACAATC-1,False,TAGTTGGAGAACAATC-1_contig_5,False,565,TRB,TRBV12-1,None,TRBJ2-7,None,True,True,CASSRNSGTGGVEQYF,TGTGCCAGCTCTCGGAATTCCGGGACTGGGGGGGTTGAACAGTACTTC,2704,4,None,None
TAGTTGGAGAACAATC-1,False,TAGTTGGAGAACAATC-1_contig_6,False,566,TRB,TRBV12-2+TRBV13-2,None,TRBJ2-7,None,True,True,CASGVQGEQYF,TGTGCCAGCGGTGTTCAGGGAGAACAGTACTTC,13832,32,None,None
TAGTTGGAGAACAATC-1,False,TAGTTGGAGAACAATC-1_contig_7,False,512,TRB,TRBV13-1,None,TRBJ2-4,None,True,True,CASSEGTNTLYF,TGTGCCAGCAGTGAAGGAACAAACACCTTGTACTTT,3364,6,None,None
TAGTTGGAGAACAATC-1,False,TAGTTGGAGAACAATC-1_contig_8,False,594,TRA,TRAV4D-3,None,TRAJ27,TRAC,True,True,CAADGPNTGKLTF,TGTGCTGCGGACGGACCCAATACAGGCAAATTAACCTTT,6662,13,None,None
TAGTTGGAGAACAATC-1,False,TAGTTGGAGAACAATC-1_contig_9,False,575,TRB,TRBV12-2+TRBV13-2,None,TRBJ1-2,TRBC1,True,True,CASGGGTGNSDYTF,TGTGCCAGCGGTGGGGGGACAGGGAACTCCGACTACACCTTC,10380,23,None,None
TAGTTGGAGAGAACAG-1,False,TAGTTGGAGAGAACAG-1_contig_1,False,549,TRB,TRBV16,None,TRBJ2-5,None,True,True,CASSFGGGEDTQYF,TGTGCAAGCAGCTTTGGGGGGGGGGAAGACACCCAGTACTTT,1416,1,None,None
TAGTTGGAGGAGTAGA-1,False,TAGTTGGAGGAGTAGA-1_contig_1,False,587,TRB,TRBV12-2+TRBV13-2,None,TRBJ1-2,TRBC1,True,True,CASGGGTGNSDYTF,TGTGCCAGCGGTGGGGGGACAGGGAACTCCGACTACACCTTC,1002,1,None,None
TAGTTGGAGGAGTAGA-1,False,TAGTTGGAGGAGTAGA-1_contig_2,True,464,TRB,None,None,TRBJ2-7,None,False,False,None,None,3324,2,None,None
TAGTTGGAGTACGCGA-1,False,TAGTTGGAGTACGCGA-1_contig_1,False,502,TRB,TRBV13-1,None,TRBJ2-7,None,True,True,CASSGPLEQYF,TGTGCCAGCAGTGGGCCCCTGGAACAGTACTTC,1402,1,None,None
TAGTTGGAGTACGCGA-1,False,TAGTTGGAGTACGCGA-1_contig_2,False,349,TRB,TRBV13-2,None,TRBJ2-7,None,True,False,CASGVQGEQYF,TGTGCCAGCGGTGTTCAGGGAGAACAGTACTTC,2038,1,None,None
TAGTTGGAGTTAGCGG-1,False,TAGTTGGAGTTAGCGG-1_contig_1,False,505,TRB,TRBV13-1,None,TRBJ2-3,None,True,True,CASGDSAETLYF,TGTGCCAGCGGGGACAGTGCAGAAACGCTGTATTTT,554,1,None,None
TAGTTGGAGTTAGCGG-1,False,TAGTTGGAGTTAGCGG-1_contig_2,False,561,TRB,TRBV12-2+TRBV13-2,None,TRBJ2-7,None,True,True,CASGVQGWEQYF,TGTGCCAGCGGTGTACAGGGGTGGGAACAGTACTTC,1314,1,None,None
TAGTTGGCAACACGCC-1,False,TAGTTGGCAACACGCC-1_contig_1,False,505,TRB,TRBV13-1,None,TRBJ2-4,None,True,True,CASSEGTNTLYF,TGTGCCAGCAGTGAAGGAACAAACACCTTGTACTTT,1920,1,None,None
TAGTTGGCAACTGGCC-1,False,TAGTTGGCAACTGGCC-1_contig_1,False,565,TRB,TRBV12-2+TRBV13-2,None,TRBJ1-5,TRBC1,True,True,CASGTGDNQAPLF,TGTGCCAGCGGTACAGGGGACAACCAGGCTCCGCTTTTT,1772,1,None,None
TAGTTGGGTAGCTTGT-1,False,TAGTTGGGTAGCTTGT-1_contig_1,False,372,TRB,None,None,TRBJ1-3,TRBC1,False,False,None,None,2302,1,None,None
TAGTTGGGTATCACCA-1,False,TAGTTGGGTATCACCA-1_contig_1,False,506,TRB,TRBV13-1,None,TRBJ2-2,None,True,True,CASSDPGQLYF,TGTGCCAGCAGTGACCCCGGGCAGCTCTACTTT,858,1,None,None
TAGTTGGGTGCTTCTC-1,False,TAGTTGGGTGCTTCTC-1_contig_1,False,526,TRA,TRAV14-2,None,TRAJ6,TRAC,True,True,CAARTSGGNYKPTF,TGTGCAGCAAGAACCTCAGGAGGAAACTACAAACCTACGTTT,952,1,None,None
TAGTTGGGTTATCACG-1,False,TAGTTGGGTTATCACG-1_contig_1,False,505,TRB,TRBV13-1,None,TRBJ2-3,None,True,True,CASGDSAETLYF,TGTGCCAGCGGGGACAGTGCAGAAACGCTGTATTTT,1594,1,None,None
TAGTTGGGTTATCACG-1,False,TAGTTGGGTTATCACG-1_contig_2,False,494,TRB,TRBV31,None,TRBJ2-3,None,True,False,CAWSLLLGGSAETLYF,TGTGCCTGGAGTCTACTCCTGGGGGGAAGTGCAGAAACGCTGTATTTT,792,1,None,None
TAGTTGGGTTCATGGT-1,False,TAGTTGGGTTCATGGT-1_contig_1,False,520,TRB,TRBV12-2+TRBV13-2,None,TRBJ1-2,TRBC1,True,False,CASGGGTGNSDYTF,TGTGCCAGCGGTGGGGGGACAGGGAACTCCGACTACACCTTC,440,1,None,None
TAGTTGGTCCACGTTC-1,False,TAGTTGGTCCACGTTC-1_contig_1,False,397,TRA,TRAV6-6,None,TRAJ24,TRAC,True,False,None,None,2418,1,None,None
TAGTTGGTCTGGAGCC-1,False,TAGTTGGTCTGGAGCC-1_contig_1,False,552,TRA,TRAV8N-2,None,TRAJ43,TRAC,True,False,CATDANNNNAPRF,TGTGCTACTGATGCCAATAACAACAATGCCCCACGATTT,2428,1,None,None
TATCAGGAGAAACGCC-1,False,TATCAGGAGAAACGCC-1_contig_1,False,564,TRB,TRBV12-2+TRBV13-2,None,TRBJ2-3,None,True,True,CASGDAPPGEGTLYF,TGTGCCAGCGGTGATGCACCTCCAGGGGAGGGAACGCTGTATTTT,1388,1,None,None
TATCAGGAGCTCCTTC-1,False,TATCAGGAGCTCCTTC-1_contig_1,False,551,TRA,TRAV19,None,TRAJ39,TRAC,True,True,CAAGGNNAGAKLTF,TGCGCAGCAGGTGGGAATAATGCAGGTGCCAAGCTCACATTC,2210,1,None,None
TATCAGGAGCTCCTTC-1,False,TATCAGGAGCTCCTTC-1_contig_2,False,549,TRA,TRAV8N-2,None,TRAJ13,TRAC,True,True,CATEDSGTYQRF,TGTGCTACTGAGGATTCTGGGACTTACCAGAGGTTT,926,1,None,None
TATCAGGAGTGATCGG-1,False,TATCAGGAGTGATCGG-1_contig_1,False,549,TRA,TRAV8N-2,None,TRAJ13,TRAC,True,True,CATEDSGTYQRF,TGTGCTACTGAGGATTCTGGGACTTACCAGAGGTTT,2136,1,None,None
TATCAGGAGTGATCGG-1,False,TATCAGGAGTGATCGG-1_contig_2,False,563,TRB,TRBV12-2+TRBV13-2,None,TRBJ2-7,None,True,True,CASGTGGDYEQYF,TGTGCCAGCGGGACTGGGGGGGACTATGAACAGTACTTC,3180,2,None,None
TATCAGGCAAACAACA-1,False,TATCAGGCAAACAACA-1_contig_1,False,558,TRA,TRAV19,None,TRAJ39,TRAC,True,True,CAAGGNNAGAKLTF,TGCGCAGCAGGTGGGAATAATGCAGGTGCCAAGCTCACATTC,286,1,None,None
TATCAGGCAAGACGTG-1,False,TATCAGGCAAGACGTG-1_contig_1,False,506,TRB,TRBV26,None,TRBJ2-1,None,True,True,CASSLHKFYAEQFF,TGTGCCAGCAGTCTGCACAAATTCTATGCTGAGCAGTTCTTC,2942,1,None,None
TATCAGGCAAGACGTG-1,False,TATCAGGCAAGACGTG-1_contig_2,False,499,TRB,TRBV13-2,None,TRBJ1-2,TRBC1,True,False,CASGGGTGNSDYTF,TGTGCCAGCGGTGGGGGGACAGGGAACTCCGACTACACCTTC,1724,1,None,None
TATCAGGCAATGGATA-1,False,TATCAGGCAATGGATA-1_contig_1,False,560,TRB,TRBV12-2+TRBV13-2,None,TRBJ2-7,None,True,True,CASGVQGWEQYF,TGTGCCAGCGGTGTACAGGGGTGGGAACAGTACTTC,1162,1,None,None
TATCAGGCACAGCGTC-1,False,TATCAGGCACAGCGTC-1_contig_1,False,593,TRA,TRAV19,None,TRAJ39,TRAC,True,True,CAAGGNNAGAKLTF,TGCGCAGCAGGTGGGAATAATGCAGGTGCCAAGCTCACATTC,952,1,None,None
TATCAGGCACATCCAA-1,False,TATCAGGCACATCCAA-1_contig_1,False,354,TRB,TRBV13-2,None,TRBJ2-7,None,True,False,CASGAGGDYEQYF,TGTGCCAGCGGTGCTGGGGGGGACTATGAACAGTACTTC,1338,1,None,None
TATCAGGCACTTCGAA-1,False,TATCAGGCACTTCGAA-1_contig_1,False,567,TRB,TRBV12-2+TRBV13-2,None,TRBJ1-2,TRBC1,True,True,CASGGGTGNSDYTF,TGTGCCAGCGGTGGGGGGACAGGGAACTCCGACTACACCTTC,1166,1,None,None
TATCAGGCAGCATACT-1,False,TATCAGGCAGCATACT-1_contig_1,False,436,TRB,None,None,TRBJ1-2,TRBC1,False,False,None,None,582,1,None,None
TATCAGGCAGGAATCG-1,False,TATCAGGCAGGAATCG-1_contig_1,False,436,TRB,TRBV13-2,None,TRBJ1-2,TRBC1,True,False,CASGGGTGNSDYTF,TGTGCCAGCGGTGGGGGGACAGGGAACTCCGACTACACCTTC,2240,1,None,None
TATCAGGCATTACGAC-1,False,TATCAGGCATTACGAC-1_contig_1,False,565,TRA,TRAV14-2,None,TRAJ49,TRAC,True,True,CAAQGYQNFYF,TGTGCAGCACAGGGTTACCAGAACTTCTATTTT,1658,1,None,None
TATCAGGGTCCGAATT-1,False,TATCAGGGTCCGAATT-1_contig_1,False,568,TRB,TRBV12-2+TRBV13-2,None,TRBJ1-2,TRBC1,True,True,CASGGGTGNSDYTF,TGTGCCAGCGGTGGGGGGACAGGGAACTCCGACTACACCTTC,1410,1,None,None
TATCAGGGTCCGAGTC-1,False,TATCAGGGTCCGAGTC-1_contig_1,False,561,TRB,TRBV12-2+TRBV13-2,None,TRBJ1-4,TRBC1,True,True,CASGDAPERLFF,TGTGCCAGCGGTGATGCTCCCGAAAGATTATTTTTC,1430,1,None,None
TATCAGGGTCCGTTAA-1,False,TATCAGGGTCCGTTAA-1_contig_1,False,347,TRB,TRBV31,None,TRBJ2-7,None,True,False,None,None,1496,1,None,None
TATCAGGGTGTAATGA-1,False,TATCAGGGTGTAATGA-1_contig_1,False,399,TRB,None,None,TRBJ2-1,None,False,False,None,None,2694,1,None,None
TATCAGGGTTGCGCAC-1,False,TATCAGGGTTGCGCAC-1_contig_1,False,580,TRB,TRBV13-1,None,TRBJ1-4,TRBC1,True,True,CASGTGANERLFF,TGTGCCAGCGGGACAGGGGCCAACGAAAGATTATTTTTC,1172,1,None,None
TATCAGGTCACTTACT-1,False,TATCAGGTCACTTACT-1_contig_1,False,357,TRA,None,None,TRAJ24,TRAC,False,False,None,None,2254,1,None,None
TATCAGGTCAGTGCAT-1,False,TATCAGGTCAGTGCAT-1_contig_1,False,557,TRB,TRBV12-2+TRBV13-2,None,TRBJ2-7,None,True,True,CASGDPGHRDF,TGTGCCAGCGGTGATCCGGGACACAGAGACTTC,278,2,None,None
TATCAGGTCGTCTGCT-1,False,TATCAGGTCGTCTGCT-1_contig_1,False,525,TRB,TRBV17,None,TRBJ2-5,None,True,True,CASSRKGVQDTQYF,TGTGCTAGCAGTAGAAAGGGGGTCCAAGACACCCAGTACTTT,1462,1,None,None
TATCAGGTCGTTACAG-1,False,TATCAGGTCGTTACAG-1_contig_1,False,570,TRB,TRBV12-2+TRBV13-2,None,TRBJ1-2,TRBC1,True,True,CASGGGTGNSDYTF,TGTGCCAGCGGTGGGGGGACAGGGAACTCCGACTACACCTTC,1968,2,None,None
TATCAGGTCGTTTAGG-1,False,TATCAGGTCGTTTAGG-1_contig_1,False,566,TRB,TRBV12-2+TRBV13-2,None,TRBJ1-2,TRBC1,True,True,CASGGGTGNSDYTF,TGTGCCAGCGGTGGGGGGACAGGGAACTCCGACTACACCTTC,1218,1,None,None
TATCTCAAGTGGCACA-1,False,TATCTCAAGTGGCACA-1_contig_1,False,567,TRB,TRBV12-2+TRBV13-2,None,TRBJ1-2,TRBC1,True,True,CASGGGTGNSDYTF,TGTGCCAGCGGTGGGGGGACAGGGAACTCCGACTACACCTTC,1056,1,None,None
TATCTCACACATTAGC-1,False,TATCTCACACATTAGC-1_contig_1,False,576,TRB,TRBV12-2+TRBV13-2,None,TRBJ1-2,TRBC1,True,True,CASGGGTGNSDYTF,TGTGCCAGCGGTGGGGGGACAGGGAACTCCGACTACACCTTC,1396,1,None,None
TATCTCACACTGAAGG-1,False,TATCTCACACTGAAGG-1_contig_1,False,320,TRB,None,None,TRBJ2-1,None,False,False,None,None,3304,1,None,None
TATCTCACACTGTGTA-1,False,TATCTCACACTGTGTA-1_contig_1,False,549,TRB,TRBV16,None,TRBJ2-5,None,True,True,CASSLGGYQDTQYF,TGTGCAAGCAGCTTAGGGGGCTACCAAGACACCCAGTACTTT,1364,1,None,None
TATCTCAGTAGCAAAT-1,False,TATCTCAGTAGCAAAT-1_contig_1,False,515,TRB,TRBV13-1,None,TRBJ1-4,TRBC1,True,True,CASGTGANERLFF,TGTGCCAGCGGGACAGGGGCCAACGAAAGATTATTTTTC,1696,1,None,None
TATCTCAGTCACCTAA-1,False,TATCTCAGTCACCTAA-1_contig_1,False,476,TRB,None,None,TRBJ1-6,TRBC1,False,False,None,None,1348,1,None,None
TATCTCAGTCCGAATT-1,False,TATCTCAGTCCGAATT-1_contig_1,True,572,TRA,TRAV16,None,TRAJ52,TRAC,True,True,CAMREGHTGANTGKLTF,TGTGCTATGAGAGAGGGCCACACTGGAGCTAACACTGGAAAGCTCACGTTT,2302,2,None,None
TATCTCAGTCCGAATT-1,False,TATCTCAGTCCGAATT-1_contig_2,True,352,TRB,None,None,TRBJ2-1,None,False,False,None,None,774,1,None,None
TATCTCAGTCCGAATT-1,False,TATCTCAGTCCGAATT-1_contig_3,True,557,TRA,TRAV8N-2,None,TRAJ53,TRAC,True,False,None,None,5514,5,None,None
TATCTCAGTCCGAATT-1,False,TATCTCAGTCCGAATT-1_contig_4,True,361,TRB,None,None,TRBJ2-7,None,False,False,None,None,2124,1,None,None
TATCTCAGTCGGCACT-1,False,TATCTCAGTCGGCACT-1_contig_1,False,549,TRB,TRBV16,None,TRBJ2-7,None,True,True,CASSFGGGADEQYF,TGTGCAAGCAGCTTTGGTGGGGGGGCGGATGAACAGTACTTC,1580,1,None,None
TATCTCAGTCGGGTCT-1,False,TATCTCAGTCGGGTCT-1_contig_1,False,478,TRA,TRAV8D-1,None,TRAJ30,TRAC,True,True,CATDTNAYKVIF,TGTGCTACTGACACAAATGCTTACAAAGTCATCTTT,514,1,None,None
TATCTCAGTCGGGTCT-1,False,TATCTCAGTCGGGTCT-1_contig_2,False,571,TRB,TRBV12-2+TRBV13-2,None,TRBJ1-5,TRBC1,True,True,CASGTGDNQAPLF,TGTGCCAGCGGGACAGGGGACAACCAGGCTCCGCTTTTT,768,2,None,None
TATCTCAGTCGGGTCT-1,False,TATCTCAGTCGGGTCT-1_contig_3,False,515,TRB,TRBV13-1,None,TRBJ1-4,TRBC1,True,True,CASGTGANERLFF,TGTGCCAGCGGGACAGGGGCCAACGAAAGATTATTTTTC,882,1,None,None
TATCTCAGTCGGGTCT-1,False,TATCTCAGTCGGGTCT-1_contig_4,True,709,TRA,TRAV9N-4,None,TRAJ34,TRAC,True,False,CTSVLRSSNTNKVVF,TGTACTTCTGTGCTCCGGTCTTCCAATACCAACAAAGTCGTCTTT,4314,2,None,None
TATCTCAGTCTGGTCG-1,False,TATCTCAGTCTGGTCG-1_contig_1,False,640,TRB,TRBV12-2+TRBV13-2,None,TRBJ1-2,TRBC1,True,True,CASGGGTGNSDYTF,TGTGCCAGCGGTGGGGGGACAGGGAACTCCGACTACACCTTC,610,1,None,None
TATCTCAGTGTTCTTT-1,False,TATCTCAGTGTTCTTT-1_contig_1,False,531,TRB,TRBV17,None,TRBJ2-1,None,True,True,CASSLLGGPDYAEQFF,TGTGCTAGCAGTCTACTGGGGGGGCCGGACTATGCTGAGCAGTTCTTC,1540,1,None,None
TATCTCAGTTTGCATG-1,False,TATCTCAGTTTGCATG-1_contig_1,False,335,TRB,None,None,TRBJ2-1,None,False,False,None,None,2614,1,None,None
TATCTCATCATTTGGG-1,False,TATCTCATCATTTGGG-1_contig_1,False,584,TRB,TRBV12-2+TRBV13-2,None,TRBJ2-1,None,True,True,CASEAAYAEQFF,TGTGCCAGCGAAGCAGCCTATGCTGAGCAGTTCTTC,1344,1,None,None
TATCTCATCCAGAAGG-1,False,TATCTCATCCAGAAGG-1_contig_1,False,517,TRB,TRBV14,None,TRBJ2-7,None,True,True,CASSAGQNYEQYF,TGTGCCAGCAGTGCGGGACAAAACTATGAACAGTACTTC,2064,1,None,None
TATCTCATCGCTAGCG-1,False,TATCTCATCGCTAGCG-1_contig_1,False,443,TRA,TRAV16D-DV11,None,TRAJ26,TRAC,True,False,None,None,2260,1,None,None
TATCTCATCGTCCGTT-1,False,TATCTCATCGTCCGTT-1_contig_1,False,556,TRB,TRBV12-2+TRBV13-2,None,TRBJ1-5,TRBC1,True,True,CASGTGDNQAPLF,TGTGCCAGCGGTACAGGAGACAACCAGGCTCCGCTTTTT,1822,2,None,None
TATCTCATCTACTTAC-1,False,TATCTCATCTACTTAC-1_contig_1,False,431,TRB,TRBV12-2+TRBV13-2,None,TRBJ2-7,None,True,False,CASGVQGEQYF,TGTGCCAGCGGTGTTCAGGGAGAACAGTACTTC,1426,1,None,None
TATGCCCAGATCCTGT-1,False,TATGCCCAGATCCTGT-1_contig_1,False,505,TRB,TRBV13-1,None,TRBJ2-3,None,True,True,CASGDSAETLYF,TGTGCCAGCGGGGACAGTGCAGAAACGCTGTATTTT,1142,1,None,None
TATGCCCAGCTAAACA-1,False,TATGCCCAGCTAAACA-1_contig_1,False,507,TRB,TRBV13-1,None,TRBJ2-1,None,True,True,CASSDNYAEQFF,TGTGCCAGCAGTGACAACTATGCTGAGCAGTTCTTC,902,1,None,None
TATGCCCAGCTAGTCT-1,False,TATGCCCAGCTAGTCT-1_contig_1,False,506,TRA,TRAV7D-3,None,TRAJ31,TRAC,True,False,None,None,2194,1,None,None
TATGCCCAGGAGTCTG-1,False,TATGCCCAGGAGTCTG-1_contig_1,False,466,TRB,TRBV13-2,None,TRBJ1-4,TRBC1,True,False,CASGTGGDERLFF,TGTGCCAGCGGGACAGGGGGCGACGAAAGATTATTTTTC,2176,1,None,None
TATGCCCAGGGAAACA-1,False,TATGCCCAGGGAAACA-1_contig_1,False,568,TRB,TRBV12-2+TRBV13-2,None,TRBJ2-7,None,True,True,CASGTGGDYEQYF,TGTGCCAGCGGGACTGGGGGGGATTATGAACAGTACTTC,1574,1,None,None
TATGCCCAGTTACGGG-1,False,TATGCCCAGTTACGGG-1_contig_1,False,505,TRB,TRBV13-1,None,TRBJ2-1,None,True,True,CASSDNYAEQFF,TGTGCCAGCAGTGACAACTATGCTGAGCAGTTCTTC,2180,1,None,None
TATGCCCCAGTTCATG-1,False,TATGCCCCAGTTCATG-1_contig_1,False,572,TRB,TRBV13-1,None,TRBJ2-5,None,True,False,CASSDGDDTQYF,TGTGCCAGCAGTGACGGGGACGACACCCAGTACTTT,1462,1,None,None
TATGCCCGTCTAAACC-1,False,TATGCCCGTCTAAACC-1_contig_1,False,572,TRB,TRBV12-2+TRBV13-2,None,TRBJ2-7,None,True,True,CASGVQGWEQYF,TGTGCCAGCGGTGTACAGGGGTGGGAACAGTACTTC,1424,1,None,None
TATGCCCGTGCACGAA-1,False,TATGCCCGTGCACGAA-1_contig_1,False,530,TRB,TRBV13-2,None,TRBJ2-1,None,True,True,CASSDNYAEQFF,TGTGCCAGCAGTGACAACTATGCTGAGCAGTTCTTC,30,1,None,None
TATGCCCGTGCACGAA-1,False,TATGCCCGTGCACGAA-1_contig_2,False,508,TRB,TRBV13-1,None,TRBJ2-1,None,True,False,CASSDNYAEQFF,TGTGCCAGCAGTGACAACTATGCTGAGCAGTTCTTC,1564,1,None,None
TATGCCCGTGGAAAGA-1,False,TATGCCCGTGGAAAGA-1_contig_1,False,527,TRB,TRBV15,None,TRBJ1-3,TRBC1,True,True,CASSLNRGSSGNTLYF,TGTGCCAGCAGTTTAAACAGGGGGAGTTCTGGAAATACGCTCTATTTT,1990,1,None,None
TATGCCCGTTCCACGG-1,False,TATGCCCGTTCCACGG-1_contig_1,False,355,TRB,TRBV15,None,TRBJ1-4,TRBC1,True,False,CVPAVRTGGTERLFF,TGTGTGCCAGCAGTAAGGACAGGGGGCACCGAAAGATTATTTTTC,2842,1,None,None
TATGCCCTCAACTCTT-1,False,TATGCCCTCAACTCTT-1_contig_1,False,500,TRB,TRBV13-1,None,TRBJ2-7,None,True,True,CASSGPLEQYF,TGTGCCAGCAGTGGGCCCCTGGAACAGTACTTC,1352,1,None,None
TATGCCCTCGCCAGCA-1,False,TATGCCCTCGCCAGCA-1_contig_1,False,369,TRB,None,None,TRBJ1-2,TRBC1,False,False,None,None,1008,1,None,None
TATGCCCTCTCTAGGA-1,False,TATGCCCTCTCTAGGA-1_contig_1,False,466,TRB,TRBV16,None,TRBJ2-5,None,True,True,CASSLGGGQDTQYF,TGTGCAAGCAGCTTAGGGGGGGGCCAAGACACCCAGTACTTT,1004,1,None,None
TATTACCAGAATGTGT-1,False,TATTACCAGAATGTGT-1_contig_1,False,505,TRB,TRBV13-1,None,TRBJ2-3,None,True,True,CASGDSAETLYF,TGTGCCAGCGGGGACAGTGCAGAAACGCTGTATTTT,1040,1,None,None
TATTACCAGACTAGGC-1,False,TATTACCAGACTAGGC-1_contig_1,False,564,TRB,TRBV12-2+TRBV13-2,None,TRBJ2-7,None,True,True,CASGTGGDYEQYF,TGTGCCAGCGGGACTGGGGGGGATTATGAACAGTACTTC,1486,1,None,None
TATTACCAGAGAACAG-1,False,TATTACCAGAGAACAG-1_contig_1,False,463,TRA,TRAV1,None,TRAJ27,TRAC,True,False,None,None,1926,1,None,None
TATTACCAGGCTAGGT-1,False,TATTACCAGGCTAGGT-1_contig_1,False,546,TRA,TRAV8-1,None,TRAJ30,TRAC,True,True,CATDTNAYKVIF,TGTGCTACTGACACAAATGCTTACAAAGTCATCTTT,1742,1,None,None
TATTACCAGTCGAGTG-1,False,TATTACCAGTCGAGTG-1_contig_1,False,412,TRB,None,None,TRBJ1-2,TRBC1,False,False,None,None,4056,2,None,None
TATTACCAGTGTACTC-1,False,TATTACCAGTGTACTC-1_contig_1,False,501,TRB,TRBV13-1,None,TRBJ2-5,None,True,True,CASSDGDDTQYF,TGTGCCAGCAGTGACGGGGACGACACCCAGTACTTT,1622,1,None,None
TATTACCCAACGATCT-1,False,TATTACCCAACGATCT-1_contig_1,False,525,TRB,TRBV17,None,TRBJ2-5,None,True,True,CASSRKGSQDTQYF,TGTGCTAGCAGTAGAAAGGGTTCTCAAGACACCCAGTACTTT,902,1,None,None
TATTACCCACACTGCG-1,False,TATTACCCACACTGCG-1_contig_1,False,566,TRA,TRAV3-3,None,TRAJ49,TRAC,True,True,CAVSGATGYQNFYF,TGCGCAGTCAGTGGGGCCACGGGTTACCAGAACTTCTATTTT,902,1,None,None
TATTACCCACTTACGA-1,False,TATTACCCACTTACGA-1_contig_1,False,567,TRB,TRBV12-2+TRBV13-2,None,TRBJ1-2,TRBC1,True,True,CASGGGTGNSDYTF,TGTGCCAGCGGTGGGGGGACAGGGAACTCCGACTACACCTTC,1306,1,None,None
TATTACCCATACTCTT-1,False,TATTACCCATACTCTT-1_contig_1,False,554,TRB,TRBV12-2+TRBV13-2,None,TRBJ2-7,None,True,True,CASGTGGDYEQYF,TGTGCCAGCGGGACTGGGGGGGACTATGAACAGTACTTC,956,1,None,None
TATTACCGTACGCTGC-1,False,TATTACCGTACGCTGC-1_contig_1,False,535,TRB,TRBV16,None,TRBJ2-5,None,True,True,CASSLGGGQDTQYF,TGTGCAAGCAGCTTAGGGGGGGGCCAAGACACCCAGTACTTT,1812,1,None,None
TATTACCGTAGCACGA-1,False,TATTACCGTAGCACGA-1_contig_1,False,505,TRB,None,None,TRBJ1-1,TRBC1,False,False,None,None,1972,2,None,None
TATTACCGTCATATCG-1,False,TATTACCGTCATATCG-1_contig_1,False,571,TRB,TRBV12-2+TRBV13-2,None,TRBJ1-2,TRBC1,True,True,CASGGGTGNSDYTF,TGTGCCAGCGGTGGGGGGACAGGGAACTCCGACTACACCTTC,1274,1,None,None
TATTACCGTGCTTCTC-1,False,TATTACCGTGCTTCTC-1_contig_1,False,355,TRB,TRBV13-2,None,TRBJ1-5,TRBC1,True,False,CASGTGDNQAPLF,TGTGCCAGCGGGACAGGGGACAACCAGGCTCCGCTTTTT,2022,1,None,None
TATTACCGTTACAGAA-1,False,TATTACCGTTACAGAA-1_contig_1,False,525,TRA,TRAV7N-6,None,TRAJ30,TRAC,True,True,CAVVDTNAYKVIF,TGTGCAGTGGTTGACACAAATGCTTACAAAGTCATCTTT,2178,1,None,None
TATTACCTCATGCAAC-1,False,TATTACCTCATGCAAC-1_contig_1,False,498,TRA,TRAV7-5,None,TRAJ45,TRAC,True,False,CSDTEGADRLTF,TGCAGTGATACAGAAGGTGCAGATAGACTCACCTTT,664,1,None,None
TATTACCTCGTTTATC-1,False,TATTACCTCGTTTATC-1_contig_1,False,355,TRB,None,None,TRBJ2-1,None,False,False,None,None,2920,1,None,None
TATTACCTCTTGCCGT-1,False,TATTACCTCTTGCCGT-1_contig_1,False,310,TRB,None,None,TRBJ2-3,None,False,False,None,None,3782,1,None,None
TCAACGAAGCGACGTA-1,False,TCAACGAAGCGACGTA-1_contig_1,False,509,TRB,TRBV13-1,None,TRBJ2-1,None,True,True,CASGGYAEQFF,TGTGCCAGCGGGGGCTATGCTGAGCAGTTCTTC,886,1,None,None
TCAACGAAGCGACGTA-1,False,TCAACGAAGCGACGTA-1_contig_2,False,558,TRB,TRBV12-2+TRBV13-2,None,TRBJ2-1,None,True,True,CASGGYAEQFF,TGTGCCAGCGGGGGCTATGCTGAGCAGTTCTTC,2004,1,None,None
TCAACGAAGCGCTCCA-1,False,TCAACGAAGCGCTCCA-1_contig_1,False,529,TRA,TRAV3-3,None,TRAJ49,TRAC,True,True,CAVSGSTGYQNFYF,TGCGCAGTCAGTGGGAGCACGGGTTACCAGAACTTCTATTTT,2268,1,None,None
TCAACGAAGGAGTACC-1,False,TCAACGAAGGAGTACC-1_contig_1,False,456,TRA,TRAV7-5,None,TRAJ45,TRAC,True,False,CSDTEGADRLTF,TGCAGTGATACAGAAGGTGCAGATAGACTCACCTTT,474,1,None,None
TCAACGAAGTACGCGA-1,False,TCAACGAAGTACGCGA-1_contig_1,False,333,TRB,None,None,TRBJ2-1,None,False,False,None,None,492,1,None,None
TCAACGAAGTCGTACT-1,False,TCAACGAAGTCGTACT-1_contig_1,False,563,TRB,TRBV12-2+TRBV13-2,None,TRBJ1-2,TRBC1,True,True,CASGGGTGNSDYTF,TGTGCCAGCGGTGGGGGGACAGGGAACTCCGACTACACCTTC,204,1,None,None
TCAACGACAAGCCATT-1,False,TCAACGACAAGCCATT-1_contig_1,False,507,TRB,TRBV13-1,None,TRBJ2-4,None,True,True,CASSEGTNTLYF,TGTGCCAGCAGTGAAGGAACAAACACCTTGTACTTT,1592,2,None,None
TCAACGACACCATCCT-1,False,TCAACGACACCATCCT-1_contig_1,False,570,TRB,TRBV12-2+TRBV13-2,None,TRBJ1-2,TRBC1,True,True,CASGGGTGNSDYTF,TGTGCCAGCGGTGGGGGGACAGGGAACTCCGACTACACCTTC,1392,1,None,None
TCAACGACACCGATAT-1,False,TCAACGACACCGATAT-1_contig_1,False,549,TRA,TRAV8N-2,None,TRAJ13,TRAC,True,True,CATEDSGTYQRF,TGTGCTACTGAGGATTCTGGGACTTACCAGAGGTTT,2026,1,None,None
TCAACGACACTTCGAA-1,False,TCAACGACACTTCGAA-1_contig_1,False,549,TRB,TRBV16,None,TRBJ2-7,None,True,True,CASSFGGGADEQYF,TGTGCAAGCAGCTTTGGTGGGGGGGCGGATGAACAGTACTTC,222,1,None,None
TCAACGACAGCTGTTA-1,False,TCAACGACAGCTGTTA-1_contig_1,False,566,TRA,TRAV3-3,None,TRAJ49,TRAC,True,True,CAVSGSTGYQNFYF,TGCGCAGTCAGTGGGAGCACGGGTTACCAGAACTTCTATTTT,938,2,None,None
TCAACGACATGCCTTC-1,False,TCAACGACATGCCTTC-1_contig_1,False,543,TRA,TRAV19,None,TRAJ39,TRAC,True,True,CAAGGNNAGAKLTF,TGCGCAGCAGGTGGGAATAATGCAGGTGCCAAGCTCACATTC,2456,1,None,None
TCAACGAGTATGAAAC-1,False,TCAACGAGTATGAAAC-1_contig_1,False,516,TRA,TRAV19,None,TRAJ39,TRAC,True,True,CAAGGNNAGAKLTF,TGCGCAGCAGGTGGGAATAATGCAGGTGCCAAGCTCACATTC,1368,1,None,None
TCAACGAGTCAGTGGA-1,False,TCAACGAGTCAGTGGA-1_contig_1,False,480,TRB,TRBV13-1,None,TRBJ2-3,None,True,False,CASGDSAETLYF,TGTGCCAGCGGGGACAGTGCAGAAACGCTGTATTTT,816,1,None,None
TCAACGAGTCCAGTTA-1,False,TCAACGAGTCCAGTTA-1_contig_1,False,559,TRA,TRAV4D-3,None,TRAJ27,TRAC,True,True,CAADGPNTGKLTF,TGTGCTGCTGACGGGCCCAATACAGGCAAATTAACCTTT,462,1,None,None
TCAACGAGTCTGCGGT-1,False,TCAACGAGTCTGCGGT-1_contig_1,False,446,TRA,TRAV9D-2,None,TRAJ26,TRAC,True,False,CVLSRGNNYAQGLTF,TGTGTTCTGAGCAGGGGCAATAACTATGCCCAGGGATTAACCTTC,3468,2,None,None
TCAACGAGTGCGATAG-1,False,TCAACGAGTGCGATAG-1_contig_1,False,466,TRB,TRBV12-2+TRBV13-2,None,TRBJ2-7,None,True,False,CASGTGGDYEQYF,TGTGCCAGCGGGACTGGGGGGGACTATGAACAGTACTTC,1846,1,None,None
TCAACGAGTTTGTTGG-1,False,TCAACGAGTTTGTTGG-1_contig_1,False,561,TRA,TRAV4D-3,None,TRAJ27,TRAC,True,True,CAADGPNTGKLTF,TGTGCTGCGGACGGACCCAATACAGGCAAATTAACCTTT,172,2,None,None
TCAACGATCAAGGTAA-1,False,TCAACGATCAAGGTAA-1_contig_1,False,513,TRA,TRAV13D-2,None,TRAJ11,TRAC,True,True,CAIDLDSGYNKLTF,TGTGCTATAGATCTTGACTCGGGATACAACAAACTCACTTTT,1432,1,None,None
TCAACGATCATCGATG-1,False,TCAACGATCATCGATG-1_contig_1,False,549,TRB,TRBV16,None,TRBJ2-5,None,True,True,CASSLGGGQDTQYF,TGTGCAAGCAGCTTAGGGGGGGGCCAAGACACCCAGTACTTT,1132,1,None,None
TCAACGATCCTGCAGG-1,False,TCAACGATCCTGCAGG-1_contig_1,False,437,TRB,TRBV13-1,None,TRBJ2-4,None,True,False,CASSEGTNTLYF,TGTGCCAGCAGTGAAGGAACAAACACCTTGTACTTT,264,2,None,None
TCAACGATCCTGCTTG-1,False,TCAACGATCCTGCTTG-1_contig_1,False,545,TRA,TRAV14N-3,None,TRAJ6,TRAC,True,True,CAARTSGGNYKPTF,TGTGCAGCAAGAACCTCAGGAGGAAACTACAAACCTACGTTT,5680,5,None,None
TCAACGATCCTGCTTG-1,False,TCAACGATCCTGCTTG-1_contig_2,False,505,TRB,TRBV13-1,None,TRBJ2-4,None,True,True,CASSEGTNTLYF,TGTGCCAGCAGTGAAGGAACAAACACCTTGTACTTT,14192,10,None,None
TCAACGATCCTGCTTG-1,False,TCAACGATCCTGCTTG-1_contig_3,False,549,TRA,TRAV8N-2,None,TRAJ13,TRAC,True,True,CATEDSGTYQRF,TGTGCTACTGAGGATTCTGGGACTTACCAGAGGTTT,4514,4,None,None
TCAACGATCCTGCTTG-1,False,TCAACGATCCTGCTTG-1_contig_4,False,563,TRB,TRBV12-2+TRBV13-2,None,TRBJ2-7,None,True,True,CASGTGGDYEQYF,TGTGCCAGCGGGACTGGGGGGGACTATGAACAGTACTTC,8588,8,None,None
TCAACGATCCTGCTTG-1,False,TCAACGATCCTGCTTG-1_contig_5,True,343,TRA,TRAV9D-2,None,TRAJ26,TRAC,True,False,CVLSRGNNYAQGLTF,TGTGTTCTGAGCAGGGGCAATAACTATGCCCAGGGATTAACCTTC,2570,3,None,None
TCAACGATCCTTGGTC-1,False,TCAACGATCCTTGGTC-1_contig_1,False,563,TRB,TRBV12-2+TRBV13-2,None,TRBJ1-5,TRBC1,True,True,CASGTGDNQAPLF,TGTGCCAGCGGTACAGGGGACAACCAGGCTCCGCTTTTT,1826,1,None,None
TCAACGATCGTAGGAG-1,False,TCAACGATCGTAGGAG-1_contig_1,False,596,TRB,TRBV12-2+TRBV13-2,None,TRBJ2-7,None,True,True,CASGTGGDYEQYF,TGTGCCAGCGGGACTGGGGGGGACTATGAACAGTACTTC,1570,1,None,None
TCAATCTAGAGCTGGT-1,False,TCAATCTAGAGCTGGT-1_contig_1,False,567,TRB,TRBV12-2+TRBV13-2,None,TRBJ1-2,TRBC1,True,True,CASGGGTGNSDYTF,TGTGCCAGCGGTGGGGGGACAGGGAACTCCGACTACACCTTC,1042,1,None,None
TCAATCTAGAGGTTAT-1,False,TCAATCTAGAGGTTAT-1_contig_1,False,555,TRA,TRAV8-1,None,TRAJ30,TRAC,True,True,CATDTNAYKVIF,TGTGCTACTGACACAAATGCTTACAAAGTCATCTTT,3784,4,None,None
TCAATCTAGAGGTTAT-1,False,TCAATCTAGAGGTTAT-1_contig_2,False,598,TRB,TRBV12-2+TRBV13-2,None,TRBJ2-7,None,True,True,CASGTGGDYEQYF,TGTGCCAGCGGGACTGGGGGGGACTATGAACAGTACTTC,1412,4,None,None
TCAATCTAGAGGTTAT-1,False,TCAATCTAGAGGTTAT-1_contig_3,True,312,TRB,None,None,TRBJ2-1,None,False,False,None,None,2126,2,None,None
TCAATCTAGCGCCTTG-1,False,TCAATCTAGCGCCTTG-1_contig_1,False,558,TRA,TRAV16,None,TRAJ57,TRAC,True,True,CAMREGQGGSAKLIF,TGTGCTATGAGAGAGGGCCAAGGAGGGTCTGCGAAGCTCATCTTT,1732,1,None,None
TCAATCTAGGGTCGAT-1,False,TCAATCTAGGGTCGAT-1_contig_1,False,429,TRB,None,None,TRBJ2-7,None,False,False,None,None,2158,1,None,None
TCAATCTCAAAGTCAA-1,False,TCAATCTCAAAGTCAA-1_contig_1,False,549,TRA,TRAV8N-2,None,TRAJ13,TRAC,True,True,CATEDSGTYQRF,TGTGCTACTGAGGATTCTGGGACTTACCAGAGGTTT,902,1,None,None
TCAATCTCAATAGCGG-1,False,TCAATCTCAATAGCGG-1_contig_1,True,383,TRB,None,None,TRBJ2-1,None,False,False,None,None,5248,6,None,None
TCAATCTCAGGTCGTC-1,False,TCAATCTCAGGTCGTC-1_contig_1,False,356,TRB,TRBV13-2,None,TRBJ1-2,TRBC1,True,False,CASGGGTGNSDYTF,TGTGCCAGCGGTGGGGGGACAGGGAACTCCGACTACACCTTC,1690,1,None,None
TCAATCTCATGCATGT-1,False,TCAATCTCATGCATGT-1_contig_1,False,512,TRB,TRBV13-1,None,TRBJ2-3,None,True,False,CASGDSAETLYF,TGTGCCAGCGGGGACAGTGCAGAAACGCTGTATTTT,1526,1,None,None
TCAATCTGTATAAACG-1,False,TCAATCTGTATAAACG-1_contig_1,False,376,TRB,None,None,TRBJ1-2,TRBC1,False,False,None,None,1770,1,None,None
TCAATCTGTCTAGTGT-1,False,TCAATCTGTCTAGTGT-1_contig_1,False,459,TRB,None,None,TRBJ1-6,TRBC1,False,False,None,None,426,1,None,None
TCAATCTGTGCACGAA-1,False,TCAATCTGTGCACGAA-1_contig_1,False,549,TRB,TRBV16,None,TRBJ2-5,None,True,True,CASSLGGGQDTQYF,TGTGCAAGCAGCTTAGGGGGGGGCCAAGACACCCAGTACTTT,546,1,None,None
TCAATCTGTGGTTTCA-1,False,TCAATCTGTGGTTTCA-1_contig_1,False,560,TRB,TRBV12-2+TRBV13-2,None,TRBJ2-7,None,True,True,CASGALWEQYF,TGTGCCAGCGGGGCTCTATGGGAACAGTACTTC,1424,1,None,None
TCAATCTGTTCCGGCA-1,False,TCAATCTGTTCCGGCA-1_contig_1,False,505,TRB,TRBV13-1,None,TRBJ2-3,None,True,True,CASGDSAETLYF,TGTGCCAGCGGGGACAGTGCAGAAACGCTGTATTTT,660,1,None,None
TCAATCTTCGTCGTTC-1,False,TCAATCTTCGTCGTTC-1_contig_1,False,562,TRB,TRBV12-2+TRBV13-2,None,TRBJ2-7,None,True,True,CASGVQGGEQYF,TGTGCCAGCGGTGTGCAGGGGGGAGAACAGTACTTC,1794,1,None,None
TCAATCTTCTTGACGA-1,False,TCAATCTTCTTGACGA-1_contig_1,False,566,TRB,TRBV12-2+TRBV13-2,None,TRBJ1-2,TRBC1,True,True,CASGGGTGNSDYTF,TGTGCCAGCGGTGGGGGGACAGGGAACTCCGACTACACCTTC,718,1,None,None
TCACAAGAGAGGTACC-1,False,TCACAAGAGAGGTACC-1_contig_1,False,586,TRB,TRBV12-2+TRBV13-2,None,TRBJ2-7,None,True,True,CASGVQGEQYF,TGTGCCAGCGGTGTTCAGGGAGAACAGTACTTC,1268,1,None,None
TCACAAGAGCGATATA-1,False,TCACAAGAGCGATATA-1_contig_1,False,549,TRB,TRBV16,None,TRBJ2-5,None,True,True,CASSLGGGQDTQYF,TGTGCAAGCAGCTTAGGGGGGGGCCAAGACACCCAGTACTTT,10916,12,None,None
TCACAAGAGCGATATA-1,False,TCACAAGAGCGATATA-1_contig_2,False,556,TRA,TRAV19,None,TRAJ39,TRAC,True,True,CAAGGNNAGAKLTF,TGCGCAGCAGGTGGGAATAATGCAGGTGCCAAGCTCACATTC,20066,19,None,None
TCACAAGAGCGATATA-1,False,TCACAAGAGCGATATA-1_contig_3,False,565,TRA,TRAV4D-3,None,TRAJ27,TRAC,True,True,CAADGPNTGKLTF,TGTGCTGCGGACGGACCCAATACAGGCAAATTAACCTTT,11998,11,None,None
TCACAAGAGCGATATA-1,False,TCACAAGAGCGATATA-1_contig_4,False,572,TRB,TRBV12-2+TRBV13-2,None,TRBJ1-2,TRBC1,True,True,CASGGGTGNSDYTF,TGTGCCAGCGGTGGGGGGACAGGGAACTCCGACTACACCTTC,20402,27,None,None
TCACAAGAGCGATATA-1,False,TCACAAGAGCGATATA-1_contig_5,True,329,TRB,None,None,TRBJ2-1,None,False,False,None,None,4126,5,None,None
TCACAAGAGCGATATA-1,False,TCACAAGAGCGATATA-1_contig_6,True,638,TRB,None,None,TRBJ2-7,None,False,False,None,None,6648,10,None,None
TCACAAGAGCGATTCT-1,False,TCACAAGAGCGATTCT-1_contig_1,False,507,TRB,TRBV13-1,None,TRBJ2-3,None,True,True,CASGDSAETLYF,TGTGCCAGCGGGGACAGTGCAGAAACGCTGTATTTT,1186,1,None,None
TCACAAGAGGTAGCTG-1,False,TCACAAGAGGTAGCTG-1_contig_1,False,558,TRA,TRAV4D-3,None,TRAJ27,TRAC,True,True,CAADGPNTGKLTF,TGTGCTGCGGACGGACCCAATACAGGCAAATTAACCTTT,1904,1,None,None
TCACAAGAGGTAGCTG-1,False,TCACAAGAGGTAGCTG-1_contig_2,False,510,TRA,TRAV3D-3,None,TRAJ28,TRAC,True,False,CTSAQSVRGTGSNRLTF,TGTACTTCTGCGCAGTCAGTGAGGGGCACTGGGAGTAACAGGCTCACTTTT,894,1,None,None
TCACAAGCAAGTAGTA-1,False,TCACAAGCAAGTAGTA-1_contig_1,False,505,TRB,TRBV13-1,None,TRBJ2-4,None,True,True,CASSEGTNTLYF,TGTGCCAGCAGTGAAGGAACAAACACCTTGTACTTT,1488,1,None,None
TCACAAGCAATCACAC-1,False,TCACAAGCAATCACAC-1_contig_1,False,366,TRB,None,None,TRBJ1-3,TRBC1,False,False,None,None,1848,1,None,None
TCACAAGCAATCCAAC-1,False,TCACAAGCAATCCAAC-1_contig_1,False,549,TRB,TRBV16,None,TRBJ2-5,None,True,True,CASSLGGYQDTQYF,TGTGCAAGCAGCTTAGGGGGCTACCAAGACACCCAGTACTTT,9838,10,None,None
TCACAAGCAATCCAAC-1,False,TCACAAGCAATCCAAC-1_contig_2,False,556,TRA,TRAV19,None,TRAJ39,TRAC,True,True,CAAGGNNAGAKLTF,TGCGCAGCAGGTGGGAATAATGCAGGTGCCAAGCTCACATTC,8000,4,None,None
TCACAAGCAATCCAAC-1,False,TCACAAGCAATCCAAC-1_contig_3,False,555,TRA,TRAV4-3,None,TRAJ27,TRAC,True,True,CAAANTNTGKLTF,TGTGCTGCTGCTAACACCAATACAGGCAAATTAACCTTT,6232,4,None,None
TCACAAGCAATCCAAC-1,False,TCACAAGCAATCCAAC-1_contig_4,False,601,TRB,TRBV12-2+TRBV13-2,None,TRBJ1-2,TRBC1,True,True,CASGGGTGNSDYTF,TGTGCCAGCGGTGGGGGGACAGGGAACTCCGACTACACCTTC,35684,33,None,None
TCACAAGCAATCCAAC-1,False,TCACAAGCAATCCAAC-1_contig_5,False,568,TRA,TRAV12-1,None,TRAJ48,TRAC,True,True,CALSDAGDYGNEKITF,TGTGCTCTGAGTGATGCAGGAGACTATGGAAATGAGAAAATAACTTTT,2718,3,None,None
TCACAAGCACACCGCA-1,False,TCACAAGCACACCGCA-1_contig_1,False,568,TRB,TRBV12-2+TRBV13-2,None,TRBJ1-2,TRBC1,True,True,CASGGGTGNSDYTF,TGTGCCAGCGGTGGGGGGACAGGGAACTCCGACTACACCTTC,1578,1,None,None
TCACAAGCACAGGTTT-1,False,TCACAAGCACAGGTTT-1_contig_1,False,600,TRB,TRBV12-2+TRBV13-2,None,TRBJ2-3,None,True,True,CASGDAPPGEGTLYF,TGTGCCAGCGGTGATGCACCTCCAGGGGAGGGAACGCTGTATTTT,696,1,None,None
TCACAAGGTAATCACC-1,False,TCACAAGGTAATCACC-1_contig_1,False,549,TRB,TRBV16,None,TRBJ2-5,None,True,True,CASSFGGAPDTQYF,TGTGCAAGCAGCTTTGGGGGGGCGCCAGACACCCAGTACTTT,1564,1,None,None
TCACAAGGTACATCCA-1,False,TCACAAGGTACATCCA-1_contig_1,False,478,TRB,TRBV14,None,TRBJ1-4,TRBC1,True,False,None,None,2596,1,None,None
TCACAAGGTCTAGAGG-1,False,TCACAAGGTCTAGAGG-1_contig_1,False,558,TRA,TRAV19,None,TRAJ39,TRAC,True,True,CAAGGNNAGAKLTF,TGCGCAGCAGGTGGGAATAATGCAGGTGCCAAGCTCACATTC,2398,1,None,None
TCACAAGGTTAAGGGC-1,False,TCACAAGGTTAAGGGC-1_contig_1,False,559,TRA,TRAV4D-3,None,TRAJ27,TRAC,True,True,CAADGPNTGKLTF,TGTGCTGCTGACGGGCCCAATACAGGCAAATTAACCTTT,1338,1,None,None
TCACAAGGTTAAGGGC-1,False,TCACAAGGTTAAGGGC-1_contig_2,False,334,TRB,None,None,TRBJ2-1,None,False,False,None,None,3748,1,None,None
TCACAAGTCAACACAC-1,False,TCACAAGTCAACACAC-1_contig_1,False,512,TRB,TRBV13-1,None,TRBJ2-3,None,True,True,CASGDSAETLYF,TGTGCCAGCGGGGACAGTGCAGAAACGCTGTATTTT,1902,1,None,None
TCACAAGTCAGCTGGC-1,False,TCACAAGTCAGCTGGC-1_contig_1,False,594,TRB,TRBV12-2+TRBV13-2,None,TRBJ1-5,TRBC1,True,True,CASGTGDNQAPLF,TGTGCCAGCGGTACAGGGGACAACCAGGCTCCGCTTTTT,718,1,None,None
TCACAAGTCAGGTTCA-1,False,TCACAAGTCAGGTTCA-1_contig_1,False,560,TRB,TRBV12-2+TRBV13-2,None,TRBJ1-2,TRBC1,True,True,CASGGGTGNSDYTF,TGTGCCAGCGGTGGGGGGACAGGGAACTCCGACTACACCTTC,1362,1,None,None
TCACAAGTCATCGATG-1,False,TCACAAGTCATCGATG-1_contig_1,False,549,TRB,TRBV16,None,TRBJ2-7,None,True,True,CASSFGGGADEQYF,TGTGCAAGCAGCTTTGGTGGGGGGGCGGATGAACAGTACTTC,850,1,None,None
TCACAAGTCCATGCTC-1,False,TCACAAGTCCATGCTC-1_contig_1,False,507,TRA,TRAV21-DV12,None,TRAJ42,TRAC,True,True,CILRVHGGSNAKLTF,TGTATCCTGAGAGTCCATGGAGGAAGCAATGCAAAGCTAACCTTC,1924,1,None,None
TCACAAGTCTCAAACG-1,False,TCACAAGTCTCAAACG-1_contig_1,False,554,TRA,TRAV4D-3,None,TRAJ27,TRAC,True,True,CAADGPNTGKLTF,TGTGCTGCGGACGGACCCAATACAGGCAAATTAACCTTT,1690,1,None,None
TCACGAAAGACGCAAC-1,False,TCACGAAAGACGCAAC-1_contig_1,False,500,TRB,TRBV13-1,None,TRBJ1-4,TRBC1,True,False,CASGTGANERLFF,TGTGCCAGCGGGACAGGGGCCAACGAAAGATTATTTTTC,532,1,None,None
TCACGAAAGCAATATG-1,False,TCACGAAAGCAATATG-1_contig_1,False,537,TRA,TRAV6-6,None,TRAJ24,TRAC,True,True,CAPLTTASLGKLQF,TGTGCTCCGTTGACAACTGCCAGTTTGGGGAAACTGCAGTTT,3876,4,None,None
TCACGAAAGCAATATG-1,False,TCACGAAAGCAATATG-1_contig_2,False,556,TRA,TRAV19,None,TRAJ39,TRAC,True,True,CAAGGNNAGAKLTF,TGCGCAGCAGGTGGGAATAATGCAGGTGCCAAGCTCACATTC,7922,5,None,None
TCACGAAAGCAATATG-1,False,TCACGAAAGCAATATG-1_contig_3,False,505,TRB,TRBV13-1,None,TRBJ2-4,None,True,True,CASSEGTNTLYF,TGTGCCAGCAGTGAAGGAACAAACACCTTGTACTTT,21754,16,None,None
TCACGAAAGCAATATG-1,False,TCACGAAAGCAATATG-1_contig_4,False,568,TRB,TRBV12-2+TRBV13-2,None,TRBJ1-2,TRBC1,True,True,CASGGGTGNSDYTF,TGTGCCAGCGGTGGGGGGACAGGGAACTCCGACTACACCTTC,12576,10,None,None
TCACGAAAGCAATATG-1,False,TCACGAAAGCAATATG-1_contig_5,False,734,TRA,TRAV9D-2,None,TRAJ26,TRAC,True,True,CVLSRGNNYAQGLTF,TGTGTTCTGAGCAGGGGCAATAACTATGCCCAGGGATTAACCTTC,4374,5,None,None
TCACGAAAGGGTGTTG-1,False,TCACGAAAGGGTGTTG-1_contig_1,False,549,TRB,TRBV16,None,TRBJ2-5,None,True,True,CASSFGGGEDTQYF,TGTGCAAGCAGCTTTGGGGGGGGGGAAGACACCCAGTACTTT,1820,1,None,None
TCACGAAAGGTGCACA-1,False,TCACGAAAGGTGCACA-1_contig_1,False,546,TRA,TRAV9-1,None,TRAJ26,TRAC,True,False,None,None,910,1,None,None
TCACGAAAGTTCGCAT-1,False,TCACGAAAGTTCGCAT-1_contig_1,False,543,TRA,TRAV19,None,TRAJ39,TRAC,True,True,CAAGGNNAGAKLTF,TGCGCAGCAGGTGGGAATAATGCAGGTGCCAAGCTCACATTC,10058,8,None,None
TCACGAAAGTTCGCAT-1,False,TCACGAAAGTTCGCAT-1_contig_2,False,505,TRB,TRBV13-1,None,TRBJ2-4,None,True,True,CASSEGTNTLYF,TGTGCCAGCAGTGAAGGAACAAACACCTTGTACTTT,45188,31,None,None
TCACGAAAGTTCGCAT-1,False,TCACGAAAGTTCGCAT-1_contig_3,False,564,TRB,TRBV12-2+TRBV13-2,None,TRBJ1-2,TRBC1,True,True,CASGGGTGNSDYTF,TGTGCCAGCGGTGGGGGGACAGGGAACTCCGACTACACCTTC,7196,6,None,None
TCACGAAAGTTCGCAT-1,False,TCACGAAAGTTCGCAT-1_contig_4,False,670,TRA,TRAV9D-2,None,TRAJ26,TRAC,True,True,CVLSRGNNYAQGLTF,TGTGTTCTGAGCAGGGGCAATAACTATGCCCAGGGATTAACCTTC,7396,5,None,None
TCACGAAAGTTCGCAT-1,False,TCACGAAAGTTCGCAT-1_contig_5,True,333,TRB,None,None,TRBJ2-1,None,False,False,None,None,2154,3,None,None
TCACGAAAGTTTAGGA-1,False,TCACGAAAGTTTAGGA-1_contig_1,False,309,TRA,TRAV12-2,None,TRAJ57,TRAC,True,False,CPVLLCFADQGGSAKLIF,TGCCCTGTACTACTGTGCTTTGCGGACCAAGGAGGGTCTGCGAAGCTCATCTTT,3050,1,None,None
TCACGAACAACACCTA-1,False,TCACGAACAACACCTA-1_contig_1,False,332,TRA,TRAV9D-2,None,TRAJ26,TRAC,True,False,CVLSRGNNYAQGLTF,TGTGTTCTGAGCAGGGGCAATAACTATGCCCAGGGATTAACCTTC,1566,2,None,None
TCACGAACAAGCCTAT-1,False,TCACGAACAAGCCTAT-1_contig_1,False,575,TRB,TRBV12-2+TRBV13-2,None,TRBJ1-2,TRBC1,True,True,CASGGGTGNSDYTF,TGTGCCAGCGGTGGGGGGACAGGGAACTCCGACTACACCTTC,1438,1,None,None
TCACGAACACACATGT-1,False,TCACGAACACACATGT-1_contig_1,False,561,TRB,TRBV12-2+TRBV13-2,None,TRBJ1-5,TRBC1,True,True,CASGTGDNQAPLF,TGTGCCAGCGGGACAGGGGACAACCAGGCTCCGCTTTTT,334,1,None,None
TCACGAACACACATGT-1,False,TCACGAACACACATGT-1_contig_2,True,344,TRB,None,None,TRBJ2-3,None,False,False,None,None,974,1,None,None
TCACGAACACACATGT-1,False,TCACGAACACACATGT-1_contig_3,True,396,TRB,None,None,TRBJ2-1,None,False,False,None,None,1892,2,None,None
TCACGAACAGCTGCTG-1,False,TCACGAACAGCTGCTG-1_contig_1,False,555,TRA,TRAV3-3,None,TRAJ49,TRAC,True,True,CAVSGATGYQNFYF,TGCGCAGTCAGTGGGGCCACGGGTTACCAGAACTTCTATTTT,866,1,None,None
TCACGAACAGGTTTCA-1,False,TCACGAACAGGTTTCA-1_contig_1,False,507,TRA,TRAV21-DV12,None,TRAJ42,TRAC,True,True,CILRVHGGSNAKLTF,TGTATCCTGAGAGTCCATGGAGGAAGCAATGCAAAGCTAACCTTC,2252,1,None,None
TCACGAACAGTTTACG-1,False,TCACGAACAGTTTACG-1_contig_1,False,531,TRA,TRAV6-6,None,TRAJ24,TRAC,True,True,CAPLTTASLGKLQF,TGTGCTCCGTTGACAACTGCCAGTTTGGGGAAACTGCAGTTT,8158,5,None,None
TCACGAACAGTTTACG-1,False,TCACGAACAGTTTACG-1_contig_2,False,505,TRB,TRBV13-1,None,TRBJ2-4,None,True,True,CASSEGTNTLYF,TGTGCCAGCAGTGAAGGAACAAACACCTTGTACTTT,23764,20,None,None
TCACGAACAGTTTACG-1,False,TCACGAACAGTTTACG-1_contig_3,False,567,TRA,TRAV2,None,TRAJ22,TRAC,True,True,CIVTASSGSWQLIF,TGCATTGTGACTGCATCTTCTGGCAGCTGGCAACTCATCTTT,7786,6,None,None
TCACGAACAGTTTACG-1,False,TCACGAACAGTTTACG-1_contig_4,False,724,TRA,TRAV9D-2,None,TRAJ26,TRAC,True,True,CVLSRGNNYAQGLTF,TGTGTTCTGAGCAGGGGCAATAACTATGCCCAGGGATTAACCTTC,11332,8,None,None
TCACGAACAGTTTACG-1,False,TCACGAACAGTTTACG-1_contig_5,False,544,TRA,TRAV8-1,None,TRAJ30,TRAC,True,True,CATDAWDTNAYKVIF,TGTGCTACTGATGCATGGGACACAAATGCTTACAAAGTCATCTTT,4288,5,None,None
TCACGAACAGTTTACG-1,False,TCACGAACAGTTTACG-1_contig_6,False,508,TRB,TRBV13-1,None,TRBJ2-1,None,True,True,CASSGGDYAEQFF,TGTGCCAGCAGTGGAGGGGACTATGCTGAGCAGTTCTTC,9782,10,None,None
TCACGAACATGCATGT-1,False,TCACGAACATGCATGT-1_contig_1,False,515,TRB,TRBV13-1,None,TRBJ1-4,TRBC1,True,True,CASGTGANERLFF,TGTGCCAGCGGGACAGGGGCCAACGAAAGATTATTTTTC,878,1,None,None
TCACGAAGTAAGTGTA-1,False,TCACGAAGTAAGTGTA-1_contig_1,False,553,TRA,TRAV8D-2,None,TRAJ9,TRAC,True,False,CAPNMGYKLTF,TGTGCTCCAAACATGGGCTACAAACTTACCTTC,2046,1,None,None
TCACGAAGTCATGCAT-1,False,TCACGAAGTCATGCAT-1_contig_1,False,370,TRB,None,None,TRBJ2-1,None,False,False,None,None,1694,1,None,None
TCACGAAGTGCCTGCA-1,False,TCACGAAGTGCCTGCA-1_contig_1,False,480,TRA,TRAV19,None,TRAJ39,TRAC,True,False,CAAGGNNAGAKLTF,TGCGCAGCAGGTGGGAATAATGCAGGTGCCAAGCTCACATTC,1370,1,None,None
TCACGAATCAAACCAC-1,False,TCACGAATCAAACCAC-1_contig_1,False,564,TRB,TRBV12-2+TRBV13-2,None,TRBJ1-2,TRBC1,True,True,CASGGGTGNSDYTF,TGTGCCAGCGGTGGGGGGACAGGGAACTCCGACTACACCTTC,1422,1,None,None
TCACGAATCAAACCAC-1,False,TCACGAATCAAACCAC-1_contig_2,False,549,TRA,TRAV8N-2,None,TRAJ13,TRAC,True,True,CATEDSGTYQRF,TGTGCTACTGAGGATTCTGGGACTTACCAGAGGTTT,4672,3,None,None
TCACGAATCGGCGGTT-1,False,TCACGAATCGGCGGTT-1_contig_1,False,542,TRA,TRAV8-1,None,TRAJ48,TRAC,True,True,CATDGNEKITF,TGTGCTACTGATGGAAATGAGAAAATAACTTTT,494,3,None,None
TCACGAATCGGCGGTT-1,False,TCACGAATCGGCGGTT-1_contig_2,False,868,TRB,TRBV12-2+TRBV13-2,None,TRBJ2-1,None,True,False,CASGAGDYAEQFF,TGTGCCAGCGGTGCTGGGGACTATGCTGAGCAGTTCTTC,992,1,None,None
TCACGAATCGTTGCCT-1,False,TCACGAATCGTTGCCT-1_contig_1,False,507,TRB,TRBV5,None,TRBJ2-2,None,True,True,CASSTGQLYF,TGTGCCAGCAGCACCGGGCAGCTCTACTTT,588,1,None,None
TCACGAATCTATCCTA-1,False,TCACGAATCTATCCTA-1_contig_1,False,560,TRB,TRBV12-2+TRBV13-2,None,TRBJ2-5,None,True,True,CASGVQGDTQYF,TGTGCCAGCGGTGTTCAGGGGGACACCCAGTACTTT,3104,2,None,None
TCACGAATCTTGCAAG-1,False,TCACGAATCTTGCAAG-1_contig_1,False,527,TRB,TRBV15,None,TRBJ1-3,TRBC1,True,True,CASSLNRGSSGNTLYF,TGTGCCAGCAGTTTAAACAGGGGGAGTTCTGGAAATACGCTCTATTTT,1494,1,None,None
TCAGATGAGACAATAC-1,False,TCAGATGAGACAATAC-1_contig_1,False,601,TRB,TRBV12-2+TRBV13-2,None,TRBJ2-7,None,True,True,CASGVQGEQYF,TGTGCCAGCGGTGTTCAGGGAGAACAGTACTTC,2098,2,None,None
TCAGATGAGCTAGTGG-1,False,TCAGATGAGCTAGTGG-1_contig_1,False,549,TRB,TRBV16,None,TRBJ2-5,None,True,True,CASSLGGGQDTQYF,TGTGCAAGCAGCTTAGGGGGGGGGCAAGACACCCAGTACTTT,1964,1,None,None
TCAGATGAGCTAGTGG-1,False,TCAGATGAGCTAGTGG-1_contig_2,False,559,TRA,TRAV4D-3,None,TRAJ27,TRAC,True,True,CAADGPNTGKLTF,TGTGCTGCTGACGGGCCCAATACAGGCAAATTAACCTTT,1794,1,None,None
TCAGATGAGGGTATCG-1,False,TCAGATGAGGGTATCG-1_contig_1,False,557,TRB,TRBV12-2+TRBV13-2,None,TRBJ2-7,None,True,True,CASGGLGEQYF,TGTGCCAGCGGTGGCCTGGGGGAACAGTACTTC,1314,2,None,None
TCAGATGAGGGTATCG-1,False,TCAGATGAGGGTATCG-1_contig_2,True,473,TRA,TRAV4-3,None,TRAJ37,TRAC,True,False,CAAGQAIPENSSLDW,TGTGCTGCCGGACAGGCAATACCGGAAAACTCATCTTTGGACTGG,2310,1,None,None
TCAGATGAGTATCTCG-1,False,TCAGATGAGTATCTCG-1_contig_1,False,571,TRB,TRBV12-2+TRBV13-2,None,TRBJ1-2,TRBC1,True,True,CASGGGTGNSDYTF,TGTGCCAGCGGTGGGGGGACAGGGAACTCCGACTACACCTTC,1592,1,None,None
TCAGATGAGTCGTTTG-1,False,TCAGATGAGTCGTTTG-1_contig_1,False,571,TRB,TRBV12-2+TRBV13-2,None,TRBJ1-2,TRBC1,True,True,CASGGGTGNSDYTF,TGTGCCAGCGGTGGGGGGACAGGGAACTCCGACTACACCTTC,1360,1,None,None
TCAGATGCACACAGAG-1,False,TCAGATGCACACAGAG-1_contig_1,False,512,TRB,TRBV13-1,None,TRBJ2-3,None,True,True,CASGDSAETLYF,TGTGCCAGCGGGGACAGTGCAGAAACGCTGTATTTT,1420,1,None,None
TCAGATGCACACTGCG-1,False,TCAGATGCACACTGCG-1_contig_1,False,568,TRB,None,None,TRBJ1-1,TRBC1,False,False,None,None,778,1,None,None
TCAGATGCAGTCCTTC-1,False,TCAGATGCAGTCCTTC-1_contig_1,False,598,TRB,TRBV3,None,TRBJ2-5,None,True,True,CASSLDWGGQDTQYF,TGTGCCAGCAGCTTAGACTGGGGGGGGCAAGACACCCAGTACTTT,346,1,None,None
TCAGATGGTCATTAGC-1,False,TCAGATGGTCATTAGC-1_contig_1,False,335,TRB,None,None,TRBJ2-1,None,False,False,None,None,1584,1,None,None
TCAGATGGTCCAGTAT-1,False,TCAGATGGTCCAGTAT-1_contig_1,False,568,TRB,TRBV12-2+TRBV13-2,None,TRBJ1-2,TRBC1,True,True,CASGGGTGNSDYTF,TGTGCCAGCGGTGGGGGGACAGGGAACTCCGACTACACCTTC,706,1,None,None
TCAGATGGTCGAGATG-1,False,TCAGATGGTCGAGATG-1_contig_1,False,372,TRB,None,None,TRBJ1-3,TRBC1,False,False,None,None,2388,1,None,None
TCAGATGGTCGCATAT-1,False,TCAGATGGTCGCATAT-1_contig_1,False,560,TRB,TRBV12-2+TRBV13-2,None,TRBJ1-2,TRBC1,True,True,CASGGGTGNSDYTF,TGTGCCAGCGGTGGGGGGACAGGGAACTCCGACTACACCTTC,2262,1,None,None
TCAGATGGTCTCCACT-1,False,TCAGATGGTCTCCACT-1_contig_1,False,614,TRB,TRBV13-2,None,TRBJ1-4,TRBC1,True,False,CASGTGGDERLFF,TGTGCCAGCGGGACAGGGGGCGACGAAAGATTATTTTTC,1542,1,None,None
TCAGATGGTTATCACG-1,False,TCAGATGGTTATCACG-1_contig_1,False,549,TRB,TRBV16,None,TRBJ2-5,None,True,True,CASSLGGGQDTQYF,TGTGCAAGCAGCTTAGGGGGGGGCCAAGACACCCAGTACTTT,2160,2,None,None
TCAGATGGTTGCCTCT-1,False,TCAGATGGTTGCCTCT-1_contig_1,False,583,TRB,TRBV12-2+TRBV13-2,None,TRBJ2-7,None,True,True,CASGVQGGEQYF,TGTGCCAGCGGTGTGCAGGGGGGAGAACAGTACTTC,1778,1,None,None
TCAGATGTCATCGGAT-1,False,TCAGATGTCATCGGAT-1_contig_1,False,525,TRB,TRBV17,None,TRBJ2-5,None,True,True,CASSRKGVQDTQYF,TGTGCTAGCAGTAGAAAGGGGGTCCAAGACACCCAGTACTTT,860,1,None,None
TCAGATGTCATCGGAT-1,False,TCAGATGTCATCGGAT-1_contig_2,False,541,TRA,TRAV8D-1,None,TRAJ30,TRAC,True,True,CATDTNAYKVIF,TGTGCTACTGACACAAATGCTTACAAAGTCATCTTT,1050,1,None,None
TCAGATGTCGACCAGC-1,False,TCAGATGTCGACCAGC-1_contig_1,False,549,TRB,TRBV16,None,TRBJ1-2,TRBC1,True,True,CASSSGTGNSDYTF,TGTGCAAGCAGCTCCGGGACAGGGAACTCCGACTACACCTTC,2540,1,None,None
TCAGATGTCGTAGGAG-1,False,TCAGATGTCGTAGGAG-1_contig_1,False,568,TRB,TRBV12-2+TRBV13-2,None,TRBJ1-2,TRBC1,True,True,CASGGGTGNSDYTF,TGTGCCAGCGGTGGGGGGACAGGGAACTCCGACTACACCTTC,1732,1,None,None
TCAGCAAAGATATGGT-1,False,TCAGCAAAGATATGGT-1_contig_1,False,549,TRB,TRBV16,None,TRBJ2-7,None,True,True,CASSLGGGLDEQYF,TGTGCAAGCAGCTTAGGGGGGGGGCTCGATGAACAGTACTTC,848,1,None,None
TCAGCAAAGATATGGT-1,False,TCAGCAAAGATATGGT-1_contig_2,False,542,TRA,TRAV6-6,None,TRAJ24,TRAC,True,True,CAPLTTASLGKLQF,TGTGCTCCGTTGACAACTGCCAGTTTGGGGAAACTGCAGTTT,1484,1,None,None
TCAGCAAAGATATGGT-1,False,TCAGCAAAGATATGGT-1_contig_3,False,512,TRB,TRBV13-1,None,TRBJ2-4,None,True,True,CASSEGTNTLYF,TGTGCCAGCAGTGAAGGAACAAACACCTTGTACTTT,1982,1,None,None
TCAGCAAAGATATGGT-1,False,TCAGCAAAGATATGGT-1_contig_4,False,759,TRA,TRAV9D-2,None,TRAJ26,TRAC,True,True,CVLSRGNNYAQGLTF,TGTGTTCTGAGCAGGGGCAATAACTATGCCCAGGGATTAACCTTC,2492,1,None,None
TCAGCAAAGCAGACTG-1,False,TCAGCAAAGCAGACTG-1_contig_1,False,568,TRB,TRBV12-2+TRBV13-2,None,TRBJ1-2,TRBC1,True,True,CASGGGTGNSDYTF,TGTGCCAGCGGTGGGGGGACAGGGAACTCCGACTACACCTTC,1512,1,None,None
TCAGCAAAGCAGGCTA-1,False,TCAGCAAAGCAGGCTA-1_contig_1,False,569,TRB,TRBV12-2+TRBV13-2,None,TRBJ1-2,TRBC1,True,True,CASGGGTGNSDYTF,TGTGCCAGCGGTGGGGGGACAGGGAACTCCGACTACACCTTC,1228,1,None,None
TCAGCAAAGGATCGCA-1,False,TCAGCAAAGGATCGCA-1_contig_1,False,525,TRB,None,None,TRBJ2-3,None,False,False,None,None,1706,1,None,None
TCAGCAAGTATATGAG-1,False,TCAGCAAGTATATGAG-1_contig_1,False,304,TRB,TRBV15,None,TRBJ1-4,TRBC1,True,False,CVPAVRTGGTERLFF,TGTGTGCCAGCAGTAAGGACAGGGGGCACCGAAAGATTATTTTTC,3460,1,None,None
TCAGCAAGTATGGTTC-1,False,TCAGCAAGTATGGTTC-1_contig_1,False,532,TRA,TRAV13-4-DV7,None,TRAJ58,TRAC,True,True,CAPMQQGTGSKLSF,TGTGCTCCTATGCAGCAAGGCACTGGGTCTAAGCTGTCATTT,2056,1,None,None
TCAGCAAGTATTACCG-1,False,TCAGCAAGTATTACCG-1_contig_1,False,518,TRA,TRAV7D-2,None,TRAJ31,TRAC,True,True,CAASIEDSNNRIFF,TGTGCAGCAAGCATAGAGGATAGCAATAACAGAATCTTCTTT,3040,1,None,None
TCAGCAAGTGTATGGG-1,False,TCAGCAAGTGTATGGG-1_contig_1,False,527,TRB,TRBV15,None,TRBJ1-3,TRBC1,True,True,CASSLNRGSSGNTLYF,TGTGCCAGCAGTTTAAACAGGGGGAGTTCTGGAAATACGCTCTATTTT,2984,2,None,None
TCAGCAATCAAACAAG-1,False,TCAGCAATCAAACAAG-1_contig_1,False,555,TRB,TRBV12-2+TRBV13-2,None,TRBJ2-1,None,True,True,CASGDPFQFF,TGTGCCAGCGGTGATCCTTTCCAGTTCTTC,926,1,None,None
TCAGCAATCAGCCTAA-1,False,TCAGCAATCAGCCTAA-1_contig_1,False,566,TRA,TRAV3-3,None,TRAJ49,TRAC,True,True,CAVSGSTGYQNFYF,TGCGCAGTCAGTGGGAGCACGGGTTACCAGAACTTCTATTTT,1376,1,None,None
TCAGCAATCAGCGACC-1,False,TCAGCAATCAGCGACC-1_contig_1,False,549,TRB,TRBV16,None,TRBJ2-5,None,True,True,CASSLGGYQDTQYF,TGTGCAAGCAGCTTAGGGGGCTACCAAGACACCCAGTACTTT,1152,1,None,None
TCAGCAATCAGCGACC-1,False,TCAGCAATCAGCGACC-1_contig_2,False,555,TRA,TRAV4-3,None,TRAJ27,TRAC,True,True,CAAANTNTGKLTF,TGTGCTGCTGCTAACACCAATACAGGCAAATTAACCTTT,392,1,None,None
TCAGCAATCCTGTACC-1,False,TCAGCAATCCTGTACC-1_contig_1,False,342,TRB,None,None,TRBJ2-1,None,False,False,None,None,2888,1,None,None
TCAGCTCAGACAAAGG-1,False,TCAGCTCAGACAAAGG-1_contig_1,False,568,TRB,TRBV12-2+TRBV13-2,None,TRBJ1-2,TRBC1,True,True,CASGGGTGNSDYTF,TGTGCCAGCGGTGGGGGGACAGGGAACTCCGACTACACCTTC,764,1,None,None
TCAGCTCAGAGTAATC-1,False,TCAGCTCAGAGTAATC-1_contig_1,False,519,TRA,TRAV6-6,None,TRAJ24,TRAC,True,True,CAPLTTASLGKLQF,TGTGCTCCGTTGACAACTGCCAGTTTGGGGAAACTGCAGTTT,1220,1,None,None
TCAGCTCAGATATACG-1,False,TCAGCTCAGATATACG-1_contig_1,False,452,TRB,None,None,TRBJ2-1,None,False,False,None,None,1988,1,None,None
TCAGCTCAGTATTGGA-1,False,TCAGCTCAGTATTGGA-1_contig_1,False,549,TRB,TRBV16,None,TRBJ2-5,None,True,True,CASSLGGGQDTQYF,TGTGCAAGCAGCTTAGGGGGGGGCCAAGACACCCAGTACTTT,1944,2,None,None
TCAGCTCAGTTGCAGG-1,False,TCAGCTCAGTTGCAGG-1_contig_1,False,522,TRB,TRBV5,None,TRBJ2-7,None,True,True,CASSQDWGGAVEQYF,TGTGCCAGCAGCCAAGACTGGGGGGGCGCAGTTGAACAGTACTTC,1208,1,None,None
TCAGCTCCAACACCTA-1,False,TCAGCTCCAACACCTA-1_contig_1,False,549,TRA,TRAV6-6,None,TRAJ24,TRAC,True,True,CAPLTTASLGKLQF,TGTGCTCCGTTGACAACTGCCAGTTTGGGGAAACTGCAGTTT,2154,1,None,None
TCAGCTCCAGACGCTC-1,False,TCAGCTCCAGACGCTC-1_contig_1,False,549,TRB,TRBV16,None,TRBJ2-5,None,True,True,CASSLGGGQDTQYF,TGTGCAAGCAGCTTAGGGGGGGGCCAAGACACCCAGTACTTT,902,1,None,None
TCAGCTCCAGTAAGAT-1,False,TCAGCTCCAGTAAGAT-1_contig_1,False,515,TRB,TRBV13-1,None,TRBJ2-1,None,True,True,CASSGGDYAEQFF,TGTGCCAGCAGTGGGGGGGACTATGCTGAGCAGTTCTTC,1294,1,None,None
TCAGCTCCAGTTCCCT-1,False,TCAGCTCCAGTTCCCT-1_contig_1,False,507,TRA,TRAV21-DV12,None,TRAJ42,TRAC,True,True,CILRVHGGSNAKLTF,TGTATCCTGAGAGTCCATGGAGGAAGCAATGCAAAGCTAACCTTC,1868,1,None,None
TCAGCTCCATGATCCA-1,False,TCAGCTCCATGATCCA-1_contig_1,False,525,TRA,TRAV7N-6,None,TRAJ30,TRAC,True,True,CAVVDTNAYKVIF,TGTGCAGTGGTTGACACAAATGCTTACAAAGTCATCTTT,386,1,None,None
TCAGCTCGTACCTACA-1,False,TCAGCTCGTACCTACA-1_contig_1,False,355,TRB,None,None,TRBJ2-1,None,False,False,None,None,2086,1,None,None
TCAGCTCGTCACCTAA-1,False,TCAGCTCGTCACCTAA-1_contig_1,False,543,TRB,TRBV12-2+TRBV13-2,None,TRBJ1-2,TRBC1,True,True,CASGGGTGNSDYTF,TGTGCCAGCGGTGGGGGGACAGGGAACTCCGACTACACCTTC,344,1,None,None
TCAGCTCGTCAGCTAT-1,False,TCAGCTCGTCAGCTAT-1_contig_1,False,603,TRB,TRBV12-2+TRBV13-2,None,TRBJ1-2,TRBC1,True,True,CASGGGTGNSDYTF,TGTGCCAGCGGTGGGGGGACAGGGAACTCCGACTACACCTTC,1496,1,None,None
TCAGCTCGTCATATGC-1,False,TCAGCTCGTCATATGC-1_contig_1,False,549,TRB,TRBV16,None,TRBJ2-5,None,True,True,CASSFGGGLDTQYF,TGTGCAAGCAGCTTTGGGGGGGGCCTGGACACCCAGTACTTT,708,1,None,None
TCAGCTCGTCATATGC-1,False,TCAGCTCGTCATATGC-1_contig_2,False,328,TRB,TRBV13-2,None,TRBJ1-5,TRBC1,True,False,CASGTGDNQAPLF,TGTGCCAGCGGGACAGGGGACAACCAGGCTCCGCTTTTT,2310,1,None,None
TCAGCTCGTCGCTTTC-1,False,TCAGCTCGTCGCTTTC-1_contig_1,False,508,TRB,TRBV13-1,None,TRBJ1-4,TRBC1,True,True,CASGTGANERLFF,TGTGCCAGCGGGACAGGGGCCAACGAAAGATTATTTTTC,1608,1,None,None
TCAGCTCGTGCAACGA-1,False,TCAGCTCGTGCAACGA-1_contig_1,False,565,TRB,TRBV12-2+TRBV13-2,None,TRBJ1-5,TRBC1,True,True,CASGTGDNQAPLF,TGTGCCAGCGGGACCGGGGACAACCAGGCTCCGCTTTTT,1682,1,None,None
TCAGCTCGTGCCTTGG-1,False,TCAGCTCGTGCCTTGG-1_contig_1,False,557,TRA,TRAV8N-2,None,TRAJ52,TRAC,True,False,None,None,1414,1,None,None
TCAGCTCTCTAACTTC-1,False,TCAGCTCTCTAACTTC-1_contig_1,False,516,TRB,TRBV26,None,TRBJ2-1,None,True,True,CASSLHKFYAEQFF,TGTGCCAGCAGTCTGCACAAATTCTATGCTGAGCAGTTCTTC,350,1,None,None
TCAGCTCTCTCTAAGG-1,False,TCAGCTCTCTCTAAGG-1_contig_1,False,568,TRB,TRBV12-2+TRBV13-2,None,TRBJ1-2,TRBC1,True,True,CASGGGTGNSDYTF,TGTGCCAGCGGTGGGGGGACAGGGAACTCCGACTACACCTTC,1524,1,None,None
TCAGGATAGATAGCAT-1,False,TCAGGATAGATAGCAT-1_contig_1,False,588,TRA,TRAV7-4,None,TRAJ26,TRAC,True,True,CAASDYAQGLTF,TGTGCAGCTAGTGACTATGCCCAGGGATTAACCTTC,2336,1,None,None
TCAGGATAGGCCCTTG-1,False,TCAGGATAGGCCCTTG-1_contig_1,False,720,TRB,TRBV12-1,None,TRBJ2-1,None,True,True,CASGGGDYAEQFF,TGTGCCAGCGGGGGGGGAGACTATGCTGAGCAGTTCTTC,1956,1,None,None
TCAGGATAGTACGCCC-1,False,TCAGGATAGTACGCCC-1_contig_1,False,545,TRB,TRBV12-2+TRBV13-2,None,TRBJ1-5,TRBC1,True,True,CASGTGDNQAPLF,TGTGCCAGCGGGACGGGGGACAACCAGGCTCCGCTTTTT,650,1,None,None
TCAGGATCAATCACAC-1,False,TCAGGATCAATCACAC-1_contig_1,False,603,TRB,TRBV12-2+TRBV13-2,None,TRBJ2-3,None,True,True,CASGDAPPGEGTLYF,TGTGCCAGCGGTGATGCACCTCCAGGGGAGGGAACGCTGTATTTT,752,1,None,None
TCAGGATCAATCACAC-1,False,TCAGGATCAATCACAC-1_contig_2,False,672,TRB,TRBV12-2+TRBV13-2,None,TRBJ1-2,TRBC1,True,True,CASGGGTGNSDYTF,TGTGCCAGCGGTGGGGGGACAGGGAACTCCGACTACACCTTC,2714,2,None,None
TCAGGATCAATCACAC-1,False,TCAGGATCAATCACAC-1_contig_3,False,549,TRA,TRAV8N-2,None,TRAJ13,TRAC,True,True,CATEDSGTYQRF,TGTGCTACTGAGGATTCTGGGACTTACCAGAGGTTT,1618,1,None,None
TCAGGATCAATCACAC-1,False,TCAGGATCAATCACAC-1_contig_4,False,531,TRA,TRAV13-2,None,TRAJ43,TRAC,True,True,CATLNNNNAPRF,TGTGCTACTCTCAATAACAACAATGCCCCACGATTT,1234,1,None,None
TCAGGATCACAGCCCA-1,False,TCAGGATCACAGCCCA-1_contig_1,False,514,TRB,TRBV13-2,None,TRBJ1-5,TRBC1,True,True,CASGTGDNQAPLF,TGTGCCAGCGGGACAGGGGACAACCAGGCTCCGCTTTTT,1190,1,None,None
TCAGGATCACCGGAAA-1,False,TCAGGATCACCGGAAA-1_contig_1,False,525,TRA,TRAV19,None,TRAJ39,TRAC,True,True,CAAGGNNAGAKLTF,TGCGCAGCAGGTGGGAATAATGCAGGTGCCAAGCTCACATTC,1226,1,None,None
TCAGGATGTAGTGAAT-1,False,TCAGGATGTAGTGAAT-1_contig_1,False,487,Multi,TRDV1,None,TRAJ43,TRAC,True,False,CGGLNNAPRF,TGTGGAGGCCTCAACAATGCCCCACGATTT,2366,1,None,None
TCAGGATGTCCAGTGC-1,False,TCAGGATGTCCAGTGC-1_contig_1,False,512,TRB,TRBV13-1,None,TRBJ2-3,None,True,True,CASGDSAETLYF,TGTGCCAGCGGGGACAGTGCAGAAACGCTGTATTTT,1772,1,None,None
TCAGGATGTGGCGAAT-1,False,TCAGGATGTGGCGAAT-1_contig_1,False,556,TRA,TRAV4D-3,None,TRAJ27,TRAC,True,True,CAADGPNTGKLTF,TGTGCTGCGGACGGACCCAATACAGGCAAATTAACCTTT,328,2,None,None
TCAGGATGTGGCGAAT-1,False,TCAGGATGTGGCGAAT-1_contig_2,False,565,TRB,TRBV12-2+TRBV13-2,None,TRBJ2-7,None,True,True,CASGTGGDYEQYF,TGTGCCAGCGGGACTGGGGGGGACTATGAACAGTACTTC,1888,2,None,None
TCAGGATGTGTGGTTT-1,False,TCAGGATGTGTGGTTT-1_contig_1,False,566,TRA,TRAV3-3,None,TRAJ49,TRAC,True,True,CAVSGSTGYQNFYF,TGCGCAGTCAGTGGGAGCACGGGTTACCAGAACTTCTATTTT,1168,1,None,None
TCAGGATTCACGGTTA-1,False,TCAGGATTCACGGTTA-1_contig_1,False,556,TRA,TRAV19,None,TRAJ39,TRAC,True,True,CAAGGNNAGAKLTF,TGCGCAGCAGGTGGGAATAATGCAGGTGCCAAGCTCACATTC,1964,1,None,None
TCAGGATTCGAACTGT-1,False,TCAGGATTCGAACTGT-1_contig_1,False,641,TRB,TRBV13-2,None,TRBJ1-2,TRBC1,True,True,CASGGGTGNSDYTF,TGTGCCAGCGGTGGGGGGACAGGGAACTCCGACTACACCTTC,786,1,None,None
TCAGGATTCGCTAGCG-1,False,TCAGGATTCGCTAGCG-1_contig_1,False,549,TRB,TRBV16,None,TRBJ2-5,None,True,True,CASSLGGYQDTQYF,TGTGCAAGCAGCTTAGGGGGCTACCAAGACACCCAGTACTTT,9352,9,None,None
TCAGGATTCGCTAGCG-1,False,TCAGGATTCGCTAGCG-1_contig_10,False,551,TRA,TRAV6D-5,None,TRAJ38,TRAC,True,False,CTTVFWDNVGDNSKLIW,TGTACTACTGTGTTCTGGGATAATGTTGGTGACAACAGTAAGCTGATTTGG,288,1,None,None
TCAGGATTCGCTAGCG-1,False,TCAGGATTCGCTAGCG-1_contig_11,False,429,TRB,None,None,TRBJ2-3,None,False,False,None,None,4584,3,None,None
TCAGGATTCGCTAGCG-1,False,TCAGGATTCGCTAGCG-1_contig_2,False,602,TRA,TRAV14N-3,None,TRAJ6,TRAC,True,True,CAARTSGGNYKPTF,TGTGCAGCAAGAACCTCAGGAGGAAACTACAAACCTACGTTT,10472,10,None,None
TCAGGATTCGCTAGCG-1,False,TCAGGATTCGCTAGCG-1_contig_3,False,566,TRB,TRBV12-2+TRBV13-2,None,TRBJ2-7,None,True,True,CASGVQGWEQYF,TGTGCCAGCGGTGTACAGGGGTGGGAACAGTACTTC,2144,3,None,None
TCAGGATTCGCTAGCG-1,False,TCAGGATTCGCTAGCG-1_contig_4,False,525,TRB,TRBV17,None,TRBJ2-5,None,True,True,CASSRKGVQDTQYF,TGTGCTAGCAGTAGAAAGGGGGTCCAAGACACCCAGTACTTT,10786,11,None,None
TCAGGATTCGCTAGCG-1,False,TCAGGATTCGCTAGCG-1_contig_5,False,555,TRA,TRAV4-3,None,TRAJ27,TRAC,True,True,CAAANTNTGKLTF,TGTGCTGCTGCTAACACCAATACAGGCAAATTAACCTTT,5626,5,None,None
TCAGGATTCGCTAGCG-1,False,TCAGGATTCGCTAGCG-1_contig_6,False,549,TRA,TRAV8N-2,None,TRAJ13,TRAC,True,True,CATEDSGTYQRF,TGTGCTACTGAGGATTCTGGGACTTACCAGAGGTTT,6572,5,None,None
TCAGGATTCGCTAGCG-1,False,TCAGGATTCGCTAGCG-1_contig_7,False,568,TRA,TRAV12-1,None,TRAJ48,TRAC,True,True,CALSDAGDYGNEKITF,TGTGCTCTGAGTGATGCAGGAGACTATGGAAATGAGAAAATAACTTTT,2142,2,None,None
TCAGGATTCGCTAGCG-1,False,TCAGGATTCGCTAGCG-1_contig_8,False,569,TRB,TRBV12-2+TRBV13-2,None,TRBJ2-7,None,True,True,CASGTGGDYEQYF,TGTGCCAGCGGGACTGGGGGGGACTATGAACAGTACTTC,19600,24,None,None
TCAGGATTCGCTAGCG-1,False,TCAGGATTCGCTAGCG-1_contig_9,False,420,TRA,TRAV13-4-DV7,None,TRAJ58,None,False,False,CAPMQQ,TGTGCTCCTATGCAGCAA,126,2,None,None
TCAGGTAAGCGACGTA-1,False,TCAGGTAAGCGACGTA-1_contig_1,False,566,TRB,TRBV12-2+TRBV13-2,None,TRBJ1-2,TRBC1,True,True,CASGGGTGNSDYTF,TGTGCCAGCGGTGGGGGGACAGGGAACTCCGACTACACCTTC,1028,1,None,None
TCAGGTAAGCTAACAA-1,False,TCAGGTAAGCTAACAA-1_contig_1,False,569,TRB,TRBV12-2+TRBV13-2,None,TRBJ1-2,TRBC1,True,True,CASGGGTGNSDYTF,TGTGCCAGCGGTGGGGGGACAGGGAACTCCGACTACACCTTC,1328,1,None,None
TCAGGTAAGCTAGCCC-1,False,TCAGGTAAGCTAGCCC-1_contig_1,False,371,TRB,None,None,TRBJ1-3,TRBC1,False,False,None,None,1558,1,None,None
TCAGGTAAGGAGTAGA-1,False,TCAGGTAAGGAGTAGA-1_contig_1,False,599,TRB,TRBV3,None,TRBJ2-7,None,True,False,CTSVPAAPRLGVSYEQYF,TGTACTTCTGTGCCAGCAGCCCCCCGACTGGGGGTCTCCTATGAACAGTACTTC,456,1,None,None
TCAGGTAAGTCGCCGT-1,False,TCAGGTAAGTCGCCGT-1_contig_1,False,549,TRB,TRBV16,None,TRBJ2-5,None,True,True,CASSLGGGQDTQYF,TGTGCAAGCAGCTTAGGGGGGGGCCAAGACACCCAGTACTTT,1470,1,None,None
TCAGGTACAGCTTAAC-1,False,TCAGGTACAGCTTAAC-1_contig_1,False,412,TRB,TRBV13-1,None,TRBJ2-3,None,True,False,CASGDSAETLYF,TGTGCCAGCGGGGACAGTGCAGAAACGCTGTATTTT,1912,1,None,None
TCAGGTACATCTACGA-1,False,TCAGGTACATCTACGA-1_contig_1,False,552,TRA,TRAV8N-2,None,TRAJ43,TRAC,True,False,CATDANNNNAPRF,TGTGCTACTGATGCCAATAACAACAATGCCCCACGATTT,368,1,None,None
TCAGGTACATGGTTGT-1,False,TCAGGTACATGGTTGT-1_contig_1,False,522,TRA,TRAV3-3,None,TRAJ49,TRAC,True,True,CAVSGATGYQNFYF,TGCGCAGTCAGTGGGGCCACGGGTTACCAGAACTTCTATTTT,692,1,None,None
TCAGGTAGTAACGTTC-1,False,TCAGGTAGTAACGTTC-1_contig_1,False,376,TRB,None,None,TRBJ1-6,TRBC1,False,False,None,None,1310,1,None,None
TCAGGTAGTATTACCG-1,False,TCAGGTAGTATTACCG-1_contig_1,False,559,TRB,TRBV12-2+TRBV13-2,None,TRBJ2-7,None,True,True,CASGTGDEQYF,TGTGCCAGCGGGACAGGGGATGAACAGTACTTC,1328,1,None,None
TCAGGTAGTCGTCTTC-1,False,TCAGGTAGTCGTCTTC-1_contig_1,False,555,TRA,TRAV16D-DV11,None,TRAJ26,TRAC,True,True,CAMREENNYAQGLTF,TGTGCTATGAGAGAGGAAAATAACTATGCCCAGGGATTAACCTTC,876,1,None,None
TCAGGTAGTCGTCTTC-1,False,TCAGGTAGTCGTCTTC-1_contig_2,False,505,TRB,TRBV13-1,None,TRBJ2-3,None,True,True,CASGDSAETLYF,TGTGCCAGCGGGGACAGTGCAGAAACGCTGTATTTT,1102,1,None,None
TCAGGTAGTTAGGGTG-1,False,TCAGGTAGTTAGGGTG-1_contig_1,False,642,TRB,TRBV12-2+TRBV13-2,None,TRBJ1-2,TRBC1,True,True,CASGGGTGNSDYTF,TGTGCCAGCGGTGGGGGGACAGGGAACTCCGACTACACCTTC,1122,1,None,None
TCAGGTATCATCTGCC-1,False,TCAGGTATCATCTGCC-1_contig_1,False,552,TRB,TRBV12-2+TRBV13-2,None,TRBJ2-7,None,True,True,CASGDPRPYF,TGTGCCAGCGGTGATCCCAGACCGTACTTC,250,1,None,None
TCAGGTATCGCGATCG-1,False,TCAGGTATCGCGATCG-1_contig_1,False,476,TRB,TRBV13-1,None,TRBJ2-4,None,True,False,CASSEGTNTLYF,TGTGCCAGCAGTGAAGGAACAAACACCTTGTACTTT,1168,1,None,None
TCAGGTATCGGTTAAC-1,False,TCAGGTATCGGTTAAC-1_contig_1,False,525,TRB,TRBV17,None,TRBJ2-5,None,True,True,CASSRKGVQDTQYF,TGTGCTAGCAGTAGAAAGGGGGTCCAAGACACCCAGTACTTT,2030,1,None,None
TCAGGTATCTGTCCGT-1,False,TCAGGTATCTGTCCGT-1_contig_1,False,557,TRB,TRBV12-2+TRBV13-2,None,TRBJ2-7,None,True,True,CASGGQGEQYF,TGTGCCAGCGGCGGACAGGGTGAACAGTACTTC,350,1,None,None
TCATTACAGAAAGTGG-1,False,TCATTACAGAAAGTGG-1_contig_1,False,538,TRA,TRAV3D-3,None,TRAJ28,TRAC,True,False,CTSAQSVRGTGSNRLTF,TGTACTTCTGCGCAGTCAGTGAGGGGCACTGGGAGTAACAGGCTCACTTTT,1206,1,None,None
TCATTACAGACCACGA-1,False,TCATTACAGACCACGA-1_contig_1,False,531,TRA,TRAV19,None,TRAJ39,TRAC,True,True,CAAGGNNAGAKLTF,TGCGCAGCAGGTGGGAATAATGCAGGTGCCAAGCTCACATTC,5736,3,None,None
TCATTACAGACCACGA-1,False,TCATTACAGACCACGA-1_contig_2,False,641,TRB,TRBV12-2+TRBV13-2,None,TRBJ1-2,TRBC1,True,True,CASGGGTGNSDYTF,TGTGCCAGCGGTGGGGGGACAGGGAACTCCGACTACACCTTC,1516,1,None,None
TCATTACAGACCACGA-1,False,TCATTACAGACCACGA-1_contig_3,True,326,TRB,None,None,TRBJ2-3,None,False,False,None,None,5412,2,None,None
TCATTACAGACCACGA-1,False,TCATTACAGACCACGA-1_contig_4,True,619,TRB,None,None,TRBJ2-7,None,False,False,None,None,522,2,None,None
TCATTACAGACGCTTT-1,False,TCATTACAGACGCTTT-1_contig_1,False,537,Multi,TRDV1,None,TRAJ43,TRAC,True,False,CGGLNNAPRF,TGTGGAGGCCTCAACAATGCCCCACGATTT,2410,1,None,None
TCATTACAGAGGTTGC-1,False,TCATTACAGAGGTTGC-1_contig_1,False,576,TRB,TRBV12-2+TRBV13-2,None,TRBJ1-2,None,True,True,CASGGGTGNSDYTF,TGTGCCAGCGGTGGGGGGACAGGGAACTCCGACTACACCTTC,590,1,None,None
TCATTACAGCCCAATT-1,False,TCATTACAGCCCAATT-1_contig_1,False,538,TRA,TRAV3D-3,None,TRAJ28,TRAC,True,False,CTSAQSVRGTGSNRLTF,TGTACTTCTGCGCAGTCAGTGAGGGGCACTGGGAGTAACAGGCTCACTTTT,1570,1,None,None
TCATTACAGGATTCGG-1,False,TCATTACAGGATTCGG-1_contig_1,False,549,TRB,TRBV16,None,TRBJ2-5,None,True,True,CASSLGGYQDTQYF,TGTGCAAGCAGCTTAGGGGGCTACCAAGACACCCAGTACTTT,4212,6,None,None
TCATTACAGGATTCGG-1,False,TCATTACAGGATTCGG-1_contig_2,False,526,TRA,TRAV8D-1,None,TRAJ49,TRAC,True,True,CATDATGYQNFYF,TGTGCTACTGATGCGACGGGTTACCAGAACTTCTATTTT,2140,2,None,None
TCATTACAGGATTCGG-1,False,TCATTACAGGATTCGG-1_contig_3,False,555,TRA,TRAV4-3,None,TRAJ27,TRAC,True,True,CAAANTNTGKLTF,TGTGCTGCTGCTAACACCAATACAGGCAAATTAACCTTT,3394,3,None,None
TCATTACAGGATTCGG-1,False,TCATTACAGGATTCGG-1_contig_4,False,553,TRA,TRAV12-1,None,TRAJ48,TRAC,True,True,CALSDAGDYGNEKITF,TGTGCTCTGAGTGATGCAGGAGACTATGGAAATGAGAAAATAACTTTT,2378,2,None,None
TCATTACAGGATTCGG-1,False,TCATTACAGGATTCGG-1_contig_5,False,592,TRA,TRAV7-4,None,TRAJ43,TRAC,True,False,None,None,1202,2,None,None
TCATTACCAAATCCGT-1,False,TCATTACCAAATCCGT-1_contig_1,False,596,TRB,TRBV12-2+TRBV13-2,None,TRBJ2-7,None,True,True,CASGVQGWEQYF,TGTGCCAGCGGTGTACAGGGGTGGGAACAGTACTTC,2810,2,None,None
TCATTACCAATACGCT-1,False,TCATTACCAATACGCT-1_contig_1,False,506,TRB,TRBV5,None,TRBJ1-5,TRBC1,True,True,CASSQAGENNQAPLF,TGTGCCAGCAGCCAAGCAGGGGAGAACAACCAGGCTCCGCTTTTT,990,1,None,None
TCATTACCAATACGCT-1,False,TCATTACCAATACGCT-1_contig_2,False,336,TRB,None,None,TRBJ2-1,None,False,False,None,None,3280,1,None,None
TCATTACCAATCGGTT-1,False,TCATTACCAATCGGTT-1_contig_1,False,444,TRB,None,None,TRBJ1-6,TRBC1,False,False,None,None,2012,1,None,None
TCATTACCAATGGAAT-1,False,TCATTACCAATGGAAT-1_contig_1,False,304,TRB,TRBV13-1,None,TRBJ2-4,None,True,False,CASSEGTNTLYF,TGTGCCAGCAGTGAAGGAACAAACACCTTGTACTTT,372,1,None,None
TCATTACCACATTAGC-1,False,TCATTACCACATTAGC-1_contig_1,False,513,TRB,TRBV26,None,TRBJ2-1,None,True,True,CASSLHKFYAEQFF,TGTGCCAGCAGTCTGCACAAATTCTATGCTGAGCAGTTCTTC,2444,1,None,None
TCATTACCAGAAGCAC-1,False,TCATTACCAGAAGCAC-1_contig_1,False,566,TRB,TRBV12-2+TRBV13-2,None,TRBJ1-2,TRBC1,True,True,CASGGGTGNSDYTF,TGTGCCAGCGGTGGGGGGACAGGGAACTCCGACTACACCTTC,222,1,None,None
TCATTACCAGTCACTA-1,False,TCATTACCAGTCACTA-1_contig_1,False,527,TRA,TRAV19,None,TRAJ39,TRAC,True,True,CAAGGNNAGAKLTF,TGCGCAGCAGGTGGGAATAATGCAGGTGCCAAGCTCACATTC,1416,1,None,None
TCATTACCATCAGTCA-1,False,TCATTACCATCAGTCA-1_contig_1,False,565,TRB,TRBV12-2+TRBV13-2,None,TRBJ2-1,None,True,True,CASGTGDYAEQFF,TGTGCCAGCGGGACTGGGGACTATGCTGAGCAGTTCTTC,580,1,None,None
TCATTACGTAGATTAG-1,False,TCATTACGTAGATTAG-1_contig_1,False,549,TRB,TRBV16,None,TRBJ2-7,None,True,True,CASSLGGGGDEQYF,TGTGCAAGCAGCTTAGGTGGGGGGGGCGATGAACAGTACTTC,7542,9,None,None
TCATTACGTAGATTAG-1,False,TCATTACGTAGATTAG-1_contig_10,False,504,TRA,TRAV4-3,None,TRAJ32,TRAC,True,False,None,None,2346,3,None,None
TCATTACGTAGATTAG-1,False,TCATTACGTAGATTAG-1_contig_2,False,541,TRA,TRAV8-1,None,TRAJ34,TRAC,True,True,CATDVSNTNKVVF,TGTGCTACTGATGTTTCCAATACCAACAAAGTCGTCTTT,3686,4,None,None
TCATTACGTAGATTAG-1,False,TCATTACGTAGATTAG-1_contig_3,False,594,TRA,TRAV7-4,None,TRAJ27,TRAC,True,True,CAASEDANTGKLTF,TGTGCAGCTAGTGAGGACGCCAATACAGGCAAATTAACCTTT,1814,2,None,None
TCATTACGTAGATTAG-1,False,TCATTACGTAGATTAG-1_contig_4,False,563,TRB,TRBV12-2+TRBV13-2,None,TRBJ1-2,TRBC1,True,True,CASGGGTGNSDYTF,TGTGCCAGCGGTGGGGGGACAGGGAACTCCGACTACACCTTC,1662,3,None,None
TCATTACGTAGATTAG-1,False,TCATTACGTAGATTAG-1_contig_5,False,522,TRA,TRAV8-1,None,TRAJ30,TRAC,True,True,CATDTNAYKVIF,TGTGCTACTGACACAAATGCTTACAAAGTCATCTTT,3844,3,None,None
TCATTACGTAGATTAG-1,False,TCATTACGTAGATTAG-1_contig_6,False,600,TRB,TRBV12-2+TRBV13-2,None,TRBJ1-5,TRBC1,True,True,CASGTGDNQAPLF,TGTGCCAGCGGGACAGGGGACAACCAGGCTCCGCTTTTT,22724,29,None,None
TCATTACGTAGATTAG-1,False,TCATTACGTAGATTAG-1_contig_7,False,540,TRB,TRBV12-2+TRBV13-2,None,TRBJ1-5,TRBC1,True,True,CASGTGDNQAPLF,TGTGCCAGCGGTACAGGGGATAACCAGGCTCCGCTTTTT,1336,2,None,None
TCATTACGTAGATTAG-1,False,TCATTACGTAGATTAG-1_contig_8,False,369,TRB,None,None,TRBJ2-1,None,False,False,None,None,19910,25,None,None
TCATTACGTAGATTAG-1,False,TCATTACGTAGATTAG-1_contig_9,False,320,TRA,TRAV12-3,None,TRAJ22,TRAC,True,False,CALDFW,TGTGCTCTGGACTTCTGG,3438,3,None,None
TCATTACGTAGTACCT-1,False,TCATTACGTAGTACCT-1_contig_1,False,322,TRB,None,None,TRBJ2-5,None,False,False,None,None,846,1,None,None
TCATTACGTCTAGTCA-1,False,TCATTACGTCTAGTCA-1_contig_1,False,601,TRB,TRBV13-1,None,TRBJ2-1,None,True,False,CASSDNYAEQFF,TGTGCCAGCAGTGACAACTATGCTGAGCAGTTCTTC,1824,1,None,None
TCATTACGTCTTGTCC-1,False,TCATTACGTCTTGTCC-1_contig_1,False,519,TRB,TRBV5,None,TRBJ2-2,None,True,True,CASSQDRHTGQLYF,TGTGCCAGCAGCCAAGATAGACACACCGGGCAGCTCTACTTT,1994,1,None,None
TCATTACGTGAAGGCT-1,False,TCATTACGTGAAGGCT-1_contig_1,False,558,TRA,TRAV19,None,TRAJ39,TRAC,True,True,CAAGGNNAGAKLTF,TGCGCAGCAGGTGGGAATAATGCAGGTGCCAAGCTCACATTC,702,1,None,None
TCATTACGTGTTGAGG-1,False,TCATTACGTGTTGAGG-1_contig_1,False,555,TRA,TRAV3-3,None,TRAJ49,TRAC,True,True,CAVSGSTGYQNFYF,TGCGCAGTCAGTGGGAGCACGGGTTACCAGAACTTCTATTTT,5898,3,None,None
TCATTACGTGTTGAGG-1,False,TCATTACGTGTTGAGG-1_contig_2,False,562,TRB,TRBV12-2+TRBV13-2,None,TRBJ2-7,None,True,True,CASGVQGWEQYF,TGTGCCAGCGGTGTACAGGGGTGGGAACAGTACTTC,1234,1,None,None
TCATTACGTGTTGAGG-1,False,TCATTACGTGTTGAGG-1_contig_3,True,591,TRA,TRAV6D-5,None,TRAJ38,TRAC,True,False,CTTVFWDNVGDNSKLIW,TGTACTACTGTGTTCTGGGATAATGTTGGTGACAACAGTAAGCTGATTTGG,3008,1,None,None
TCATTACGTTGTGGCC-1,False,TCATTACGTTGTGGCC-1_contig_1,False,530,TRB,TRBV13-2,None,TRBJ1-2,TRBC1,True,True,CASGGGTGNSDYTF,TGTGCCAGCGGTGGGGGGACAGGGAACTCCGACTACACCTTC,1308,2,None,None
TCATTACTCGGAGCAA-1,False,TCATTACTCGGAGCAA-1_contig_1,False,561,TRB,TRBV12-2+TRBV13-2,None,TRBJ2-7,None,True,True,CASGVQGWEQYF,TGTGCCAGCGGTGTACAGGGGTGGGAACAGTACTTC,1070,1,None,None
TCATTACTCGGCTTGG-1,False,TCATTACTCGGCTTGG-1_contig_1,False,560,TRB,TRBV12-2+TRBV13-2,None,TRBJ2-7,None,True,True,CASGVQGEQYF,TGTGCCAGCGGTGTTCAGGGAGAACAGTACTTC,3836,1,None,None
TCATTACTCTTTAGGG-1,False,TCATTACTCTTTAGGG-1_contig_1,False,525,TRB,TRBV17,None,TRBJ2-5,None,True,True,CASSRKGSQDTQYF,TGTGCTAGCAGTAGAAAGGGTTCTCAAGACACCCAGTACTTT,1676,1,None,None
TCATTACTCTTTAGGG-1,False,TCATTACTCTTTAGGG-1_contig_2,False,443,TRB,None,None,TRBJ1-6,TRBC1,False,False,None,None,2158,1,None,None
TCATTTGAGAGTACAT-1,False,TCATTTGAGAGTACAT-1_contig_1,False,566,TRA,TRAV3-3,None,TRAJ49,TRAC,True,True,CAVSGATGYQNFYF,TGCGCAGTCAGTGGGGCCACGGGTTACCAGAACTTCTATTTT,1142,1,None,None
TCATTTGAGGACGAAA-1,False,TCATTTGAGGACGAAA-1_contig_1,False,549,TRB,TRBV16,None,TRBJ2-5,None,True,True,CASSLGGGQDTQYF,TGTGCAAGCAGCTTAGGGGGGGGCCAAGACACCCAGTACTTT,1024,1,None,None
TCATTTGAGGGATACC-1,False,TCATTTGAGGGATACC-1_contig_1,False,556,TRA,TRAV19,None,TRAJ39,TRAC,True,True,CAAGGNNAGAKLTF,TGCGCAGCAGGTGGGAATAATGCAGGTGCCAAGCTCACATTC,1962,1,None,None
TCATTTGAGTAAGTAC-1,False,TCATTTGAGTAAGTAC-1_contig_1,False,555,TRA,TRAV3-3,None,TRAJ49,TRAC,True,True,CAVSGATGYQNFYF,TGCGCAGTCAGTGGGGCCACGGGTTACCAGAACTTCTATTTT,2078,1,None,None
TCATTTGCACAGGTTT-1,False,TCATTTGCACAGGTTT-1_contig_1,False,503,TRB,TRBV13-1,None,TRBJ2-3,None,True,True,CASGDSAETLYF,TGTGCCAGCGGGGACAGTGCAGAAACGCTGTATTTT,1644,1,None,None
TCATTTGCACTGAAGG-1,False,TCATTTGCACTGAAGG-1_contig_1,False,549,TRB,TRBV16,None,TRBJ2-7,None,True,True,CASSFGGGADEQYF,TGTGCAAGCAGCTTTGGTGGGGGGGCGGATGAACAGTACTTC,1770,1,None,None
TCATTTGCAGCATGAG-1,False,TCATTTGCAGCATGAG-1_contig_1,False,582,TRB,TRBV12-2+TRBV13-2,None,TRBJ1-5,TRBC1,True,True,CASGTGDNQAPLF,TGTGCCAGCGGGACCGGGGACAACCAGGCTCCGCTTTTT,1288,1,None,None
TCATTTGCAGGGTACA-1,False,TCATTTGCAGGGTACA-1_contig_1,False,549,TRA,TRAV8N-2,None,TRAJ13,TRAC,True,True,CATEDSGTYQRF,TGTGCTACTGAGGATTCTGGGACTTACCAGAGGTTT,1468,1,None,None
TCATTTGCATATACGC-1,False,TCATTTGCATATACGC-1_contig_1,False,568,TRB,TRBV12-2+TRBV13-2,None,TRBJ1-2,TRBC1,True,True,CASGGGTGNSDYTF,TGTGCCAGCGGTGGGGGGACAGGGAACTCCGACTACACCTTC,292,2,None,None
TCATTTGCATGTCTCC-1,False,TCATTTGCATGTCTCC-1_contig_1,False,553,TRA,TRAV8-1,None,TRAJ30,TRAC,True,True,CATDTNAYKVIF,TGTGCTACTGACACAAATGCTTACAAAGTCATCTTT,1418,1,None,None
TCATTTGCATGTCTCC-1,False,TCATTTGCATGTCTCC-1_contig_2,False,549,TRA,TRAV8N-2,None,TRAJ13,TRAC,True,True,CATEDSGTYQRF,TGTGCTACTGAGGATTCTGGGACTTACCAGAGGTTT,2216,1,None,None
TCATTTGGTCGGCATC-1,False,TCATTTGGTCGGCATC-1_contig_1,False,565,TRB,TRBV12-2+TRBV13-2,None,TRBJ1-5,TRBC1,True,True,CASGTGDNQAPLF,TGTGCCAGCGGTACAGGGGATAACCAGGCTCCGCTTTTT,1424,1,None,None
TCATTTGGTCTAGCGC-1,False,TCATTTGGTCTAGCGC-1_contig_1,False,564,TRB,TRBV12-2+TRBV13-2,None,TRBJ1-5,TRBC1,True,True,CASGTGDNQAPLF,TGTGCCAGCGGGACAGGGGACAACCAGGCTCCGCTTTTT,1124,1,None,None
TCATTTGGTCTCTCGT-1,False,TCATTTGGTCTCTCGT-1_contig_1,False,596,TRB,TRBV12-2+TRBV13-2,None,TRBJ2-7,None,True,True,CASGTGGDYEQYF,TGTGCCAGCGGGACTGGGGGGGACTATGAACAGTACTTC,594,1,None,None
TCATTTGGTGAAGGCT-1,False,TCATTTGGTGAAGGCT-1_contig_1,False,518,TRB,TRBV13-1,None,TRBJ2-3,None,True,True,CASGDSAETLYF,TGTGCCAGCGGGGACAGTGCAGAAACGCTGTATTTT,1508,1,None,None
TCATTTGGTTGTTTGG-1,False,TCATTTGGTTGTTTGG-1_contig_1,False,652,TRA,TRAV14N-3,None,TRAJ6,TRAC,True,True,CAARTSGGNYKPTF,TGTGCAGCAAGAACCTCAGGAGGAAACTACAAACCTACGTTT,1938,1,None,None
TCATTTGGTTGTTTGG-1,False,TCATTTGGTTGTTTGG-1_contig_2,False,508,TRB,TRBV13-1,None,TRBJ2-7,None,True,True,CASGTGGDYEQYF,TGTGCCAGCGGGACTGGGGGGGACTATGAACAGTACTTC,2206,2,None,None
TCATTTGGTTGTTTGG-1,False,TCATTTGGTTGTTTGG-1_contig_3,True,541,TRA,TRAV16D-DV11,None,TRAJ22,TRAC,True,False,CAMRASSGSWQLIF,TGTGCTATGAGGGCATCTTCTGGCAGCTGGCAACTCATCTTT,654,1,None,None
TCATTTGTCAGTCCCT-1,False,TCATTTGTCAGTCCCT-1_contig_1,False,522,TRA,TRAV7D-2,None,TRAJ6,TRAC,True,True,CAAPTSGGNYKPTF,TGTGCAGCCCCAACCTCAGGAGGAAACTACAAACCTACGTTT,2496,1,None,None
TCATTTGTCAGTCCCT-1,False,TCATTTGTCAGTCCCT-1_contig_2,False,566,TRA,TRAV3-3,None,TRAJ49,TRAC,True,True,CAVSGSTGYQNFYF,TGCGCAGTCAGTGGGAGCACGGGTTACCAGAACTTCTATTTT,2588,1,None,None
TCATTTGTCAGTCCCT-1,False,TCATTTGTCAGTCCCT-1_contig_3,False,578,TRB,TRBV12-2+TRBV13-2,None,TRBJ2-7,None,True,True,CASGEGQNYEQYF,TGTGCCAGCGGTGAGGGACAGAATTATGAACAGTACTTC,2622,4,None,None
TCATTTGTCCCTCTTT-1,False,TCATTTGTCCCTCTTT-1_contig_1,False,566,TRB,TRBV12-2+TRBV13-2,None,TRBJ1-2,TRBC1,True,True,CASGGGTGNSDYTF,TGTGCCAGCGGTGGGGGGACAGGGAACTCCGACTACACCTTC,1092,1,None,None
TCATTTGTCGGGAGTA-1,False,TCATTTGTCGGGAGTA-1_contig_1,False,561,TRB,TRBV12-2+TRBV13-2,None,TRBJ1-3,TRBC1,True,True,CASGDGGTLYF,TGTGCCAGCGGTGATGGGGGGACGCTCTATTTT,1344,1,None,None
TCATTTGTCTGCCAGG-1,False,TCATTTGTCTGCCAGG-1_contig_1,False,549,TRB,TRBV16,None,TRBJ1-2,TRBC1,True,True,CASSSGTGNSDYTF,TGTGCAAGCAGCTCCGGGACAGGGAACTCCGACTACACCTTC,766,1,None,None
TCATTTGTCTTGGGTA-1,False,TCATTTGTCTTGGGTA-1_contig_1,False,433,TRA,None,None,TRAJ41,TRAC,False,False,None,None,1682,1,None,None
TCCACACAGAACAATC-1,False,TCCACACAGAACAATC-1_contig_1,False,527,TRB,TRBV13-1,None,TRBJ2-4,None,True,False,CASSEGTNTLYF,TGTGCCAGCAGTGAAGGAACAAACACCTTGTACTTT,454,1,None,None
TCCACACAGACGCACA-1,False,TCCACACAGACGCACA-1_contig_1,False,567,TRB,TRBV12-2+TRBV13-2,None,TRBJ1-2,TRBC1,True,True,CASGGGTGNSDYTF,TGTGCCAGCGGTGGGGGGACAGGGAACTCCGACTACACCTTC,1222,1,None,None
TCCACACAGCAATATG-1,False,TCCACACAGCAATATG-1_contig_1,False,475,TRB,TRBV13-1,None,TRBJ2-3,None,True,False,CASGDSAETLYF,TGTGCCAGCGGGGACAGTGCAGAAACGCTGTATTTT,644,1,None,None
TCCACACAGCGTTCCG-1,False,TCCACACAGCGTTCCG-1_contig_1,False,529,TRA,TRAV11,None,TRAJ18,TRAC,True,True,CVVGDRGSALGRLHF,TGTGTGGTGGGAGATAGAGGTTCAGCCTTAGGGAGGCTGCATTTT,2168,1,None,None
TCCACACAGGACCACA-1,False,TCCACACAGGACCACA-1_contig_1,False,564,TRB,TRBV12-2+TRBV13-2,None,TRBJ2-7,None,True,True,CASGTGGDYEQYF,TGTGCCAGCGGGACTGGGGGGGACTATGAACAGTACTTC,1702,1,None,None
TCCACACAGGCAATTA-1,False,TCCACACAGGCAATTA-1_contig_1,False,601,TRB,TRBV12-2+TRBV13-2,None,TRBJ2-7,None,True,True,CASGVQGWEQYF,TGTGCCAGCGGTGTACAGGGGTGGGAACAGTACTTC,1496,1,None,None
TCCACACAGTGACATA-1,False,TCCACACAGTGACATA-1_contig_1,False,452,TRB,None,None,TRBJ1-6,TRBC1,False,False,None,None,2286,1,None,None
TCCACACCAAAGCAAT-1,False,TCCACACCAAAGCAAT-1_contig_1,False,549,TRB,TRBV16,None,TRBJ2-5,None,True,True,CASSPGGRGDTQYF,TGTGCAAGCAGCCCGGGGGGGCGCGGGGACACCCAGTACTTT,1062,2,None,None
TCCACACCATGTCTCC-1,False,TCCACACCATGTCTCC-1_contig_1,False,549,TRB,TRBV16,None,TRBJ2-5,None,True,True,CASSWGGGQDTQYF,TGTGCAAGCAGCTGGGGGGGCGGGCAAGACACCCAGTACTTT,696,1,None,None
TCCACACGTAAAGTCA-1,False,TCCACACGTAAAGTCA-1_contig_1,False,646,TRB,None,None,TRBJ2-7,None,False,False,None,None,1340,1,None,None
TCCACACGTAGAGCTG-1,False,TCCACACGTAGAGCTG-1_contig_1,False,544,TRA,TRAV8D-1,None,TRAJ12,TRAC,True,True,CATDGTGGYKVVF,TGTGCTACTGACGGGACTGGAGGCTATAAAGTGGTCTTT,1576,1,None,None
TCCACACGTAGAGCTG-1,False,TCCACACGTAGAGCTG-1_contig_2,False,527,TRB,TRBV15,None,TRBJ1-3,TRBC1,True,True,CASSLNRGSSGNTLYF,TGTGCCAGCAGTTTAAACAGGGGGAGTTCTGGAAATACGCTCTATTTT,2046,1,None,None
TCCACACGTATAGGTA-1,False,TCCACACGTATAGGTA-1_contig_1,False,554,TRB,TRBV12-1,None,TRBJ2-4,None,True,True,CASSEGTNTLYF,TGTGCCAGCAGTGAAGGAACAAACACCTTGTACTTT,1752,1,None,None
TCCACACGTGTGAAAT-1,False,TCCACACGTGTGAAAT-1_contig_1,False,556,TRA,TRAV19,None,TRAJ39,TRAC,True,True,CAAGGNNAGAKLTF,TGCGCAGCAGGTGGGAATAATGCAGGTGCCAAGCTCACATTC,8042,5,None,None
TCCACACGTGTGAAAT-1,False,TCCACACGTGTGAAAT-1_contig_2,False,562,TRB,TRBV12-2+TRBV13-2,None,TRBJ2-5,None,True,True,CASGVQGDTQYF,TGTGCCAGCGGTGTTCAGGGGGACACCCAGTACTTT,1494,2,None,None
TCCACACGTGTGAAAT-1,False,TCCACACGTGTGAAAT-1_contig_3,False,568,TRB,TRBV12-2+TRBV13-2,None,TRBJ1-2,TRBC1,True,True,CASGGGTGNSDYTF,TGTGCCAGCGGTGGGGGGACAGGGAACTCCGACTACACCTTC,1180,1,None,None
TCCACACTCAACACCA-1,False,TCCACACTCAACACCA-1_contig_1,False,549,TRB,TRBV16,None,TRBJ2-7,None,True,True,CASSFGGGADEQYF,TGTGCAAGCAGCTTTGGTGGGGGGGCGGATGAACAGTACTTC,2114,1,None,None
TCCACACTCCGCGTTT-1,False,TCCACACTCCGCGTTT-1_contig_1,False,525,TRA,TRAV13-4-DV7,None,TRAJ58,TRAC,True,False,CAPMQQGTGSKLSF,TGTGCTCCTATGCAGCAAGGCACTGGGTCTAAGCTGTCATTT,1522,1,None,None
TCCACACTCTTGCAAG-1,False,TCCACACTCTTGCAAG-1_contig_1,False,553,TRA,TRAV8-1,None,TRAJ39,TRAC,True,True,CATDANNAGAKLTF,TGTGCTACTGATGCTAATAATGCAGGTGCCAAGCTCACATTC,6178,7,None,None
TCCACACTCTTGCAAG-1,False,TCCACACTCTTGCAAG-1_contig_2,False,560,TRB,TRBV12-2+TRBV13-2,None,TRBJ2-1,None,True,True,CASGGGGAEQFF,TGTGCCAGCGGCGGGGGGGGGGCTGAGCAGTTCTTC,25660,45,None,None
TCCACACTCTTGCAAG-1,False,TCCACACTCTTGCAAG-1_contig_3,False,538,TRA,TRAV8-1,None,TRAJ30,TRAC,True,True,CASDTNAYKVIF,TGTGCTTCTGACACAAATGCTTACAAAGTCATCTTT,1252,3,None,None
TCCACACTCTTGCAAG-1,False,TCCACACTCTTGCAAG-1_contig_4,False,511,TRB,TRBV13-1,None,TRBJ2-1,None,True,True,CASSDRGWYAEQFF,TGTGCCAGCAGTGACAGGGGGTGGTATGCTGAGCAGTTCTTC,20128,31,None,None
TCCACACTCTTGCAAG-1,False,TCCACACTCTTGCAAG-1_contig_5,False,591,TRA,TRAV7D-4,None,TRAJ31,TRAC,True,True,CAASEDSNNRIFF,TGTGCAGCTAGTGAGGATAGCAATAACAGAATCTTCTTT,3636,5,None,None
TCCACACTCTTGCAAG-1,False,TCCACACTCTTGCAAG-1_contig_6,False,562,TRB,TRBV12-2+TRBV13-2,None,TRBJ1-5,TRBC1,True,True,CASGTGDNQAPLF,TGTGCCAGCGGGACAGGGGACAACCAGGCTCCGCTTTTT,2120,5,None,None
TCCACACTCTTGCAAG-1,False,TCCACACTCTTGCAAG-1_contig_7,False,563,TRB,TRBV12-2+TRBV13-2,None,TRBJ2-7,None,True,True,CASGTGGDYEQYF,TGTGCCAGCGGGACTGGGGGGGACTATGAACAGTACTTC,3856,3,None,None
TCCACACTCTTGCAAG-1,False,TCCACACTCTTGCAAG-1_contig_8,False,531,TRB,TRBV15,None,TRBJ1-6,TRBC1,True,False,CVPAVPGTGGSYNSPLYF,TGTGTGCCAGCAGTTCCCGGGACAGGGGGGTCCTATAATTCGCCCCTCTACTTT,8524,11,None,None
TCCACACTCTTGCAAG-1,False,TCCACACTCTTGCAAG-1_contig_9,False,445,TRA,TRAV4-3,None,TRAJ32,TRAC,True,False,None,None,1604,1,None,None
TCCACACTCTTGCATT-1,False,TCCACACTCTTGCATT-1_contig_1,False,554,TRB,TRBV12-2+TRBV13-2,None,TRBJ2-1,None,True,True,CASGGGGAEQFF,TGTGCCAGCGGCGGGGGGGGGGCTGAGCAGTTCTTC,732,1,None,None
TCCCGATAGGAGTCTG-1,False,TCCCGATAGGAGTCTG-1_contig_1,False,549,TRB,TRBV16,None,TRBJ2-7,None,True,True,CASSFGGGADEQYF,TGTGCAAGCAGCTTTGGTGGGGGGGCGGATGAACAGTACTTC,2486,1,None,None
TCCCGATAGTCCATAC-1,False,TCCCGATAGTCCATAC-1_contig_1,False,561,TRB,TRBV12-2+TRBV13-2,None,TRBJ2-7,None,True,True,CASGVQGGEQYF,TGTGCCAGCGGTGTGCAGGGGGGAGAACAGTACTTC,1560,1,None,None
TCCCGATAGTGTACCT-1,False,TCCCGATAGTGTACCT-1_contig_1,False,501,TRB,TRBV13-1,None,TRBJ2-7,None,True,True,CASSAPYEQYF,TGTGCCAGCAGTGCACCGTATGAACAGTACTTC,1344,1,None,None
TCCCGATAGTGTACCT-1,False,TCCCGATAGTGTACCT-1_contig_2,False,636,TRB,TRBV12-2+TRBV13-2,None,TRBJ1-5,TRBC1,True,True,CASGTGDNQAPLF,TGTGCCAGCGGGACAGGGGACAACCAGGCTCCGCTTTTT,1388,1,None,None
TCCCGATCACGGCGTT-1,False,TCCCGATCACGGCGTT-1_contig_1,False,561,TRB,TRBV12-2+TRBV13-2,None,TRBJ2-7,None,True,True,CASGVQGWEQYF,TGTGCCAGCGGTGTACAGGGGTGGGAACAGTACTTC,1644,1,None,None
TCCCGATCAGCTGTTA-1,False,TCCCGATCAGCTGTTA-1_contig_1,False,564,TRB,TRBV12-2+TRBV13-2,None,TRBJ2-7,None,True,True,CASGVQGGEQYF,TGTGCCAGCGGTGTGCAGGGGGGAGAACAGTACTTC,1010,1,None,None
TCCCGATCAGGGTACA-1,False,TCCCGATCAGGGTACA-1_contig_1,False,549,TRB,TRBV16,None,TRBJ2-5,None,True,True,CASSLGGGQDTQYF,TGTGCAAGCAGCTTAGGGGGGGGGCAAGACACCCAGTACTTT,610,1,None,None
TCCCGATCAGGGTACA-1,False,TCCCGATCAGGGTACA-1_contig_2,False,536,TRA,TRAV19,None,TRAJ39,TRAC,True,True,CAAGGNNAGAKLTF,TGCGCAGCAGGTGGGAATAATGCAGGTGCCAAGCTCACATTC,2024,1,None,None
TCCCGATCAGGGTACA-1,False,TCCCGATCAGGGTACA-1_contig_3,False,555,TRA,TRAV3-3,None,TRAJ49,TRAC,True,True,CAVSGATGYQNFYF,TGCGCAGTCAGTGGGGCCACGGGTTACCAGAACTTCTATTTT,1842,1,None,None
TCCCGATCAGGGTACA-1,False,TCCCGATCAGGGTACA-1_contig_4,False,556,TRB,TRBV12-2+TRBV13-2,None,TRBJ1-2,TRBC1,True,True,CASGGGTGNSDYTF,TGTGCCAGCGGTGGGGGGACAGGGAACTCCGACTACACCTTC,142,1,None,None
TCCCGATGTCCAGTGC-1,False,TCCCGATGTCCAGTGC-1_contig_1,False,512,TRB,TRBV13-1,None,TRBJ2-3,None,True,True,CASGDSAETLYF,TGTGCCAGCGGGGACAGTGCAGAAACGCTGTATTTT,2118,1,None,None
TCCCGATGTCCGTGAC-1,False,TCCCGATGTCCGTGAC-1_contig_1,False,557,TRB,TRBV12-2+TRBV13-2,None,TRBJ2-7,None,True,True,CASGVQGGEQYF,TGTGCCAGCGGTGTGCAGGGGGGAGAACAGTACTTC,1342,1,None,None
TCCCGATGTCTCCATC-1,False,TCCCGATGTCTCCATC-1_contig_1,False,558,TRA,TRAV4D-3,None,TRAJ27,TRAC,True,True,CAADGPNTGKLTF,TGTGCTGCGGACGGACCCAATACAGGCAAATTAACCTTT,2104,1,None,None
TCCCGATGTGACAAAT-1,False,TCCCGATGTGACAAAT-1_contig_1,False,522,TRB,TRBV26,None,TRBJ2-1,None,True,False,CASSLHKFYAEQFF,TGTGCCAGCAGTCTGCACAAATTCTATGCTGAGCAGTTCTTC,662,1,None,None
TCCCGATGTTAAAGTG-1,False,TCCCGATGTTAAAGTG-1_contig_1,False,512,TRB,TRBV13-1,None,TRBJ2-3,None,True,True,CASGDSAETLYF,TGTGCCAGCGGGGACAGTGCAGAAACGCTGTATTTT,2866,2,None,None
TCCCGATGTTATGTGC-1,False,TCCCGATGTTATGTGC-1_contig_1,False,686,TRB,None,None,TRBJ2-7,None,False,False,None,None,1248,1,None,None
TCCCGATTCAGCGACC-1,False,TCCCGATTCAGCGACC-1_contig_1,False,559,TRB,TRBV12-2+TRBV13-2,None,TRBJ2-1,None,True,True,CASGGYAEQFF,TGTGCCAGCGGGGGCTATGCTGAGCAGTTCTTC,1326,1,None,None
TCCCGATTCATCACCC-1,False,TCCCGATTCATCACCC-1_contig_1,False,547,TRA,TRAV8-1,None,TRAJ30,TRAC,True,True,CATDTNAYKVIF,TGTGCTACTGACACAAATGCTTACAAAGTCATCTTT,1270,1,None,None
TCCCGATTCTTGACGA-1,False,TCCCGATTCTTGACGA-1_contig_1,False,635,TRB,TRBV12-2+TRBV13-2,None,TRBJ1-5,TRBC1,True,True,CASGTGDNQAPLF,TGTGCCAGCGGGACAGGGGACAACCAGGCTCCGCTTTTT,458,1,None,None
TCCCGATTCTTTAGGG-1,False,TCCCGATTCTTTAGGG-1_contig_1,False,372,TRB,None,None,TRBJ1-4,TRBC1,False,False,None,None,1904,1,None,None
TCGAGGCAGACACTAA-1,False,TCGAGGCAGACACTAA-1_contig_1,True,593,TRA,TRAV19,None,TRAJ39,TRAC,True,True,CAAGGNNAGAKLTF,TGCGCAGCAGGTGGGAATAATGCAGGTGCCAAGCTCACATTC,1734,2,None,None
TCGAGGCAGACACTAA-1,False,TCGAGGCAGACACTAA-1_contig_2,True,495,TRA,TRAV7-5,None,TRAJ45,TRAC,True,False,CSDTEGADRLTF,TGCAGTGATACAGAAGGTGCAGATAGACTCACCTTT,1056,2,None,None
TCGAGGCAGAGGTACC-1,False,TCGAGGCAGAGGTACC-1_contig_1,False,549,TRB,TRBV16,None,TRBJ2-5,None,True,True,CASSLGGGQDTQYF,TGTGCAAGCAGCTTAGGGGGGGGCCAAGACACCCAGTACTTT,1486,1,None,None
TCGAGGCAGCGCTCCA-1,False,TCGAGGCAGCGCTCCA-1_contig_1,False,569,TRB,TRBV12-2+TRBV13-2,None,TRBJ1-2,TRBC1,True,True,CASGGGTGNSDYTF,TGTGCCAGCGGTGGGGGGACAGGGAACTCCGACTACACCTTC,900,1,None,None
TCGAGGCAGGACAGCT-1,False,TCGAGGCAGGACAGCT-1_contig_1,False,525,TRB,TRBV17,None,TRBJ2-5,None,True,True,CASSRKGVQDTQYF,TGTGCTAGCAGTAGAAAGGGGGTCCAAGACACCCAGTACTTT,2700,3,None,None
TCGAGGCAGGCACATG-1,False,TCGAGGCAGGCACATG-1_contig_1,False,560,TRB,TRBV12-2+TRBV13-2,None,TRBJ1-2,TRBC1,True,True,CASGGGTGNSDYTF,TGTGCCAGCGGTGGGGGGACAGGGAACTCCGACTACACCTTC,1156,1,None,None
TCGAGGCAGGTGATTA-1,False,TCGAGGCAGGTGATTA-1_contig_1,False,521,TRA,TRAV8-1,None,TRAJ30,TRAC,True,True,CATDTNAYKVIF,TGTGCTACTGACACAAATGCTTACAAAGTCATCTTT,1914,1,None,None
TCGAGGCCAAGCCTAT-1,False,TCGAGGCCAAGCCTAT-1_contig_1,False,565,TRB,TRBV12-2+TRBV13-2,None,TRBJ2-7,None,True,True,CASGVQGGEQYF,TGTGCCAGCGGTGTGCAGGGGGGAGAACAGTACTTC,1330,1,None,None
TCGAGGCCAAGGCTCC-1,False,TCGAGGCCAAGGCTCC-1_contig_1,False,352,TRB,TRBV13-2,None,TRBJ2-7,None,True,False,CASGVQGGEQYF,TGTGCCAGCGGTGTGCAGGGGGGAGAACAGTACTTC,1518,1,None,None
TCGAGGCCAGCAGTTT-1,False,TCGAGGCCAGCAGTTT-1_contig_1,False,566,TRB,TRBV12-2+TRBV13-2,None,TRBJ1-5,TRBC1,True,True,CASGTGDNQAPLF,TGTGCCAGCGGTACCGGGGACAACCAGGCTCCGCTTTTT,1524,1,None,None
TCGAGGCCAGCATACT-1,False,TCGAGGCCAGCATACT-1_contig_1,False,565,TRB,TRBV13-2,None,TRBJ1-2,TRBC1,True,True,CASGGGTGNSDYTF,TGTGCCAGCGGTGGGGGGACAGGGAACTCCGACTACACCTTC,2368,2,None,None
TCGAGGCCATCACGTA-1,False,TCGAGGCCATCACGTA-1_contig_1,False,672,TRB,TRBV13-2,None,TRBJ1-2,TRBC1,True,True,CASGGGTGNSDYTF,TGTGCCAGCGGTGGGGGGACAGGGAACTCCGACTACACCTTC,862,1,None,None
TCGAGGCGTAAGCACG-1,False,TCGAGGCGTAAGCACG-1_contig_1,False,560,TRB,TRBV12-2,None,TRBJ2-5,None,True,True,CASSLQGVQDTQYF,TGTGCCAGCTCTCTCCAGGGGGTCCAAGACACCCAGTACTTT,412,1,None,None
TCGAGGCGTACAGTGG-1,False,TCGAGGCGTACAGTGG-1_contig_1,False,541,TRA,TRAV8D-1,None,TRAJ30,TRAC,True,True,CATDTNAYKVIF,TGTGCTACTGACACAAATGCTTACAAAGTCATCTTT,2354,1,None,None
TCGAGGCGTACTCGCG-1,False,TCGAGGCGTACTCGCG-1_contig_1,False,536,TRA,TRAV19,None,TRAJ39,TRAC,True,True,CAAGGNNAGAKLTF,TGCGCAGCAGGTGGGAATAATGCAGGTGCCAAGCTCACATTC,480,1,None,None
TCGAGGCGTCATGCAT-1,False,TCGAGGCGTCATGCAT-1_contig_1,False,576,TRB,TRBV13-2,None,TRBJ2-3,None,True,True,CASGDAPPGEGTLYF,TGTGCCAGCGGTGATGCACCTCCAGGGGAGGGAACGCTGTATTTT,1412,1,None,None
TCGAGGCGTCCATGAT-1,False,TCGAGGCGTCCATGAT-1_contig_1,False,535,TRB,TRBV16,None,TRBJ2-5,None,True,True,CASSLGGGQDTQYF,TGTGCAAGCAGCTTAGGGGGGGGCCAAGACACCCAGTACTTT,526,1,None,None
TCGAGGCGTGAACCTT-1,False,TCGAGGCGTGAACCTT-1_contig_1,False,505,TRB,TRBV13-1,None,TRBJ2-4,None,True,True,CASSEGTNTLYF,TGTGCCAGCAGTGAAGGAACAAACACCTTGTACTTT,1384,1,None,None
TCGAGGCGTTCCTCCA-1,False,TCGAGGCGTTCCTCCA-1_contig_1,False,560,TRA,TRAV14-2,None,TRAJ49,TRAC,True,True,CAAQGYQNFYF,TGTGCAGCACAGGGTTACCAGAACTTCTATTTT,494,1,None,None
TCGAGGCTCACCATAG-1,False,TCGAGGCTCACCATAG-1_contig_1,False,569,TRB,TRBV12-2+TRBV13-2,None,TRBJ1-2,TRBC1,True,True,CASGGGTGNSDYTF,TGTGCCAGCGGTGGGGGGACAGGGAACTCCGACTACACCTTC,1464,1,None,None
TCGAGGCTCGGCATCG-1,False,TCGAGGCTCGGCATCG-1_contig_1,False,570,TRA,TRAV14N-3,None,TRAJ6,TRAC,True,True,CAARTSGGNYKPTF,TGTGCAGCAAGAACCTCAGGAGGAAACTACAAACCTACGTTT,1800,1,None,None
TCGAGGCTCTGTCTAT-1,False,TCGAGGCTCTGTCTAT-1_contig_1,False,553,TRB,TRBV12-2+TRBV13-2,None,TRBJ1-2,None,True,True,CASGGGTGNSDYTF,TGTGCCAGCGGTGGGGGGACAGGGAACTCCGACTACACCTTC,1046,1,None,None
TCGCGAGAGATAGCAT-1,False,TCGCGAGAGATAGCAT-1_contig_1,False,568,TRB,TRBV12-2+TRBV13-2,None,TRBJ1-2,TRBC1,True,True,CASGGGTGNSDYTF,TGTGCCAGCGGTGGGGGGACAGGGAACTCCGACTACACCTTC,1154,1,None,None
TCGCGAGAGATATGCA-1,False,TCGCGAGAGATATGCA-1_contig_1,False,491,TRA,TRAV3-3,None,TRAJ49,None,True,True,CAVSGSTGYQNFYF,TGCGCAGTCAGTGGGAGCACGGGTTACCAGAACTTCTATTTT,1328,1,None,None
TCGCGAGAGATATGCA-1,False,TCGCGAGAGATATGCA-1_contig_2,True,539,TRA,TRAV6D-5,None,TRAJ38,TRAC,True,False,CTTVFWDNVGDNSKLIW,TGTACTACTGTGTTCTGGGATAATGTTGGTGACAACAGTAAGCTGATTTGG,3852,2,None,None
TCGCGAGAGCGATATA-1,False,TCGCGAGAGCGATATA-1_contig_1,False,567,TRB,TRBV12-2+TRBV13-2,None,TRBJ1-2,TRBC1,True,True,CASGGGTGNSDYTF,TGTGCCAGCGGTGGGGGGACAGGGAACTCCGACTACACCTTC,1068,1,None,None
TCGCGAGAGCTTTGGT-1,False,TCGCGAGAGCTTTGGT-1_contig_1,False,418,TRA,TRAV7-5,None,TRAJ45,TRAC,True,False,CSDTEGADRLTF,TGCAGTGATACAGAAGGTGCAGATAGACTCACCTTT,3076,1,None,None
TCGCGAGAGTGACTCT-1,False,TCGCGAGAGTGACTCT-1_contig_1,False,597,TRA,TRAV5-4,None,TRAJ57,TRAC,True,True,CAAHLQGGSAKLIF,TGTGCTGCACACTTGCAAGGAGGGTCTGCGAAGCTCATCTTT,2510,1,None,None
TCGCGAGAGTGACTCT-1,False,TCGCGAGAGTGACTCT-1_contig_2,False,512,TRB,TRBV13-1,None,TRBJ2-3,None,True,True,CASGDSAETLYF,TGTGCCAGCGGGGACAGTGCAGAAACGCTGTATTTT,1566,1,None,None
TCGCGAGAGTGCTGCC-1,False,TCGCGAGAGTGCTGCC-1_contig_1,False,549,TRB,TRBV16,None,TRBJ2-7,None,True,True,CASSFGGGADEQYF,TGTGCAAGCAGCTTTGGTGGGGGGGCGGATGAACAGTACTTC,1466,1,None,None
TCGCGAGAGTGGAGAA-1,False,TCGCGAGAGTGGAGAA-1_contig_1,False,503,TRB,TRBV13-1,None,TRBJ2-3,None,True,True,CASGDSAETLYF,TGTGCCAGCGGGGACAGTGCAGAAACGCTGTATTTT,1072,1,None,None
TCGCGAGAGTGGAGAA-1,False,TCGCGAGAGTGGAGAA-1_contig_2,False,561,TRB,TRBV12-2+TRBV13-2,None,TRBJ2-7,None,True,True,CASGTGGDYEQYF,TGTGCCAGCGGGACTGGGGGGGATTATGAACAGTACTTC,1546,1,None,None
TCGCGAGGTAGGACAC-1,False,TCGCGAGGTAGGACAC-1_contig_1,False,671,TRA,TRAV3-1,None,TRAJ34,TRAC,True,False,CAALLFQ,TGCGCAGCCCTTCTCTTCCAA,1988,1,None,None
TCGCGAGGTCATCGGC-1,False,TCGCGAGGTCATCGGC-1_contig_1,True,564,TRA,TRAV3-4,None,TRAJ49,TRAC,True,True,CAVRGGYQNFYF,TGCGCAGTCAGGGGGGGTTACCAGAACTTCTATTTT,4676,3,None,None
TCGCGAGGTCATCGGC-1,False,TCGCGAGGTCATCGGC-1_contig_2,False,435,TRB,TRBV13-1,None,TRBJ1-4,TRBC1,True,True,CASGTGANERLFF,TGTGCCAGCGGGACAGGGGCCAACGAAAGATTATTTTTC,1352,1,None,None
TCGCGAGGTCATCGGC-1,False,TCGCGAGGTCATCGGC-1_contig_3,True,428,TRB,None,None,TRBJ2-1,None,False,False,None,None,2926,3,None,None
TCGCGAGGTGCAACGA-1,False,TCGCGAGGTGCAACGA-1_contig_1,False,549,TRB,TRBV16,None,TRBJ2-5,None,True,True,CASSLGGGQDTQYF,TGTGCAAGCAGCTTAGGGGGGGGCCAAGACACCCAGTACTTT,1000,1,None,None
TCGCGAGGTGCAGGTA-1,False,TCGCGAGGTGCAGGTA-1_contig_1,False,444,TRB,None,None,TRBJ1-6,TRBC1,False,False,None,None,1140,1,None,None
TCGCGAGGTGCATCTA-1,False,TCGCGAGGTGCATCTA-1_contig_1,False,567,TRA,TRAV3D-3,None,TRAJ28,TRAC,True,False,CTSAQSVRGTGSNRLTF,TGTACTTCTGCGCAGTCAGTGAGGGGCACTGGGAGTAACAGGCTCACTTTT,2050,1,None,None
TCGCGAGGTTGCCTCT-1,False,TCGCGAGGTTGCCTCT-1_contig_1,False,345,TRA,TRAV4D-3,None,TRAJ27,TRAC,True,False,CAADGPNTGKLTF,TGTGCTGCGGACGGACCCAATACAGGCAAATTAACCTTT,278,1,None,None
TCGCGAGTCAAGGTAA-1,False,TCGCGAGTCAAGGTAA-1_contig_1,False,561,TRB,TRBV12-2+TRBV13-2,None,TRBJ2-7,None,True,True,CASGVQGWEQYF,TGTGCCAGCGGTGTACAGGGGTGGGAACAGTACTTC,818,1,None,None
TCGCGAGTCGCTAGCG-1,False,TCGCGAGTCGCTAGCG-1_contig_1,False,505,TRB,TRBV13-1,None,TRBJ2-5,None,True,True,CASSDGDDTQYF,TGTGCCAGCAGTGACGGGGACGACACCCAGTACTTT,146,1,None,None
TCGCGAGTCTACCTGC-1,False,TCGCGAGTCTACCTGC-1_contig_1,False,536,TRA,TRAV8-1,None,TRAJ30,TRAC,True,True,CATDTNAYKVIF,TGTGCTACTGACACAAATGCTTACAAAGTCATCTTT,800,1,None,None
TCGCGAGTCTACCTGC-1,False,TCGCGAGTCTACCTGC-1_contig_2,False,629,TRB,TRBV12-2+TRBV13-2,None,TRBJ1-5,TRBC1,True,True,CASGTGDNQAPLF,TGTGCCAGCGGGACAGGGGACAACCAGGCTCCGCTTTTT,1272,1,None,None
TCGCGAGTCTTACCTA-1,False,TCGCGAGTCTTACCTA-1_contig_1,False,524,TRB,TRBV16,None,TRBJ2-5,None,True,True,CASSFGGGQDTQYF,TGTGCAAGCAGCTTTGGGGGGGGCCAAGACACCCAGTACTTT,682,1,None,None
TCGCGTTAGAATCTCC-1,False,TCGCGTTAGAATCTCC-1_contig_1,False,555,TRA,TRAV3-3,None,TRAJ49,TRAC,True,True,CAVSGSTGYQNFYF,TGCGCAGTCAGTGGGAGCACGGGTTACCAGAACTTCTATTTT,2552,2,None,None
TCGCGTTAGAATCTCC-1,False,TCGCGTTAGAATCTCC-1_contig_2,False,563,TRB,TRBV12-2+TRBV13-2,None,TRBJ2-7,None,True,True,CASGVQGWEQYF,TGTGCCAGCGGTGTACAGGGGTGGGAACAGTACTTC,1710,2,None,None
TCGCGTTAGGCTCATT-1,False,TCGCGTTAGGCTCATT-1_contig_1,False,547,TRA,TRAV3-3,None,TRAJ49,TRAC,True,True,CAVSGATGYQNFYF,TGCGCAGTCAGTGGGGCCACGGGTTACCAGAACTTCTATTTT,394,2,None,None
TCGCGTTAGTCGAGTG-1,False,TCGCGTTAGTCGAGTG-1_contig_1,False,549,TRB,TRBV16,None,TRBJ2-5,None,True,True,CASSLGGGQDTQYF,TGTGCAAGCAGCTTAGGGGGGGGCCAAGACACCCAGTACTTT,784,1,None,None
TCGCGTTAGTGGAGTC-1,False,TCGCGTTAGTGGAGTC-1_contig_1,False,525,TRB,TRBV17,None,TRBJ2-5,None,True,True,CASSRKGVQDTQYF,TGTGCTAGCAGTAGAAAGGGGGTCCAAGACACCCAGTACTTT,1670,1,None,None
TCGCGTTCACTTGGAT-1,False,TCGCGTTCACTTGGAT-1_contig_1,False,531,TRA,TRAV4D-3,None,TRAJ27,TRAC,True,True,CAADGPNTGKLTF,TGTGCTGCGGACGGACCCAATACAGGCAAATTAACCTTT,2446,1,None,None
TCGCGTTCAGCCAGAA-1,False,TCGCGTTCAGCCAGAA-1_contig_1,False,554,TRB,TRBV12-2+TRBV13-2,None,TRBJ2-4,None,True,True,CASGTGDTLYF,TGTGCCAGCGGTACGGGCGACACCTTGTACTTT,82,1,None,None
TCGCGTTCAGTCCTTC-1,False,TCGCGTTCAGTCCTTC-1_contig_1,False,429,TRB,TRBV13-2,None,TRBJ1-2,TRBC1,True,False,CASGGGTGNSDYTF,TGTGCCAGCGGTGGGGGGACAGGGAACTCCGACTACACCTTC,710,1,None,None
TCGCGTTGTAACGACG-1,False,TCGCGTTGTAACGACG-1_contig_1,False,565,TRB,TRBV12-2+TRBV13-2,None,TRBJ2-7,None,True,True,CASGTGGDYEQYF,TGTGCCAGCGGGACTGGGGGGGATTATGAACAGTACTTC,1046,1,None,None
TCGCGTTGTCCTCCAT-1,False,TCGCGTTGTCCTCCAT-1_contig_1,False,561,TRA,TRAV4D-3,None,TRAJ27,TRAC,True,True,CAADGPNTGKLTF,TGTGCTGCTGACGGGCCCAATACAGGCAAATTAACCTTT,1288,1,None,None
TCGCGTTGTGACCAAG-1,False,TCGCGTTGTGACCAAG-1_contig_1,False,556,TRB,TRBV12-2+TRBV13-2,None,TRBJ1-2,TRBC1,True,True,CASGGGTGNSDYTF,TGTGCCAGCGGTGGGGGGACAGGGAACTCCGACTACACCTTC,368,1,None,None
TCGCGTTGTTGGTTTG-1,False,TCGCGTTGTTGGTTTG-1_contig_1,False,556,TRB,TRBV12-2+TRBV13-2,None,TRBJ1-2,TRBC1,True,True,CASGGGTGNSDYTF,TGTGCCAGCGGTGGGGGGACAGGGAACTCCGACTACACCTTC,112,2,None,None
TCGCGTTTCAGGATCT-1,False,TCGCGTTTCAGGATCT-1_contig_1,False,565,TRB,TRBV12-2+TRBV13-2,None,TRBJ2-7,None,True,True,CASGTGGDYEQYF,TGTGCCAGCGGGACTGGGGGGGACTATGAACAGTACTTC,706,1,None,None
TCGCGTTTCCTTGGTC-1,False,TCGCGTTTCCTTGGTC-1_contig_1,False,558,TRB,TRBV12-2+TRBV13-2,None,TRBJ2-4,None,True,True,CASGTGDTLYF,TGTGCCAGCGGTACGGGCGACACCTTGTACTTT,1212,1,None,None
TCGCGTTTCGATGAGG-1,False,TCGCGTTTCGATGAGG-1_contig_1,False,612,TRB,TRBV20,None,TRBJ1-6,TRBC1,True,True,CADRSYNSPLYF,TGTGCCGACAGGTCCTATAATTCGCCCCTCTACTTT,944,1,None,None
TCGCGTTTCGATGAGG-1,False,TCGCGTTTCGATGAGG-1_contig_2,True,430,TRB,None,None,TRBJ2-1,None,False,False,None,None,2354,2,None,None
TCGCGTTTCTACTCAT-1,False,TCGCGTTTCTACTCAT-1_contig_1,False,519,TRA,TRAV19,None,TRAJ39,TRAC,True,True,CAAGGNNAGAKLTF,TGCGCAGCAGGTGGGAATAATGCAGGTGCCAAGCTCACATTC,2358,1,None,None
TCGCGTTTCTCAAACG-1,False,TCGCGTTTCTCAAACG-1_contig_1,False,604,TRB,TRBV13-1,None,TRBJ1-4,TRBC1,True,False,CASGTGANERLFF,TGTGCCAGCGGGACAGGGGCCAACGAAAGATTATTTTTC,1164,1,None,None
TCGCGTTTCTCCCTGA-1,False,TCGCGTTTCTCCCTGA-1_contig_1,False,637,TRB,TRBV12-2+TRBV13-2,None,TRBJ1-2,TRBC1,True,True,CASGGGTGNSDYTF,TGTGCCAGCGGTGGGGGGACAGGGAACTCCGACTACACCTTC,1452,1,None,None
TCGCGTTTCTGTTGAG-1,False,TCGCGTTTCTGTTGAG-1_contig_1,False,645,TRB,TRBV12-2+TRBV13-2,None,TRBJ1-2,TRBC1,True,True,CASGGGTGNSDYTF,TGTGCCAGCGGTGGGGGGACAGGGAACTCCGACTACACCTTC,646,1,None,None
TCGCGTTTCTTTAGGG-1,False,TCGCGTTTCTTTAGGG-1_contig_1,False,549,TRA,TRAV8N-2,None,TRAJ13,TRAC,True,True,CATEDSGTYQRF,TGTGCTACTGAGGATTCTGGGACTTACCAGAGGTTT,1352,1,None,None
TCGCGTTTCTTTAGGG-1,False,TCGCGTTTCTTTAGGG-1_contig_2,True,662,TRB,TRBV13-2,None,TRBJ1-2,TRBC1,False,False,CASGGGTGNSDYTF,TGTGCCAGCGGTGGGGGGACAGGGAACTCCGACTACACCTTC,1288,2,None,None
TCGGGACAGACATAAC-1,False,TCGGGACAGACATAAC-1_contig_1,False,567,TRB,TRBV12-2+TRBV13-2,None,TRBJ1-2,TRBC1,True,True,CASGGGTGNSDYTF,TGTGCCAGCGGTGGGGGGACAGGGAACTCCGACTACACCTTC,1400,1,None,None
TCGGGACAGATGGGTC-1,False,TCGGGACAGATGGGTC-1_contig_1,False,566,TRB,TRBV12-2+TRBV13-2,None,TRBJ2-7,None,True,True,CASGAGGDYEQYF,TGTGCCAGCGGTGCTGGGGGGGACTATGAACAGTACTTC,592,1,None,None
TCGGGACAGCTACCGC-1,False,TCGGGACAGCTACCGC-1_contig_1,False,549,TRB,TRBV16,None,TRBJ2-5,None,True,True,CASSFGGGQDTQYF,TGTGCAAGCAGCTTTGGGGGGGGCCAAGACACCCAGTACTTT,1090,1,None,None
TCGGGACAGCTACCGC-1,False,TCGGGACAGCTACCGC-1_contig_2,False,564,TRB,TRBV12-2+TRBV13-2,None,TRBJ1-5,TRBC1,True,True,CASGTGDNQAPLF,TGTGCCAGCGGTACAGGGGACAACCAGGCTCCGCTTTTT,598,1,None,None
TCGGGACCAACACGCC-1,False,TCGGGACCAACACGCC-1_contig_1,False,555,TRB,TRBV12-2+TRBV13-2,None,TRBJ2-1,None,True,True,CASGDPFQFF,TGTGCCAGCGGTGATCCTTTCCAGTTCTTC,1160,1,None,None
TCGGGACCAACACGCC-1,False,TCGGGACCAACACGCC-1_contig_2,False,507,TRB,TRBV5,None,TRBJ2-2,None,True,True,CASSTGQLYF,TGTGCCAGCAGCACCGGGCAGCTCTACTTT,1324,1,None,None
TCGGGACCAACACGCC-1,False,TCGGGACCAACACGCC-1_contig_3,False,660,TRA,TRAV9N-4,None,TRAJ22,TRAC,True,True,CALPSSGSWQLIF,TGTGCTCTCCCATCTTCTGGCAGCTGGCAACTCATCTTT,2912,2,None,None
TCGGGACCAACACGCC-1,False,TCGGGACCAACACGCC-1_contig_4,False,564,TRB,TRBV12-2+TRBV13-2,None,TRBJ1-5,TRBC1,True,True,CASGTGDNQAPLF,TGTGCCAGCGGTACAGGAGACAACCAGGCTCCGCTTTTT,1204,1,None,None
TCGGGACCAATAGCAA-1,False,TCGGGACCAATAGCAA-1_contig_1,False,568,TRB,TRBV12-2+TRBV13-2,None,TRBJ2-7,None,True,False,None,None,1572,1,None,None
TCGGGACCACATGTGT-1,False,TCGGGACCACATGTGT-1_contig_1,False,524,TRA,TRAV16D-DV11,None,TRAJ9,TRAC,True,True,CAMRESNMGYKLTF,TGTGCTATGAGAGAGAGCAACATGGGCTACAAACTTACCTTC,84,1,None,None
TCGGGACCACATGTGT-1,False,TCGGGACCACATGTGT-1_contig_2,False,525,TRB,TRBV17,None,TRBJ2-5,None,True,True,CASSRKGSQDTQYF,TGTGCTAGCAGTAGAAAGGGGAGCCAAGACACCCAGTACTTT,1272,2,None,None
TCGGGACCATGCAACT-1,False,TCGGGACCATGCAACT-1_contig_1,False,560,TRB,TRBV12-2+TRBV13-2,None,TRBJ2-7,None,True,True,CASGTGDEQYF,TGTGCCAGCGGGACAGGGGATGAACAGTACTTC,1360,1,None,None
TCGGGACCATGCCCGA-1,False,TCGGGACCATGCCCGA-1_contig_1,False,508,TRB,TRBV13-1,None,TRBJ1-4,TRBC1,True,True,CASGTGANERLFF,TGTGCCAGCGGGACAGGGGCCAACGAAAGATTATTTTTC,1684,1,None,None
TCGGGACGTCAAAGCG-1,False,TCGGGACGTCAAAGCG-1_contig_1,False,629,TRB,TRBV12-2+TRBV13-2,None,TRBJ1-2,TRBC1,True,True,CASGGQTNSDYTF,TGTGCCAGCGGTGGACAAACAAACTCCGACTACACCTTC,1538,1,None,None
TCGGGACGTCAAAGCG-1,False,TCGGGACGTCAAAGCG-1_contig_2,False,447,TRA,TRAV19,None,TRAJ39,None,False,False,CAAGGN,TGCGCAGCAGGTGGGAAT,1998,1,None,None
TCGGGACTCAAGGCTT-1,False,TCGGGACTCAAGGCTT-1_contig_1,False,356,TRB,TRBV13-2,None,TRBJ1-2,TRBC1,True,False,CASGGGTGNSDYTF,TGTGCCAGCGGTGGGGGGACAGGGAACTCCGACTACACCTTC,1068,1,None,None
TCGGGACTCAGCTCGG-1,False,TCGGGACTCAGCTCGG-1_contig_1,False,515,TRB,TRBV13-1,None,TRBJ2-1,None,True,True,CASGGGDYAEQFF,TGTGCCAGCGGGGGGGGAGACTATGCTGAGCAGTTCTTC,1152,1,None,None
TCGGGACTCATAAAGG-1,False,TCGGGACTCATAAAGG-1_contig_1,False,529,TRB,TRBV12-2+TRBV13-2,None,TRBJ1-5,TRBC1,True,True,CASGTGDNQAPLF,TGTGCCAGCGGGACAGGGGACAACCAGGCTCCGCTTTTT,224,1,None,None
TCGGGACTCCATTCTA-1,False,TCGGGACTCCATTCTA-1_contig_1,False,548,TRB,TRBV12-2+TRBV13-2,None,TRBJ1-5,TRBC1,True,True,CASGDPAPLF,TGTGCCAGCGGTGATCCGGCTCCGCTTTTT,2672,2,None,None
TCGGGACTCCATTCTA-1,False,TCGGGACTCCATTCTA-1_contig_2,False,428,TRB,TRBV13-1,None,TRBJ1-4,None,True,True,CASGTGANERLFF,TGTGCCAGCGGGACAGGGGCCAACGAAAGATTATTTTTC,1852,1,None,None
TCGGGACTCCTCATTA-1,False,TCGGGACTCCTCATTA-1_contig_1,False,587,TRA,TRAV4D-3,None,TRAJ27,TRAC,True,True,CAADGPNTGKLTF,TGTGCTGCTGACGGGCCCAATACAGGCAAATTAACCTTT,826,1,None,None
TCGGGACTCCTTTACA-1,False,TCGGGACTCCTTTACA-1_contig_1,False,539,TRB,TRBV16,None,TRBJ2-5,None,True,True,CASSWGGGQDTQYF,TGTGCAAGCAGCTGGGGGGGCGGGCAAGACACCCAGTACTTT,2328,1,None,None
TCGGGACTCCTTTACA-1,False,TCGGGACTCCTTTACA-1_contig_2,False,335,TRB,None,None,TRBJ2-1,None,False,False,None,None,2096,1,None,None
TCGGGACTCGTCACGG-1,False,TCGGGACTCGTCACGG-1_contig_1,False,566,TRB,TRBV12-2+TRBV13-2,None,TRBJ1-5,TRBC1,True,True,CASGTGDNQAPLF,TGTGCCAGCGGGACAGGAGACAACCAGGCTCCGCTTTTT,1324,1,None,None
TCGGTAAAGAAACCGC-1,False,TCGGTAAAGAAACCGC-1_contig_1,False,423,TRB,TRBV17,None,TRBJ2-5,None,False,False,CASSRKGSQDTQYF,TGTGCTAGCAGTAGAAAGGGTTCTCAAGACACCCAGTACTTT,230,2,None,None
TCGGTAAAGGATGGAA-1,False,TCGGTAAAGGATGGAA-1_contig_1,False,610,TRB,TRBV13-2,None,TRBJ1-2,TRBC1,True,False,CASGGGTGNSDYTF,TGTGCCAGCGGTGGGGGGACAGGGAACTCCGACTACACCTTC,1306,1,None,None
TCGGTAAAGGTGCACA-1,False,TCGGTAAAGGTGCACA-1_contig_1,False,549,TRB,TRBV16,None,TRBJ2-5,None,True,True,CASSFGGGQDTQYF,TGTGCAAGCAGCTTTGGGGGGGGCCAAGACACCCAGTACTTT,1620,1,None,None
TCGGTAAAGTTCCACA-1,False,TCGGTAAAGTTCCACA-1_contig_1,False,394,TRB,None,None,TRBJ1-4,TRBC1,False,False,None,None,1402,1,None,None
TCGGTAACAAAGAATC-1,False,TCGGTAACAAAGAATC-1_contig_1,False,425,TRB,TRBV26,None,TRBJ2-1,None,True,False,CASSLHKFYAEQFF,TGTGCCAGCAGTCTGCACAAATTCTATGCTGAGCAGTTCTTC,2312,1,None,None
TCGGTAACAGCCTATA-1,False,TCGGTAACAGCCTATA-1_contig_1,False,566,TRA,TRAV3-3,None,TRAJ49,TRAC,True,True,CAVSGATGYQNFYF,TGCGCAGTCAGTGGGGCCACGGGTTACCAGAACTTCTATTTT,1102,1,None,None
TCGGTAACAGGTGGAT-1,False,TCGGTAACAGGTGGAT-1_contig_1,False,328,TRB,None,None,TRBJ2-1,None,False,False,None,None,3078,1,None,None
TCGGTAACAGTCACTA-1,False,TCGGTAACAGTCACTA-1_contig_1,False,566,TRB,TRBV12-2+TRBV13-2,None,TRBJ1-2,TRBC1,True,True,CASGGGTGNSDYTF,TGTGCCAGCGGTGGGGGGACAGGGAACTCCGACTACACCTTC,1656,1,None,None
TCGGTAACATGTAAGA-1,False,TCGGTAACATGTAAGA-1_contig_1,False,558,TRA,TRAV19,None,TRAJ39,TRAC,True,True,CAAGGNNAGAKLTF,TGCGCAGCAGGTGGGAATAATGCAGGTGCCAAGCTCACATTC,2870,2,None,None
TCGGTAACATGTAAGA-1,False,TCGGTAACATGTAAGA-1_contig_2,False,548,TRB,TRBV12-2+TRBV13-2,None,TRBJ1-2,TRBC1,True,True,CASGGGTGNSDYTF,TGTGCCAGCGGTGGGGGGACAGGGAACTCCGACTACACCTTC,3424,2,None,None
TCGGTAACATGTAAGA-1,False,TCGGTAACATGTAAGA-1_contig_3,True,435,TRA,TRAV7-5,None,TRAJ45,None,True,False,CSDTEGADRLTF,TGCAGTGATACAGAAGGTGCAGATAGACTCACCTTT,312,1,None,None
TCGGTAAGTACAGTGG-1,False,TCGGTAAGTACAGTGG-1_contig_1,False,471,TRB,TRBV12-2+TRBV13-2,None,TRBJ1-2,None,True,True,CASGGGTGNSDYTF,TGTGCCAGCGGTGGGGGGACAGGGAACTCCGACTACACCTTC,250,1,None,None
TCGGTAAGTCCATGAT-1,False,TCGGTAAGTCCATGAT-1_contig_1,False,551,TRB,TRBV13-2,None,TRBJ2-2,None,True,True,CASGGTGGANTGQLYF,TGTGCCAGCGGTGGGACTGGGGGGGCTAACACCGGGCAGCTCTACTTT,1712,1,None,None
TCGGTAAGTCGCGGTT-1,False,TCGGTAAGTCGCGGTT-1_contig_1,False,360,TRB,None,None,TRBJ2-1,None,False,False,None,None,2404,1,None,None
TCGGTAAGTCTTGTCC-1,False,TCGGTAAGTCTTGTCC-1_contig_1,False,321,TRB,None,None,TRBJ2-1,None,False,False,None,None,2160,1,None,None
TCGGTAAGTGACTCAT-1,False,TCGGTAAGTGACTCAT-1_contig_1,False,584,TRA,TRAV14-2,None,TRAJ6,TRAC,True,True,CAARTSGGNYKPTF,TGTGCAGCAAGAACCTCAGGAGGAAACTACAAACCTACGTTT,2114,1,None,None
TCGGTAAGTGACTCAT-1,False,TCGGTAAGTGACTCAT-1_contig_2,False,335,TRB,None,None,TRBJ2-1,None,False,False,None,None,2050,1,None,None
TCGGTAAGTTCAGCGC-1,False,TCGGTAAGTTCAGCGC-1_contig_1,False,549,TRB,TRBV16,None,TRBJ2-5,None,True,True,CASSLGGGQDTQYF,TGTGCAAGCAGCTTAGGGGGGGGCCAAGACACCCAGTACTTT,810,1,None,None
TCGGTAATCTGTTTGT-1,False,TCGGTAATCTGTTTGT-1_contig_1,False,509,TRB,TRBV13-1,None,TRBJ2-7,None,True,True,CASSAPYEQYF,TGTGCCAGCAGTGCACCGTATGAACAGTACTTC,2050,2,None,None
TCGGTAATCTGTTTGT-1,False,TCGGTAATCTGTTTGT-1_contig_2,False,589,TRB,TRBV12-2+TRBV13-2,None,TRBJ1-2,TRBC1,True,True,CASGGGTGNSDYTF,TGTGCCAGCGGTGGGGGGACAGGGAACTCCGACTACACCTTC,5214,4,None,None
TCGGTAATCTGTTTGT-1,False,TCGGTAATCTGTTTGT-1_contig_3,False,549,TRA,TRAV8N-2,None,TRAJ13,TRAC,True,True,CATEDSGTYQRF,TGTGCTACTGAGGATTCTGGGACTTACCAGAGGTTT,1762,1,None,None
TCGTACCAGGACAGCT-1,False,TCGTACCAGGACAGCT-1_contig_1,False,309,TRB,None,None,TRBJ2-5,None,False,False,None,None,1780,1,None,None
TCGTACCAGGAGCGTT-1,False,TCGTACCAGGAGCGTT-1_contig_1,False,549,TRA,TRAV8N-2,None,TRAJ13,TRAC,True,True,CATEDSGTYQRF,TGTGCTACTGAGGATTCTGGGACTTACCAGAGGTTT,2900,1,None,None
TCGTACCAGGCAAAGA-1,False,TCGTACCAGGCAAAGA-1_contig_1,False,581,TRB,TRBV12-2+TRBV13-2,None,TRBJ1-2,TRBC1,True,True,CASGGGTGNSDYTF,TGTGCCAGCGGTGGGGGGACAGGGAACTCCGACTACACCTTC,1132,1,None,None
TCGTACCAGGCATTGG-1,False,TCGTACCAGGCATTGG-1_contig_1,False,556,TRA,TRAV8-1,None,TRAJ12,TRAC,True,True,CATDGGGYKVVF,TGTGCTACTGATGGTGGAGGCTATAAAGTGGTCTTT,1476,1,None,None
TCGTACCAGGCGCTCT-1,False,TCGTACCAGGCGCTCT-1_contig_1,False,566,TRB,TRBV12-2+TRBV13-2,None,TRBJ1-2,TRBC1,True,True,CASGGGTGNSDYTF,TGTGCCAGCGGTGGGGGGACAGGGAACTCCGACTACACCTTC,1646,1,None,None
TCGTACCAGTGCCAGA-1,False,TCGTACCAGTGCCAGA-1_contig_1,False,611,TRB,TRBV12-2,None,TRBJ1-2,TRBC1,True,False,CASGGGTGNSDYTF,TGTGCCAGCGGTGGGGGGACAGGGAACTCCGACTACACCTTC,888,1,None,None
TCGTACCCACATGACT-1,False,TCGTACCCACATGACT-1_contig_1,False,358,TRB,TRBV13-2,None,TRBJ1-2,TRBC1,True,False,CASGGGTGNSDYTF,TGTGCCAGCGGTGGGGGGACAGGGAACTCCGACTACACCTTC,2422,1,None,None
TCGTACCCACATTTCT-1,False,TCGTACCCACATTTCT-1_contig_1,False,388,TRB,None,None,TRBJ2-7,None,False,False,None,None,2342,1,None,None
TCGTACCCACCAGCAC-1,False,TCGTACCCACCAGCAC-1_contig_1,False,552,TRB,TRBV16,None,TRBJ2-4,None,True,True,CASSSPWGGQNTLYF,TGTGCAAGCAGCTCCCCCTGGGGGGGTCAAAACACCTTGTACTTT,1156,1,None,None
TCGTACCCACCGTTGG-1,False,TCGTACCCACCGTTGG-1_contig_1,False,557,TRA,TRAV8-1,None,TRAJ30,TRAC,True,True,CASDTNAYKVIF,TGTGCTTCTGACACAAATGCTTACAAAGTCATCTTT,3616,3,None,None
TCGTACCCACCGTTGG-1,False,TCGTACCCACCGTTGG-1_contig_2,False,566,TRB,TRBV12-2+TRBV13-2,None,TRBJ1-5,TRBC1,True,True,CASGTGDNQAPLF,TGTGCCAGCGGGACAGGGGACAACCAGGCTCCGCTTTTT,574,1,None,None
TCGTACCCACCGTTGG-1,False,TCGTACCCACCGTTGG-1_contig_3,True,366,TRB,None,None,TRBJ2-1,None,False,False,None,None,160,1,None,None
TCGTACCGTACAGTGG-1,False,TCGTACCGTACAGTGG-1_contig_1,False,312,TRB,None,None,TRBJ2-7,None,False,False,None,None,1448,1,None,None
TCGTACCGTAGCGTCC-1,False,TCGTACCGTAGCGTCC-1_contig_1,False,532,Multi,TRDV1,None,TRAJ45,TRAC,True,False,CGYTEGADRLTF,TGTGGGTATACAGAAGGTGCAGATAGACTCACCTTT,1714,1,None,None
TCGTACCGTCAGATAA-1,False,TCGTACCGTCAGATAA-1_contig_1,False,566,TRB,TRBV12-2+TRBV13-2,None,TRBJ1-2,TRBC1,True,True,CASGGGTGNSDYTF,TGTGCCAGCGGTGGGGGGACAGGGAACTCCGACTACACCTTC,1084,1,None,None
TCGTACCGTGACGGTA-1,False,TCGTACCGTGACGGTA-1_contig_1,False,559,TRB,TRBV12-2+TRBV13-2,None,TRBJ1-2,TRBC1,True,True,CASGGGTGNSDYTF,TGTGCCAGCGGTGGGGGGACAGGGAACTCCGACTACACCTTC,1476,1,None,None
TCGTACCGTTGCGTTA-1,False,TCGTACCGTTGCGTTA-1_contig_1,False,527,TRB,TRBV15,None,TRBJ1-3,TRBC1,True,True,CASSLNRGSSGNTLYF,TGTGCCAGCAGTTTAAACAGGGGGAGTTCTGGAAATACGCTCTATTTT,538,1,None,None
TCGTACCTCAAACCGT-1,False,TCGTACCTCAAACCGT-1_contig_1,False,515,TRA,TRAV6-6,None,TRAJ24,TRAC,True,True,CAPLTTASLGKLQF,TGTGCTCCGTTGACAACTGCCAGTTTGGGGAAACTGCAGTTT,2574,2,None,None
TCGTACCTCAAACCGT-1,False,TCGTACCTCAAACCGT-1_contig_2,False,558,TRA,TRAV19,None,TRAJ39,TRAC,True,True,CAAGGNNAGAKLTF,TGCGCAGCAGGTGGGAATAATGCAGGTGCCAAGCTCACATTC,4018,4,None,None
TCGTACCTCAAACCGT-1,False,TCGTACCTCAAACCGT-1_contig_3,False,505,TRB,TRBV13-1,None,TRBJ2-4,None,True,True,CASSEGTNTLYF,TGTGCCAGCAGTGAAGGAACAAACACCTTGTACTTT,4818,5,None,None
TCGTACCTCAAACCGT-1,False,TCGTACCTCAAACCGT-1_contig_4,False,596,TRB,TRBV12-2+TRBV13-2,None,TRBJ1-2,TRBC1,True,True,CASGGGTGNSDYTF,TGTGCCAGCGGTGGGGGGACAGGGAACTCCGACTACACCTTC,12372,13,None,None
TCGTACCTCAAACCGT-1,False,TCGTACCTCAAACCGT-1_contig_5,False,704,TRA,TRAV9D-2,None,TRAJ26,TRAC,True,True,CVLSRGNNYAQGLTF,TGTGTTCTGAGCAGGGGCAATAACTATGCCCAGGGATTAACCTTC,7862,5,None,None
TCGTACCTCAAACCGT-1,False,TCGTACCTCAAACCGT-1_contig_6,False,470,TRA,TRAV7-5,None,TRAJ45,TRAC,True,False,CSDTEGADRLTF,TGCAGTGATACAGAAGGTGCAGATAGACTCACCTTT,2066,1,None,None
TCGTACCTCAGTTGAC-1,False,TCGTACCTCAGTTGAC-1_contig_1,False,558,TRA,TRAV19,None,TRAJ39,TRAC,True,True,CAAGGNNAGAKLTF,TGCGCAGCAGGTGGGAATAATGCAGGTGCCAAGCTCACATTC,2588,1,None,None
TCGTACCTCATGGTCA-1,False,TCGTACCTCATGGTCA-1_contig_1,False,537,TRA,TRAV3-3,None,TRAJ49,TRAC,True,True,CAVSGATGYQNFYF,TGCGCAGTCAGTGGGGCCACGGGTTACCAGAACTTCTATTTT,1702,2,None,None
TCGTACCTCATGGTCA-1,False,TCGTACCTCATGGTCA-1_contig_2,False,507,TRA,TRAV21-DV12,None,TRAJ42,TRAC,True,True,CILRVHGGSNAKLTF,TGTATCCTGAGAGTCCATGGAGGAAGCAATGCAAAGCTAACCTTC,2086,1,None,None
TCGTACCTCATGGTCA-1,False,TCGTACCTCATGGTCA-1_contig_3,True,655,TRB,TRBV19,None,TRBJ2-5,None,True,False,None,None,1438,1,None,None
TCGTACCTCCGGCACA-1,False,TCGTACCTCCGGCACA-1_contig_1,False,549,TRB,TRBV16,None,TRBJ2-5,None,True,True,CASSPGGRGDTQYF,TGTGCAAGCAGCCCGGGGGGGCGCGGGGACACCCAGTACTTT,570,1,None,None
TCGTACCTCGACGGAA-1,False,TCGTACCTCGACGGAA-1_contig_1,False,538,TRA,TRAV19,None,TRAJ39,TRAC,True,True,CAAGGNNAGAKLTF,TGCGCAGCAGGTGGGAATAATGCAGGTGCCAAGCTCACATTC,2334,1,None,None
TCGTACCTCGACGGAA-1,False,TCGTACCTCGACGGAA-1_contig_2,False,512,TRB,TRBV13-1,None,TRBJ2-3,None,True,True,CASGDSAETLYF,TGTGCCAGCGGGGACAGTGCAGAAACGCTGTATTTT,1242,1,None,None
TCGTACCTCGACGGAA-1,False,TCGTACCTCGACGGAA-1_contig_3,True,495,TRA,TRAV7-5,None,TRAJ45,TRAC,True,False,CSDTEGADRLTF,TGCAGTGATACAGAAGGTGCAGATAGACTCACCTTT,2730,1,None,None
TCGTACCTCTCTAGGA-1,False,TCGTACCTCTCTAGGA-1_contig_1,False,461,TRB,TRBV16,None,TRBJ2-5,None,True,True,CASSLGGGQDTQYF,TGTGCAAGCAGCTTAGGGGGGGGCCAAGACACCCAGTACTTT,958,1,None,None
TCGTAGAAGGCCCGTT-1,False,TCGTAGAAGGCCCGTT-1_contig_1,False,566,TRA,TRAV3-3,None,TRAJ49,TRAC,True,True,CAVSGSTGYQNFYF,TGCGCAGTCAGTGGGAGCACGGGTTACCAGAACTTCTATTTT,1364,1,None,None
TCGTAGAAGGCCCGTT-1,False,TCGTAGAAGGCCCGTT-1_contig_2,True,596,TRA,TRAV6D-5,None,TRAJ38,TRAC,True,False,CTTVFWDNVGDNSKLIW,TGTACTACTGTGTTCTGGGATAATGTTGGTGACAACAGTAAGCTGATTTGG,1580,1,None,None
TCGTAGAAGGCCCTCA-1,False,TCGTAGAAGGCCCTCA-1_contig_1,False,559,TRA,TRAV4D-3,None,TRAJ27,TRAC,True,True,CAADGPNTGKLTF,TGTGCTGCGGACGGACCCAATACAGGCAAATTAACCTTT,2090,1,None,None
TCGTAGAAGTGGACGT-1,False,TCGTAGAAGTGGACGT-1_contig_1,False,577,TRB,TRBV12-2+TRBV13-2,None,TRBJ1-2,TRBC1,True,True,CASGGGTGNSDYTF,TGTGCCAGCGGTGGGGGGACAGGGAACTCCGACTACACCTTC,2426,2,None,None
TCGTAGACACTTAACG-1,False,TCGTAGACACTTAACG-1_contig_1,False,620,TRB,TRBV12-1,None,TRBJ2-7,None,True,False,CQLFRQGREQYF,TGCCAGCTCTTCCGACAGGGGAGAGAACAGTACTTC,354,1,None,None
TCGTAGACATCGGGTC-1,False,TCGTAGACATCGGGTC-1_contig_1,False,351,TRB,None,None,TRBJ2-7,None,False,False,None,None,564,1,None,None
TCGTAGAGTTCCACGG-1,False,TCGTAGAGTTCCACGG-1_contig_1,False,594,TRB,TRBV5,None,TRBJ1-5,TRBC1,True,True,CASSHPGQNNQAPLF,TGTGCCAGCAGCCACCCGGGACAGAACAACCAGGCTCCGCTTTTT,858,1,None,None
TCGTAGAGTTCCCTTG-1,False,TCGTAGAGTTCCCTTG-1_contig_1,False,515,TRB,TRBV13-1,None,TRBJ2-1,None,True,True,CASGGGDYAEQFF,TGTGCCAGCGGGGGGGGAGACTATGCTGAGCAGTTCTTC,1262,1,None,None
TCGTAGAGTTCCGTCT-1,False,TCGTAGAGTTCCGTCT-1_contig_1,False,520,TRB,TRBV13-1,None,TRBJ2-2,None,True,True,CASSDPGQLYF,TGTGCCAGCAGTGACCCCGGGCAGCTCTACTTT,974,1,None,None
TCGTAGAGTTCCGTCT-1,False,TCGTAGAGTTCCGTCT-1_contig_2,False,592,TRB,TRBV12-2+TRBV13-2,None,TRBJ2-7,None,True,True,CASGTGGDYEQYF,TGTGCCAGCGGGACTGGGGGGGACTATGAACAGTACTTC,876,1,None,None
TCGTAGAGTTGGTAAA-1,False,TCGTAGAGTTGGTAAA-1_contig_1,False,549,TRA,TRAV8N-2,None,TRAJ13,TRAC,True,True,CATEDSGTYQRF,TGTGCTACTGAGGATTCTGGGACTTACCAGAGGTTT,1766,1,None,None
TCGTAGATCACCGTAA-1,False,TCGTAGATCACCGTAA-1_contig_1,False,509,TRA,TRAV3-3,None,TRAJ49,TRAC,True,True,CAVSGSTGYQNFYF,TGCGCAGTCAGTGGGAGCACGGGTTACCAGAACTTCTATTTT,2110,1,None,None
TCGTAGATCCGAATGT-1,False,TCGTAGATCCGAATGT-1_contig_1,False,422,TRB,None,None,TRBJ1-3,TRBC1,False,False,None,None,3436,1,None,None
TCGTAGATCGCGTTTC-1,False,TCGTAGATCGCGTTTC-1_contig_1,False,562,TRB,TRBV12-2+TRBV13-2,None,TRBJ2-5,None,True,True,CASGVQGDTQYF,TGTGCCAGCGGTGTTCAGGGGGACACCCAGTACTTT,820,1,None,None
TCGTAGATCTGAGTGT-1,False,TCGTAGATCTGAGTGT-1_contig_1,False,535,TRB,TRBV16,None,TRBJ2-5,None,True,True,CASSLGGGQDTQYF,TGTGCAAGCAGCTTAGGGGGGGGGCAAGACACCCAGTACTTT,1586,1,None,None
TCTATTGAGAAGGACA-1,False,TCTATTGAGAAGGACA-1_contig_1,False,555,TRB,TRBV12-2+TRBV13-2,None,TRBJ2-7,None,True,True,CASGVQGEQYF,TGTGCCAGCGGTGTTCAGGGAGAACAGTACTTC,782,1,None,None
TCTATTGAGAGACGAA-1,False,TCTATTGAGAGACGAA-1_contig_1,False,546,TRB,TRBV13-2,None,TRBJ1-5,TRBC1,True,True,CASGTGDNQAPLF,TGTGCCAGCGGGACAGGGGACAACCAGGCTCCGCTTTTT,798,1,None,None
TCTATTGAGAGTTGGC-1,False,TCTATTGAGAGTTGGC-1_contig_1,False,358,TRB,TRBV13-2,None,TRBJ1-2,TRBC1,True,False,CASGGGTGNSDYTF,TGTGCCAGCGGTGGGGGGACAGGGAACTCCGACTACACCTTC,1368,1,None,None
TCTATTGAGGCTAGCA-1,False,TCTATTGAGGCTAGCA-1_contig_1,False,651,TRA,TRAV14N-3,None,TRAJ6,TRAC,True,True,CAARTSGGNYKPTF,TGTGCAGCAAGAACCTCAGGAGGAAACTACAAACCTACGTTT,3190,2,None,None
TCTATTGAGGCTAGCA-1,False,TCTATTGAGGCTAGCA-1_contig_2,False,549,TRA,TRAV8N-2,None,TRAJ13,TRAC,True,True,CATEDSGTYQRF,TGTGCTACTGAGGATTCTGGGACTTACCAGAGGTTT,3870,3,None,None
TCTATTGAGGCTAGCA-1,False,TCTATTGAGGCTAGCA-1_contig_3,False,564,TRB,TRBV12-2+TRBV13-2,None,TRBJ2-7,None,True,True,CASGTGGDYEQYF,TGTGCCAGCGGGACTGGGGGGGACTATGAACAGTACTTC,1712,2,None,None
TCTATTGCAATGGACG-1,False,TCTATTGCAATGGACG-1_contig_1,False,538,TRA,TRAV3D-3,None,TRAJ28,TRAC,True,False,CTSAQSVRGTGSNRLTF,TGTACTTCTGCGCAGTCAGTGAGGGGCACTGGGAGTAACAGGCTCACTTTT,1736,1,None,None
TCTATTGGTATGGTTC-1,False,TCTATTGGTATGGTTC-1_contig_1,False,559,TRB,TRBV12-2+TRBV13-2,None,TRBJ1-2,TRBC1,True,True,CASGGGTGNSDYTF,TGTGCCAGCGGTGGGGGGACAGGGAACTCCGACTACACCTTC,866,1,None,None
TCTATTGGTCCGAGTC-1,False,TCTATTGGTCCGAGTC-1_contig_1,False,502,TRB,TRBV13-1,None,TRBJ2-2,None,True,True,CASSDPGQLYF,TGTGCCAGCAGTGACCCCGGGCAGCTCTACTTT,1144,1,None,None
TCTATTGGTCCGAGTC-1,False,TCTATTGGTCCGAGTC-1_contig_2,False,550,TRB,TRBV12-2+TRBV13-2,None,TRBJ2-7,None,True,True,CASGTGGDYEQYF,TGTGCCAGCGGGACTGGGGGGGACTATGAACAGTACTTC,1682,1,None,None
TCTATTGGTCCGTGAC-1,False,TCTATTGGTCCGTGAC-1_contig_1,False,543,TRB,TRBV13-2,None,TRBJ1-5,TRBC1,True,True,CASGTGDNQAPLF,TGTGCCAGCGGGACAGGCGACAACCAGGCTCCGCTTTTT,2092,1,None,None
TCTATTGGTCGCTTCT-1,False,TCTATTGGTCGCTTCT-1_contig_1,False,544,TRA,TRAV8D-1,None,TRAJ26,TRAC,True,True,CATDDNYAQGLTF,TGTGCTACTGACGATAACTATGCCCAGGGATTAACCTTC,2014,1,None,None
TCTATTGGTCGCTTCT-1,False,TCTATTGGTCGCTTCT-1_contig_2,False,538,TRB,TRBV1,None,TRBJ1-3,TRBC1,True,False,None,None,944,1,None,None
TCTATTGGTGACTCAT-1,False,TCTATTGGTGACTCAT-1_contig_1,False,535,TRA,TRAV19,None,TRAJ39,TRAC,True,True,CAAGGNNAGAKLTF,TGCGCAGCAGGTGGGAATAATGCAGGTGCCAAGCTCACATTC,1706,1,None,None
TCTATTGGTTCCATGA-1,False,TCTATTGGTTCCATGA-1_contig_1,True,563,TRB,TRBV12-2+TRBV13-2,None,TRBJ2-3,None,True,True,CASGDAPPGEGTLYF,TGTGCCAGCGGTGATGCACCTCCAGGGGAGGGAACGCTGTATTTT,1360,2,None,None
TCTATTGGTTCCATGA-1,False,TCTATTGGTTCCATGA-1_contig_2,False,673,TRA,TRAV4D-3,None,TRAJ27,TRAC,True,True,CAADGPNTGKLTF,TGTGCTGCGGACGGACCCAATACAGGCAAATTAACCTTT,1874,1,None,None
TCTATTGGTTCCATGA-1,False,TCTATTGGTTCCATGA-1_contig_3,True,402,TRB,TRBV23,None,TRBJ2-5,None,True,False,None,None,732,1,None,None
TCTATTGGTTGGAGGT-1,False,TCTATTGGTTGGAGGT-1_contig_1,False,353,TRB,None,None,TRBJ2-1,None,False,False,None,None,2050,1,None,None
TCTATTGTCAGGTTCA-1,False,TCTATTGTCAGGTTCA-1_contig_1,False,618,TRB,None,None,TRBJ2-7,None,False,False,None,None,1278,1,None,None
TCTATTGTCATGTGGT-1,False,TCTATTGTCATGTGGT-1_contig_1,True,644,TRA,TRAV9D-2,None,TRAJ25,TRAC,True,False,CVLSRGNNYAQGLTF,TGTGTTCTGAGCAGGGGCAATAACTATGCCCAGGGATTAACCTTC,7404,4,None,None
TCTATTGTCTTGAGGT-1,False,TCTATTGTCTTGAGGT-1_contig_1,False,537,TRA,TRAV3D-3,None,TRAJ23,TRAC,True,True,CAVSDNYNQGKLIF,TGCGCAGTCAGTGACAATTATAACCAGGGGAAGCTTATCTTT,354,2,None,None
TCTCATAAGAGCCCAA-1,False,TCTCATAAGAGCCCAA-1_contig_1,False,374,TRB,None,None,TRBJ2-7,None,False,False,None,None,1752,1,None,None
TCTCATACAGATCCAT-1,False,TCTCATACAGATCCAT-1_contig_1,False,570,TRB,TRBV12-2+TRBV13-2,None,TRBJ2-7,None,True,True,CASGTGGDYEQYF,TGTGCCAGCGGGACTGGGGGGGACTATGAACAGTACTTC,2152,1,None,None
TCTCATACATTAACCG-1,False,TCTCATACATTAACCG-1_contig_1,False,632,TRB,TRBV12-2+TRBV13-2,None,TRBJ1-2,TRBC1,True,True,CASGGGTGNSDYTF,TGTGCCAGCGGTGGGGGGACAGGGAACTCCGACTACACCTTC,1036,1,None,None
TCTCATAGTATCACCA-1,False,TCTCATAGTATCACCA-1_contig_1,False,548,TRB,TRBV13-2,None,TRBJ2-1,None,True,True,CASGDPFQFF,TGTGCCAGCGGTGATCCTTTCCAGTTCTTC,302,1,None,None
TCTCATAGTATGCTTG-1,False,TCTCATAGTATGCTTG-1_contig_1,False,505,TRB,TRBV13-1,None,TRBJ2-3,None,True,True,CASGDSAETLYF,TGTGCCAGCGGGGACAGTGCAGAAACGCTGTATTTT,1536,2,None,None
TCTCATAGTATGCTTG-1,False,TCTCATAGTATGCTTG-1_contig_2,True,350,TRA,TRAV16D-DV11,None,TRAJ26,TRAC,True,False,CAMREENNYAQGLTF,TGTGCTATGAGAGAGGAAAATAACTATGCCCAGGGATTAACCTTC,3292,1,None,None
TCTCATAGTCATGCCG-1,False,TCTCATAGTCATGCCG-1_contig_1,False,564,TRA,TRAV16D-DV11,None,TRAJ26,TRAC,True,True,CAMREENNYAQGLTF,TGTGCTATGAGAGAGGAAAATAACTATGCCCAGGGATTAACCTTC,488,4,None,None
TCTCATAGTCGCTTCT-1,False,TCTCATAGTCGCTTCT-1_contig_1,False,557,TRB,TRBV12-2+TRBV13-2,None,TRBJ2-7,None,True,True,CASGVQGEQYF,TGTGCCAGCGGTGTTCAGGGAGAACAGTACTTC,294,1,None,None
TCTCATAGTTCCTCCA-1,False,TCTCATAGTTCCTCCA-1_contig_1,False,530,TRA,TRAV4D-3,None,TRAJ27,TRAC,True,True,CAADGPNTGKLTF,TGTGCTGCGGACGGACCCAATACAGGCAAATTAACCTTT,2220,1,None,None
TCTCATATCCCTCTTT-1,False,TCTCATATCCCTCTTT-1_contig_1,False,582,TRB,None,None,TRBJ1-2,TRBC1,False,False,None,None,1474,1,None,None
TCTCATATCCGCAAGC-1,False,TCTCATATCCGCAAGC-1_contig_1,False,563,TRB,TRBV12-2+TRBV13-2,None,TRBJ1-5,TRBC1,True,True,CASGTGDNQAPLF,TGTGCCAGCGGTACAGGGGACAACCAGGCTCCGCTTTTT,1174,1,None,None
TCTCATATCCTCAATT-1,False,TCTCATATCCTCAATT-1_contig_1,False,533,TRA,TRAV19,None,TRAJ39,TRAC,True,True,CAAGGNNAGAKLTF,TGCGCAGCAGGTGGGAATAATGCAGGTGCCAAGCTCACATTC,1232,1,None,None
TCTCATATCCTCAATT-1,False,TCTCATATCCTCAATT-1_contig_2,False,602,TRB,TRBV12-2+TRBV13-2,None,TRBJ1-5,TRBC1,True,True,CASGTGDNQAPLF,TGTGCCAGCGGGACAGGGGACAACCAGGCTCCGCTTTTT,1564,1,None,None
TCTCATATCGATCCCT-1,False,TCTCATATCGATCCCT-1_contig_1,False,561,TRA,TRAV4D-3,None,TRAJ27,TRAC,True,True,CAADGPNTGKLTF,TGTGCTGCGGACGGACCCAATACAGGCAAATTAACCTTT,1750,1,None,None
TCTCATATCTACGAGT-1,False,TCTCATATCTACGAGT-1_contig_1,False,505,TRB,TRBV13-1,None,TRBJ2-2,None,True,True,CASSEGTGQLYF,TGTGCCAGCAGTGAGGGCACCGGGCAGCTCTACTTT,1218,1,None,None
TCTCATATCTCGATGA-1,False,TCTCATATCTCGATGA-1_contig_1,False,686,TRB,TRBV12-2+TRBV13-2,None,TRBJ1-2,TRBC1,True,True,CASGGGTGNSDYTF,TGTGCCAGCGGTGGGGGGACAGGGAACTCCGACTACACCTTC,1802,2,None,None
TCTCTAAAGCGCCTCA-1,False,TCTCTAAAGCGCCTCA-1_contig_1,False,547,TRA,TRAV16D-DV11,None,TRAJ26,TRAC,True,True,CAMREENNYAQGLTF,TGTGCTATGAGAGAGGAAAATAACTATGCCCAGGGATTAACCTTC,3188,1,None,None
TCTCTAAAGCTTTGGT-1,False,TCTCTAAAGCTTTGGT-1_contig_1,False,557,TRB,TRBV12-2+TRBV13-2,None,TRBJ2-7,None,True,True,CASGVQGGEQYF,TGTGCCAGCGGTGTGCAGGGGGGAGAACAGTACTTC,142,1,None,None
TCTCTAAAGTCTCGGC-1,False,TCTCTAAAGTCTCGGC-1_contig_1,False,557,TRA,TRAV8N-2,None,TRAJ52,TRAC,True,False,None,None,296,1,None,None
TCTCTAAAGTGCAAGC-1,False,TCTCTAAAGTGCAAGC-1_contig_1,False,596,TRB,TRBV13-1,None,TRBJ2-4,None,True,False,CASSEGTNTLYF,TGTGCCAGCAGTGAAGGAACAAACACCTTGTACTTT,1784,1,None,None
TCTCTAAGTAAGGGAA-1,False,TCTCTAAGTAAGGGAA-1_contig_1,False,509,TRB,TRBV13-1,None,TRBJ2-2,None,True,True,CASSDPGQLYF,TGTGCCAGCAGTGACCCCGGGCAGCTCTACTTT,1754,1,None,None
TCTCTAAGTAAGGGAA-1,False,TCTCTAAGTAAGGGAA-1_contig_2,False,355,TRB,None,None,TRBJ1-4,TRBC1,False,False,None,None,1866,1,None,None
TCTCTAAGTATATGAG-1,False,TCTCTAAGTATATGAG-1_contig_1,False,565,TRB,TRBV12-2+TRBV13-2,None,TRBJ2-7,None,True,True,CASGTGGDYEQYF,TGTGCCAGCGGGACTGGGGGGGACTATGAACAGTACTTC,1202,1,None,None
TCTCTAAGTGACCAAG-1,False,TCTCTAAGTGACCAAG-1_contig_1,False,562,TRB,TRBV12-2+TRBV13-2,None,TRBJ2-5,None,True,True,CASGVQGDTQYF,TGTGCCAGCGGTGTTCAGGGGGACACCCAGTACTTT,1614,1,None,None
TCTCTAAGTGGGTATG-1,False,TCTCTAAGTGGGTATG-1_contig_1,False,559,TRB,TRBV12-2+TRBV13-2,None,TRBJ2-7,None,True,True,CASGGLGEQYF,TGTGCCAGCGGTGGCCTGGGGGAACAGTACTTC,1846,1,None,None
TCTCTAAGTTTGGCGC-1,False,TCTCTAAGTTTGGCGC-1_contig_1,False,639,TRB,TRBV12-2+TRBV13-2,None,TRBJ1-2,TRBC1,True,True,CASGGGTGNSDYTF,TGTGCCAGCGGTGGGGGGACAGGGAACTCCGACTACACCTTC,1164,1,None,None
TCTCTAATCTCAAACG-1,False,TCTCTAATCTCAAACG-1_contig_1,False,559,TRA,TRAV8D-2,None,TRAJ32,TRAC,True,True,CARYGSSGNKLIF,TGTGCCCGTTATGGGAGCAGTGGCAACAAGCTCATCTTT,2296,2,None,None
TCTGAGAAGAATTCCC-1,False,TCTGAGAAGAATTCCC-1_contig_1,False,568,TRB,TRBV12-2+TRBV13-2,None,TRBJ1-5,TRBC1,True,True,CASGTGDNQAPLF,TGTGCCAGCGGTACAGGGGACAACCAGGCTCCGCTTTTT,506,1,None,None
TCTGAGAAGTCATCCA-1,False,TCTGAGAAGTCATCCA-1_contig_1,False,546,TRA,TRAV16D-DV11,None,TRAJ26,TRAC,True,True,CAMREENNYAQGLTF,TGTGCTATGAGAGAGGAAAATAACTATGCCCAGGGATTAACCTTC,13030,12,None,None
TCTGAGAAGTCATCCA-1,False,TCTGAGAAGTCATCCA-1_contig_2,False,505,TRB,TRBV13-1,None,TRBJ2-4,None,True,True,CASSEGTNTLYF,TGTGCCAGCAGTGAAGGAACAAACACCTTGTACTTT,4012,5,None,None
TCTGAGAAGTCATCCA-1,False,TCTGAGAAGTCATCCA-1_contig_3,False,505,TRB,TRBV13-1,None,TRBJ2-3,None,True,True,CASGDSAETLYF,TGTGCCAGCGGGGACAGTGCAGAAACGCTGTATTTT,27566,33,None,None
TCTGAGAAGTCATCCA-1,False,TCTGAGAAGTCATCCA-1_contig_4,True,575,TRA,TRAV3D-3,None,TRAJ28,TRAC,True,False,CTSAQSVRGTGSNRLTF,TGTACTTCTGCGCAGTCAGTGAGGGGCACTGGGAGTAACAGGCTCACTTTT,4796,6,None,None
TCTGAGAAGTCATCCA-1,False,TCTGAGAAGTCATCCA-1_contig_5,True,429,TRB,None,None,TRBJ2-1,None,False,False,None,None,11854,11,None,None
TCTGAGAAGTCATCCA-1,False,TCTGAGAAGTCATCCA-1_contig_6,True,334,TRB,None,None,TRBJ2-7,None,False,False,None,None,2348,3,None,None
TCTGAGAAGTCATCCA-1,False,TCTGAGAAGTCATCCA-1_contig_7,True,575,TRB,None,None,TRBJ1-6,TRBC1,False,False,None,None,9526,14,None,None
TCTGAGACAATCGGTT-1,False,TCTGAGACAATCGGTT-1_contig_1,False,511,TRB,TRBV12-2+TRBV13-2,None,TRBJ2-7,None,True,False,CASGVQGEQYF,TGTGCCAGCGGTGTTCAGGGAGAACAGTACTTC,1890,1,None,None
TCTGAGACACGGTAAG-1,False,TCTGAGACACGGTAAG-1_contig_1,False,593,TRA,TRAV12-3,None,TRAJ40,TRAC,True,False,CPVLLCSECHVNTGNYKYVF,TGCCCTGTACTACTGTGCTCTGAGTGTCACGTTAATACAGGAAACTACAAATACGTCTTT,984,1,None,None
TCTGAGACAGACAAGC-1,False,TCTGAGACAGACAAGC-1_contig_1,False,556,TRB,TRBV12-2+TRBV13-2,None,TRBJ2-1,None,True,True,CASGDPFQFF,TGTGCCAGCGGTGATCCTTTCCAGTTCTTC,1010,1,None,None
TCTGAGACAGGGTACA-1,False,TCTGAGACAGGGTACA-1_contig_1,False,547,TRB,TRBV12-2+TRBV13-2,None,TRBJ2-7,None,True,True,CASGVQGWEQYF,TGTGCCAGCGGTGTACAGGGGTGGGAACAGTACTTC,1776,1,None,None
TCTGAGAGTAAATGAC-1,False,TCTGAGAGTAAATGAC-1_contig_1,False,563,TRB,TRBV12-2+TRBV13-2,None,TRBJ1-5,TRBC1,True,True,CASGTGDNQAPLF,TGTGCCAGCGGTACAGGGGACAACCAGGCTCCGCTTTTT,1278,1,None,None
TCTGAGAGTCATATGC-1,False,TCTGAGAGTCATATGC-1_contig_1,False,560,TRA,TRAV4D-3,None,TRAJ27,TRAC,True,True,CAADGPNTGKLTF,TGTGCTGCGGACGGACCCAATACAGGCAAATTAACCTTT,1926,1,None,None
TCTGAGAGTCCGCTGA-1,False,TCTGAGAGTCCGCTGA-1_contig_1,False,542,TRB,TRBV12-2+TRBV13-2,None,TRBJ2-7,None,True,True,CASGVQGWEQYF,TGTGCCAGCGGTGTACAGGGGTGGGAACAGTACTTC,1540,1,None,None
TCTGAGAGTCTTGATG-1,False,TCTGAGAGTCTTGATG-1_contig_1,False,506,TRA,TRAV7D-3,None,TRAJ31,TRAC,True,False,None,None,1882,1,None,None
TCTGAGAGTGATGTGG-1,False,TCTGAGAGTGATGTGG-1_contig_1,False,545,TRB,TRBV13-2,None,TRBJ2-5,None,True,True,CASGAGMEDTQYF,TGTGCCAGCGGTGCAGGGATGGAAGACACCCAGTACTTT,408,1,None,None
TCTGGAAAGATTACCC-1,False,TCTGGAAAGATTACCC-1_contig_1,False,537,TRB,TRBV12-2+TRBV13-2,None,TRBJ1-2,TRBC1,True,True,CASGGGTGNSDYTF,TGTGCCAGCGGTGGGGGGACAGGGAACTCCGACTACACCTTC,1316,1,None,None
TCTGGAAAGGCTACGA-1,False,TCTGGAAAGGCTACGA-1_contig_1,False,538,TRA,TRAV19,None,TRAJ39,TRAC,True,True,CAAGGNNAGAKLTF,TGCGCAGCAGGTGGGAATAATGCAGGTGCCAAGCTCACATTC,1714,1,None,None
TCTGGAAAGGTGATTA-1,False,TCTGGAAAGGTGATTA-1_contig_1,False,557,TRB,TRBV12-2+TRBV13-2,None,TRBJ2-7,None,True,True,CASGGQGEQYF,TGTGCCAGCGGCGGACAGGGTGAACAGTACTTC,1978,1,None,None
TCTGGAAAGTACACCT-1,False,TCTGGAAAGTACACCT-1_contig_1,False,541,TRB,TRBV16,None,TRBJ2-7,None,True,True,CASSFGGGADEQYF,TGTGCAAGCAGCTTTGGTGGGGGGGCGGATGAACAGTACTTC,1146,1,None,None
TCTGGAAAGTCAAGGC-1,False,TCTGGAAAGTCAAGGC-1_contig_1,False,542,TRA,TRAV9-1,None,TRAJ26,TRAC,True,True,CAVSADYAQGLTF,TGTGCTGTGAGCGCGGACTATGCCCAGGGATTAACCTTC,1088,2,None,None
TCTGGAAAGTCGTTTG-1,False,TCTGGAAAGTCGTTTG-1_contig_1,False,571,TRB,TRBV1,None,TRBJ2-7,None,True,True,CTCSADSLGEYEQYF,TGCACCTGCAGTGCAGATTCGCTGGGGGAGTATGAACAGTACTTC,1162,1,None,None
TCTGGAAAGTGTTAGA-1,False,TCTGGAAAGTGTTAGA-1_contig_1,False,512,TRB,TRBV13-1,None,TRBJ2-3,None,True,True,CASGDSAETLYF,TGTGCCAGCGGGGACAGTGCAGAAACGCTGTATTTT,1882,3,None,None
TCTGGAAAGTGTTAGA-1,False,TCTGGAAAGTGTTAGA-1_contig_2,True,575,TRA,TRAV3D-3,None,TRAJ28,TRAC,True,False,CTSAQSVRGTGSNRLTF,TGTACTTCTGCGCAGTCAGTGAGGGGCACTGGGAGTAACAGGCTCACTTTT,2470,2,None,None
TCTGGAAAGTTAACGA-1,False,TCTGGAAAGTTAACGA-1_contig_1,False,566,TRB,TRBV12-2+TRBV13-2,None,TRBJ1-2,TRBC1,True,True,CASGGGTGNSDYTF,TGTGCCAGCGGTGGGGGGACAGGGAACTCCGACTACACCTTC,374,1,None,None
TCTGGAACAGCATACT-1,False,TCTGGAACAGCATACT-1_contig_1,False,566,TRA,TRAV16D-DV11,None,TRAJ12,TRAC,True,True,CAMREAGTGGYKVVF,TGTGCTATGAGAGAGGCCGGGACTGGAGGCTATAAAGTGGTCTTT,1390,1,None,None
TCTGGAACATGGTTGT-1,False,TCTGGAACATGGTTGT-1_contig_1,False,568,TRB,TRBV12-2+TRBV13-2,None,TRBJ1-2,TRBC1,True,True,CASGGGTGNSDYTF,TGTGCCAGCGGTGGGGGGACAGGGAACTCCGACTACACCTTC,1238,1,None,None
TCTGGAAGTCACCCAG-1,False,TCTGGAAGTCACCCAG-1_contig_1,False,601,TRB,TRBV13-1,None,TRBJ2-3,None,True,False,CASGDSAETLYF,TGTGCCAGCGGGGACAGTGCAGAAACGCTGTATTTT,780,1,None,None
TCTGGAAGTCACTGGC-1,False,TCTGGAAGTCACTGGC-1_contig_1,False,634,TRB,TRBV1,None,TRBJ1-1,TRBC1,True,False,None,None,186,2,None,None
TCTGGAAGTCATTAGC-1,False,TCTGGAAGTCATTAGC-1_contig_1,False,525,TRA,TRAV7N-6,None,TRAJ30,TRAC,True,True,CAVVDTNAYKVIF,TGTGCAGTGGTTGACACAAATGCTTACAAAGTCATCTTT,630,1,None,None
TCTGGAAGTCCAGTGC-1,False,TCTGGAAGTCCAGTGC-1_contig_1,False,505,TRB,TRBV13-1,None,TRBJ2-4,None,True,True,CASSEGTNTLYF,TGTGCCAGCAGTGAAGGAACAAACACCTTGTACTTT,208,1,None,None
TCTGGAAGTCGCATCG-1,False,TCTGGAAGTCGCATCG-1_contig_1,False,549,TRB,TRBV16,None,TRBJ2-5,None,True,True,CASSFGGAPDTQYF,TGTGCAAGCAGCTTTGGGGGGGCGCCAGACACCCAGTACTTT,3584,2,None,None
TCTGGAAGTCGCATCG-1,False,TCTGGAAGTCGCATCG-1_contig_2,False,530,TRA,TRAV4D-4,None,TRAJ45,TRAC,True,True,CAAYTESADRLTF,TGTGCTGCCTATACAGAAAGTGCAGATAGACTCACCTTT,76,1,None,None
TCTGGAAGTCGCATCG-1,False,TCTGGAAGTCGCATCG-1_contig_3,False,560,TRB,TRBV12-2+TRBV13-2,None,TRBJ1-2,TRBC1,True,True,CASGGGTGNSDYTF,TGTGCCAGCGGTGGGGGGACAGGGAACTCCGACTACACCTTC,1020,1,None,None
TCTGGAAGTCTCCCTA-1,False,TCTGGAAGTCTCCCTA-1_contig_1,False,498,TRA,TRAV6-5,None,TRAJ45,TRAC,True,True,CALIHTEGADRLTF,TGTGCTCTGATCCATACAGAAGGTGCAGATAGACTCACCTTT,2698,1,None,None
TCTGGAAGTGAGTATA-1,False,TCTGGAAGTGAGTATA-1_contig_1,False,560,TRB,TRBV12-2+TRBV13-2,None,TRBJ2-7,None,True,True,CASGVQGWEQYF,TGTGCCAGCGGTGTACAGGGGTGGGAACAGTACTTC,982,1,None,None
TCTGGAAGTGAGTATA-1,False,TCTGGAAGTGAGTATA-1_contig_2,False,527,TRA,TRAV6D-5,None,TRAJ38,TRAC,True,False,CTTVFWDNVGDNSKLIW,TGTACTACTGTGTTCTGGGATAATGTTGGTGACAACAGTAAGCTGATTTGG,1532,1,None,None
TCTGGAAGTTTCGCTC-1,False,TCTGGAAGTTTCGCTC-1_contig_1,False,560,TRB,TRBV12-2+TRBV13-2,None,TRBJ2-7,None,True,True,CASGVQGWEQYF,TGTGCCAGCGGTGTACAGGGGTGGGAACAGTACTTC,1056,1,None,None
TCTGGAATCACAACGT-1,False,TCTGGAATCACAACGT-1_contig_1,False,556,TRB,TRBV12-2+TRBV13-2,None,TRBJ2-7,None,True,True,CASGVQGEQYF,TGTGCCAGCGGTGTTCAGGGAGAACAGTACTTC,960,1,None,None
TCTGGAATCAGCATGT-1,False,TCTGGAATCAGCATGT-1_contig_1,False,414,TRB,None,None,TRBJ2-5,None,False,False,None,None,94,1,None,None
TCTGGAATCAGGTTCA-1,False,TCTGGAATCAGGTTCA-1_contig_1,False,566,TRB,TRBV12-2+TRBV13-2,None,TRBJ1-2,TRBC1,True,True,CASGGGTGNSDYTF,TGTGCCAGCGGTGGGGGGACAGGGAACTCCGACTACACCTTC,1058,1,None,None
TCTGGAATCCTGTACC-1,False,TCTGGAATCCTGTACC-1_contig_1,False,522,TRB,TRBV31,None,TRBJ2-3,None,True,True,CAWSLLLGGSAETLYF,TGTGCCTGGAGTCTACTCCTGGGGGGAAGTGCAGAAACGCTGTATTTT,1440,1,None,None
TCTGGAATCCTTTACA-1,False,TCTGGAATCCTTTACA-1_contig_1,False,576,TRA,TRAV4D-3,None,TRAJ27,TRAC,True,True,CAADGPNTGKLTF,TGTGCTGCGGACGGACCCAATACAGGCAAATTAACCTTT,922,1,None,None
TCTGGAATCGCCGTGA-1,False,TCTGGAATCGCCGTGA-1_contig_1,False,537,TRA,TRAV3-3,None,TRAJ49,TRAC,True,True,CAVSGATGYQNFYF,TGCGCAGTCAGTGGGGCCACGGGTTACCAGAACTTCTATTTT,1968,1,None,None
TCTTCGGAGACGCAAC-1,False,TCTTCGGAGACGCAAC-1_contig_1,False,568,TRB,TRBV12-2+TRBV13-2,None,TRBJ1-2,TRBC1,True,True,CASGGGTGNSDYTF,TGTGCCAGCGGTGGGGGGACAGGGAACTCCGACTACACCTTC,1174,1,None,None
TCTTCGGAGATCTGCT-1,False,TCTTCGGAGATCTGCT-1_contig_1,False,644,TRB,TRBV10,None,TRBJ1-6,TRBC1,True,False,CQQLRGGAYNSPLYF,TGCCAGCAGCTAAGAGGGGGAGCCTATAATTCGCCCCTCTACTTT,1794,1,None,None
TCTTCGGAGCACAGGT-1,False,TCTTCGGAGCACAGGT-1_contig_1,False,456,TRA,TRAV3D-3,None,TRAJ28,TRAC,True,False,CTSAQSVRGTGSNRLTF,TGTACTTCTGCGCAGTCAGTGAGGGGCACTGGGAGTAACAGGCTCACTTTT,2292,1,None,None
TCTTCGGAGCCTCGTG-1,False,TCTTCGGAGCCTCGTG-1_contig_1,False,538,TRA,TRAV3D-3,None,TRAJ28,TRAC,True,False,CTSAQSVRGTGSNRLTF,TGTACTTCTGCGCAGTCAGTGAGGGGCACTGGGAGTAACAGGCTCACTTTT,650,2,None,None
TCTTCGGAGGACACCA-1,False,TCTTCGGAGGACACCA-1_contig_1,False,635,TRB,TRBV12-2+TRBV13-2,None,TRBJ1-2,TRBC1,True,True,CASGGGTGNSDYTF,TGTGCCAGCGGTGGGGGGACAGGGAACTCCGACTACACCTTC,1462,1,None,None
TCTTCGGAGTGGGCTA-1,False,TCTTCGGAGTGGGCTA-1_contig_1,True,370,TRB,None,None,TRBJ1-2,TRBC1,False,False,None,None,1754,3,None,None
TCTTCGGAGTGGGCTA-1,False,TCTTCGGAGTGGGCTA-1_contig_2,True,430,TRA,TRAV12-3,None,TRAJ22,TRAC,True,False,None,None,2612,1,None,None
TCTTCGGAGTTCGCAT-1,False,TCTTCGGAGTTCGCAT-1_contig_1,False,549,TRA,TRAV8N-2,None,TRAJ13,TRAC,True,True,CATEDSGTYQRF,TGTGCTACTGAGGATTCTGGGACTTACCAGAGGTTT,728,1,None,None
TCTTCGGCAAACGTGG-1,False,TCTTCGGCAAACGTGG-1_contig_1,False,522,TRA,TRAV6-6,None,TRAJ39,TRAC,True,True,CALGDWNNAGAKLTF,TGTGCTCTGGGTGATTGGAATAATGCAGGTGCCAAGCTCACATTC,298,1,None,None
TCTTCGGCAGCAGTTT-1,False,TCTTCGGCAGCAGTTT-1_contig_1,False,549,TRB,TRBV16,None,TRBJ2-7,None,True,True,CASSFGGGADEQYF,TGTGCAAGCAGCTTTGGTGGGGGGGCGGATGAACAGTACTTC,866,1,None,None
TCTTCGGCAGGTCTCG-1,False,TCTTCGGCAGGTCTCG-1_contig_1,False,507,TRA,TRAV21-DV12,None,TRAJ42,TRAC,True,True,CILRVHGGSNAKLTF,TGTATCCTGAGAGTCCATGGAGGAAGCAATGCAAAGCTAACCTTC,1948,1,None,None
TCTTCGGCAGGTCTCG-1,False,TCTTCGGCAGGTCTCG-1_contig_2,False,605,TRB,TRBV13-2,None,TRBJ1-2,TRBC1,True,True,CASGGGTGNSDYTF,TGTGCCAGCGGTGGGGGGACAGGGAACTCCGACTACACCTTC,1400,1,None,None
TCTTCGGCAGTTCATG-1,False,TCTTCGGCAGTTCATG-1_contig_1,False,588,TRA,TRAV7-4,None,TRAJ33,TRAC,True,True,CAARDSNYQLIW,TGTGCAGCTAGGGATAGCAACTATCAGTTGATCTGG,2194,1,None,None
TCTTCGGCATGGTCTA-1,False,TCTTCGGCATGGTCTA-1_contig_1,False,569,TRB,TRBV12-2+TRBV13-2,None,TRBJ2-7,None,True,True,CASGVQGEQYF,TGTGCCAGCGGTGTTCAGGGAGAACAGTACTTC,892,1,None,None
TCTTCGGGTAAAGGAG-1,False,TCTTCGGGTAAAGGAG-1_contig_1,False,438,TRB,None,None,TRBJ1-4,TRBC1,False,False,None,None,2510,1,None,None
TCTTCGGGTAATAGCA-1,False,TCTTCGGGTAATAGCA-1_contig_1,False,549,TRA,TRAV4D-3,None,TRAJ27,TRAC,True,True,CAADGPNTGKLTF,TGTGCTGCGGACGGACCCAATACAGGCAAATTAACCTTT,2018,1,None,None
TCTTCGGGTACCCAAT-1,False,TCTTCGGGTACCCAAT-1_contig_1,False,569,TRB,TRBV12-2+TRBV13-2,None,TRBJ2-3,None,True,True,CASGDAPPGEGTLYF,TGTGCCAGCGGTGATGCACCTCCAGGGGAGGGAACGCTGTATTTT,1716,1,None,None
TCTTCGGGTCTAGGTT-1,False,TCTTCGGGTCTAGGTT-1_contig_1,False,525,TRB,TRBV17,None,TRBJ2-5,None,True,True,CASSRKGIQDTQYF,TGTGCTAGCAGTAGAAAGGGGATCCAAGACACCCAGTACTTT,1826,1,None,None
TCTTCGGGTGATAAGT-1,False,TCTTCGGGTGATAAGT-1_contig_1,False,555,TRA,TRAV3-3,None,TRAJ49,TRAC,True,True,CAVSGATGYQNFYF,TGCGCAGTCAGTGGGGCCACGGGTTACCAGAACTTCTATTTT,2392,1,None,None
TCTTCGGGTTAGATGA-1,False,TCTTCGGGTTAGATGA-1_contig_1,False,318,TRB,None,None,TRBJ1-1,TRBC1,False,False,None,None,2422,1,None,None
TCTTCGGGTTCCGGCA-1,False,TCTTCGGGTTCCGGCA-1_contig_1,False,576,TRB,TRBV12-2+TRBV13-2,None,TRBJ2-7,None,True,True,CASGVQGEQYF,TGTGCCAGCGGTGTTCAGGGAGAACAGTACTTC,1426,1,None,None
TCTTCGGGTTGTACAC-1,False,TCTTCGGGTTGTACAC-1_contig_1,False,512,TRB,TRBV26,None,TRBJ2-5,None,True,True,CASSRGTDTQYF,TGTGCCAGCAGCCGCGGGACCGACACCCAGTACTTT,2272,2,None,None
TCTTCGGTCATAAAGG-1,False,TCTTCGGTCATAAAGG-1_contig_1,False,615,TRB,None,None,TRBJ2-7,None,False,False,None,None,1350,1,None,None
TCTTCGGTCGCCTGTT-1,False,TCTTCGGTCGCCTGTT-1_contig_1,False,502,TRB,TRBV13-1,None,TRBJ2-2,None,True,True,CASSDPGQLYF,TGTGCCAGCAGTGACCCCGGGCAGCTCTACTTT,1386,1,None,None
TCTTCGGTCGTCACGG-1,False,TCTTCGGTCGTCACGG-1_contig_1,False,566,TRB,TRBV12-2+TRBV13-2,None,TRBJ1-2,TRBC1,True,True,CASGGGTGNSDYTF,TGTGCCAGCGGTGGGGGGACAGGGAACTCCGACTACACCTTC,1498,1,None,None
TCTTTCCAGAAGGGTA-1,False,TCTTTCCAGAAGGGTA-1_contig_1,False,577,TRB,TRBV13-2,None,TRBJ2-7,None,True,True,CASGVQGEQYF,TGTGCCAGCGGTGTTCAGGGAGAACAGTACTTC,3344,2,None,None
TCTTTCCAGATGTGGC-1,False,TCTTTCCAGATGTGGC-1_contig_1,False,566,TRA,TRAV3-3,None,TRAJ49,TRAC,True,True,CAVSGSTGYQNFYF,TGCGCAGTCAGTGGGAGCACGGGTTACCAGAACTTCTATTTT,2100,1,None,None
TCTTTCCCAAAGCAAT-1,False,TCTTTCCCAAAGCAAT-1_contig_1,False,567,TRB,TRBV12-2+TRBV13-2,None,TRBJ1-2,TRBC1,True,True,CASGGGTGNSDYTF,TGTGCCAGCGGTGGGGGGACAGGGAACTCCGACTACACCTTC,1374,1,None,None
TCTTTCCCACCCATTC-1,False,TCTTTCCCACCCATTC-1_contig_1,False,564,TRB,TRBV12-2+TRBV13-2,None,TRBJ1-2,TRBC1,True,True,CASGGGTGNSDYTF,TGTGCCAGCGGTGGGGGGACAGGGAACTCCGACTACACCTTC,590,1,None,None
TCTTTCCCACCTGGTG-1,False,TCTTTCCCACCTGGTG-1_contig_1,False,499,TRA,TRAV1,None,TRAJ27,TRAC,True,False,None,None,2922,4,None,None
TCTTTCCCAGTAGAGC-1,False,TCTTTCCCAGTAGAGC-1_contig_1,False,540,TRB,TRBV5,None,TRBJ2-2,None,True,True,CASSQDRHTGQLYF,TGTGCCAGCAGCCAAGATAGACACACCGGGCAGCTCTACTTT,1840,1,None,None
TCTTTCCCAGTAGAGC-1,False,TCTTTCCCAGTAGAGC-1_contig_2,False,545,TRB,TRBV12-2+TRBV13-2,None,TRBJ2-5,None,True,True,CASGAGMEDTQYF,TGTGCCAGCGGTGCAGGGATGGAAGACACCCAGTACTTT,1032,1,None,None
TCTTTCCCATAGTAAG-1,False,TCTTTCCCATAGTAAG-1_contig_1,False,505,TRB,TRBV13-1,None,TRBJ2-5,None,True,True,CASSDGDDTQYF,TGTGCCAGCAGTGACGGGGACGACACCCAGTACTTT,738,1,None,None
TCTTTCCCATTAGGCT-1,False,TCTTTCCCATTAGGCT-1_contig_1,False,527,TRB,TRBV15,None,TRBJ1-3,TRBC1,True,True,CASSLNRGSSGNTLYF,TGTGCCAGCAGTTTAAACAGGGGGAGTTCTGGAAATACGCTCTATTTT,5860,4,None,None
TCTTTCCGTGGTCTCG-1,False,TCTTTCCGTGGTCTCG-1_contig_1,False,507,TRA,TRAV21-DV12,None,TRAJ42,TRAC,True,True,CILRVHGGSNAKLTF,TGTATCCTGAGAGTCCATGGAGGAAGCAATGCAAAGCTAACCTTC,4532,2,None,None
TCTTTCCGTGTTGGGA-1,False,TCTTTCCGTGTTGGGA-1_contig_1,False,423,TRB,None,None,TRBJ2-7,None,False,False,None,None,928,1,None,None
TCTTTCCGTTGTTTGG-1,False,TCTTTCCGTTGTTTGG-1_contig_1,False,580,TRA,TRAV16D-DV11,None,TRAJ22,TRAC,True,True,CAMRASSGSWQLIF,TGTGCTATGAGGGCATCTTCTGGCAGCTGGCAACTCATCTTT,2518,1,None,None
TCTTTCCGTTGTTTGG-1,False,TCTTTCCGTTGTTTGG-1_contig_2,False,502,TRB,TRBV13-1,None,TRBJ1-4,TRBC1,True,True,CASSGGERLFF,TGTGCCAGCAGTGGGGGCGAAAGATTATTTTTC,1708,1,None,None
TCTTTCCGTTGTTTGG-1,False,TCTTTCCGTTGTTTGG-1_contig_3,False,512,TRB,TRBV13-1,None,TRBJ2-4,None,True,True,CASSEGTNTLYF,TGTGCCAGCAGTGAAGGAACAAACACCTTGTACTTT,2232,3,None,None
TCTTTCCGTTGTTTGG-1,False,TCTTTCCGTTGTTTGG-1_contig_4,True,519,TRA,TRAV7D-5,None,TRAJ15,TRAC,True,False,None,None,2122,1,None,None
TCTTTCCTCAGTCAGT-1,False,TCTTTCCTCAGTCAGT-1_contig_1,False,568,TRB,TRBV12-2+TRBV13-2,None,TRBJ1-2,TRBC1,True,True,CASGGGTGNSDYTF,TGTGCCAGCGGTGGGGGGACAGGGAACTCCGACTACACCTTC,1110,1,None,None
TCTTTCCTCCTAAGTG-1,False,TCTTTCCTCCTAAGTG-1_contig_1,False,565,TRB,TRBV12-2+TRBV13-2,None,TRBJ1-5,TRBC1,True,True,CASGTGDNQAPLF,TGTGCCAGCGGGACAGGCGACAACCAGGCTCCGCTTTTT,1616,1,None,None
TCTTTCCTCCTAAGTG-1,False,TCTTTCCTCCTAAGTG-1_contig_2,False,608,TRB,TRBV13-1,None,TRBJ2-4,None,True,False,CASSEGTNTLYF,TGTGCCAGCAGTGAAGGAACAAACACCTTGTACTTT,1246,1,None,None
TCTTTCCTCCTATGTT-1,False,TCTTTCCTCCTATGTT-1_contig_1,False,525,TRB,TRBV17,None,TRBJ2-5,None,True,True,CASSRKGSQDTQYF,TGTGCTAGCAGTAGAAAGGGTTCTCAAGACACCCAGTACTTT,584,1,None,None
TCTTTCCTCCTATGTT-1,False,TCTTTCCTCCTATGTT-1_contig_2,False,566,TRB,TRBV12-2+TRBV13-2,None,TRBJ1-2,TRBC1,True,True,CASGGGTGNSDYTF,TGTGCCAGCGGTGGGGGGACAGGGAACTCCGACTACACCTTC,1068,1,None,None
TCTTTCCTCGTAGGAG-1,False,TCTTTCCTCGTAGGAG-1_contig_1,False,578,TRB,TRBV12-2+TRBV13-2,None,TRBJ2-7,None,True,True,CASGVQGGEQYF,TGTGCCAGCGGTGTGCAGGGGGGAGAACAGTACTTC,1522,1,None,None
TCTTTCCTCGTGGGAA-1,False,TCTTTCCTCGTGGGAA-1_contig_1,False,437,TRB,TRBV13-2,None,TRBJ2-1,None,True,False,CATEAAYAEQFF,TGTGCCACTGAGGCAGCCTATGCTGAGCAGTTCTTC,926,1,None,None
TCTTTCCTCTCGTTTA-1,False,TCTTTCCTCTCGTTTA-1_contig_1,False,549,TRB,TRBV16,None,TRBJ2-5,None,True,True,CASSLGGGQDTQYF,TGTGCAAGCAGCTTAGGGGGGGGCCAAGACACCCAGTACTTT,1700,1,None,None
TGAAAGAAGACGCACA-1,False,TGAAAGAAGACGCACA-1_contig_1,False,593,TRA,TRAV19,None,TRAJ39,TRAC,True,True,CAAGGNNAGAKLTF,TGCGCAGCAGGTGGGAATAATGCAGGTGCCAAGCTCACATTC,1634,1,None,None
TGAAAGAAGCAAATCA-1,False,TGAAAGAAGCAAATCA-1_contig_1,False,505,TRB,TRBV13-1,None,TRBJ2-3,None,True,True,CASGDSAETLYF,TGTGCCAGCGGGGACAGTGCAGAAACGCTGTATTTT,1910,1,None,None
TGAAAGAAGCTCAACT-1,False,TGAAAGAAGCTCAACT-1_contig_1,False,379,TRA,TRAV9D-3,None,TRAJ37,TRAC,True,False,None,None,2506,1,None,None
TGAAAGAAGGGATGGG-1,False,TGAAAGAAGGGATGGG-1_contig_1,False,562,TRB,TRBV12-2+TRBV13-2,None,TRBJ1-5,TRBC1,True,True,CASGTGDNQAPLF,TGTGCCAGCGGGACAGGGGACAACCAGGCTCCGCTTTTT,832,1,None,None
TGAAAGAAGTCATCCA-1,False,TGAAAGAAGTCATCCA-1_contig_1,False,501,TRB,TRBV13-1,None,TRBJ2-3,None,True,True,CASGDSAETLYF,TGTGCCAGCGGGGACAGTGCAGAAACGCTGTATTTT,944,1,None,None
TGAAAGAAGTTGCAGG-1,False,TGAAAGAAGTTGCAGG-1_contig_1,False,549,TRB,TRBV16,None,TRBJ2-5,None,True,True,CASSLGGNQDTQYF,TGTGCAAGCAGCTTGGGGGGTAACCAAGACACCCAGTACTTT,9182,9,None,None
TGAAAGAAGTTGCAGG-1,False,TGAAAGAAGTTGCAGG-1_contig_2,False,511,TRA,TRAV6N-6,None,TRAJ2,TRAC,True,True,CALYTGGLSGKLTF,TGCGCTCTGTATACTGGAGGACTAAGTGGTAAATTAACATTC,6274,5,None,None
TGAAAGAAGTTGCAGG-1,False,TGAAAGAAGTTGCAGG-1_contig_3,False,505,TRB,TRBV13-1,None,TRBJ2-4,None,True,True,CASSEGTNTLYF,TGTGCCAGCAGTGAAGGAACAAACACCTTGTACTTT,12914,9,None,None
TGAAAGAAGTTGCAGG-1,False,TGAAAGAAGTTGCAGG-1_contig_4,True,503,TRB,TRBV31,None,TRBJ2-1,None,True,False,CLEGRGGTEQFF,TGCCTGGAAGGGAGGGGGGGCACTGAGCAGTTCTTC,6660,4,None,None
TGAAAGAAGTTGCAGG-1,False,TGAAAGAAGTTGCAGG-1_contig_5,True,420,TRA,TRAV6-6,None,TRAJ24,TRAC,True,False,None,None,3780,2,None,None
TGAAAGAAGTTGCAGG-1,False,TGAAAGAAGTTGCAGG-1_contig_6,True,300,TRB,None,None,TRBJ2-2,None,False,False,None,None,3598,1,None,None
TGAAAGAAGTTGCAGG-1,False,TGAAAGAAGTTGCAGG-1_contig_7,True,326,TRB,None,None,TRBJ2-7,None,False,False,None,None,4156,2,None,None
TGAAAGAAGTTGCAGG-1,False,TGAAAGAAGTTGCAGG-1_contig_8,True,513,TRA,TRAV6-6,None,TRAJ12,TRAC,True,False,CSGLTGGYKVVF,TGCTCTGGGTTAACTGGAGGCTATAAAGTGGTCTTT,12736,7,None,None
TGAAAGAAGTTGCAGG-1,False,TGAAAGAAGTTGCAGG-1_contig_9,True,423,TRA,TRAV9D-2,None,TRAJ26,TRAC,True,False,CVLSRGNNYAQGLTF,TGTGTTCTGAGCAGGGGCAATAACTATGCCCAGGGATTAACCTTC,7492,3,None,None
TGAAAGACAAACTGTC-1,False,TGAAAGACAAACTGTC-1_contig_1,False,354,TRB,None,None,TRBJ2-1,None,False,False,None,None,2160,1,None,None
TGAAAGACAAGTTCTG-1,False,TGAAAGACAAGTTCTG-1_contig_1,False,552,Multi,TRDV1,None,TRAJ45,TRAC,True,False,CGGTEGADRLTF,TGTGGAGGGACAGAAGGTGCAGATAGACTCACCTTT,202,2,None,None
TGAAAGACACAGCCCA-1,False,TGAAAGACACAGCCCA-1_contig_1,False,361,TRB,None,None,TRBJ2-1,None,False,False,None,None,194,1,None,None
TGAAAGACAGACGCCT-1,False,TGAAAGACAGACGCCT-1_contig_1,False,538,TRA,TRAV3D-3,None,TRAJ28,TRAC,True,False,CTSAQSVRGTGSNRLTF,TGTACTTCTGCGCAGTCAGTGAGGGGCACTGGGAGTAACAGGCTCACTTTT,1902,1,None,None
TGAAAGACATAGAAAC-1,False,TGAAAGACATAGAAAC-1_contig_1,False,354,TRB,None,None,TRBJ1-6,TRBC1,False,False,None,None,2916,1,None,None
TGAAAGAGTATAGTAG-1,False,TGAAAGAGTATAGTAG-1_contig_1,False,541,TRA,TRAV8D-1,None,TRAJ30,TRAC,True,True,CATDTNAYKVIF,TGTGCTACTGACACAAATGCTTACAAAGTCATCTTT,2070,1,None,None
TGAAAGAGTCAAAGAT-1,False,TGAAAGAGTCAAAGAT-1_contig_1,False,558,TRA,TRAV4D-3,None,TRAJ27,TRAC,True,True,CAADGPNTGKLTF,TGTGCTGCGGACGGACCCAATACAGGCAAATTAACCTTT,2358,1,None,None
TGAAAGAGTCCATGAT-1,False,TGAAAGAGTCCATGAT-1_contig_1,False,515,TRB,TRBV13-1,None,TRBJ2-1,None,True,True,CASSGGDYAEQFF,TGTGCCAGCAGTGGGGGGGACTATGCTGAGCAGTTCTTC,3412,2,None,None
TGAAAGATCCGCAGTG-1,False,TGAAAGATCCGCAGTG-1_contig_1,False,654,TRB,TRBV5,None,TRBJ2-2,None,True,False,CASSTGQLYF,TGTGCCAGCAGCACCGGGCAGCTCTACTTT,876,1,None,None
TGAAAGATCCGCAGTG-1,False,TGAAAGATCCGCAGTG-1_contig_2,False,601,TRB,TRBV13-1,None,TRBJ2-4,None,True,False,CASSEGTNTLYF,TGTGCCAGCAGTGAAGGAACAAACACCTTGTACTTT,1144,1,None,None
TGAAAGATCTGCAAGT-1,False,TGAAAGATCTGCAAGT-1_contig_1,False,567,TRB,TRBV12-2+TRBV13-2,None,TRBJ1-5,TRBC1,True,True,CASGTGDNQAPLF,TGTGCCAGCGGGACGGGGGACAACCAGGCTCCGCTTTTT,1852,1,None,None
TGAAAGATCTGCTGCT-1,False,TGAAAGATCTGCTGCT-1_contig_1,True,563,TRA,TRAV15D-1-DV6D-1,None,TRAJ16,TRAC,True,False,None,None,98,4,None,None
TGAAAGATCTGCTGCT-1,False,TGAAAGATCTGCTGCT-1_contig_2,True,635,TRB,None,None,TRBJ2-5,None,False,False,None,None,6142,4,None,None
TGACAACAGAACTCGG-1,False,TGACAACAGAACTCGG-1_contig_1,False,523,TRA,TRAV8D-1,None,TRAJ30,TRAC,True,True,CALDTNAYKVIF,TGTGCCCTCGACACAAATGCTTACAAAGTCATCTTT,1242,1,None,None
TGACAACAGATCCCAT-1,False,TGACAACAGATCCCAT-1_contig_1,False,512,TRB,TRBV13-1,None,TRBJ2-3,None,True,True,CASGDSAETLYF,TGTGCCAGCGGGGACAGTGCAGAAACGCTGTATTTT,3484,2,None,None
TGACAACAGATCCCAT-1,False,TGACAACAGATCCCAT-1_contig_2,True,382,TRB,None,None,TRBJ1-6,TRBC1,False,False,None,None,1822,1,None,None
TGACAACAGCCATCGC-1,False,TGACAACAGCCATCGC-1_contig_1,False,577,TRA,TRAV14N-3,None,TRAJ6,TRAC,True,True,CAARTSGGNYKPTF,TGTGCAGCAAGAACCTCAGGAGGAAACTACAAACCTACGTTT,1918,1,None,None
TGACAACCACATCTTT-1,False,TGACAACCACATCTTT-1_contig_1,False,637,TRB,TRBV12-2+TRBV13-2,None,TRBJ1-5,TRBC1,True,True,CASGTGDNQAPLF,TGTGCCAGCGGTACAGGGGATAACCAGGCTCCGCTTTTT,1380,1,None,None
TGACAACCACCGAATT-1,False,TGACAACCACCGAATT-1_contig_1,False,564,TRB,TRBV12-2+TRBV13-2,None,TRBJ1-2,TRBC1,True,True,CASGGGTGNSDYTF,TGTGCCAGCGGTGGGGGGACAGGGAACTCCGACTACACCTTC,730,1,None,None
TGACAACCACTGTCGG-1,False,TGACAACCACTGTCGG-1_contig_1,False,568,TRB,TRBV12-2+TRBV13-2,None,TRBJ1-2,TRBC1,True,True,CASGGGTGNSDYTF,TGTGCCAGCGGTGGGGGGACAGGGAACTCCGACTACACCTTC,1232,1,None,None
TGACAACCATAGTAAG-1,False,TGACAACCATAGTAAG-1_contig_1,False,549,TRB,TRBV16,None,TRBJ2-5,None,True,True,CASSWGGGQDTQYF,TGTGCAAGCAGCTGGGGGGGCGGGCAAGACACCCAGTACTTT,3108,1,None,None
TGACAACCATCAGTCA-1,False,TGACAACCATCAGTCA-1_contig_1,False,577,TRB,TRBV12-2+TRBV13-2,None,TRBJ2-3,None,True,True,CASGDAPPGEGTLYF,TGTGCCAGCGGTGATGCACCTCCAGGGGAGGGAACGCTGTATTTT,2034,1,None,None
TGACAACGTAAGAGAG-1,False,TGACAACGTAAGAGAG-1_contig_1,False,512,TRB,TRBV13-1,None,TRBJ2-3,None,True,True,CASGDSAETLYF,TGTGCCAGCGGGGACAGTGCAGAAACGCTGTATTTT,1506,1,None,None
TGACAACGTAGGGTAC-1,False,TGACAACGTAGGGTAC-1_contig_1,False,607,TRB,None,None,TRBJ2-7,None,False,False,None,None,1104,1,None,None
TGACAACGTAGGGTAC-1,False,TGACAACGTAGGGTAC-1_contig_2,False,439,TRA,None,None,TRAJ41,TRAC,False,False,None,None,2528,1,None,None
TGACAACGTCCAGTAT-1,False,TGACAACGTCCAGTAT-1_contig_1,False,496,TRA,TRAV6-6,None,TRAJ17,TRAC,True,False,CTTVLWVTNSAGNKLTF,TGTACTACTGTGCTCTGGGTGACTAACAGTGCAGGGAACAAGCTAACTTTT,2468,1,None,None
TGACAACGTCCAGTTA-1,False,TGACAACGTCCAGTTA-1_contig_1,False,593,TRB,TRBV12-2,None,TRBJ1-2,TRBC1,True,True,CASSLSTGGVNSDYTF,TGTGCCAGCTCTCTATCGACAGGGGGCGTGAACTCCGACTACACCTTC,986,1,None,None
TGACAACGTCGAAAGC-1,False,TGACAACGTCGAAAGC-1_contig_1,False,549,TRB,TRBV16,None,TRBJ2-5,None,True,True,CASSWGGGQDTQYF,TGTGCAAGCAGCTGGGGGGGCGGGCAAGACACCCAGTACTTT,2708,2,None,None
TGACAACGTGGCCCTA-1,False,TGACAACGTGGCCCTA-1_contig_1,False,559,TRB,TRBV12-2+TRBV13-2,None,TRBJ2-7,None,True,True,CASGDPGHRDF,TGTGCCAGCGGTGATCCGGGACACAGAGACTTC,1098,1,None,None
TGACAACGTTAAGAAC-1,False,TGACAACGTTAAGAAC-1_contig_1,False,434,TRB,None,None,TRBJ2-7,None,False,False,None,None,2644,1,None,None
TGACAACTCACAATGC-1,False,TGACAACTCACAATGC-1_contig_1,False,319,TRB,None,None,TRBJ2-7,None,False,False,None,None,2734,1,None,None
TGACAACTCCTGCAGG-1,False,TGACAACTCCTGCAGG-1_contig_1,False,516,TRA,TRAV19,None,TRAJ39,TRAC,True,True,CAAGGNNAGAKLTF,TGCGCAGCAGGTGGGAATAATGCAGGTGCCAAGCTCACATTC,2052,1,None,None
TGACAACTCGTTTGCC-1,False,TGACAACTCGTTTGCC-1_contig_1,False,525,TRA,TRAV6-5,None,TRAJ30,TRAC,True,False,None,None,2204,1,None,None
TGACAACTCTCTTATG-1,False,TGACAACTCTCTTATG-1_contig_1,False,549,TRB,TRBV16,None,TRBJ2-5,None,True,True,CASSLGGNQDTQYF,TGTGCAAGCAGCTTGGGGGGTAACCAAGACACCCAGTACTTT,5564,4,None,None
TGACAACTCTCTTATG-1,False,TGACAACTCTCTTATG-1_contig_2,False,561,TRA,TRAV6-6,None,TRAJ24,TRAC,True,True,CAPLTTASLGKLQF,TGTGCTCCGTTGACAACTGCCAGTTTGGGGAAACTGCAGTTT,6548,7,None,None
TGACAACTCTCTTATG-1,False,TGACAACTCTCTTATG-1_contig_3,False,505,TRB,TRBV13-1,None,TRBJ2-4,None,True,True,CASSEGTNTLYF,TGTGCCAGCAGTGAAGGAACAAACACCTTGTACTTT,22836,18,None,None
TGACGGCAGCGCCTCA-1,False,TGACGGCAGCGCCTCA-1_contig_1,False,501,TRB,TRBV16,None,TRBJ2-5,None,True,False,CASSLGGGQDTQYF,TGTGCAAGCAGCTTAGGGGGGGGCCAAGACACCCAGTACTTT,1606,1,None,None
TGACGGCGTAAAGTCA-1,False,TGACGGCGTAAAGTCA-1_contig_1,False,511,TRA,TRAV7D-3,None,TRAJ35,TRAC,True,False,None,None,2144,1,None,None
TGACGGCGTCGACTAT-1,False,TGACGGCGTCGACTAT-1_contig_1,False,566,TRB,TRBV12-2,None,TRBJ2-5,None,True,True,CASSLQGVQDTQYF,TGTGCCAGCTCTCTCCAGGGGGTCCAAGACACCCAGTACTTT,490,1,None,None
TGACGGCGTGAAAGAG-1,False,TGACGGCGTGAAAGAG-1_contig_1,False,558,TRA,TRAV19,None,TRAJ39,TRAC,True,True,CAAGGNNAGAKLTF,TGCGCAGCAGGTGGGAATAATGCAGGTGCCAAGCTCACATTC,3152,2,None,None
TGACGGCTCAACACCA-1,False,TGACGGCTCAACACCA-1_contig_1,False,601,TRB,TRBV12-2+TRBV13-2,None,TRBJ1-2,TRBC1,True,True,CASGGGTGNSDYTF,TGTGCCAGCGGTGGGGGGACAGGGAACTCCGACTACACCTTC,1780,1,None,None
TGACGGCTCAGCAACT-1,False,TGACGGCTCAGCAACT-1_contig_1,False,564,TRB,TRBV12-2+TRBV13-2,None,TRBJ1-2,TRBC1,True,True,CASGGGTGNSDYTF,TGTGCCAGCGGTGGGGGGACAGGGAACTCCGACTACACCTTC,454,1,None,None
TGACGGCTCCACTGGG-1,False,TGACGGCTCCACTGGG-1_contig_1,False,512,TRB,TRBV13-1,None,TRBJ2-4,None,True,True,CASSEGTNTLYF,TGTGCCAGCAGTGAAGGAACAAACACCTTGTACTTT,1694,1,None,None
TGACGGCTCCCTGACT-1,False,TGACGGCTCCCTGACT-1_contig_1,False,563,TRB,TRBV12-2+TRBV13-2,None,TRBJ2-7,None,True,True,CASGTGGDYEQYF,TGTGCCAGCGGGACTGGGGGGGACTATGAACAGTACTTC,1440,2,None,None
TGACGGCTCCGCAAGC-1,False,TGACGGCTCCGCAAGC-1_contig_1,False,566,TRB,TRBV12-2+TRBV13-2,None,TRBJ2-7,None,True,True,CASGTGGDYEQYF,TGTGCCAGCGGGACTGGGGGGGACTATGAACAGTACTTC,480,1,None,None
TGACGGCTCCTTAATC-1,False,TGACGGCTCCTTAATC-1_contig_1,False,549,TRB,TRBV16,None,TRBJ2-5,None,True,True,CASSLGGGQDTQYF,TGTGCAAGCAGCTTAGGGGGGGGCCAAGACACCCAGTACTTT,544,1,None,None
TGACGGCTCGGCGCTA-1,False,TGACGGCTCGGCGCTA-1_contig_1,False,370,TRB,None,None,TRBJ1-4,TRBC1,False,False,None,None,2040,1,None,None
TGACGGCTCTACCAGA-1,False,TGACGGCTCTACCAGA-1_contig_1,False,549,TRB,TRBV16,None,TRBJ2-5,None,True,True,CASSLGGGQDTQYF,TGTGCAAGCAGCTTAGGGGGGGGCCAAGACACCCAGTACTTT,1224,1,None,None
TGACGGCTCTACTCAT-1,False,TGACGGCTCTACTCAT-1_contig_1,False,391,TRB,None,None,TRBJ1-6,TRBC1,False,False,None,None,1544,1,None,None
TGACTAGAGTATTGGA-1,False,TGACTAGAGTATTGGA-1_contig_1,False,303,TRB,None,None,TRBJ1-6,TRBC1,False,False,None,None,3260,1,None,None
TGACTAGCAACTTGAC-1,False,TGACTAGCAACTTGAC-1_contig_1,False,552,TRA,TRAV8N-2,None,TRAJ43,TRAC,True,False,CATDANNNNAPRF,TGTGCTACTGATGCCAATAACAACAATGCCCCACGATTT,2660,1,None,None
TGACTAGCAAGGTGTG-1,False,TGACTAGCAAGGTGTG-1_contig_1,False,514,TRB,TRBV12-2+TRBV13-2,None,TRBJ2-7,None,True,False,CASGTGGDYEQYF,TGTGCCAGCGGGACTGGGGGGGACTATGAACAGTACTTC,2028,1,None,None
TGACTAGCACCGTTGG-1,False,TGACTAGCACCGTTGG-1_contig_1,False,593,TRA,TRAV19,None,TRAJ39,TRAC,True,True,CAAGGNNAGAKLTF,TGCGCAGCAGGTGGGAATAATGCAGGTGCCAAGCTCACATTC,5212,4,None,None
TGACTAGCACCGTTGG-1,False,TGACTAGCACCGTTGG-1_contig_2,False,631,TRB,TRBV12-2+TRBV13-2,None,TRBJ1-2,TRBC1,True,True,CASGGGTGNSDYTF,TGTGCCAGCGGTGGGGGGACAGGGAACTCCGACTACACCTTC,3394,3,None,None
TGACTAGCACCGTTGG-1,False,TGACTAGCACCGTTGG-1_contig_3,False,582,TRA,TRAV8-1,None,TRAJ30,TRAC,True,True,CATDTNAYKVIF,TGTGCTACCGACACAAATGCTTACAAAGTCATCTTT,5250,3,None,None
TGACTAGCACCGTTGG-1,False,TGACTAGCACCGTTGG-1_contig_4,False,628,TRB,TRBV12-2+TRBV13-2,None,TRBJ1-5,TRBC1,True,True,CASGTGDNQAPLF,TGTGCCAGCGGTACAGGAGACAACCAGGCTCCGCTTTTT,15882,11,None,None
TGACTAGCACCGTTGG-1,False,TGACTAGCACCGTTGG-1_contig_5,True,470,TRB,None,None,TRBJ1-4,TRBC1,False,False,None,None,2742,3,None,None
TGACTAGCACCGTTGG-1,False,TGACTAGCACCGTTGG-1_contig_6,True,357,TRB,None,None,TRBJ2-1,None,False,False,None,None,20578,12,None,None
TGACTAGCACGGTTTA-1,False,TGACTAGCACGGTTTA-1_contig_1,False,334,TRB,None,None,TRBJ2-1,None,False,False,None,None,2748,2,None,None
TGACTAGCACTGCCAG-1,False,TGACTAGCACTGCCAG-1_contig_1,False,561,TRB,TRBV12-2+TRBV13-2,None,TRBJ2-5,None,True,True,CASGAGMEDTQYF,TGTGCCAGCGGTGCAGGGATGGAAGACACCCAGTACTTT,950,1,None,None
TGACTAGCATGTTCCC-1,False,TGACTAGCATGTTCCC-1_contig_1,False,528,TRB,TRBV13-2,None,TRBJ1-2,TRBC1,True,True,CASGGGTGNSDYTF,TGTGCCAGCGGTGGGGGGACAGGGAACTCCGACTACACCTTC,1330,1,None,None
TGACTAGGTCTGCAAT-1,False,TGACTAGGTCTGCAAT-1_contig_1,False,524,TRA,TRAV3D-3,None,TRAJ26,TRAC,True,True,CAVSANNYAQGLTF,TGCGCAGTCAGTGCAAATAACTATGCCCAGGGATTAACCTTC,1706,1,None,None
TGACTAGGTGCGCTTG-1,False,TGACTAGGTGCGCTTG-1_contig_1,False,549,TRB,TRBV16,None,TRBJ2-5,None,True,True,CASSLGGGQDTQYF,TGTGCAAGCAGCTTAGGGGGGGGCCAAGACACCCAGTACTTT,536,1,None,None
TGACTAGGTTCTGGTA-1,False,TGACTAGGTTCTGGTA-1_contig_1,False,525,TRB,TRBV17,None,TRBJ2-5,None,True,True,CASSRKGVQDTQYF,TGTGCTAGCAGTAGAAAGGGGGTCCAAGACACCCAGTACTTT,1292,1,None,None
TGACTAGGTTGCGCAC-1,False,TGACTAGGTTGCGCAC-1_contig_1,False,512,TRB,TRBV13-1,None,TRBJ2-3,None,True,True,CASGDSAETLYF,TGTGCCAGCGGGGACAGTGCAGAAACGCTGTATTTT,2192,1,None,None
TGACTAGGTTGGACCC-1,False,TGACTAGGTTGGACCC-1_contig_1,False,599,TRB,TRBV12-2+TRBV13-2,None,TRBJ2-7,None,True,True,CASGTGGDYEQYF,TGTGCCAGCGGGACTGGGGGGGATTATGAACAGTACTTC,814,1,None,None
TGACTAGTCCGCGTTT-1,False,TGACTAGTCCGCGTTT-1_contig_1,False,565,TRB,TRBV12-2+TRBV13-2,None,TRBJ1-5,TRBC1,True,True,CASGTGDNQAPLF,TGTGCCAGCGGGACAGGGGACAACCAGGCTCCGCTTTTT,1000,1,None,None
TGACTAGTCTGGTATG-1,False,TGACTAGTCTGGTATG-1_contig_1,False,566,TRB,TRBV12-2+TRBV13-2,None,TRBJ1-2,TRBC1,True,True,CASGGGTGNSDYTF,TGTGCCAGCGGTGGGGGGACAGGGAACTCCGACTACACCTTC,610,1,None,None
TGACTTTAGAAAGTGG-1,False,TGACTTTAGAAAGTGG-1_contig_1,False,523,TRA,TRAV14N-3,None,TRAJ6,TRAC,True,True,CAARTSGGNYKPTF,TGTGCAGCAAGAACCTCAGGAGGAAACTACAAACCTACGTTT,2502,1,None,None
TGACTTTAGCAATCTC-1,False,TGACTTTAGCAATCTC-1_contig_1,False,505,TRB,TRBV13-1,None,TRBJ2-4,None,True,True,CASSEGTNTLYF,TGTGCCAGCAGTGAAGGAACAAACACCTTGTACTTT,734,1,None,None
TGACTTTAGCTAGTCT-1,False,TGACTTTAGCTAGTCT-1_contig_1,False,677,TRA,TRAV9-4,None,TRAJ58,TRAC,True,True,CAVSAQGTGSKLSF,TGTGCTGTGAGCGCGCAAGGCACTGGGTCTAAGCTGTCATTT,1960,1,None,None
TGACTTTAGTGGACGT-1,False,TGACTTTAGTGGACGT-1_contig_1,False,512,TRB,TRBV13-1,None,TRBJ2-3,None,True,True,CASGDSAETLYF,TGTGCCAGCGGGGACAGTGCAGAAACGCTGTATTTT,400,1,None,None
TGACTTTCAGCCACCA-1,False,TGACTTTCAGCCACCA-1_contig_1,False,558,TRA,TRAV19,None,TRAJ39,TRAC,True,True,CAAGGNNAGAKLTF,TGCGCAGCAGGTGGGAATAATGCAGGTGCCAAGCTCACATTC,1856,1,None,None
TGACTTTCAGGAATGC-1,False,TGACTTTCAGGAATGC-1_contig_1,False,529,TRA,TRAV7D-5,None,TRAJ16,TRAC,True,True,CAVSSPATSSGQKLVF,TGTGCAGTGAGCAGCCCCGCAACTTCAAGTGGCCAGAAGCTGGTTTTT,5154,3,None,None
TGACTTTCAGGAATGC-1,False,TGACTTTCAGGAATGC-1_contig_2,False,576,TRB,TRBV12-2,None,TRBJ1-2,TRBC1,True,True,CASSLSTGGVNSDYTF,TGTGCCAGCTCTCTATCGACAGGGGGCGTGAACTCCGACTACACCTTC,1642,1,None,None
TGACTTTCAGGAATGC-1,False,TGACTTTCAGGAATGC-1_contig_3,False,563,TRB,TRBV12-2+TRBV13-2,None,TRBJ2-7,None,True,True,CASGTGGDYEQYF,TGTGCCAGCGGGACTGGGGGGGACTATGAACAGTACTTC,818,1,None,None
TGACTTTCAGGAATGC-1,False,TGACTTTCAGGAATGC-1_contig_4,True,466,TRA,TRAV6-3,None,TRAJ6,None,True,False,CYESPPSGGNYKPTF,TGCTATGAGAGCCCCCCCTCAGGAGGAAACTACAAACCTACGTTT,1370,1,None,None
TGACTTTCAGGAATGC-1,False,TGACTTTCAGGAATGC-1_contig_5,True,408,TRB,None,None,TRBJ2-5,None,False,False,None,None,2756,1,None,None
TGACTTTCAGGAATGC-1,False,TGACTTTCAGGAATGC-1_contig_6,True,427,TRB,None,None,TRBJ2-4,None,False,False,None,None,586,1,None,None
TGACTTTCAGGGCATA-1,False,TGACTTTCAGGGCATA-1_contig_1,False,538,TRA,TRAV3D-3,None,TRAJ28,TRAC,True,False,CTSAQSVRGTGSNRLTF,TGTACTTCTGCGCAGTCAGTGAGGGGCACTGGGAGTAACAGGCTCACTTTT,1420,1,None,None
TGACTTTCATTCGACA-1,False,TGACTTTCATTCGACA-1_contig_1,False,514,TRA,TRAV6-6,None,TRAJ22,TRAC,True,True,CALGEGPSGSWQLIF,TGTGCTCTGGGTGAGGGGCCTTCTGGCAGCTGGCAACTCATCTTT,1172,1,None,None
TGACTTTGTACTTGAC-1,False,TGACTTTGTACTTGAC-1_contig_1,False,561,TRB,TRBV12-2+TRBV13-2,None,TRBJ2-7,None,True,True,CASGVQGWEQYF,TGTGCCAGCGGTGTACAGGGGTGGGAACAGTACTTC,1124,1,None,None
TGACTTTGTCGCATCG-1,False,TGACTTTGTCGCATCG-1_contig_1,False,492,TRB,TRBV5,None,TRBJ2-2,None,True,True,CASSTGQLYF,TGTGCCAGCAGCACCGGGCAGCTCTACTTT,2174,1,None,None
TGACTTTTCCTCAACC-1,False,TGACTTTTCCTCAACC-1_contig_1,False,638,TRB,TRBV12-2+TRBV13-2,None,TRBJ1-2,TRBC1,True,True,CASGGGTGNSDYTF,TGTGCCAGCGGTGGGGGGACAGGGAACTCCGACTACACCTTC,1254,1,None,None
TGAGAGGAGACTAAGT-1,False,TGAGAGGAGACTAAGT-1_contig_1,False,563,TRB,TRBV12-2+TRBV13-2,None,TRBJ2-5,None,True,True,CASGAGMEDTQYF,TGTGCCAGCGGTGCAGGGATGGAAGACACCCAGTACTTT,942,1,None,None
TGAGAGGAGCCCTAAT-1,False,TGAGAGGAGCCCTAAT-1_contig_1,False,570,TRB,TRBV12-2+TRBV13-2,None,TRBJ1-2,TRBC1,True,True,CASGGGTGNSDYTF,TGTGCCAGCGGTGGGGGGACAGGGAACTCCGACTACACCTTC,1218,1,None,None
TGAGAGGAGGCTACGA-1,False,TGAGAGGAGGCTACGA-1_contig_1,False,505,TRB,TRBV13-3,None,TRBJ2-1,None,True,False,CASKDTYYAEQFF,TGTGCCAGCAAGGACACCTACTATGCTGAGCAGTTCTTC,1288,1,None,None
TGAGAGGAGTACGATA-1,False,TGAGAGGAGTACGATA-1_contig_1,True,512,TRB,TRBV26,None,TRBJ2-5,None,True,True,CASSRGTDTQYF,TGTGCCAGCAGCCGCGGGACCGACACCCAGTACTTT,5068,3,None,None
TGAGAGGAGTACGATA-1,False,TGAGAGGAGTACGATA-1_contig_2,False,559,TRA,TRAV4D-3,None,TRAJ27,TRAC,True,True,CAADGPNTGKLTF,TGTGCTGCGGACGGACCCAATACAGGCAAATTAACCTTT,872,1,None,None
TGAGAGGCAAGCGTAG-1,False,TGAGAGGCAAGCGTAG-1_contig_1,False,502,TRB,TRBV13-1,None,TRBJ2-3,None,True,True,CASGDSAETLYF,TGTGCCAGCGGGGACAGTGCAGAAACGCTGTATTTT,1674,1,None,None
TGAGAGGCAGGCTCAC-1,False,TGAGAGGCAGGCTCAC-1_contig_1,False,560,TRB,TRBV12-2+TRBV13-2,None,TRBJ1-2,TRBC1,True,True,CASGGGTGNSDYTF,TGTGCCAGCGGTGGGGGGACAGGGAACTCCGACTACACCTTC,1364,1,None,None
TGAGAGGCATACGCTA-1,False,TGAGAGGCATACGCTA-1_contig_1,False,590,TRB,TRBV26,None,TRBJ1-1,TRBC1,True,True,CASSPGTGWTEVFF,TGTGCCAGCAGCCCCGGGACAGGGTGGACAGAAGTCTTCTTT,1754,1,None,None
TGAGAGGCATACGCTA-1,False,TGAGAGGCATACGCTA-1_contig_2,True,322,TRB,None,None,TRBJ2-7,None,False,False,None,None,2978,2,None,None
TGAGAGGCATTGTGCA-1,False,TGAGAGGCATTGTGCA-1_contig_1,False,549,TRA,TRAV8N-2,None,TRAJ13,TRAC,True,True,CATEDSGTYQRF,TGTGCTACTGAGGATTCTGGGACTTACCAGAGGTTT,1344,1,None,None
TGAGAGGGTAGGACAC-1,False,TGAGAGGGTAGGACAC-1_contig_1,False,565,TRB,TRBV12-2+TRBV13-2,None,TRBJ1-5,TRBC1,True,True,CASGTGDNQAPLF,TGTGCCAGCGGGACAGGGGATAACCAGGCTCCGCTTTTT,694,1,None,None
TGAGAGGGTATTCTCT-1,False,TGAGAGGGTATTCTCT-1_contig_1,False,378,TRB,None,None,TRBJ1-6,TRBC1,False,False,None,None,2396,1,None,None
TGAGAGGGTGGCCCTA-1,False,TGAGAGGGTGGCCCTA-1_contig_1,False,560,TRB,TRBV12-2+TRBV13-2,None,TRBJ1-3,TRBC1,True,True,CASGDGGTLYF,TGTGCCAGCGGTGATGGGGGGACGCTCTATTTT,1788,1,None,None
TGAGAGGGTGGTTTCA-1,False,TGAGAGGGTGGTTTCA-1_contig_1,False,669,TRB,TRBV13-2,None,TRBJ1-2,TRBC1,True,True,CASGGGTGNSDYTF,TGTGCCAGCGGTGGGGGGACAGGGAACTCCGACTACACCTTC,1338,1,None,None
TGAGAGGTCACCGGGT-1,False,TGAGAGGTCACCGGGT-1_contig_1,False,512,TRB,TRBV13-1,None,TRBJ2-4,None,True,True,CASSEGTNTLYF,TGTGCCAGCAGTGAAGGAACAAACACCTTGTACTTT,1490,1,None,None
TGAGAGGTCACCGGGT-1,False,TGAGAGGTCACCGGGT-1_contig_2,False,702,TRA,TRAV9D-2,None,TRAJ26,TRAC,True,True,CVLSRGNNYAQGLTF,TGTGTTCTGAGCAGGGGCAATAACTATGCCCAGGGATTAACCTTC,1818,1,None,None
TGAGAGGTCCTAGAAC-1,False,TGAGAGGTCCTAGAAC-1_contig_1,False,577,TRB,TRBV13-2,None,TRBJ2-7,None,True,True,CASGTGGDYEQYF,TGTGCCAGCGGGACTGGGGGGGACTATGAACAGTACTTC,1752,1,None,None
TGAGAGGTCGGATGTT-1,False,TGAGAGGTCGGATGTT-1_contig_1,False,564,TRB,TRBV12-2+TRBV13-2,None,TRBJ2-7,None,True,True,CASGTGGDYEQYF,TGTGCCAGCGGGACTGGGGGGGACTATGAACAGTACTTC,1372,1,None,None
TGAGAGGTCTACCTGC-1,False,TGAGAGGTCTACCTGC-1_contig_1,False,556,TRA,TRAV19,None,TRAJ39,TRAC,True,True,CAAGGNNAGAKLTF,TGCGCAGCAGGTGGGAATAATGCAGGTGCCAAGCTCACATTC,1470,1,None,None
TGAGAGGTCTGTTGAG-1,False,TGAGAGGTCTGTTGAG-1_contig_1,False,505,TRB,TRBV13-1,None,TRBJ2-4,None,True,True,CASSEGTNTLYF,TGTGCCAGCAGTGAAGGAACAAACACCTTGTACTTT,1284,1,None,None
TGAGCATAGAGTCGGT-1,False,TGAGCATAGAGTCGGT-1_contig_1,False,368,TRB,None,None,TRBJ1-4,TRBC1,False,False,None,None,2636,1,None,None
TGAGCATAGATGCGAC-1,False,TGAGCATAGATGCGAC-1_contig_1,False,503,TRB,TRBV13-1,None,TRBJ2-4,None,True,True,CASSEGTNTLYF,TGTGCCAGCAGTGAAGGAACAAACACCTTGTACTTT,1570,1,None,None
TGAGCATAGCACACAG-1,False,TGAGCATAGCACACAG-1_contig_1,True,509,TRB,TRBV13-1,None,TRBJ2-7,None,True,True,CASSAPYEQYF,TGTGCCAGCAGTGCACCGTATGAACAGTACTTC,7500,6,None,None
TGAGCATAGCACACAG-1,False,TGAGCATAGCACACAG-1_contig_2,False,549,TRA,TRAV8N-2,None,TRAJ13,TRAC,True,True,CATEDSGTYQRF,TGTGCTACTGAGGATTCTGGGACTTACCAGAGGTTT,4118,1,None,None
TGAGCATAGCATGGCA-1,False,TGAGCATAGCATGGCA-1_contig_1,False,636,TRA,TRAV7-1,None,TRAJ4,TRAC,True,False,CSTLSGSFNKLTF,TGCAGTACCTTATCTGGTAGCTTCAATAAGTTGACCTTT,1630,1,None,None
TGAGCATAGCCGCCTA-1,False,TGAGCATAGCCGCCTA-1_contig_1,False,566,TRA,TRAV3-3,None,TRAJ49,TRAC,True,True,CAVSGATGYQNFYF,TGCGCAGTCAGTGGGGCCACGGGTTACCAGAACTTCTATTTT,256,2,None,None
TGAGCATAGCGATATA-1,False,TGAGCATAGCGATATA-1_contig_1,False,334,TRB,None,None,TRBJ2-1,None,False,False,None,None,1944,1,None,None
TGAGCATAGGATGGAA-1,False,TGAGCATAGGATGGAA-1_contig_1,False,589,TRB,TRBV12-2+TRBV13-2,None,TRBJ2-1,None,True,True,CASGDPFQFF,TGTGCCAGCGGTGATCCTTTCCAGTTCTTC,15890,21,None,None
TGAGCATAGGATGGAA-1,False,TGAGCATAGGATGGAA-1_contig_2,False,512,TRA,TRAV6-6,None,TRAJ17,TRAC,True,True,CALGEDSAGNKLTF,TGTGCTCTGGGTGAGGACAGTGCAGGGAACAAGCTAACTTTT,2628,3,None,None
TGAGCATAGGATGGAA-1,False,TGAGCATAGGATGGAA-1_contig_3,False,507,TRB,TRBV5,None,TRBJ2-2,None,True,True,CASSTGQLYF,TGTGCCAGCAGCACCGGGCAGCTCTACTTT,16766,13,None,None
TGAGCATAGGATGGAA-1,False,TGAGCATAGGATGGAA-1_contig_4,False,554,TRA,TRAV8-1,None,TRAJ30,TRAC,True,True,CATDTNAYKVIF,TGTGCTACTGACACAAATGCTTACAAAGTCATCTTT,3060,3,None,None
TGAGCATAGGATGGAA-1,False,TGAGCATAGGATGGAA-1_contig_5,False,721,TRA,TRAV9N-4,None,TRAJ22,TRAC,True,True,CALPSSGSWQLIF,TGTGCTCTCCCATCTTCTGGCAGCTGGCAACTCATCTTT,4048,5,None,None
TGAGCATAGGATGGAA-1,False,TGAGCATAGGATGGAA-1_contig_6,False,598,TRB,TRBV12-2+TRBV13-2,None,TRBJ1-5,TRBC1,True,True,CASGTGDNQAPLF,TGTGCCAGCGGGACAGGGGACAACCAGGCTCCGCTTTTT,16272,20,None,None
TGAGCATAGGATGGAA-1,False,TGAGCATAGGATGGAA-1_contig_7,False,354,TRB,None,None,TRBJ2-1,None,False,False,None,None,2462,2,None,None
TGAGCATAGGATGGAA-1,False,TGAGCATAGGATGGAA-1_contig_8,False,423,TRB,None,None,TRBJ2-4,None,False,False,None,None,14070,12,None,None
TGAGCATAGTTGCAGG-1,False,TGAGCATAGTTGCAGG-1_contig_1,False,565,TRB,TRBV12-2+TRBV13-2,None,TRBJ2-7,None,True,True,CASGVQGWEQYF,TGTGCCAGCGGTGTACAGGGGTGGGAACAGTACTTC,880,1,None,None
TGAGCATCACAACGCC-1,False,TGAGCATCACAACGCC-1_contig_1,False,377,TRB,None,None,TRBJ1-6,TRBC1,False,False,None,None,742,1,None,None
TGAGCATCACTACAGT-1,False,TGAGCATCACTACAGT-1_contig_1,False,555,TRA,TRAV3-3,None,TRAJ49,TRAC,True,True,CAVSGSTGYQNFYF,TGCGCAGTCAGTGGGAGCACGGGTTACCAGAACTTCTATTTT,1144,1,None,None
TGAGCATCATCCGTGG-1,False,TGAGCATCATCCGTGG-1_contig_1,False,432,TRB,None,None,TRBJ2-3,None,False,False,None,None,1528,1,None,None
TGAGCATGTAAATGAC-1,False,TGAGCATGTAAATGAC-1_contig_1,False,586,TRB,None,None,TRBJ2-7,None,False,False,None,None,842,1,None,None
TGAGCATGTAAGTGGC-1,False,TGAGCATGTAAGTGGC-1_contig_1,False,548,TRB,TRBV12-2+TRBV13-2,None,TRBJ1-2,TRBC1,True,True,CASGGGTGNSDYTF,TGTGCCAGCGGTGGGGGGACAGGGAACTCCGACTACACCTTC,1594,1,None,None
TGAGCATGTACAGTGG-1,False,TGAGCATGTACAGTGG-1_contig_1,False,395,TRA,TRAV9D-4,None,TRAJ22,TRAC,True,False,None,None,1048,1,None,None
TGAGCATGTAGGACAC-1,False,TGAGCATGTAGGACAC-1_contig_1,False,541,TRA,TRAV6D-5,None,TRAJ38,TRAC,True,False,CTTVFWDNVGDNSKLIW,TGTACTACTGTGTTCTGGGATAATGTTGGTGACAACAGTAAGCTGATTTGG,1524,1,None,None
TGAGCATGTAGGGTAC-1,False,TGAGCATGTAGGGTAC-1_contig_1,False,602,TRB,TRBV12-2+TRBV13-2,None,TRBJ1-5,TRBC1,True,True,CASGTGDNQAPLF,TGTGCCAGCGGGACAGGGGACAACCAGGCTCCGCTTTTT,1388,1,None,None
TGAGCATGTATTAGCC-1,False,TGAGCATGTATTAGCC-1_contig_1,False,514,TRB,TRBV12-2+TRBV13-2,None,TRBJ2-7,None,True,False,CASGVQGWEQYF,TGTGCCAGCGGTGTACAGGGGTGGGAACAGTACTTC,672,1,None,None
TGAGCATGTCACTGGC-1,False,TGAGCATGTCACTGGC-1_contig_1,False,527,TRA,TRAV14-2,None,TRAJ6,TRAC,True,True,CAARTSGGNYKPTF,TGTGCAGCAAGAACCTCAGGAGGAAACTACAAACCTACGTTT,1718,1,None,None
TGAGCATGTCAGTGGA-1,False,TGAGCATGTCAGTGGA-1_contig_1,False,549,TRB,TRBV16,None,TRBJ2-7,None,True,True,CASSFGGGADEQYF,TGTGCAAGCAGCTTTGGTGGGGGGGCGGATGAACAGTACTTC,830,1,None,None
TGAGCATGTCAGTGGA-1,False,TGAGCATGTCAGTGGA-1_contig_2,False,505,TRB,TRBV13-1,None,TRBJ2-3,None,True,True,CASGDSAETLYF,TGTGCCAGCGGGGACAGTGCAGAAACGCTGTATTTT,378,1,None,None
TGAGCATGTCTTCTCG-1,False,TGAGCATGTCTTCTCG-1_contig_1,False,432,TRA,TRAV6-6,None,TRAJ39,TRAC,True,False,None,None,2338,1,None,None
TGAGCATGTGATGATA-1,False,TGAGCATGTGATGATA-1_contig_1,False,335,TRB,TRBV13-2,None,TRBJ1-2,TRBC1,True,False,CASGGGTGNSDYTF,TGTGCCAGCGGTGGGGGGACAGGGAACTCCGACTACACCTTC,1586,1,None,None
TGAGCATGTGGTGTAG-1,False,TGAGCATGTGGTGTAG-1_contig_1,False,568,TRB,TRBV12-2+TRBV13-2,None,TRBJ1-2,TRBC1,True,True,CASGGGTGNSDYTF,TGTGCCAGCGGTGGGGGGACAGGGAACTCCGACTACACCTTC,996,1,None,None
TGAGCATGTTTGTTTC-1,False,TGAGCATGTTTGTTTC-1_contig_1,False,507,TRA,TRAV21-DV12,None,TRAJ42,TRAC,True,True,CILRVHGGSNAKLTF,TGTATCCTGAGAGTCCATGGAGGAAGCAATGCAAAGCTAACCTTC,688,1,None,None
TGAGCATTCACGACTA-1,False,TGAGCATTCACGACTA-1_contig_1,False,538,TRA,TRAV3D-3,None,TRAJ28,TRAC,True,False,CTSAQSVRGTGSNRLTF,TGTACTTCTGCGCAGTCAGTGAGGGGCACTGGGAGTAACAGGCTCACTTTT,1744,1,None,None
TGAGCATTCATCGATG-1,False,TGAGCATTCATCGATG-1_contig_1,False,566,TRB,TRBV12-2+TRBV13-2,None,TRBJ1-2,TRBC1,True,True,CASGGGTGNSDYTF,TGTGCCAGCGGTGGGGGGACAGGGAACTCCGACTACACCTTC,1108,1,None,None
TGAGCATTCGGAAATA-1,False,TGAGCATTCGGAAATA-1_contig_1,False,341,TRB,None,None,TRBJ1-3,TRBC1,False,False,None,None,3166,1,None,None
TGAGCCGAGAAGATTC-1,False,TGAGCCGAGAAGATTC-1_contig_1,False,512,TRB,TRBV13-1,None,TRBJ2-3,None,True,True,CASGDSAETLYF,TGTGCCAGCGGGGACAGTGCAGAAACGCTGTATTTT,1288,1,None,None
TGAGCCGAGATCTGAA-1,False,TGAGCCGAGATCTGAA-1_contig_1,False,573,TRA,TRAV12D-1,None,TRAJ5,TRAC,True,True,CALSDQGVVGQLTF,TGTGCTCTGAGTGATCAAGGGGTTGTGGGGCAGCTCACTTTC,2412,1,None,None
TGAGCCGAGCTCCCAG-1,False,TGAGCCGAGCTCCCAG-1_contig_1,False,542,TRA,TRAV14N-3,None,TRAJ6,TRAC,True,True,CAARTSGGNYKPTF,TGTGCAGCAAGAACCTCAGGAGGAAACTACAAACCTACGTTT,1636,1,None,None
TGAGCCGAGGATGCGT-1,False,TGAGCCGAGGATGCGT-1_contig_1,False,566,TRB,TRBV12-2+TRBV13-2,None,TRBJ1-2,TRBC1,True,True,CASGGGTGNSDYTF,TGTGCCAGCGGTGGGGGGACAGGGAACTCCGACTACACCTTC,3240,2,None,None
TGAGCCGAGTTAACGA-1,False,TGAGCCGAGTTAACGA-1_contig_1,False,430,TRB,TRBV13-2,None,TRBJ1-2,TRBC1,True,False,CASGGGTGNSDYTF,TGTGCCAGCGGTGGGGGGACAGGGAACTCCGACTACACCTTC,1394,1,None,None
TGAGCCGCAGGGAGAG-1,False,TGAGCCGCAGGGAGAG-1_contig_1,False,566,TRA,TRAV3-3,None,TRAJ49,TRAC,True,True,CAVSGSTGYQNFYF,TGCGCAGTCAGTGGGAGCACGGGTTACCAGAACTTCTATTTT,1938,1,None,None
TGAGCCGCATCGATGT-1,False,TGAGCCGCATCGATGT-1_contig_1,False,560,TRA,TRAV3-3,None,TRAJ49,TRAC,True,True,CAVSGSTGYQNFYF,TGCGCAGTCAGTGGGAGCACGGGTTACCAGAACTTCTATTTT,1910,1,None,None
TGAGCCGCATCGATGT-1,False,TGAGCCGCATCGATGT-1_contig_2,False,566,TRA,TRAV3-3,None,TRAJ49,TRAC,True,True,CAVSGSTGYQNFYF,TGCGCAGTCAGTGGGAGCACGGGTTACCAGAACTTCTATTTT,4410,2,None,None
TGAGCCGCATCGATGT-1,False,TGAGCCGCATCGATGT-1_contig_3,True,540,TRA,TRAV6D-5,None,TRAJ38,TRAC,True,False,CTTVFWDNVGDNSKLIW,TGTACTACTGTGTTCTGGGATAATGTTGGTGACAACAGTAAGCTGATTTGG,5568,6,None,None
TGAGCCGGTAACGTTC-1,False,TGAGCCGGTAACGTTC-1_contig_1,False,568,TRB,TRBV12-2+TRBV13-2,None,TRBJ1-2,TRBC1,True,True,CASGGGTGNSDYTF,TGTGCCAGCGGTGGGGGGACAGGGAACTCCGACTACACCTTC,1330,1,None,None
TGAGCCGGTCACTTCC-1,False,TGAGCCGGTCACTTCC-1_contig_1,False,549,TRB,TRBV16,None,TRBJ2-5,None,True,True,CASSLGGGQDTQYF,TGTGCAAGCAGCTTAGGGGGGGGCCAAGACACCCAGTACTTT,1046,1,None,None
TGAGCCGGTCCAGTAT-1,False,TGAGCCGGTCCAGTAT-1_contig_1,False,559,TRA,TRAV4D-3,None,TRAJ27,TRAC,True,True,CAADGPNTGKLTF,TGTGCTGCGGACGGACCCAATACAGGCAAATTAACCTTT,160,2,None,None
TGAGCCGGTCGTGGCT-1,False,TGAGCCGGTCGTGGCT-1_contig_1,False,363,TRB,None,None,TRBJ1-2,TRBC1,False,False,None,None,2526,1,None,None
TGAGCCGGTCTTCGTC-1,False,TGAGCCGGTCTTCGTC-1_contig_1,False,634,TRB,None,None,TRBJ2-5,None,False,False,None,None,3368,2,None,None
TGAGCCGGTGAGGGAG-1,False,TGAGCCGGTGAGGGAG-1_contig_1,False,565,TRB,TRBV12-2+TRBV13-2,None,TRBJ1-5,TRBC1,True,True,CASGTGDNQAPLF,TGTGCCAGCGGTACAGGGGACAACCAGGCTCCGCTTTTT,786,1,None,None
TGAGCCGGTGCGATAG-1,False,TGAGCCGGTGCGATAG-1_contig_1,False,509,TRB,TRBV13-1,None,TRBJ2-2,None,True,True,CASSDPGQLYF,TGTGCCAGCAGTGACCCCGGGCAGCTCTACTTT,1516,1,None,None
TGAGCCGGTGTGCCTG-1,False,TGAGCCGGTGTGCCTG-1_contig_1,False,516,TRA,TRAV19,None,TRAJ39,TRAC,True,True,CAAGGNNAGAKLTF,TGCGCAGCAGGTGGGAATAATGCAGGTGCCAAGCTCACATTC,928,1,None,None
TGAGCCGTCACATAGC-1,False,TGAGCCGTCACATAGC-1_contig_1,False,443,TRB,None,None,TRBJ1-2,TRBC1,False,False,None,None,2336,1,None,None
TGAGCCGTCCAACCAA-1,False,TGAGCCGTCCAACCAA-1_contig_1,False,549,TRB,TRBV16,None,TRBJ2-5,None,True,True,CASSLGGGQDTQYF,TGTGCAAGCAGCTTAGGGGGGGGCCAAGACACCCAGTACTTT,9768,9,None,None
TGAGCCGTCCAACCAA-1,False,TGAGCCGTCCAACCAA-1_contig_2,False,558,TRA,TRAV19,None,TRAJ39,TRAC,True,True,CAAGGNNAGAKLTF,TGCGCAGCAGGTGGGAATAATGCAGGTGCCAAGCTCACATTC,3946,3,None,None
TGAGCCGTCCAACCAA-1,False,TGAGCCGTCCAACCAA-1_contig_3,False,560,TRA,TRAV4D-3,None,TRAJ27,TRAC,True,True,CAADGPNTGKLTF,TGTGCTGCGGACGGACCCAATACAGGCAAATTAACCTTT,3686,3,None,None
TGAGCCGTCCAACCAA-1,False,TGAGCCGTCCAACCAA-1_contig_4,False,589,TRB,TRBV12-2+TRBV13-2,None,TRBJ1-2,TRBC1,True,True,CASGGGTGNSDYTF,TGTGCCAGCGGTGGGGGGACAGGGAACTCCGACTACACCTTC,9258,7,None,None
TGAGCCGTCCAACCAA-1,False,TGAGCCGTCCAACCAA-1_contig_5,False,525,TRA,TRAV7N-6,None,TRAJ30,TRAC,True,True,CAVVDTNAYKVIF,TGTGCAGTGGTTGACACAAATGCTTACAAAGTCATCTTT,7272,4,None,None
TGAGCCGTCCAACCAA-1,False,TGAGCCGTCCAACCAA-1_contig_6,False,369,TRB,None,None,TRBJ1-6,TRBC1,False,False,None,None,4724,3,None,None
TGAGCCGTCCAACCAA-1,False,TGAGCCGTCCAACCAA-1_contig_7,False,369,TRB,None,None,TRBJ2-7,None,False,False,None,None,1722,1,None,None
TGAGCCGTCGCCAAAT-1,False,TGAGCCGTCGCCAAAT-1_contig_1,False,465,TRB,TRBV12-2+TRBV13-2,None,TRBJ1-5,None,True,True,CASGTGDNQAPLF,TGTGCCAGCGGGACGGGGGACAACCAGGCTCCGCTTTTT,72,2,None,None
TGAGCCGTCGTTTGCC-1,False,TGAGCCGTCGTTTGCC-1_contig_1,False,505,TRB,TRBV13-1,None,TRBJ2-3,None,True,True,CASGDSAETLYF,TGTGCCAGCGGGGACAGTGCAGAAACGCTGTATTTT,1282,1,None,None
TGAGCCGTCGTTTGCC-1,False,TGAGCCGTCGTTTGCC-1_contig_2,False,355,TRB,None,None,TRBJ1-3,TRBC1,False,False,None,None,2348,1,None,None
TGAGCCGTCTCTTATG-1,False,TGAGCCGTCTCTTATG-1_contig_1,False,505,TRB,TRBV13-1,None,TRBJ2-3,None,True,True,CASGDSAETLYF,TGTGCCAGCGGGGACAGTGCAGAAACGCTGTATTTT,2114,1,None,None
TGAGCCGTCTGGTATG-1,False,TGAGCCGTCTGGTATG-1_contig_1,False,548,TRB,TRBV12-2+TRBV13-2,None,TRBJ1-2,TRBC1,True,True,CASGGGTGNSDYTF,TGTGCCAGCGGTGGGGGGACAGGGAACTCCGACTACACCTTC,496,1,None,None
TGAGCCGTCTTCAACT-1,False,TGAGCCGTCTTCAACT-1_contig_1,False,539,TRB,TRBV13-1,None,TRBJ2-2,None,True,False,CASSDPGQLYF,TGTGCCAGCAGTGACCCCGGGCAGCTCTACTTT,1560,1,None,None
TGAGGGAAGATCACGG-1,False,TGAGGGAAGATCACGG-1_contig_1,False,549,TRB,TRBV16,None,TRBJ2-5,None,True,True,CASSLGGGQDTQYF,TGTGCAAGCAGCTTAGGGGGGGGCCAAGACACCCAGTACTTT,1424,1,None,None
TGAGGGAAGCAATATG-1,False,TGAGGGAAGCAATATG-1_contig_1,False,563,TRB,TRBV12-2+TRBV13-2,None,TRBJ1-5,TRBC1,True,True,CASGTGDNQAPLF,TGTGCCAGCGGTACAGGGGACAACCAGGCTCCGCTTTTT,1666,1,None,None
TGAGGGAAGCTAACTC-1,False,TGAGGGAAGCTAACTC-1_contig_1,False,502,TRB,TRBV13-1,None,TRBJ2-7,None,True,True,CASSAPYEQYF,TGTGCCAGCAGTGCACCGTATGAACAGTACTTC,1452,1,None,None
TGAGGGAAGCTAACTC-1,False,TGAGGGAAGCTAACTC-1_contig_2,False,574,TRB,TRBV13-1,None,TRBJ1-4,TRBC1,True,True,CASSGGERLFF,TGTGCCAGCAGTGGGGGCGAAAGATTATTTTTC,1920,1,None,None
TGAGGGAAGCTAACTC-1,False,TGAGGGAAGCTAACTC-1_contig_3,False,514,TRA,TRAV12-3,None,TRAJ45,TRAC,True,True,CALSPYTEGADRLTF,TGTGCTCTGAGTCCCTATACAGAAGGTGCAGATAGACTCACCTTT,2802,1,None,None
TGAGGGAAGTACGTAA-1,False,TGAGGGAAGTACGTAA-1_contig_1,False,567,TRB,TRBV12-2+TRBV13-2,None,TRBJ1-2,TRBC1,True,True,CASGGGTGNSDYTF,TGTGCCAGCGGTGGGGGGACAGGGAACTCCGACTACACCTTC,1622,1,None,None
TGAGGGACAAAGAATC-1,False,TGAGGGACAAAGAATC-1_contig_1,False,539,TRA,TRAV6D-5,None,TRAJ38,TRAC,True,False,CTTVFWDNVGDNSKLIW,TGTACTACTGTGTTCTGGGATAATGTTGGTGACAACAGTAAGCTGATTTGG,3122,1,None,None
TGAGGGACAACACCCG-1,False,TGAGGGACAACACCCG-1_contig_1,False,506,TRA,TRAV7N-6,None,TRAJ34,TRAC,True,True,CAISSNTNKVVF,TGTGCAATTTCTTCCAATACCAACAAAGTCGTCTTT,4410,2,None,None
TGAGGGACAATACGCT-1,False,TGAGGGACAATACGCT-1_contig_1,False,520,TRB,TRBV13-1,None,TRBJ2-1,None,True,False,CASGGGDYAEQFF,TGTGCCAGCGGGGGGGGAGACTATGCTGAGCAGTTCTTC,1178,1,None,None
TGAGGGACAATGAAAC-1,False,TGAGGGACAATGAAAC-1_contig_1,False,517,TRA,TRAV6-6,None,TRAJ24,TRAC,True,True,CAPLTTASLGKLQF,TGTGCTCCGTTGACAACTGCCAGTTTGGGGAAACTGCAGTTT,1130,1,None,None
TGAGGGACAATGTAAG-1,False,TGAGGGACAATGTAAG-1_contig_1,False,696,TRB,None,None,TRBJ2-5,None,False,False,None,None,1072,1,None,None
TGAGGGACAGCCTTGG-1,False,TGAGGGACAGCCTTGG-1_contig_1,False,600,TRB,TRBV12-2+TRBV13-2,None,TRBJ1-2,TRBC1,True,True,CASGGGTGNSDYTF,TGTGCCAGCGGTGGGGGGACAGGGAACTCCGACTACACCTTC,1110,1,None,None
TGAGGGAGTACATGTC-1,False,TGAGGGAGTACATGTC-1_contig_1,False,565,TRB,TRBV12-2+TRBV13-2,None,TRBJ2-7,None,True,True,CASGTGGDYEQYF,TGTGCCAGCGGGACTGGGGGGGACTATGAACAGTACTTC,1762,1,None,None
TGAGGGAGTACCCAAT-1,False,TGAGGGAGTACCCAAT-1_contig_1,False,568,TRA,TRAV14N-3,None,TRAJ6,TRAC,True,True,CAARTSGGNYKPTF,TGTGCAGCAAGAACCTCAGGAGGAAACTACAAACCTACGTTT,1694,1,None,None
TGAGGGAGTACCCAAT-1,False,TGAGGGAGTACCCAAT-1_contig_2,False,575,TRB,TRBV12-2+TRBV13-2,None,TRBJ1-2,TRBC1,True,True,CASGGGTGNSDYTF,TGTGCCAGCGGTGGGGGGACAGGGAACTCCGACTACACCTTC,1626,1,None,None
TGAGGGAGTACCCAAT-1,False,TGAGGGAGTACCCAAT-1_contig_3,False,549,TRA,TRAV8N-2,None,TRAJ13,TRAC,True,True,CATEDSGTYQRF,TGTGCTACTGAGGATTCTGGGACTTACCAGAGGTTT,2268,1,None,None
TGAGGGAGTCAGTGGA-1,False,TGAGGGAGTCAGTGGA-1_contig_1,False,549,TRB,TRBV16,None,TRBJ2-5,None,True,True,CASSFGGAPDTQYF,TGTGCAAGCAGCTTTGGGGGGGCGCCAGACACCCAGTACTTT,1124,1,None,None
TGAGGGAGTCCCTACT-1,False,TGAGGGAGTCCCTACT-1_contig_1,False,545,TRB,TRBV12-2+TRBV13-2,None,TRBJ1-5,TRBC1,True,True,CASGTGDNQAPLF,TGTGCCAGCGGGACAGGGGATAACCAGGCTCCGCTTTTT,1928,2,None,None
TGAGGGAGTCGGCATC-1,False,TGAGGGAGTCGGCATC-1_contig_1,False,381,TRA,TRAV7-5,None,TRAJ45,TRAC,True,False,CSDTEGADRLTF,TGCAGTGATACAGAAGGTGCAGATAGACTCACCTTT,2002,1,None,None
TGAGGGATCCGTAGGC-1,False,TGAGGGATCCGTAGGC-1_contig_1,False,549,TRB,TRBV16,None,TRBJ2-5,None,True,True,CASSLGGGADTQYF,TGTGCAAGCAGCTTAGGGGGGGGCGCGGACACCCAGTACTTT,1194,1,None,None
TGAGGGATCGCATGAT-1,False,TGAGGGATCGCATGAT-1_contig_1,False,460,TRB,TRBV12-2+TRBV13-2,None,TRBJ2-7,None,True,True,CASGVQGEQYF,TGTGCCAGCGGTGTTCAGGGAGAACAGTACTTC,250,1,None,None
TGAGGGATCTCTAGGA-1,False,TGAGGGATCTCTAGGA-1_contig_1,False,632,TRB,TRBV12-2+TRBV13-2,None,TRBJ1-2,TRBC1,True,True,CASGGGTGNSDYTF,TGTGCCAGCGGTGGGGGGACAGGGAACTCCGACTACACCTTC,962,1,None,None
TGATTTCAGAACAATC-1,False,TGATTTCAGAACAATC-1_contig_1,False,431,TRB,None,None,TRBJ2-1,None,False,False,None,None,2032,1,None,None
TGATTTCAGACTGGGT-1,False,TGATTTCAGACTGGGT-1_contig_1,False,568,TRA,TRAV4D-3,None,TRAJ27,TRAC,True,True,CAADGPNTGKLTF,TGTGCTGCGGACGGACCCAATACAGGCAAATTAACCTTT,1810,1,None,None
TGATTTCAGGAATGGA-1,False,TGATTTCAGGAATGGA-1_contig_1,False,557,TRB,TRBV12-2+TRBV13-2,None,TRBJ2-7,None,True,True,CASGGQGEQYF,TGTGCCAGCGGCGGACAGGGTGAACAGTACTTC,1696,1,None,None
TGATTTCAGGCTACGA-1,False,TGATTTCAGGCTACGA-1_contig_1,False,558,TRB,TRBV12-2+TRBV13-2,None,TRBJ1-2,TRBC1,True,True,CASGGGTGNSDYTF,TGTGCCAGCGGTGGGGGGACAGGGAACTCCGACTACACCTTC,344,1,None,None
TGATTTCAGTGTCTCA-1,False,TGATTTCAGTGTCTCA-1_contig_1,True,333,TRB,None,None,TRBJ2-1,None,False,False,None,None,442,1,None,None
TGATTTCAGTGTCTCA-1,False,TGATTTCAGTGTCTCA-1_contig_2,True,654,TRB,None,None,TRBJ1-3,TRBC1,False,False,None,None,1346,1,None,None
TGATTTCCAAGTTCTG-1,False,TGATTTCCAAGTTCTG-1_contig_1,False,605,TRB,TRBV12-2+TRBV13-2,None,TRBJ1-5,TRBC1,True,True,CASGTGDNQAPLF,TGTGCCAGCGGGACAGGGGACAACCAGGCTCCGCTTTTT,1050,1,None,None
TGATTTCCAAGTTCTG-1,False,TGATTTCCAAGTTCTG-1_contig_2,True,353,TRB,None,None,TRBJ2-1,None,False,False,None,None,4240,2,None,None
TGATTTCCAAGTTCTG-1,False,TGATTTCCAAGTTCTG-1_contig_3,True,355,TRB,None,None,TRBJ2-7,None,False,False,None,None,2388,2,None,None
TGATTTCGTCTAGAGG-1,False,TGATTTCGTCTAGAGG-1_contig_1,False,502,TRB,TRBV13-1,None,TRBJ2-2,None,True,True,CASSDPGQLYF,TGTGCCAGCAGTGACCCCGGGCAGCTCTACTTT,1602,1,None,None
TGATTTCGTGAGGGTT-1,False,TGATTTCGTGAGGGTT-1_contig_1,False,536,TRB,TRBV13-2,None,TRBJ1-5,TRBC1,True,True,CASGTGDNQAPLF,TGTGCCAGCGGTACAGGGGACAACCAGGCTCCGCTTTTT,1192,1,None,None
TGATTTCGTTACTGAC-1,False,TGATTTCGTTACTGAC-1_contig_1,False,525,TRA,TRAV7N-6,None,TRAJ30,TRAC,True,True,CAVVDTNAYKVIF,TGTGCAGTGGTTGACACAAATGCTTACAAAGTCATCTTT,184,1,None,None
TGATTTCGTTCAGCGC-1,False,TGATTTCGTTCAGCGC-1_contig_1,False,462,TRB,TRBV12-2+TRBV13-2,None,TRBJ2-7,None,True,True,CASGVQGGEQYF,TGTGCCAGCGGTGTGCAGGGGGGAGAACAGTACTTC,116,1,None,None
TGATTTCTCACCGGGT-1,False,TGATTTCTCACCGGGT-1_contig_1,False,549,TRB,TRBV16,None,TRBJ2-5,None,True,True,CASSLGGGQDTQYF,TGTGCAAGCAGCTTAGGGGGGGGGCAAGACACCCAGTACTTT,1010,1,None,None
TGATTTCTCACGATGT-1,False,TGATTTCTCACGATGT-1_contig_1,False,517,TRA,TRAV7D-2,None,TRAJ31,TRAC,True,True,CAASIEDSNNRIFF,TGTGCAGCAAGCATAGAGGATAGCAATAACAGAATCTTCTTT,1872,1,None,None
TGATTTCTCATTATCC-1,False,TGATTTCTCATTATCC-1_contig_1,False,607,TRA,TRAV5-4,None,TRAJ37,TRAC,True,False,None,None,2028,1,None,None
TGATTTCTCATTATCC-1,False,TGATTTCTCATTATCC-1_contig_2,False,452,TRA,TRAV13D-2,None,TRAJ11,TRAC,True,False,CAIDLDSGYNKLTF,TGTGCTATAGATCTTGACTCGGGATACAACAAACTCACTTTT,1868,1,None,None
TGATTTCTCCTTTACA-1,False,TGATTTCTCCTTTACA-1_contig_1,False,356,TRB,None,None,TRBJ1-4,TRBC1,False,False,None,None,520,1,None,None
TGATTTCTCGCGGATC-1,False,TGATTTCTCGCGGATC-1_contig_1,False,560,TRA,TRAV4D-3,None,TRAJ27,TRAC,True,True,CAADGPNTGKLTF,TGTGCTGCTGACGGGCCCAATACAGGCAAATTAACCTTT,1786,1,None,None
TGATTTCTCGGCGCTA-1,False,TGATTTCTCGGCGCTA-1_contig_1,False,558,TRB,TRBV12-2+TRBV13-2,None,TRBJ2-7,None,True,True,CASGALWEQYF,TGTGCCAGCGGGGCTCTATGGGAACAGTACTTC,1060,1,None,None
TGATTTCTCTATCGCC-1,False,TGATTTCTCTATCGCC-1_contig_1,False,569,TRB,TRBV12-2+TRBV13-2,None,TRBJ1-2,TRBC1,True,True,CASGGGTGNSDYTF,TGTGCCAGCGGTGGGGGGACAGGGAACTCCGACTACACCTTC,736,1,None,None
TGATTTCTCTTCTGGC-1,False,TGATTTCTCTTCTGGC-1_contig_1,False,505,TRB,TRBV13-1,None,TRBJ2-4,None,True,True,CASSEGTNTLYF,TGTGCCAGCAGTGAAGGAACAAACACCTTGTACTTT,1702,1,None,None
TGATTTCTCTTCTGGC-1,False,TGATTTCTCTTCTGGC-1_contig_2,False,547,TRB,TRBV13-2,None,TRBJ1-5,TRBC1,True,True,CASGTGDNQAPLF,TGTGCCAGCGGGACAGGGGACAACCAGGCTCCGCTTTTT,1650,1,None,None
TGATTTCTCTTGAGAC-1,False,TGATTTCTCTTGAGAC-1_contig_1,False,653,TRA,TRAV7-1,None,TRAJ4,TRAC,True,False,CSTLSGSFNKLTF,TGCAGTACCTTATCTGGTAGCTTCAATAAGTTGACCTTT,264,2,None,None
TGCACCTAGACACGAC-1,False,TGCACCTAGACACGAC-1_contig_1,False,525,TRA,TRAV13D-2,None,TRAJ11,TRAC,True,True,CAIDLDSGYNKLTF,TGTGCTATAGATCTTGACTCGGGATACAACAAACTCACTTTT,1370,1,None,None
TGCACCTAGACACGAC-1,False,TGCACCTAGACACGAC-1_contig_2,False,512,TRB,TRBV13-1,None,TRBJ2-5,None,True,True,CASSDGDDTQYF,TGTGCCAGCAGTGACGGGGACGACACCCAGTACTTT,1738,1,None,None
TGCACCTAGCACACAG-1,False,TGCACCTAGCACACAG-1_contig_1,False,382,TRB,None,None,TRBJ1-6,TRBC1,False,False,None,None,2024,1,None,None
TGCACCTAGCTGATAA-1,False,TGCACCTAGCTGATAA-1_contig_1,False,563,TRB,TRBV12-1,None,TRBJ2-5,None,True,True,CASSPRDWDQDTQYF,TGTGCCAGCTCTCCTCGGGACTGGGACCAAGACACCCAGTACTTT,1680,1,None,None
TGCACCTAGGATGTAT-1,False,TGCACCTAGGATGTAT-1_contig_1,False,555,TRA,TRAV4-3,None,TRAJ27,TRAC,True,True,CAAANTNTGKLTF,TGTGCTGCTGCTAACACCAATACAGGCAAATTAACCTTT,1134,1,None,None
TGCACCTAGGCTCTTA-1,False,TGCACCTAGGCTCTTA-1_contig_1,False,471,TRB,TRBV12-2+TRBV13-2,None,TRBJ2-7,None,True,True,CASGTGGDYEQYF,TGTGCCAGCGGGACTGGGGGGGACTATGAACAGTACTTC,248,2,None,None
TGCACCTAGTCCTCCT-1,False,TGCACCTAGTCCTCCT-1_contig_1,False,568,TRB,TRBV12-2+TRBV13-2,None,TRBJ1-2,TRBC1,True,True,CASGGGTGNSDYTF,TGTGCCAGCGGTGGGGGGACAGGGAACTCCGACTACACCTTC,1080,1,None,None
TGCACCTAGTGTCCAT-1,False,TGCACCTAGTGTCCAT-1_contig_1,False,512,TRB,TRBV13-1,None,TRBJ2-4,None,True,True,CASSEGTNTLYF,TGTGCCAGCAGTGAAGGAACAAACACCTTGTACTTT,950,1,None,None
TGCACCTCAAGCCCAC-1,False,TGCACCTCAAGCCCAC-1_contig_1,False,562,TRB,TRBV12-2+TRBV13-2,None,TRBJ1-2,TRBC1,True,True,CASGGGTGNSDYTF,TGTGCCAGCGGTGGGGGGACAGGGAACTCCGACTACACCTTC,860,1,None,None
TGCACCTCAGCGTAAG-1,False,TGCACCTCAGCGTAAG-1_contig_1,False,561,TRB,TRBV12-2+TRBV13-2,None,TRBJ2-5,None,True,True,CASGVQGDTQYF,TGTGCCAGCGGTGTTCAGGGGGACACCCAGTACTTT,1136,1,None,None
TGCACCTCAGTCACTA-1,False,TGCACCTCAGTCACTA-1_contig_1,False,555,TRA,TRAV4D-3,None,TRAJ27,TRAC,True,True,CAADGPNTGKLTF,TGTGCTGCGGACGGACCCAATACAGGCAAATTAACCTTT,588,1,None,None
TGCACCTCATCTCGCT-1,False,TGCACCTCATCTCGCT-1_contig_1,False,525,TRA,TRAV7N-6,None,TRAJ30,TRAC,True,True,CAVVDTNAYKVIF,TGTGCAGTGGTTGACACAAATGCTTACAAAGTCATCTTT,1208,1,None,None
TGCACCTCATGCCTTC-1,False,TGCACCTCATGCCTTC-1_contig_1,False,702,TRA,TRAV9D-2,None,TRAJ26,TRAC,True,True,CVLSRGNNYAQGLTF,TGTGTTCTGAGCAGGGGCAATAACTATGCCCAGGGATTAACCTTC,488,1,None,None
TGCACCTCATGCTAGT-1,False,TGCACCTCATGCTAGT-1_contig_1,False,494,TRB,TRBV31,None,TRBJ2-3,None,True,False,CAWSLLLGGSAETLYF,TGTGCCTGGAGTCTACTCCTGGGGGGAAGTGCAGAAACGCTGTATTTT,1512,1,None,None
TGCACCTCATTAGCCA-1,False,TGCACCTCATTAGCCA-1_contig_1,False,593,TRA,TRAV4D-3,None,TRAJ27,TRAC,True,True,CAADGPNTGKLTF,TGTGCTGCGGACGGACCCAATACAGGCAAATTAACCTTT,2444,1,None,None
TGCACCTGTAAGTTCC-1,False,TGCACCTGTAAGTTCC-1_contig_1,False,560,TRB,TRBV12-2+TRBV13-2,None,TRBJ1-2,TRBC1,True,True,CASGGGTGNSDYTF,TGTGCCAGCGGTGGGGGGACAGGGAACTCCGACTACACCTTC,1516,1,None,None
TGCACCTGTAAGTTCC-1,False,TGCACCTGTAAGTTCC-1_contig_2,False,549,TRA,TRAV8N-2,None,TRAJ13,TRAC,True,True,CATEDSGTYQRF,TGTGCTACTGAGGATTCTGGGACTTACCAGAGGTTT,1490,1,None,None
TGCACCTGTACAGTTC-1,False,TGCACCTGTACAGTTC-1_contig_1,False,561,TRB,TRBV12-2+TRBV13-2,None,TRBJ2-7,None,True,True,CASGTGGDYEQYF,TGTGCCAGCGGGACTGGGGGGGACTATGAACAGTACTTC,1814,2,None,None
TGCACCTGTACATCCA-1,False,TGCACCTGTACATCCA-1_contig_1,False,565,TRB,TRBV12-2+TRBV13-2,None,TRBJ1-2,TRBC1,True,True,CASGGGTGNSDYTF,TGTGCCAGCGGTGGGGGGACAGGGAACTCCGACTACACCTTC,930,1,None,None
TGCACCTGTCCAGTGC-1,False,TGCACCTGTCCAGTGC-1_contig_1,False,502,TRB,TRBV13-1,None,TRBJ2-7,None,True,True,CASSGPLEQYF,TGTGCCAGCAGTGGGCCCCTGGAACAGTACTTC,2668,2,None,None
TGCACCTGTCCTCTTG-1,False,TGCACCTGTCCTCTTG-1_contig_1,False,555,TRA,TRAV3-3,None,TRAJ49,TRAC,True,True,CAVSGATGYQNFYF,TGCGCAGTCAGTGGGGCCACGGGTTACCAGAACTTCTATTTT,1458,1,None,None
TGCACCTGTGAAGGCT-1,False,TGCACCTGTGAAGGCT-1_contig_1,False,537,TRB,TRBV13-1,None,TRBJ2-3,None,True,True,CASGDSAETLYF,TGTGCCAGCGGGGACAGTGCAGAAACGCTGTATTTT,1970,1,None,None
TGCACCTGTGACAAAT-1,False,TGCACCTGTGACAAAT-1_contig_1,False,538,TRA,TRAV8-1,None,TRAJ30,TRAC,True,True,CATDTNAYKVIF,TGTGCTACTGACACAAATGCTTACAAAGTCATCTTT,1966,1,None,None
TGCACCTGTGGAAAGA-1,False,TGCACCTGTGGAAAGA-1_contig_1,False,524,TRB,TRBV12-2+TRBV13-2,None,TRBJ1-2,TRBC1,True,False,CASGGGTGNSDYTF,TGTGCCAGCGGTGGGGGGACAGGGAACTCCGACTACACCTTC,1580,1,None,None
TGCACCTTCTAACCGA-1,False,TGCACCTTCTAACCGA-1_contig_1,False,564,TRB,TRBV12-2+TRBV13-2,None,TRBJ1-5,TRBC1,True,True,CASGTGDNQAPLF,TGTGCCAGCGGGACGGGGGACAACCAGGCTCCGCTTTTT,858,1,None,None
TGCCAAAAGACAAAGG-1,False,TGCCAAAAGACAAAGG-1_contig_1,False,542,TRA,TRAV7D-2,None,TRAJ31,TRAC,True,True,CAASIEDSNNRIFF,TGTGCAGCAAGCATAGAGGATAGCAATAACAGAATCTTCTTT,472,1,None,None
TGCCAAAAGACTTGAA-1,False,TGCCAAAAGACTTGAA-1_contig_1,False,549,TRB,TRBV16,None,TRBJ2-5,None,True,True,CASSLGGGQDTQYF,TGTGCAAGCAGCTTAGGGGGGGGCCAAGACACCCAGTACTTT,1110,1,None,None
TGCCAAAAGGGATGGG-1,False,TGCCAAAAGGGATGGG-1_contig_1,True,558,TRA,TRAV19,None,TRAJ39,TRAC,True,True,CAAGGNNAGAKLTF,TGCGCAGCAGGTGGGAATAATGCAGGTGCCAAGCTCACATTC,840,2,None,None
TGCCAAAAGGGATGGG-1,False,TGCCAAAAGGGATGGG-1_contig_2,True,370,TRB,None,None,TRBJ2-7,None,False,False,None,None,1672,1,None,None
TGCCAAAAGGGATGGG-1,False,TGCCAAAAGGGATGGG-1_contig_3,True,356,TRB,TRBV13-2,None,TRBJ1-2,TRBC1,True,False,CASGGGTGNSDYTF,TGTGCCAGCGGTGGGGGGACAGGGAACTCCGACTACACCTTC,1960,2,None,None
TGCCAAACAAACAACA-1,False,TGCCAAACAAACAACA-1_contig_1,False,566,TRB,TRBV12-2+TRBV13-2,None,TRBJ1-5,TRBC1,True,True,CASGTGDNQAPLF,TGTGCCAGCGGGACCGGGGACAACCAGGCTCCGCTTTTT,750,1,None,None
TGCCAAACAAGTTGTC-1,False,TGCCAAACAAGTTGTC-1_contig_1,False,566,TRB,TRBV12-2+TRBV13-2,None,TRBJ1-2,TRBC1,True,True,CASGGGTGNSDYTF,TGTGCCAGCGGTGGGGGGACAGGGAACTCCGACTACACCTTC,1186,1,None,None
TGCCAAACAATCCAAC-1,False,TGCCAAACAATCCAAC-1_contig_1,False,421,TRB,TRBV13-2,None,TRBJ2-7,None,True,False,CASGVQGEQYF,TGTGCCAGCGGTGTTCAGGGAGAACAGTACTTC,674,1,None,None
TGCCAAACACACCGAC-1,False,TGCCAAACACACCGAC-1_contig_1,False,505,TRB,TRBV13-1,None,TRBJ2-5,None,True,True,CASSDGDDTQYF,TGTGCCAGCAGTGACGGGGACGACACCCAGTACTTT,1224,1,None,None
TGCCAAACAGCCTTTC-1,False,TGCCAAACAGCCTTTC-1_contig_1,False,525,TRB,TRBV17,None,TRBJ2-5,None,True,True,CASSRKGIQDTQYF,TGTGCTAGCAGTAGAAAGGGGATCCAAGACACCCAGTACTTT,930,1,None,None
TGCCAAACATGAACCT-1,False,TGCCAAACATGAACCT-1_contig_1,False,414,TRB,None,None,TRBJ1-2,TRBC1,False,False,None,None,966,1,None,None
TGCCAAAGTAAGAGAG-1,False,TGCCAAAGTAAGAGAG-1_contig_1,False,568,TRB,TRBV12-2+TRBV13-2,None,TRBJ1-2,TRBC1,True,True,CASGGGTGNSDYTF,TGTGCCAGCGGTGGGGGGACAGGGAACTCCGACTACACCTTC,1254,1,None,None
TGCCAAAGTACACCGC-1,False,TGCCAAAGTACACCGC-1_contig_1,False,512,TRB,TRBV13-1,None,TRBJ2-4,None,True,True,CASSEGTNTLYF,TGTGCCAGCAGTGAAGGAACAAACACCTTGTACTTT,936,1,None,None
TGCCAAAGTCAAACTC-1,False,TGCCAAAGTCAAACTC-1_contig_1,False,566,TRA,TRAV3-3,None,TRAJ49,TRAC,True,True,CAVSGATGYQNFYF,TGCGCAGTCAGTGGGGCCACGGGTTACCAGAACTTCTATTTT,2262,1,None,None
TGCCAAAGTCCGAGTC-1,False,TGCCAAAGTCCGAGTC-1_contig_1,False,549,TRB,TRBV16,None,TRBJ2-5,None,True,True,CASSLGGGQDTQYF,TGTGCAAGCAGCTTAGGGGGGGGGCAAGACACCCAGTACTTT,1786,1,None,None
TGCCAAAGTCCTCCAT-1,False,TGCCAAAGTCCTCCAT-1_contig_1,False,572,TRB,TRBV12-2+TRBV13-2,None,TRBJ1-2,TRBC1,True,True,CASGGGTGNSDYTF,TGTGCCAGCGGTGGGGGGACAGGGAACTCCGACTACACCTTC,478,1,None,None
TGCCAAAGTGCTGTAT-1,False,TGCCAAAGTGCTGTAT-1_contig_1,False,444,TRB,None,None,TRBJ1-6,TRBC1,False,False,None,None,1672,1,None,None
TGCCAAAGTTCTCATT-1,False,TGCCAAAGTTCTCATT-1_contig_1,False,619,TRB,None,None,TRBJ2-7,None,False,False,None,None,1930,1,None,None
TGCCAAATCAAGGCTT-1,False,TGCCAAATCAAGGCTT-1_contig_1,False,512,TRB,TRBV13-1,None,TRBJ2-3,None,True,True,CASGDSAETLYF,TGTGCCAGCGGGGACAGTGCAGAAACGCTGTATTTT,986,1,None,None
TGCCAAATCATCATTC-1,False,TGCCAAATCATCATTC-1_contig_1,False,535,TRA,TRAV19,None,TRAJ39,TRAC,True,True,CAAGGNNAGAKLTF,TGCGCAGCAGGTGGGAATAATGCAGGTGCCAAGCTCACATTC,2520,1,None,None
TGCCAAATCCTCAATT-1,False,TGCCAAATCCTCAATT-1_contig_1,False,533,TRA,TRAV4D-3,None,TRAJ27,TRAC,True,True,CAADGPNTGKLTF,TGTGCTGCGGACGGACCCAATACAGGCAAATTAACCTTT,1938,1,None,None
TGCCAAATCTATGTGG-1,False,TGCCAAATCTATGTGG-1_contig_1,False,518,Multi,TRDV1,None,TRAJ43,TRAC,True,False,CGGLNNAPRF,TGTGGAGGCCTCAACAATGCCCCACGATTT,2446,1,None,None
TGCCCATAGGTGACCA-1,False,TGCCCATAGGTGACCA-1_contig_1,False,569,TRB,TRBV12-1,None,TRBJ2-1,None,True,True,CASGGGDYAEQFF,TGTGCCAGCGGGGGGGGAGACTATGCTGAGCAGTTCTTC,1544,1,None,None
TGCCCATAGTAACCCT-1,False,TGCCCATAGTAACCCT-1_contig_1,False,549,TRB,TRBV16,None,TRBJ2-5,None,True,True,CASSLGGGQDTQYF,TGTGCAAGCAGCTTAGGGGGGGGCCAAGACACCCAGTACTTT,2680,2,None,None
TGCCCATAGTCCTCCT-1,False,TGCCCATAGTCCTCCT-1_contig_1,False,558,TRB,TRBV12-2+TRBV13-2,None,TRBJ1-5,TRBC1,True,True,CASGDPAPLF,TGTGCCAGCGGTGATCCGGCTCCGCTTTTT,944,1,None,None
TGCCCATAGTGGGATC-1,False,TGCCCATAGTGGGATC-1_contig_1,False,639,TRB,TRBV12-2+TRBV13-2,None,TRBJ1-5,TRBC1,True,True,CASGTGDNQAPLF,TGTGCCAGCGGGACAGGGGACAACCAGGCTCCGCTTTTT,1168,1,None,None
TGCCCATAGTGGGCTA-1,False,TGCCCATAGTGGGCTA-1_contig_1,False,535,TRB,TRBV16,None,TRBJ2-5,None,True,True,CASSLGGGQDTQYF,TGTGCAAGCAGCTTAGGGGGGGGCCAAGACACCCAGTACTTT,1542,1,None,None
TGCCCATCAGCGTCCA-1,False,TGCCCATCAGCGTCCA-1_contig_1,False,568,TRB,TRBV12-2+TRBV13-2,None,TRBJ2-7,None,True,True,CASGTGGDYEQYF,TGTGCCAGCGGGACTGGGGGGGATTATGAACAGTACTTC,374,1,None,None
TGCCCATCAGGTCGTC-1,False,TGCCCATCAGGTCGTC-1_contig_1,False,557,TRA,TRAV4D-3,None,TRAJ27,TRAC,True,True,CAADGPNTGKLTF,TGTGCTGCGGACGGACCCAATACAGGCAAATTAACCTTT,1004,1,None,None
TGCCCATGTAAGTTCC-1,False,TGCCCATGTAAGTTCC-1_contig_1,False,467,TRB,TRBV12-2+TRBV13-2,None,TRBJ2-7,None,True,True,CASGALWEQYF,TGTGCCAGCGGGGCTCTATGGGAACAGTACTTC,184,1,None,None
TGCCCATGTCGCGAAA-1,False,TGCCCATGTCGCGAAA-1_contig_1,False,568,TRA,TRAV4D-3,None,TRAJ27,TRAC,True,True,CAADGPNTGKLTF,TGTGCTGCTGACGGGCCCAATACAGGCAAATTAACCTTT,794,1,None,None
TGCCCATGTCTCTTTA-1,False,TGCCCATGTCTCTTTA-1_contig_1,False,569,TRB,TRBV12-2+TRBV13-2,None,TRBJ1-2,TRBC1,True,True,CASGGGTGNSDYTF,TGTGCCAGCGGTGGGGGGACAGGGAACTCCGACTACACCTTC,1156,1,None,None
TGCCCATGTTCCCTTG-1,False,TGCCCATGTTCCCTTG-1_contig_1,False,567,TRB,TRBV12-2+TRBV13-2,None,TRBJ1-2,TRBC1,True,True,CASGGGTGNSDYTF,TGTGCCAGCGGTGGGGGGACAGGGAACTCCGACTACACCTTC,1130,1,None,None
TGCCCATTCAAACCGT-1,False,TGCCCATTCAAACCGT-1_contig_1,False,503,TRB,TRBV13-1,None,TRBJ2-4,None,True,True,CASSEGTNTLYF,TGTGCCAGCAGTGAAGGAACAAACACCTTGTACTTT,1582,1,None,None
TGCCCATTCAAAGTAG-1,False,TGCCCATTCAAAGTAG-1_contig_1,True,561,TRB,TRBV12-2+TRBV13-2,None,TRBJ1-5,TRBC1,True,True,CASGTGDNQAPLF,TGTGCCAGCGGGACCGGGGACAACCAGGCTCCGCTTTTT,1244,1,None,None
TGCCCATTCAAAGTAG-1,False,TGCCCATTCAAAGTAG-1_contig_2,True,432,TRB,None,None,TRBJ2-1,None,False,False,None,None,5000,3,None,None
TGCCCATTCAAAGTAG-1,False,TGCCCATTCAAAGTAG-1_contig_3,True,350,TRB,None,None,TRBJ2-7,None,False,False,None,None,744,1,None,None
TGCCCATTCACATGCA-1,False,TGCCCATTCACATGCA-1_contig_1,False,599,TRA,TRAV4D-3,None,TRAJ27,TRAC,True,True,CAADGPNTGKLTF,TGTGCTGCGGACGGACCCAATACAGGCAAATTAACCTTT,2296,1,None,None
TGCCCATTCCAGTAGT-1,False,TGCCCATTCCAGTAGT-1_contig_1,False,431,TRB,None,None,TRBJ2-1,None,False,False,None,None,2546,1,None,None
TGCCCATTCTGCGGCA-1,False,TGCCCATTCTGCGGCA-1_contig_1,False,571,TRB,TRBV12-2+TRBV13-2,None,TRBJ2-3,None,True,True,CASGDAPPGEGTLYF,TGTGCCAGCGGTGATGCACCTCCAGGGGAGGGAACGCTGTATTTT,1338,3,None,None
TGCCCATTCTGCGGCA-1,False,TGCCCATTCTGCGGCA-1_contig_2,False,509,TRA,TRAV13N-3,None,TRAJ49,TRAC,True,True,CAMGGYQNFYF,TGTGCTATGGGGGGTTACCAGAACTTCTATTTT,2816,2,None,None
TGCCCATTCTGCGGCA-1,False,TGCCCATTCTGCGGCA-1_contig_3,True,529,TRA,TRAV16,None,TRAJ39,TRAC,True,False,CYEGNNNAGAKLTF,TGCTATGAGGGTAATAATAATGCAGGTGCCAAGCTCACATTC,4370,3,None,None
TGCCCATTCTGTGCAA-1,False,TGCCCATTCTGTGCAA-1_contig_1,False,512,TRB,TRBV13-1,None,TRBJ2-4,None,True,True,CASSEGTNTLYF,TGTGCCAGCAGTGAAGGAACAAACACCTTGTACTTT,2566,2,None,None
TGCCCTAAGAAGCCCA-1,False,TGCCCTAAGAAGCCCA-1_contig_1,False,367,TRB,None,None,TRBJ2-1,None,False,False,None,None,2524,1,None,None
TGCCCTAAGAGTGACC-1,False,TGCCCTAAGAGTGACC-1_contig_1,False,556,TRA,TRAV19,None,TRAJ39,TRAC,True,True,CAAGGNNAGAKLTF,TGCGCAGCAGGTGGGAATAATGCAGGTGCCAAGCTCACATTC,1884,1,None,None
TGCCCTAAGCCACCTG-1,False,TGCCCTAAGCCACCTG-1_contig_1,False,592,TRB,TRBV13-2,None,TRBJ1-5,TRBC1,True,True,CASGTGDNQAPLF,TGTGCCAGCGGTACAGGAGACAACCAGGCTCCGCTTTTT,1416,1,None,None
TGCCCTAAGGAGTACC-1,False,TGCCCTAAGGAGTACC-1_contig_1,False,604,TRB,TRBV13-1,None,TRBJ2-1,None,True,False,CASGGGDYAEQFF,TGTGCCAGCGGGGGGGGAGACTATGCTGAGCAGTTCTTC,288,3,None,None
TGCCCTAAGGCATTGG-1,False,TGCCCTAAGGCATTGG-1_contig_1,False,558,TRA,TRAV19,None,TRAJ39,TRAC,True,True,CSACGYNVGAKLTF,TGTTCAGCATGTGGGTATAATGTAGGTGCCAAGCTCACATTC,268,1,None,None
TGCCCTAAGGCATTGG-1,False,TGCCCTAAGGCATTGG-1_contig_2,False,570,TRB,TRBV12-2+TRBV13-2,None,TRBJ1-2,TRBC1,True,True,CASGGGTGNSDYTF,TGTGCCAGCGGTGGGGGGACAGGGAACTCCGACTACACCTTC,1260,1,None,None
TGCCCTAAGTACGACG-1,False,TGCCCTAAGTACGACG-1_contig_1,False,559,TRB,TRBV12-2+TRBV13-2,None,TRBJ2-7,None,True,True,CASGTGDEQYF,TGTGCCAGCGGGACAGGGGATGAACAGTACTTC,2696,2,None,None
TGCCCTAAGTGGAGTC-1,False,TGCCCTAAGTGGAGTC-1_contig_1,False,506,TRB,TRBV13-1,None,TRBJ2-5,None,True,False,CASSDGDDTQYF,TGTGCCAGCAGTGACGGGGACGACACCCAGTACTTT,2304,1,None,None
TGCCCTACAAATCCGT-1,False,TGCCCTACAAATCCGT-1_contig_1,False,567,TRB,TRBV12-2+TRBV13-2,None,TRBJ1-2,TRBC1,True,True,CASGGGTGNSDYTF,TGTGCCAGCGGTGGGGGGACAGGGAACTCCGACTACACCTTC,1038,1,None,None
TGCCCTACAAGTAGTA-1,False,TGCCCTACAAGTAGTA-1_contig_1,False,352,TRB,TRBV13-2,None,TRBJ2-7,None,True,False,CASGVQGGEQYF,TGTGCCAGCGGTGTGCAGGGGGGAGAACAGTACTTC,1924,1,None,None
TGCCCTACACCATCCT-1,False,TGCCCTACACCATCCT-1_contig_1,False,562,TRB,TRBV12-2+TRBV13-2,None,TRBJ1-2,TRBC1,True,True,CASGGGTGNSDYTF,TGTGCCAGCGGTGGGGGGACAGGGAACTCCGACTACACCTTC,1700,1,None,None
TGCCCTACACGTTGGC-1,False,TGCCCTACACGTTGGC-1_contig_1,False,566,TRB,TRBV12-2+TRBV13-2,None,TRBJ1-2,TRBC1,True,True,CASGGGTGNSDYTF,TGTGCCAGCGGTGGGGGGACAGGGAACTCCGACTACACCTTC,1004,1,None,None
TGCCCTACATAAGACA-1,False,TGCCCTACATAAGACA-1_contig_1,False,572,TRA,TRAV14-2,None,TRAJ50,TRAC,True,True,CAATSSSSFSKLVF,TGTGCAGCAACTTCATCCTCCTCCTTCAGCAAGCTGGTGTTT,2352,1,None,None
TGCCCTACATTGGTAC-1,False,TGCCCTACATTGGTAC-1_contig_1,False,576,TRB,TRBV12-2+TRBV13-2,None,TRBJ2-7,None,True,True,CASGVQGWEQYF,TGTGCCAGCGGTGTACAGGGGTGGGAACAGTACTTC,1378,1,None,None
TGCCCTAGTCTCTTAT-1,False,TGCCCTAGTCTCTTAT-1_contig_1,False,568,TRA,TRAV4D-3,None,TRAJ27,TRAC,True,True,CAADGPNTGKLTF,TGTGCTGCGGACGGACCCAATACAGGCAAATTAACCTTT,1558,1,None,None
TGCCCTAGTGCAGGTA-1,False,TGCCCTAGTGCAGGTA-1_contig_1,False,571,TRB,TRBV12-2+TRBV13-2,None,TRBJ1-2,TRBC1,True,True,CASGGGTGNSDYTF,TGTGCCAGCGGTGGGGGGACAGGGAACTCCGACTACACCTTC,378,1,None,None
TGCCCTAGTGGTCTCG-1,False,TGCCCTAGTGGTCTCG-1_contig_1,False,402,TRB,None,None,TRBJ1-3,TRBC1,False,False,None,None,1356,1,None,None
TGCCCTAGTGTTTGTG-1,False,TGCCCTAGTGTTTGTG-1_contig_1,False,433,TRB,None,None,TRBJ2-7,None,False,False,None,None,1266,1,None,None
TGCCCTAGTTACCGAT-1,False,TGCCCTAGTTACCGAT-1_contig_1,False,512,TRB,TRBV13-1,None,TRBJ2-3,None,True,True,CASGDSAETLYF,TGTGCCAGCGGGGACAGTGCAGAAACGCTGTATTTT,1686,1,None,None
TGCCCTAGTTTGGCGC-1,False,TGCCCTAGTTTGGCGC-1_contig_1,False,572,TRB,TRBV12-2+TRBV13-2,None,TRBJ1-2,TRBC1,True,True,CASGGGTGNSDYTF,TGTGCCAGCGGTGGGGGGACAGGGAACTCCGACTACACCTTC,1636,1,None,None
TGCCCTATCAAGATCC-1,False,TGCCCTATCAAGATCC-1_contig_1,False,521,TRA,TRAV6-6,None,TRAJ24,TRAC,True,True,CAPLTTASLGKLQF,TGTGCTCCGTTGACAACTGCCAGTTTGGGGAAACTGCAGTTT,3056,2,None,None
TGCCCTATCAAGATCC-1,False,TGCCCTATCAAGATCC-1_contig_2,False,558,TRA,TRAV19,None,TRAJ39,TRAC,True,True,CAAGGNNAGAKLTF,TGCGCAGCAGGTGGGAATAATGCAGGTGCCAAGCTCACATTC,3460,2,None,None
TGCCCTATCAAGATCC-1,False,TGCCCTATCAAGATCC-1_contig_3,False,561,TRA,TRAV4-3,None,TRAJ42,TRAC,True,True,CAADNSGGSNAKLTF,TGTGCTGCTGATAATTCTGGAGGAAGCAATGCAAAGCTAACCTTC,4142,3,None,None
TGCCCTATCAAGATCC-1,False,TGCCCTATCAAGATCC-1_contig_4,False,512,TRB,TRBV13-1,None,TRBJ2-4,None,True,True,CASSEGTNTLYF,TGTGCCAGCAGTGAAGGAACAAACACCTTGTACTTT,11566,9,None,None
TGCCCTATCAAGATCC-1,False,TGCCCTATCAAGATCC-1_contig_5,False,505,TRB,TRBV13-1,None,TRBJ2-1,None,True,True,CASGGAYAEQFF,TGTGCCAGCGGGGGGGCGTATGCTGAGCAGTTCTTC,6560,4,None,None
TGCCCTATCAAGATCC-1,False,TGCCCTATCAAGATCC-1_contig_6,False,566,TRB,TRBV12-2+TRBV13-2,None,TRBJ1-2,TRBC1,True,True,CASGGGTGNSDYTF,TGTGCCAGCGGTGGGGGGACAGGGAACTCCGACTACACCTTC,9102,8,None,None
TGCCCTATCAAGATCC-1,False,TGCCCTATCAAGATCC-1_contig_7,False,566,TRA,TRAV12-2,None,TRAJ34,TRAC,True,True,CALSGNTNKVVF,TGTGCTTTGAGTGGCAATACCAACAAAGTCGTCTTT,3134,2,None,None
TGCCCTATCAAGATCC-1,False,TGCCCTATCAAGATCC-1_contig_8,False,746,TRA,TRAV9D-2,None,TRAJ26,TRAC,True,True,CVLSRGNNYAQGLTF,TGTGTTCTGAGCAGGGGCAATAACTATGCCCAGGGATTAACCTTC,2698,3,None,None
TGCCCTATCAAGATCC-1,False,TGCCCTATCAAGATCC-1_contig_9,False,629,TRB,None,None,TRBJ2-7,None,False,False,None,None,10304,7,None,None
TGCCCTATCATTTGGG-1,False,TGCCCTATCATTTGGG-1_contig_1,False,357,TRB,None,None,TRBJ2-1,None,False,False,None,None,2440,1,None,None
TGCCCTATCGTGACAT-1,False,TGCCCTATCGTGACAT-1_contig_1,False,546,TRA,TRAV16N,None,TRAJ22,TRAC,True,True,CAMREGDSSGSWQLIF,TGTGCTATGAGAGAGGGCGACTCTTCTGGCAGCTGGCAACTCATCTTT,1618,1,None,None
TGCCCTATCTACTCAT-1,False,TGCCCTATCTACTCAT-1_contig_1,False,440,TRB,None,None,TRBJ1-1,TRBC1,False,False,None,None,2154,1,None,None
TGCCCTATCTCTGAGA-1,False,TGCCCTATCTCTGAGA-1_contig_1,False,566,TRB,TRBV12-2+TRBV13-2,None,TRBJ1-2,TRBC1,True,True,CASGGGTGNSDYTF,TGTGCCAGCGGTGGGGGGACAGGGAACTCCGACTACACCTTC,748,1,None,None
TGCGCAGAGAGGGATA-1,False,TGCGCAGAGAGGGATA-1_contig_1,False,567,TRB,TRBV12-2+TRBV13-2,None,TRBJ1-2,TRBC1,True,True,CASGGGTGNSDYTF,TGTGCCAGCGGTGGGGGGACAGGGAACTCCGACTACACCTTC,1078,2,None,None
TGCGCAGAGATTACCC-1,False,TGCGCAGAGATTACCC-1_contig_1,False,496,TRA,TRAV19,None,TRAJ39,TRAC,True,False,CAAGGNNAGAKLTF,TGCGCAGCAGGTGGGAATAATGCAGGTGCCAAGCTCACATTC,130,1,None,None
TGCGCAGAGCTTTGGT-1,False,TGCGCAGAGCTTTGGT-1_contig_1,False,688,TRB,TRBV12-2+TRBV13-2,None,TRBJ1-2,TRBC1,True,True,CASGGGTGNSDYTF,TGTGCCAGCGGTGGGGGGACAGGGAACTCCGACTACACCTTC,1068,1,None,None
TGCGCAGAGGAACTGC-1,False,TGCGCAGAGGAACTGC-1_contig_1,False,560,TRB,TRBV12-2+TRBV13-2,None,TRBJ1-2,TRBC1,True,True,CASGGGTGNSDYTF,TGTGCCAGCGGTGGGGGGACAGGGAACTCCGACTACACCTTC,692,1,None,None
TGCGCAGAGGTAGCCA-1,False,TGCGCAGAGGTAGCCA-1_contig_1,False,570,TRB,TRBV12-2+TRBV13-2,None,TRBJ1-2,TRBC1,True,True,CASGGGTGNSDYTF,TGTGCCAGCGGTGGGGGGACAGGGAACTCCGACTACACCTTC,1550,1,None,None
TGCGCAGAGGTAGCCA-1,False,TGCGCAGAGGTAGCCA-1_contig_2,False,568,TRA,TRAV12-1,None,TRAJ48,TRAC,True,True,CALSDAGDYGNEKITF,TGTGCTCTGAGTGATGCAGGAGACTATGGAAATGAGAAAATAACTTTT,1566,3,None,None
TGCGCAGAGTACGTAA-1,False,TGCGCAGAGTACGTAA-1_contig_1,False,360,TRB,None,None,TRBJ1-6,TRBC1,False,False,None,None,2224,1,None,None
TGCGCAGAGTCAAGGC-1,False,TGCGCAGAGTCAAGGC-1_contig_1,False,600,TRB,TRBV12-2+TRBV13-2,None,TRBJ2-7,None,True,True,CASGTGGDYEQYF,TGTGCCAGCGGGACTGGGGGGGACTATGAACAGTACTTC,1052,1,None,None
TGCGCAGCACCAGCAC-1,False,TGCGCAGCACCAGCAC-1_contig_1,False,568,TRB,TRBV12-2+TRBV13-2,None,TRBJ1-2,TRBC1,True,True,CASGGGTGNSDYTF,TGTGCCAGCGGTGGGGGGACAGGGAACTCCGACTACACCTTC,1606,1,None,None
TGCGCAGCATCACAAC-1,False,TGCGCAGCATCACAAC-1_contig_1,False,549,TRB,TRBV16,None,TRBJ2-5,None,True,True,CASSLGGGQDTQYF,TGTGCAAGCAGCTTAGGGGGGGGGCAAGACACCCAGTACTTT,1754,1,None,None
TGCGCAGCATCTGGTA-1,False,TGCGCAGCATCTGGTA-1_contig_1,False,635,TRA,TRAV9-4,None,TRAJ58,TRAC,True,True,CAVSAQGTGSKLSF,TGTGCTGTGAGCGCGCAAGGCACTGGGTCTAAGCTGTCATTT,1344,1,None,None
TGCGCAGGTAATTGGA-1,False,TGCGCAGGTAATTGGA-1_contig_1,False,640,TRB,TRBV12-2+TRBV13-2,None,TRBJ1-2,TRBC1,True,True,CASGGGTGNSDYTF,TGTGCCAGCGGTGGGGGGACAGGGAACTCCGACTACACCTTC,1102,1,None,None
TGCGCAGGTACTTCTT-1,False,TGCGCAGGTACTTCTT-1_contig_1,False,564,TRB,TRBV12-2+TRBV13-2,None,TRBJ1-5,TRBC1,True,True,CASGTGDNQAPLF,TGTGCCAGCGGGACCGGGGACAACCAGGCTCCGCTTTTT,764,1,None,None
TGCGCAGGTCCGTGAC-1,False,TGCGCAGGTCCGTGAC-1_contig_1,False,558,TRA,TRAV19,None,TRAJ39,TRAC,True,True,CAAGGNNAGAKLTF,TGCGCAGCAGGTGGGAATAATGCAGGTGCCAAGCTCACATTC,920,1,None,None
TGCGCAGGTCGACTGC-1,False,TGCGCAGGTCGACTGC-1_contig_1,False,549,TRB,TRBV16,None,TRBJ2-7,None,True,True,CASSFGGGADEQYF,TGTGCAAGCAGCTTTGGTGGGGGGGCGGATGAACAGTACTTC,1636,1,None,None
TGCGCAGGTCGACTGC-1,False,TGCGCAGGTCGACTGC-1_contig_2,False,571,TRB,TRBV12-2+TRBV13-2,None,TRBJ1-2,TRBC1,True,True,CASGGGTGNSDYTF,TGTGCCAGCGGTGGGGGGACAGGGAACTCCGACTACACCTTC,946,1,None,None
TGCGCAGGTCGCATAT-1,False,TGCGCAGGTCGCATAT-1_contig_1,False,512,TRB,TRBV13-1,None,TRBJ2-3,None,True,True,CASGDSAETLYF,TGTGCCAGCGGGGACAGTGCAGAAACGCTGTATTTT,1286,1,None,None
TGCGCAGTCAATAAGG-1,False,TGCGCAGTCAATAAGG-1_contig_1,False,449,TRB,TRBV16,None,TRBJ2-5,None,True,False,CASSLGGGQDTQYF,TGTGCAAGCAGCTTAGGGGGGGGCCAAGACACCCAGTACTTT,646,1,None,None
TGCGCAGTCAGAAATG-1,False,TGCGCAGTCAGAAATG-1_contig_1,False,568,TRB,TRBV12-2+TRBV13-2,None,TRBJ1-2,TRBC1,True,True,CASGGGTGNSDYTF,TGTGCCAGCGGTGGGGGGACAGGGAACTCCGACTACACCTTC,1034,1,None,None
TGCGCAGTCAGAAATG-1,False,TGCGCAGTCAGAAATG-1_contig_2,False,349,TRB,TRBV12-1,None,TRBJ2-2,None,True,False,None,None,2468,1,None,None
TGCGCAGTCAGTACGT-1,False,TGCGCAGTCAGTACGT-1_contig_1,False,512,TRB,TRBV13-1,None,TRBJ2-4,None,True,True,CASSEGTNTLYF,TGTGCCAGCAGTGAAGGAACAAACACCTTGTACTTT,1904,1,None,None
TGCGCAGTCCGCGCAA-1,False,TGCGCAGTCCGCGCAA-1_contig_1,False,599,TRB,TRBV12-2+TRBV13-2,None,TRBJ1-2,TRBC1,True,True,CASGGGTGNSDYTF,TGTGCCAGCGGTGGGGGGACAGGGAACTCCGACTACACCTTC,1500,1,None,None
TGCGCAGTCCTTTCTC-1,False,TGCGCAGTCCTTTCTC-1_contig_1,False,572,TRA,TRAV19,None,TRAJ39,TRAC,True,True,CAAGGNNAGAKLTF,TGCGCAGCAGGTGGGAATAATGCAGGTGCCAAGCTCACATTC,2128,1,None,None
TGCGGGTAGAACTGTA-1,False,TGCGGGTAGAACTGTA-1_contig_1,False,639,TRB,TRBV12-2+TRBV13-2,None,TRBJ1-2,TRBC1,True,True,CASGGGTGNSDYTF,TGTGCCAGCGGTGGGGGGACAGGGAACTCCGACTACACCTTC,1314,1,None,None
TGCGGGTAGACCTTTG-1,False,TGCGGGTAGACCTTTG-1_contig_1,False,551,TRB,TRBV12-2+TRBV13-2,None,TRBJ2-7,None,True,True,CASGVQGEQYF,TGTGCCAGCGGTGTTCAGGGAGAACAGTACTTC,1394,1,None,None
TGCGGGTAGATCGATA-1,False,TGCGGGTAGATCGATA-1_contig_1,False,559,TRA,TRAV8-1,None,TRAJ17,TRAC,True,True,CATHSAGNKLTF,TGTGCTACTCACAGTGCAGGGAACAAGCTAACTTTT,1670,1,None,None
TGCGGGTAGCCCAACC-1,False,TGCGGGTAGCCCAACC-1_contig_1,False,550,Multi,TRDV1,None,TRAJ43,TRAC,True,False,CGGLNNAPRF,TGTGGAGGCCTCAACAATGCCCCACGATTT,1410,1,None,None
TGCGGGTAGCGGATCA-1,False,TGCGGGTAGCGGATCA-1_contig_1,False,579,TRB,TRBV12-2+TRBV13-2,None,TRBJ2-7,None,True,True,CASGVQGGEQYF,TGTGCCAGCGGTGTGCAGGGGGGAGAACAGTACTTC,1444,1,None,None
TGCGGGTAGCTAAGAT-1,False,TGCGGGTAGCTAAGAT-1_contig_1,True,526,TRA,TRAV8D-1,None,TRAJ26,TRAC,True,True,CATDDNYAQGLTF,TGTGCTACTGACGATAACTATGCCCAGGGATTAACCTTC,1714,1,None,None
TGCGGGTAGTTGTCGT-1,False,TGCGGGTAGTTGTCGT-1_contig_1,False,567,TRB,TRBV12-2+TRBV13-2,None,TRBJ1-2,TRBC1,True,True,CASGGGTGNSDYTF,TGTGCCAGCGGTGGGGGGACAGGGAACTCCGACTACACCTTC,1850,1,None,None
TGCGGGTAGTTGTCGT-1,False,TGCGGGTAGTTGTCGT-1_contig_2,False,518,TRA,TRAV7-5,None,TRAJ45,TRAC,True,False,CSDTEGADRLTF,TGCAGTGATACAGAAGGTGCAGATAGACTCACCTTT,2600,1,None,None
TGCGGGTCAGACGTAG-1,False,TGCGGGTCAGACGTAG-1_contig_1,False,410,TRB,None,None,TRBJ1-4,TRBC1,False,False,None,None,2866,1,None,None
TGCGGGTCAGATCGGA-1,False,TGCGGGTCAGATCGGA-1_contig_1,False,556,TRA,TRAV19,None,TRAJ39,TRAC,True,True,CAAGGNNAGAKLTF,TGCGCAGCAGGTGGGAATAATGCAGGTGCCAAGCTCACATTC,668,1,None,None
TGCGGGTGTCAACTGT-1,False,TGCGGGTGTCAACTGT-1_contig_1,False,516,TRA,TRAV19,None,TRAJ39,TRAC,True,True,CAAGGNNAGAKLTF,TGCGCAGCAGGTGGGAATAATGCAGGTGCCAAGCTCACATTC,2104,2,None,None
TGCGGGTGTCAACTGT-1,False,TGCGGGTGTCAACTGT-1_contig_2,False,538,TRA,TRAV14N-3,None,TRAJ6,TRAC,True,True,CAARSSGGNYKPTF,TGTGCAGCAAGGTCCTCAGGAGGAAACTACAAACCTACGTTT,10424,9,None,None
TGCGGGTGTCAACTGT-1,False,TGCGGGTGTCAACTGT-1_contig_3,False,522,TRB,TRBV31,None,TRBJ2-3,None,True,True,CAWSLLLGGSAETLYF,TGTGCCTGGAGTCTACTCCTGGGGGGAAGTGCAGAAACGCTGTATTTT,32114,16,None,None
TGCGGGTGTCAACTGT-1,False,TGCGGGTGTCAACTGT-1_contig_4,True,399,TRB,TRBV31,None,TRBJ2-3,None,True,False,CAWSLLLGGSAETLYF,TGTGCCTGGAGTCTACTCCTGGGGGGAAGTGCAGAAACGCTGTATTTT,16386,20,None,None
TGCGGGTGTCAACTGT-1,False,TGCGGGTGTCAACTGT-1_contig_5,True,523,TRA,TRAV7N-6,None,TRAJ5,TRAC,True,False,None,None,1198,2,None,None
TGCGGGTGTCAACTGT-1,False,TGCGGGTGTCAACTGT-1_contig_6,True,509,TRA,TRAV7-5,None,TRAJ45,TRAC,True,False,CSDTEGADRLTF,TGCAGTGATACAGAAGGTGCAGATAGACTCACCTTT,2142,1,None,None
TGCGGGTGTCTGCGGT-1,False,TGCGGGTGTCTGCGGT-1_contig_1,False,535,TRA,TRAV4D-3,None,TRAJ27,TRAC,True,True,CAADGPNTGKLTF,TGTGCTGCGGACGGACCCAATACAGGCAAATTAACCTTT,1310,1,None,None
TGCGGGTGTGGCGAAT-1,False,TGCGGGTGTGGCGAAT-1_contig_1,False,532,TRB,TRBV12-2+TRBV13-2,None,TRBJ2-3,None,True,True,CASGDAPPGEGTLYF,TGTGCCAGCGGTGATGCACCTCCAGGGGAGGGAACGCTGTATTTT,1264,1,None,None
TGCGGGTGTGGTAACG-1,False,TGCGGGTGTGGTAACG-1_contig_1,False,505,TRB,TRBV13-1,None,TRBJ2-3,None,True,True,CASGDSAETLYF,TGTGCCAGCGGGGACAGTGCAGAAACGCTGTATTTT,1370,1,None,None
TGCGGGTGTGTCCTCT-1,False,TGCGGGTGTGTCCTCT-1_contig_1,False,523,TRA,TRAV8D-1,None,TRAJ30,TRAC,True,True,CALDTNAYKVIF,TGTGCCCTCGACACAAATGCTTACAAAGTCATCTTT,748,1,None,None
TGCGGGTGTGTTTGGT-1,False,TGCGGGTGTGTTTGGT-1_contig_1,False,555,TRA,TRAV8D-2,None,TRAJ4,TRAC,True,True,CATDPGSFNKLTF,TGTGCTACAGATCCTGGTAGCTTCAATAAGTTGACCTTT,2054,1,None,None
TGCGGGTGTTTGACAC-1,False,TGCGGGTGTTTGACAC-1_contig_1,False,505,TRB,TRBV13-1,None,TRBJ2-3,None,True,True,CASGDSAETLYF,TGTGCCAGCGGGGACAGTGCAGAAACGCTGTATTTT,846,1,None,None
TGCGGGTTCCCATTTA-1,False,TGCGGGTTCCCATTTA-1_contig_1,False,477,TRB,TRBV12-2+TRBV13-2,None,TRBJ1-2,None,True,True,CASGGGTGNSDYTF,TGTGCCAGCGGTGGGGGGACAGGGAACTCCGACTACACCTTC,342,1,None,None
TGCGGGTTCGTTACAG-1,False,TGCGGGTTCGTTACAG-1_contig_1,False,517,TRA,TRAV8D-1,None,TRAJ6,TRAC,True,True,CATDAPTGNYKPTF,TGTGCTACTGATGCACCCACCGGAAACTACAAACCTACGTTT,1654,1,None,None
TGCGGGTTCTGTCTCG-1,False,TGCGGGTTCTGTCTCG-1_contig_1,False,592,TRB,TRBV12-2+TRBV13-2,None,TRBJ1-2,TRBC1,True,True,CASGGGTGNSDYTF,TGTGCCAGCGGTGGGGGGACAGGGAACTCCGACTACACCTTC,1256,1,None,None
TGCGGGTTCTGTTTGT-1,False,TGCGGGTTCTGTTTGT-1_contig_1,False,556,TRB,TRBV12-2+TRBV13-2,None,TRBJ2-7,None,True,True,CASGVQGEQYF,TGTGCCAGCGGTGTTCAGGGAGAACAGTACTTC,554,1,None,None
TGCGTGGAGAATTCCC-1,False,TGCGTGGAGAATTCCC-1_contig_1,True,472,TRB,TRBV12-2+TRBV13-2,None,TRBJ2-1,None,True,True,CASGTGDYAEQFF,TGTGCCAGCGGGACTGGGGACTATGCTGAGCAGTTCTTC,70,1,None,None
TGCGTGGAGAATTCCC-1,False,TGCGTGGAGAATTCCC-1_contig_2,True,566,TRA,TRAV6-6,None,TRAJ40,None,True,False,CTTVLWVNTGNYKYVF,TGTACTACTGTGCTCTGGGTTAATACAGGAAACTACAAATACGTCTTT,386,1,None,None
TGCGTGGAGAATTCCC-1,False,TGCGTGGAGAATTCCC-1_contig_3,True,563,TRA,TRAV6-6,None,TRAJ40,TRAC,True,False,CTTVLWVNTGNYKYVF,TGTACTACTGTGCTCTGGGTTAATACAGGAAACTACAAATACGTCTTT,436,2,None,None
TGCGTGGAGCACGCCT-1,False,TGCGTGGAGCACGCCT-1_contig_1,False,305,TRB,None,None,TRBJ2-7,None,False,False,None,None,2492,2,None,None
TGCGTGGAGGAATCGC-1,False,TGCGTGGAGGAATCGC-1_contig_1,False,537,TRA,TRAV6D-3,None,TRAJ30,TRAC,True,True,CAMSDDTNAYKVIF,TGTGCTATGAGTGATGACACAAATGCTTACAAAGTCATCTTT,2266,1,None,None
TGCGTGGAGGGTTTCT-1,False,TGCGTGGAGGGTTTCT-1_contig_1,False,549,TRB,TRBV16,None,TRBJ2-5,None,True,True,CASSLGGGQDTQYF,TGTGCAAGCAGCTTAGGGGGGGGGCAAGACACCCAGTACTTT,35898,38,None,None
TGCGTGGAGGGTTTCT-1,False,TGCGTGGAGGGTTTCT-1_contig_2,False,548,TRA,TRAV19,None,TRAJ39,TRAC,True,True,CAAGGNNAGAKLTF,TGCGCAGCAGGTGGGAATAATGCAGGTGCCAAGCTCACATTC,2268,2,None,None
TGCGTGGAGGGTTTCT-1,False,TGCGTGGAGGGTTTCT-1_contig_3,False,595,TRA,TRAV4D-3,None,TRAJ27,TRAC,True,True,CAADGPNTGKLTF,TGTGCTGCTGACGGGCCCAATACAGGCAAATTAACCTTT,10322,7,None,None
TGCGTGGAGGGTTTCT-1,False,TGCGTGGAGGGTTTCT-1_contig_4,True,324,TRB,None,None,TRBJ2-7,None,False,False,None,None,492,3,None,None
TGCGTGGAGGGTTTCT-1,False,TGCGTGGAGGGTTTCT-1_contig_5,True,595,TRA,TRAV7-4,None,TRAJ31,TRAC,True,False,None,None,3758,2,None,None
TGCGTGGAGGTGATTA-1,False,TGCGTGGAGGTGATTA-1_contig_1,False,571,TRB,TRBV12-2+TRBV13-2,None,TRBJ1-2,TRBC1,True,True,CASGGGTGNSDYTF,TGTGCCAGCGGTGGGGGGACAGGGAACTCCGACTACACCTTC,348,1,None,None
TGCGTGGAGGTTACCT-1,False,TGCGTGGAGGTTACCT-1_contig_1,False,549,TRB,TRBV16,None,TRBJ2-5,None,True,True,CASSLGGGQDTQYF,TGTGCAAGCAGCTTAGGGGGGGGCCAAGACACCCAGTACTTT,730,1,None,None
TGCGTGGCAAACTGCT-1,False,TGCGTGGCAAACTGCT-1_contig_1,False,583,TRB,TRBV12-1,None,TRBJ2-3,None,True,True,CASGDSAETLYF,TGTGCCAGCGGGGACAGTGCAGAAACGCTGTATTTT,2726,2,None,None
TGCGTGGCAAACTGCT-1,False,TGCGTGGCAAACTGCT-1_contig_2,True,575,TRA,TRAV3D-3,None,TRAJ28,TRAC,True,False,CTSAQSVRGTGSNRLTF,TGTACTTCTGCGCAGTCAGTGAGGGGCACTGGGAGTAACAGGCTCACTTTT,2092,1,None,None
TGCGTGGCAATCGAAA-1,False,TGCGTGGCAATCGAAA-1_contig_1,False,512,TRB,TRBV13-1,None,TRBJ1-4,TRBC1,True,True,CASGTGANERLFF,TGTGCCAGCGGGACAGGGGCCAACGAAAGATTATTTTTC,1712,1,None,None
TGCGTGGCACGTAAGG-1,False,TGCGTGGCACGTAAGG-1_contig_1,False,516,TRA,TRAV6-6,None,TRAJ24,TRAC,True,True,CAPLTTASLGKLQF,TGTGCTCCGTTGACAACTGCCAGTTTGGGGAAACTGCAGTTT,1704,1,None,None
TGCGTGGCACGTAAGG-1,False,TGCGTGGCACGTAAGG-1_contig_2,False,561,TRA,TRAV16N,None,TRAJ9,TRAC,True,True,CAMRESNMGYKLTF,TGTGCTATGAGAGAGAGCAACATGGGCTACAAACTTACCTTC,1464,1,None,None
TGCGTGGCACGTAAGG-1,False,TGCGTGGCACGTAAGG-1_contig_3,False,512,TRB,TRBV13-1,None,TRBJ2-4,None,True,True,CASSEGTNTLYF,TGTGCCAGCAGTGAAGGAACAAACACCTTGTACTTT,5872,9,None,None
TGCGTGGCACGTAAGG-1,False,TGCGTGGCACGTAAGG-1_contig_4,True,694,TRA,TRAV13D-4,None,TRAJ9,TRAC,True,False,None,None,1272,1,None,None
TGCGTGGCACTTCGAA-1,False,TGCGTGGCACTTCGAA-1_contig_1,False,549,TRB,TRBV16,None,TRBJ2-5,None,True,True,CASSLGGGQDTQYF,TGTGCAAGCAGCTTAGGGGGGGGGCAAGACACCCAGTACTTT,1410,1,None,None
TGCGTGGCATCCCATC-1,False,TGCGTGGCATCCCATC-1_contig_1,False,426,TRB,TRBV13-2,None,TRBJ1-5,TRBC1,True,False,CASGTGDNQAPLF,TGTGCCAGCGGGACAGGGGACAACCAGGCTCCGCTTTTT,2742,1,None,None
TGCGTGGCATTGGCGC-1,False,TGCGTGGCATTGGCGC-1_contig_1,False,507,TRA,TRAV21-DV12,None,TRAJ42,TRAC,True,True,CILRVHGGSNAKLTF,TGTATCCTGAGAGTCCATGGAGGAAGCAATGCAAAGCTAACCTTC,2270,1,None,None
TGCGTGGGTAATTGGA-1,False,TGCGTGGGTAATTGGA-1_contig_1,False,550,TRA,TRAV7-5,None,TRAJ45,TRAC,True,False,CSDTEGADRLTF,TGCAGTGATACAGAAGGTGCAGATAGACTCACCTTT,1716,1,None,None
TGCGTGGGTACCCAAT-1,False,TGCGTGGGTACCCAAT-1_contig_1,False,521,TRA,TRAV16N,None,TRAJ9,TRAC,True,True,CAMRESNMGYKLTF,TGTGCTATGAGAGAGAGCAACATGGGCTACAAACTTACCTTC,1160,1,None,None
TGCGTGGGTGAGTGAC-1,False,TGCGTGGGTGAGTGAC-1_contig_1,False,504,TRB,TRBV13-1,None,TRBJ2-4,None,True,True,CASSEGTNTLYF,TGTGCCAGCAGTGAAGGAACAAACACCTTGTACTTT,3042,2,None,None
TGCGTGGGTGCAGTAG-1,False,TGCGTGGGTGCAGTAG-1_contig_1,False,571,TRB,TRBV12-2+TRBV13-2,None,TRBJ1-5,TRBC1,True,True,CASGTGDNQAPLF,TGTGCCAGCGGGACAGGGGACAACCAGGCTCCGCTTTTT,2018,1,None,None
TGCGTGGGTGTAATGA-1,False,TGCGTGGGTGTAATGA-1_contig_1,False,508,TRB,TRBV13-1,None,TRBJ1-4,TRBC1,True,True,CASGTGANERLFF,TGTGCCAGCGGGACAGGGGCCAACGAAAGATTATTTTTC,1724,1,None,None
TGCGTGGGTTGCGTTA-1,False,TGCGTGGGTTGCGTTA-1_contig_1,False,558,TRB,TRBV12-2+TRBV13-2,None,TRBJ1-2,TRBC1,True,True,CASGGGTGNSDYTF,TGTGCCAGCGGTGGGGGGACAGGGAACTCCGACTACACCTTC,1208,1,None,None
TGCGTGGGTTTGTTTC-1,False,TGCGTGGGTTTGTTTC-1_contig_1,False,556,TRA,TRAV19,None,TRAJ39,TRAC,True,True,CAAGGNNAGAKLTF,TGCGCAGCAGGTGGGAATAATGCAGGTGCCAAGCTCACATTC,248,1,None,None
TGCGTGGTCCTGTACC-1,False,TGCGTGGTCCTGTACC-1_contig_1,False,606,TRB,TRBV26,None,TRBJ1-1,TRBC1,True,True,CASSRGNTEVFF,TGTGCCAGCAGCCGCGGAAACACAGAAGTCTTCTTT,1622,1,None,None
TGCGTGGTCGGCATCG-1,False,TGCGTGGTCGGCATCG-1_contig_1,False,535,TRA,TRAV19,None,TRAJ39,TRAC,True,True,CAAGGNNAGAKLTF,TGCGCAGCAGGTGGGAATAATGCAGGTGCCAAGCTCACATTC,440,1,None,None
TGCGTGGTCTTTCCTC-1,False,TGCGTGGTCTTTCCTC-1_contig_1,False,529,TRA,TRAV4D-3,None,TRAJ27,TRAC,True,True,CAADGPNTGKLTF,TGTGCTGCTGACGGGCCCAATACAGGCAAATTAACCTTT,1612,1,None,None
TGCTACCAGATATGGT-1,False,TGCTACCAGATATGGT-1_contig_1,False,559,TRA,TRAV4D-3,None,TRAJ27,TRAC,True,True,CAADGPNTGKLTF,TGTGCTGCGGACGGACCCAATACAGGCAAATTAACCTTT,1868,1,None,None
TGCTACCAGCCAGAAC-1,False,TGCTACCAGCCAGAAC-1_contig_1,False,619,TRB,None,None,TRBJ2-7,None,False,False,None,None,404,1,None,None
TGCTACCAGGACGAAA-1,False,TGCTACCAGGACGAAA-1_contig_1,False,556,TRA,TRAV4-3,None,TRAJ23,TRAC,True,False,None,None,2146,1,None,None
TGCTACCAGGGAAACA-1,False,TGCTACCAGGGAAACA-1_contig_1,False,518,TRB,TRBV13-2,None,TRBJ1-2,TRBC1,True,True,CASGGGTGNSDYTF,TGTGCCAGCGGTGGGGGGACAGGGAACTCCGACTACACCTTC,1646,1,None,None
TGCTACCAGTGGAGTC-1,False,TGCTACCAGTGGAGTC-1_contig_1,False,369,TRB,None,None,TRBJ1-2,TRBC1,False,False,None,None,1024,1,None,None
TGCTACCCACGGTGTC-1,False,TGCTACCCACGGTGTC-1_contig_1,False,561,TRB,TRBV12-2+TRBV13-2,None,TRBJ2-5,None,True,True,CASGAGMEDTQYF,TGTGCCAGCGGTGCAGGGATGGAAGACACCCAGTACTTT,898,1,None,None
TGCTACCCAGCTCCGA-1,False,TGCTACCCAGCTCCGA-1_contig_1,False,593,TRA,TRAV19,None,TRAJ39,TRAC,True,True,CAAGGNNAGAKLTF,TGCGCAGCAGGTGGGAATAATGCAGGTGCCAAGCTCACATTC,9452,7,None,None
TGCTACCCAGCTCCGA-1,False,TGCTACCCAGCTCCGA-1_contig_2,False,555,TRA,TRAV3-3,None,TRAJ49,TRAC,True,True,CAVSGSTGYQNFYF,TGCGCAGTCAGTGGGAGCACGGGTTACCAGAACTTCTATTTT,3522,2,None,None
TGCTACCCAGCTCCGA-1,False,TGCTACCCAGCTCCGA-1_contig_3,False,583,TRB,TRBV12-2+TRBV13-2,None,TRBJ1-2,TRBC1,True,True,CASGGGTGNSDYTF,TGTGCCAGCGGTGGGGGGACAGGGAACTCCGACTACACCTTC,10356,11,None,None
TGCTACCCAGCTCCGA-1,False,TGCTACCCAGCTCCGA-1_contig_4,True,534,TRA,TRAV9D-4,None,TRAJ31,TRAC,True,False,None,None,362,1,None,None
TGCTACCCAGCTCCGA-1,False,TGCTACCCAGCTCCGA-1_contig_5,True,342,TRB,TRBV12-2,None,TRBJ2-7,None,True,False,None,None,10048,7,None,None
TGCTACCGTAGCCTCG-1,False,TGCTACCGTAGCCTCG-1_contig_1,False,503,TRB,TRBV13-1,None,TRBJ2-3,None,True,True,CASGDSAETLYF,TGTGCCAGCGGGGACAGTGCAGAAACGCTGTATTTT,1600,1,None,None
TGCTACCGTATAGTAG-1,False,TGCTACCGTATAGTAG-1_contig_1,False,555,TRB,TRBV12-2+TRBV13-2,None,TRBJ2-1,None,True,True,CASGDPFQFF,TGTGCCAGCGGTGATCCTTTCCAGTTCTTC,1818,1,None,None
TGCTACCGTCCTAGCG-1,False,TGCTACCGTCCTAGCG-1_contig_1,False,535,TRA,TRAV8-1,None,TRAJ30,TRAC,True,True,CASDTNAYKVIF,TGTGCTTCTGACACAAATGCTTACAAAGTCATCTTT,3212,2,None,None
TGCTACCGTTCCGTCT-1,False,TGCTACCGTTCCGTCT-1_contig_1,False,567,TRA,TRAV3-3,None,TRAJ37,TRAC,True,False,None,None,254,1,None,None
TGCTACCGTTGCGTTA-1,False,TGCTACCGTTGCGTTA-1_contig_1,False,505,TRB,TRBV13-1,None,TRBJ2-5,None,True,True,CASSDGDDTQYF,TGTGCCAGCAGTGACGGGGACGACACCCAGTACTTT,674,1,None,None
TGCTACCGTTGGTAAA-1,False,TGCTACCGTTGGTAAA-1_contig_1,False,513,TRB,TRBV31,None,TRBJ2-5,None,True,True,CAWSSDRFIQDTQYF,TGTGCCTGGAGTTCAGACAGGTTTATCCAAGACACCCAGTACTTT,1710,1,None,None
TGCTACCGTTGGTAAA-1,False,TGCTACCGTTGGTAAA-1_contig_2,False,590,TRB,TRBV26,None,TRBJ1-1,TRBC1,True,True,CASSPGTGWTEVFF,TGTGCCAGCAGCCCCGGGACAGGGTGGACAGAAGTCTTCTTT,1912,1,None,None
TGCTACCGTTTGACTG-1,False,TGCTACCGTTTGACTG-1_contig_1,False,555,TRA,TRAV3-3,None,TRAJ49,TRAC,True,True,CAVSGSTGYQNFYF,TGCGCAGTCAGTGGGAGCACGGGTTACCAGAACTTCTATTTT,1936,1,None,None
TGCTACCTCATTGCGA-1,False,TGCTACCTCATTGCGA-1_contig_1,False,524,TRA,TRAV14N-3,None,TRAJ6,TRAC,True,True,CAARTSGGNYKPTF,TGTGCAGCAAGAACCTCAGGAGGAAACTACAAACCTACGTTT,2318,1,None,None
TGCTACCTCCACTCCA-1,False,TGCTACCTCCACTCCA-1_contig_1,False,557,TRB,TRBV12-2+TRBV13-2,None,TRBJ2-7,None,True,True,CASGVQGEQYF,TGTGCCAGCGGTGTTCAGGGAGAACAGTACTTC,1062,1,None,None
TGCTACCTCTTGCCGT-1,False,TGCTACCTCTTGCCGT-1_contig_1,False,566,TRB,TRBV12-2+TRBV13-2,None,TRBJ2-7,None,True,True,CASGTGGDYEQYF,TGTGCCAGCGGGACTGGGGGGGATTATGAACAGTACTTC,894,1,None,None
TGCTGCTAGGATGTAT-1,False,TGCTGCTAGGATGTAT-1_contig_1,False,530,TRB,TRBV12-2+TRBV13-2,None,TRBJ1-2,TRBC1,True,True,CASGGGTGNSDYTF,TGTGCCAGCGGTGGGGGGACAGGGAACTCCGACTACACCTTC,1450,1,None,None
TGCTGCTAGTCCGTAT-1,False,TGCTGCTAGTCCGTAT-1_contig_1,False,585,TRA,TRAV16D-DV11,None,TRAJ26,TRAC,True,True,CAMREENNYAQGLTF,TGTGCTATGAGAGAGGAAAATAACTATGCCCAGGGATTAACCTTC,1762,1,None,None
TGCTGCTCAACGATCT-1,False,TGCTGCTCAACGATCT-1_contig_1,False,557,TRA,TRAV8N-2,None,TRAJ52,TRAC,True,False,None,None,1868,1,None,None
TGCTGCTCAATGAAAC-1,False,TGCTGCTCAATGAAAC-1_contig_1,False,505,TRB,TRBV13-1,None,TRBJ2-4,None,True,True,CASSEGTNTLYF,TGTGCCAGCAGTGAAGGAACAAACACCTTGTACTTT,1870,1,None,None
TGCTGCTCACGACTCG-1,False,TGCTGCTCACGACTCG-1_contig_1,False,594,TRB,TRBV12-2+TRBV13-2,None,TRBJ1-5,TRBC1,True,True,CASGTGDNQAPLF,TGTGCCAGCGGGACAGGGGACAACCAGGCTCCGCTTTTT,1258,1,None,None
TGCTGCTGTAAATACG-1,False,TGCTGCTGTAAATACG-1_contig_1,False,562,TRB,TRBV12-2+TRBV13-2,None,TRBJ1-5,TRBC1,True,True,CASGTGDNQAPLF,TGTGCCAGCGGTACAGGGGATAACCAGGCTCCGCTTTTT,1418,1,None,None
TGCTGCTGTTCCGTCT-1,False,TGCTGCTGTTCCGTCT-1_contig_1,False,545,TRB,TRBV13-3,None,TRBJ2-1,None,True,True,CASSWQNYAEQFF,TGTGCCAGCAGTTGGCAGAACTATGCTGAGCAGTTCTTC,552,1,None,None
TGCTGCTGTTGAGTTC-1,False,TGCTGCTGTTGAGTTC-1_contig_1,False,505,TRB,TRBV13-1,None,TRBJ2-4,None,True,True,CASSEGTNTLYF,TGTGCCAGCAGTGAAGGAACAAACACCTTGTACTTT,1706,1,None,None
TGCTGCTGTTGAGTTC-1,False,TGCTGCTGTTGAGTTC-1_contig_2,False,350,TRA,TRAV7-5,None,TRAJ45,TRAC,True,False,CSDTEGADRLTF,TGCAGTGATACAGAAGGTGCAGATAGACTCACCTTT,2764,1,None,None
TGCTGCTTCTGCCAGG-1,False,TGCTGCTTCTGCCAGG-1_contig_1,False,525,TRB,TRBV17,None,TRBJ2-5,None,True,True,CASSRKGSQDTQYF,TGTGCTAGCAGTAGAAAGGGTTCTCAAGACACCCAGTACTTT,2022,1,None,None
TGGACGCAGCGCCTTG-1,False,TGGACGCAGCGCCTTG-1_contig_1,False,550,TRB,TRBV13-2,None,TRBJ1-5,TRBC1,True,True,CASGTGDNQAPLF,TGTGCCAGCGGGACAGGGGACAACCAGGCTCCGCTTTTT,1842,1,None,None
TGGACGCAGTGGACGT-1,False,TGGACGCAGTGGACGT-1_contig_1,False,524,TRA,TRAV14N-3,None,TRAJ6,TRAC,True,True,CAARTSGGNYKPTF,TGTGCAGCAAGAACCTCAGGAGGAAACTACAAACCTACGTTT,1562,1,None,None
TGGACGCCAAGCTGTT-1,False,TGGACGCCAAGCTGTT-1_contig_1,False,562,TRA,TRAV10N,None,TRAJ7,TRAC,True,True,CAPEPDYSNNRLTL,TGTGCACCGGAACCGGACTACAGCAACAACAGACTTACTTTG,2432,1,None,None
TGGACGCCACGTTGGC-1,False,TGGACGCCACGTTGGC-1_contig_1,False,554,TRB,TRBV12-2+TRBV13-2,None,TRBJ2-7,None,True,True,CASGVQGWEQYF,TGTGCCAGCGGTGTACAGGGGTGGGAACAGTACTTC,1602,1,None,None
TGGACGCCAGCTTCGG-1,False,TGGACGCCAGCTTCGG-1_contig_1,False,577,TRA,TRAV4D-3,None,TRAJ27,TRAC,True,True,CAADGPNTGKLTF,TGTGCTGCGGACGGACCCAATACAGGCAAATTAACCTTT,2012,1,None,None
TGGACGCCAGGCAGTA-1,False,TGGACGCCAGGCAGTA-1_contig_1,False,448,TRB,TRBV16,None,TRBJ2-5,None,True,False,CASSLGGGQDTQYF,TGTGCAAGCAGCTTAGGGGGGGGCCAAGACACCCAGTACTTT,514,1,None,None
TGGACGCCAGGGCATA-1,False,TGGACGCCAGGGCATA-1_contig_1,False,549,TRB,TRBV16,None,TRBJ2-7,None,True,True,CASSFGGGADEQYF,TGTGCAAGCAGCTTTGGTGGGGGGGCGGATGAACAGTACTTC,2150,1,None,None
TGGACGCGTACGCTGC-1,False,TGGACGCGTACGCTGC-1_contig_1,False,565,TRB,TRBV12-2+TRBV13-2,None,TRBJ1-5,TRBC1,True,True,CASGTGDNQAPLF,TGTGCCAGCGGTACAGGAGACAACCAGGCTCCGCTTTTT,1224,1,None,None
TGGACGCGTAGCGTGA-1,False,TGGACGCGTAGCGTGA-1_contig_1,False,428,TRB,None,None,TRBJ2-1,None,False,False,None,None,1498,1,None,None
TGGACGCGTGCCTTGG-1,False,TGGACGCGTGCCTTGG-1_contig_1,False,601,TRB,TRBV12-2+TRBV13-2,None,TRBJ1-2,TRBC1,True,True,CASGGGTGNSDYTF,TGTGCCAGCGGTGGGGGGACAGGGAACTCCGACTACACCTTC,1078,1,None,None
TGGACGCGTGTGGTTT-1,False,TGGACGCGTGTGGTTT-1_contig_1,False,549,TRB,TRBV16,None,TRBJ2-5,None,True,True,CASSLGGGQDTQYF,TGTGCAAGCAGCTTAGGGGGGGGCCAAGACACCCAGTACTTT,526,1,None,None
TGGACGCTCAGTTCGA-1,False,TGGACGCTCAGTTCGA-1_contig_1,False,569,TRA,TRAV12-3,None,TRAJ40,TRAC,True,False,CPVLLCSECHVNTGNYKYVF,TGCCCTGTACTACTGTGCTCTGAGTGTCACGTTAATACAGGAAACTACAAATACGTCTTT,1070,1,None,None
TGGACGCTCGCACTCT-1,False,TGGACGCTCGCACTCT-1_contig_1,False,563,TRB,TRBV12-2+TRBV13-2,None,TRBJ1-4,TRBC1,True,True,CASGDAPERLFF,TGTGCCAGCGGTGATGCTCCCGAAAGATTATTTTTC,1756,1,None,None
TGGACGCTCTTGGGTA-1,False,TGGACGCTCTTGGGTA-1_contig_1,False,527,TRA,TRAV14N-3,None,TRAJ6,TRAC,True,True,CAARTSGGNYKPTF,TGTGCAGCAAGAACCTCAGGAGGAAACTACAAACCTACGTTT,2662,1,None,None
TGGCCAGAGAGGTACC-1,False,TGGCCAGAGAGGTACC-1_contig_1,False,507,TRA,TRAV21-DV12,None,TRAJ42,TRAC,True,True,CILRVHGGSNAKLTF,TGTATCCTGAGAGTCCATGGAGGAAGCAATGCAAAGCTAACCTTC,1680,1,None,None
TGGCCAGAGATAGGAG-1,False,TGGCCAGAGATAGGAG-1_contig_1,False,563,TRB,TRBV13-2,None,TRBJ2-1,None,True,True,CASGGGDRAEQFF,TGTGCCAGCGGTGGCGGGGATAGGGCTGAGCAGTTCTTC,1346,1,None,None
TGGCCAGAGCATCATC-1,False,TGGCCAGAGCATCATC-1_contig_1,False,638,TRB,TRBV12-2+TRBV13-2,None,TRBJ1-2,TRBC1,True,True,CASGGGTGNSDYTF,TGTGCCAGCGGTGGGGGGACAGGGAACTCCGACTACACCTTC,934,1,None,None
TGGCCAGAGCTAAACA-1,False,TGGCCAGAGCTAAACA-1_contig_1,False,519,TRA,TRAV19,None,TRAJ39,TRAC,True,True,CAAGGNNAGAKLTF,TGCGCAGCAGGTGGGAATAATGCAGGTGCCAAGCTCACATTC,1932,1,None,None
TGGCCAGAGCTAAACA-1,False,TGGCCAGAGCTAAACA-1_contig_2,False,566,TRB,TRBV12-2+TRBV13-2,None,TRBJ1-2,TRBC1,True,True,CASGGGTGNSDYTF,TGTGCCAGCGGTGGGGGGACAGGGAACTCCGACTACACCTTC,1290,1,None,None
TGGCCAGAGTGAAGAG-1,False,TGGCCAGAGTGAAGAG-1_contig_1,False,549,TRB,TRBV16,None,TRBJ2-5,None,True,True,CASSLGGGQDTQYF,TGTGCAAGCAGCTTAGGGGGGGGCCAAGACACCCAGTACTTT,972,1,None,None
TGGCCAGCAATCACAC-1,False,TGGCCAGCAATCACAC-1_contig_1,False,507,TRB,TRBV13-2,None,TRBJ2-1,None,True,True,CASGDPFQFF,TGTGCCAGCGGTGATCCTTTCCAGTTCTTC,628,1,None,None
TGGCCAGCAATCGGTT-1,False,TGGCCAGCAATCGGTT-1_contig_1,False,525,TRB,TRBV17,None,TRBJ2-5,None,True,True,CASSRKGVQDTQYF,TGTGCTAGCAGTAGAAAGGGGGTCCAAGACACCCAGTACTTT,1168,1,None,None
TGGCCAGCAGCTCCGA-1,False,TGGCCAGCAGCTCCGA-1_contig_1,False,515,TRB,TRBV13-1,None,TRBJ2-1,None,True,True,CASGGGDYAEQFF,TGTGCCAGCGGGGGGGGAGACTATGCTGAGCAGTTCTTC,306,1,None,None
TGGCCAGCAGGAACGT-1,False,TGGCCAGCAGGAACGT-1_contig_1,False,375,TRA,TRAV3-3,None,TRAJ49,TRAC,True,False,CAVSGATGYQNFYF,TGCGCAGTCAGTGGGGCCACGGGTTACCAGAACTTCTATTTT,3354,2,None,None
TGGCCAGCAGTCCTTC-1,False,TGGCCAGCAGTCCTTC-1_contig_1,False,505,TRB,TRBV13-1,None,TRBJ2-4,None,True,True,CASSEGTNTLYF,TGTGCCAGCAGTGAAGGAACAAACACCTTGTACTTT,2338,2,None,None
TGGCCAGCATATGCTG-1,False,TGGCCAGCATATGCTG-1_contig_1,False,566,TRA,TRAV3-3,None,TRAJ49,TRAC,True,True,CAVSGATGYQNFYF,TGCGCAGTCAGTGGGGCCACGGGTTACCAGAACTTCTATTTT,1870,1,None,None
TGGCCAGGTAAACACA-1,False,TGGCCAGGTAAACACA-1_contig_1,False,598,TRB,TRBV12-2+TRBV13-2,None,TRBJ1-2,TRBC1,True,True,CASGGGTGNSDYTF,TGTGCCAGCGGTGGGGGGACAGGGAACTCCGACTACACCTTC,444,2,None,None
TGGCCAGGTAATTGGA-1,False,TGGCCAGGTAATTGGA-1_contig_1,False,515,TRB,TRBV13-1,None,TRBJ2-3,None,True,True,CASEGQGAETLYF,TGTGCCAGCGAGGGACAGGGTGCAGAAACGCTGTATTTT,428,1,None,None
TGGCCAGGTAGAGGAA-1,False,TGGCCAGGTAGAGGAA-1_contig_1,False,549,TRB,TRBV16,None,TRBJ1-2,TRBC1,True,True,CASSSGTGNSDYTF,TGTGCAAGCAGCTCCGGGACAGGGAACTCCGACTACACCTTC,1128,1,None,None
TGGCCAGGTATGAATG-1,False,TGGCCAGGTATGAATG-1_contig_1,False,505,TRB,TRBV13-1,None,TRBJ2-3,None,True,True,CASGDSAETLYF,TGTGCCAGCGGGGACAGTGCAGAAACGCTGTATTTT,1292,1,None,None
TGGCCAGGTCAATACC-1,False,TGGCCAGGTCAATACC-1_contig_1,False,570,TRB,TRBV12-2+TRBV13-2,None,TRBJ1-2,TRBC1,True,True,CASGGGTGNSDYTF,TGTGCCAGCGGTGGGGGGACAGGGAACTCCGACTACACCTTC,1814,1,None,None
TGGCCAGGTCAATGTC-1,False,TGGCCAGGTCAATGTC-1_contig_1,False,370,TRB,None,None,TRBJ2-7,None,False,False,None,None,1982,1,None,None
TGGCCAGGTCTTGATG-1,False,TGGCCAGGTCTTGATG-1_contig_1,False,309,TRB,None,None,TRBJ2-1,None,False,False,None,None,2540,1,None,None
TGGCCAGGTGCAACTT-1,False,TGGCCAGGTGCAACTT-1_contig_1,False,549,TRB,TRBV16,None,TRBJ2-5,None,True,True,CASSLGGGQDTQYF,TGTGCAAGCAGCTTAGGGGGGGGGCAAGACACCCAGTACTTT,14286,14,None,None
TGGCCAGGTGCAACTT-1,False,TGGCCAGGTGCAACTT-1_contig_10,False,595,TRA,TRAV7-4,None,TRAJ31,TRAC,True,False,None,None,1366,1,None,None
TGGCCAGGTGCAACTT-1,False,TGGCCAGGTGCAACTT-1_contig_2,False,655,TRA,TRAV14N-3,None,TRAJ6,TRAC,True,True,CAARTSGGNYKPTF,TGTGCAGCAAGAACCTCAGGAGGAAACTACAAACCTACGTTT,10228,8,None,None
TGGCCAGGTGCAACTT-1,False,TGGCCAGGTGCAACTT-1_contig_3,False,566,TRA,TRAV3-3,None,TRAJ49,TRAC,True,True,CAVSGSTGYQNFYF,TGCGCAGTCAGTGGGAGCACGGGTTACCAGAACTTCTATTTT,2462,2,None,None
TGGCCAGGTGCAACTT-1,False,TGGCCAGGTGCAACTT-1_contig_4,False,560,TRB,TRBV12-2+TRBV13-2,None,TRBJ2-7,None,True,True,CASGVQGWEQYF,TGTGCCAGCGGTGTACAGGGGTGGGAACAGTACTTC,9436,11,None,None
TGGCCAGGTGCAACTT-1,False,TGGCCAGGTGCAACTT-1_contig_5,False,560,TRA,TRAV4D-3,None,TRAJ27,TRAC,True,True,CAADGPNTGKLTF,TGTGCTGCTGACGGGCCCAATACAGGCAAATTAACCTTT,7518,5,None,None
TGGCCAGGTGCAACTT-1,False,TGGCCAGGTGCAACTT-1_contig_6,False,549,TRA,TRAV8N-2,None,TRAJ13,TRAC,True,True,CATEDSGTYQRF,TGTGCTACTGAGGATTCTGGGACTTACCAGAGGTTT,8766,7,None,None
TGGCCAGGTGCAACTT-1,False,TGGCCAGGTGCAACTT-1_contig_7,False,563,TRB,TRBV12-2+TRBV13-2,None,TRBJ2-7,None,True,True,CASGTGGDYEQYF,TGTGCCAGCGGGACTGGGGGGGACTATGAACAGTACTTC,15094,15,None,None
TGGCCAGGTGCAACTT-1,False,TGGCCAGGTGCAACTT-1_contig_8,False,372,TRB,None,None,TRBJ1-2,TRBC1,False,False,None,None,2464,3,None,None
TGGCCAGGTGCAACTT-1,False,TGGCCAGGTGCAACTT-1_contig_9,False,386,TRA,None,None,TRAJ18,TRAC,False,False,None,None,1364,1,None,None
TGGCCAGGTGGTAACG-1,False,TGGCCAGGTGGTAACG-1_contig_1,False,549,TRB,TRBV16,None,TRBJ2-7,None,True,True,CASSFGGGADEQYF,TGTGCAAGCAGCTTTGGTGGGGGGGCGGATGAACAGTACTTC,2036,1,None,None
TGGCCAGGTGGTAACG-1,False,TGGCCAGGTGGTAACG-1_contig_2,False,549,TRA,TRAV8N-2,None,TRAJ13,TRAC,True,True,CATEDSGTYQRF,TGTGCTACTGAGGATTCTGGGACTTACCAGAGGTTT,812,1,None,None
TGGCCAGGTGGTAACG-1,False,TGGCCAGGTGGTAACG-1_contig_3,False,580,TRB,TRBV13-1,None,TRBJ1-4,TRBC1,True,True,CASGTGANERLFF,TGTGCCAGCGGGACAGGGGCCAACGAAAGATTATTTTTC,902,1,None,None
TGGCCAGGTGTGACCC-1,False,TGGCCAGGTGTGACCC-1_contig_1,True,671,TRA,TRAV9D-2,None,TRAJ26,TRAC,True,True,CVLSRGNNYAQGLTF,TGTGTTCTGAGCAGGGGCAATAACTATGCCCAGGGATTAACCTTC,3504,4,None,None
TGGCCAGGTGTGACCC-1,False,TGGCCAGGTGTGACCC-1_contig_2,True,375,TRB,None,None,TRBJ1-6,TRBC1,False,False,None,None,1722,4,None,None
TGGCCAGGTTCCGTCT-1,False,TGGCCAGGTTCCGTCT-1_contig_1,False,558,TRB,TRBV12-2+TRBV13-2,None,TRBJ1-4,TRBC1,True,True,CASGDAPERLFF,TGTGCCAGCGGTGATGCTCCCGAAAGATTATTTTTC,304,3,None,None
TGGCCAGGTTGCCTCT-1,False,TGGCCAGGTTGCCTCT-1_contig_1,False,372,TRB,None,None,TRBJ1-3,TRBC1,False,False,None,None,1442,1,None,None
TGGCCAGTCCCAACGG-1,False,TGGCCAGTCCCAACGG-1_contig_1,False,566,TRA,TRAV3-3,None,TRAJ49,TRAC,True,True,CAVSGSTGYQNFYF,TGCGCAGTCAGTGGGAGCACGGGTTACCAGAACTTCTATTTT,1674,1,None,None
TGGCCAGTCGCTGATA-1,False,TGGCCAGTCGCTGATA-1_contig_1,False,563,TRB,TRBV12-2+TRBV13-2,None,TRBJ2-5,None,True,True,CASGVQGDTQYF,TGTGCCAGCGGTGTTCAGGGGGACACCCAGTACTTT,1016,1,None,None
TGGCCAGTCGGATGGA-1,False,TGGCCAGTCGGATGGA-1_contig_1,False,562,TRB,TRBV12-2+TRBV13-2,None,TRBJ1-5,TRBC1,True,True,CASGTGDNQAPLF,TGTGCCAGCGGGACAGGGGACAACCAGGCTCCGCTTTTT,1360,1,None,None
TGGCCAGTCGGCGCTA-1,False,TGGCCAGTCGGCGCTA-1_contig_1,False,592,TRB,TRBV12-2+TRBV13-2,None,TRBJ2-7,None,True,True,CASGTGGDYEQYF,TGTGCCAGCGGGACTGGGGGGGACTATGAACAGTACTTC,1474,2,None,None
TGGCCAGTCGTACGGC-1,False,TGGCCAGTCGTACGGC-1_contig_1,False,564,TRA,TRAV4D-3,None,TRAJ27,TRAC,True,True,CAADGPNTGKLTF,TGTGCTGCGGACGGACCCAATACAGGCAAATTAACCTTT,512,1,None,None
TGGCCAGTCTGGAGCC-1,False,TGGCCAGTCTGGAGCC-1_contig_1,True,512,TRB,TRBV13-1,None,TRBJ2-1,None,True,True,CASGGAYAEQFF,TGTGCCAGCGGGGGGGCCTATGCTGAGCAGTTCTTC,1504,2,None,None
TGGCCAGTCTGGAGCC-1,False,TGGCCAGTCTGGAGCC-1_contig_2,True,587,TRB,TRBV12-2+TRBV13-2,None,TRBJ1-5,TRBC1,True,False,CASGTGDNQAPLF,TGTGCCAGCGGTACAGGAGACAACCAGGCTCCGCTTTTT,1486,2,None,None
TGGCCAGTCTGGAGCC-1,False,TGGCCAGTCTGGAGCC-1_contig_3,True,551,TRA,TRAV15D-2-DV6D-2,None,TRAJ32,TRAC,True,False,None,None,2084,1,None,None
TGGCGCAAGCAGCGTA-1,False,TGGCGCAAGCAGCGTA-1_contig_1,False,566,TRB,TRBV12-2+TRBV13-2,None,TRBJ1-2,TRBC1,True,True,CASGGGTGNSDYTF,TGTGCCAGCGGTGGGGGGACAGGGAACTCCGACTACACCTTC,1150,2,None,None
TGGCGCAAGCATGGCA-1,False,TGGCGCAAGCATGGCA-1_contig_1,False,583,TRB,TRBV12-2+TRBV13-2,None,TRBJ2-7,None,True,True,CASGGQGEQYF,TGTGCCAGCGGCGGACAGGGTGAACAGTACTTC,1400,1,None,None
TGGCGCAAGCTAGTCT-1,False,TGGCGCAAGCTAGTCT-1_contig_1,False,603,TRB,TRBV12-2+TRBV13-2,None,TRBJ2-5,None,True,False,None,None,1382,1,None,None
TGGCGCAAGGCAGGTT-1,False,TGGCGCAAGGCAGGTT-1_contig_1,False,512,TRB,TRBV13-1,None,TRBJ2-3,None,True,True,CASGDSAETLYF,TGTGCCAGCGGGGACAGTGCAGAAACGCTGTATTTT,970,1,None,None
TGGCGCAAGGCGACAT-1,False,TGGCGCAAGGCGACAT-1_contig_1,False,527,TRA,TRAV3D-3,None,TRAJ21,TRAC,True,False,CTSAQSGPCNVLYF,TGTACTTCTGCGCAGTCAGGCCCCTGCAACGTGCTTTACTTC,1872,1,None,None
TGGCGCAAGGGTATCG-1,False,TGGCGCAAGGGTATCG-1_contig_1,False,637,TRB,TRBV12-2+TRBV13-2,None,TRBJ1-2,TRBC1,True,True,CASGGGTGNSDYTF,TGTGCCAGCGGTGGGGGGACAGGGAACTCCGACTACACCTTC,1310,1,None,None
TGGCGCAAGGTGTTAA-1,False,TGGCGCAAGGTGTTAA-1_contig_1,False,549,TRB,TRBV16,None,TRBJ2-5,None,True,True,CASSLGGGQDTQYF,TGTGCAAGCAGCTTAGGGGGGGGCCAAGACACCCAGTACTTT,5530,4,None,None
TGGCGCAAGGTGTTAA-1,False,TGGCGCAAGGTGTTAA-1_contig_2,False,553,TRA,TRAV19,None,TRAJ39,TRAC,True,True,CAAGGNNAGAKLTF,TGCGCAGCAGGTGGGAATAATGCAGGTGCCAAGCTCACATTC,1742,1,None,None
TGGCGCAAGGTGTTAA-1,False,TGGCGCAAGGTGTTAA-1_contig_3,False,562,TRA,TRAV4D-3,None,TRAJ27,TRAC,True,True,CAADGPNTGKLTF,TGTGCTGCGGACGGACCCAATACAGGCAAATTAACCTTT,910,1,None,None
TGGCGCAAGGTGTTAA-1,False,TGGCGCAAGGTGTTAA-1_contig_4,False,569,TRB,TRBV12-2+TRBV13-2,None,TRBJ1-2,TRBC1,True,True,CASGGGTGNSDYTF,TGTGCCAGCGGTGGGGGGACAGGGAACTCCGACTACACCTTC,1422,2,None,None
TGGCGCAAGTGACTCT-1,False,TGGCGCAAGTGACTCT-1_contig_1,False,512,TRB,TRBV13-1,None,TRBJ2-4,None,True,True,CASSEGTNTLYF,TGTGCCAGCAGTGAAGGAACAAACACCTTGTACTTT,1980,1,None,None
TGGCGCACAACTGCTA-1,False,TGGCGCACAACTGCTA-1_contig_1,False,566,TRB,TRBV12-2+TRBV13-2,None,TRBJ1-2,TRBC1,True,True,CASGGGTGNSDYTF,TGTGCCAGCGGTGGGGGGACAGGGAACTCCGACTACACCTTC,1250,1,None,None
TGGCGCACAGCGTAAG-1,False,TGGCGCACAGCGTAAG-1_contig_1,False,567,TRB,TRBV12-2+TRBV13-2,None,TRBJ1-2,TRBC1,True,True,CASGGGTGNSDYTF,TGTGCCAGCGGTGGGGGGACAGGGAACTCCGACTACACCTTC,1344,1,None,None
TGGCGCACAGTTAACC-1,False,TGGCGCACAGTTAACC-1_contig_1,False,528,TRB,TRBV13-2,None,TRBJ1-2,TRBC1,True,True,CASGGGTGNSDYTF,TGTGCCAGCGGTGGGGGGACAGGGAACTCCGACTACACCTTC,1066,1,None,None
TGGCGCACATGGTCTA-1,False,TGGCGCACATGGTCTA-1_contig_1,False,535,TRA,TRAV19,None,TRAJ39,TRAC,True,True,CAAGGNNAGAKLTF,TGCGCAGCAGGTGGGAATAATGCAGGTGCCAAGCTCACATTC,2304,1,None,None
TGGCGCAGTAACGACG-1,False,TGGCGCAGTAACGACG-1_contig_1,False,601,TRB,TRBV13-1,None,TRBJ2-4,None,True,False,CASSEGTNTLYF,TGTGCCAGCAGTGAAGGAACAAACACCTTGTACTTT,1300,1,None,None
TGGCGCAGTAATCACC-1,False,TGGCGCAGTAATCACC-1_contig_1,False,561,TRB,TRBV12-2+TRBV13-2,None,TRBJ2-7,None,True,True,CASGVQGEQYF,TGTGCCAGCGGTGTTCAGGGAGAACAGTACTTC,1942,1,None,None
TGGCGCAGTCTACCTC-1,False,TGGCGCAGTCTACCTC-1_contig_1,False,503,TRB,TRBV13-1,None,TRBJ2-3,None,True,True,CASGDSAETLYF,TGTGCCAGCGGGGACAGTGCAGAAACGCTGTATTTT,1986,1,None,None
TGGCGCATCCTGTAGA-1,False,TGGCGCATCCTGTAGA-1_contig_1,False,515,TRA,TRAV7N-6,None,TRAJ30,TRAC,True,True,CAVVDTNAYKVIF,TGTGCAGTGGTTGACACAAATGCTTACAAAGTCATCTTT,410,1,None,None
TGGCGCATCGAATGCT-1,False,TGGCGCATCGAATGCT-1_contig_1,False,533,TRA,TRAV4D-3,None,TRAJ27,TRAC,True,True,CAADGPNTGKLTF,TGTGCTGCGGACGGACCCAATACAGGCAAATTAACCTTT,1370,1,None,None
TGGCGCATCTGGCGAC-1,False,TGGCGCATCTGGCGAC-1_contig_1,False,426,TRB,None,None,TRBJ2-7,None,False,False,None,None,1582,1,None,None
TGGCGCATCTTAGCCC-1,False,TGGCGCATCTTAGCCC-1_contig_1,False,564,TRA,TRAV14-2,None,TRAJ49,TRAC,True,True,CAAQGYQNFYF,TGTGCAGCACAGGGTTACCAGAACTTCTATTTT,122,1,None,None
TGGCGCATCTTTAGGG-1,False,TGGCGCATCTTTAGGG-1_contig_1,False,574,TRB,TRBV12-2+TRBV13-2,None,TRBJ1-2,TRBC1,True,True,CASGGGTGNSDYTF,TGTGCCAGCGGTGGGGGGACAGGGAACTCCGACTACACCTTC,2486,2,None,None
TGGCTGGAGCCACTAT-1,False,TGGCTGGAGCCACTAT-1_contig_1,False,548,TRB,TRBV16,None,TRBJ2-5,None,True,False,CASSLGGNQDTQYF,TGTGCAAGCAGCTTGGGGGGTAACCAAGACACCCAGTACTTT,3556,2,None,None
TGGCTGGAGCCAGTTT-1,False,TGGCTGGAGCCAGTTT-1_contig_1,False,550,TRA,TRAV8-1,None,TRAJ30,TRAC,True,True,CATDTNAYKVIF,TGTGCTACTGACACAAATGCTTACAAAGTCATCTTT,1034,1,None,None
TGGCTGGAGCCAGTTT-1,False,TGGCTGGAGCCAGTTT-1_contig_2,False,506,TRA,TRAV7-5,None,TRAJ45,TRAC,True,False,CSDTEGADRLTF,TGCAGTGATACAGAAGGTGCAGATAGACTCACCTTT,550,1,None,None
TGGCTGGAGGAGTTGC-1,False,TGGCTGGAGGAGTTGC-1_contig_1,False,504,TRB,TRBV13-1,None,TRBJ2-3,None,True,True,CASGDSAETLYF,TGTGCCAGCGGGGACAGTGCAGAAACGCTGTATTTT,236,2,None,None
TGGCTGGCAAGCCATT-1,False,TGGCTGGCAAGCCATT-1_contig_1,False,629,TRB,TRBV12-2+TRBV13-2,None,TRBJ1-5,TRBC1,True,True,CASGTGDNQAPLF,TGTGCCAGCGGTACAGGGGATAACCAGGCTCCGCTTTTT,1814,1,None,None
TGGCTGGCATACGCTA-1,False,TGGCTGGCATACGCTA-1_contig_1,False,354,TRB,None,None,TRBJ2-1,None,False,False,None,None,2654,1,None,None
TGGCTGGGTACTTGAC-1,False,TGGCTGGGTACTTGAC-1_contig_1,False,570,TRB,TRBV12-2+TRBV13-2,None,TRBJ1-2,TRBC1,True,True,CASGGGTGNSDYTF,TGTGCCAGCGGTGGGGGGACAGGGAACTCCGACTACACCTTC,1908,2,None,None
TGGCTGGGTGGACGAT-1,False,TGGCTGGGTGGACGAT-1_contig_1,False,557,TRB,TRBV12-2+TRBV13-2,None,TRBJ1-5,TRBC1,True,True,CASGTGDNQAPLF,TGTGCCAGCGGGACGGGGGACAACCAGGCTCCGCTTTTT,1210,1,None,None
TGGCTGGTCCTTGCCA-1,False,TGGCTGGTCCTTGCCA-1_contig_1,False,518,TRA,TRAV6-6,None,TRAJ24,TRAC,True,True,CAPLTTASLGKLQF,TGTGCTCCGTTGACAACTGCCAGTTTGGGGAAACTGCAGTTT,5886,3,None,None
TGGCTGGTCCTTGCCA-1,False,TGGCTGGTCCTTGCCA-1_contig_2,False,505,TRB,TRBV13-1,None,TRBJ2-4,None,True,True,CASSEGTNTLYF,TGTGCCAGCAGTGAAGGAACAAACACCTTGTACTTT,4078,3,None,None
TGGCTGGTCCTTGCCA-1,False,TGGCTGGTCCTTGCCA-1_contig_3,False,525,TRA,TRAV13N-3,None,TRAJ49,TRAC,True,True,CAMGGYQNFYF,TGTGCTATGGGGGGTTACCAGAACTTCTATTTT,18046,12,None,None
TGGCTGGTCCTTGCCA-1,False,TGGCTGGTCCTTGCCA-1_contig_4,False,600,TRB,TRBV12-2+TRBV13-2,None,TRBJ1-5,TRBC1,True,True,CASGTGDNQAPLF,TGTGCCAGCGGTACAGGGGATAACCAGGCTCCGCTTTTT,15624,12,None,None
TGGCTGGTCCTTGCCA-1,False,TGGCTGGTCCTTGCCA-1_contig_5,True,416,TRB,None,None,TRBJ2-7,None,False,False,None,None,4790,3,None,None
TGGCTGGTCCTTGCCA-1,False,TGGCTGGTCCTTGCCA-1_contig_6,True,403,TRB,None,None,TRBJ1-2,TRBC1,False,False,None,None,1592,1,None,None
TGGCTGGTCCTTGCCA-1,False,TGGCTGGTCCTTGCCA-1_contig_7,True,465,TRA,TRAV9D-2,None,TRAJ26,TRAC,True,False,CVLSRGNNYAQGLTF,TGTGTTCTGAGCAGGGGCAATAACTATGCCCAGGGATTAACCTTC,9388,5,None,None
TGGCTGGTCCTTGCCA-1,False,TGGCTGGTCCTTGCCA-1_contig_8,True,555,TRA,TRAV16,None,TRAJ39,TRAC,True,False,CYEGNNNAGAKLTF,TGCTATGAGGGTAATAATAATGCAGGTGCCAAGCTCACATTC,3048,2,None,None
TGGCTGGTCCTTGCCA-1,False,TGGCTGGTCCTTGCCA-1_contig_9,True,333,TRB,None,None,TRBJ2-1,None,False,False,None,None,2750,2,None,None
TGGCTGGTCGCTGATA-1,False,TGGCTGGTCGCTGATA-1_contig_1,False,549,TRB,TRBV16,None,TRBJ2-5,None,True,True,CASSLGGGQDTQYF,TGTGCAAGCAGCTTAGGGGGGGGCCAAGACACCCAGTACTTT,1048,1,None,None
TGGCTGGTCGTATCAG-1,False,TGGCTGGTCGTATCAG-1_contig_1,False,558,TRA,TRAV19,None,TRAJ39,TRAC,True,True,CAAGGNNAGAKLTF,TGCGCAGCAGGTGGGAATAATGCAGGTGCCAAGCTCACATTC,2466,1,None,None
TGGGAAGAGCAATCTC-1,False,TGGGAAGAGCAATCTC-1_contig_1,False,631,TRB,TRBV12-2+TRBV13-2,None,TRBJ1-3,TRBC1,True,True,CASGDGGTLYF,TGTGCCAGCGGTGATGGGGGGACGCTCTATTTT,850,1,None,None
TGGGAAGAGTCATGCT-1,False,TGGGAAGAGTCATGCT-1_contig_1,False,549,TRB,TRBV16,None,TRBJ2-5,None,True,True,CASSLGGGQDTQYF,TGTGCAAGCAGCTTAGGGGGGGGCCAAGACACCCAGTACTTT,1156,1,None,None
TGGGAAGAGTCGATAA-1,False,TGGGAAGAGTCGATAA-1_contig_1,False,565,TRB,TRBV13-2,None,TRBJ2-7,None,True,True,CASGTGGDYEQYF,TGTGCCAGCGGGACTGGGGGGGACTATGAACAGTACTTC,1896,1,None,None
TGGGAAGCACATTTCT-1,False,TGGGAAGCACATTTCT-1_contig_1,False,549,TRB,TRBV16,None,TRBJ2-7,None,True,True,CASSFGGGADEQYF,TGTGCAAGCAGCTTTGGTGGGGGGGCGGATGAACAGTACTTC,2414,1,None,None
TGGGAAGCACGTAAGG-1,False,TGGGAAGCACGTAAGG-1_contig_1,False,512,TRB,TRBV13-1,None,TRBJ2-1,None,True,True,CASSDNYAEQFF,TGTGCCAGCAGTGACAACTATGCTGAGCAGTTCTTC,1956,1,None,None
TGGGAAGCATCCGTGG-1,False,TGGGAAGCATCCGTGG-1_contig_1,False,505,TRB,TRBV13-1,None,TRBJ2-4,None,True,True,CASSEGTNTLYF,TGTGCCAGCAGTGAAGGAACAAACACCTTGTACTTT,1996,1,None,None
TGGGAAGCATCCGTGG-1,False,TGGGAAGCATCCGTGG-1_contig_2,False,571,TRB,None,None,TRBJ1-5,None,False,False,None,None,212,2,None,None
TGGGAAGCATTAACCG-1,False,TGGGAAGCATTAACCG-1_contig_1,False,505,TRB,TRBV13-1,None,TRBJ2-3,None,True,True,CASGDSAETLYF,TGTGCCAGCGGGGACAGTGCAGAAACGCTGTATTTT,1286,1,None,None
TGGGAAGCATTGGGCC-1,False,TGGGAAGCATTGGGCC-1_contig_1,False,555,TRB,TRBV12-2+TRBV13-2,None,TRBJ2-7,None,True,True,CASGVQGEQYF,TGTGCCAGCGGTGTTCAGGGAGAACAGTACTTC,1140,1,None,None
TGGGAAGCATTGTGCA-1,False,TGGGAAGCATTGTGCA-1_contig_1,False,513,TRA,TRAV6-6,None,TRAJ24,TRAC,True,True,CAPLTTASLGKLQF,TGTGCTCCGTTGACAACTGCCAGTTTGGGGAAACTGCAGTTT,7510,4,None,None
TGGGAAGCATTGTGCA-1,False,TGGGAAGCATTGTGCA-1_contig_2,False,503,TRB,TRBV13-1,None,TRBJ2-4,None,True,True,CASSEGTNTLYF,TGTGCCAGCAGTGAAGGAACAAACACCTTGTACTTT,3936,3,None,None
TGGGAAGCATTGTGCA-1,False,TGGGAAGCATTGTGCA-1_contig_3,False,525,TRB,TRBV17,None,TRBJ2-5,None,True,True,CASSRKGSQDTQYF,TGTGCTAGCAGTAGAAAGGGTTCTCAAGACACCCAGTACTTT,8728,6,None,None
TGGGAAGCATTGTGCA-1,False,TGGGAAGCATTGTGCA-1_contig_4,True,560,TRB,None,None,TRBJ2-7,None,False,False,None,None,394,1,None,None
TGGGAAGCATTGTGCA-1,False,TGGGAAGCATTGTGCA-1_contig_5,True,553,TRA,TRAV13D-4,None,TRAJ9,TRAC,True,False,None,None,1648,1,None,None
TGGGAAGGTAGCGTCC-1,False,TGGGAAGGTAGCGTCC-1_contig_1,False,329,TRB,None,None,TRBJ2-1,None,False,False,None,None,1748,1,None,None
TGGGAAGGTCGAATCT-1,False,TGGGAAGGTCGAATCT-1_contig_1,False,505,TRB,TRBV13-1,None,TRBJ2-3,None,True,True,CASGDSAETLYF,TGTGCCAGCGGGGACAGTGCAGAAACGCTGTATTTT,1080,1,None,None
TGGGAAGGTCTAGTGT-1,False,TGGGAAGGTCTAGTGT-1_contig_1,False,418,TRB,None,None,TRBJ2-5,None,False,False,None,None,2540,1,None,None
TGGGAAGGTCTTGATG-1,False,TGGGAAGGTCTTGATG-1_contig_1,False,498,TRA,TRAV1,None,TRAJ12,TRAC,True,True,CAVRDRAGGYKVVF,TGTGCTGTGAGGGATCGGGCTGGAGGCTATAAAGTGGTCTTT,208,1,None,None
TGGGAAGGTCTTTCAT-1,False,TGGGAAGGTCTTTCAT-1_contig_1,False,518,TRB,TRBV12-2+TRBV13-2,None,TRBJ1-2,TRBC1,True,False,CASGGGTGNSDYTF,TGTGCCAGCGGTGGGGGGACAGGGAACTCCGACTACACCTTC,1984,2,None,None
TGGGAAGGTTAGTGGG-1,False,TGGGAAGGTTAGTGGG-1_contig_1,False,559,TRB,TRBV12-2+TRBV13-2,None,TRBJ2-7,None,True,True,CASGVQGEQYF,TGTGCCAGCGGTGTTCAGGGAGAACAGTACTTC,1160,1,None,None
TGGGAAGGTTCCCGAG-1,False,TGGGAAGGTTCCCGAG-1_contig_1,False,512,TRB,TRBV13-1,None,TRBJ2-4,None,True,True,CASSEGTNTLYF,TGTGCCAGCAGTGAAGGAACAAACACCTTGTACTTT,27616,20,None,None
TGGGAAGGTTCCCGAG-1,False,TGGGAAGGTTCCCGAG-1_contig_2,False,541,TRA,TRAV8D-1,None,TRAJ30,TRAC,True,True,CATDTNAYKVIF,TGTGCTACTGACACAAATGCTTACAAAGTCATCTTT,4318,3,None,None
TGGGAAGGTTCCCGAG-1,False,TGGGAAGGTTCCCGAG-1_contig_3,False,542,TRA,TRAV8-1,None,TRAJ12,TRAC,True,True,CATDGGGYKVVF,TGTGCTACTGATGGTGGAGGCTATAAAGTGGTCTTT,5626,4,None,None
TGGGAAGGTTCCCGAG-1,False,TGGGAAGGTTCCCGAG-1_contig_4,False,678,TRA,TRAV9D-2,None,TRAJ26,TRAC,True,True,CVLSRGNNYAQGLTF,TGTGTTCTGAGCAGGGGCAATAACTATGCCCAGGGATTAACCTTC,9944,6,None,None
TGGGAAGGTTCCCGAG-1,False,TGGGAAGGTTCCCGAG-1_contig_5,False,568,TRB,TRBV12-2+TRBV13-2,None,TRBJ1-5,TRBC1,True,True,CASGTGDNQAPLF,TGTGCCAGCGGGACCGGGGACAACCAGGCTCCGCTTTTT,12568,10,None,None
TGGGAAGGTTCCCGAG-1,False,TGGGAAGGTTCCCGAG-1_contig_6,False,365,TRB,None,None,TRBJ2-7,None,False,False,None,None,3908,4,None,None
TGGGAAGGTTCCCGAG-1,False,TGGGAAGGTTCCCGAG-1_contig_7,False,431,TRB,None,None,TRBJ2-1,None,False,False,None,None,5374,3,None,None
TGGGAAGGTTCGTTGA-1,False,TGGGAAGGTTCGTTGA-1_contig_1,False,530,TRB,TRBV13-1,None,TRBJ1-4,TRBC1,True,False,CASGTGANERLFF,TGTGCCAGCGGGACAGGGGCCAACGAAAGATTATTTTTC,2052,1,None,None
TGGGAAGGTTGGTAAA-1,False,TGGGAAGGTTGGTAAA-1_contig_1,False,549,TRB,TRBV16,None,TRBJ2-5,None,True,True,CASSFGGAPDTQYF,TGTGCAAGCAGCTTTGGGGGGGCGCCAGACACCCAGTACTTT,786,2,None,None
TGGGAAGGTTGGTAAA-1,False,TGGGAAGGTTGGTAAA-1_contig_2,True,512,TRB,TRBV13-1,None,TRBJ2-3,None,True,False,CASGDSAETLYF,TGTGCCAGCGGGGACAGTGCAGAAACGCTGTATTTT,1580,1,None,None
TGGGAAGTCCAAACTG-1,False,TGGGAAGTCCAAACTG-1_contig_1,False,525,TRB,TRBV17,None,TRBJ2-5,None,True,True,CASSRKGSQDTQYF,TGTGCTAGCAGTAGAAAGGGTTCTCAAGACACCCAGTACTTT,1144,1,None,None
TGGGAAGTCTGAGTGT-1,False,TGGGAAGTCTGAGTGT-1_contig_1,False,549,TRB,TRBV16,None,TRBJ2-5,None,True,True,CASSLGGGQDTQYF,TGTGCAAGCAGCTTAGGGGGGGGCCAAGACACCCAGTACTTT,1056,1,None,None
TGGGCGTAGACAATAC-1,False,TGGGCGTAGACAATAC-1_contig_1,False,566,TRB,TRBV12-2+TRBV13-2,None,TRBJ2-7,None,True,True,CASGTGGDYEQYF,TGTGCCAGCGGGACTGGGGGGGACTATGAACAGTACTTC,422,1,None,None
TGGGCGTAGCTGCGAA-1,False,TGGGCGTAGCTGCGAA-1_contig_1,False,377,TRB,None,None,TRBJ1-6,TRBC1,False,False,None,None,2010,1,None,None
TGGGCGTAGGCTAGCA-1,False,TGGGCGTAGGCTAGCA-1_contig_1,False,387,TRA,TRAV6-6,None,TRAJ39,TRAC,True,False,None,None,1942,1,None,None
TGGGCGTAGGTGCTAG-1,False,TGGGCGTAGGTGCTAG-1_contig_1,False,560,TRB,TRBV12-2+TRBV13-2,None,TRBJ1-2,TRBC1,True,True,CASGGGTGNSDYTF,TGTGCCAGCGGTGGGGGGACAGGGAACTCCGACTACACCTTC,1444,1,None,None
TGGGCGTCAACTGCTA-1,False,TGGGCGTCAACTGCTA-1_contig_1,False,562,TRB,TRBV12-2+TRBV13-2,None,TRBJ2-7,None,True,True,CASGVQGWEQYF,TGTGCCAGCGGTGTACAGGGGTGGGAACAGTACTTC,1088,1,None,None
TGGGCGTCAGATGGGT-1,False,TGGGCGTCAGATGGGT-1_contig_1,False,520,TRB,TRBV14,None,TRBJ2-1,None,True,True,CASSFRGYEAEQFF,TGTGCCAGCAGCTTCAGGGGGTATGAGGCTGAGCAGTTCTTC,1258,1,None,None
TGGGCGTCAGGAATGC-1,False,TGGGCGTCAGGAATGC-1_contig_1,False,566,TRB,TRBV12-2+TRBV13-2,None,TRBJ2-5,None,True,True,CASGAGMEDTQYF,TGTGCCAGCGGTGCAGGGATGGAAGACACCCAGTACTTT,1026,1,None,None
TGGGCGTCATAAAGGT-1,False,TGGGCGTCATAAAGGT-1_contig_1,False,539,TRB,TRBV12-2+TRBV13-2,None,TRBJ2-7,None,True,True,CASGVQGEQYF,TGTGCCAGCGGTGTTCAGGGAGAACAGTACTTC,642,1,None,None
TGGGCGTCATCACGTA-1,False,TGGGCGTCATCACGTA-1_contig_1,False,563,TRB,TRBV12-2+TRBV13-2,None,TRBJ1-5,TRBC1,True,True,CASGTGDNQAPLF,TGTGCCAGCGGTACAGGGGACAACCAGGCTCCGCTTTTT,826,1,None,None
TGGGCGTGTCCGAAGA-1,False,TGGGCGTGTCCGAAGA-1_contig_1,False,518,TRA,TRAV19,None,TRAJ39,TRAC,True,True,CAAGGNNAGAKLTF,TGCGCAGCAGGTGGGAATAATGCAGGTGCCAAGCTCACATTC,1362,1,None,None
TGGGCGTGTCGCGAAA-1,False,TGGGCGTGTCGCGAAA-1_contig_1,False,601,TRB,TRBV13-1,None,TRBJ2-3,None,True,False,CASGDSAETLYF,TGTGCCAGCGGGGACAGTGCAGAAACGCTGTATTTT,1164,1,None,None
TGGGCGTGTGCAACTT-1,False,TGGGCGTGTGCAACTT-1_contig_1,False,563,TRB,TRBV12-2+TRBV13-2,None,TRBJ2-7,None,True,True,CASGVQGWEQYF,TGTGCCAGCGGTGTACAGGGGTGGGAACAGTACTTC,1592,1,None,None
TGGGCGTGTGTCTGAT-1,False,TGGGCGTGTGTCTGAT-1_contig_1,False,504,TRA,TRAV7-5,None,TRAJ45,TRAC,True,False,CSDTEGADRLTF,TGCAGTGATACAGAAGGTGCAGATAGACTCACCTTT,2408,1,None,None
TGGGCGTGTGTCTGAT-1,False,TGGGCGTGTGTCTGAT-1_contig_2,False,483,TRB,TRBV26,None,TRBJ2-1,None,True,False,CASSLHKFYAEQFF,TGTGCCAGCAGTCTGCACAAATTCTATGCTGAGCAGTTCTTC,2442,1,None,None
TGGGCGTGTTAAGACA-1,False,TGGGCGTGTTAAGACA-1_contig_1,False,352,TRB,None,None,TRBJ2-1,None,False,False,None,None,66,1,None,None
TGGGCGTTCATGCAAC-1,False,TGGGCGTTCATGCAAC-1_contig_1,False,564,TRB,TRBV12-2+TRBV13-2,None,TRBJ1-4,TRBC1,True,True,CASGTGGDERLFF,TGTGCCAGCGGGACAGGGGGCGACGAAAGATTATTTTTC,1570,1,None,None
TGGGCGTTCTCGCATC-1,False,TGGGCGTTCTCGCATC-1_contig_1,False,563,TRB,TRBV12-2+TRBV13-2,None,TRBJ2-7,None,True,True,CASGTGGDYEQYF,TGTGCCAGCGGGACTGGGGGGGACTATGAACAGTACTTC,1224,1,None,None
TGGGCGTTCTGGTTCC-1,False,TGGGCGTTCTGGTTCC-1_contig_1,False,566,TRB,TRBV12-2+TRBV13-2,None,TRBJ1-2,TRBC1,True,True,CASGGGTGNSDYTF,TGTGCCAGCGGTGGGGGGACAGGGAACTCCGACTACACCTTC,1058,1,None,None
TGGGCGTTCTTACCTA-1,False,TGGGCGTTCTTACCTA-1_contig_1,False,568,TRA,TRAV12-1,None,TRAJ48,TRAC,True,True,CALSDAGDYGNEKITF,TGTGCTCTGAGTGATGCAGGAGACTATGGAAATGAGAAAATAACTTTT,838,1,None,None
TGGTTAGAGGCATTGG-1,False,TGGTTAGAGGCATTGG-1_contig_1,False,549,TRB,TRBV16,None,TRBJ2-5,None,True,True,CASSLGGGQDTQYF,TGTGCAAGCAGCTTAGGGGGGGGCCAAGACACCCAGTACTTT,1434,1,None,None
TGGTTAGCAAGCCGTC-1,False,TGGTTAGCAAGCCGTC-1_contig_1,False,636,TRB,TRBV12-2+TRBV13-2,None,TRBJ1-2,TRBC1,True,True,CASGGGTGNSDYTF,TGTGCCAGCGGTGGGGGGACAGGGAACTCCGACTACACCTTC,1278,1,None,None
TGGTTAGCACCCAGTG-1,False,TGGTTAGCACCCAGTG-1_contig_1,False,559,TRA,TRAV4D-3,None,TRAJ27,TRAC,True,True,CAADGPNTGKLTF,TGTGCTGCGGACGGACCCAATACAGGCAAATTAACCTTT,1562,1,None,None
TGGTTAGCACTAAGTC-1,False,TGGTTAGCACTAAGTC-1_contig_1,False,548,TRB,TRBV12-2+TRBV13-2,None,TRBJ2-7,None,True,True,CASGDPRPYF,TGTGCCAGCGGTGATCCCAGACCGTACTTC,1052,1,None,None
TGGTTAGCAGCGTTCG-1,False,TGGTTAGCAGCGTTCG-1_contig_1,False,567,TRB,TRBV12-2+TRBV13-2,None,TRBJ1-2,TRBC1,True,True,CASGGGTGNSDYTF,TGTGCCAGCGGTGGGGGGACAGGGAACTCCGACTACACCTTC,1308,1,None,None
TGGTTAGCAGGTGGAT-1,False,TGGTTAGCAGGTGGAT-1_contig_1,False,355,TRB,None,None,TRBJ2-7,None,False,False,None,None,942,1,None,None
TGGTTAGCAGTGAGTG-1,False,TGGTTAGCAGTGAGTG-1_contig_1,False,560,TRB,TRBV12-2+TRBV13-2,None,TRBJ2-7,None,True,True,CASGVQGWEQYF,TGTGCCAGCGGTGTACAGGGGTGGGAACAGTACTTC,1636,1,None,None
TGGTTAGCATTTGCCC-1,False,TGGTTAGCATTTGCCC-1_contig_1,False,505,TRB,TRBV13-1,None,TRBJ2-3,None,True,True,CASGDSAETLYF,TGTGCCAGCGGGGACAGTGCAGAAACGCTGTATTTT,1800,1,None,None
TGGTTAGGTCCGAATT-1,False,TGGTTAGGTCCGAATT-1_contig_1,False,478,TRB,TRBV13-1,None,TRBJ2-3,None,True,False,CASGDSAETLYF,TGTGCCAGCGGGGACAGTGCAGAAACGCTGTATTTT,2062,1,None,None
TGGTTAGGTCTGCAAT-1,False,TGGTTAGGTCTGCAAT-1_contig_1,False,508,TRB,TRBV13-1,None,TRBJ2-1,None,True,True,CASGGGDYAEQFF,TGTGCCAGCGGGGGGGGAGACTATGCTGAGCAGTTCTTC,3310,2,None,None
TGGTTAGGTTAAGTAG-1,False,TGGTTAGGTTAAGTAG-1_contig_1,False,502,TRB,None,None,TRBJ1-2,TRBC1,False,False,None,None,432,1,None,None
TGGTTAGGTTTCCACC-1,False,TGGTTAGGTTTCCACC-1_contig_1,False,570,TRB,TRBV12-2+TRBV13-2,None,TRBJ1-2,TRBC1,True,True,CASGGGTGNSDYTF,TGTGCCAGCGGTGGGGGGACAGGGAACTCCGACTACACCTTC,1510,1,None,None
TGGTTAGTCAAGAAGT-1,False,TGGTTAGTCAAGAAGT-1_contig_1,False,555,TRA,TRAV3-3,None,TRAJ49,TRAC,True,True,CAVSGSTGYQNFYF,TGCGCAGTCAGTGGGAGCACGGGTTACCAGAACTTCTATTTT,5040,4,None,None
TGGTTAGTCAAGAAGT-1,False,TGGTTAGTCAAGAAGT-1_contig_2,False,562,TRB,TRBV12-2+TRBV13-2,None,TRBJ2-7,None,True,True,CASGVQGWEQYF,TGTGCCAGCGGTGTACAGGGGTGGGAACAGTACTTC,1102,1,None,None
TGGTTAGTCAAGAAGT-1,False,TGGTTAGTCAAGAAGT-1_contig_3,True,370,TRB,None,None,TRBJ2-5,None,False,False,None,None,3008,1,None,None
TGGTTAGTCAAGAAGT-1,False,TGGTTAGTCAAGAAGT-1_contig_4,True,536,TRA,TRAV6D-5,None,TRAJ38,TRAC,True,False,CTTVFWDNVGDNSKLIW,TGTACTACTGTGTTCTGGGATAATGTTGGTGACAACAGTAAGCTGATTTGG,2500,2,None,None
TGGTTAGTCACAATGC-1,False,TGGTTAGTCACAATGC-1_contig_1,False,570,TRB,TRBV12-2+TRBV13-2,None,TRBJ1-2,TRBC1,True,True,CASGGGTGNSDYTF,TGTGCCAGCGGTGGGGGGACAGGGAACTCCGACTACACCTTC,824,1,None,None
TGGTTAGTCCTGTAGA-1,False,TGGTTAGTCCTGTAGA-1_contig_1,False,557,TRB,TRBV12-2+TRBV13-2,None,TRBJ2-7,None,True,True,CASGGLGEQYF,TGTGCCAGCGGTGGCCTGGGGGAACAGTACTTC,754,2,None,None
TGGTTAGTCCTTGACC-1,False,TGGTTAGTCCTTGACC-1_contig_1,False,565,TRB,TRBV12-2+TRBV13-2,None,TRBJ1-2,TRBC1,True,True,CASGGGTGNSDYTF,TGTGCCAGCGGTGGGGGGACAGGGAACTCCGACTACACCTTC,1418,1,None,None
TGGTTCCAGAAGGTGA-1,False,TGGTTCCAGAAGGTGA-1_contig_1,False,549,TRB,TRBV16,None,TRBJ2-7,None,True,True,CASSFGGGADEQYF,TGTGCAAGCAGCTTTGGTGGGGGGGCGGATGAACAGTACTTC,1940,1,None,None
TGGTTCCAGACAGGCT-1,False,TGGTTCCAGACAGGCT-1_contig_1,False,531,TRB,TRBV17,None,TRBJ2-1,None,True,True,CASSLLGGPDYAEQFF,TGTGCTAGCAGTCTACTGGGGGGGCCGGACTATGCTGAGCAGTTCTTC,904,1,None,None
TGGTTCCAGACAGGCT-1,False,TGGTTCCAGACAGGCT-1_contig_2,False,380,TRB,TRBV13-2,None,TRBJ2-7,None,True,False,CASGVQGWEQYF,TGTGCCAGCGGTGTACAGGGGTGGGAACAGTACTTC,2366,1,None,None
TGGTTCCAGGCTACGA-1,False,TGGTTCCAGGCTACGA-1_contig_1,False,539,TRB,TRBV16,None,TRBJ2-5,None,True,True,CASSLGGGQDTQYF,TGTGCAAGCAGCTTAGGGGGGGGCCAAGACACCCAGTACTTT,1514,1,None,None
TGGTTCCAGTGTCCCG-1,False,TGGTTCCAGTGTCCCG-1_contig_1,False,566,TRA,TRAV3-3,None,TRAJ49,TRAC,True,True,CAVSGSTGYQNFYF,TGCGCAGTCAGTGGGAGCACGGGTTACCAGAACTTCTATTTT,1456,1,None,None
TGGTTCCAGTGTCCCG-1,False,TGGTTCCAGTGTCCCG-1_contig_2,False,540,TRA,TRAV6D-5,None,TRAJ38,TRAC,True,False,CTTVFWDNVGDNSKLIW,TGTACTACTGTGTTCTGGGATAATGTTGGTGACAACAGTAAGCTGATTTGG,2536,1,None,None
TGGTTCCAGTTAGCGG-1,False,TGGTTCCAGTTAGCGG-1_contig_1,False,564,TRB,TRBV12-2+TRBV13-2,None,TRBJ1-4,TRBC1,True,True,CASGTGGDERLFF,TGTGCCAGCGGGACAGGGGGCGACGAAAGATTATTTTTC,1678,1,None,None
TGGTTCCCAAGCGCTC-1,False,TGGTTCCCAAGCGCTC-1_contig_1,False,505,TRB,TRBV13-1,None,TRBJ2-3,None,True,True,CASGDSAETLYF,TGTGCCAGCGGGGACAGTGCAGAAACGCTGTATTTT,1274,1,None,None
TGGTTCCCACATCCAA-1,False,TGGTTCCCACATCCAA-1_contig_1,False,560,TRA,TRAV4D-3,None,TRAJ27,TRAC,True,True,CAADGPNTGKLTF,TGTGCTGCGGACGGACCCAATACAGGCAAATTAACCTTT,1760,1,None,None
TGGTTCCCATGAACCT-1,False,TGGTTCCCATGAACCT-1_contig_1,False,549,TRA,TRAV16N,None,TRAJ22,TRAC,True,True,CAMREGDSSGSWQLIF,TGTGCTATGAGAGAGGGCGACTCTTCTGGCAGCTGGCAACTCATCTTT,902,1,None,None
TGGTTCCGTACCCAAT-1,False,TGGTTCCGTACCCAAT-1_contig_1,False,535,TRB,TRBV16,None,TRBJ2-5,None,True,True,CASSLGGGQDTQYF,TGTGCAAGCAGCTTAGGGGGGGGCCAAGACACCCAGTACTTT,1296,1,None,None
TGGTTCCGTCAGTGGA-1,False,TGGTTCCGTCAGTGGA-1_contig_1,False,569,TRB,TRBV12-2+TRBV13-2,None,TRBJ1-2,TRBC1,True,True,CASGGGTGNSDYTF,TGTGCCAGCGGTGGGGGGACAGGGAACTCCGACTACACCTTC,1294,1,None,None
TGGTTCCGTCGGATCC-1,False,TGGTTCCGTCGGATCC-1_contig_1,False,569,TRB,TRBV12-2+TRBV13-2,None,TRBJ1-2,TRBC1,True,True,CASGGGTGNSDYTF,TGTGCCAGCGGTGGGGGGACAGGGAACTCCGACTACACCTTC,1482,1,None,None
TGGTTCCGTCTAAAGA-1,False,TGGTTCCGTCTAAAGA-1_contig_1,False,568,TRB,TRBV12-2+TRBV13-2,None,TRBJ1-2,TRBC1,True,True,CASGGGTGNSDYTF,TGTGCCAGCGGTGGGGGGACAGGGAACTCCGACTACACCTTC,834,1,None,None
TGGTTCCGTCTAGCGC-1,False,TGGTTCCGTCTAGCGC-1_contig_1,False,517,TRA,TRAV19,None,TRAJ39,TRAC,True,True,CAAGGNNAGAKLTF,TGCGCAGCAGGTGGGAATAATGCAGGTGCCAAGCTCACATTC,1350,1,None,None
TGGTTCCGTCTGCCAG-1,False,TGGTTCCGTCTGCCAG-1_contig_1,False,570,TRB,TRBV12-2+TRBV13-2,None,TRBJ1-2,TRBC1,True,True,CASGGGTGNSDYTF,TGTGCCAGCGGTGGGGGGACAGGGAACTCCGACTACACCTTC,1394,1,None,None
TGGTTCCTCACATGCA-1,False,TGGTTCCTCACATGCA-1_contig_1,False,670,TRA,TRAV13D-4,None,TRAJ6,TRAC,True,False,None,None,2018,1,None,None
TGGTTCCTCAGAGACG-1,False,TGGTTCCTCAGAGACG-1_contig_1,False,599,TRB,TRBV12-2+TRBV13-2,None,TRBJ2-5,None,True,True,CASGVQGDTQYF,TGTGCCAGCGGTGTTCAGGGGGACACCCAGTACTTT,1068,1,None,None
TGGTTCCTCCAAAGTC-1,False,TGGTTCCTCCAAAGTC-1_contig_1,False,428,TRB,None,None,TRBJ2-1,None,False,False,None,None,244,1,None,None
TGGTTCCTCCGCGGTA-1,False,TGGTTCCTCCGCGGTA-1_contig_1,False,325,TRB,None,None,TRBJ2-7,None,False,False,None,None,2940,1,None,None
TGGTTCCTCGCTTAGA-1,False,TGGTTCCTCGCTTAGA-1_contig_1,False,563,TRB,TRBV12-2+TRBV13-2,None,TRBJ2-7,None,True,True,CASGVQGWEQYF,TGTGCCAGCGGTGTACAGGGGTGGGAACAGTACTTC,590,1,None,None
TGGTTCCTCTAGAGTC-1,False,TGGTTCCTCTAGAGTC-1_contig_1,False,536,TRB,TRBV12-1,None,TRBJ2-3,None,True,False,CTSVPALSDNSAETLYF,TGTACTTCTGTGCCAGCTCTCTCCGACAATAGTGCAGAAACGCTGTATTTT,1640,1,None,None
TGTATTCAGGCAAAGA-1,False,TGTATTCAGGCAAAGA-1_contig_1,False,525,TRB,TRBV13-1,None,TRBJ2-3,None,True,False,CASGDSAETLYF,TGTGCCAGCGGGGACAGTGCAGAAACGCTGTATTTT,1452,1,None,None
TGTATTCAGGCTAGAC-1,False,TGTATTCAGGCTAGAC-1_contig_1,False,575,TRB,TRBV12-2+TRBV13-2,None,TRBJ2-3,None,True,True,CASGDAPPGEGTLYF,TGTGCCAGCGGTGATGCACCTCCAGGGGAGGGAACGCTGTATTTT,1300,1,None,None
TGTATTCAGTGATCGG-1,False,TGTATTCAGTGATCGG-1_contig_1,False,636,TRB,TRBV12-2+TRBV13-2,None,TRBJ1-5,TRBC1,True,True,CASGTGDNQAPLF,TGTGCCAGCGGGACAGGGGACAACCAGGCTCCGCTTTTT,1468,1,None,None
TGTATTCAGTGGGATC-1,False,TGTATTCAGTGGGATC-1_contig_1,False,643,TRB,TRBV12-2+TRBV13-2,None,TRBJ1-2,TRBC1,True,True,CASGGGTGNSDYTF,TGTGCCAGCGGTGGGGGGACAGGGAACTCCGACTACACCTTC,896,1,None,None
TGTATTCCAATACGCT-1,False,TGTATTCCAATACGCT-1_contig_1,False,612,TRB,None,None,TRBJ2-7,None,False,False,None,None,710,1,None,None
TGTATTCCAATGGATA-1,False,TGTATTCCAATGGATA-1_contig_1,False,562,TRB,TRBV12-2+TRBV13-2,None,TRBJ1-5,TRBC1,True,True,CASGTGDNQAPLF,TGTGCCAGCGGTACAGGGGACAACCAGGCTCCGCTTTTT,2748,2,None,None
TGTATTCCAATTCCTT-1,False,TGTATTCCAATTCCTT-1_contig_1,False,549,TRB,TRBV16,None,TRBJ2-5,None,True,True,CASSLGGGQDTQYF,TGTGCAAGCAGCTTAGGGGGGGGGCAAGACACCCAGTACTTT,1088,1,None,None
TGTATTCCAATTCCTT-1,False,TGTATTCCAATTCCTT-1_contig_2,False,615,TRB,TRBV12-2+TRBV13-2,None,TRBJ1-5,TRBC1,True,True,CASGTGDNQAPLF,TGTGCCAGCGGGACAGGGGACAACCAGGCTCCGCTTTTT,1544,1,None,None
TGTATTCCAGCTGGCT-1,False,TGTATTCCAGCTGGCT-1_contig_1,False,548,TRB,TRBV13-2,None,TRBJ2-1,None,True,True,CASGDPFQFF,TGTGCCAGCGGTGATCCTTTCCAGTTCTTC,1598,1,None,None
TGTATTCCAGCTGTAT-1,False,TGTATTCCAGCTGTAT-1_contig_1,False,572,TRA,TRAV4D-3,None,TRAJ27,TRAC,True,True,CAADGPNTGKLTF,TGTGCTGCGGACGGACCCAATACAGGCAAATTAACCTTT,670,1,None,None
TGTATTCCATATACGC-1,False,TGTATTCCATATACGC-1_contig_1,False,514,TRA,TRAV19,None,TRAJ39,TRAC,True,True,CAAGGNNAGAKLTF,TGCGCAGCAGGTGGGAATAATGCAGGTGCCAAGCTCACATTC,272,1,None,None
TGTATTCGTCGGCATC-1,False,TGTATTCGTCGGCATC-1_contig_1,False,568,TRB,TRBV12-2+TRBV13-2,None,TRBJ2-7,None,True,True,CASGTGGDYEQYF,TGTGCCAGCGGGACTGGGGGGGACTATGAACAGTACTTC,1176,1,None,None
TGTATTCGTTAAAGAC-1,False,TGTATTCGTTAAAGAC-1_contig_1,False,566,TRB,TRBV12-2+TRBV13-2,None,TRBJ1-2,TRBC1,True,True,CASGGGTGNSDYTF,TGTGCCAGCGGTGGGGGGACAGGGAACTCCGACTACACCTTC,1352,2,None,None
TGTATTCGTTCCCGAG-1,False,TGTATTCGTTCCCGAG-1_contig_1,False,503,TRB,TRBV13-1,None,TRBJ2-3,None,True,True,CASGDSAETLYF,TGTGCCAGCGGGGACAGTGCAGAAACGCTGTATTTT,1900,1,None,None
TGTATTCGTTGTACAC-1,False,TGTATTCGTTGTACAC-1_contig_1,False,566,TRA,TRAV3-3,None,TRAJ49,TRAC,True,True,CAVSGSTGYQNFYF,TGCGCAGTCAGTGGGAGCACGGGTTACCAGAACTTCTATTTT,15236,9,None,None
TGTATTCGTTGTACAC-1,False,TGTATTCGTTGTACAC-1_contig_2,False,562,TRB,TRBV12-2+TRBV13-2,None,TRBJ2-7,None,True,True,CASGAGGEQYF,TGTGCCAGCGGGGCGGGGGGCGAACAGTACTTC,21394,16,None,None
TGTATTCGTTGTACAC-1,False,TGTATTCGTTGTACAC-1_contig_3,False,561,TRA,TRAV16,None,TRAJ52,TRAC,True,True,CAMREKTGANTGKLTF,TGTGCTATGAGAGAGAAGACTGGAGCTAACACTGGAAAGCTCACGTTT,3536,3,None,None
TGTATTCTCCAGTAGT-1,False,TGTATTCTCCAGTAGT-1_contig_1,False,556,TRA,TRAV19,None,TRAJ39,TRAC,True,True,CAAGGNNAGAKLTF,TGCGCAGCAGGTGGGAATAATGCAGGTGCCAAGCTCACATTC,3096,1,None,None
TGTATTCTCGCATGGC-1,False,TGTATTCTCGCATGGC-1_contig_1,False,478,TRB,TRBV13-1,None,TRBJ2-3,None,True,False,CASGDSAETLYF,TGTGCCAGCGGGGACAGTGCAGAAACGCTGTATTTT,2170,1,None,None
TGTCCCAAGGCATTGG-1,False,TGTCCCAAGGCATTGG-1_contig_1,False,549,TRB,TRBV16,None,TRBJ2-5,None,True,True,CASSWGGGQDTQYF,TGTGCAAGCAGCTGGGGGGGCGGGCAAGACACCCAGTACTTT,1026,1,None,None
TGTCCCAAGTGACTCT-1,False,TGTCCCAAGTGACTCT-1_contig_1,False,525,TRB,TRBV17,None,TRBJ2-5,None,True,True,CASSRKGVQDTQYF,TGTGCTAGCAGTAGAAAGGGGGTCCAAGACACCCAGTACTTT,2022,1,None,None
TGTCCCACAACGATCT-1,False,TGTCCCACAACGATCT-1_contig_1,False,518,TRB,TRBV13-1,None,TRBJ1-2,TRBC1,True,True,CASSDWEGNSDYTF,TGTGCCAGCAGTGATTGGGAGGGGAACTCCGACTACACCTTC,720,1,None,None
TGTCCCACAATCTGCA-1,False,TGTCCCACAATCTGCA-1_contig_1,False,556,TRA,TRAV4D-4,None,TRAJ45,TRAC,True,True,CAAYTEGADRLTF,TGTGCTGCCTATACAGAAGGTGCAGATAGACTCACCTTT,2344,1,None,None
TGTCCCACAATGTAAG-1,False,TGTCCCACAATGTAAG-1_contig_1,False,516,TRA,TRAV8-1,None,TRAJ30,TRAC,True,True,CATDTNAYKVIF,TGTGCTACTGACACAAATGCTTACAAAGTCATCTTT,2212,1,None,None
TGTCCCACACCGAATT-1,False,TGTCCCACACCGAATT-1_contig_1,False,540,TRB,TRBV13-2,None,TRBJ1-2,TRBC1,True,True,CASGGGTGNSDYTF,TGTGCCAGCGGTGGGGGGACAGGGAACTCCGACTACACCTTC,1564,1,None,None
TGTCCCACAGTTTACG-1,False,TGTCCCACAGTTTACG-1_contig_1,False,544,TRB,TRBV12-2+TRBV13-2,None,TRBJ1-2,TRBC1,True,True,CASGGGTGNSDYTF,TGTGCCAGCGGTGGGGGGACAGGGAACTCCGACTACACCTTC,434,1,None,None
TGTCCCAGTACCATCA-1,False,TGTCCCAGTACCATCA-1_contig_1,False,566,TRB,TRBV12-2+TRBV13-2,None,TRBJ1-2,TRBC1,True,True,CASGGGTGNSDYTF,TGTGCCAGCGGTGGGGGGACAGGGAACTCCGACTACACCTTC,1212,1,None,None
TGTCCCAGTACCGCTG-1,False,TGTCCCAGTACCGCTG-1_contig_1,False,556,TRB,TRBV12-2+TRBV13-2,None,TRBJ2-7,None,True,True,CASGVQGEQYF,TGTGCCAGCGGTGTTCAGGGAGAACAGTACTTC,1328,1,None,None
TGTCCCAGTCCGAAGA-1,False,TGTCCCAGTCCGAAGA-1_contig_1,False,512,TRB,TRBV13-1,None,TRBJ2-4,None,True,True,CASSEGTNTLYF,TGTGCCAGCAGTGAAGGAACAAACACCTTGTACTTT,240,2,None,None
TGTCCCAGTTAAAGAC-1,False,TGTCCCAGTTAAAGAC-1_contig_1,False,353,TRB,None,None,TRBJ2-1,None,False,False,None,None,568,1,None,None
TGTCCCAGTTAAGACA-1,False,TGTCCCAGTTAAGACA-1_contig_1,False,496,TRA,TRAV7N-6,None,TRAJ30,TRAC,True,True,CAVVDTNAYKVIF,TGTGCAGTGGTTGACACAAATGCTTACAAAGTCATCTTT,2064,1,None,None
TGTCCCAGTTATCGGT-1,False,TGTCCCAGTTATCGGT-1_contig_1,False,567,TRB,TRBV12-2+TRBV13-2,None,TRBJ1-2,TRBC1,True,True,CASGGGTGNSDYTF,TGTGCCAGCGGTGGGGGGACAGGGAACTCCGACTACACCTTC,1304,1,None,None
TGTCCCAGTTCCCTTG-1,False,TGTCCCAGTTCCCTTG-1_contig_1,False,565,TRB,TRBV12-2+TRBV13-2,None,TRBJ2-7,None,True,True,CASGTGGDYEQYF,TGTGCCAGCGGGACTGGGGGGGACTATGAACAGTACTTC,1472,1,None,None
TGTCCCAGTTGGGACA-1,False,TGTCCCAGTTGGGACA-1_contig_1,False,330,TRB,TRBV13-2,None,TRBJ2-7,None,True,False,CASGTGGDYEQYF,TGTGCCAGCGGGACTGGGGGGGACTATGAACAGTACTTC,1848,1,None,None
TGTCCCATCGCTAGCG-1,False,TGTCCCATCGCTAGCG-1_contig_1,False,549,TRB,TRBV13-2,None,TRBJ1-5,TRBC1,True,True,CASGTGDNQAPLF,TGTGCCAGCGGAACAGGGGACAACCAGGCTCCGCTTTTT,1104,1,None,None
TGTCCCATCTGCAAGT-1,False,TGTCCCATCTGCAAGT-1_contig_1,False,541,TRA,TRAV6-6,None,TRAJ24,TRAC,True,True,CAPLTTASLGKLQF,TGTGCTCCGTTGACAACTGCCAGTTTGGGGAAACTGCAGTTT,8342,14,None,None
TGTCCCATCTGCAAGT-1,False,TGTCCCATCTGCAAGT-1_contig_2,False,512,TRB,TRBV13-1,None,TRBJ2-4,None,True,True,CASSEGTNTLYF,TGTGCCAGCAGTGAAGGAACAAACACCTTGTACTTT,33322,53,None,None
TGTCCCATCTGCAAGT-1,False,TGTCCCATCTGCAAGT-1_contig_3,False,568,TRB,TRBV12-2+TRBV13-2,None,TRBJ1-4,TRBC1,True,True,CASGDAPERLFF,TGTGCCAGCGGTGATGCTCCCGAAAGATTATTTTTC,14054,23,None,None
TGTCCCATCTGCAAGT-1,False,TGTCCCATCTGCAAGT-1_contig_4,False,577,TRB,TRBV12-2+TRBV13-2,None,TRBJ1-2,TRBC1,True,True,CASGGGTGNSDYTF,TGTGCCAGCGGTGGGGGGACAGGGAACTCCGACTACACCTTC,6750,13,None,None
TGTCCCATCTGCAAGT-1,False,TGTCCCATCTGCAAGT-1_contig_5,False,353,TRB,None,None,TRBJ2-1,None,False,False,None,None,2340,3,None,None
TGTCCCATCTGCAAGT-1,False,TGTCCCATCTGCAAGT-1_contig_6,False,404,TRA,TRAV9D-2,None,TRAJ26,TRAC,True,False,CVLSRGNNYAQGLTF,TGTGTTCTGAGCAGGGGCAATAACTATGCCCAGGGATTAACCTTC,1238,2,None,None
TGTCCCATCTGCAAGT-1,False,TGTCCCATCTGCAAGT-1_contig_7,False,563,Multi,TRDV1,None,TRAJ43,TRAC,True,False,CGGLNNAPRF,TGTGGAGGCCTCAACAATGCCCCACGATTT,5682,11,None,None
TGTCCCATCTGCAAGT-1,False,TGTCCCATCTGCAAGT-1_contig_8,False,419,TRA,None,None,TRAJ26,TRAC,False,False,None,None,666,2,None,None
TGTCCCATCTGCAAGT-1,False,TGTCCCATCTGCAAGT-1_contig_9,False,391,TRB,None,None,TRBJ2-7,None,False,False,None,None,1136,2,None,None
TGTGGTAAGAGACTAT-1,False,TGTGGTAAGAGACTAT-1_contig_1,False,552,TRB,TRBV13-2,None,TRBJ2-5,None,True,True,CASGAGMEDTQYF,TGTGCCAGCGGTGCAGGGATGGAAGACACCCAGTACTTT,1794,1,None,None
TGTGGTAAGCCACGCT-1,False,TGTGGTAAGCCACGCT-1_contig_1,False,383,TRB,TRBV13-2,None,TRBJ2-1,None,True,False,CASGAGAEQFF,TGTGCCAGCGGGGCGGGGGCTGAGCAGTTCTTC,2380,1,None,None
TGTGGTAAGGCGTACA-1,False,TGTGGTAAGGCGTACA-1_contig_1,False,638,TRB,TRBV12-2+TRBV13-2,None,TRBJ1-2,TRBC1,True,True,CASGGGTGNSDYTF,TGTGCCAGCGGTGGGGGGACAGGGAACTCCGACTACACCTTC,2010,2,None,None
TGTGGTACACTAAGTC-1,False,TGTGGTACACTAAGTC-1_contig_1,False,541,TRA,TRAV8D-1,None,TRAJ30,TRAC,True,True,CATDTNAYKVIF,TGTGCTACTGACACAAATGCTTACAAAGTCATCTTT,342,1,None,None
TGTGGTACAGCTGCTG-1,False,TGTGGTACAGCTGCTG-1_contig_1,False,334,TRA,TRAV6D-5,None,None,TRAC,False,False,None,None,2686,1,None,None
TGTGGTACATAGGATA-1,False,TGTGGTACATAGGATA-1_contig_1,False,559,TRA,TRAV4D-3,None,TRAJ17,TRAC,True,True,CAAPNSAGNKLTF,TGTGCTGCCCCCAACAGTGCAGGGAACAAGCTAACTTTT,2604,2,None,None
TGTGGTACATAGGATA-1,False,TGTGGTACATAGGATA-1_contig_2,False,566,TRB,TRBV12-2+TRBV13-2,None,TRBJ1-2,TRBC1,True,True,CASGGGTGNSDYTF,TGTGCCAGCGGTGGGGGGACAGGGAACTCCGACTACACCTTC,1082,1,None,None
TGTGGTACATCGGTTA-1,False,TGTGGTACATCGGTTA-1_contig_1,False,560,TRB,TRBV12-2+TRBV13-2,None,TRBJ1-2,TRBC1,True,True,CASGGGTGNSDYTF,TGTGCCAGCGGTGGGGGGACAGGGAACTCCGACTACACCTTC,2496,2,None,None
TGTGGTACATGGTCAT-1,False,TGTGGTACATGGTCAT-1_contig_1,False,539,TRB,TRBV16,None,TRBJ2-5,None,True,True,CASSWGGGQDTQYF,TGTGCAAGCAGCTGGGGGGGCGGGCAAGACACCCAGTACTTT,1724,1,None,None
TGTGGTACATTGGGCC-1,False,TGTGGTACATTGGGCC-1_contig_1,False,525,TRB,TRBV17,None,TRBJ2-5,None,True,True,CASSRKGVQDTQYF,TGTGCTAGCAGTAGAAAGGGGGTCCAAGACACCCAGTACTTT,1662,1,None,None
TGTGGTAGTGAGCGAT-1,False,TGTGGTAGTGAGCGAT-1_contig_1,False,456,TRB,None,None,TRBJ2-7,None,False,False,None,None,1050,1,None,None
TGTGGTAGTGGAAAGA-1,False,TGTGGTAGTGGAAAGA-1_contig_1,False,332,TRB,None,None,TRBJ2-1,None,False,False,None,None,3668,1,None,None
TGTGGTAGTGGCAAAC-1,False,TGTGGTAGTGGCAAAC-1_contig_1,False,326,TRB,None,None,TRBJ2-1,None,False,False,None,None,1842,1,None,None
TGTGGTATCAACACTG-1,False,TGTGGTATCAACACTG-1_contig_1,False,535,TRA,TRAV19,None,TRAJ39,TRAC,True,True,CAAGGNNAGAKLTF,TGCGCAGCAGGTGGGAATAATGCAGGTGCCAAGCTCACATTC,2426,1,None,None
TGTGGTATCATAACCG-1,False,TGTGGTATCATAACCG-1_contig_1,False,562,TRB,TRBV12-2+TRBV13-2,None,TRBJ2-7,None,True,True,CASGVQGWEQYF,TGTGCCAGCGGTGTACAGGGGTGGGAACAGTACTTC,1858,1,None,None
TGTGGTATCCTTGGTC-1,False,TGTGGTATCCTTGGTC-1_contig_1,False,527,TRA,TRAV3D-3,None,TRAJ28,TRAC,True,False,CTSAQSVRGTGSNRLTF,TGTACTTCTGCGCAGTCAGTGAGGGGCACTGGGAGTAACAGGCTCACTTTT,118,1,None,None
TGTGGTATCGCAAGCC-1,False,TGTGGTATCGCAAGCC-1_contig_1,False,356,TRB,None,None,TRBJ1-3,TRBC1,False,False,None,None,1204,1,None,None
TGTGGTATCGCGTAGC-1,False,TGTGGTATCGCGTAGC-1_contig_1,False,501,TRB,TRBV13-1,None,TRBJ2-7,None,True,True,CASSDPGQGYF,TGTGCCAGCAGTGATCCGGGACAGGGTTACTTC,1216,1,None,None
TGTGGTATCTCTGCTG-1,False,TGTGGTATCTCTGCTG-1_contig_1,False,369,TRB,None,None,TRBJ2-7,None,False,False,None,None,126,1,None,None
TGTGTTTAGACTAAGT-1,False,TGTGTTTAGACTAAGT-1_contig_1,False,631,TRA,TRAV14-2,None,TRAJ6,TRAC,True,True,CAARTSGGNYKPTF,TGTGCAGCAAGAACCTCAGGAGGAAACTACAAACCTACGTTT,1374,1,None,None
TGTGTTTAGCCACGCT-1,False,TGTGTTTAGCCACGCT-1_contig_1,False,639,TRB,TRBV12-2+TRBV13-2,None,TRBJ1-2,TRBC1,True,True,CASGGGTGNSDYTF,TGTGCCAGCGGTGGGGGGACAGGGAACTCCGACTACACCTTC,1214,1,None,None
TGTGTTTAGTGACTCT-1,False,TGTGTTTAGTGACTCT-1_contig_1,False,565,TRB,TRBV12-2+TRBV13-2,None,TRBJ1-2,TRBC1,True,True,CASGGGTGNSDYTF,TGTGCCAGCGGTGGGGGGACAGGGAACTCCGACTACACCTTC,1194,1,None,None
TGTGTTTCAGACAGGT-1,False,TGTGTTTCAGACAGGT-1_contig_1,False,522,TRB,TRBV31,None,TRBJ2-3,None,True,True,CAWSLLLGGSAETLYF,TGTGCCTGGAGTCTACTCCTGGGGGGAAGTGCAGAAACGCTGTATTTT,482,1,None,None
TGTGTTTCATGTTCCC-1,False,TGTGTTTCATGTTCCC-1_contig_1,False,566,TRB,TRBV12-2+TRBV13-2,None,TRBJ1-2,TRBC1,True,True,CASGGGTGNSDYTF,TGTGCCAGCGGTGGGGGGACAGGGAACTCCGACTACACCTTC,1448,1,None,None
TGTGTTTGTACAAGTA-1,False,TGTGTTTGTACAAGTA-1_contig_1,False,598,TRB,TRBV3,None,TRBJ2-5,None,True,True,CASSRDWGGQDTQYF,TGTGCCAGCAGCCGGGACTGGGGGGGACAAGACACCCAGTACTTT,2784,1,None,None
TGTGTTTGTACCGTTA-1,False,TGTGTTTGTACCGTTA-1_contig_1,False,519,TRA,TRAV7D-2,None,TRAJ31,TRAC,True,True,CAASIEDSNNRIFF,TGTGCAGCAAGCATAGAGGATAGCAATAACAGAATCTTCTTT,2564,1,None,None
TGTGTTTTCACCGGGT-1,False,TGTGTTTTCACCGGGT-1_contig_1,False,512,TRB,TRBV13-1,None,TRBJ2-4,None,True,True,CASSEGTNTLYF,TGTGCCAGCAGTGAAGGAACAAACACCTTGTACTTT,1384,1,None,None
TGTGTTTTCACTGGGC-1,False,TGTGTTTTCACTGGGC-1_contig_1,False,334,TRB,None,None,TRBJ2-1,None,False,False,None,None,2664,1,None,None
TGTGTTTTCCACGAAT-1,False,TGTGTTTTCCACGAAT-1_contig_1,False,519,TRA,TRAV19,None,TRAJ39,TRAC,True,True,CAAGGNNAGAKLTF,TGCGCAGCAGGTGGGAATAATGCAGGTGCCAAGCTCACATTC,2680,1,None,None
TGTGTTTTCCCTTGCA-1,False,TGTGTTTTCCCTTGCA-1_contig_1,False,508,TRB,TRBV13-1,None,TRBJ2-1,None,True,True,CASGGGDYAEQFF,TGTGCCAGCGGGGGGGGAGACTATGCTGAGCAGTTCTTC,254,2,None,None
TGTGTTTTCTATCCCG-1,False,TGTGTTTTCTATCCCG-1_contig_1,False,675,TRB,TRBV12-2+TRBV13-2,None,TRBJ1-2,TRBC1,True,True,CASGGGTGNSDYTF,TGTGCCAGCGGTGGGGGGACAGGGAACTCCGACTACACCTTC,1386,1,None,None
TGTTCCGAGATCCCAT-1,False,TGTTCCGAGATCCCAT-1_contig_1,False,501,TRB,TRBV17,None,TRBJ2-1,None,True,False,CASSLLGGPDYAEQFF,TGTGCTAGCAGTCTACTGGGGGGGCCGGACTATGCTGAGCAGTTCTTC,2158,1,None,None
TGTTCCGAGCGTCAAG-1,False,TGTTCCGAGCGTCAAG-1_contig_1,False,567,TRB,TRBV12-2+TRBV13-2,None,TRBJ1-2,TRBC1,True,True,CASGGGTGNSDYTF,TGTGCCAGCGGTGGGGGGACAGGGAACTCCGACTACACCTTC,886,1,None,None
TGTTCCGAGGCTAGAC-1,False,TGTTCCGAGGCTAGAC-1_contig_1,False,566,TRA,TRAV3-3,None,TRAJ49,TRAC,True,True,CAVSGATGYQNFYF,TGCGCAGTCAGTGGGGCCACGGGTTACCAGAACTTCTATTTT,6652,6,None,None
TGTTCCGAGGCTAGAC-1,False,TGTTCCGAGGCTAGAC-1_contig_2,False,507,TRA,TRAV21-DV12,None,TRAJ42,TRAC,True,True,CILRVHGGSNAKLTF,TGTATCCTGAGAGTCCATGGAGGAAGCAATGCAAAGCTAACCTTC,6012,4,None,None
TGTTCCGAGGCTAGAC-1,False,TGTTCCGAGGCTAGAC-1_contig_3,False,984,TRB,TRBV12-2+TRBV13-2,None,TRBJ2-7,None,True,True,CASGVQGEQYF,TGTGCCAGCGGTGTTCAGGGAGAACAGTACTTC,2048,3,None,None
TGTTCCGAGGCTAGAC-1,False,TGTTCCGAGGCTAGAC-1_contig_4,True,360,TRB,None,None,TRBJ2-1,None,False,False,None,None,6480,5,None,None
TGTTCCGAGTGGGCTA-1,False,TGTTCCGAGTGGGCTA-1_contig_1,False,505,TRB,TRBV13-1,None,TRBJ2-3,None,True,True,CASGDSAETLYF,TGTGCCAGCGGGGACAGTGCAGAAACGCTGTATTTT,1358,1,None,None
TGTTCCGAGTGGTCCC-1,False,TGTTCCGAGTGGTCCC-1_contig_1,False,527,TRB,TRBV15,None,TRBJ1-3,TRBC1,True,True,CASSLNRGSSGNTLYF,TGTGCCAGCAGTTTAAACAGGGGGAGTTCTGGAAATACGCTCTATTTT,1528,1,None,None
TGTTCCGAGTTAGCGG-1,False,TGTTCCGAGTTAGCGG-1_contig_1,False,530,TRB,TRBV12-2+TRBV13-2,None,TRBJ1-2,TRBC1,True,True,CASGGGTGNSDYTF,TGTGCCAGCGGTGGGGGGACAGGGAACTCCGACTACACCTTC,902,1,None,None
TGTTCCGCACACATGT-1,False,TGTTCCGCACACATGT-1_contig_1,False,516,TRA,TRAV8-1,None,TRAJ30,TRAC,True,True,CATDTNAYKVIF,TGTGCGACTGACACAAATGCTTACAAAGTCATCTTT,1518,2,None,None
TGTTCCGCACACATGT-1,False,TGTTCCGCACACATGT-1_contig_2,True,568,TRB,TRBV12-2+TRBV13-2,None,TRBJ1-5,TRBC1,True,True,CASGTGDNQAPLF,TGTGCCAGCGGTACAGGGGACAACCAGGCTCCGCTTTTT,8854,8,None,None
TGTTCCGCACACATGT-1,False,TGTTCCGCACACATGT-1_contig_3,True,327,TRB,None,None,TRBJ1-6,TRBC1,False,False,None,None,2362,2,None,None
TGTTCCGCACTGTCGG-1,False,TGTTCCGCACTGTCGG-1_contig_1,False,497,TRB,TRBV13-1,None,TRBJ2-3,None,True,False,CASGDSAETLYF,TGTGCCAGCGGGGACAGTGCAGAAACGCTGTATTTT,2082,1,None,None
TGTTCCGCAGCATGAG-1,False,TGTTCCGCAGCATGAG-1_contig_1,False,563,TRB,TRBV12-2+TRBV13-2,None,TRBJ2-7,None,True,True,CASGVQGWEQYF,TGTGCCAGCGGTGTACAGGGGTGGGAACAGTACTTC,1226,1,None,None
TGTTCCGCATCCGCGA-1,False,TGTTCCGCATCCGCGA-1_contig_1,False,501,TRB,TRBV13-1,None,TRBJ2-3,None,True,True,CASGDSAETLYF,TGTGCCAGCGGGGACAGTGCAGAAACGCTGTATTTT,1254,1,None,None
TGTTCCGGTCGGCATC-1,False,TGTTCCGGTCGGCATC-1_contig_1,False,566,TRB,TRBV12-2+TRBV13-2,None,TRBJ1-2,TRBC1,True,True,CASGGGTGNSDYTF,TGTGCCAGCGGTGGGGGGACAGGGAACTCCGACTACACCTTC,1300,1,None,None
TGTTCCGGTCTCAACA-1,False,TGTTCCGGTCTCAACA-1_contig_1,False,542,TRA,TRAV13N-1,None,TRAJ57,TRAC,True,True,CAMANQGGSAKLIF,TGTGCTATGGCGAATCAAGGAGGGTCTGCGAAGCTCATCTTT,864,1,None,None
TGTTCCGGTCTCAACA-1,False,TGTTCCGGTCTCAACA-1_contig_2,False,525,TRB,TRBV17,None,TRBJ2-5,None,True,True,CASSRKGVQDTQYF,TGTGCTAGCAGTAGGAAAGGGGTCCAAGACACCCAGTACTTT,822,1,None,None
TGTTCCGGTCTCAACA-1,False,TGTTCCGGTCTCAACA-1_contig_3,True,368,TRB,None,None,TRBJ2-7,None,False,False,None,None,836,1,None,None
TGTTCCGGTCTCCATC-1,False,TGTTCCGGTCTCCATC-1_contig_1,False,529,TRA,TRAV14N-3,None,TRAJ6,TRAC,True,True,CAARTSGGNYKPTF,TGTGCAGCAAGAACCTCAGGAGGAAACTACAAACCTACGTTT,18786,25,None,None
TGTTCCGGTCTCCATC-1,False,TGTTCCGGTCTCCATC-1_contig_2,False,566,TRA,TRAV4D-3,None,TRAJ27,TRAC,True,True,CAADGPNTGKLTF,TGTGCTGCGGACGGACCCAATACAGGCAAATTAACCTTT,2986,4,None,None
TGTTCCGGTCTCCATC-1,False,TGTTCCGGTCTCCATC-1_contig_3,False,549,TRA,TRAV8N-2,None,TRAJ13,TRAC,True,True,CATEDSGTYQRF,TGTGCTACTGAGGATTCTGGGACTTACCAGAGGTTT,16796,24,None,None
TGTTCCGGTCTCCATC-1,False,TGTTCCGGTCTCCATC-1_contig_4,False,566,TRB,TRBV12-2+TRBV13-2,None,TRBJ2-7,None,True,True,CASGTGGDYEQYF,TGTGCCAGCGGGACTGGGGGGGACTATGAACAGTACTTC,31834,73,None,None
TGTTCCGGTGGCGAAT-1,False,TGTTCCGGTGGCGAAT-1_contig_1,False,546,TRA,TRAV8-1,None,TRAJ30,TRAC,True,True,CATDTNAYKVIF,TGTGCTACCGACACAAATGCTTACAAAGTCATCTTT,1240,1,None,None
TGTTCCGGTGTGTGCC-1,False,TGTTCCGGTGTGTGCC-1_contig_1,False,570,TRB,TRBV12-2+TRBV13-2,None,TRBJ1-2,TRBC1,True,True,CASGGGTGNSDYTF,TGTGCCAGCGGTGGGGGGACAGGGAACTCCGACTACACCTTC,1668,1,None,None
TGTTCCGGTTTCGCTC-1,False,TGTTCCGGTTTCGCTC-1_contig_1,False,563,TRB,TRBV12-2+TRBV13-2,None,TRBJ1-5,TRBC1,True,True,CASGTGDNQAPLF,TGTGCCAGCGGGACAGGGGACAACCAGGCTCCGCTTTTT,1700,1,None,None
TTAACTCAGCGCCTTG-1,False,TTAACTCAGCGCCTTG-1_contig_1,False,538,TRA,TRAV8-1,None,TRAJ30,TRAC,True,True,CATDTNAYKVIF,TGTGCTACTGACACAAATGCTTACAAAGTCATCTTT,2048,1,None,None
TTAACTCAGGCCCTTG-1,False,TTAACTCAGGCCCTTG-1_contig_1,False,515,TRB,TRBV13-1,None,TRBJ2-1,None,True,True,CASGGGDYAEQFF,TGTGCCAGCGGGGGGGGAGACTATGCTGAGCAGTTCTTC,984,1,None,None
TTAACTCCAATGTTGC-1,False,TTAACTCCAATGTTGC-1_contig_1,False,595,TRA,TRAV16N,None,TRAJ5,TRAC,True,True,CASGTQVVGQLTF,TGTGCTTCGGGGACACAGGTTGTGGGGCAGCTCACTTTC,6302,3,None,None
TTAACTCCAATGTTGC-1,False,TTAACTCCAATGTTGC-1_contig_2,False,558,TRA,TRAV19,None,TRAJ39,TRAC,True,True,CAAGGNNAGAKLTF,TGCGCAGCAGGTGGGAATAATGCAGGTGCCAAGCTCACATTC,4626,4,None,None
TTAACTCCAATGTTGC-1,False,TTAACTCCAATGTTGC-1_contig_3,False,707,TRB,TRBV19,None,TRBJ2-5,None,True,True,CASSRGGGQDTQYF,TGTGCCAGCAGTAGAGGGGGGGGGCAAGACACCCAGTACTTT,5584,5,None,None
TTAACTCCAATGTTGC-1,False,TTAACTCCAATGTTGC-1_contig_4,False,566,TRB,TRBV12-2+TRBV13-2,None,TRBJ1-2,TRBC1,True,True,CASGGGTGNSDYTF,TGTGCCAGCGGTGGGGGGACAGGGAACTCCGACTACACCTTC,8262,6,None,None
TTAACTCCAATGTTGC-1,False,TTAACTCCAATGTTGC-1_contig_5,True,310,TRA,TRAV7-5,None,TRAJ45,None,True,False,CSDTEGADRLTF,TGCAGTGATACAGAAGGTGCAGATAGACTCACCTTT,62,1,None,None
TTAACTCCAATGTTGC-1,False,TTAACTCCAATGTTGC-1_contig_6,True,363,TRB,None,None,TRBJ1-4,TRBC1,False,False,None,None,1942,2,None,None
TTAACTCCACAACGCC-1,False,TTAACTCCACAACGCC-1_contig_1,False,507,TRA,TRAV21-DV12,None,TRAJ42,TRAC,True,True,CILRVHGGSNAKLTF,TGTATCCTGAGAGTCCATGGAGGAAGCAATGCAAAGCTAACCTTC,1148,1,None,None
TTAACTCCAGATCGGA-1,False,TTAACTCCAGATCGGA-1_contig_1,False,549,TRB,TRBV16,None,TRBJ2-5,None,True,True,CASSLGGYQDTQYF,TGTGCAAGCAGCTTAGGGGGCTACCAAGACACCCAGTACTTT,1398,1,None,None
TTAACTCCAGTCGTGC-1,False,TTAACTCCAGTCGTGC-1_contig_1,False,487,TRA,TRAV9-4,None,TRAJ43,TRAC,True,False,None,None,2796,1,None,None
TTAACTCGTAAACCTC-1,False,TTAACTCGTAAACCTC-1_contig_1,False,512,TRA,TRAV13D-2,None,TRAJ11,TRAC,True,True,CAIDLDSGYNKLTF,TGTGCTATAGATCTTGACTCGGGATACAACAAACTCACTTTT,2150,1,None,None
TTAACTCGTAGCTGCC-1,False,TTAACTCGTAGCTGCC-1_contig_1,False,720,TRB,TRBV12-1,None,TRBJ2-3,None,True,True,CASGDSAETLYF,TGTGCCAGCGGGGACAGTGCAGAAACGCTGTATTTT,1272,1,None,None
TTAACTCGTGTCGCTG-1,False,TTAACTCGTGTCGCTG-1_contig_1,False,512,TRB,TRBV13-1,None,TRBJ2-3,None,True,True,CASGDSAETLYF,TGTGCCAGCGGGGACAGTGCAGAAACGCTGTATTTT,1250,1,None,None
TTAACTCGTGTTGGGA-1,False,TTAACTCGTGTTGGGA-1_contig_1,False,350,TRB,None,None,TRBJ1-6,TRBC1,False,False,None,None,76,1,None,None
TTAACTCTCTTGGGTA-1,False,TTAACTCTCTTGGGTA-1_contig_1,False,556,TRA,TRAV19,None,TRAJ39,TRAC,True,True,CAAGGNNAGAKLTF,TGCGCAGCAGGTGGGAATAATGCAGGTGCCAAGCTCACATTC,1198,1,None,None
TTAGGACAGACCTTTG-1,False,TTAGGACAGACCTTTG-1_contig_1,False,565,TRB,TRBV12-2+TRBV13-2,None,TRBJ1-5,TRBC1,True,True,CASGTGDNQAPLF,TGTGCCAGCGGTACAGGAGACAACCAGGCTCCGCTTTTT,1204,1,None,None
TTAGGACAGTCCGTAT-1,False,TTAGGACAGTCCGTAT-1_contig_1,False,556,TRB,TRBV12-2+TRBV13-2,None,TRBJ2-5,None,True,True,CASGVQGDTQYF,TGTGCCAGCGGTGTTCAGGGGGACACCCAGTACTTT,940,1,None,None
TTAGGACAGTGTTAGA-1,False,TTAGGACAGTGTTAGA-1_contig_1,False,550,TRB,TRBV29,None,TRBJ2-5,None,True,True,CASSPPGQGADTQYF,TGTGCTAGCAGTCCCCCGGGACAGGGGGCAGACACCCAGTACTTT,1178,1,None,None
TTAGGACAGTGTTAGA-1,False,TTAGGACAGTGTTAGA-1_contig_2,True,567,TRA,TRAV13-1,None,TRAJ25,TRAC,True,False,None,None,2152,1,None,None
TTAGGACAGTGTTAGA-1,False,TTAGGACAGTGTTAGA-1_contig_3,True,314,TRB,None,None,TRBJ2-7,None,False,False,None,None,2140,1,None,None
TTAGGACCACAGTCGC-1,False,TTAGGACCACAGTCGC-1_contig_1,False,532,TRA,TRAV4D-3,None,TRAJ27,TRAC,True,True,CAADGPNTGKLTF,TGTGCTGCGGACGGACCCAATACAGGCAAATTAACCTTT,630,1,None,None
TTAGGACCAGCTGCTG-1,False,TTAGGACCAGCTGCTG-1_contig_1,False,557,TRB,TRBV12-2+TRBV13-2,None,TRBJ2-7,None,True,True,CASGTGDEQYF,TGTGCCAGCGGGACAGGGGATGAACAGTACTTC,1282,1,None,None
TTAGGACCAGTAGAGC-1,False,TTAGGACCAGTAGAGC-1_contig_1,False,507,TRA,TRAV21-DV12,None,TRAJ42,TRAC,True,True,CILRVHGGSNAKLTF,TGTATCCTGAGAGTCCATGGAGGAAGCAATGCAAAGCTAACCTTC,5736,4,None,None
TTAGGACCAGTAGAGC-1,False,TTAGGACCAGTAGAGC-1_contig_2,False,512,TRB,TRBV13-1,None,TRBJ2-4,None,True,True,CASSEATNTLYF,TGTGCCAGCAGTGAAGCAACAAACACCTTGTACTTT,1440,1,None,None
TTAGGACCAGTAGAGC-1,False,TTAGGACCAGTAGAGC-1_contig_3,False,500,TRB,TRBV13-1,None,TRBJ2-4,None,True,True,CASSEGTNTLYF,TGTGCCAGCAGTGAAGGAACAAACACCTTGTACTTT,2136,3,None,None
TTAGGACCAGTTTACG-1,False,TTAGGACCAGTTTACG-1_contig_1,False,560,TRA,TRAV12-2,None,TRAJ37,TRAC,True,True,CALSPQTGNTGKLIF,TGTGCTTTGAGCCCCCAAACAGGCAATACCGGAAAACTCATCTTT,492,1,None,None
TTAGGACCAGTTTACG-1,False,TTAGGACCAGTTTACG-1_contig_2,True,352,TRB,None,None,TRBJ2-1,None,False,False,None,None,208,3,None,None
TTAGGACCATTATCTC-1,False,TTAGGACCATTATCTC-1_contig_1,False,543,TRB,TRBV16,None,TRBJ2-5,None,True,True,CASSLGGGQDTQYF,TGTGCAAGCAGCTTAGGGGGGGGCCAAGACACCCAGTACTTT,506,1,None,None
TTAGGACGTAGCCTCG-1,False,TTAGGACGTAGCCTCG-1_contig_1,False,353,TRB,None,None,TRBJ2-1,None,False,False,None,None,190,2,None,None
TTAGGACGTTCCCGAG-1,False,TTAGGACGTTCCCGAG-1_contig_1,False,523,TRA,TRAV8D-1,None,TRAJ30,TRAC,True,True,CATDTNAYKVIF,TGTGCTACTGACACAAATGCTTACAAAGTCATCTTT,2808,1,None,None
TTAGGACGTTCCCTTG-1,False,TTAGGACGTTCCCTTG-1_contig_1,False,525,TRB,TRBV17,None,TRBJ2-5,None,True,True,CASSRKGVQDTQYF,TGTGCTAGCAGTAGAAAGGGGGTCCAAGACACCCAGTACTTT,786,1,None,None
TTAGGACGTTCCGTCT-1,False,TTAGGACGTTCCGTCT-1_contig_1,False,339,TRA,TRAV3-3,None,TRAJ49,TRAC,True,False,CAVSGSTGYQNFYF,TGCGCAGTCAGTGGGAGCACGGGTTACCAGAACTTCTATTTT,1746,1,None,None
TTAGGACGTTGTCTTT-1,False,TTAGGACGTTGTCTTT-1_contig_1,False,576,TRA,TRAV7-4,None,TRAJ26,TRAC,True,True,CAASDYAQGLTF,TGTGCAGCTAGTGACTATGCCCAGGGATTAACCTTC,1328,1,None,None
TTAGGACTCTGGTTCC-1,False,TTAGGACTCTGGTTCC-1_contig_1,False,528,TRB,TRBV13-1,None,TRBJ2-7,None,True,False,CASSGPLEQYF,TGTGCCAGCAGTGGGCCCCTGGAACAGTACTTC,1690,1,None,None
TTAGGCAAGGACTGGT-1,False,TTAGGCAAGGACTGGT-1_contig_1,False,550,TRB,TRBV13-2,None,TRBJ1-2,TRBC1,True,True,CASGGGTGNSDYTF,TGTGCCAGCGGTGGGGGGACAGGGAACTCCGACTACACCTTC,964,1,None,None
TTAGGCAAGGACTGGT-1,False,TTAGGCAAGGACTGGT-1_contig_2,False,549,TRA,TRAV8N-2,None,TRAJ13,TRAC,True,True,CATEDSGTYQRF,TGTGCTACTGAGGATTCTGGGACTTACCAGAGGTTT,1834,1,None,None
TTAGGCAAGTACATGA-1,False,TTAGGCAAGTACATGA-1_contig_1,False,631,TRB,TRBV12-2+TRBV13-2,None,TRBJ1-2,TRBC1,True,True,CASGGGTGNSDYTF,TGTGCCAGCGGTGGGGGGACAGGGAACTCCGACTACACCTTC,498,1,None,None
TTAGGCACAACTGGCC-1,False,TTAGGCACAACTGGCC-1_contig_1,False,567,TRB,TRBV12-2+TRBV13-2,None,TRBJ1-5,TRBC1,True,True,CASGTGDNQAPLF,TGTGCCAGCGGTACAGGGGATAACCAGGCTCCGCTTTTT,1184,1,None,None
TTAGGCACAATGGAAT-1,False,TTAGGCACAATGGAAT-1_contig_1,False,560,TRA,TRAV4D-4,None,TRAJ45,TRAC,True,True,CAAYTEGADRLTF,TGTGCTGCCTATACAGAAGGTGCAGATAGACTCACCTTT,1990,1,None,None
TTAGGCACAGATCCAT-1,False,TTAGGCACAGATCCAT-1_contig_1,False,568,TRB,TRBV12-2+TRBV13-2,None,TRBJ1-5,TRBC1,True,True,CASGTGDNQAPLF,TGTGCCAGCGGTACAGGGGACAACCAGGCTCCGCTTTTT,1260,1,None,None
TTAGGCACAGATCCAT-1,False,TTAGGCACAGATCCAT-1_contig_2,False,346,TRA,TRAV3-3,None,TRAJ37,TRAC,True,False,None,None,3674,1,None,None
TTAGGCACATCACGAT-1,False,TTAGGCACATCACGAT-1_contig_1,False,563,TRB,TRBV12-2+TRBV13-2,None,TRBJ2-7,None,True,True,CASGVQGWEQYF,TGTGCCAGCGGTGTACAGGGGTGGGAACAGTACTTC,1136,1,None,None
TTAGGCACATCAGTCA-1,False,TTAGGCACATCAGTCA-1_contig_1,False,546,TRB,TRBV13-1,None,TRBJ2-7,None,True,False,CASSDPGQGYF,TGTGCCAGCAGTGATCCGGGACAGGGTTACTTC,1702,1,None,None
TTAGGCAGTCGATTGT-1,False,TTAGGCAGTCGATTGT-1_contig_1,False,347,TRB,None,None,TRBJ2-1,None,False,False,None,None,2452,1,None,None
TTAGGCAGTTACCAGT-1,False,TTAGGCAGTTACCAGT-1_contig_1,False,515,TRA,TRAV19,None,TRAJ39,TRAC,True,True,CAAGGNNAGAKLTF,TGCGCAGCAGGTGGGAATAATGCAGGTGCCAAGCTCACATTC,2010,1,None,None
TTAGGCATCCGAACGC-1,False,TTAGGCATCCGAACGC-1_contig_1,False,406,TRA,TRAV7-5,None,TRAJ45,TRAC,True,False,CSDTEGADRLTF,TGCAGTGATACAGAAGGTGCAGATAGACTCACCTTT,2000,1,None,None
TTAGGCATCGAATGCT-1,False,TTAGGCATCGAATGCT-1_contig_1,False,644,TRB,TRBV12-2+TRBV13-2,None,TRBJ1-5,TRBC1,True,True,CASGTGDNQAPLF,TGTGCCAGCGGGACGGGGGACAACCAGGCTCCGCTTTTT,988,1,None,None
TTAGGCATCGGAGGTA-1,False,TTAGGCATCGGAGGTA-1_contig_1,True,343,TRA,TRAV9D-2,None,TRAJ26,TRAC,True,False,CVLSRGNNYAQGLTF,TGTGTTCTGAGCAGGGGCAATAACTATGCCCAGGGATTAACCTTC,3672,2,None,None
TTAGGCATCGGAGGTA-1,False,TTAGGCATCGGAGGTA-1_contig_2,True,447,TRB,None,None,TRBJ1-6,TRBC1,False,False,None,None,3472,2,None,None
TTAGGCATCGGCGGTT-1,False,TTAGGCATCGGCGGTT-1_contig_1,False,333,TRB,None,None,TRBJ2-1,None,False,False,None,None,3374,1,None,None
TTAGGCATCTACCAGA-1,False,TTAGGCATCTACCAGA-1_contig_1,False,489,TRA,TRAV4D-3,None,TRAJ27,TRAC,True,True,CAADGPNTGKLTF,TGTGCTGCGGACGGACCCAATACAGGCAAATTAACCTTT,596,1,None,None
TTAGGCATCTTGCCGT-1,False,TTAGGCATCTTGCCGT-1_contig_1,False,472,TRB,TRBV10,None,TRBJ1-4,TRBC1,True,False,None,None,1148,1,None,None
TTAGTTCAGAGTACAT-1,False,TTAGTTCAGAGTACAT-1_contig_1,False,364,TRB,None,None,TRBJ1-6,TRBC1,False,False,None,None,1408,1,None,None
TTAGTTCAGAGTCTGG-1,False,TTAGTTCAGAGTCTGG-1_contig_1,False,558,TRA,TRAV4D-3,None,TRAJ27,TRAC,True,True,CAADGPNTGKLTF,TGTGCTGCTGACGGGCCCAATACAGGCAAATTAACCTTT,1188,1,None,None
TTAGTTCAGATATACG-1,False,TTAGTTCAGATATACG-1_contig_1,False,536,TRB,TRBV13-2,None,TRBJ2-7,None,True,True,CASGTGGDYEQYF,TGTGCCAGCGGGACTGGGGGGGACTATGAACAGTACTTC,544,1,None,None
TTAGTTCAGCTGCGAA-1,False,TTAGTTCAGCTGCGAA-1_contig_1,False,549,TRB,TRBV16,None,TRBJ2-5,None,True,True,CASSLGGGQDTQYF,TGTGCAAGCAGCTTAGGGGGGGGGCAAGACACCCAGTACTTT,798,1,None,None
TTAGTTCAGGCCGAAT-1,False,TTAGTTCAGGCCGAAT-1_contig_1,False,515,TRB,TRBV13-1,None,TRBJ1-4,TRBC1,True,True,CASGTGANERLFF,TGTGCCAGCGGGACAGGGGCCAACGAAAGATTATTTTTC,904,1,None,None
TTAGTTCAGTGGTAAT-1,False,TTAGTTCAGTGGTAAT-1_contig_1,False,369,TRB,None,None,TRBJ1-3,TRBC1,False,False,None,None,3052,1,None,None
TTAGTTCCACCCATGG-1,False,TTAGTTCCACCCATGG-1_contig_1,False,575,TRB,TRBV12-2+TRBV13-2,None,TRBJ1-2,TRBC1,True,True,CASGGGTGNSDYTF,TGTGCCAGCGGTGGGGGGACAGGGAACTCCGACTACACCTTC,1188,1,None,None
TTAGTTCCAGCGATCC-1,False,TTAGTTCCAGCGATCC-1_contig_1,False,373,TRB,None,None,TRBJ1-6,TRBC1,False,False,None,None,160,2,None,None
TTAGTTCCAGTCCTTC-1,False,TTAGTTCCAGTCCTTC-1_contig_1,False,571,TRB,TRBV12-2+TRBV13-2,None,TRBJ2-3,None,True,True,CASGDAPPGEGTLYF,TGTGCCAGCGGTGATGCACCTCCAGGGGAGGGAACGCTGTATTTT,950,1,None,None
TTAGTTCGTCTCTCTG-1,False,TTAGTTCGTCTCTCTG-1_contig_1,False,543,TRA,TRAV16D-DV11,None,TRAJ26,TRAC,True,True,CAMREENNYAQGLTF,TGTGCTATGAGAGAGGAAAATAACTATGCCCAGGGATTAACCTTC,798,1,None,None
TTAGTTCTCACGACTA-1,False,TTAGTTCTCACGACTA-1_contig_1,False,566,TRA,TRAV3-3,None,TRAJ49,TRAC,True,True,CAVSGATGYQNFYF,TGCGCAGTCAGTGGGGCCACGGGTTACCAGAACTTCTATTTT,998,1,None,None
TTAGTTCTCCCTCAGT-1,False,TTAGTTCTCCCTCAGT-1_contig_1,False,564,TRB,TRBV12-2+TRBV13-2,None,TRBJ2-5,None,True,True,CASGVQGDTQYF,TGTGCCAGCGGTGTTCAGGGGGACACCCAGTACTTT,2272,2,None,None
TTATGCTAGAAGAAGC-1,False,TTATGCTAGAAGAAGC-1_contig_1,False,585,TRA,TRAV4D-3,None,TRAJ27,TRAC,True,True,CAADGPNTGKLTF,TGTGCTGCTGACGGGCCCAATACAGGCAAATTAACCTTT,1692,1,None,None
TTATGCTAGATCCCAT-1,False,TTATGCTAGATCCCAT-1_contig_1,False,589,TRA,TRAV14-2,None,TRAJ50,TRAC,True,True,CAATSSSSFSKLVF,TGTGCAGCAACTTCATCCTCCTCCTTCAGCAAGCTGGTGTTT,2562,1,None,None
TTATGCTAGGGATACC-1,False,TTATGCTAGGGATACC-1_contig_1,False,500,TRB,TRBV13-1,None,TRBJ2-3,None,True,True,CASGDSAETLYF,TGTGCCAGCGGGGACAGTGCAGAAACGCTGTATTTT,1180,1,None,None
TTATGCTAGGGATCTG-1,False,TTATGCTAGGGATCTG-1_contig_1,False,512,TRB,TRBV13-1,None,TRBJ2-5,None,True,True,CASSDGDDTQYF,TGTGCCAGCAGTGACGGGGACGACACCCAGTACTTT,1854,1,None,None
TTATGCTAGGGATCTG-1,False,TTATGCTAGGGATCTG-1_contig_2,False,565,TRB,TRBV12-2+TRBV13-2,None,TRBJ1-2,TRBC1,False,False,CASGGGTGNSDYTF,TGTGCCAGCGGTGGGGGGACAGGGAACTCCGACTACACCTTC,1134,1,None,None
TTATGCTAGTCCGTAT-1,False,TTATGCTAGTCCGTAT-1_contig_1,False,587,TRB,TRBV12-2+TRBV13-2,None,TRBJ1-2,TRBC1,True,True,CASGGGTGNSDYTF,TGTGCCAGCGGTGGGGGGACAGGGAACTCCGACTACACCTTC,894,1,None,None
TTATGCTAGTCGAGTG-1,False,TTATGCTAGTCGAGTG-1_contig_1,False,608,TRB,None,None,TRBJ2-5,None,False,False,None,None,1556,1,None,None
TTATGCTCACCCATTC-1,False,TTATGCTCACCCATTC-1_contig_1,False,573,TRB,TRBV12-2+TRBV13-2,None,TRBJ1-4,TRBC1,True,True,CASGDAPERLFF,TGTGCCAGCGGTGATGCTCCCGAAAGATTATTTTTC,1124,1,None,None
TTATGCTCACCTATCC-1,False,TTATGCTCACCTATCC-1_contig_1,False,559,TRA,TRAV4D-3,None,TRAJ27,TRAC,True,True,CAADGPNTGKLTF,TGTGCTGCTGACGGGCCCAATACAGGCAAATTAACCTTT,2082,1,None,None
TTATGCTGTAAGTAGT-1,False,TTATGCTGTAAGTAGT-1_contig_1,False,506,TRB,TRBV13-1,None,TRBJ2-1,None,True,True,CASGGGDYAEQFF,TGTGCCAGCGGGGGGGGAGACTATGCTGAGCAGTTCTTC,1262,1,None,None
TTATGCTGTACGAAAT-1,False,TTATGCTGTACGAAAT-1_contig_1,False,658,TRB,TRBV12-2+TRBV13-2,None,TRBJ1-5,TRBC1,True,True,CASGTGDNQAPLF,TGTGCCAGCGGGACAGGGGACAACCAGGCTCCGCTTTTT,440,1,None,None
TTATGCTGTACGAAAT-1,False,TTATGCTGTACGAAAT-1_contig_2,False,455,TRB,None,None,TRBJ1-6,TRBC1,False,False,None,None,1474,1,None,None
TTATGCTTCCAACCAA-1,False,TTATGCTTCCAACCAA-1_contig_1,False,503,TRB,TRBV13-1,None,TRBJ2-2,None,True,True,CASSDPGQLYF,TGTGCCAGCAGTGACCCCGGGCAGCTCTACTTT,1544,1,None,None
TTCCCAGAGAAGGACA-1,False,TTCCCAGAGAAGGACA-1_contig_1,False,556,TRA,TRAV19,None,TRAJ39,TRAC,True,True,CAAGGNNAGAKLTF,TGCGCAGCAGGTGGGAATAATGCAGGTGCCAAGCTCACATTC,454,2,None,None
TTCCCAGAGACTACAA-1,False,TTCCCAGAGACTACAA-1_contig_1,False,659,TRB,TRBV12-2+TRBV13-2,None,TRBJ1-2,TRBC1,True,True,CASGGGTGNSDYTF,TGTGCCAGCGGTGGGGGGACAGGGAACTCCGACTACACCTTC,1016,1,None,None
TTCCCAGAGACTACAA-1,False,TTCCCAGAGACTACAA-1_contig_2,False,711,TRA,TRAV9N-4,None,TRAJ22,TRAC,True,True,CALPSSGSWQLIF,TGTGCTCTCCCATCTTCTGGCAGCTGGCAACTCATCTTT,394,1,None,None
TTCCCAGAGAGTACAT-1,False,TTCCCAGAGAGTACAT-1_contig_1,False,487,TRB,TRBV26,None,TRBJ2-1,None,True,False,CASSLHKFYAEQFF,TGTGCCAGCAGTCTGCACAAATTCTATGCTGAGCAGTTCTTC,1722,1,None,None
TTCCCAGAGCCATCGC-1,False,TTCCCAGAGCCATCGC-1_contig_1,False,570,TRB,TRBV12-2+TRBV13-2,None,TRBJ2-3,None,True,True,CASGDAPPGEGTLYF,TGTGCCAGCGGTGATGCACCTCCAGGGGAGGGAACGCTGTATTTT,1312,1,None,None
TTCCCAGAGTCCTCCT-1,False,TTCCCAGAGTCCTCCT-1_contig_1,False,508,TRB,TRBV13-1,None,TRBJ2-1,None,True,True,CASSGGDYAEQFF,TGTGCCAGCAGTGGGGGGGACTATGCTGAGCAGTTCTTC,1026,1,None,None
TTCCCAGAGTGAAGTT-1,False,TTCCCAGAGTGAAGTT-1_contig_1,False,517,TRA,TRAV19,None,TRAJ39,TRAC,True,True,CAAGGNNAGAKLTF,TGCGCAGCAGGTGGGAATAATGCAGGTGCCAAGCTCACATTC,1420,1,None,None
TTCCCAGAGTGAAGTT-1,False,TTCCCAGAGTGAAGTT-1_contig_2,False,404,TRA,TRAV16D-DV11,None,TRAJ26,TRAC,True,False,None,None,1560,1,None,None
TTCCCAGAGTGCCAGA-1,False,TTCCCAGAGTGCCAGA-1_contig_1,False,534,TRA,TRAV6-6,None,TRAJ24,TRAC,True,True,CAPLTTASLGKLQF,TGTGCTCCGTTGACAACTGCCAGTTTGGGGAAACTGCAGTTT,408,1,None,None
TTCCCAGAGTGCCAGA-1,False,TTCCCAGAGTGCCAGA-1_contig_2,False,505,TRB,TRBV13-1,None,TRBJ2-4,None,True,True,CASSEGTNTLYF,TGTGCCAGCAGTGAAGGAACAAACACCTTGTACTTT,1400,1,None,None
TTCCCAGAGTGCCAGA-1,False,TTCCCAGAGTGCCAGA-1_contig_3,True,308,TRA,TRAV9D-2,None,TRAJ26,TRAC,True,False,CVLSRGNNYAQGLTF,TGTGTTCTGAGCAGGGGCAATAACTATGCCCAGGGATTAACCTTC,34,4,None,None
TTCCCAGCAAACAACA-1,False,TTCCCAGCAAACAACA-1_contig_1,False,521,TRA,TRAV6-6,None,TRAJ39,TRAC,True,True,CALGDWNNAGAKLTF,TGTGCTCTGGGTGATTGGAATAATGCAGGTGCCAAGCTCACATTC,858,1,None,None
TTCCCAGCAAGCGATG-1,False,TTCCCAGCAAGCGATG-1_contig_1,False,504,TRB,TRBV13-1,None,TRBJ2-3,None,True,True,CASGDSAETLYF,TGTGCCAGCGGGGACAGTGCAGAAACGCTGTATTTT,1286,1,None,None
TTCCCAGCACCTGGTG-1,False,TTCCCAGCACCTGGTG-1_contig_1,False,588,TRA,TRAV9N-4,None,TRAJ26,TRAC,True,True,CALNYAQGLTF,TGTGCTCTCAACTATGCCCAGGGATTAACCTTC,830,1,None,None
TTCCCAGCAGCCAGAA-1,False,TTCCCAGCAGCCAGAA-1_contig_1,False,509,TRB,TRBV13-1,None,TRBJ2-4,None,True,True,CASSEGTNTLYF,TGTGCCAGCAGTGAAGGAACAAACACCTTGTACTTT,436,2,None,None
TTCCCAGCAGCCTATA-1,False,TTCCCAGCAGCCTATA-1_contig_1,False,582,TRA,TRAV8-1,None,TRAJ30,TRAC,True,True,CATDTNAYKVIF,TGTGCTACTGACACAAATGCTTACAAAGTCATCTTT,1632,1,None,None
TTCCCAGCAGCTTAAC-1,False,TTCCCAGCAGCTTAAC-1_contig_1,False,556,TRA,TRAV19,None,TRAJ39,TRAC,True,True,CAAGGNNAGAKLTF,TGCGCAGCAGGTGGGAATAATGCAGGTGCCAAGCTCACATTC,5110,3,None,None
TTCCCAGCAGCTTAAC-1,False,TTCCCAGCAGCTTAAC-1_contig_2,False,566,TRB,TRBV12-2+TRBV13-2,None,TRBJ1-2,TRBC1,True,True,CASGGGTGNSDYTF,TGTGCCAGCGGTGGGGGGACAGGGAACTCCGACTACACCTTC,1334,1,None,None
TTCCCAGCATCACCCT-1,False,TTCCCAGCATCACCCT-1_contig_1,False,525,TRA,TRAV13-4-DV7,None,TRAJ58,TRAC,True,False,CAPMQQGTGSKLSF,TGTGCTCCTATGCAGCAAGGCACTGGGTCTAAGCTGTCATTT,1602,1,None,None
TTCCCAGGTACAGTGG-1,False,TTCCCAGGTACAGTGG-1_contig_1,False,327,TRB,None,None,TRBJ2-1,None,False,False,None,None,1244,1,None,None
TTCCCAGGTCAACATC-1,False,TTCCCAGGTCAACATC-1_contig_1,False,549,TRB,TRBV16,None,TRBJ2-5,None,True,True,CASSFGGGLDTQYF,TGTGCAAGCAGCTTTGGGGGGGGCCTGGACACCCAGTACTTT,1308,1,None,None
TTCCCAGGTCAACATC-1,False,TTCCCAGGTCAACATC-1_contig_2,False,507,TRB,TRBV31,None,TRBJ2-3,None,True,False,CAWSLLLGGSAETLYF,TGTGCCTGGAGTCTACTCCTGGGGGGAAGTGCAGAAACGCTGTATTTT,1744,1,None,None
TTCCCAGGTCGACTGC-1,False,TTCCCAGGTCGACTGC-1_contig_1,False,565,TRB,TRBV12-2+TRBV13-2,None,TRBJ1-2,TRBC1,True,True,CASGGGTGNSDYTF,TGTGCCAGCGGTGGGGGGACAGGGAACTCCGACTACACCTTC,234,2,None,None
TTCCCAGGTCTTCGTC-1,False,TTCCCAGGTCTTCGTC-1_contig_1,False,568,TRB,TRBV12-2+TRBV13-2,None,TRBJ1-2,TRBC1,True,True,CASGGGTGNSDYTF,TGTGCCAGCGGTGGGGGGACAGGGAACTCCGACTACACCTTC,224,1,None,None
TTCCCAGTCAACACTG-1,False,TTCCCAGTCAACACTG-1_contig_1,False,538,TRA,TRAV4-3,None,TRAJ42,TRAC,True,True,CAADNSGGSNAKLTF,TGTGCTGCTGATAATTCTGGAGGAAGCAATGCAAAGCTAACCTTC,1516,1,None,None
TTCCCAGTCGCAGGCT-1,False,TTCCCAGTCGCAGGCT-1_contig_1,False,560,TRB,TRBV12-2+TRBV13-2,None,TRBJ2-4,None,True,True,CASGTGDTLYF,TGTGCCAGCGGTACGGGCGACACCTTGTACTTT,1492,1,None,None
TTCCCAGTCGCAGGCT-1,False,TTCCCAGTCGCAGGCT-1_contig_2,False,549,TRA,TRAV8N-2,None,TRAJ13,TRAC,True,True,CATEDSGTYQRF,TGTGCTACTGAGGATTCTGGGACTTACCAGAGGTTT,830,2,None,None
TTCCCAGTCGTCCGTT-1,False,TTCCCAGTCGTCCGTT-1_contig_1,False,412,TRA,TRAV7-5,None,TRAJ45,TRAC,True,False,CSDTEGADRLTF,TGCAGTGATACAGAAGGTGCAGATAGACTCACCTTT,2964,1,None,None
TTCCCAGTCTGCGACG-1,False,TTCCCAGTCTGCGACG-1_contig_1,False,566,TRA,TRAV3-3,None,TRAJ49,TRAC,True,True,CAVSGSTGYQNFYF,TGCGCAGTCAGTGGGAGCACGGGTTACCAGAACTTCTATTTT,708,1,None,None
TTCCCAGTCTGCGACG-1,False,TTCCCAGTCTGCGACG-1_contig_2,False,562,TRB,TRBV12-2+TRBV13-2,None,TRBJ2-7,None,True,True,CASGVQGWEQYF,TGTGCCAGCGGTGTACAGGGGTGGGAACAGTACTTC,1668,1,None,None
TTCGAAGAGGCGACAT-1,False,TTCGAAGAGGCGACAT-1_contig_1,False,549,TRB,TRBV16,None,TRBJ2-7,None,True,True,CASSFGGGADEQYF,TGTGCAAGCAGCTTTGGTGGGGGGGCGGATGAACAGTACTTC,518,1,None,None
TTCGAAGAGTCCAGGA-1,False,TTCGAAGAGTCCAGGA-1_contig_1,False,571,TRA,TRAV8-1,None,TRAJ15,TRAC,True,True,CATDAQGGRALIF,TGTGCTACTGATGCCCAGGGAGGCAGAGCTCTGATATTT,448,1,None,None
TTCGAAGCACCGTTGG-1,False,TTCGAAGCACCGTTGG-1_contig_1,False,326,TRB,None,None,TRBJ2-1,None,False,False,None,None,1694,1,None,None
TTCGAAGCACCTTGTC-1,False,TTCGAAGCACCTTGTC-1_contig_1,False,559,TRB,TRBV12-2+TRBV13-2,None,TRBJ2-7,None,True,True,CASGVQGEQYF,TGTGCCAGCGGTGTTCAGGGAGAACAGTACTTC,1868,1,None,None
TTCGAAGCATATACCG-1,False,TTCGAAGCATATACCG-1_contig_1,False,512,TRA,TRAV6-5,None,TRAJ45,TRAC,True,True,CALIHTEGADRLTF,TGTGCTCTGATCCATACAGAAGGTGCAGATAGACTCACCTTT,1108,1,None,None
TTCGAAGGTAGCTAAA-1,False,TTCGAAGGTAGCTAAA-1_contig_1,False,510,TRB,TRBV13-1,None,TRBJ2-1,None,True,True,CASGGGDYAEQFF,TGTGCCAGCGGGGGGGGAGACTATGCTGAGCAGTTCTTC,1868,1,None,None
TTCGAAGTCATGTAGC-1,False,TTCGAAGTCATGTAGC-1_contig_1,False,541,TRA,TRAV8-1,None,TRAJ34,TRAC,True,True,CATDVSNTNKVVF,TGTGCTACTGATGTTTCCAATACCAACAAAGTCGTCTTT,382,1,None,None
TTCGAAGTCGACGGAA-1,False,TTCGAAGTCGACGGAA-1_contig_1,False,518,TRA,TRAV8-1,None,TRAJ30,TRAC,True,True,CATDTNAYKVIF,TGTGCTACTGACACAAATGCTTACAAAGTCATCTTT,2050,1,None,None
TTCGGTCAGAGAGCTC-1,False,TTCGGTCAGAGAGCTC-1_contig_1,False,564,TRB,TRBV12-2+TRBV13-2,None,TRBJ2-7,None,True,True,CASGVQGWEQYF,TGTGCCAGCGGTGTACAGGGGTGGGAACAGTACTTC,1738,1,None,None
TTCGGTCAGGACAGCT-1,False,TTCGGTCAGGACAGCT-1_contig_1,False,525,TRB,TRBV17,None,TRBJ2-5,None,True,True,CASSRKGVQDTQYF,TGTGCTAGCAGTAGAAAGGGGGTCCAAGACACCCAGTACTTT,1678,1,None,None
TTCGGTCAGGAGTCTG-1,False,TTCGGTCAGGAGTCTG-1_contig_1,False,505,TRB,TRBV13-1,None,TRBJ2-3,None,True,True,CASGDSAETLYF,TGTGCCAGCGGGGACAGTGCAGAAACGCTGTATTTT,1800,1,None,None
TTCGGTCAGGAGTCTG-1,False,TTCGGTCAGGAGTCTG-1_contig_2,False,525,TRB,TRBV17,None,TRBJ2-5,None,True,True,CASSRKGAQDTQYF,TGTGCTAGCAGTAGGAAGGGGGCGCAAGACACCCAGTACTTT,1666,1,None,None
TTCGGTCCATAACCTG-1,False,TTCGGTCCATAACCTG-1_contig_1,False,559,TRB,TRBV12-2+TRBV13-2,None,TRBJ2-7,None,True,True,CASGAPYEQYF,TGTGCCAGCGGTGCCCCCTATGAACAGTACTTC,826,1,None,None
TTCGGTCCATAACCTG-1,False,TTCGGTCCATAACCTG-1_contig_2,False,558,TRB,TRBV12-2+TRBV13-2,None,TRBJ1-2,TRBC1,True,True,CASGGGTGNSDYTF,TGTGCCAGCGGTGGGGGGACAGGGAACTCCGACTACACCTTC,874,1,None,None
TTCGGTCCATCCGTGG-1,False,TTCGGTCCATCCGTGG-1_contig_1,False,547,TRA,TRAV19,None,TRAJ39,TRAC,True,True,CAAGGNNAGAKLTF,TGCGCAGCAGGTGGGAATAATGCAGGTGCCAAGCTCACATTC,2566,1,None,None
TTCGGTCCATCGGTTA-1,False,TTCGGTCCATCGGTTA-1_contig_1,False,566,TRB,TRBV12-2+TRBV13-2,None,TRBJ1-2,TRBC1,True,True,CASGGGTGNSDYTF,TGTGCCAGCGGTGGGGGGACAGGGAACTCCGACTACACCTTC,1204,1,None,None
TTCGGTCCATGAAGTA-1,False,TTCGGTCCATGAAGTA-1_contig_1,False,628,TRB,None,None,TRBJ2-4,None,False,False,None,None,594,1,None,None
TTCGGTCCATGTCCTC-1,False,TTCGGTCCATGTCCTC-1_contig_1,False,848,TRB,TRBV12-2+TRBV13-2,None,TRBJ1-2,None,True,True,CASGGGTGNSDYTF,TGTGCCAGCGGTGGGGGGACAGGGAACTCCGACTACACCTTC,1018,1,None,None
TTCGGTCGTCGGCATC-1,False,TTCGGTCGTCGGCATC-1_contig_1,False,549,TRA,TRAV8N-2,None,TRAJ13,TRAC,True,True,CATEDSGTYQRF,TGTGCTACTGAGGATTCTGGGACTTACCAGAGGTTT,2710,1,None,None
TTCGGTCGTCTAGTGT-1,False,TTCGGTCGTCTAGTGT-1_contig_1,False,527,TRB,TRBV13-1,None,TRBJ2-5,None,True,False,CASSDGDDTQYF,TGTGCCAGCAGTGACGGGGACGACACCCAGTACTTT,854,1,None,None
TTCGGTCGTCTGATCA-1,False,TTCGGTCGTCTGATCA-1_contig_1,False,566,TRB,TRBV12-2+TRBV13-2,None,TRBJ1-2,TRBC1,True,True,CASGGGTGNSDYTF,TGTGCCAGCGGTGGGGGGACAGGGAACTCCGACTACACCTTC,1314,1,None,None
TTCGGTCGTGAGCGAT-1,False,TTCGGTCGTGAGCGAT-1_contig_1,False,334,TRB,None,None,TRBJ2-1,None,False,False,None,None,798,1,None,None
TTCGGTCGTGAGCGAT-1,False,TTCGGTCGTGAGCGAT-1_contig_2,False,497,TRA,TRAV19,None,TRAJ39,TRAC,True,False,CAAGGNNAGAKLTF,TGCGCAGCAGGTGGGAATAATGCAGGTGCCAAGCTCACATTC,1014,1,None,None
TTCGGTCGTGGACGAT-1,False,TTCGGTCGTGGACGAT-1_contig_1,False,549,TRA,TRAV8N-2,None,TRAJ13,TRAC,True,True,CATEDSGTYQRF,TGTGCTACTGAGGATTCTGGGACTTACCAGAGGTTT,2442,1,None,None
TTCGGTCGTTGACGTT-1,False,TTCGGTCGTTGACGTT-1_contig_1,False,537,TRB,TRBV12-2+TRBV13-2,None,TRBJ2-7,None,True,False,CASGTGGDYEQYF,TGTGCCAGCGGGACTGGGGGGGATTATGAACAGTACTTC,838,1,None,None
TTCGGTCGTTTAGGAA-1,False,TTCGGTCGTTTAGGAA-1_contig_1,False,566,TRB,TRBV12-2+TRBV13-2,None,TRBJ2-5,None,True,True,CASGAGMEDTQYF,TGTGCCAGCGGTGCAGGGATGGAAGACACCCAGTACTTT,3210,2,None,None
TTCGGTCTCCCATTTA-1,False,TTCGGTCTCCCATTTA-1_contig_1,False,531,TRA,TRAV3-3,None,TRAJ31,TRAC,True,True,CAVSAGNNRIFF,TGCGCAGTCAGTGCAGGCAATAACAGAATCTTCTTT,3034,2,None,None
TTCGGTCTCCCTTGTG-1,False,TTCGGTCTCCCTTGTG-1_contig_1,False,518,TRA,TRAV19,None,TRAJ39,TRAC,True,True,CAAGGNNAGAKLTF,TGCGCAGCAGGTGGGAATAATGCAGGTGCCAAGCTCACATTC,2222,1,None,None
TTCGGTCTCCTCTAGC-1,False,TTCGGTCTCCTCTAGC-1_contig_1,False,523,TRA,TRAV8-1,None,TRAJ30,TRAC,True,True,CASDTNAYKVIF,TGTGCTTCTGACACAAATGCTTACAAAGTCATCTTT,1738,1,None,None
TTCGGTCTCCTCTAGC-1,False,TTCGGTCTCCTCTAGC-1_contig_2,False,635,TRB,TRBV12-2+TRBV13-2,None,TRBJ1-5,TRBC1,True,True,CASGTGDNQAPLF,TGTGCCAGCGGGACAGGGGACAACCAGGCTCCGCTTTTT,530,1,None,None
TTCGGTCTCCTCTAGC-1,False,TTCGGTCTCCTCTAGC-1_contig_3,True,397,TRB,None,None,TRBJ2-1,None,False,False,None,None,1860,2,None,None
TTCGGTCTCTGAGTGT-1,False,TTCGGTCTCTGAGTGT-1_contig_1,False,369,TRB,None,None,TRBJ1-2,TRBC1,False,False,None,None,1698,1,None,None
TTCTACAAGACACTAA-1,False,TTCTACAAGACACTAA-1_contig_1,False,505,TRB,TRBV13-1,None,TRBJ2-4,None,True,True,CASSEGTNTLYF,TGTGCCAGCAGTGAAGGAACAAACACCTTGTACTTT,1296,1,None,None
TTCTACAAGATATACG-1,False,TTCTACAAGATATACG-1_contig_1,False,372,TRB,None,None,TRBJ2-3,None,False,False,None,None,3916,2,None,None
TTCTACAAGATGCCTT-1,False,TTCTACAAGATGCCTT-1_contig_1,False,549,TRB,TRBV16,None,TRBJ2-5,None,True,True,CASSLGGGQDTQYF,TGTGCAAGCAGCTTAGGGGGGGGCCAAGACACCCAGTACTTT,13946,15,None,None
TTCTACAAGATGCCTT-1,False,TTCTACAAGATGCCTT-1_contig_2,False,525,TRA,TRAV6-6,None,TRAJ24,TRAC,True,True,CAPLTTASLGKLQF,TGTGCTCCGTTGACAACTGCCAGTTTGGGGAAACTGCAGTTT,10684,6,None,None
TTCTACAAGATGCCTT-1,False,TTCTACAAGATGCCTT-1_contig_3,False,505,TRB,TRBV13-1,None,TRBJ2-4,None,True,True,CASSEGTNTLYF,TGTGCCAGCAGTGAAGGAACAAACACCTTGTACTTT,19574,14,None,None
TTCTACAAGATGCCTT-1,False,TTCTACAAGATGCCTT-1_contig_4,False,525,TRA,TRAV7N-6,None,TRAJ30,TRAC,True,True,CAVVDTNAYKVIF,TGTGCAGTGGTTGACACAAATGCTTACAAAGTCATCTTT,8610,5,None,None
TTCTACAAGATGCCTT-1,False,TTCTACAAGATGCCTT-1_contig_5,True,366,TRB,None,None,TRBJ1-6,TRBC1,False,False,None,None,2394,1,None,None
TTCTACAAGATGCCTT-1,False,TTCTACAAGATGCCTT-1_contig_6,True,796,TRA,TRAV9D-2,None,TRAJ26,TRAC,True,False,CVLSRGNNYAQGLTF,TGTGTTCTGAGCAGGGGCAATAACTATGCCCAGGGATTAACCTTC,4998,3,None,None
TTCTACAAGCCAGGAT-1,False,TTCTACAAGCCAGGAT-1_contig_1,False,543,TRA,TRAV16D-DV11,None,TRAJ26,TRAC,True,True,CAMREENNYAQGLTF,TGTGCTATGAGAGAGGAAAATAACTATGCCCAGGGATTAACCTTC,2036,1,None,None
TTCTACAAGCTCCCAG-1,False,TTCTACAAGCTCCCAG-1_contig_1,False,512,TRB,TRBV13-1,None,TRBJ2-4,None,True,True,CASSEGTNTLYF,TGTGCCAGCAGTGAAGGAACAAACACCTTGTACTTT,1242,1,None,None
TTCTACAAGTACGACG-1,False,TTCTACAAGTACGACG-1_contig_1,False,512,TRB,TRBV13-1,None,TRBJ1-4,TRBC1,True,True,CASGTGANERLFF,TGTGCCAGCGGGACAGGGGCCAACGAAAGATTATTTTTC,580,1,None,None
TTCTACACAGCCTGTG-1,False,TTCTACACAGCCTGTG-1_contig_1,False,312,TRB,None,None,TRBJ1-2,TRBC1,False,False,None,None,2972,1,None,None
TTCTACACAGCTGCTG-1,False,TTCTACACAGCTGCTG-1_contig_1,False,505,TRB,TRBV13-1,None,TRBJ2-4,None,True,True,CASSEGTNTLYF,TGTGCCAGCAGTGAAGGAACAAACACCTTGTACTTT,6974,17,None,None
TTCTACACAGCTGCTG-1,False,TTCTACACAGCTGCTG-1_contig_10,False,514,TRB,TRBV31,None,TRBJ1-2,TRBC1,True,False,CAWSAG,TGTGCCTGGAGTGCGGGG,6906,15,None,None
TTCTACACAGCTGCTG-1,False,TTCTACACAGCTGCTG-1_contig_11,False,551,TRA,TRAV10D,None,TRAJ30,TRAC,True,False,None,None,436,5,None,None
TTCTACACAGCTGCTG-1,False,TTCTACACAGCTGCTG-1_contig_12,False,329,TRB,None,None,TRBJ2-7,None,False,False,None,None,8506,23,None,None
TTCTACACAGCTGCTG-1,False,TTCTACACAGCTGCTG-1_contig_2,False,564,TRA,TRAV4D-4,None,TRAJ45,TRAC,True,True,CAAYTEGADRLTF,TGTGCTGCCTATACAGAAGGTGCAGATAGACTCACCTTT,1450,4,None,None
TTCTACACAGCTGCTG-1,False,TTCTACACAGCTGCTG-1_contig_3,False,553,TRA,TRAV8-1,None,TRAJ30,TRAC,True,True,CATDTNAYKVIF,TGTGCTACCGACACAAATGCTTACAAAGTCATCTTT,3958,7,None,None
TTCTACACAGCTGCTG-1,False,TTCTACACAGCTGCTG-1_contig_4,False,562,TRA,TRAV8-1,None,TRAJ6,TRAC,True,True,CATDASSGGNYKPTF,TGTGCTACTGATGCTTCCTCAGGAGGAAACTACAAACCTACGTTT,8486,17,None,None
TTCTACACAGCTGCTG-1,False,TTCTACACAGCTGCTG-1_contig_5,False,563,TRB,TRBV12-2+TRBV13-2,None,TRBJ1-5,TRBC1,True,True,CASGTGDNQAPLF,TGTGCCAGCGGGACAGGGGACAACCAGGCTCCGCTTTTT,1354,2,None,None
TTCTACACAGCTGCTG-1,False,TTCTACACAGCTGCTG-1_contig_6,False,563,TRB,TRBV12-2+TRBV13-2,None,TRBJ1-5,TRBC1,True,True,CASGTGDNQAPLF,TGTGCCAGCGGTACAGGAGACAACCAGGCTCCGCTTTTT,5650,16,None,None
TTCTACACAGCTGCTG-1,False,TTCTACACAGCTGCTG-1_contig_7,False,563,TRB,TRBV12-2+TRBV13-2,None,TRBJ1-5,TRBC1,True,True,CASGTGDNQAPLF,TGTGCCAGCGGTACAGGGGATAACCAGGCTCCGCTTTTT,5616,15,None,None
TTCTACACAGCTGCTG-1,False,TTCTACACAGCTGCTG-1_contig_8,False,508,TRB,TRBV13-1,None,TRBJ2-1,None,True,True,CASSGGDYAEQFF,TGTGCCAGCAGTGGGGGGGACTATGCTGAGCAGTTCTTC,17636,40,None,None
TTCTACACAGCTGCTG-1,False,TTCTACACAGCTGCTG-1_contig_9,False,540,TRA,None,None,TRAJ26,TRAC,False,False,None,None,780,2,None,None
TTCTACAGTACTCTCC-1,False,TTCTACAGTACTCTCC-1_contig_1,False,523,TRB,TRBV31,None,TRBJ2-5,None,True,True,CAWSSDRFIQDTQYF,TGTGCCTGGAGTTCAGACAGGTTTATCCAAGACACCCAGTACTTT,1808,1,None,None
TTCTACAGTATGAATG-1,False,TTCTACAGTATGAATG-1_contig_1,False,531,TRB,TRBV17,None,TRBJ2-1,None,True,True,CASSLLGGPDYAEQFF,TGTGCTAGCAGTCTACTGGGGGGGCCGGACTATGCTGAGCAGTTCTTC,3438,2,None,None
TTCTACAGTCCTAGCG-1,False,TTCTACAGTCCTAGCG-1_contig_1,False,505,TRB,TRBV13-1,None,TRBJ2-3,None,True,True,CASGDSAETLYF,TGTGCCAGCGGGGACAGTGCAGAAACGCTGTATTTT,3392,2,None,None
TTCTACAGTTTGCATG-1,False,TTCTACAGTTTGCATG-1_contig_1,False,455,TRB,None,None,TRBJ1-6,TRBC1,False,False,None,None,2086,1,None,None
TTCTACATCCTAGGGC-1,False,TTCTACATCCTAGGGC-1_contig_1,False,604,TRA,TRAV14-2,None,TRAJ50,TRAC,True,True,CAATSSSSFSKLVF,TGTGCAGCAACTTCATCCTCCTCCTTCAGCAAGCTGGTGTTT,672,1,None,None
TTCTACATCGGCTTGG-1,False,TTCTACATCGGCTTGG-1_contig_1,False,505,TRB,TRBV13-1,None,TRBJ2-5,None,True,True,CASSDGDDTQYF,TGTGCCAGCAGTGACGGGGACGACACCCAGTACTTT,1738,1,None,None
TTCTCAAAGAGCCTAG-1,False,TTCTCAAAGAGCCTAG-1_contig_1,False,370,TRB,None,None,TRBJ1-3,TRBC1,False,False,None,None,2020,1,None,None
TTCTCAAAGGAATTAC-1,False,TTCTCAAAGGAATTAC-1_contig_1,False,573,TRA,TRAV8-1,None,TRAJ30,TRAC,True,True,CATDTNAYKVIF,TGTGCTACTGACACAAATGCTTACAAAGTCATCTTT,1776,1,None,None
TTCTCAAAGGAATTAC-1,False,TTCTCAAAGGAATTAC-1_contig_2,False,595,TRA,TRAV7-4,None,TRAJ31,TRAC,True,False,None,None,1244,1,None,None
TTCTCAAAGGACGAAA-1,False,TTCTCAAAGGACGAAA-1_contig_1,False,564,TRB,TRBV12-2+TRBV13-2,None,TRBJ2-7,None,True,True,CASGTGGDYEQYF,TGTGCCAGCGGGACTGGGGGGGACTATGAACAGTACTTC,882,1,None,None
TTCTCAAAGGCGATAC-1,False,TTCTCAAAGGCGATAC-1_contig_1,False,549,TRA,TRAV8N-2,None,TRAJ13,TRAC,True,True,CATEDSGTYQRF,TGTGCTACTGAGGATTCTGGGACTTACCAGAGGTTT,1224,1,None,None
TTCTCAAAGTTGAGAT-1,False,TTCTCAAAGTTGAGAT-1_contig_1,False,380,TRB,None,None,TRBJ2-3,None,False,False,None,None,2158,1,None,None
TTCTCAACAAAGCAAT-1,False,TTCTCAACAAAGCAAT-1_contig_1,False,554,TRA,TRAV19,None,TRAJ39,TRAC,True,True,CAAGGNNAGAKLTF,TGCGCAGCAGGTGGGAATAATGCAGGTGCCAAGCTCACATTC,1770,1,None,None
TTCTCAACAAAGTGCG-1,False,TTCTCAACAAAGTGCG-1_contig_1,False,555,TRA,TRAV3-3,None,TRAJ49,TRAC,True,True,CAVSGATGYQNFYF,TGCGCAGTCAGTGGGGCCACGGGTTACCAGAACTTCTATTTT,1506,1,None,None
TTCTCAACACCAGGTC-1,False,TTCTCAACACCAGGTC-1_contig_1,False,566,TRA,TRAV3D-3,None,TRAJ23,TRAC,True,True,CAVSDNYNQGKLIF,TGCGCAGTCAGTGATAATTATAACCAGGGGAAGCTTATCTTT,2752,2,None,None
TTCTCAACAGCCTTTC-1,False,TTCTCAACAGCCTTTC-1_contig_1,False,566,TRA,TRAV3-3,None,TRAJ49,TRAC,True,True,CAVSGSTGYQNFYF,TGCGCAGTCAGTGGGAGCACGGGTTACCAGAACTTCTATTTT,2048,2,None,None
TTCTCAACAGCCTTTC-1,False,TTCTCAACAGCCTTTC-1_contig_2,False,561,TRB,TRBV12-2+TRBV13-2,None,TRBJ2-7,None,True,True,CASGVQGWEQYF,TGTGCCAGCGGTGTACAGGGGTGGGAACAGTACTTC,1502,2,None,None
TTCTCAACAGCCTTTC-1,False,TTCTCAACAGCCTTTC-1_contig_3,False,567,TRB,TRBV12-2+TRBV13-2,None,TRBJ1-2,TRBC1,True,True,CASGGGTGNSDYTF,TGTGCCAGCGGTGGGGGGACAGGGAACTCCGACTACACCTTC,1288,1,None,None
TTCTCAACAGCCTTTC-1,False,TTCTCAACAGCCTTTC-1_contig_4,True,509,TRB,None,None,TRBJ1-1,TRBC1,False,False,None,None,1190,1,None,None
TTCTCAAGTAGCGTCC-1,False,TTCTCAAGTAGCGTCC-1_contig_1,False,537,TRA,TRAV3-3,None,TRAJ49,TRAC,True,True,CAVSGATGYQNFYF,TGCGCAGTCAGTGGGGCCACGGGTTACCAGAACTTCTATTTT,2030,1,None,None
TTCTCAAGTCAGAAGC-1,False,TTCTCAAGTCAGAAGC-1_contig_1,False,574,TRB,TRBV12-2+TRBV13-2,None,TRBJ1-2,TRBC1,True,True,CASGGGTGNSDYTF,TGTGCCAGCGGTGGGGGGACAGGGAACTCCGACTACACCTTC,1254,1,None,None
TTCTCAAGTGAGGGTT-1,False,TTCTCAAGTGAGGGTT-1_contig_1,False,741,TRB,TRBV12-2,None,None,None,False,False,CASSLHSLTELLAFWLEHTRTCLGP,TGTGCCAGCTCTCTCCACAGCCTTACAGAGCTACTGGCTTTCTGGCTGGAACATACAAGAACCTGCCTTGGTCCC,586,1,None,None
TTCTCAAGTTTCGCTC-1,False,TTCTCAAGTTTCGCTC-1_contig_1,False,498,TRA,TRAV8-1,None,TRAJ30,TRAC,True,True,CATDTNAYKVIF,TGTGCTACTGACACAAATGCTTACAAAGTCATCTTT,1498,1,None,None
TTCTCAATCACCATAG-1,False,TTCTCAATCACCATAG-1_contig_1,False,558,TRA,TRAV19,None,TRAJ39,TRAC,True,True,CAAGGNNAGAKLTF,TGCGCAGCAGGTGGGAATAATGCAGGTGCCAAGCTCACATTC,2420,2,None,None
TTCTCAATCACCATAG-1,False,TTCTCAATCACCATAG-1_contig_2,False,513,TRB,TRBV29,None,TRBJ2-5,None,True,True,CASSPTGPQDTQYF,TGTGCTAGCAGTCCGACAGGGCCCCAAGACACCCAGTACTTT,3522,3,None,None
TTCTCAATCACCATAG-1,False,TTCTCAATCACCATAG-1_contig_3,False,477,TRB,TRBV12-2+TRBV13-2,None,TRBJ1-2,None,True,True,CASGGGTGNSDYTF,TGTGCCAGCGGTGGGGGGACAGGGAACTCCGACTACACCTTC,1752,1,None,None
TTCTCAATCGACGGAA-1,False,TTCTCAATCGACGGAA-1_contig_1,False,460,TRA,TRAV6D-7,None,TRAJ40,TRAC,False,False,None,None,1862,1,None,None
TTCTCAATCTCCGGTT-1,False,TTCTCAATCTCCGGTT-1_contig_1,False,543,TRB,TRBV16,None,TRBJ2-5,None,True,True,CASSLGGGADTQYF,TGTGCAAGCAGCTTAGGGGGGGGCGCGGACACCCAGTACTTT,2320,1,None,None
TTCTCCTAGAGGGCTT-1,False,TTCTCCTAGAGGGCTT-1_contig_1,False,549,TRB,TRBV16,None,TRBJ1-2,TRBC1,True,True,CASSSGTGNSDYTF,TGTGCAAGCAGCTCCGGGACAGGGAACTCCGACTACACCTTC,1672,1,None,None
TTCTCCTAGATACACA-1,False,TTCTCCTAGATACACA-1_contig_1,False,514,TRA,TRAV19,None,TRAJ39,TRAC,True,True,CAAGGNNAGAKLTF,TGCGCAGCAGGTGGGAATAATGCAGGTGCCAAGCTCACATTC,68,1,None,None
TTCTCCTAGCAGCGTA-1,False,TTCTCCTAGCAGCGTA-1_contig_1,False,532,TRA,TRAV13-4-DV7,None,TRAJ58,TRAC,True,True,CAPMQQGTGSKLSF,TGTGCTCCTATGCAGCAAGGCACTGGGTCTAAGCTGTCATTT,2508,1,None,None
TTCTCCTAGCAGCGTA-1,False,TTCTCCTAGCAGCGTA-1_contig_2,False,466,TRA,TRAV6N-6,None,TRAJ2,TRAC,False,False,None,None,2892,1,None,None
TTCTCCTAGGACGAAA-1,False,TTCTCCTAGGACGAAA-1_contig_1,False,365,TRB,None,None,TRBJ1-2,TRBC1,False,False,None,None,2484,1,None,None
TTCTCCTAGGAGCGAG-1,False,TTCTCCTAGGAGCGAG-1_contig_1,False,587,TRA,TRAV3-4,None,TRAJ49,TRAC,True,True,CAVRGGYQNFYF,TGCGCAGTCAGGGGGGGTTACCAGAACTTCTATTTT,1194,1,None,None
TTCTCCTAGGATGCGT-1,False,TTCTCCTAGGATGCGT-1_contig_1,False,549,TRB,TRBV16,None,TRBJ2-7,None,True,True,CASSFGGGADEQYF,TGTGCAAGCAGCTTTGGTGGGGGGGCGGATGAACAGTACTTC,1562,1,None,None
TTCTCCTAGGCCCTTG-1,False,TTCTCCTAGGCCCTTG-1_contig_1,False,525,TRA,TRAV7N-6,None,TRAJ30,TRAC,True,True,CAVVDTNAYKVIF,TGTGCAGTGGTTGACACAAATGCTTACAAAGTCATCTTT,662,1,None,None
TTCTCCTAGTAGGCCA-1,False,TTCTCCTAGTAGGCCA-1_contig_1,False,549,TRB,TRBV16,None,TRBJ2-5,None,True,True,CASSLGGGQDTQYF,TGTGCAAGCAGCTTAGGGGGGGGCCAAGACACCCAGTACTTT,1862,1,None,None
TTCTCCTAGTCGTTTG-1,False,TTCTCCTAGTCGTTTG-1_contig_1,False,525,TRB,TRBV17,None,TRBJ2-5,None,True,True,CASSRKGSQDTQYF,TGTGCTAGCAGTAGAAAGGGTTCTCAAGACACCCAGTACTTT,1298,2,None,None
TTCTCCTCACATGGGA-1,False,TTCTCCTCACATGGGA-1_contig_1,False,474,TRB,TRBV13-1,None,TRBJ2-4,None,True,False,CASSEGTNTLYF,TGTGCCAGCAGTGAAGGAACAAACACCTTGTACTTT,198,1,None,None
TTCTCCTCAGTCACTA-1,False,TTCTCCTCAGTCACTA-1_contig_1,False,557,TRB,TRBV13-2,None,TRBJ2-7,None,True,True,CASGVQGEQYF,TGTGCCAGCGGTGTTCAGGGAGAACAGTACTTC,1844,1,None,None
TTCTCCTCATAGACTC-1,False,TTCTCCTCATAGACTC-1_contig_1,False,549,TRB,TRBV16,None,TRBJ2-5,None,True,True,CASSFGGGEDTQYF,TGTGCAAGCAGCTTTGGGGGGGGGGAAGACACCCAGTACTTT,2188,2,None,None
TTCTCCTCATCCGTGG-1,False,TTCTCCTCATCCGTGG-1_contig_1,False,569,TRB,TRBV12-2+TRBV13-2,None,TRBJ1-2,TRBC1,True,True,CASGGGTGNSDYTF,TGTGCCAGCGGTGGGGGGACAGGGAACTCCGACTACACCTTC,992,1,None,None
TTCTCCTCATCTGGTA-1,False,TTCTCCTCATCTGGTA-1_contig_1,False,532,TRA,TRAV4-3,None,TRAJ27,TRAC,True,True,CAAANTNTGKLTF,TGTGCTGCTGCTAACACCAATACAGGCAAATTAACCTTT,1136,1,None,None
TTCTCCTCATGCATGT-1,False,TTCTCCTCATGCATGT-1_contig_1,False,538,TRA,TRAV8-1,None,TRAJ30,TRAC,True,True,CATDTNAYKVIF,TGTGCTACTGACACAAATGCTTACAAAGTCATCTTT,1516,1,None,None
TTCTCCTCATTTCACT-1,False,TTCTCCTCATTTCACT-1_contig_1,False,560,TRB,TRBV12-2+TRBV13-2,None,TRBJ2-7,None,True,True,CASGVQGEQYF,TGTGCCAGCGGTGTTCAGGGAGAACAGTACTTC,462,1,None,None
TTCTCCTGTACGAAAT-1,False,TTCTCCTGTACGAAAT-1_contig_1,False,500,TRA,TRAV7-4,None,TRAJ26,None,True,False,CAASDYAQGLTF,TGTGCAGCTAGTGACTATGCCCAGGGATTAACCTTC,54,1,None,None
TTCTCCTGTGACGGTA-1,False,TTCTCCTGTGACGGTA-1_contig_1,False,553,TRA,TRAV14N-3,None,TRAJ34,TRAC,True,True,CAASAWANTNKVVF,TGTGCAGCAAGTGCATGGGCCAATACCAACAAAGTCGTCTTT,396,1,None,None
TTCTCCTGTGCTCTTC-1,False,TTCTCCTGTGCTCTTC-1_contig_1,False,527,TRB,TRBV13-1,None,TRBJ2-3,None,True,False,CASGDSAETLYF,TGTGCCAGCGGGGACAGTGCAGAAACGCTGTATTTT,1550,1,None,None
TTCTCCTGTGGAAAGA-1,False,TTCTCCTGTGGAAAGA-1_contig_1,False,519,TRA,TRAV6-6,None,TRAJ17,TRAC,True,True,CALGEANSAGNKLTF,TGTGCTCTGGGTGAGGCTAACAGTGCAGGGAACAAGCTAACTTTT,1940,1,None,None
TTCTCCTGTGGAAAGA-1,False,TTCTCCTGTGGAAAGA-1_contig_2,False,558,TRB,TRBV13-3,None,TRBJ2-7,None,True,True,CASSDARLGGSSYEQYF,TGTGCCAGCAGTGATGCTCGACTGGGGGGGAGCTCCTATGAACAGTACTTC,1504,2,None,None
TTCTCCTGTGGCTCCA-1,False,TTCTCCTGTGGCTCCA-1_contig_1,False,522,TRB,TRBV31,None,TRBJ2-3,None,True,True,CAWSLLLGGSAETLYF,TGTGCCTGGAGTCTACTCCTGGGGGGAAGTGCAGAAACGCTGTATTTT,2856,1,None,None
TTCTCCTTCCGTTGCT-1,False,TTCTCCTTCCGTTGCT-1_contig_1,False,502,TRB,TRBV13-1,None,TRBJ2-2,None,True,True,CASSDPGQLYF,TGTGCCAGCAGTGACCCCGGGCAGCTCTACTTT,948,1,None,None
TTCTCCTTCGTCGTTC-1,False,TTCTCCTTCGTCGTTC-1_contig_1,False,549,TRB,TRBV16,None,TRBJ2-5,None,True,True,CASSLGGGQDTQYF,TGTGCAAGCAGCTTAGGGGGGGGCCAAGACACCCAGTACTTT,2202,1,None,None
TTCTCCTTCGTGGACC-1,False,TTCTCCTTCGTGGACC-1_contig_1,False,482,TRB,TRBV12-2+TRBV13-2,None,TRBJ1-2,None,True,True,CASGGGTGNSDYTF,TGTGCCAGCGGTGGGGGGACAGGGAACTCCGACTACACATTC,274,1,None,None
TTCTCCTTCTGTACGA-1,False,TTCTCCTTCTGTACGA-1_contig_1,False,549,TRB,TRBV16,None,TRBJ2-7,None,True,True,CASSFGGGADEQYF,TGTGCAAGCAGCTTTGGTGGGGGGGCGGATGAACAGTACTTC,1236,1,None,None
TTCTTAGAGAGTCTGG-1,False,TTCTTAGAGAGTCTGG-1_contig_1,False,566,TRB,TRBV12-2+TRBV13-2,None,TRBJ1-2,TRBC1,True,True,CASGGGTGNSDYTF,TGTGCCAGCGGTGGGGGGACAGGGAACTCCGACTACACCTTC,694,1,None,None
TTCTTAGAGCCACGCT-1,False,TTCTTAGAGCCACGCT-1_contig_1,False,563,TRB,TRBV12-2+TRBV13-2,None,TRBJ2-7,None,True,True,CASGTGGDYEQYF,TGTGCCAGCGGGACTGGGGGGGACTATGAACAGTACTTC,726,1,None,None
TTCTTAGAGTGCAAGC-1,False,TTCTTAGAGTGCAAGC-1_contig_1,False,549,TRB,TRBV16,None,TRBJ2-5,None,True,True,CASSFGGAPDTQYF,TGTGCAAGCAGCTTTGGGGGGGCGCCAGACACCCAGTACTTT,228,2,None,None
TTCTTAGCAGGAACGT-1,False,TTCTTAGCAGGAACGT-1_contig_1,False,465,TRA,TRAV13D-2,None,TRAJ11,None,False,False,CAIDLDSGYNKLTF,TGTGCTATAGATCTTGACTCGGGATACAACAAACTCACTTTT,606,1,None,None
TTCTTAGCATGACGGA-1,False,TTCTTAGCATGACGGA-1_contig_1,False,525,TRB,TRBV17,None,TRBJ2-5,None,True,True,CASSRKGVQDTQYF,TGTGCTAGCAGTAGAAAGGGGGTCCAAGACACCCAGTACTTT,1624,1,None,None
TTCTTAGCATGTCCTC-1,False,TTCTTAGCATGTCCTC-1_contig_1,False,599,TRA,TRAV3-4,None,TRAJ49,TRAC,True,True,CAVRGGYQNFYF,TGCGCAGTCAGGGGGGGTTACCAGAACTTCTATTTT,2348,1,None,None
TTCTTAGGTCACCCAG-1,False,TTCTTAGGTCACCCAG-1_contig_1,False,566,TRB,TRBV12-2+TRBV13-2,None,TRBJ1-2,TRBC1,True,True,CASGGGTGNSDYTF,TGTGCCAGCGGTGGGGGGACAGGGAACTCCGACTACACCTTC,1036,1,None,None
TTCTTAGGTCACTTCC-1,False,TTCTTAGGTCACTTCC-1_contig_1,False,545,TRA,TRAV6D-5,None,TRAJ38,TRAC,True,False,CTTVFWDNVGDNSKLIW,TGTACTACTGTGTTCTGGGATAATGTTGGTGACAACAGTAAGCTGATTTGG,1234,1,None,None
TTCTTAGGTCTCCATC-1,False,TTCTTAGGTCTCCATC-1_contig_1,False,304,TRB,None,None,TRBJ2-1,None,False,False,None,None,4956,2,None,None
TTCTTAGGTGATGATA-1,False,TTCTTAGGTGATGATA-1_contig_1,False,576,TRA,TRAV16N,None,TRAJ22,TRAC,True,True,CAMREGDSSGSWQLIF,TGTGCTATGAGAGAGGGCGACTCTTCTGGCAGCTGGCAACTCATCTTT,1868,1,None,None
TTCTTAGGTTAAGACA-1,False,TTCTTAGGTTAAGACA-1_contig_1,False,534,TRA,TRAV4D-3,None,TRAJ27,TRAC,True,True,CAADGPNTGKLTF,TGTGCTGCGGACGGACCCAATACAGGCAAATTAACCTTT,1572,1,None,None
TTCTTAGGTTGCTCCT-1,False,TTCTTAGGTTGCTCCT-1_contig_1,False,515,TRB,TRBV12-2+TRBV13-2,None,TRBJ1-5,TRBC1,True,False,CASGTGDNQAPLF,TGTGCCAGCGGGACGGGGGACAACCAGGCTCCGCTTTTT,422,1,None,None
TTCTTAGTCCGCGCAA-1,False,TTCTTAGTCCGCGCAA-1_contig_1,False,517,TRA,TRAV13-4-DV7,None,TRAJ21,TRAC,True,True,CARRPVLYF,TGTGCTCGCCGACCCGTGCTTTACTTC,1520,1,None,None
TTCTTAGTCGGAGCAA-1,False,TTCTTAGTCGGAGCAA-1_contig_1,False,564,TRA,TRAV4D-3,None,TRAJ27,TRAC,True,True,CAADGPNTGKLTF,TGTGCTGCGGACGGACCCAATACAGGCAAATTAACCTTT,1326,1,None,None
TTCTTAGTCTCTGAGA-1,False,TTCTTAGTCTCTGAGA-1_contig_1,False,537,TRA,TRAV3-3,None,TRAJ49,TRAC,True,True,CAVSGATGYQNFYF,TGCGCAGTCAGTGGGGCCACGGGTTACCAGAACTTCTATTTT,2080,1,None,None
TTCTTAGTCTGGAGCC-1,False,TTCTTAGTCTGGAGCC-1_contig_1,False,507,TRA,TRAV21-DV12,None,TRAJ42,TRAC,True,True,CILRVHGGSNAKLTF,TGTATCCTGAGAGTCCATGGAGGAAGCAATGCAAAGCTAACCTTC,2002,1,None,None
TTCTTAGTCTTCGGTC-1,False,TTCTTAGTCTTCGGTC-1_contig_1,False,555,TRA,TRAV3-3,None,TRAJ49,TRAC,True,True,CAVSGATGYQNFYF,TGCGCAGTCAGTGGGGCCACGGGTTACCAGAACTTCTATTTT,1522,1,None,None
TTCTTAGTCTTGTATC-1,False,TTCTTAGTCTTGTATC-1_contig_1,False,568,TRB,TRBV12-2+TRBV13-2,None,TRBJ1-2,TRBC1,True,True,CASGGGTGNSDYTF,TGTGCCAGCGGTGGGGGGACAGGGAACTCCGACTACACCTTC,670,1,None,None
TTGAACGAGACAGAGA-1,False,TTGAACGAGACAGAGA-1_contig_1,False,507,TRA,TRAV21-DV12,None,TRAJ42,TRAC,True,True,CILRVHGGSNAKLTF,TGTATCCTGAGAGTCCATGGAGGAAGCAATGCAAAGCTAACCTTC,1960,1,None,None
TTGAACGAGACAGAGA-1,False,TTGAACGAGACAGAGA-1_contig_2,False,672,TRB,TRBV12-2+TRBV13-2,None,TRBJ1-2,TRBC1,True,True,CASGGGTGNSDYTF,TGTGCCAGCGGTGGGGGGACAGGGAACTCCGACTACACCTTC,1158,1,None,None
TTGAACGAGCCAGTTT-1,False,TTGAACGAGCCAGTTT-1_contig_1,False,495,TRB,TRBV16,None,TRBJ1-2,TRBC1,True,True,CASSSGTGNSDYTF,TGTGCAAGCAGCTCCGGGACAGGGAACTCCGACTACACCTTC,972,1,None,None
TTGAACGAGCGACGTA-1,False,TTGAACGAGCGACGTA-1_contig_1,False,549,TRB,TRBV16,None,TRBJ2-5,None,True,True,CASSLGGGQDTQYF,TGTGCAAGCAGCTTAGGGGGGGGGCAAGACACCCAGTACTTT,730,1,None,None
TTGAACGAGCTGCCCA-1,False,TTGAACGAGCTGCCCA-1_contig_1,False,510,TRA,TRAV6-5,None,TRAJ45,TRAC,True,True,CALIHTEGADRLTF,TGTGCTCTGATCCATACAGAAGGTGCAGATAGACTCACCTTT,2714,1,None,None
TTGAACGAGTTTGCGT-1,False,TTGAACGAGTTTGCGT-1_contig_1,False,582,TRA,TRAV7-4,None,TRAJ32,TRAC,True,False,None,None,1866,1,None,None
TTGAACGCAAGTCTGT-1,False,TTGAACGCAAGTCTGT-1_contig_1,False,566,TRA,TRAV3-3,None,TRAJ49,TRAC,True,True,CAVSGSTGYQNFYF,TGCGCAGTCAGTGGGAGCACGGGTTACCAGAACTTCTATTTT,904,1,None,None
TTGAACGCAAGTCTGT-1,False,TTGAACGCAAGTCTGT-1_contig_2,True,491,TRA,TRAV6D-5,None,TRAJ38,TRAC,True,False,CTTVFWDNVGDNSKLIW,TGTACTACTGTGTTCTGGGATAATGTTGGTGACAACAGTAAGCTGATTTGG,232,1,None,None
TTGAACGCAAGTTAAG-1,False,TTGAACGCAAGTTAAG-1_contig_1,False,505,TRB,TRBV13-1,None,TRBJ2-3,None,True,True,CASGDSAETLYF,TGTGCCAGCGGGGACAGTGCAGAAACGCTGTATTTT,1784,1,None,None
TTGAACGCAATTGCTG-1,False,TTGAACGCAATTGCTG-1_contig_1,False,357,TRB,None,None,TRBJ2-1,None,False,False,None,None,2500,1,None,None
TTGAACGCACCGATAT-1,False,TTGAACGCACCGATAT-1_contig_1,False,556,TRA,TRAV19,None,TRAJ39,TRAC,True,True,CAAGGNNAGAKLTF,TGCGCAGCAGGTGGGAATAATGCAGGTGCCAAGCTCACATTC,6150,5,None,None
TTGAACGCACCGATAT-1,False,TTGAACGCACCGATAT-1_contig_2,False,614,TRB,TRBV12-2+TRBV13-2,None,TRBJ1-2,TRBC1,True,True,CASGGGTGNSDYTF,TGTGCCAGCGGTGGGGGGACAGGGAACTCCGACTACACCTTC,1928,1,None,None
TTGAACGCACCGATAT-1,False,TTGAACGCACCGATAT-1_contig_3,False,557,TRB,TRBV12-2+TRBV13-2,None,TRBJ2-1,None,True,True,CASGTGDYAEQFF,TGTGCCAGCGGGACTGGGGACTATGCTGAGCAGTTCTTC,1706,2,None,None
TTGAACGCACCGATAT-1,False,TTGAACGCACCGATAT-1_contig_4,True,520,TRB,None,None,TRBJ2-7,None,False,False,None,None,714,2,None,None
TTGAACGCACCGATAT-1,False,TTGAACGCACCGATAT-1_contig_5,True,434,TRA,TRAV7-5,None,TRAJ45,None,True,False,CSDTEGADRLTF,TGCAGTGATACAGAAGGTGCAGATAGACTCACCTTT,2698,1,None,None
TTGAACGCACGGCTAC-1,False,TTGAACGCACGGCTAC-1_contig_1,True,538,TRA,TRAV8-1,None,TRAJ30,TRAC,True,True,CATDTNAYKVIF,TGTGCTACTGACACAAATGCTTACAAAGTCATCTTT,3134,4,None,None
TTGAACGCACGGCTAC-1,False,TTGAACGCACGGCTAC-1_contig_2,True,1014,TRB,TRBV12-2,None,TRBJ1-5,None,True,False,None,None,2754,3,None,None
TTGAACGCATACTACG-1,False,TTGAACGCATACTACG-1_contig_1,False,455,TRB,None,None,TRBJ2-1,None,False,False,None,None,2006,1,None,None
TTGAACGCATTTGCCC-1,False,TTGAACGCATTTGCCC-1_contig_1,False,549,TRA,TRAV8N-2,None,TRAJ13,TRAC,True,True,CATEDSGTYQRF,TGTGCTACTGAGGATTCTGGGACTTACCAGAGGTTT,1758,1,None,None
TTGAACGGTAGGACAC-1,False,TTGAACGGTAGGACAC-1_contig_1,False,562,TRB,TRBV12-2+TRBV13-2,None,TRBJ2-7,None,True,True,CASGVQGEQYF,TGTGCCAGCGGTGTTCAGGGAGAACAGTACTTC,344,1,None,None
TTGAACGGTCATATCG-1,False,TTGAACGGTCATATCG-1_contig_1,False,620,TRA,TRAV14N-3,None,TRAJ6,TRAC,True,True,CAARTSGGNYKPTF,TGTGCAGCAAGAACCTCAGGAGGAAACTACAAACCTACGTTT,1156,1,None,None
TTGAACGGTCTAGTGT-1,False,TTGAACGGTCTAGTGT-1_contig_1,False,570,TRA,TRAV14N-3,None,TRAJ6,TRAC,True,True,CAARTSGGNYKPTF,TGTGCAGCAAGAACCTCAGGAGGAAACTACAAACCTACGTTT,1398,1,None,None
TTGAACGGTGCATCTA-1,False,TTGAACGGTGCATCTA-1_contig_1,False,558,TRA,TRAV19,None,TRAJ39,TRAC,True,True,CAAGGNNAGAKLTF,TGCGCAGCAGGTGGGAATAATGCAGGTGCCAAGCTCACATTC,586,1,None,None
TTGAACGGTTATGCGT-1,False,TTGAACGGTTATGCGT-1_contig_1,False,566,TRB,TRBV12-2+TRBV13-2,None,TRBJ1-2,TRBC1,True,True,CASGGGTGNSDYTF,TGTGCCAGCGGTGGGGGGACAGGGAACTCCGACTACACCTTC,874,1,None,None
TTGAACGGTTCGGCAC-1,False,TTGAACGGTTCGGCAC-1_contig_1,False,526,TRB,TRBV16,None,TRBJ2-5,None,True,True,CASSLGGGQDTQYF,TGTGCAAGCAGCTTAGGGGGGGGGCAAGACACCCAGTACTTT,1188,1,None,None
TTGAACGTCAAGCCTA-1,False,TTGAACGTCAAGCCTA-1_contig_1,False,525,TRA,TRAV14N-3,None,TRAJ6,TRAC,True,True,CAARSSGGNYKPTF,TGTGCAGCAAGGTCCTCAGGAGGAAACTACAAACCTACGTTT,1098,1,None,None
TTGAACGTCATGGTCA-1,False,TTGAACGTCATGGTCA-1_contig_1,False,534,TRA,TRAV19,None,TRAJ39,TRAC,True,True,CAAGGNNAGAKLTF,TGCGCAGCAGGTGGGAATAATGCAGGTGCCAAGCTCACATTC,1066,1,None,None
TTGAACGTCGCATGAT-1,False,TTGAACGTCGCATGAT-1_contig_1,False,570,TRB,TRBV12-2+TRBV13-2,None,TRBJ1-2,TRBC1,True,True,CASGGGTGNSDYTF,TGTGCCAGCGGTGGGGGGACAGGGAACTCCGACTACACCTTC,1552,1,None,None
TTGAACGTCGGAGGTA-1,False,TTGAACGTCGGAGGTA-1_contig_1,False,554,TRB,TRBV12-2+TRBV13-2,None,TRBJ2-7,None,True,True,CASGDPRPYF,TGTGCCAGCGGTGATCCCAGACCGTACTTC,1282,1,None,None
TTGAACGTCGGAGGTA-1,False,TTGAACGTCGGAGGTA-1_contig_2,False,632,TRA,TRAV16N,None,TRAJ37,TRAC,True,False,CYESLTGNTGKLIF,TGCTATGAGAGTTTAACAGGCAATACCGGAAAACTCATCTTT,2722,1,None,None
TTGAACGTCTACGAGT-1,False,TTGAACGTCTACGAGT-1_contig_1,False,549,TRB,TRBV16,None,TRBJ2-5,None,True,True,CASSLGGGQDTQYF,TGTGCAAGCAGCTTAGGGGGGGGCCAAGACACCCAGTACTTT,1448,1,None,None
TTGAACGTCTACGAGT-1,False,TTGAACGTCTACGAGT-1_contig_2,False,561,TRA,TRAV16N,None,TRAJ22,TRAC,True,True,CAMREGDSSGSWQLIF,TGTGCTATGAGAGAGGGCGACTCTTCTGGCAGCTGGCAACTCATCTTT,3726,2,None,None
TTGAACGTCTCTGAGA-1,False,TTGAACGTCTCTGAGA-1_contig_1,False,525,TRA,TRAV16D-DV11,None,TRAJ22,TRAC,True,True,CAMRASSGSWQLIF,TGTGCTATGAGGGCATCTTCTGGCAGCTGGCAACTCATCTTT,2020,1,None,None
TTGAACGTCTCTGAGA-1,False,TTGAACGTCTCTGAGA-1_contig_2,False,651,TRA,TRAV14N-3,None,TRAJ6,TRAC,True,True,CAARTSGGNYKPTF,TGTGCAGCAAGAACCTCAGGAGGAAACTACAAACCTACGTTT,1642,1,None,None
TTGAACGTCTCTGAGA-1,False,TTGAACGTCTCTGAGA-1_contig_3,False,509,TRB,TRBV13-1,None,TRBJ2-7,None,True,True,CASSAPYEQYF,TGTGCCAGCAGTGCACCGTATGAACAGTACTTC,1322,1,None,None
TTGAACGTCTGATACG-1,False,TTGAACGTCTGATACG-1_contig_1,False,352,TRB,None,None,TRBJ1-2,TRBC1,False,False,None,None,3278,1,None,None
TTGACTTAGAGCCTAG-1,False,TTGACTTAGAGCCTAG-1_contig_1,False,347,TRB,None,None,TRBJ2-3,None,False,False,None,None,2400,1,None,None
TTGACTTAGATGAGAG-1,False,TTGACTTAGATGAGAG-1_contig_1,False,560,TRB,TRBV12-2+TRBV13-2,None,TRBJ2-7,None,True,True,CASGVQGWEQYF,TGTGCCAGCGGTGTACAGGGGTGGGAACAGTACTTC,3696,2,None,None
TTGACTTAGATGTCGG-1,False,TTGACTTAGATGTCGG-1_contig_1,False,600,TRB,TRBV12-2+TRBV13-2,None,TRBJ1-2,TRBC1,True,True,CASGGGTGNSDYTF,TGTGCCAGCGGTGGGGGGACAGGGAACTCCGACTACACCTTC,1068,1,None,None
TTGACTTAGCCCAATT-1,False,TTGACTTAGCCCAATT-1_contig_1,False,542,TRA,TRAV16D-DV11,None,TRAJ22,TRAC,True,True,CAMRASSGSWQLIF,TGTGCTATGAGGGCATCTTCTGGCAGCTGGCAACTCATCTTT,3998,1,None,None
TTGACTTAGCCCAATT-1,False,TTGACTTAGCCCAATT-1_contig_2,False,549,TRA,TRAV8N-2,None,TRAJ13,TRAC,True,True,CATEDSGTYQRF,TGTGCTACTGAGGATTCTGGGACTTACCAGAGGTTT,2508,1,None,None
TTGACTTAGCCCAATT-1,False,TTGACTTAGCCCAATT-1_contig_3,False,563,TRB,TRBV12-2+TRBV13-2,None,TRBJ2-7,None,True,True,CASGTGGDYEQYF,TGTGCCAGCGGGACTGGGGGGGACTATGAACAGTACTTC,1610,1,None,None
TTGACTTAGGATATAC-1,False,TTGACTTAGGATATAC-1_contig_1,False,570,TRB,TRBV12-2+TRBV13-2,None,TRBJ1-2,TRBC1,True,True,CASGGGTGNSDYTF,TGTGCCAGCGGTGGGGGGACAGGGAACTCCGACTACACCTTC,1110,1,None,None
TTGACTTAGTGACATA-1,False,TTGACTTAGTGACATA-1_contig_1,False,529,TRA,TRAV4-3,None,TRAJ23,TRAC,True,False,None,None,736,1,None,None
TTGACTTCACATTCGA-1,False,TTGACTTCACATTCGA-1_contig_1,False,505,TRB,TRBV13-1,None,TRBJ2-3,None,True,True,CASGDSAETLYF,TGTGCCAGCGGGGACAGTGCAGAAACGCTGTATTTT,1132,1,None,None
TTGACTTGTAGAGTGC-1,False,TTGACTTGTAGAGTGC-1_contig_1,False,549,TRB,TRBV16,None,TRBJ2-5,None,True,True,CASSLGGGQDTQYF,TGTGCAAGCAGCTTAGGGGGGGGCCAAGACACCCAGTACTTT,984,1,None,None
TTGACTTGTGCCTTGG-1,False,TTGACTTGTGCCTTGG-1_contig_1,False,552,TRA,TRAV8N-2,None,TRAJ43,TRAC,True,False,CATDANNNNAPRF,TGTGCTACTGATGCCAATAACAACAATGCCCCACGATTT,494,2,None,None
TTGACTTGTGCGGTAA-1,False,TTGACTTGTGCGGTAA-1_contig_1,False,363,TRB,None,None,TRBJ1-3,TRBC1,False,False,None,None,3278,1,None,None
TTGACTTGTTATCCGA-1,False,TTGACTTGTTATCCGA-1_contig_1,False,505,TRB,TRBV13-1,None,TRBJ2-3,None,True,True,CASGDSAETLYF,TGTGCCAGCGGGGACAGTGCAGAAACGCTGTATTTT,536,1,None,None
TTGACTTGTTATTCTC-1,False,TTGACTTGTTATTCTC-1_contig_1,False,574,TRB,TRBV13-1,None,TRBJ1-4,TRBC1,True,True,CASSGGERLFF,TGTGCCAGCAGTGGGGGCGAAAGATTATTTTTC,1766,1,None,None
TTGACTTGTTATTCTC-1,False,TTGACTTGTTATTCTC-1_contig_2,False,549,TRA,TRAV8N-2,None,TRAJ13,TRAC,True,True,CATEDSGTYQRF,TGTGCTACTGAGGATTCTGGGACTTACCAGAGGTTT,1518,1,None,None
TTGACTTGTTATTCTC-1,False,TTGACTTGTTATTCTC-1_contig_3,True,677,TRB,TRBV2,None,TRBJ2-5,None,True,False,None,None,1762,1,None,None
TTGACTTGTTGTGGCC-1,False,TTGACTTGTTGTGGCC-1_contig_1,False,419,TRB,TRBV13-2,None,TRBJ2-7,None,True,False,CASGAGGDYEQYF,TGTGCCAGCGGTGCTGGGGGGGACTATGAACAGTACTTC,2406,1,None,None
TTGACTTTCACAAACC-1,False,TTGACTTTCACAAACC-1_contig_1,False,539,TRA,TRAV16,None,TRAJ50,TRAC,True,True,CAMREGLRASSSFSKLVF,TGTGCTATGAGAGAGGGCTTAAGAGCATCCTCCTCCTTCAGCAAGCTGGTGTTT,1026,1,None,None
TTGACTTTCCGCATCT-1,False,TTGACTTTCCGCATCT-1_contig_1,False,518,TRB,TRBV26,None,TRBJ2-1,None,True,True,CASSLHKFYAEKLF,TGTGCCAGCAGTCTGCACAAATTCTATGCTGAGAAGTTGTTC,54,1,None,None
TTGACTTTCCGCATCT-1,False,TTGACTTTCCGCATCT-1_contig_2,False,447,TRB,None,None,TRBJ2-7,None,False,False,None,None,1764,1,None,None
TTGACTTTCGGTCCGA-1,False,TTGACTTTCGGTCCGA-1_contig_1,False,595,TRA,TRAV7-4,None,TRAJ31,TRAC,True,False,None,None,146,1,None,None
TTGCCGTAGACGCTTT-1,False,TTGCCGTAGACGCTTT-1_contig_1,False,515,TRB,TRBV13-1,None,TRBJ1-4,TRBC1,True,True,CASGTGANERLFF,TGTGCCAGCGGGACAGGGGCCAACGAAAGATTATTTTTC,408,2,None,None
TTGCCGTAGAGGTACC-1,False,TTGCCGTAGAGGTACC-1_contig_1,False,526,TRA,TRAV19,None,TRAJ39,TRAC,True,True,CAAGGNNAGAKLTF,TGCGCAGCAGGTGGGAATAATGCAGGTGCCAAGCTCACATTC,1726,1,None,None
TTGCCGTAGCGATAGC-1,False,TTGCCGTAGCGATAGC-1_contig_1,False,543,TRA,TRAV8D-1,None,TRAJ6,TRAC,True,True,CATDAPTGNYKPTF,TGTGCTACTGATGCACCCACCGGAAACTACAAACCTACGTTT,1780,1,None,None
TTGCCGTAGCGTCAAG-1,False,TTGCCGTAGCGTCAAG-1_contig_1,False,558,TRA,TRAV19,None,TRAJ39,TRAC,True,True,CAAGGNNAGAKLTF,TGCGCAGCAGGTGGGAATAATGCAGGTGCCAAGCTCACATTC,5466,4,None,None
TTGCCGTAGCGTCAAG-1,False,TTGCCGTAGCGTCAAG-1_contig_2,False,579,TRB,TRBV12-2+TRBV13-2,None,TRBJ1-2,TRBC1,True,True,CASGGGTGNSDYTF,TGTGCCAGCGGTGGGGGGACAGGGAACTCCGACTACACCTTC,20728,17,None,None
TTGCCGTAGCGTCAAG-1,False,TTGCCGTAGCGTCAAG-1_contig_3,False,576,TRB,TRBV12-2+TRBV13-2,None,TRBJ1-5,TRBC1,True,True,CASGTGDNQAPLF,TGTGCCAGCGGTACAGGGGACAACCAGGCTCCGCTTTTT,10768,10,None,None
TTGCCGTAGCGTCAAG-1,False,TTGCCGTAGCGTCAAG-1_contig_4,True,519,TRA,TRAV7-5,None,TRAJ45,TRAC,True,False,CSDTEGADRLTF,TGCAGTGATACAGAAGGTGCAGATAGACTCACCTTT,5682,4,None,None
TTGCCGTAGCGTCAAG-1,False,TTGCCGTAGCGTCAAG-1_contig_5,True,811,TRB,None,None,TRBJ2-5,None,False,False,None,None,1298,2,None,None
TTGCCGTAGCGTCAAG-1,False,TTGCCGTAGCGTCAAG-1_contig_6,True,567,TRA,TRAV3-3,None,TRAJ37,TRAC,True,False,None,None,1486,1,None,None
TTGCCGTAGCGTCAAG-1,False,TTGCCGTAGCGTCAAG-1_contig_7,True,427,TRB,None,None,TRBJ2-7,None,False,False,None,None,2772,2,None,None
TTGCCGTAGCTGCCCA-1,False,TTGCCGTAGCTGCCCA-1_contig_1,False,541,TRA,TRAV8D-1,None,TRAJ30,TRAC,True,True,CALDTNAYKVIF,TGTGCCCTCGACACAAATGCTTACAAAGTCATCTTT,1332,1,None,None
TTGCCGTAGTTCGCGC-1,False,TTGCCGTAGTTCGCGC-1_contig_1,False,493,TRB,TRBV13-1,None,TRBJ2-4,None,True,True,CASSEGTNTLYF,TGTGCCAGCAGTGAAGGAACAAACACCTTGTACTTT,1048,1,None,None
TTGCCGTCAAATCCGT-1,False,TTGCCGTCAAATCCGT-1_contig_1,False,512,TRB,TRBV13-1,None,TRBJ2-4,None,True,True,CASSEGTNTLYF,TGTGCCAGCAGTGAAGGAACAAACACCTTGTACTTT,3168,2,None,None
TTGCCGTCAAATCCGT-1,False,TTGCCGTCAAATCCGT-1_contig_2,False,518,TRA,TRAV8-1,None,TRAJ12,TRAC,True,True,CATDGGGYKVVF,TGTGCTACTGATGGTGGAGGCTATAAAGTGGTCTTT,1888,1,None,None
TTGCCGTCAAATCCGT-1,False,TTGCCGTCAAATCCGT-1_contig_3,True,390,TRA,TRAV6-6,None,TRAJ24,TRAC,True,False,None,None,344,1,None,None
TTGCCGTCAAATCCGT-1,False,TTGCCGTCAAATCCGT-1_contig_4,True,380,TRA,TRAV9D-2,None,TRAJ26,TRAC,True,False,CVLSRGNNYAQGLTF,TGTGTTCTGAGCAGGGGCAATAACTATGCCCAGGGATTAACCTTC,2128,1,None,None
TTGCCGTCAAGACGTG-1,False,TTGCCGTCAAGACGTG-1_contig_1,False,324,TRB,None,None,TRBJ1-2,TRBC1,False,False,None,None,2978,1,None,None
TTGCCGTCAATGTAAG-1,False,TTGCCGTCAATGTAAG-1_contig_1,False,552,TRA,TRAV6D-5,None,TRAJ38,TRAC,True,False,CTTVFWDNVGDNSKLIW,TGTACTACTGTGTTCTGGGATAATGTTGGTGACAACAGTAAGCTGATTTGG,2456,1,None,None
TTGCCGTCACATGGGA-1,False,TTGCCGTCACATGGGA-1_contig_1,False,516,TRA,TRAV19,None,TRAJ39,TRAC,True,True,CAAGGNNAGAKLTF,TGCGCAGCAGGTGGGAATAATGCAGGTGCCAAGCTCACATTC,1140,1,None,None
TTGCCGTCATTAGGCT-1,False,TTGCCGTCATTAGGCT-1_contig_1,False,512,TRB,TRBV13-1,None,TRBJ2-4,None,True,True,CASSEGTNTLYF,TGTGCCAGCAGTGAAGGAACAAACACCTTGTACTTT,1002,1,None,None
TTGCCGTGTACGAAAT-1,False,TTGCCGTGTACGAAAT-1_contig_1,False,565,TRB,TRBV12-2+TRBV13-2,None,TRBJ2-1,None,True,True,CASGGYAEQFF,TGTGCCAGCGGGGGCTATGCTGAGCAGTTCTTC,1788,1,None,None
TTGCCGTGTGTATGGG-1,False,TTGCCGTGTGTATGGG-1_contig_1,False,648,TRB,None,None,TRBJ2-7,None,False,False,None,None,994,1,None,None
TTGCCGTGTGTGCCTG-1,False,TTGCCGTGTGTGCCTG-1_contig_1,False,549,TRB,TRBV16,None,TRBJ2-5,None,True,True,CASSLGGGQDTQYF,TGTGCAAGCAGCTTAGGGGGGGGGCAAGACACCCAGTACTTT,1056,1,None,None
TTGCCGTGTGTGCCTG-1,False,TTGCCGTGTGTGCCTG-1_contig_2,False,748,TRA,TRAV16D-DV11,None,TRAJ26,TRAC,True,False,CAMREENNYAQGLTF,TGTGCTATGAGAGAGGAAAATAACTATGCCCAGGGATTAACCTTC,922,1,None,None
TTGCCGTGTTACGTCA-1,False,TTGCCGTGTTACGTCA-1_contig_1,False,434,TRB,None,None,TRBJ2-7,None,False,False,None,None,1006,1,None,None
TTGCCGTGTTCCGGCA-1,False,TTGCCGTGTTCCGGCA-1_contig_1,False,622,TRB,TRBV12-2+TRBV13-2,None,TRBJ2-4,None,True,True,CASGTGDTLYF,TGTGCCAGCGGTACGGGCGACACCTTGTACTTT,876,1,None,None
TTGCCGTTCCACTGGG-1,False,TTGCCGTTCCACTGGG-1_contig_1,False,475,TRB,TRBV13-1,None,TRBJ1-2,TRBC1,True,False,None,None,152,1,None,None
TTGCCGTTCGCGCCAA-1,False,TTGCCGTTCGCGCCAA-1_contig_1,False,505,TRB,TRBV13-1,None,TRBJ2-3,None,True,True,CASGDSAETLYF,TGTGCCAGCGGGGACAGTGCAGAAACGCTGTATTTT,492,1,None,None
TTGCCGTTCTTGCCGT-1,False,TTGCCGTTCTTGCCGT-1_contig_1,False,525,TRB,TRBV17,None,TRBJ2-5,None,True,True,CASSRKGSQDTQYF,TGTGCTAGCAGTAGAAAGGGTTCTCAAGACACCCAGTACTTT,326,1,None,None
TTGCGTCAGAGACTAT-1,False,TTGCGTCAGAGACTAT-1_contig_1,False,365,TRB,TRBV13-2,None,TRBJ1-2,TRBC1,True,False,CASGGGTGNSDYTF,TGTGCCAGCGGTGGGGGGACAGGGAACTCCGACTACACCTTC,1794,1,None,None
TTGCGTCAGAGTACCG-1,False,TTGCGTCAGAGTACCG-1_contig_1,False,570,TRA,TRAV14N-3,None,TRAJ6,TRAC,True,True,CAARTSGGNYKPTF,TGTGCAGCAAGAACCTCAGGAGGAAACTACAAACCTACGTTT,1438,1,None,None
TTGCGTCAGATTACCC-1,False,TTGCGTCAGATTACCC-1_contig_1,False,519,TRA,TRAV6-6,None,TRAJ24,TRAC,True,True,CAPLTTASLGKLQF,TGTGCTCCGTTGACAACTGCCAGTTTGGGGAAACTGCAGTTT,2136,1,None,None
TTGCGTCAGTTTCCTT-1,False,TTGCGTCAGTTTCCTT-1_contig_1,False,505,TRB,TRBV13-1,None,TRBJ2-3,None,True,True,CASGDSAETLYF,TGTGCCAGCGGGGACAGTGCAGAAACGCTGTATTTT,1074,1,None,None
TTGCGTCCAATCACAC-1,False,TTGCGTCCAATCACAC-1_contig_1,False,510,TRA,TRAV6-5,None,TRAJ45,TRAC,True,True,CALIHTEGADRLTF,TGTGCTCTGATCCATACAGAAGGTGCAGATAGACTCACCTTT,974,1,None,None
TTGCGTCCACCGGAAA-1,False,TTGCGTCCACCGGAAA-1_contig_1,False,558,TRB,TRBV12-2+TRBV13-2,None,TRBJ2-7,None,True,True,CASGVQGEQYF,TGTGCCAGCGGTGTTCAGGGAGAACAGTACTTC,1644,1,None,None
TTGCGTCCAGACTCGC-1,False,TTGCGTCCAGACTCGC-1_contig_1,False,505,TRB,TRBV13-1,None,TRBJ2-3,None,True,True,CASGDSAETLYF,TGTGCCAGCGGGGACAGTGCAGAAACGCTGTATTTT,750,1,None,None
TTGCGTCCAGGCTGAA-1,False,TTGCGTCCAGGCTGAA-1_contig_1,False,549,TRB,TRBV16,None,TRBJ2-5,None,True,True,CASSLGGGQDTQYF,TGTGCAAGCAGCTTAGGGGGGGGCCAAGACACCCAGTACTTT,274,1,None,None
TTGCGTCCAGTGGGAT-1,False,TTGCGTCCAGTGGGAT-1_contig_1,False,457,TRB,TRBV12-2+TRBV13-2,None,TRBJ2-7,None,True,False,CASGVQGGEQYF,TGTGCCAGCGGTGTGCAGGGGGGAGAACAGTACTTC,148,1,None,None
TTGCGTCGTAAATGAC-1,False,TTGCGTCGTAAATGAC-1_contig_1,False,563,TRB,TRBV12-2+TRBV13-2,None,TRBJ2-1,None,True,True,CASGTGDYAEQFF,TGTGCCAGCGGGACTGGGGACTATGCTGAGCAGTTCTTC,774,1,None,None
TTGCGTCGTCTGATCA-1,False,TTGCGTCGTCTGATCA-1_contig_1,False,549,TRB,TRBV16,None,TRBJ2-5,None,True,True,CASSLGGGQDTQYF,TGTGCAAGCAGCTTAGGGGGGGGCCAAGACACCCAGTACTTT,662,1,None,None
TTGCGTCGTTCCGTCT-1,False,TTGCGTCGTTCCGTCT-1_contig_1,False,565,TRB,TRBV12-2+TRBV13-2,None,TRBJ1-5,TRBC1,True,True,CASGTGDNQAPLF,TGTGCCAGCGGAACAGGGGACAACCAGGCTCCGCTTTTT,844,1,None,None
TTGCGTCGTTCGAATC-1,False,TTGCGTCGTTCGAATC-1_contig_1,False,300,TRB,None,None,TRBJ2-5,None,False,False,None,None,486,1,None,None
TTGCGTCGTTTGTTTC-1,False,TTGCGTCGTTTGTTTC-1_contig_1,False,555,TRA,TRAV4-3,None,TRAJ27,TRAC,True,True,CAAANTNTGKLTF,TGTGCTGCTGCTAACACCAATACAGGCAAATTAACCTTT,1134,2,None,None
TTGCGTCTCAAGAAGT-1,False,TTGCGTCTCAAGAAGT-1_contig_1,False,532,TRA,TRAV13-4-DV7,None,TRAJ58,TRAC,True,True,CAPMQQGTGSKLSF,TGTGCTCCTATGCAGCAAGGCACTGGGTCTAAGCTGTCATTT,1352,1,None,None
TTGCGTCTCCTCAATT-1,False,TTGCGTCTCCTCAATT-1_contig_1,False,512,TRB,TRBV13-1,None,TRBJ2-1,None,True,True,CASSAGDYAEQFF,TGTGCCAGCAGTGCTGGGGACTATGCTGAGCAGTTCTTC,428,1,None,None
TTGCGTCTCTCAACTT-1,False,TTGCGTCTCTCAACTT-1_contig_1,False,512,TRB,TRBV13-1,None,TRBJ2-3,None,True,True,CASGDSAETLYF,TGTGCCAGCGGGGACAGTGCAGAAACGCTGTATTTT,2276,1,None,None
TTGGAACAGAAGGACA-1,False,TTGGAACAGAAGGACA-1_contig_1,False,528,TRB,TRBV15,None,TRBJ2-4,None,True,False,CASSLST,TGTGCCAGCAGTTTGTCGACT,1770,1,None,None
TTGGAACAGACGCACA-1,False,TTGGAACAGACGCACA-1_contig_1,False,518,TRB,TRBV26,None,TRBJ2-1,None,True,True,CASSLHKFYAEQFF,TGTGCCAGCAGTCTGCACAAATTCTATGCTGAGCAGTTCTTC,2268,1,None,None
TTGGAACAGAGCCTAG-1,False,TTGGAACAGAGCCTAG-1_contig_1,False,525,TRB,TRBV17,None,TRBJ2-5,None,True,True,CASSRKGSQDTQYF,TGTGCTAGCAGTAGAAAGGGTTCTCAAGACACCCAGTACTTT,1898,1,None,None
TTGGAACAGCCGCCTA-1,False,TTGGAACAGCCGCCTA-1_contig_1,False,537,TRA,TRAV3-3,None,TRAJ49,TRAC,True,True,CAVSGSTGYQNFYF,TGCGCAGTCAGTGGGAGCACGGGTTACCAGAACTTCTATTTT,286,3,None,None
TTGGAACAGCTAAACA-1,False,TTGGAACAGCTAAACA-1_contig_1,False,549,TRB,TRBV16,None,TRBJ2-5,None,True,True,CASSLGGGQDTQYF,TGTGCAAGCAGCTTAGGGGGGGGCCAAGACACCCAGTACTTT,1222,2,None,None
TTGGAACAGCTACCTA-1,False,TTGGAACAGCTACCTA-1_contig_1,False,567,TRB,TRBV13-2,None,TRBJ1-5,TRBC1,True,True,CASGTGDNQAPLF,TGTGCCAGCGGGACAGGGGACAACCAGGCTCCGCTTTTT,1442,1,None,None
TTGGAACAGTGCGTGA-1,False,TTGGAACAGTGCGTGA-1_contig_1,False,567,TRB,TRBV12-2+TRBV13-2,None,TRBJ1-2,TRBC1,True,True,CASGGGTGNSDYTF,TGTGCCAGCGGTGGGGGGACAGGGAACTCCGACTACACCTTC,1526,1,None,None
TTGGAACCAATAAGCA-1,False,TTGGAACCAATAAGCA-1_contig_1,False,307,TRB,None,None,TRBJ1-6,TRBC1,False,False,None,None,970,1,None,None
TTGGAACCATCACGAT-1,False,TTGGAACCATCACGAT-1_contig_1,False,549,TRB,TRBV16,None,TRBJ2-7,None,True,True,CASSFGGGADEQYF,TGTGCAAGCAGCTTTGGTGGGGGGGCGGATGAACAGTACTTC,2662,1,None,None
TTGGAACGTAAGTGTA-1,False,TTGGAACGTAAGTGTA-1_contig_1,False,562,TRB,TRBV12-2+TRBV13-2,None,TRBJ2-5,None,True,True,CASGVQGDTQYF,TGTGCCAGCGGTGTTCAGGGGGACACCCAGTACTTT,1632,2,None,None
TTGGAACGTACAGACG-1,False,TTGGAACGTACAGACG-1_contig_1,False,558,TRB,TRBV12-2+TRBV13-2,None,TRBJ2-7,None,True,True,CASGVQGEQYF,TGTGCCAGCGGTGTTCAGGGAGAACAGTACTTC,1196,1,None,None
TTGGAACGTAGGGTAC-1,False,TTGGAACGTAGGGTAC-1_contig_1,False,333,TRB,None,None,TRBJ2-1,None,False,False,None,None,2932,1,None,None
TTGGAACGTAGGGTAC-1,False,TTGGAACGTAGGGTAC-1_contig_2,False,431,TRB,None,None,TRBJ2-1,None,False,False,None,None,2956,1,None,None
TTGGAACGTGTGGTTT-1,False,TTGGAACGTGTGGTTT-1_contig_1,False,517,TRB,TRBV14,None,TRBJ2-7,None,True,True,CASSAGQNYEQYF,TGTGCCAGCAGTGCGGGACAAAACTATGAACAGTACTTC,1644,2,None,None
TTGGAACGTTAAAGTG-1,False,TTGGAACGTTAAAGTG-1_contig_1,False,557,TRB,TRBV12-2+TRBV13-2,None,TRBJ2-7,None,True,True,CASGTGGDYEQYF,TGTGCCAGCGGGACTGGGGGGGACTATGAACAGTACTTC,480,1,None,None
TTGGAACGTTATGTGC-1,False,TTGGAACGTTATGTGC-1_contig_1,False,357,TRB,None,None,TRBJ2-1,None,False,False,None,None,2378,1,None,None
TTGGAACTCGCTGATA-1,False,TTGGAACTCGCTGATA-1_contig_1,False,523,TRA,TRAV13D-2,None,TRAJ11,TRAC,True,True,CAIDLDSGYNKLTF,TGTGCTATAGATCTTGACTCGGGATACAACAAACTCACTTTT,1986,1,None,None
TTGGAACTCTGGTATG-1,False,TTGGAACTCTGGTATG-1_contig_1,False,563,TRB,TRBV12-2+TRBV13-2,None,TRBJ2-7,None,True,True,CASGTGGDYEQYF,TGTGCCAGCGGGACTGGGGGGGACTATGAACAGTACTTC,1326,1,None,None
TTGGCAAAGACGCACA-1,False,TTGGCAAAGACGCACA-1_contig_1,False,502,TRB,TRBV13-1,None,TRBJ2-7,None,True,True,CASSDPGQGYF,TGTGCCAGCAGTGATCCGGGACAGGGTTACTTC,6362,5,None,None
TTGGCAAAGACGCACA-1,False,TTGGCAAAGACGCACA-1_contig_2,False,543,TRA,TRAV16N,None,TRAJ22,TRAC,True,True,CAMREGGSSGSWQLIF,TGTGCTATGAGAGAGGGAGGATCTTCTGGCAGCTGGCAACTCATCTTT,4132,5,None,None
TTGGCAAAGACGCACA-1,False,TTGGCAAAGACGCACA-1_contig_3,False,525,TRB,TRBV17,None,TRBJ2-5,None,True,True,CASSRKGAQDTQYF,TGTGCTAGCAGTAGGAAGGGGGCGCAAGACACCCAGTACTTT,13400,9,None,None
TTGGCAAAGACGCACA-1,False,TTGGCAAAGACGCACA-1_contig_4,False,568,TRB,TRBV20,None,TRBJ1-6,TRBC1,True,True,CADRSYNSPLYF,TGTGCCGACAGGTCCTATAATTCGCCCCTCTACTTT,10574,5,None,None
TTGGCAAAGTTACGGG-1,False,TTGGCAAAGTTACGGG-1_contig_1,False,593,TRA,TRAV19,None,TRAJ39,TRAC,True,True,CAAGGNNAGAKLTF,TGCGCAGCAGGTGGGAATAATGCAGGTGCCAAGCTCACATTC,3128,1,None,None
TTGGCAACACAGAGGT-1,False,TTGGCAACACAGAGGT-1_contig_1,False,562,TRA,TRAV4D-3,None,TRAJ27,TRAC,True,True,CAADGPNTGKLTF,TGTGCTGCGGACGGACCCAATACAGGCAAATTAACCTTT,1066,1,None,None
TTGGCAACACGCCAGT-1,False,TTGGCAACACGCCAGT-1_contig_1,False,555,TRA,TRAV3-3,None,TRAJ49,TRAC,True,True,CAVSGSTGYQNFYF,TGCGCAGTCAGTGGGAGCACGGGTTACCAGAACTTCTATTTT,1146,1,None,None
TTGGCAACAGGAACGT-1,False,TTGGCAACAGGAACGT-1_contig_1,False,520,TRA,TRAV7D-2,None,TRAJ31,TRAC,True,True,CAASIEDSNNRIFF,TGTGCAGCAAGCATAGAGGATAGCAATAACAGAATCTTCTTT,2864,2,None,None
TTGGCAACATCCGTGG-1,False,TTGGCAACATCCGTGG-1_contig_1,False,476,TRB,None,None,TRBJ1-2,TRBC1,False,False,None,None,2136,1,None,None
TTGGCAAGTAAGTTCC-1,False,TTGGCAAGTAAGTTCC-1_contig_1,False,558,TRB,TRBV12-2+TRBV13-2,None,TRBJ2-7,None,True,True,CASGVQGEQYF,TGTGCCAGCGGTGTTCAGGGAGAACAGTACTTC,1908,1,None,None
TTGGCAAGTACCTACA-1,False,TTGGCAAGTACCTACA-1_contig_1,False,525,TRB,TRBV17,None,TRBJ2-5,None,True,True,CASSRKGAQDTQYF,TGTGCTAGCAGTAGGAAGGGGGCGCAAGACACCCAGTACTTT,4776,2,None,None
TTGGCAAGTCTGATTG-1,False,TTGGCAAGTCTGATTG-1_contig_1,False,522,TRB,TRBV12-2+TRBV13-2,None,TRBJ1-2,TRBC1,True,False,CASGGGTGNSDYTF,TGTGCCAGCGGTGGGGGGACAGGGAACTCCGACTACACCTTC,1360,1,None,None
TTGGCAAGTTAAGACA-1,False,TTGGCAAGTTAAGACA-1_contig_1,False,561,TRB,TRBV12-2+TRBV13-2,None,TRBJ2-7,None,True,True,CASGVQGWEQYF,TGTGCCAGCGGTGTACAGGGGTGGGAACAGTACTTC,1756,1,None,None
TTGGCAAGTTAGGGTG-1,False,TTGGCAAGTTAGGGTG-1_contig_1,False,515,TRB,TRBV13-1,None,TRBJ2-4,None,True,True,CASSEGTNTLYF,TGTGCCAGCAGTGAAGGAACAAACACCTTGTACTTT,258,1,None,None
TTGGCAATCAAAGACA-1,False,TTGGCAATCAAAGACA-1_contig_1,False,555,TRA,TRAV3-3,None,TRAJ49,TRAC,True,True,CAVSGSTGYQNFYF,TGCGCAGTCAGTGGGAGCACGGGTTACCAGAACTTCTATTTT,1640,1,None,None
TTGGCAATCACTATTC-1,False,TTGGCAATCACTATTC-1_contig_1,False,521,TRA,TRAV8-1,None,TRAJ30,TRAC,True,True,CATDTNAYKVIF,TGTGCTACTGACACAAATGCTTACAAAGTCATCTTT,3488,2,None,None
TTGGCAATCAGTACGT-1,False,TTGGCAATCAGTACGT-1_contig_1,False,482,TRB,TRBV16,None,TRBJ2-7,None,True,False,CASSFGGGADEQYF,TGTGCAAGCAGCTTTGGTGGGGGGGCGGATGAACAGTACTTC,826,1,None,None
TTGGCAATCCTTGACC-1,False,TTGGCAATCCTTGACC-1_contig_1,False,556,TRB,TRBV12-2+TRBV13-2,None,TRBJ2-7,None,True,True,CASGVQGGEQYF,TGTGCCAGCGGTGTGCAGGGGGGAGAACAGTACTTC,1380,1,None,None
TTGGCAATCTTGTATC-1,False,TTGGCAATCTTGTATC-1_contig_1,False,589,TRA,TRAV13D-2,None,TRAJ11,TRAC,True,True,CAIDLDSGYNKLTF,TGTGCTATAGATCTTGACTCGGGATACAACAAACTCACTTTT,1156,1,None,None
TTGTAGGAGAAACCAT-1,False,TTGTAGGAGAAACCAT-1_contig_1,False,520,TRB,TRBV13-2,None,TRBJ2-7,None,True,True,CASGVQGWEQYF,TGTGCCAGCGGTGTACAGGGGTGGGAACAGTACTTC,1728,1,None,None
TTGTAGGAGAACTGTA-1,False,TTGTAGGAGAACTGTA-1_contig_1,False,304,TRB,None,None,TRBJ2-7,None,False,False,None,None,2668,1,None,None
TTGTAGGAGCACAGGT-1,False,TTGTAGGAGCACAGGT-1_contig_1,False,505,TRB,TRBV13-1,None,TRBJ2-3,None,True,True,CASGDSAETLYF,TGTGCCAGCGGGGACAGTGCAGAAACGCTGTATTTT,3762,2,None,None
TTGTAGGAGCTCCTTC-1,False,TTGTAGGAGCTCCTTC-1_contig_1,False,575,TRA,TRAV3D-3,None,TRAJ28,TRAC,True,False,CTSAQSVRGTGSNRLTF,TGTACTTCTGCGCAGTCAGTGAGGGGCACTGGGAGTAACAGGCTCACTTTT,1510,1,None,None
TTGTAGGAGGCACATG-1,False,TTGTAGGAGGCACATG-1_contig_1,False,562,TRB,TRBV12-2+TRBV13-2,None,TRBJ2-1,None,True,True,CASEAAYAEQFF,TGTGCCAGCGAAGCAGCCTATGCTGAGCAGTTCTTC,1274,1,None,None
TTGTAGGCAAGCGAGT-1,False,TTGTAGGCAAGCGAGT-1_contig_1,False,544,TRA,TRAV16N,None,TRAJ28,TRAC,True,False,None,None,494,1,None,None
TTGTAGGCACGACTCG-1,False,TTGTAGGCACGACTCG-1_contig_1,False,629,TRB,TRBV12-2+TRBV13-2,None,TRBJ1-5,TRBC1,True,True,CASGTGDNQAPLF,TGTGCCAGCGGTACAGGAGACAACCAGGCTCCGCTTTTT,1882,1,None,None
TTGTAGGCACTTAACG-1,False,TTGTAGGCACTTAACG-1_contig_1,False,503,TRB,TRBV13-1,None,TRBJ2-4,None,True,True,CASSEGTNTLYF,TGTGCCAGCAGTGAAGGAACAAACACCTTGTACTTT,1764,2,None,None
TTGTAGGCACTTAACG-1,False,TTGTAGGCACTTAACG-1_contig_2,False,549,TRA,TRAV8N-2,None,TRAJ13,TRAC,True,True,CATEDSGTYQRF,TGTGCTACTGAGGATTCTGGGACTTACCAGAGGTTT,2326,1,None,None
TTGTAGGCAGTTAACC-1,False,TTGTAGGCAGTTAACC-1_contig_1,False,559,TRB,TRBV12-2+TRBV13-2,None,TRBJ2-7,None,True,True,CASGVQGEQYF,TGTGCCAGCGGTGTTCAGGGAGAACAGTACTTC,1436,1,None,None
TTGTAGGCATGGTTGT-1,False,TTGTAGGCATGGTTGT-1_contig_1,False,509,TRB,TRBV13-1,None,TRBJ2-5,None,True,True,CASSDGDDTQYF,TGTGCCAGCAGTGACGGGGACGACACCCAGTACTTT,1130,1,None,None
TTGTAGGCATTAGCCA-1,False,TTGTAGGCATTAGCCA-1_contig_1,False,596,TRB,TRBV12-2+TRBV13-2,None,TRBJ1-2,TRBC1,True,True,CASGGGTGNSDYTF,TGTGCCAGCGGTGGGGGGACAGGGAACTCCGACTACACCTTC,1502,1,None,None
TTGTAGGGTAAGTTCC-1,False,TTGTAGGGTAAGTTCC-1_contig_1,False,555,TRA,TRAV3-3,None,TRAJ49,TRAC,True,True,CAVSGSTGYQNFYF,TGCGCAGTCAGTGGGAGCACGGGTTACCAGAACTTCTATTTT,2204,1,None,None
TTGTAGGGTACCATCA-1,False,TTGTAGGGTACCATCA-1_contig_1,False,517,TRA,TRAV13D-2,None,TRAJ11,TRAC,True,True,CAIDLDSGYNKLTF,TGTGCTATAGATCTTGACTCGGGATACAACAAACTCACTTTT,2268,1,None,None
TTGTAGGGTATAGTAG-1,False,TTGTAGGGTATAGTAG-1_contig_1,False,505,TRB,TRBV13-1,None,TRBJ2-3,None,True,True,CASGDSAETLYF,TGTGCCAGCGGGGACAGTGCAGAAACGCTGTATTTT,1562,1,None,None
TTGTAGGGTCCGAACC-1,False,TTGTAGGGTCCGAACC-1_contig_1,False,549,TRB,TRBV16,None,TRBJ2-5,None,True,True,CASSLGGGQDTQYF,TGTGCAAGCAGCTTAGGGGGGGGCCAAGACACCCAGTACTTT,898,1,None,None
TTGTAGGGTCTTCAAG-1,False,TTGTAGGGTCTTCAAG-1_contig_1,False,500,TRA,TRAV21-DV12,None,TRAJ42,TRAC,True,True,CILRVHGGSNAKLTF,TGTATCCTGAGAGTCCATGGAGGAAGCAATGCAAAGCTAACCTTC,1292,1,None,None
TTGTAGGTCACTCCTG-1,False,TTGTAGGTCACTCCTG-1_contig_1,False,544,TRB,TRBV12-2+TRBV13-2,None,TRBJ2-7,None,True,True,CASGAGGDYEQYF,TGTGCCAGCGGTGCTGGGGGGGACTATGAACAGTACTTC,1854,2,None,None
TTGTAGGTCCACGACG-1,False,TTGTAGGTCCACGACG-1_contig_1,False,509,TRB,TRBV13-1,None,TRBJ2-3,None,True,True,CASGDSAETLYF,TGTGCCAGCGGGGACAGTGCAGAAACGCTGTATTTT,376,1,None,None
TTGTAGGTCCACGACG-1,False,TTGTAGGTCCACGACG-1_contig_2,False,564,TRB,TRBV12-2+TRBV13-2,None,TRBJ2-7,None,True,True,CASGAGGDYEQYF,TGTGCCAGCGGTGCTGGGGGGGACTATGAACAGTACTTC,764,1,None,None
TTGTAGGTCCGTTGTC-1,False,TTGTAGGTCCGTTGTC-1_contig_1,False,564,TRB,TRBV12-2+TRBV13-2,None,TRBJ1-5,TRBC1,True,True,CASGTGDNQAPLF,TGTGCCAGCGGGACAGGGGACAACCAGGCTCCGCTTTTT,1548,1,None,None
TTTACTGAGCGTCTAT-1,False,TTTACTGAGCGTCTAT-1_contig_1,False,568,TRA,TRAV3-4,None,TRAJ48,TRAC,True,False,CTSAQGSNYGNEKITF,TGTACTTCTGCGCAGGGCTCCAACTATGGAAATGAGAAAATAACTTTT,1368,1,None,None
TTTACTGAGGTGCACA-1,False,TTTACTGAGGTGCACA-1_contig_1,False,552,TRB,TRBV16,None,TRBJ2-4,None,True,True,CASSSPWGGQNTLYF,TGTGCAAGCAGCTCCCCCTGGGGGGGTCAAAACACCTTGTACTTT,488,1,None,None
TTTACTGAGGTGCACA-1,False,TTTACTGAGGTGCACA-1_contig_2,False,594,TRA,TRAV12D-2,None,TRAJ24,TRAC,True,True,CAFPASLGKLQF,TGTGCTTTTCCTGCCAGTTTGGGGAAACTGCAGTTT,1630,1,None,None
TTTACTGAGTCAATAG-1,False,TTTACTGAGTCAATAG-1_contig_1,False,649,TRB,TRBV13-2,None,TRBJ1-2,TRBC1,True,True,CASGGGTGNSDYTF,TGTGCCAGCGGTGGGGGGACAGGGAACTCCGACTACACCTTC,1050,1,None,None
TTTACTGCACACAGAG-1,False,TTTACTGCACACAGAG-1_contig_1,False,541,TRA,TRAV10,None,TRAJ43,TRAC,True,True,CAAFNNNNAPRF,TGTGCAGCATTCAATAACAACAATGCCCCACGATTT,902,1,None,None
TTTACTGCAGACGCTC-1,False,TTTACTGCAGACGCTC-1_contig_1,False,625,TRA,TRAV4D-3,None,TRAJ17,TRAC,True,True,CAAPNSAGNKLTF,TGTGCTGCCCCCAACAGTGCAGGGAACAAGCTAACTTTT,1944,1,None,None
TTTACTGCATCATCCC-1,False,TTTACTGCATCATCCC-1_contig_1,False,569,TRB,TRBV12-2+TRBV13-2,None,TRBJ1-2,TRBC1,True,True,CASGGGTGNSDYTF,TGTGCCAGCGGTGGGGGGACAGGGAACTCCGACTACACCTTC,1218,1,None,None
TTTACTGCATCTATGG-1,False,TTTACTGCATCTATGG-1_contig_1,False,556,TRA,TRAV19,None,TRAJ39,TRAC,True,True,CAAGGNNAGAKLTF,TGCGCAGCAGGTGGGAATAATGCAGGTGCCAAGCTCACATTC,2386,1,None,None
TTTACTGGTACCAGTT-1,False,TTTACTGGTACCAGTT-1_contig_1,False,549,TRB,TRBV16,None,TRBJ2-5,None,True,True,CASSLGGGQDTQYF,TGTGCAAGCAGCTTAGGGGGGGGCCAAGACACCCAGTACTTT,144,1,None,None
TTTACTGGTACCAGTT-1,False,TTTACTGGTACCAGTT-1_contig_2,False,566,TRB,TRBV12-2+TRBV13-2,None,TRBJ1-5,TRBC1,True,True,CASGTGDNQAPLF,TGTGCCAGCGGTACAGGAGACAACCAGGCTCCGCTTTTT,1256,1,None,None
TTTACTGGTATTAGCC-1,False,TTTACTGGTATTAGCC-1_contig_1,False,549,TRB,TRBV16,None,TRBJ2-5,None,True,True,CASSWGGGQDTQYF,TGTGCAAGCAGCTGGGGGGGCGGGCAAGACACCCAGTACTTT,624,1,None,None
TTTACTGGTCACCTAA-1,False,TTTACTGGTCACCTAA-1_contig_1,False,551,TRB,TRBV12-2+TRBV13-2,None,TRBJ2-7,None,True,True,CASGTGDEQYF,TGTGCCAGCGGGACAGGGGATGAACAGTACTTC,462,1,None,None
TTTACTGGTCCATGAT-1,False,TTTACTGGTCCATGAT-1_contig_1,False,549,TRB,TRBV16,None,TRBJ2-5,None,True,True,CASSLGGGQDTQYF,TGTGCAAGCAGCTTAGGGGGGGGCCAAGACACCCAGTACTTT,1048,1,None,None
TTTACTGGTCCATGAT-1,False,TTTACTGGTCCATGAT-1_contig_2,False,518,TRA,TRAV8-1,None,TRAJ30,TRAC,True,True,CATDTNAYKVIF,TGTGCTACTGACACAAATGCTTACAAAGTCATCTTT,1832,1,None,None
TTTACTGGTCTTGATG-1,False,TTTACTGGTCTTGATG-1_contig_1,False,549,TRB,TRBV16,None,TRBJ2-5,None,True,True,CASSLGGGQDTQYF,TGTGCAAGCAGCTTAGGGGGGGGCCAAGACACCCAGTACTTT,760,1,None,None
TTTACTGGTGCGATAG-1,False,TTTACTGGTGCGATAG-1_contig_1,False,567,TRB,TRBV12-2+TRBV13-2,None,TRBJ1-2,TRBC1,True,True,CASGGGTGNSDYTF,TGTGCCAGCGGTGGGGGGACAGGGAACTCCGACTACACCTTC,1078,1,None,None
TTTACTGGTGTGACCC-1,False,TTTACTGGTGTGACCC-1_contig_1,False,667,TRA,TRAV9-4,None,TRAJ45,TRAC,True,True,CAVSGGADRLTF,TGTGCTGTGAGCGGAGGTGCAGATAGACTCACCTTT,1180,1,None,None
TTTACTGGTTGGGACA-1,False,TTTACTGGTTGGGACA-1_contig_1,False,560,TRA,TRAV4D-3,None,TRAJ27,TRAC,True,True,CAADGPNTGKLTF,TGTGCTGCGGACGGACCCAATACAGGCAAATTAACCTTT,1974,1,None,None
TTTACTGTCGGATGGA-1,False,TTTACTGTCGGATGGA-1_contig_1,False,565,TRB,TRBV12-2+TRBV13-2,None,TRBJ2-7,None,True,True,CASGGQGEQYF,TGTGCCAGCGGGGGACAGGGTGAACAGTACTTC,1622,1,None,None
TTTACTGTCTCCAGGG-1,False,TTTACTGTCTCCAGGG-1_contig_1,False,558,TRA,TRAV19,None,TRAJ39,TRAC,True,True,CAAGGNNAGAKLTF,TGCGCAGCAGGTGGGAATAATGCAGGTGCCAAGCTCACATTC,2034,2,None,None
TTTACTGTCTGTCCGT-1,False,TTTACTGTCTGTCCGT-1_contig_1,False,570,TRA,TRAV4D-3,None,TRAJ27,TRAC,True,True,CAADGPNTGKLTF,TGTGCTGCGGACGGACCCAATACAGGCAAATTAACCTTT,1602,1,None,None
TTTACTGTCTTTAGTC-1,False,TTTACTGTCTTTAGTC-1_contig_1,False,521,TRB,TRBV26,None,TRBJ2-1,None,True,True,CASSLHKFYAEQFF,TGTGCCAGCAGTCTGCACAAATTCTATGCTGAGCAGTTCTTC,1876,1,None,None
TTTATGCAGAGACTAT-1,False,TTTATGCAGAGACTAT-1_contig_1,False,352,TRB,TRBV13-1,None,TRBJ2-1,None,True,False,CASTGGDYAEQFF,TGTGCCAGCACCGGGGGGGACTATGCTGAGCAGTTCTTC,1104,1,None,None
TTTATGCAGAGACTAT-1,False,TTTATGCAGAGACTAT-1_contig_2,False,329,TRB,None,None,TRBJ2-7,None,False,False,None,None,878,1,None,None
TTTATGCAGCACCGTC-1,False,TTTATGCAGCACCGTC-1_contig_1,False,326,TRB,None,None,TRBJ2-1,None,False,False,None,None,3568,1,None,None
TTTATGCAGGCATGTG-1,False,TTTATGCAGGCATGTG-1_contig_1,False,549,TRB,TRBV16,None,TRBJ2-5,None,True,True,CASSFGGAPDTQYF,TGTGCAAGCAGCTTTGGGGGGGCGCCAGACACCCAGTACTTT,7674,7,None,None
TTTATGCAGGCATGTG-1,False,TTTATGCAGGCATGTG-1_contig_2,False,512,TRB,TRBV13-1,None,TRBJ2-4,None,True,True,CASSEGTNTLYF,TGTGCCAGCAGTGAAGGAACAAACACCTTGTACTTT,21036,17,None,None
TTTATGCAGGCATGTG-1,False,TTTATGCAGGCATGTG-1_contig_3,False,561,TRA,TRAV4D-4,None,TRAJ45,TRAC,True,True,CAAYTEGADRLTF,TGTGCTGCCTATACAGAAGGTGCAGATAGACTCACCTTT,13260,10,None,None
TTTATGCAGGCATGTG-1,False,TTTATGCAGGCATGTG-1_contig_4,True,373,TRB,None,None,TRBJ2-1,None,False,False,None,None,6392,3,None,None
TTTATGCAGGCATGTG-1,False,TTTATGCAGGCATGTG-1_contig_5,True,550,TRA,TRAV13N-1,None,TRAJ12,TRAC,True,False,None,None,4878,7,None,None
TTTATGCAGTGAACAT-1,False,TTTATGCAGTGAACAT-1_contig_1,False,534,TRB,TRBV13-1,None,TRBJ2-3,None,True,False,CASGDSAETLYF,TGTGCCAGCGGGGACAGTGCAGAAACGCTGTATTTT,1058,1,None,None
TTTATGCAGTGGACGT-1,False,TTTATGCAGTGGACGT-1_contig_1,False,401,TRA,TRAV9D-2,None,TRAJ26,TRAC,True,False,CVLSRGNNYAQGLTF,TGTGTTCTGAGCAGGGGCAATAACTATGCCCAGGGATTAACCTTC,2422,1,None,None
TTTATGCCACACAGAG-1,False,TTTATGCCACACAGAG-1_contig_1,False,336,TRB,None,None,TRBJ2-1,None,False,False,None,None,3084,1,None,None
TTTATGCCACCGAATT-1,False,TTTATGCCACCGAATT-1_contig_1,False,505,TRB,TRBV13-1,None,TRBJ2-3,None,True,True,CASGDSAETLYF,TGTGCCAGCGGGGACAGTGCAGAAACGCTGTATTTT,1004,1,None,None
TTTATGCCACTATCTT-1,False,TTTATGCCACTATCTT-1_contig_1,False,507,TRB,TRBV31,None,TRBJ2-4,None,True,True,CAWDNQNTLYF,TGTGCCTGGGACAATCAAAACACCTTGTACTTT,2016,1,None,None
TTTATGCCAGGTGCCT-1,False,TTTATGCCAGGTGCCT-1_contig_1,False,512,TRB,TRBV13-1,None,TRBJ2-4,None,True,True,CASSEGTNTLYF,TGTGCCAGCAGTGAAGGAACAAACACCTTGTACTTT,1686,1,None,None
TTTATGCGTAACGTTC-1,False,TTTATGCGTAACGTTC-1_contig_1,False,580,TRB,TRBV12-2+TRBV13-2,None,TRBJ1-2,TRBC1,True,True,CASGGGTGNSDYTF,TGTGCCAGCGGTGGGGGGACAGGGAACTCCGACTACACCTTC,1222,1,None,None
TTTATGCGTAATCGTC-1,False,TTTATGCGTAATCGTC-1_contig_1,False,581,TRB,TRBV12-2+TRBV13-2,None,TRBJ2-3,None,True,True,CASGDAPPGEGTLYF,TGTGCCAGCGGTGATGCACCTCCAGGGGAGGGAACGCTGTATTTT,14696,16,None,None
TTTATGCGTAATCGTC-1,False,TTTATGCGTAATCGTC-1_contig_2,False,558,TRA,TRAV19,None,TRAJ39,TRAC,True,True,CAAGGNNAGAKLTF,TGCGCAGCAGGTGGGAATAATGCAGGTGCCAAGCTCACATTC,9074,6,None,None
TTTATGCGTAATCGTC-1,False,TTTATGCGTAATCGTC-1_contig_3,False,512,TRB,TRBV13-1,None,TRBJ2-4,None,True,True,CASSEGTNTLYF,TGTGCCAGCAGTGAAGGAACAAACACCTTGTACTTT,5292,4,None,None
TTTATGCGTAATCGTC-1,False,TTTATGCGTAATCGTC-1_contig_4,False,588,TRA,TRAV7-4,None,TRAJ26,TRAC,True,True,CAASDYAQGLTF,TGTGCAGCTAGTGACTATGCCCAGGGATTAACCTTC,6488,7,None,None
TTTATGCGTAATCGTC-1,False,TTTATGCGTAATCGTC-1_contig_5,False,578,TRB,TRBV12-2+TRBV13-2,None,TRBJ1-2,TRBC1,True,True,CASGGGTGNSDYTF,TGTGCCAGCGGTGGGGGGACAGGGAACTCCGACTACACCTTC,15380,16,None,None
TTTATGCGTAATCGTC-1,False,TTTATGCGTAATCGTC-1_contig_6,False,531,TRA,TRAV13-2,None,TRAJ43,TRAC,True,True,CATLNNNNAPRF,TGTGCTACTCTCAATAACAACAATGCCCCACGATTT,14946,9,None,None
TTTATGCGTAATCGTC-1,False,TTTATGCGTAATCGTC-1_contig_7,False,357,TRB,None,None,TRBJ2-1,None,False,False,None,None,8198,5,None,None
TTTATGCGTAGCGCTC-1,False,TTTATGCGTAGCGCTC-1_contig_1,False,655,TRA,TRAV12D-3,None,TRAJ5,TRAC,True,True,CALGTQVVGQLTF,TGTGCTCTGGGGACACAGGTTGTGGGGCAGCTCACTTTC,12880,9,None,None
TTTATGCGTAGCGCTC-1,False,TTTATGCGTAGCGCTC-1_contig_2,False,566,TRB,TRBV12-2+TRBV13-2,None,TRBJ1-2,TRBC1,True,True,CASGGGTGNSDYTF,TGTGCCAGCGGTGGGGGGACAGGGAACTCCGACTACACCTTC,1422,1,None,None
TTTATGCGTAGCGCTC-1,False,TTTATGCGTAGCGCTC-1_contig_3,False,566,TRB,TRBV12-2+TRBV13-2,None,TRBJ2-5,None,True,True,CASGAGMEDTQYF,TGTGCCAGCGGTGCAGGGATGGAAGACACCCAGTACTTT,30778,27,None,None
TTTATGCGTAGCGCTC-1,False,TTTATGCGTAGCGCTC-1_contig_4,True,502,TRB,TRBV10,None,TRBJ2-5,None,True,False,None,None,4528,2,None,None
TTTATGCGTAGGGACT-1,False,TTTATGCGTAGGGACT-1_contig_1,False,505,TRB,TRBV13-1,None,TRBJ2-3,None,True,True,CASGDSAETLYF,TGTGCCAGCGGGGACAGTGCAGAAACGCTGTATTTT,1416,1,None,None
TTTATGCGTCCAACTA-1,False,TTTATGCGTCCAACTA-1_contig_1,False,526,TRB,TRBV12-2+TRBV13-2,None,TRBJ1-2,TRBC1,True,True,CASGGGTGNSDYTF,TGTGCCAGCGGTGGGGGGACAGGGAACTCCGACTACACCTTC,1770,1,None,None
TTTATGCGTGGCTCCA-1,False,TTTATGCGTGGCTCCA-1_contig_1,False,326,TRB,None,None,TRBJ2-1,None,False,False,None,None,3196,1,None,None
TTTATGCGTTCCTCCA-1,False,TTTATGCGTTCCTCCA-1_contig_1,False,505,TRB,TRBV13-1,None,TRBJ2-4,None,True,True,CASSEGTNTLYF,TGTGCCAGCAGTGAAGGAACAAACACCTTGTACTTT,252,2,None,None
TTTATGCGTTGTGGCC-1,False,TTTATGCGTTGTGGCC-1_contig_1,False,568,TRB,TRBV12-2+TRBV13-2,None,TRBJ1-2,TRBC1,True,True,CASGGGTGNSDYTF,TGTGCCAGCGGTGGGGGGACAGGGAACTCCGACTACACCTTC,1042,1,None,None
TTTATGCTCGGAGCAA-1,False,TTTATGCTCGGAGCAA-1_contig_1,False,503,TRB,TRBV13-1,None,TRBJ2-3,None,True,True,CASGDSAETLYF,TGTGCCAGCGGGGACAGTGCAGAAACGCTGTATTTT,1824,1,None,None
TTTATGCTCTACCTGC-1,False,TTTATGCTCTACCTGC-1_contig_1,False,549,TRB,TRBV16,None,TRBJ2-5,None,True,True,CASSLGGGQDTQYF,TGTGCAAGCAGCTTAGGGGGGGGCCAAGACACCCAGTACTTT,1706,1,None,None
TTTCCTCAGCCCAATT-1,False,TTTCCTCAGCCCAATT-1_contig_1,True,510,TRA,TRAV6-5,None,TRAJ45,TRAC,True,True,CALIHTEGADRLTF,TGTGCTCTGATCCATACAGAAGGTGCAGATAGACTCACCTTT,2978,2,None,None
TTTCCTCAGCTGCCCA-1,False,TTTCCTCAGCTGCCCA-1_contig_1,False,556,TRA,TRAV19,None,TRAJ39,TRAC,True,True,CAAGGNNAGAKLTF,TGCGCAGCAGGTGGGAATAATGCAGGTGCCAAGCTCACATTC,2416,1,None,None
TTTCCTCAGGCCATAG-1,False,TTTCCTCAGGCCATAG-1_contig_1,False,371,TRB,None,None,TRBJ1-2,TRBC1,False,False,None,None,332,1,None,None
TTTCCTCAGTACTTGC-1,False,TTTCCTCAGTACTTGC-1_contig_1,False,555,TRA,TRAV7-3,None,TRAJ38,TRAC,True,True,CAVSAANVGDNSKLIW,TGTGCAGTGAGCGCGGCGAATGTTGGTGACAACAGTAAGCTGATTTGG,5082,2,None,None
TTTCCTCAGTAGATGT-1,False,TTTCCTCAGTAGATGT-1_contig_1,False,569,TRB,TRBV13-1,None,TRBJ2-2,None,True,False,CASSDPGQLYF,TGTGCCAGCAGTGACCCCGGGCAGCTCTACTTT,1126,1,None,None
TTTCCTCCAAGCGAGT-1,False,TTTCCTCCAAGCGAGT-1_contig_1,False,561,TRB,TRBV12-2+TRBV13-2,None,TRBJ2-7,None,True,True,CASGGLGEQYF,TGTGCCAGCGGTGGCCTGGGGGAACAGTACTTC,1122,1,None,None
TTTCCTCCAATCTACG-1,False,TTTCCTCCAATCTACG-1_contig_1,False,635,TRB,TRBV12-2+TRBV13-2,None,TRBJ1-5,TRBC1,True,True,CASGTGDNQAPLF,TGTGCCAGCGGGACCGGGGACAACCAGGCTCCGCTTTTT,798,1,None,None
TTTCCTCCATTCCTCG-1,False,TTTCCTCCATTCCTCG-1_contig_1,False,514,TRB,None,None,TRBJ1-5,TRBC1,False,False,None,None,1880,1,None,None
TTTCCTCGTATATGGA-1,False,TTTCCTCGTATATGGA-1_contig_1,False,558,TRB,TRBV12-2+TRBV13-2,None,TRBJ1-2,TRBC1,True,True,CASGGGTGNSDYTF,TGTGCCAGCGGTGGGGGGACAGGGAACTCCGACTACACCTTC,920,1,None,None
TTTCCTCGTGCTTCTC-1,False,TTTCCTCGTGCTTCTC-1_contig_1,False,549,TRB,TRBV16,None,TRBJ2-5,None,True,True,CASSLGGGEDTQYF,TGTGCAAGCAGCTTAGGAGGGGGCGAGGACACCCAGTACTTT,1868,1,None,None
TTTCCTCGTGTTCTTT-1,False,TTTCCTCGTGTTCTTT-1_contig_1,False,600,TRB,TRBV12-2+TRBV13-2,None,TRBJ1-2,TRBC1,True,True,CASGGGTGNSDYTF,TGTGCCAGCGGTGGGGGGACAGGGAACTCCGACTACACCTTC,934,1,None,None
TTTCCTCGTTAAGACA-1,False,TTTCCTCGTTAAGACA-1_contig_1,False,370,TRB,None,None,TRBJ1-3,TRBC1,False,False,None,None,1986,1,None,None
TTTCCTCTCGCCCTTA-1,False,TTTCCTCTCGCCCTTA-1_contig_1,False,523,TRA,TRAV14N-3,None,TRAJ6,TRAC,True,True,CAARTSGGNYKPTF,TGTGCAGCAAGAACCTCAGGAGGAAACTACAAACCTACGTTT,2256,1,None,None
TTTCCTCTCGTCACGG-1,False,TTTCCTCTCGTCACGG-1_contig_1,False,504,TRB,TRBV13-1,None,TRBJ2-4,None,True,True,CASSEGTNTLYF,TGTGCCAGCAGTGAAGGAACAAACACCTTGTACTTT,950,1,None,None
TTTCCTCTCGTGGACC-1,False,TTTCCTCTCGTGGACC-1_contig_1,False,568,TRB,TRBV12-2+TRBV13-2,None,TRBJ1-2,TRBC1,True,True,CASGGGTGNSDYTF,TGTGCCAGCGGTGGGGGGACAGGGAACTCCGACTACACCTTC,1004,1,None,None
TTTCCTCTCGTGGGAA-1,False,TTTCCTCTCGTGGGAA-1_contig_1,False,589,TRB,TRBV12-2+TRBV13-2,None,TRBJ1-2,TRBC1,True,True,CASGGGTGNSDYTF,TGTGCCAGCGGTGGGGGGACAGGGAACTCCGACTACACCTTC,2350,2,None,None
TTTCCTCTCGTGGGAA-1,False,TTTCCTCTCGTGGGAA-1_contig_2,False,549,TRA,TRAV8N-2,None,TRAJ13,TRAC,True,True,CATEDSGTYQRF,TGTGCTACTGAGGATTCTGGGACTTACCAGAGGTTT,1852,1,None,None
TTTGCGCAGGACCACA-1,False,TTTGCGCAGGACCACA-1_contig_1,False,529,TRA,TRAV3D-3,None,TRAJ9,TRAC,True,True,CAVMGYKLTF,TGCGCAGTCATGGGCTACAAACTTACCTTC,1776,1,None,None
TTTGCGCAGGCGCTCT-1,False,TTTGCGCAGGCGCTCT-1_contig_1,False,638,TRB,TRBV12-2+TRBV13-2,None,TRBJ1-2,TRBC1,True,True,CASGGGTGNSDYTF,TGTGCCAGCGGTGGGGGGACAGGGAACTCCGACTACACCTTC,1242,1,None,None
TTTGCGCAGGGAGTAA-1,False,TTTGCGCAGGGAGTAA-1_contig_1,False,495,TRB,TRBV12-2+TRBV13-2,None,TRBJ1-5,None,True,True,CASGTGDNQAPLF,TGTGCCAGCGGGACCGGGGACAACCAGGCTCCGCTTTTT,188,1,None,None
TTTGCGCAGGTGCTAG-1,False,TTTGCGCAGGTGCTAG-1_contig_1,False,568,TRB,TRBV12-2+TRBV13-2,None,TRBJ1-2,TRBC1,True,True,CASGGGTGNSDYTF,TGTGCCAGCGGTGGGGGGACAGGGAACTCCGACTACACCTTC,1672,2,None,None
TTTGCGCAGGTTACCT-1,False,TTTGCGCAGGTTACCT-1_contig_1,False,566,TRB,TRBV12-2+TRBV13-2,None,TRBJ1-2,TRBC1,True,True,CASGGGTGNSDYTF,TGTGCCAGCGGTGGGGGGACAGGGAACTCCGACTACACCTTC,826,2,None,None
TTTGCGCAGGTTACCT-1,False,TTTGCGCAGGTTACCT-1_contig_2,True,511,TRA,TRAV3D-3,None,TRAJ28,TRAC,True,False,CTSAQSVRGTGSNRLTF,TGTACTTCTGCGCAGTCAGTGAGGGGCACTGGGAGTAACAGGCTCACTTTT,1758,1,None,None
TTTGCGCAGTGGGTTG-1,False,TTTGCGCAGTGGGTTG-1_contig_1,False,557,TRA,TRAV8N-2,None,TRAJ53,TRAC,True,False,None,None,1260,1,None,None
TTTGCGCAGTTAGGTA-1,False,TTTGCGCAGTTAGGTA-1_contig_1,True,514,Multi,TRDV2-2,None,TRAJ58,TRAC,True,False,CALMEPQGTGSKLSF,TGTGCTCTCATGGAGCCTCAAGGCACTGGGTCTAAGCTGTCATTT,1808,1,None,None
TTTGCGCAGTTAGGTA-1,False,TTTGCGCAGTTAGGTA-1_contig_2,True,437,TRA,TRAV14N-3,None,TRAJ6,TRAC,True,False,CAARTSGGNYKPTF,TGTGCAGCAAGAACCTCAGGAGGAAACTACAAACCTACGTTT,2558,2,None,None
TTTGCGCAGTTAGGTA-1,False,TTTGCGCAGTTAGGTA-1_contig_3,True,394,TRB,None,None,TRBJ2-7,None,False,False,None,None,3140,2,None,None
TTTGCGCCACACGCTG-1,False,TTTGCGCCACACGCTG-1_contig_1,False,558,TRB,TRBV12-2+TRBV13-2,None,TRBJ1-2,TRBC1,True,True,CASGGGTGNSDYTF,TGTGCCAGCGGTGGGGGGACAGGGAACTCCGACTACACCTTC,396,1,None,None
TTTGCGCCACAGAGGT-1,False,TTTGCGCCACAGAGGT-1_contig_1,False,721,TRB,TRBV2,None,TRBJ2-3,None,True,False,None,None,1870,1,None,None
TTTGCGCCAGCCTTTC-1,False,TTTGCGCCAGCCTTTC-1_contig_1,False,556,TRA,TRAV19,None,TRAJ39,TRAC,True,True,CAAGGNNAGAKLTF,TGCGCAGCAGGTGGGAATAATGCAGGTGCCAAGCTCACATTC,144,1,None,None
TTTGCGCCAGCGTAAG-1,False,TTTGCGCCAGCGTAAG-1_contig_1,False,568,TRB,TRBV12-2+TRBV13-2,None,TRBJ1-2,TRBC1,True,True,CASGGGTGNSDYTF,TGTGCCAGCGGTGGGGGGACAGGGAACTCCGACTACACCTTC,608,1,None,None
TTTGCGCCATGGGACA-1,False,TTTGCGCCATGGGACA-1_contig_1,False,505,TRB,TRBV13-1,None,TRBJ2-4,None,True,True,CASSEGTNTLYF,TGTGCCAGCAGTGAAGGAACAAACACCTTGTACTTT,3756,2,None,None
TTTGCGCGTATCACCA-1,False,TTTGCGCGTATCACCA-1_contig_1,False,512,TRB,TRBV13-1,None,TRBJ2-3,None,True,True,CASGDSAETLYF,TGTGCCAGCGGGGACAGTGCAGAAACGCTGTATTTT,1770,1,None,None
TTTGCGCGTCATATCG-1,False,TTTGCGCGTCATATCG-1_contig_1,False,671,TRA,TRAV14N-3,None,TRAJ34,TRAC,True,True,CAASAWANTNKVVF,TGTGCAGCAAGTGCATGGGCCAATACCAACAAAGTCGTCTTT,1034,1,None,None
TTTGCGCTCGGAATCT-1,False,TTTGCGCTCGGAATCT-1_contig_1,False,335,TRB,None,None,TRBJ2-2,None,False,False,None,None,3426,1,None,None
TTTGCGCTCTCGATGA-1,False,TTTGCGCTCTCGATGA-1_contig_1,False,475,TRB,None,None,TRBJ2-7,None,False,False,None,None,1162,2,None,None
TTTGGTTAGCCTATGT-1,False,TTTGGTTAGCCTATGT-1_contig_1,False,565,TRB,TRBV12-2+TRBV13-2,None,TRBJ1-5,TRBC1,True,True,CASGTGDNQAPLF,TGTGCCAGCGGTACAGGGGACAACCAGGCTCCGCTTTTT,1304,1,None,None
TTTGGTTAGTGTTTGC-1,False,TTTGGTTAGTGTTTGC-1_contig_1,False,511,TRB,TRBV13-1,None,TRBJ2-3,None,True,True,CASGDSAETLYF,TGTGCCAGCGGGGACAGTGCAGAAACGCTGTATTTT,110,1,None,None
TTTGGTTCACAGGAGT-1,False,TTTGGTTCACAGGAGT-1_contig_1,False,453,TRA,None,None,TRAJ49,TRAC,False,False,None,None,1706,1,None,None
TTTGGTTGTACCATCA-1,False,TTTGGTTGTACCATCA-1_contig_1,False,498,TRB,TRBV13-1,None,TRBJ2-3,None,True,True,CASGDSAETLYF,TGTGCCAGCGGGGACAGTGCAGAAACGCTGTATTTT,2500,2,None,None
TTTGGTTGTACTTGAC-1,False,TTTGGTTGTACTTGAC-1_contig_1,False,555,TRA,TRAV3-3,None,TRAJ49,TRAC,True,True,CAVSGATGYQNFYF,TGCGCAGTCAGTGGGGCCACGGGTTACCAGAACTTCTATTTT,1182,1,None,None
TTTGGTTGTATTCGTG-1,False,TTTGGTTGTATTCGTG-1_contig_1,False,331,TRB,None,None,TRBJ2-1,None,False,False,None,None,658,1,None,None
TTTGGTTGTCAGAATA-1,False,TTTGGTTGTCAGAATA-1_contig_1,False,570,TRB,TRBV12-2+TRBV13-2,None,TRBJ1-2,TRBC1,True,True,CASGGGTGNSDYTF,TGTGCCAGCGGTGGGGGGACAGGGAACTCCGACTACACCTTC,460,1,None,None
TTTGGTTGTCTGATTG-1,False,TTTGGTTGTCTGATTG-1_contig_1,False,549,TRB,TRBV16,None,TRBJ2-5,None,True,True,CASSLGGGQDTQYF,TGTGCAAGCAGCTTAGGGGGGGGCCAAGACACCCAGTACTTT,1328,1,None,None
TTTGGTTGTGATGTCT-1,False,TTTGGTTGTGATGTCT-1_contig_1,False,620,TRB,TRBV12-2+TRBV13-2,None,TRBJ1-2,TRBC1,True,True,CASGGGTGNSDYTF,TGTGCCAGCGGTGGGGGGACAGGGAACTCCGACTACACCTTC,2744,2,None,None
TTTGGTTGTGTGCGTC-1,False,TTTGGTTGTGTGCGTC-1_contig_1,True,318,TRB,None,None,TRBJ2-7,None,False,False,None,None,1368,2,None,None
TTTGGTTTCAATCTCT-1,False,TTTGGTTTCAATCTCT-1_contig_1,False,556,TRB,TRBV12-2+TRBV13-2,None,TRBJ2-7,None,True,True,CASGGLGEQYF,TGTGCCAGCGGTGGCCTGGGGGAACAGTACTTC,1428,1,None,None
TTTGGTTTCACCTCGT-1,False,TTTGGTTTCACCTCGT-1_contig_1,False,515,TRB,TRBV13-1,None,TRBJ2-1,None,True,True,CASSGGDYAEQFF,TGTGCCAGCAGTGGGGGGGACTATGCTGAGCAGTTCTTC,350,1,None,None
TTTGGTTTCAGTTAGC-1,False,TTTGGTTTCAGTTAGC-1_contig_1,False,410,TRA,TRAV16D-DV11,None,TRAJ26,TRAC,True,False,None,None,2958,1,None,None
TTTGGTTTCCAAAGTC-1,False,TTTGGTTTCCAAAGTC-1_contig_1,False,543,TRA,TRAV19,None,TRAJ39,TRAC,True,True,CAAGGNNAGAKLTF,TGCGCAGCAGGTGGGAATAATGCAGGTGCCAAGCTCACATTC,5150,3,None,None
TTTGGTTTCCAAAGTC-1,False,TTTGGTTTCCAAAGTC-1_contig_2,False,566,TRB,TRBV12-2+TRBV13-2,None,TRBJ1-2,TRBC1,True,True,CASGGGTGNSDYTF,TGTGCCAGCGGTGGGGGGACAGGGAACTCCGACTACACCTTC,790,1,None,None
TTTGGTTTCCACGTGG-1,False,TTTGGTTTCCACGTGG-1_contig_1,False,561,TRA,TRAV13D-2,None,TRAJ11,TRAC,True,True,CAIDLDSGYNKLTF,TGTGCTATAGATCTTGACTCGGGATACAACAAACTCACTTTT,1788,1,None,None
TTTGGTTTCCGCGGTA-1,False,TTTGGTTTCCGCGGTA-1_contig_1,False,566,TRB,TRBV12-2+TRBV13-2,None,TRBJ1-2,TRBC1,True,True,CASGGGTGNSDYTF,TGTGCCAGCGGTGGGGGGACAGGGAACTCCGACTACACCTTC,1400,1,None,None
TTTGGTTTCGAGGTAG-1,False,TTTGGTTTCGAGGTAG-1_contig_1,False,549,TRB,TRBV16,None,TRBJ2-5,None,True,True,CASSFGGGQDTQYF,TGTGCAAGCAGCTTTGGGGGGGGCCAAGACACCCAGTACTTT,1012,1,None,None
TTTGGTTTCTACTATC-1,False,TTTGGTTTCTACTATC-1_contig_1,False,568,TRB,TRBV12-2+TRBV13-2,None,TRBJ1-2,TRBC1,True,True,CASGGGTGNSDYTF,TGTGCCAGCGGTGGGGGGACAGGGAACTCCGACTACACCTTC,1182,1,None,None
TTTGGTTTCTGTGCAA-1,False,TTTGGTTTCTGTGCAA-1_contig_1,False,560,TRA,TRAV16D-DV11,None,TRAJ22,TRAC,True,True,CAMRASSGSWQLIF,TGTGCTATGAGGGCATCTTCTGGCAGCTGGCAACTCATCTTT,2100,1,None,None
TTTGTCAAGAATAGGG-1,False,TTTGTCAAGAATAGGG-1_contig_1,False,544,TRA,TRAV8-1,None,TRAJ30,TRAC,True,True,CATDTNAYKVIF,TGTGCTACTGACACAAATGCTTACAAAGTCATCTTT,2186,1,None,None
TTTGTCAAGATACACA-1,False,TTTGTCAAGATACACA-1_contig_1,False,534,TRA,TRAV2,None,TRAJ23,TRAC,True,True,CIVTGNYNQGKLIF,TGCATTGTGACTGGGAATTATAACCAGGGGAAGCTTATCTTT,42,1,None,None
TTTGTCAAGATCGATA-1,False,TTTGTCAAGATCGATA-1_contig_1,False,541,TRA,TRAV8D-1,None,TRAJ30,TRAC,True,True,CATDTNAYKVIF,TGTGCTACTGACACAAATGCTTACAAAGTCATCTTT,1826,3,None,None
TTTGTCAAGCAGATCG-1,False,TTTGTCAAGCAGATCG-1_contig_1,False,636,TRB,TRBV12-2+TRBV13-2,None,TRBJ1-2,TRBC1,True,True,CASGGGTGNSDYTF,TGTGCCAGCGGTGGGGGGACAGGGAACTCCGACTACACCTTC,1702,1,None,None
TTTGTCAAGCTGCGAA-1,False,TTTGTCAAGCTGCGAA-1_contig_1,False,549,TRB,TRBV16,None,TRBJ2-7,None,True,True,CASSLGGGLDEQYF,TGTGCAAGCAGCTTAGGGGGGGGGCTCGATGAACAGTACTTC,1114,1,None,None
TTTGTCAAGGCTCAGA-1,False,TTTGTCAAGGCTCAGA-1_contig_1,False,509,TRB,TRBV13-1,None,TRBJ2-7,None,True,True,CASSGPLEQYF,TGTGCCAGCAGTGGGCCCCTGGAACAGTACTTC,2058,1,None,None
TTTGTCAAGGCTCAGA-1,False,TTTGTCAAGGCTCAGA-1_contig_2,False,568,TRB,TRBV12-2+TRBV13-2,None,TRBJ1-2,TRBC1,True,True,CASGGQGPDYTF,TGTGCCAGCGGGGGACAGGGACCCGACTACACCTTC,1156,1,None,None
TTTGTCAAGGGTGTTG-1,False,TTTGTCAAGGGTGTTG-1_contig_1,False,528,TRA,TRAV16,None,TRAJ48,TRAC,True,True,CAMRESNYGNEKITF,TGTGCTATGAGAGAGAGCAACTATGGAAATGAGAAAATAACTTTT,2292,1,None,None
TTTGTCAAGGGTGTTG-1,False,TTTGTCAAGGGTGTTG-1_contig_2,False,539,TRA,TRAV15D-1-DV6D-1,None,TRAJ40,TRAC,True,True,CALWERPNTGNYKYVF,TGTGCTCTCTGGGAGCGCCCAAATACAGGAAACTACAAATACGTCTTT,2556,2,None,None
TTTGTCACATTCGACA-1,False,TTTGTCACATTCGACA-1_contig_1,False,506,TRA,TRAV16D-DV11,None,TRAJ9,TRAC,True,True,CAMRESNMGYKLTF,TGTGCTATGAGAGAGAGCAACATGGGCTACAAACTTACCTTC,2216,2,None,None
TTTGTCACATTCGACA-1,False,TTTGTCACATTCGACA-1_contig_2,False,539,TRB,TRBV20,None,TRBJ1-6,TRBC1,True,True,CADRSYNSPLYF,TGTGCCGACAGGTCCTATAATTCGCCCCTCTACTTT,842,1,None,None
TTTGTCACATTCGACA-1,False,TTTGTCACATTCGACA-1_contig_3,True,359,TRB,None,None,TRBJ2-1,None,False,False,None,None,2452,1,None,None
TTTGTCAGTATGGTTC-1,False,TTTGTCAGTATGGTTC-1_contig_1,False,556,TRA,TRAV19,None,TRAJ39,TRAC,True,True,CAAGGNNAGAKLTF,TGCGCAGCAGGTGGGAATAATGCAGGTGCCAAGCTCACATTC,1510,1,None,None
TTTGTCAGTCTCCCTA-1,False,TTTGTCAGTCTCCCTA-1_contig_1,False,536,TRA,TRAV8D-1,None,TRAJ30,TRAC,True,True,CATDTNAYKVIF,TGTGCTACTGACACAAATGCTTACAAAGTCATCTTT,1848,1,None,None
TTTGTCAGTCTGCAAT-1,False,TTTGTCAGTCTGCAAT-1_contig_1,False,549,TRA,TRAV8N-2,None,TRAJ13,TRAC,True,True,CATEDSGTYQRF,TGTGCTACTGAGGATTCTGGGACTTACCAGAGGTTT,2442,1,None,None
TTTGTCAGTGGCAAAC-1,False,TTTGTCAGTGGCAAAC-1_contig_1,False,366,TRB,None,None,TRBJ1-2,TRBC1,False,False,None,None,1166,1,None,None
TTTGTCAGTGTTAAGA-1,False,TTTGTCAGTGTTAAGA-1_contig_1,False,637,TRB,TRBV12-2+TRBV13-2,None,TRBJ1-5,TRBC1,True,True,CASGTGDNQAPLF,TGTGCCAGCGGTACAGGAGACAACCAGGCTCCGCTTTTT,1340,1,None,None
TTTGTCATCACAATGC-1,False,TTTGTCATCACAATGC-1_contig_1,False,560,TRB,TRBV12-2+TRBV13-2,None,TRBJ1-2,TRBC1,True,True,CASGGGTGNSDYTF,TGTGCCAGCGGTGGGGGGACAGGGAACTCCGACTACACCTTC,986,1,None,None
TTTGTCATCACAATGC-1,False,TTTGTCATCACAATGC-1_contig_2,False,525,TRA,TRAV7N-6,None,TRAJ30,TRAC,True,True,CAVVDTNAYKVIF,TGTGCAGTGGTTGACACAAATGCTTACAAAGTCATCTTT,1538,1,None,None
TTTGTCATCATCTGCC-1,False,TTTGTCATCATCTGCC-1_contig_1,False,516,TRA,TRAV19,None,TRAJ39,TRAC,True,True,CAAGGNNAGAKLTF,TGCGCAGCAGGTGGGAATAATGCAGGTGCCAAGCTCACATTC,836,1,None,None
TTTGTCATCATTGCGA-1,False,TTTGTCATCATTGCGA-1_contig_1,False,525,TRB,TRBV17,None,TRBJ2-5,None,True,True,CASSRKGSQDTQYF,TGTGCTAGCAGTAGAAAGGGTTCTCAAGACACCCAGTACTTT,2982,1,None,None
TTTGTCATCCACGTTC-1,False,TTTGTCATCCACGTTC-1_contig_1,False,549,TRB,TRBV16,None,TRBJ2-5,None,True,True,CASSFGGGEDTQYF,TGTGCAAGCAGCTTTGGGGGGGGGGAAGACACCCAGTACTTT,1110,1,None,None
TTTGTCATCGCCTGAG-1,False,TTTGTCATCGCCTGAG-1_contig_1,False,538,TRA,TRAV8-1,None,TRAJ22,TRAC,True,True,CATDASSGSWQLIF,TGTGCTACTGATGCGTCTTCTGGCAGCTGGCAACTCATCTTT,1464,2,None,None
TTTGTCATCGCTTAGA-1,False,TTTGTCATCGCTTAGA-1_contig_1,False,560,TRB,TRBV12-2+TRBV13-2,None,TRBJ2-1,None,True,True,CASEAAYAEQFF,TGTGCCAGCGAAGCAGCCTATGCTGAGCAGTTCTTC,448,1,None,None
